ma_truong,ten_truong,ma_nganh,ten_nganh,ma_to_hop,nam,diem_chuan,chi_tieu,phuong_thuc
ANH,Học Viện An Ninh Nhân Dân,7480201_Nam,Ngành Công nghệ thông tin (Thí sinh Nam),A00,2025,21.98,,THPT
ANH,Học Viện An Ninh Nhân Dân,7480201_Nam,Ngành Công nghệ thông tin (Thí sinh Nam),A01,2025,21.98,,THPT
ANH,Học Viện An Ninh Nhân Dân,7860100_Nam_1,"Ngành Nghiệp vụ an ninh (Thí sinh Nam, vùng 1)",A00,2025,23.05,,THPT
ANH,Học Viện An Ninh Nhân Dân,7860100_Nam_1,"Ngành Nghiệp vụ an ninh (Thí sinh Nam, vùng 1)",A01,2025,23.05,,THPT
ANH,Học Viện An Ninh Nhân Dân,7860100_Nam_1,"Ngành Nghiệp vụ an ninh (Thí sinh Nam, vùng 1)",D01,2025,23.05,,THPT
ANH,Học Viện An Ninh Nhân Dân,7860100_Nam_2,"Ngành Nghiệp vụ an ninh (Thí sinh Nam, vùng 2)",A00,2025,24.63,,THPT
ANH,Học Viện An Ninh Nhân Dân,7860100_Nam_2,"Ngành Nghiệp vụ an ninh (Thí sinh Nam, vùng 2)",A01,2025,24.63,,THPT
ANH,Học Viện An Ninh Nhân Dân,7860100_Nam_2,"Ngành Nghiệp vụ an ninh (Thí sinh Nam, vùng 2)",D01,2025,24.63,,THPT
ANH,Học Viện An Ninh Nhân Dân,7860100_Nam_3,"Ngành Nghiệp vụ an ninh (Thí sinh Nam, vùng 3)",A00,2025,23.03,,THPT
ANH,Học Viện An Ninh Nhân Dân,7860100_Nam_3,"Ngành Nghiệp vụ an ninh (Thí sinh Nam, vùng 3)",A01,2025,23.03,,THPT
ANH,Học Viện An Ninh Nhân Dân,7860100_Nam_3,"Ngành Nghiệp vụ an ninh (Thí sinh Nam, vùng 3)",D01,2025,23.03,,THPT
ANH,Học Viện An Ninh Nhân Dân,7860100_Nam_8,"Ngành Nghiệp vụ an ninh (Thí sinh Nam, vùng 8)",A00,2025,18.78,,THPT
ANH,Học Viện An Ninh Nhân Dân,7860100_Nam_8,"Ngành Nghiệp vụ an ninh (Thí sinh Nam, vùng 8)",A01,2025,18.78,,THPT
ANH,Học Viện An Ninh Nhân Dân,7860100_Nam_8,"Ngành Nghiệp vụ an ninh (Thí sinh Nam, vùng 8)",D01,2025,18.78,,THPT
ANH,Học Viện An Ninh Nhân Dân,7860100_Nu_1,"Ngành Nghiệp vụ an ninh (Thí sinh Nữ, vùng 1)",A00,2025,25.58,,THPT
ANH,Học Viện An Ninh Nhân Dân,7860100_Nu_1,"Ngành Nghiệp vụ an ninh (Thí sinh Nữ, vùng 1)",A01,2025,25.58,,THPT
ANH,Học Viện An Ninh Nhân Dân,7860100_Nu_1,"Ngành Nghiệp vụ an ninh (Thí sinh Nữ, vùng 1)",D01,2025,25.58,,THPT
ANH,Học Viện An Ninh Nhân Dân,7860100_Nu_2,"Ngành Nghiệp vụ an ninh (Thí sinh Nữ, vùng 2)",A00,2025,26.09,,THPT
ANH,Học Viện An Ninh Nhân Dân,7860100_Nu_2,"Ngành Nghiệp vụ an ninh (Thí sinh Nữ, vùng 2)",A01,2025,26.09,,THPT
ANH,Học Viện An Ninh Nhân Dân,7860100_Nu_2,"Ngành Nghiệp vụ an ninh (Thí sinh Nữ, vùng 2)",D01,2025,26.09,,THPT
ANH,Học Viện An Ninh Nhân Dân,7860100_Nu_3,"Ngành Nghiệp vụ an ninh (Thí sinh Nữ, vùng 3)",A00,2025,26.27,,THPT
ANH,Học Viện An Ninh Nhân Dân,7860100_Nu_3,"Ngành Nghiệp vụ an ninh (Thí sinh Nữ, vùng 3)",A01,2025,26.27,,THPT
ANH,Học Viện An Ninh Nhân Dân,7860100_Nu_3,"Ngành Nghiệp vụ an ninh (Thí sinh Nữ, vùng 3)",D01,2025,26.27,,THPT
ANH,Học Viện An Ninh Nhân Dân,7860100_Nu_8,"Ngành Nghiệp vụ an ninh (Thí sinh Nữ, vùng 8)",A00,2025,19.63,,THPT
ANH,Học Viện An Ninh Nhân Dân,7860100_Nu_8,"Ngành Nghiệp vụ an ninh (Thí sinh Nữ, vùng 8)",A01,2025,19.63,,THPT
ANH,Học Viện An Ninh Nhân Dân,7860100_Nu_8,"Ngành Nghiệp vụ an ninh (Thí sinh Nữ, vùng 8)",D01,2025,19.63,,THPT
ANH,Học Viện An Ninh Nhân Dân,7860114_Nam_B,"Ngành An ninh mạng và phòng chống tội phạm công nghệ cao (Thí sinh Nam, miền Bắc)",A00,2025,24.48,,THPT
ANH,Học Viện An Ninh Nhân Dân,7860114_Nam_B,"Ngành An ninh mạng và phòng chống tội phạm công nghệ cao (Thí sinh Nam, miền Bắc)",A01,2025,24.48,,THPT
ANH,Học Viện An Ninh Nhân Dân,7860114_Nam_N,"Ngành An ninh mạng và phòng chống tội phạm công nghệ cao (Thí sinh Nam, miền Nam)",A00,2025,20.63,,THPT
ANH,Học Viện An Ninh Nhân Dân,7860114_Nam_N,"Ngành An ninh mạng và phòng chống tội phạm công nghệ cao (Thí sinh Nam, miền Nam)",A01,2025,20.63,,THPT
ANH,Học Viện An Ninh Nhân Dân,7860114_Nu_B,"Ngành An ninh mạng và phòng chống tội phạm công nghệ cao (Thí sinh Nữ, miền Bắc)",A00,2025,24.69,,THPT
ANH,Học Viện An Ninh Nhân Dân,7860114_Nu_B,"Ngành An ninh mạng và phòng chống tội phạm công nghệ cao (Thí sinh Nữ, miền Bắc)",A01,2025,24.69,,THPT
ANH,Học Viện An Ninh Nhân Dân,7860114_Nu_N,"Ngành An ninh mạng và phòng chống tội phạm công nghệ cao (Thí sinh Nữ, miền Nam)",A00,2025,24.15,,THPT
ANH,Học Viện An Ninh Nhân Dân,7860114_Nu_N,"Ngành An ninh mạng và phòng chống tội phạm công nghệ cao (Thí sinh Nữ, miền Nam)",A01,2025,24.15,,THPT
ANS,Trường Đại Học An Ninh Nhân Dân,7860100_Nam_4,"Nghiệp vụ An ninh (Thí sinh Nam, vùng 4)",A00,2025,22.68,,THPT
ANS,Trường Đại Học An Ninh Nhân Dân,7860100_Nam_4,"Nghiệp vụ An ninh (Thí sinh Nam, vùng 4)",A01,2025,22.68,,THPT
ANS,Trường Đại Học An Ninh Nhân Dân,7860100_Nam_4,"Nghiệp vụ An ninh (Thí sinh Nam, vùng 4)",D01,2025,22.68,,THPT
ANS,Trường Đại Học An Ninh Nhân Dân,7860100_Nam_5,"Nghiệp vụ An ninh (Thí sinh Nam, vùng 5)",A00,2025,23.48,,THPT
ANS,Trường Đại Học An Ninh Nhân Dân,7860100_Nam_5,"Nghiệp vụ An ninh (Thí sinh Nam, vùng 5)",A01,2025,23.48,,THPT
ANS,Trường Đại Học An Ninh Nhân Dân,7860100_Nam_5,"Nghiệp vụ An ninh (Thí sinh Nam, vùng 5)",D01,2025,23.48,,THPT
ANS,Trường Đại Học An Ninh Nhân Dân,7860100_Nam_6,"Nghiệp vụ An ninh (Thí sinh Nam, vùng 6)",A00,2025,23.28,,THPT
ANS,Trường Đại Học An Ninh Nhân Dân,7860100_Nam_6,"Nghiệp vụ An ninh (Thí sinh Nam, vùng 6)",A01,2025,23.28,,THPT
ANS,Trường Đại Học An Ninh Nhân Dân,7860100_Nam_6,"Nghiệp vụ An ninh (Thí sinh Nam, vùng 6)",D01,2025,23.28,,THPT
ANS,Trường Đại Học An Ninh Nhân Dân,7860100_Nam_7,"Nghiệp vụ An ninh (Thí sinh Nam, vùng 7)",A00,2025,22.47,,THPT
ANS,Trường Đại Học An Ninh Nhân Dân,7860100_Nam_7,"Nghiệp vụ An ninh (Thí sinh Nam, vùng 7)",A01,2025,22.47,,THPT
ANS,Trường Đại Học An Ninh Nhân Dân,7860100_Nam_7,"Nghiệp vụ An ninh (Thí sinh Nam, vùng 7)",D01,2025,22.47,,THPT
ANS,Trường Đại Học An Ninh Nhân Dân,7860100_Nam_8,"Nghiệp vụ An ninh (Thí sinh Nam, vùng 8)",A00,2025,17.66,,THPT
ANS,Trường Đại Học An Ninh Nhân Dân,7860100_Nam_8,"Nghiệp vụ An ninh (Thí sinh Nam, vùng 8)",A01,2025,17.66,,THPT
ANS,Trường Đại Học An Ninh Nhân Dân,7860100_Nam_8,"Nghiệp vụ An ninh (Thí sinh Nam, vùng 8)",D01,2025,17.66,,THPT
ANS,Trường Đại Học An Ninh Nhân Dân,7860100_Nu_4,"Nghiệp vụ An ninh (Thí sinh Nữ, vùng 4)",A00,2025,26.05,,THPT
ANS,Trường Đại Học An Ninh Nhân Dân,7860100_Nu_4,"Nghiệp vụ An ninh (Thí sinh Nữ, vùng 4)",A01,2025,26.05,,THPT
ANS,Trường Đại Học An Ninh Nhân Dân,7860100_Nu_4,"Nghiệp vụ An ninh (Thí sinh Nữ, vùng 4)",D01,2025,26.05,,THPT
ANS,Trường Đại Học An Ninh Nhân Dân,7860100_Nu_5,"Nghiệp vụ An ninh (Thí sinh Nữ, vùng 5)",A00,2025,25.33,,THPT
ANS,Trường Đại Học An Ninh Nhân Dân,7860100_Nu_5,"Nghiệp vụ An ninh (Thí sinh Nữ, vùng 5)",A01,2025,25.33,,THPT
ANS,Trường Đại Học An Ninh Nhân Dân,7860100_Nu_5,"Nghiệp vụ An ninh (Thí sinh Nữ, vùng 5)",D01,2025,25.33,,THPT
ANS,Trường Đại Học An Ninh Nhân Dân,7860100_Nu_6,"Nghiệp vụ An ninh (Thí sinh Nữ, vùng 6)",A00,2025,25.83,,THPT
ANS,Trường Đại Học An Ninh Nhân Dân,7860100_Nu_6,"Nghiệp vụ An ninh (Thí sinh Nữ, vùng 6)",A01,2025,25.83,,THPT
ANS,Trường Đại Học An Ninh Nhân Dân,7860100_Nu_6,"Nghiệp vụ An ninh (Thí sinh Nữ, vùng 6)",D01,2025,25.83,,THPT
ANS,Trường Đại Học An Ninh Nhân Dân,7860100_Nu_7,"Nghiệp vụ An ninh (Thí sinh Nữ, vùng 7)",A00,2025,25.28,,THPT
ANS,Trường Đại Học An Ninh Nhân Dân,7860100_Nu_7,"Nghiệp vụ An ninh (Thí sinh Nữ, vùng 7)",A01,2025,25.28,,THPT
ANS,Trường Đại Học An Ninh Nhân Dân,7860100_Nu_7,"Nghiệp vụ An ninh (Thí sinh Nữ, vùng 7)",D01,2025,25.28,,THPT
ANS,Trường Đại Học An Ninh Nhân Dân,7860100_Nu_8,"Nghiệp vụ An ninh (Thí sinh Nữ, vùng 8)",A00,2025,19.46,,THPT
ANS,Trường Đại Học An Ninh Nhân Dân,7860100_Nu_8,"Nghiệp vụ An ninh (Thí sinh Nữ, vùng 8)",A01,2025,19.46,,THPT
ANS,Trường Đại Học An Ninh Nhân Dân,7860100_Nu_8,"Nghiệp vụ An ninh (Thí sinh Nữ, vùng 8)",D01,2025,19.46,,THPT
BKA,Đại học Bách khoa Hà Nội,BF-E12,Chương trình tiên tiến Kỹ thuật Thực phẩm,A00,2025,21.0,,THPT
BKA,Đại Học Bách Khoa Hà Nội,BF-E12,Kỹ thuật Thực phẩm (CT tiên tiến),A00,2025,21.0,,THPT
BKA,Đại Học Bách Khoa Hà Nội,BF-E12,Kỹ thuật Thực phẩm (CT tiên tiến),B00,2025,21.0,,THPT
BKA,Đại học Bách khoa Hà Nội,BF-E12,Chương trình tiên tiến Kỹ thuật Thực phẩm,B00,2025,21.0,,THPT
BKA,Đại Học Bách Khoa Hà Nội,BF-E12,Kỹ thuật Thực phẩm (CT tiên tiến),D07,2025,21.0,,THPT
BKA,Đại học Bách khoa Hà Nội,BF-E12,Chương trình tiên tiến Kỹ thuật Thực phẩm,D07,2025,21.0,,THPT
BKA,Đại học Bách khoa Hà Nội,BF-E19,Kỹ thuật sinh học chương trình Tiên tiến,A00,2025,20.0,,THPT
BKA,Đại Học Bách Khoa Hà Nội,BF-E19,Kỹ thuật sinh học (CT tiên tiến),A00,2025,20.0,,THPT
BKA,Đại Học Bách Khoa Hà Nội,BF-E19,Kỹ thuật sinh học (CT tiên tiến),B00,2025,20.0,,THPT
BKA,Đại học Bách khoa Hà Nội,BF-E19,Kỹ thuật sinh học chương trình Tiên tiến,B00,2025,20.0,,THPT
BKA,Đại Học Bách Khoa Hà Nội,BF-E19,Kỹ thuật sinh học (CT tiên tiến),D07,2025,20.0,,THPT
BKA,Đại học Bách khoa Hà Nội,BF-E19,Kỹ thuật sinh học chương trình Tiên tiến,D07,2025,20.0,,THPT
BKA,Đại học Bách khoa Hà Nội,BF1,Kỹ thuật Sinh học,A00,2025,23.02,,THPT
BKA,Đại Học Bách Khoa Hà Nội,BF1,Kỹ thuật Sinh học,A00,2025,23.02,,THPT
BKA,Đại Học Bách Khoa Hà Nội,BF1,Kỹ thuật Sinh học,B00,2025,23.02,,THPT
BKA,Đại học Bách khoa Hà Nội,BF1,Kỹ thuật Sinh học,B00,2025,23.02,,THPT
BKA,Đại Học Bách Khoa Hà Nội,BF1,Kỹ thuật Sinh học,D07,2025,23.02,,THPT
BKA,Đại học Bách khoa Hà Nội,BF1,Kỹ thuật Sinh học,D07,2025,23.02,,THPT
BKA,Đại học Bách khoa Hà Nội,BF2,Kỹ thuật Thực phẩm,A00,2025,23.38,,THPT
BKA,Đại Học Bách Khoa Hà Nội,BF2,Kỹ thuật Thực phẩm,A00,2025,23.38,,THPT
BKA,Đại Học Bách Khoa Hà Nội,BF2,Kỹ thuật Thực phẩm,B00,2025,23.38,,THPT
BKA,Đại học Bách khoa Hà Nội,BF2,Kỹ thuật Thực phẩm,B00,2025,23.38,,THPT
BKA,Đại Học Bách Khoa Hà Nội,BF2,Kỹ thuật Thực phẩm,D07,2025,23.38,,THPT
BKA,Đại học Bách khoa Hà Nội,BF2,Kỹ thuật Thực phẩm,D07,2025,23.38,,THPT
BKA,Đại học Bách khoa Hà Nội,CH-E11,Chương trình tiên tiến Kỹ thuật Hóa dược,A00,2025,21.38,,THPT
BKA,Đại Học Bách Khoa Hà Nội,CH-E11,Kỹ thuật Hóa dược (CT tiên tiến),A00,2025,21.38,,THPT
BKA,Đại Học Bách Khoa Hà Nội,CH-E11,Kỹ thuật Hóa dược (CT tiên tiến),B00,2025,21.38,,THPT
BKA,Đại học Bách khoa Hà Nội,CH-E11,Chương trình tiên tiến Kỹ thuật Hóa dược,B00,2025,21.38,,THPT
BKA,Đại Học Bách Khoa Hà Nội,CH-E11,Kỹ thuật Hóa dược (CT tiên tiến),D07,2025,21.38,,THPT
BKA,Đại học Bách khoa Hà Nội,CH-E11,Chương trình tiên tiến Kỹ thuật Hóa dược,D07,2025,21.38,,THPT
BKA,Đại học Bách khoa Hà Nội,CH1,Kỹ thuật Hóa học,A00,2025,24.05,,THPT
BKA,Đại Học Bách Khoa Hà Nội,CH1,Kỹ thuật Hoá học,A00,2025,24.05,,THPT
BKA,Đại Học Bách Khoa Hà Nội,CH1,Kỹ thuật Hoá học,B00,2025,24.05,,THPT
BKA,Đại học Bách khoa Hà Nội,CH1,Kỹ thuật Hóa học,B00,2025,24.05,,THPT
BKA,Đại Học Bách Khoa Hà Nội,CH1,Kỹ thuật Hoá học,D07,2025,24.05,,THPT
BKA,Đại học Bách khoa Hà Nội,CH1,Kỹ thuật Hóa học,D07,2025,24.05,,THPT
BKA,Đại học Bách khoa Hà Nội,CH2,Hóa học,A00,2025,23.19,,THPT
BKA,Đại Học Bách Khoa Hà Nội,CH2,Hoá học,A00,2025,23.19,,THPT
BKA,Đại Học Bách Khoa Hà Nội,CH2,Hoá học,B00,2025,23.19,,THPT
BKA,Đại học Bách khoa Hà Nội,CH2,Hóa học,B00,2025,23.19,,THPT
BKA,Đại Học Bách Khoa Hà Nội,CH2,Hoá học,D07,2025,23.19,,THPT
BKA,Đại học Bách khoa Hà Nội,CH2,Hóa học,D07,2025,23.19,,THPT
BKA,Đại học Bách khoa Hà Nội,ED2,Công nghệ giáo dục,A00,2025,23.3,,THPT
BKA,Đại Học Bách Khoa Hà Nội,ED2,Công nghệ giáo dục,A00,2025,23.8,,THPT
BKA,Đại Học Bách Khoa Hà Nội,ED2,Công nghệ giáo dục,A01,2025,23.8,,THPT
BKA,Đại học Bách khoa Hà Nội,ED2,Công nghệ giáo dục,B00,2025,23.3,,THPT
BKA,Đại Học Bách Khoa Hà Nội,ED2,Công nghệ giáo dục,D01,2025,23.8,,THPT
BKA,Đại học Bách khoa Hà Nội,ED2,Công nghệ giáo dục,D07,2025,23.3,,THPT
BKA,Đại học Bách khoa Hà Nội,ED3,Quản lý giáo dục,A00,2025,23.2,,THPT
BKA,Đại Học Bách Khoa Hà Nội,ED3,Quản lý giáo dục,A00,2025,23.7,,THPT
BKA,Đại Học Bách Khoa Hà Nội,ED3,Quản lý giáo dục,A01,2025,23.7,,THPT
BKA,Đại học Bách khoa Hà Nội,ED3,Quản lý giáo dục,A01,2025,23.2,,THPT
BKA,Đại học Bách khoa Hà Nội,ED3,Quản lý giáo dục,D01,2025,23.2,,THPT
BKA,Đại học Bách khoa Hà Nội,EE-E18,Chương trình tiên tiến Hệ thống điện và năng lượng tái tạo,A00,2025,26.56,,THPT
BKA,Đại Học Bách Khoa Hà Nội,EE-E18,Hệ thống điện và năng lượng tái tạo (CT tiên tiến),A00,2025,26.56,,THPT
BKA,Đại Học Bách Khoa Hà Nội,EE-E18,Hệ thống điện và năng lượng tái tạo (CT tiên tiến),A01,2025,26.56,,THPT
BKA,Đại học Bách khoa Hà Nội,EE-E18,Chương trình tiên tiến Hệ thống điện và năng lượng tái tạo,A01,2025,26.56,,THPT
BKA,Đại học Bách khoa Hà Nội,EE-E8,Chương trình tiên tiến Điều khiển - Tự động hóa và Hệ thống điện,A00,2025,28.12,,THPT
BKA,Đại Học Bách Khoa Hà Nội,EE-E8,Kỹ thuật Điều khiển - Tự động hoá (CT tiên tiến),A00,2025,28.12,,THPT
BKA,Đại Học Bách Khoa Hà Nội,EE-E8,Kỹ thuật Điều khiển - Tự động hoá (CT tiên tiến),A01,2025,28.12,,THPT
BKA,Đại học Bách khoa Hà Nội,EE-E8,Chương trình tiên tiến Điều khiển - Tự động hóa và Hệ thống điện,A01,2025,28.12,,THPT
BKA,Đại học Bách khoa Hà Nội,EE-EP,Tin học công nghiệp và Tự động hóa (Chương trình Việt - Pháp PFIEV),A00,2025,27.27,,THPT
BKA,Đại Học Bách Khoa Hà Nội,EE-EP,Tin học công nghiệp và Tự động hóa (Chương trình Việt - Pháp PFIEV),A00,2025,27.27,,THPT
BKA,Đại Học Bách Khoa Hà Nội,EE-EP,Tin học công nghiệp và Tự động hóa (Chương trình Việt - Pháp PFIEV),A01,2025,27.27,,THPT
BKA,Đại học Bách khoa Hà Nội,EE-EP,Tin học công nghiệp và Tự động hóa (Chương trình Việt - Pháp PFIEV),A01,2025,27.27,,THPT
BKA,Đại học Bách khoa Hà Nội,EE1,Kỹ thuật Điện,A00,2025,27.55,,THPT
BKA,Đại Học Bách Khoa Hà Nội,EE1,Kỹ thuật Điện,A00,2025,27.55,,THPT
BKA,Đại Học Bách Khoa Hà Nội,EE1,Kỹ thuật Điện,A01,2025,27.55,,THPT
BKA,Đại học Bách khoa Hà Nội,EE1,Kỹ thuật Điện,A01,2025,27.55,,THPT
BKA,Đại học Bách khoa Hà Nội,EE2,Kỹ thuật Điều khiển - Tự động hóa,A00,2025,28.48,,THPT
BKA,Đại Học Bách Khoa Hà Nội,EE2,Kỹ thuật Điều khiển - Tự động hoá,A00,2025,28.48,,THPT
BKA,Đại Học Bách Khoa Hà Nội,EE2,Kỹ thuật Điều khiển - Tự động hoá,A01,2025,28.48,,THPT
BKA,Đại học Bách khoa Hà Nội,EE2,Kỹ thuật Điều khiển - Tự động hóa,A01,2025,28.48,,THPT
BKA,Đại học Bách khoa Hà Nội,EM-E13,Chương trình tiên tiến Phân tích kinh doanh,A01,2025,23.06,,THPT
BKA,Đại Học Bách Khoa Hà Nội,EM-E13,Phân tích kinh doanh (CT tiên tiến),A01,2025,23.56,,THPT
BKA,Đại học Bách khoa Hà Nội,EM-E13,Chương trình tiên tiến Phân tích kinh doanh,D01,2025,23.06,,THPT
BKA,Đại Học Bách Khoa Hà Nội,EM-E13,Phân tích kinh doanh (CT tiên tiến),D07,2025,23.56,,THPT
BKA,Đại học Bách khoa Hà Nội,EM-E13,Chương trình tiên tiến Phân tích kinh doanh,D07,2025,23.06,,THPT
BKA,Đại học Bách khoa Hà Nội,EM-E14,Chương trình tiên tiến Logistics và Quản lý chuỗi cung ứng,A01,2025,23.71,,THPT
BKA,Đại Học Bách Khoa Hà Nội,EM-E14,Logistics và Quản lý chuỗi cung ứng (CT tiên tiến),A01,2025,24.21,,THPT
BKA,Đại học Bách khoa Hà Nội,EM-E14,Chương trình tiên tiến Logistics và Quản lý chuỗi cung ứng,D01,2025,23.71,,THPT
BKA,Đại Học Bách Khoa Hà Nội,EM-E14,Logistics và Quản lý chuỗi cung ứng (CT tiên tiến),D07,2025,24.21,,THPT
BKA,Đại học Bách khoa Hà Nội,EM-E14,Chương trình tiên tiến Logistics và Quản lý chuỗi cung ứng,D07,2025,23.71,,THPT
BKA,Đại học Bách khoa Hà Nội,EM1,Quản lý năng lượng,A00,2025,23.7,,THPT
BKA,Đại Học Bách Khoa Hà Nội,EM1,Quản lý năng lượng,A00,2025,24.2,,THPT
BKA,Đại Học Bách Khoa Hà Nội,EM1,Quản lý năng lượng,A01,2025,24.2,,THPT
BKA,Đại học Bách khoa Hà Nội,EM1,Quản lý năng lượng,A01,2025,23.7,,THPT
BKA,Đại học Bách khoa Hà Nội,EM1,Quản lý năng lượng,D01,2025,23.7,,THPT
BKA,Đại học Bách khoa Hà Nội,EM2,Quản lý công nghiệp,A00,2025,23.9,,THPT
BKA,Đại Học Bách Khoa Hà Nội,EM2,Quản lý công nghiệp,A00,2025,23.9,,THPT
BKA,Đại Học Bách Khoa Hà Nội,EM2,Quản lý công nghiệp,A01,2025,23.9,,THPT
BKA,Đại học Bách khoa Hà Nội,EM2,Quản lý công nghiệp,A01,2025,23.9,,THPT
BKA,Đại học Bách khoa Hà Nội,EM2,Quản lý công nghiệp,D01,2025,23.9,,THPT
BKA,Đại học Bách khoa Hà Nội,EM3,Quản trị kinh doanh,A00,2025,24.3,,THPT
BKA,Đại Học Bách Khoa Hà Nội,EM3,Quản trị kinh doanh,A00,2025,24.8,,THPT
BKA,Đại Học Bách Khoa Hà Nội,EM3,Quản trị kinh doanh,A01,2025,24.8,,THPT
BKA,Đại học Bách khoa Hà Nội,EM3,Quản trị kinh doanh,A01,2025,24.3,,THPT
BKA,Đại học Bách khoa Hà Nội,EM3,Quản trị kinh doanh,D01,2025,24.3,,THPT
BKA,Đại học Bách khoa Hà Nội,EM4,Kế toán,A00,2025,24.13,,THPT
BKA,Đại Học Bách Khoa Hà Nội,EM4,Kế toán,A00,2025,24.63,,THPT
BKA,Đại Học Bách Khoa Hà Nội,EM4,Kế toán,A01,2025,24.63,,THPT
BKA,Đại học Bách khoa Hà Nội,EM4,Kế toán,A01,2025,24.13,,THPT
BKA,Đại học Bách khoa Hà Nội,EM4,Kế toán,D01,2025,24.13,,THPT
BKA,Đại học Bách khoa Hà Nội,EM5,Tài chính - Ngân hàng,A00,2025,24.3,,THPT
BKA,Đại Học Bách Khoa Hà Nội,EM5,Tài chính - Ngân hàng,A00,2025,24.8,,THPT
BKA,Đại Học Bách Khoa Hà Nội,EM5,Tài chính - Ngân hàng,A01,2025,24.8,,THPT
BKA,Đại học Bách khoa Hà Nội,EM5,Tài chính - Ngân hàng,A01,2025,24.3,,THPT
BKA,Đại học Bách khoa Hà Nội,EM5,Tài chính - Ngân hàng,D01,2025,24.3,,THPT
BKA,Đại học Bách khoa Hà Nội,ET-E16,Truyền thông số và Kỹ thuật đa phương tiện (CT tiên tiến),A00,2025,26.62,,THPT
BKA,Đại Học Bách Khoa Hà Nội,ET-E16,Truyền thông số và Kỹ thuật đa phương tiện (CT tiên tiến),A00,2025,26.62,,THPT
BKA,Đại Học Bách Khoa Hà Nội,ET-E16,Truyền thông số và Kỹ thuật đa phương tiện (CT tiên tiến),A01,2025,26.62,,THPT
BKA,Đại học Bách khoa Hà Nội,ET-E16,Truyền thông số và Kỹ thuật đa phương tiện (CT tiên tiến),A01,2025,26.62,,THPT
BKA,Đại học Bách khoa Hà Nội,ET-E4,Chương trình tiên tiến Điện tử - Viễn thông,A00,2025,27.55,,THPT
BKA,Đại Học Bách Khoa Hà Nội,ET-E4,Kỹ thuật Điện tử - Viễn thông (CT tiên tiến),A00,2025,27.55,,THPT
BKA,Đại Học Bách Khoa Hà Nội,ET-E4,Kỹ thuật Điện tử - Viễn thông (CT tiên tiến),A01,2025,27.55,,THPT
BKA,Đại học Bách khoa Hà Nội,ET-E4,Chương trình tiên tiến Điện tử - Viễn thông,A01,2025,27.55,,THPT
BKA,Đại học Bách khoa Hà Nội,ET-E5,Chương trình tiên tiến Kỹ thuật Y sinh,A00,2025,25.58,,THPT
BKA,Đại Học Bách Khoa Hà Nội,ET-E5,Kỹ thuật Y sinh (CT tiên tiến),A00,2025,25.58,,THPT
BKA,Đại Học Bách Khoa Hà Nội,ET-E5,Kỹ thuật Y sinh (CT tiên tiến),A01,2025,25.58,,THPT
BKA,Đại học Bách khoa Hà Nội,ET-E5,Chương trình tiên tiến Kỹ thuật Y sinh,A01,2025,25.58,,THPT
BKA,Đại học Bách khoa Hà Nội,ET-E9,Chương trình tiên tiến Hệ thống nhúng thông minh và IoT,A00,2025,27.85,,THPT
BKA,Đại Học Bách Khoa Hà Nội,ET-E9,Hệ thống nhúng thông minh và IoT (CT tiên tiến),A00,2025,27.85,,THPT
BKA,Đại Học Bách Khoa Hà Nội,ET-E9,Hệ thống nhúng thông minh và IoT (CT tiên tiến),A01,2025,27.85,,THPT
BKA,Đại học Bách khoa Hà Nội,ET-E9,Chương trình tiên tiến Hệ thống nhúng thông minh và IoT,A01,2025,27.85,,THPT
BKA,Đại học Bách khoa Hà Nội,ET-LUH,Điện tử - Viễn thông - ĐH Leibniz Hannover (Đức),A00,2025,26.55,,THPT
BKA,Đại Học Bách Khoa Hà Nội,ET-LUH,Điện tử - Viễn thông - hợp tác với ĐH Leibniz Hannover (Đức),A00,2025,26.55,,THPT
BKA,Đại Học Bách Khoa Hà Nội,ET-LUH,Điện tử - Viễn thông - hợp tác với ĐH Leibniz Hannover (Đức),A01,2025,26.55,,THPT
BKA,Đại học Bách khoa Hà Nội,ET-LUH,Điện tử - Viễn thông - ĐH Leibniz Hannover (Đức),A01,2025,26.55,,THPT
BKA,Đại học Bách khoa Hà Nội,ET1,Kỹ thuật Điện tử - Viễn thông,A00,2025,28.07,,THPT
BKA,Đại Học Bách Khoa Hà Nội,ET1,Kỹ thuật Điện tử - Viễn thông,A00,2025,28.07,,THPT
BKA,Đại Học Bách Khoa Hà Nội,ET1,Kỹ thuật Điện tử - Viễn thông,A01,2025,28.07,,THPT
BKA,Đại học Bách khoa Hà Nội,ET1,Kỹ thuật Điện tử - Viễn thông,A01,2025,28.07,,THPT
BKA,Đại học Bách khoa Hà Nội,ET2,Kỹ thuật Y sinh,A00,2025,26.32,,THPT
BKA,Đại Học Bách Khoa Hà Nội,ET2,Kỹ thuật Y sinh,A00,2025,26.32,,THPT
BKA,Đại Học Bách Khoa Hà Nội,ET2,Kỹ thuật Y sinh,A01,2025,26.32,,THPT
BKA,Đại học Bách khoa Hà Nội,ET2,Kỹ thuật Y sinh,A01,2025,26.32,,THPT
BKA,Đại Học Bách Khoa Hà Nội,ET2,Kỹ thuật Y sinh,B00,2025,26.32,,THPT
BKA,Đại học Bách khoa Hà Nội,ET2,Kỹ thuật Y sinh,B00,2025,26.32,,THPT
BKA,Đại học Bách khoa Hà Nội,EV1,Kỹ thuật Môi trường,A00,2025,22.22,,THPT
BKA,Đại Học Bách Khoa Hà Nội,EV1,Kỹ thuật Môi trường,A00,2025,22.22,,THPT
BKA,Đại Học Bách Khoa Hà Nội,EV1,Kỹ thuật Môi trường,B00,2025,22.22,,THPT
BKA,Đại học Bách khoa Hà Nội,EV1,Kỹ thuật Môi trường,B00,2025,22.22,,THPT
BKA,Đại Học Bách Khoa Hà Nội,EV1,Kỹ thuật Môi trường,D07,2025,22.22,,THPT
BKA,Đại học Bách khoa Hà Nội,EV1,Kỹ thuật Môi trường,D07,2025,22.22,,THPT
BKA,Đại học Bách khoa Hà Nội,EV2,Quản lý Tài nguyên và Môi trường,A00,2025,21.53,,THPT
BKA,Đại Học Bách Khoa Hà Nội,EV2,Quản lý Tài nguyên và Môi trường,A00,2025,21.53,,THPT
BKA,Đại Học Bách Khoa Hà Nội,EV2,Quản lý Tài nguyên và Môi trường,B00,2025,21.53,,THPT
BKA,Đại học Bách khoa Hà Nội,EV2,Quản lý Tài nguyên và Môi trường,B00,2025,21.53,,THPT
BKA,Đại Học Bách Khoa Hà Nội,EV2,Quản lý Tài nguyên và Môi trường,D07,2025,21.53,,THPT
BKA,Đại học Bách khoa Hà Nội,EV2,Quản lý Tài nguyên và Môi trường,D07,2025,21.53,,THPT
BKA,Đại học Bách khoa Hà Nội,FL1,Tiếng Anh KHKT và Công nghệ,D01,2025,24.3,,THPT
BKA,Đại học Bách khoa Hà Nội,FL2,Tiếng Anh chuyên nghiệp quốc tế,D01,2025,24.3,,THPT
BKA,Đại học Bách khoa Hà Nội,FL3,Tiếng Trung Khoa học và Công nghệ,D01,2025,24.86,,THPT
BKA,Đại Học Bách Khoa Hà Nội,FL3,Tiếng Trung KHKT và Công nghệ,D01,2025,25.36,,THPT
BKA,Đại học Bách khoa Hà Nội,HE1,Kỹ thuật Nhiệt,A00,2025,25.47,,THPT
BKA,Đại Học Bách Khoa Hà Nội,HE1,Kỹ thuật Nhiệt,A00,2025,25.47,,THPT
BKA,Đại Học Bách Khoa Hà Nội,HE1,Kỹ thuật Nhiệt,A01,2025,25.47,,THPT
BKA,Đại học Bách khoa Hà Nội,HE1,Kỹ thuật Nhiệt,A01,2025,25.47,,THPT
BKA,Đại học Bách khoa Hà Nội,IT-E10,Chương trình tiên tiến Khoa học dữ liệu và Trí tuệ nhân tạo,A00,2025,29.39,,THPT
BKA,Đại Học Bách Khoa Hà Nội,IT-E10,Khoa học dữ liệu và Trí tuệ nhân tạo (CT tiên tiến),A00,2025,29.39,,THPT
BKA,Đại Học Bách Khoa Hà Nội,IT-E10,Khoa học dữ liệu và Trí tuệ nhân tạo (CT tiên tiến),A01,2025,29.39,,THPT
BKA,Đại học Bách khoa Hà Nội,IT-E10,Chương trình tiên tiến Khoa học dữ liệu và Trí tuệ nhân tạo,A01,2025,29.39,,THPT
BKA,Đại học Bách khoa Hà Nội,IT-E15,An toàn không gian số - Cyber Security (CT tiên tiến),A00,2025,28.69,,THPT
BKA,Đại Học Bách Khoa Hà Nội,IT-E15,An toàn không gian số - Cyber Security (CT Tiên tiến),A00,2025,28.69,,THPT
BKA,Đại Học Bách Khoa Hà Nội,IT-E15,An toàn không gian số - Cyber Security (CT Tiên tiến),A01,2025,28.69,,THPT
BKA,Đại học Bách khoa Hà Nội,IT-E15,An toàn không gian số - Cyber Security (CT tiên tiến),A01,2025,28.69,,THPT
BKA,Đại học Bách khoa Hà Nội,IT-E6,Công nghệ thông tin Việt-Nhật,A00,2025,27.97,,THPT
BKA,Đại Học Bách Khoa Hà Nội,IT-E6,Công nghệ thông tin (Việt - Nhật),A00,2025,27.97,,THPT
BKA,Đại Học Bách Khoa Hà Nội,IT-E6,Công nghệ thông tin (Việt - Nhật),A01,2025,27.97,,THPT
BKA,Đại học Bách khoa Hà Nội,IT-E6,Công nghệ thông tin Việt-Nhật,A01,2025,27.97,,THPT
BKA,Đại học Bách khoa Hà Nội,IT-E7,Công nghệ thông tin ICT,A00,2025,28.66,,THPT
BKA,Đại Học Bách Khoa Hà Nội,IT-E7,Công nghệ thông tin (Global ICT),A00,2025,28.66,,THPT
BKA,Đại Học Bách Khoa Hà Nội,IT-E7,Công nghệ thông tin (Global ICT),A01,2025,28.66,,THPT
BKA,Đại học Bách khoa Hà Nội,IT-E7,Công nghệ thông tin ICT,A01,2025,28.66,,THPT
BKA,Đại học Bách khoa Hà Nội,IT-EP,Công nghệ thông tin (Việt - Pháp),A00,2025,27.83,,THPT
BKA,Đại Học Bách Khoa Hà Nội,IT-EP,Công nghệ thông tin (Việt - Pháp),A00,2025,27.83,,THPT
BKA,Đại Học Bách Khoa Hà Nội,IT-EP,Công nghệ thông tin (Việt - Pháp),A01,2025,27.83,,THPT
BKA,Đại học Bách khoa Hà Nội,IT-EP,Công nghệ thông tin (Việt - Pháp),A01,2025,27.83,,THPT
BKA,Đại học Bách khoa Hà Nội,IT1,Khoa học Máy tính,A00,2025,29.19,,THPT
BKA,Đại Học Bách Khoa Hà Nội,IT1,CNTT: Khoa học Máy tính,A00,2025,29.19,,THPT
BKA,Đại Học Bách Khoa Hà Nội,IT1,CNTT: Khoa học Máy tính,A01,2025,29.19,,THPT
BKA,Đại học Bách khoa Hà Nội,IT1,Khoa học Máy tính,A01,2025,29.19,,THPT
BKA,Đại học Bách khoa Hà Nội,IT2,Kỹ thuật Máy tính,A00,2025,28.83,,THPT
BKA,Đại Học Bách Khoa Hà Nội,IT2,CNTT: Kỹ thuật Máy tính,A00,2025,28.83,,THPT
BKA,Đại Học Bách Khoa Hà Nội,IT2,CNTT: Kỹ thuật Máy tính,A01,2025,28.83,,THPT
BKA,Đại học Bách khoa Hà Nội,IT2,Kỹ thuật Máy tính,A01,2025,28.83,,THPT
BKA,Đại học Bách khoa Hà Nội,ME-E1,Chương trình tiên tiến Cơ điện tử,A00,2025,26.74,,THPT
BKA,Đại Học Bách Khoa Hà Nội,ME-E1,Kỹ thuật Cơ điện tử (CT tiên tiến),A00,2025,26.74,,THPT
BKA,Đại Học Bách Khoa Hà Nội,ME-E1,Kỹ thuật Cơ điện tử (CT tiên tiến),A01,2025,26.74,,THPT
BKA,Đại học Bách khoa Hà Nội,ME-E1,Chương trình tiên tiến Cơ điện tử,A01,2025,26.74,,THPT
BKA,Đại học Bách khoa Hà Nội,ME-GU,Cơ khí - Chế tạo máy - ĐH Griffith (Úc),A00,2025,25.0,,THPT
BKA,Đại Học Bách Khoa Hà Nội,ME-GU,Cơ khí - Chế tạo máy - hợp tác với ĐH Griffith (Úc),A00,2025,25.0,,THPT
BKA,Đại Học Bách Khoa Hà Nội,ME-GU,Cơ khí - Chế tạo máy - hợp tác với ĐH Griffith (Úc),A01,2025,25.0,,THPT
BKA,Đại học Bách khoa Hà Nội,ME-GU,Cơ khí - Chế tạo máy - ĐH Griffith (Úc),A01,2025,25.0,,THPT
BKA,Đại học Bách khoa Hà Nội,ME-LUH,Cơ điện tử - ĐH Leibniz Hannover (Đức),A00,2025,26.19,,THPT
BKA,Đại Học Bách Khoa Hà Nội,ME-LUH,Cơ điện tử - hợp tác với ĐH Leibniz Hannover (Đức),A00,2025,26.19,,THPT
BKA,Đại Học Bách Khoa Hà Nội,ME-LUH,Cơ điện tử - hợp tác với ĐH Leibniz Hannover (Đức),A01,2025,26.19,,THPT
BKA,Đại học Bách khoa Hà Nội,ME-LUH,Cơ điện tử - ĐH Leibniz Hannover (Đức),A01,2025,26.19,,THPT
BKA,Đại học Bách khoa Hà Nội,ME-NUT,Cơ điện tử - ĐH Nagaoka (Nhật Bản),A00,2025,25.68,,THPT
BKA,Đại Học Bách Khoa Hà Nội,ME-NUT,Cơ điện tử - hợp tác với ĐH Công nghệ Nagaoka (Nhật Bản),A00,2025,25.68,,THPT
BKA,Đại Học Bách Khoa Hà Nội,ME-NUT,Cơ điện tử - hợp tác với ĐH Công nghệ Nagaoka (Nhật Bản),A01,2025,25.68,,THPT
BKA,Đại học Bách khoa Hà Nội,ME-NUT,Cơ điện tử - ĐH Nagaoka (Nhật Bản),A01,2025,25.68,,THPT
BKA,Đại học Bách khoa Hà Nội,ME1,Kỹ thuật Cơ điện tử,A00,2025,27.9,,THPT
BKA,Đại Học Bách Khoa Hà Nội,ME1,Kỹ thuật Cơ điện tử,A00,2025,27.9,,THPT
BKA,Đại Học Bách Khoa Hà Nội,ME1,Kỹ thuật Cơ điện tử,A01,2025,27.9,,THPT
BKA,Đại học Bách khoa Hà Nội,ME1,Kỹ thuật Cơ điện tử,A01,2025,27.9,,THPT
BKA,Đại học Bách khoa Hà Nội,ME2,Kỹ thuật Cơ khí,A00,2025,26.62,,THPT
BKA,Đại Học Bách Khoa Hà Nội,ME2,Kỹ thuật Cơ khí,A00,2025,26.62,,THPT
BKA,Đại Học Bách Khoa Hà Nội,ME2,Kỹ thuật Cơ khí,A01,2025,26.62,,THPT
BKA,Đại học Bách khoa Hà Nội,ME2,Kỹ thuật Cơ khí,A01,2025,26.62,,THPT
BKA,Đại học Bách khoa Hà Nội,MI1,Toán-Tin,A00,2025,27.8,,THPT
BKA,Đại Học Bách Khoa Hà Nội,MI1,Toán - Tin,A00,2025,27.8,,THPT
BKA,Đại Học Bách Khoa Hà Nội,MI1,Toán - Tin,A01,2025,27.8,,THPT
BKA,Đại học Bách khoa Hà Nội,MI1,Toán-Tin,A01,2025,27.8,,THPT
BKA,Đại học Bách khoa Hà Nội,MI2,Hệ thống thông tin quản lý,A00,2025,27.72,,THPT
BKA,Đại Học Bách Khoa Hà Nội,MI2,Hệ thống thông tin quản lý,A00,2025,27.72,,THPT
BKA,Đại Học Bách Khoa Hà Nội,MI2,Hệ thống thông tin quản lý,A01,2025,27.72,,THPT
BKA,Đại học Bách khoa Hà Nội,MI2,Hệ thống thông tin quản lý,A01,2025,27.72,,THPT
BKA,Đại học Bách khoa Hà Nội,MS-E3,Chương trình tiên tiến KHKT Vật liệu,A00,2025,23.7,,THPT
BKA,Đại Học Bách Khoa Hà Nội,MS-E3,Khoa học và kỹ thuật vật liệu (CT tiên tiến),A00,2025,23.7,,THPT
BKA,Đại Học Bách Khoa Hà Nội,MS-E3,Khoa học và kỹ thuật vật liệu (CT tiên tiến),A01,2025,23.7,,THPT
BKA,Đại học Bách khoa Hà Nội,MS-E3,Chương trình tiên tiến KHKT Vật liệu,A01,2025,23.7,,THPT
BKA,Đại Học Bách Khoa Hà Nội,MS-E3,Khoa học và kỹ thuật vật liệu (CT tiên tiến),D07,2025,23.7,,THPT
BKA,Đại học Bách khoa Hà Nội,MS-E3,Chương trình tiên tiến KHKT Vật liệu,D07,2025,23.7,,THPT
BKA,Đại học Bách khoa Hà Nội,MS1,Kỹ thuật Vật liệu,A00,2025,25.39,,THPT
BKA,Đại Học Bách Khoa Hà Nội,MS1,Kỹ thuật Vật liệu,A00,2025,25.39,,THPT
BKA,Đại Học Bách Khoa Hà Nội,MS1,Kỹ thuật Vật liệu,A01,2025,25.39,,THPT
BKA,Đại học Bách khoa Hà Nội,MS1,Kỹ thuật Vật liệu,A01,2025,25.39,,THPT
BKA,Đại Học Bách Khoa Hà Nội,MS1,Kỹ thuật Vật liệu,D07,2025,25.39,,THPT
BKA,Đại học Bách khoa Hà Nội,MS1,Kỹ thuật Vật liệu,D07,2025,25.39,,THPT
BKA,Đại học Bách khoa Hà Nội,MS2,Kỹ thuật Vi điện tử và công nghệ nano,A00,2025,28.25,,THPT
BKA,Đại Học Bách Khoa Hà Nội,MS2,Kỹ thuật Vi điện tử và Công nghệ nano,A00,2025,28.25,,THPT
BKA,Đại Học Bách Khoa Hà Nội,MS2,Kỹ thuật Vi điện tử và Công nghệ nano,A01,2025,28.25,,THPT
BKA,Đại học Bách khoa Hà Nội,MS2,Kỹ thuật Vi điện tử và công nghệ nano,A01,2025,28.25,,THPT
BKA,Đại Học Bách Khoa Hà Nội,MS2,Kỹ thuật Vi điện tử và Công nghệ nano,D07,2025,28.25,,THPT
BKA,Đại học Bách khoa Hà Nội,MS2,Kỹ thuật Vi điện tử và công nghệ nano,D07,2025,28.25,,THPT
BKA,Đại học Bách khoa Hà Nội,MS3,Công nghệ vật liệu Polime và Compozit,A00,2025,25.16,,THPT
BKA,Đại Học Bách Khoa Hà Nội,MS3,Công nghệ vật liệu Polyme và Compozit,A00,2025,25.16,,THPT
BKA,Đại Học Bách Khoa Hà Nội,MS3,Công nghệ vật liệu Polyme và Compozit,A01,2025,25.16,,THPT
BKA,Đại học Bách khoa Hà Nội,MS3,Công nghệ vật liệu Polime và Compozit,A01,2025,25.16,,THPT
BKA,Đại Học Bách Khoa Hà Nội,MS3,Công nghệ vật liệu Polyme và Compozit,D07,2025,25.16,,THPT
BKA,Đại học Bách khoa Hà Nội,MS3,Công nghệ vật liệu Polime và Compozit,D07,2025,25.16,,THPT
BKA,Đại học Bách khoa Hà Nội,MS5,Kỹ thuật in,A00,2025,24.06,,THPT
BKA,Đại Học Bách Khoa Hà Nội,MS5,Kỹ thuật in,A00,2025,24.06,,THPT
BKA,Đại Học Bách Khoa Hà Nội,MS5,Kỹ thuật in,A01,2025,24.06,,THPT
BKA,Đại học Bách khoa Hà Nội,MS5,Kỹ thuật in,B00,2025,24.06,,THPT
BKA,Đại Học Bách Khoa Hà Nội,MS5,Kỹ thuật in,D07,2025,24.06,,THPT
BKA,Đại học Bách khoa Hà Nội,MS5,Kỹ thuật in,D07,2025,24.06,,THPT
BKA,Đại học Bách khoa Hà Nội,PH1,Vật lý kỹ thuật,A00,2025,26.41,,THPT
BKA,Đại Học Bách Khoa Hà Nội,PH1,Vật lý kỹ thuật,A00,2025,26.41,,THPT
BKA,Đại Học Bách Khoa Hà Nội,PH1,Vật lý kỹ thuật,A01,2025,26.41,,THPT
BKA,Đại học Bách khoa Hà Nội,PH1,Vật lý kỹ thuật,A01,2025,26.41,,THPT
BKA,Đại học Bách khoa Hà Nội,PH2,Kỹ thuật hạt nhân,A00,2025,25.07,,THPT
BKA,Đại Học Bách Khoa Hà Nội,PH2,Kỹ thuật hạt nhân,A00,2025,25.07,,THPT
BKA,Đại Học Bách Khoa Hà Nội,PH2,Kỹ thuật hạt nhân,A01,2025,25.07,,THPT
BKA,Đại học Bách khoa Hà Nội,PH2,Kỹ thuật hạt nhân,A01,2025,25.07,,THPT
BKA,Đại học Bách khoa Hà Nội,PH3,Vật lý y khoa,A00,2025,25.2,,THPT
BKA,Đại Học Bách Khoa Hà Nội,PH3,Vật lý Y khoa,A00,2025,25.2,,THPT
BKA,Đại Học Bách Khoa Hà Nội,PH3,Vật lý Y khoa,A01,2025,25.2,,THPT
BKA,Đại học Bách khoa Hà Nội,PH3,Vật lý y khoa,A01,2025,25.2,,THPT
BKA,Đại học Bách khoa Hà Nội,TE-E2,Chương trình tiên tiến Kỹ thuật Ô tô,A00,2025,25.18,,THPT
BKA,Đại Học Bách Khoa Hà Nội,TE-E2,Kỹ thuật Ô tô (CT tiên tiến),A00,2025,25.18,,THPT
BKA,Đại Học Bách Khoa Hà Nội,TE-E2,Kỹ thuật Ô tô (CT tiên tiến),A01,2025,25.18,,THPT
BKA,Đại học Bách khoa Hà Nội,TE-E2,Chương trình tiên tiến Kỹ thuật Ô tô,A01,2025,25.18,,THPT
BKA,Đại học Bách khoa Hà Nội,TE-EP,Cơ khí hàng không (Chương trình Việt - Pháp PFIEV),A00,2025,25.84,,THPT
BKA,Đại Học Bách Khoa Hà Nội,TE-EP,Cơ khí hàng không (Chương trình Việt - Pháp PFIEV),A00,2025,25.84,,THPT
BKA,Đại Học Bách Khoa Hà Nội,TE-EP,Cơ khí hàng không (Chương trình Việt - Pháp PFIEV),A01,2025,25.84,,THPT
BKA,Đại học Bách khoa Hà Nội,TE-EP,Cơ khí hàng không (Chương trình Việt - Pháp PFIEV),A01,2025,25.84,,THPT
BKA,Đại học Bách khoa Hà Nội,TE1,Kỹ thuật Ô tô,A00,2025,27.03,,THPT
BKA,Đại Học Bách Khoa Hà Nội,TE1,Kỹ thuật Ô tô,A00,2025,27.03,,THPT
BKA,Đại Học Bách Khoa Hà Nội,TE1,Kỹ thuật Ô tô,A01,2025,27.03,,THPT
BKA,Đại học Bách khoa Hà Nội,TE1,Kỹ thuật Ô tô,A01,2025,27.03,,THPT
BKA,Đại học Bách khoa Hà Nội,TE2,Kỹ thuật Cơ khí động lực,A00,2025,26.25,,THPT
BKA,Đại Học Bách Khoa Hà Nội,TE2,Kỹ thuật Cơ khí động lực,A00,2025,26.25,,THPT
BKA,Đại Học Bách Khoa Hà Nội,TE2,Kỹ thuật Cơ khí động lực,A01,2025,26.25,,THPT
BKA,Đại học Bách khoa Hà Nội,TE2,Kỹ thuật Cơ khí động lực,A01,2025,26.25,,THPT
BKA,Đại học Bách khoa Hà Nội,TE3,Kỹ thuật Hàng không,A00,2025,26.6,,THPT
BKA,Đại Học Bách Khoa Hà Nội,TE3,Kỹ thuật Hàng không,A00,2025,26.6,,THPT
BKA,Đại Học Bách Khoa Hà Nội,TE3,Kỹ thuật Hàng không,A01,2025,26.6,,THPT
BKA,Đại học Bách khoa Hà Nội,TE3,Kỹ thuật Hàng không,A01,2025,26.6,,THPT
BKA,Đại học Bách khoa Hà Nội,TROY-BA,Quản trị kinh doanh - ĐH Troy (Hoa Kỳ),A00,2025,19.0,,THPT
BKA,Đại Học Bách Khoa Hà Nội,TROY-BA,Quản trị kinh doanh - hợp tác với ĐH Troy (Hoa Kỳ),A00,2025,19.5,,THPT
BKA,Đại Học Bách Khoa Hà Nội,TROY-BA,Quản trị kinh doanh - hợp tác với ĐH Troy (Hoa Kỳ),A01,2025,19.5,,THPT
BKA,Đại học Bách khoa Hà Nội,TROY-BA,Quản trị kinh doanh - ĐH Troy (Hoa Kỳ),A01,2025,19.0,,THPT
BKA,Đại học Bách khoa Hà Nội,TROY-BA,Quản trị kinh doanh - ĐH Troy (Hoa Kỳ),D01,2025,19.0,,THPT
BKA,Đại học Bách khoa Hà Nội,TROY-IT,Khoa học máy tính - ĐH Troy (Hoa Kỳ),A00,2025,21.3,,THPT
BKA,Đại Học Bách Khoa Hà Nội,TROY-IT,Khoa học máy tính - hợp tác với ĐH Troy (Hoa Kỳ),A00,2025,21.8,,THPT
BKA,Đại Học Bách Khoa Hà Nội,TROY-IT,Khoa học máy tính - hợp tác với ĐH Troy (Hoa Kỳ),A01,2025,21.8,,THPT
BKA,Đại học Bách khoa Hà Nội,TROY-IT,Khoa học máy tính - ĐH Troy (Hoa Kỳ),A01,2025,21.3,,THPT
BKA,Đại học Bách khoa Hà Nội,TROY-IT,Khoa học máy tính - ĐH Troy (Hoa Kỳ),D01,2025,21.3,,THPT
BKA,Đại học Bách khoa Hà Nội,TX1,Kỹ thuật Dệt,A00,2025,22.48,,THPT
BKA,Đại Học Bách Khoa Hà Nội,TX1,Công nghệ Dệt - May,A00,2025,22.48,,THPT
BKA,Đại Học Bách Khoa Hà Nội,TX1,Công nghệ Dệt - May,A01,2025,22.48,,THPT
BKA,Đại học Bách khoa Hà Nội,TX1,Kỹ thuật Dệt,A01,2025,22.48,,THPT
BKA,Đại Học Bách Khoa Hà Nội,TX1,Công nghệ Dệt - May,D07,2025,22.48,,THPT
BKA,Đại học Bách khoa Hà Nội,TX1,Kỹ thuật Dệt,D07,2025,22.48,,THPT
BMU,Trường Đại học Y Dược Buôn Ma Thuột,7720101,Y khoa,A00,2025,22.0,,THPT
BMU,Trường Đại học Y Dược Buôn Ma Thuột,7720101,Y khoa,A01,2025,22.0,,THPT
BMU,Trường Đại học Y Dược Buôn Ma Thuột,7720101,Y khoa,B00,2025,22.0,,THPT
BMU,Trường Đại học Y Dược Buôn Ma Thuột,7720101,Y khoa,D07,2025,22.0,,THPT
BMU,Trường Đại học Y Dược Buôn Ma Thuột,7720201,Dược học,A00,2025,19.0,,THPT
BMU,Trường Đại học Y Dược Buôn Ma Thuột,7720201,Dược học,A01,2025,19.0,,THPT
BMU,Trường Đại học Y Dược Buôn Ma Thuột,7720201,Dược học,B00,2025,19.0,,THPT
BMU,Trường Đại học Y Dược Buôn Ma Thuột,7720201,Dược học,D07,2025,19.0,,THPT
BMU,Trường Đại học Y Dược Buôn Ma Thuột,7720301,Điều dưỡng,A00,2025,20.5,,THPT
BMU,Trường Đại học Y Dược Buôn Ma Thuột,7720301,Điều dưỡng,A01,2025,20.5,,THPT
BMU,Trường Đại học Y Dược Buôn Ma Thuột,7720301,Điều dưỡng,B00,2025,20.5,,THPT
BMU,Trường Đại học Y Dược Buôn Ma Thuột,7720301,Điều dưỡng,D07,2025,20.5,,THPT
BMU,Trường Đại học Y Dược Buôn Ma Thuột,7720701,Y tế công cộng,A00,2025,16.0,,THPT
BMU,Trường Đại học Y Dược Buôn Ma Thuột,7720701,Y tế công cộng,A01,2025,16.0,,THPT
BMU,Trường Đại học Y Dược Buôn Ma Thuột,7720701,Y tế công cộng,B00,2025,16.0,,THPT
BMU,Trường Đại học Y Dược Buôn Ma Thuột,7720701,Y tế công cộng,D07,2025,16.0,,THPT
BPH,Học Viện Biên Phòng,7380101_B_C00,Luật (Thí sinh miền Bắc),C00,2025,28.2,,THPT
BPH,Học Viện Biên Phòng,7380101_B_C01,Luật (Thí sinh miền Bắc),D01,2025,30.46,,THPT
BPH,Học Viện Biên Phòng,7380101_N,Luật (Thí sinh miền Nam),C00,2025,27.3,,THPT
BPH,Học Viện Biên Phòng,7380101_N_C01,Luật (Thí sinh miền Nam),D01,2025,29.56,,THPT
BPH,Học viện Biên Phòng,7380101|21C00,Luật (Nam - Phía Bắc),C00,2025,28.2,,THPT
BPH,Học viện Biên Phòng,7380101|21C00,Luật (Nam - Phía Bắc),D01,2025,28.2,,THPT
BPH,Học viện Biên Phòng,7380101|22C00,Luật (Nam - Phía Nam),C00,2025,27.3,,THPT
BPH,Học viện Biên Phòng,7380101|22C00,Luật (Nam - Phía Nam),D01,2025,27.3,,THPT
BPH,Học Viện Biên Phòng,7860214_A01_4,Biên phòng (Quân khu 4),A01,2025,29.91,,THPT
BPH,Học Viện Biên Phòng,7860214_A01_5,Biên phòng (Quân khu 5),A01,2025,30.02,,THPT
BPH,Học Viện Biên Phòng,7860214_A01_7,Biên phòng (Quân khu 7),A01,2025,29.52,,THPT
BPH,Học Viện Biên Phòng,7860214_A01_9,Biên phòng (Quân khu 9),A01,2025,29.91,,THPT
BPH,Học Viện Biên Phòng,7860214_B_A01,Biên phòng (Thí sinh miền Bắc),A01,2025,31.33,,THPT
BPH,Học Viện Biên Phòng,7860214_B_C00,Biên phòng (Thí sinh miền Bắc),C00,2025,27.94,,THPT
BPH,Học Viện Biên Phòng,7860214_B_C01,Biên phòng (Thí sinh miền Bắc),D01,2025,30.2,,THPT
BPH,Học Viện Biên Phòng,7860214_C00_4,Biên phòng (Quân khu 4),C00,2025,26.52,,THPT
BPH,Học Viện Biên Phòng,7860214_C00_5,Biên phòng (Quân khu 5),C00,2025,26.63,,THPT
BPH,Học Viện Biên Phòng,7860214_C00_7,Biên phòng (Quân khu 7),C00,2025,26.13,,THPT
BPH,Học Viện Biên Phòng,7860214_C00_9,Biên phòng (Quân khu 9),C00,2025,26.52,,THPT
BPH,Học Viện Biên Phòng,7860214_C01_4,Biên phòng (Quân khu 4),D01,2025,28.78,,THPT
BPH,Học Viện Biên Phòng,7860214_C01_5,Biên phòng (Quân khu 5),D01,2025,28.89,,THPT
BPH,Học Viện Biên Phòng,7860214_C01_7,Biên phòng (Quân khu 7),D01,2025,28.39,,THPT
BPH,Học Viện Biên Phòng,7860214_C01_9,Biên phòng (Quân khu 9),D01,2025,28.78,,THPT
BPH,Học viện Biên Phòng,7860214|21A01,Biên phòng (Nam - Miền Bắc),A01,2025,27.94,,THPT
BPH,Học viện Biên Phòng,7860214|21A01,Biên phòng (Nam - Miền Bắc),C00,2025,27.94,,THPT
BPH,Học viện Biên Phòng,7860214|21A01,Biên phòng (Nam - Miền Bắc),D01,2025,27.94,,THPT
BPH,Học viện Biên Phòng,7860214|21C00,Biên phòng (Nam - Miền Bắc),A01,2025,27.94,,THPT
BPH,Học viện Biên Phòng,7860214|21C00,Biên phòng (Nam - Miền Bắc),C00,2025,27.94,,THPT
BPH,Học viện Biên Phòng,7860214|21C00,Biên phòng (Nam - Miền Bắc),D01,2025,27.94,,THPT
BPH,Học viện Biên Phòng,7860214|23A01|4,Biên phòng (Nam - quân khu 4),A01,2025,26.52,,THPT
BPH,Học viện Biên Phòng,7860214|23A01|4,Biên phòng (Nam - quân khu 4),C00,2025,26.52,,THPT
BPH,Học viện Biên Phòng,7860214|23A01|4,Biên phòng (Nam - quân khu 4),D01,2025,26.52,,THPT
BPH,Học viện Biên Phòng,7860214|23A01|5,Biên phòng (Nam - quân khu 5),A01,2025,26.63,,THPT
BPH,Học viện Biên Phòng,7860214|23A01|5,Biên phòng (Nam - quân khu 5),C00,2025,26.63,,THPT
BPH,Học viện Biên Phòng,7860214|23A01|5,Biên phòng (Nam - quân khu 5),D01,2025,26.63,,THPT
BPH,Học viện Biên Phòng,7860214|23A01|7,Biên phòng (Nam - quân khu 7),A01,2025,26.13,,THPT
BPH,Học viện Biên Phòng,7860214|23A01|7,Biên phòng (Nam - quân khu 7),C00,2025,26.13,,THPT
BPH,Học viện Biên Phòng,7860214|23A01|7,Biên phòng (Nam - quân khu 7),D01,2025,26.13,,THPT
BPH,Học viện Biên Phòng,7860214|23A01|9,Biên phòng (Nam - quân khu 9),A01,2025,26.52,,THPT
BPH,Học viện Biên Phòng,7860214|23A01|9,Biên phòng (Nam - quân khu 9),C00,2025,26.52,,THPT
BPH,Học viện Biên Phòng,7860214|23A01|9,Biên phòng (Nam - quân khu 9),D01,2025,26.52,,THPT
BPH,Học viện Biên Phòng,7860214|23C00|4,Biên phòng (Nam - quân khu 4),A01,2025,26.52,,THPT
BPH,Học viện Biên Phòng,7860214|23C00|4,Biên phòng (Nam - quân khu 4),C00,2025,26.52,,THPT
BPH,Học viện Biên Phòng,7860214|23C00|4,Biên phòng (Nam - quân khu 4),D01,2025,26.52,,THPT
BPH,Học viện Biên Phòng,7860214|23C00|5,Biên phòng (Nam - quân khu 5),A01,2025,26.63,,THPT
BPH,Học viện Biên Phòng,7860214|23C00|5,Biên phòng (Nam - quân khu 5),C00,2025,26.63,,THPT
BPH,Học viện Biên Phòng,7860214|23C00|5,Biên phòng (Nam - quân khu 5),D01,2025,26.63,,THPT
BPH,Học viện Biên Phòng,7860214|23C00|7,Biên phòng (Nam - quân khu 7),A01,2025,26.13,,THPT
BPH,Học viện Biên Phòng,7860214|23C00|7,Biên phòng (Nam - quân khu 7),C00,2025,26.13,,THPT
BPH,Học viện Biên Phòng,7860214|23C00|7,Biên phòng (Nam - quân khu 7),D01,2025,26.13,,THPT
BPH,Học viện Biên Phòng,7860214|23C00|9,Biên phòng (Nam - quân khu 9),A01,2025,26.52,,THPT
BPH,Học viện Biên Phòng,7860214|23C00|9,Biên phòng (Nam - quân khu 9),C00,2025,26.52,,THPT
BPH,Học viện Biên Phòng,7860214|23C00|9,Biên phòng (Nam - quân khu 9),D01,2025,26.52,,THPT
BVH,Học viện Công nghệ Bưu chính Viễn thông (phía Bắc),7320101,Báo chí,A00,2025,22.67,,THPT
BVH,Học Viện Công Nghệ Bưu Chính Viễn Thông,7320101,Báo chí,A00,2025,22.67,,THPT
BVH,Học Viện Công Nghệ Bưu Chính Viễn Thông,7320101,Báo chí,A00,2025,22.67,,THPT
BVH,Học Viện Công Nghệ Bưu Chính Viễn Thông,7320101,Báo chí,A01,2025,22.67,,THPT
BVH,Học Viện Công Nghệ Bưu Chính Viễn Thông,7320101,Báo chí,A01,2025,22.67,,THPT
BVH,Học viện Công nghệ Bưu chính Viễn thông (phía Bắc),7320101,Báo chí,A01,2025,22.67,,THPT
BVH,Học Viện Công Nghệ Bưu Chính Viễn Thông,7320101,Báo chí,D01,2025,22.67,,THPT
BVH,Học Viện Công Nghệ Bưu Chính Viễn Thông,7320101,Báo chí,D01,2025,22.67,,THPT
BVH,Học viện Công nghệ Bưu chính Viễn thông (phía Bắc),7320101,Báo chí,D01,2025,22.67,,THPT
BVH,Học viện Công nghệ Bưu chính Viễn thông (phía Bắc),7320104,Truyền thông đa phương tiện,A00,2025,25.25,,THPT
BVH,Học Viện Công Nghệ Bưu Chính Viễn Thông,7320104,Truyền thông đa phương tiện,A00,2025,25.25,,THPT
BVH,Học Viện Công Nghệ Bưu Chính Viễn Thông,7320104,Truyền thông đa phương tiện,A00,2025,25.25,,THPT
BVH,Học Viện Công Nghệ Bưu Chính Viễn Thông,7320104,Truyền thông đa phương tiện,A01,2025,25.25,,THPT
BVH,Học Viện Công Nghệ Bưu Chính Viễn Thông,7320104,Truyền thông đa phương tiện,A01,2025,25.25,,THPT
BVH,Học viện Công nghệ Bưu chính Viễn thông (phía Bắc),7320104,Truyền thông đa phương tiện,A01,2025,25.25,,THPT
BVH,Học Viện Công Nghệ Bưu Chính Viễn Thông,7320104,Truyền thông đa phương tiện,D01,2025,25.25,,THPT
BVH,Học Viện Công Nghệ Bưu Chính Viễn Thông,7320104,Truyền thông đa phương tiện,D01,2025,25.25,,THPT
BVH,Học viện Công nghệ Bưu chính Viễn thông (phía Bắc),7320104,Truyền thông đa phương tiện,D01,2025,25.25,,THPT
BVH,Học viện Công nghệ Bưu chính Viễn thông (phía Bắc),7320104_CLC,Truyền thông đa phương tiện CLC,A00,2025,22.65,,THPT
BVH,Học Viện Công Nghệ Bưu Chính Viễn Thông,7320104_CLC,Truyền thông đa phương tiện - Chương trình đào tạo chất lượng cao,A00,2025,22.65,,THPT
BVH,Học Viện Công Nghệ Bưu Chính Viễn Thông,7320104_CLC,Truyền thông đa phương tiện - Chương trình đào tạo chất lượng cao,A00,2025,22.65,,THPT
BVH,Học Viện Công Nghệ Bưu Chính Viễn Thông,7320104_CLC,Truyền thông đa phương tiện - Chương trình đào tạo chất lượng cao,A01,2025,22.65,,THPT
BVH,Học Viện Công Nghệ Bưu Chính Viễn Thông,7320104_CLC,Truyền thông đa phương tiện - Chương trình đào tạo chất lượng cao,A01,2025,22.65,,THPT
BVH,Học viện Công nghệ Bưu chính Viễn thông (phía Bắc),7320104_CLC,Truyền thông đa phương tiện CLC,A01,2025,22.65,,THPT
BVH,Học Viện Công Nghệ Bưu Chính Viễn Thông,7320104_CLC,Truyền thông đa phương tiện - Chương trình đào tạo chất lượng cao,D01,2025,22.65,,THPT
BVH,Học Viện Công Nghệ Bưu Chính Viễn Thông,7320104_CLC,Truyền thông đa phương tiện - Chương trình đào tạo chất lượng cao,D01,2025,22.65,,THPT
BVH,Học viện Công nghệ Bưu chính Viễn thông (phía Bắc),7320104_CLC,Truyền thông đa phương tiện CLC,D01,2025,22.65,,THPT
BVH,Học viện Công nghệ Bưu chính Viễn thông (phía Bắc),7329001,Công nghệ đa phương tiện,A00,2025,24.0,,THPT
BVH,Học Viện Công Nghệ Bưu Chính Viễn Thông,7329001,Công nghệ đa phương tiện,A00,2025,24.0,,THPT
BVH,Học Viện Công Nghệ Bưu Chính Viễn Thông,7329001,Công nghệ đa phương tiện,A00,2025,24.0,,THPT
BVH,Học Viện Công Nghệ Bưu Chính Viễn Thông,7329001,Công nghệ đa phương tiện,A01,2025,24.0,,THPT
BVH,Học Viện Công Nghệ Bưu Chính Viễn Thông,7329001,Công nghệ đa phương tiện,A01,2025,24.0,,THPT
BVH,Học viện Công nghệ Bưu chính Viễn thông (phía Bắc),7329001,Công nghệ đa phương tiện,A01,2025,24.0,,THPT
BVH,Học Viện Công Nghệ Bưu Chính Viễn Thông,7329001,Công nghệ đa phương tiện,D01,2025,24.0,,THPT
BVH,Học Viện Công Nghệ Bưu Chính Viễn Thông,7329001,Công nghệ đa phương tiện,D01,2025,24.0,,THPT
BVH,Học viện Công nghệ Bưu chính Viễn thông (phía Bắc),7329001,Công nghệ đa phương tiện,D01,2025,24.0,,THPT
BVH,Học viện Công nghệ Bưu chính Viễn thông (phía Bắc),7329001_GAM,Thiết kế và phát triển Game (Công nghệ Đa phương tiện),A00,2025,23.48,,THPT
BVH,Học Viện Công Nghệ Bưu Chính Viễn Thông,7329001_GAM,Thiết kế và phát triển Game (ngành Công nghệ đa phương tiện),A00,2025,23.48,,THPT
BVH,Học Viện Công Nghệ Bưu Chính Viễn Thông,7329001_GAM,Thiết kế và phát triển Game (ngành Công nghệ đa phương tiện),A00,2025,23.48,,THPT
BVH,Học Viện Công Nghệ Bưu Chính Viễn Thông,7329001_GAM,Thiết kế và phát triển Game (ngành Công nghệ đa phương tiện),A01,2025,23.48,,THPT
BVH,Học Viện Công Nghệ Bưu Chính Viễn Thông,7329001_GAM,Thiết kế và phát triển Game (ngành Công nghệ đa phương tiện),A01,2025,23.48,,THPT
BVH,Học viện Công nghệ Bưu chính Viễn thông (phía Bắc),7329001_GAM,Thiết kế và phát triển Game (Công nghệ Đa phương tiện),A01,2025,23.48,,THPT
BVH,Học Viện Công Nghệ Bưu Chính Viễn Thông,7329001_GAM,Thiết kế và phát triển Game (ngành Công nghệ đa phương tiện),D01,2025,23.48,,THPT
BVH,Học Viện Công Nghệ Bưu Chính Viễn Thông,7329001_GAM,Thiết kế và phát triển Game (ngành Công nghệ đa phương tiện),D01,2025,23.48,,THPT
BVH,Học viện Công nghệ Bưu chính Viễn thông (phía Bắc),7329001_GAM,Thiết kế và phát triển Game (Công nghệ Đa phương tiện),D01,2025,23.48,,THPT
BVH,Học viện Công nghệ Bưu chính Viễn thông (phía Bắc),7340101,Quản trị Kinh doanh,A00,2025,22.75,,THPT
BVH,Học Viện Công Nghệ Bưu Chính Viễn Thông,7340101,Quản trị kinh doanh,A00,2025,22.75,,THPT
BVH,Học Viện Công Nghệ Bưu Chính Viễn Thông,7340101,Quản trị kinh doanh,A01,2025,22.75,,THPT
BVH,Học viện Công nghệ Bưu chính Viễn thông (phía Bắc),7340101,Quản trị Kinh doanh,A01,2025,22.75,,THPT
BVH,Học Viện Công Nghệ Bưu Chính Viễn Thông,7340101,Quản trị kinh doanh,D01,2025,22.75,,THPT
BVH,Học viện Công nghệ Bưu chính Viễn thông (phía Bắc),7340101,Quản trị Kinh doanh,D01,2025,22.75,,THPT
BVH,Học viện Công nghệ Bưu chính Viễn thông (phía Bắc),7340101_LOG,Logistics và quản trị chuỗi cung ứng (ngành Quản trị kinh doanh),A00,2025,24.2,,THPT
BVH,Học Viện Công Nghệ Bưu Chính Viễn Thông,7340101_LOG,Logistics và quản trị chuỗi cung ứng (ngành Quản trị kinh doanh),A00,2025,24.2,,THPT
BVH,Học Viện Công Nghệ Bưu Chính Viễn Thông,7340101_LOG,Logistics và quản trị chuỗi cung ứng (ngành Quản trị kinh doanh),A00,2025,24.2,,THPT
BVH,Học Viện Công Nghệ Bưu Chính Viễn Thông,7340101_LOG,Logistics và quản trị chuỗi cung ứng (ngành Quản trị kinh doanh),A01,2025,24.2,,THPT
BVH,Học Viện Công Nghệ Bưu Chính Viễn Thông,7340101_LOG,Logistics và quản trị chuỗi cung ứng (ngành Quản trị kinh doanh),A01,2025,24.2,,THPT
BVH,Học viện Công nghệ Bưu chính Viễn thông (phía Bắc),7340101_LOG,Logistics và quản trị chuỗi cung ứng (ngành Quản trị kinh doanh),A01,2025,24.2,,THPT
BVH,Học Viện Công Nghệ Bưu Chính Viễn Thông,7340101_LOG,Logistics và quản trị chuỗi cung ứng (ngành Quản trị kinh doanh),D01,2025,24.2,,THPT
BVH,Học Viện Công Nghệ Bưu Chính Viễn Thông,7340101_LOG,Logistics và quản trị chuỗi cung ứng (ngành Quản trị kinh doanh),D01,2025,24.2,,THPT
BVH,Học viện Công nghệ Bưu chính Viễn thông (phía Bắc),7340101_LOG,Logistics và quản trị chuỗi cung ứng (ngành Quản trị kinh doanh),D01,2025,24.2,,THPT
BVH,Học viện Công nghệ Bưu chính Viễn thông (phía Bắc),7340115,Marketing,A00,2025,24.0,,THPT
BVH,Học Viện Công Nghệ Bưu Chính Viễn Thông,7340115,Marketing,A00,2025,24.0,,THPT
BVH,Học Viện Công Nghệ Bưu Chính Viễn Thông,7340115,Marketing,A00,2025,24.0,,THPT
BVH,Học Viện Công Nghệ Bưu Chính Viễn Thông,7340115,Marketing,A01,2025,24.0,,THPT
BVH,Học Viện Công Nghệ Bưu Chính Viễn Thông,7340115,Marketing,A01,2025,24.0,,THPT
BVH,Học viện Công nghệ Bưu chính Viễn thông (phía Bắc),7340115,Marketing,A01,2025,24.0,,THPT
BVH,Học Viện Công Nghệ Bưu Chính Viễn Thông,7340115,Marketing,D01,2025,24.0,,THPT
BVH,Học Viện Công Nghệ Bưu Chính Viễn Thông,7340115,Marketing,D01,2025,24.0,,THPT
BVH,Học viện Công nghệ Bưu chính Viễn thông (phía Bắc),7340115,Marketing,D01,2025,24.0,,THPT
BVH,Học viện Công nghệ Bưu chính Viễn thông (phía Bắc),7340115_CLC,Marketing CLC,A00,2025,22.0,,THPT
BVH,Học Viện Công Nghệ Bưu Chính Viễn Thông,7340115_CLC,Marketing (chất lượng cao),A00,2025,22.0,,THPT
BVH,Học Viện Công Nghệ Bưu Chính Viễn Thông,7340115_CLC,Marketing (chất lượng cao),A00,2025,22.0,,THPT
BVH,Học Viện Công Nghệ Bưu Chính Viễn Thông,7340115_CLC,Marketing (chất lượng cao),A01,2025,22.0,,THPT
BVH,Học Viện Công Nghệ Bưu Chính Viễn Thông,7340115_CLC,Marketing (chất lượng cao),A01,2025,22.0,,THPT
BVH,Học viện Công nghệ Bưu chính Viễn thông (phía Bắc),7340115_CLC,Marketing CLC,A01,2025,22.0,,THPT
BVH,Học Viện Công Nghệ Bưu Chính Viễn Thông,7340115_CLC,Marketing (chất lượng cao),D01,2025,22.0,,THPT
BVH,Học Viện Công Nghệ Bưu Chính Viễn Thông,7340115_CLC,Marketing (chất lượng cao),D01,2025,22.0,,THPT
BVH,Học viện Công nghệ Bưu chính Viễn thông (phía Bắc),7340115_CLC,Marketing CLC,D01,2025,22.0,,THPT
BVH,Học viện Công nghệ Bưu chính Viễn thông (phía Bắc),7340115_QHC,Quan hệ công chúng ngành Marketing,A00,2025,23.47,,THPT
BVH,Học Viện Công Nghệ Bưu Chính Viễn Thông,7340115_QHC,Quan hệ công chúng (ngành Marketing),A00,2025,23.47,,THPT
BVH,Học Viện Công Nghệ Bưu Chính Viễn Thông,7340115_QHC,Quan hệ công chúng (ngành Marketing),A00,2025,23.47,,THPT
BVH,Học Viện Công Nghệ Bưu Chính Viễn Thông,7340115_QHC,Quan hệ công chúng (ngành Marketing),A01,2025,23.47,,THPT
BVH,Học Viện Công Nghệ Bưu Chính Viễn Thông,7340115_QHC,Quan hệ công chúng (ngành Marketing),A01,2025,23.47,,THPT
BVH,Học viện Công nghệ Bưu chính Viễn thông (phía Bắc),7340115_QHC,Quan hệ công chúng ngành Marketing,A01,2025,23.47,,THPT
BVH,Học Viện Công Nghệ Bưu Chính Viễn Thông,7340115_QHC,Quan hệ công chúng (ngành Marketing),D01,2025,23.47,,THPT
BVH,Học Viện Công Nghệ Bưu Chính Viễn Thông,7340115_QHC,Quan hệ công chúng (ngành Marketing),D01,2025,23.47,,THPT
BVH,Học viện Công nghệ Bưu chính Viễn thông (phía Bắc),7340115_QHC,Quan hệ công chúng ngành Marketing,D01,2025,23.47,,THPT
BVH,Học viện Công nghệ Bưu chính Viễn thông (phía Bắc),7340122,Thương mại điện tử,A00,2025,25.1,,THPT
BVH,Học Viện Công Nghệ Bưu Chính Viễn Thông,7340122,Thương mại điện tử,A00,2025,25.1,,THPT
BVH,Học Viện Công Nghệ Bưu Chính Viễn Thông,7340122,Thương mại điện tử,A00,2025,25.1,,THPT
BVH,Học Viện Công Nghệ Bưu Chính Viễn Thông,7340122,Thương mại điện tử,A01,2025,25.1,,THPT
BVH,Học Viện Công Nghệ Bưu Chính Viễn Thông,7340122,Thương mại điện tử,A01,2025,25.1,,THPT
BVH,Học viện Công nghệ Bưu chính Viễn thông (phía Bắc),7340122,Thương mại điện tử,A01,2025,25.1,,THPT
BVH,Học Viện Công Nghệ Bưu Chính Viễn Thông,7340122,Thương mại điện tử,D01,2025,25.1,,THPT
BVH,Học Viện Công Nghệ Bưu Chính Viễn Thông,7340122,Thương mại điện tử,D01,2025,25.1,,THPT
BVH,Học viện Công nghệ Bưu chính Viễn thông (phía Bắc),7340122,Thương mại điện tử,D01,2025,25.1,,THPT
BVH,Học viện Công nghệ Bưu chính Viễn thông (phía Bắc),7340205,Công nghệ tài chính,A00,2025,23.63,,THPT
BVH,Học Viện Công Nghệ Bưu Chính Viễn Thông,7340205,Công nghệ tài chính (Fintech),A00,2025,23.63,,THPT
BVH,Học Viện Công Nghệ Bưu Chính Viễn Thông,7340205,Công nghệ tài chính (Fintech),A00,2025,23.63,,THPT
BVH,Học Viện Công Nghệ Bưu Chính Viễn Thông,7340205,Công nghệ tài chính (Fintech),A01,2025,23.63,,THPT
BVH,Học Viện Công Nghệ Bưu Chính Viễn Thông,7340205,Công nghệ tài chính (Fintech),A01,2025,23.63,,THPT
BVH,Học viện Công nghệ Bưu chính Viễn thông (phía Bắc),7340205,Công nghệ tài chính,A01,2025,23.63,,THPT
BVH,Học Viện Công Nghệ Bưu Chính Viễn Thông,7340205,Công nghệ tài chính (Fintech),D01,2025,23.63,,THPT
BVH,Học Viện Công Nghệ Bưu Chính Viễn Thông,7340205,Công nghệ tài chính (Fintech),D01,2025,23.63,,THPT
BVH,Học viện Công nghệ Bưu chính Viễn thông (phía Bắc),7340205,Công nghệ tài chính,D01,2025,23.63,,THPT
BVH,Học viện Công nghệ Bưu chính Viễn thông (phía Bắc),7340301,Kế toán,A00,2025,22.5,,THPT
BVH,Học Viện Công Nghệ Bưu Chính Viễn Thông,7340301,Kế toán,A00,2025,22.5,,THPT
BVH,Học Viện Công Nghệ Bưu Chính Viễn Thông,7340301,Kế toán,A00,2025,22.5,,THPT
BVH,Học Viện Công Nghệ Bưu Chính Viễn Thông,7340301,Kế toán,A01,2025,22.5,,THPT
BVH,Học Viện Công Nghệ Bưu Chính Viễn Thông,7340301,Kế toán,A01,2025,22.5,,THPT
BVH,Học viện Công nghệ Bưu chính Viễn thông (phía Bắc),7340301,Kế toán,A01,2025,22.5,,THPT
BVH,Học Viện Công Nghệ Bưu Chính Viễn Thông,7340301,Kế toán,D01,2025,22.5,,THPT
BVH,Học Viện Công Nghệ Bưu Chính Viễn Thông,7340301,Kế toán,D01,2025,22.5,,THPT
BVH,Học viện Công nghệ Bưu chính Viễn thông (phía Bắc),7340301,Kế toán,D01,2025,22.5,,THPT
BVH,Học viện Công nghệ Bưu chính Viễn thông (phía Bắc),7340301_CLC,Kế toán chất lượng cao,A00,2025,21.0,,THPT
BVH,Học Viện Công Nghệ Bưu Chính Viễn Thông,7340301_CLC,Kế toán chất lượng cao (chuẩn quốc tế ACCA),A00,2025,21.0,,THPT
BVH,Học Viện Công Nghệ Bưu Chính Viễn Thông,7340301_CLC,Kế toán chất lượng cao (chuẩn quốc tế ACCA),A01,2025,21.0,,THPT
BVH,Học viện Công nghệ Bưu chính Viễn thông (phía Bắc),7340301_CLC,Kế toán chất lượng cao,A01,2025,21.0,,THPT
BVH,Học Viện Công Nghệ Bưu Chính Viễn Thông,7340301_CLC,Kế toán chất lượng cao (chuẩn quốc tế ACCA),D01,2025,21.0,,THPT
BVH,Học viện Công nghệ Bưu chính Viễn thông (phía Bắc),7340301_CLC,Kế toán chất lượng cao,D01,2025,21.0,,THPT
BVH,Học viện Công nghệ Bưu chính Viễn thông (phía Bắc),7480101,Khoa học máy tính,A00,2025,26.21,,THPT
BVH,Học Viện Công Nghệ Bưu Chính Viễn Thông,7480101,Khoa học máy tính (định hướng Khoa học dữ liệu),A00,2025,26.21,,THPT
BVH,Học Viện Công Nghệ Bưu Chính Viễn Thông,7480101,Khoa học máy tính (định hướng Khoa học dữ liệu),A01,2025,26.21,,THPT
BVH,Học viện Công nghệ Bưu chính Viễn thông (phía Bắc),7480101,Khoa học máy tính,A01,2025,26.21,,THPT
BVH,Học viện Công nghệ Bưu chính Viễn thông (phía Bắc),7480102,Mạng máy tính và truyền thông dữ liệu,A00,2025,24.4,,THPT
BVH,Học Viện Công Nghệ Bưu Chính Viễn Thông,7480102,Kỹ thuật dữ liệu (ngành Mạng máy tính và truyền thông dữ liệu),A00,2025,24.4,,THPT
BVH,Học Viện Công Nghệ Bưu Chính Viễn Thông,7480102,Kỹ thuật dữ liệu (ngành Mạng máy tính và truyền thông dữ liệu),A01,2025,24.4,,THPT
BVH,Học viện Công nghệ Bưu chính Viễn thông (phía Bắc),7480102,Mạng máy tính và truyền thông dữ liệu,A01,2025,24.4,,THPT
BVH,Học viện Công nghệ Bưu chính Viễn thông (phía Bắc),7480107,Trí tuệ nhân tạo,A00,2025,25.67,,THPT
BVH,Học Viện Công Nghệ Bưu Chính Viễn Thông,7480107,Trí tuệ nhân tạo,A00,2025,25.67,,THPT
BVH,Học Viện Công Nghệ Bưu Chính Viễn Thông,7480107,Trí tuệ nhân tạo,A01,2025,25.67,,THPT
BVH,Học viện Công nghệ Bưu chính Viễn thông (phía Bắc),7480107,Trí tuệ nhân tạo,A01,2025,25.67,,THPT
BVH,Học viện Công nghệ Bưu chính Viễn thông (phía Bắc),7480201,Công nghệ thông tin,A00,2025,25.8,,THPT
BVH,Học Viện Công Nghệ Bưu Chính Viễn Thông,7480201,Công nghệ thông tin,A00,2025,25.8,,THPT
BVH,Học Viện Công Nghệ Bưu Chính Viễn Thông,7480201,Công nghệ thông tin,A00,2025,25.8,,THPT
BVH,Học Viện Công Nghệ Bưu Chính Viễn Thông,7480201,Công nghệ thông tin,A01,2025,25.8,,THPT
BVH,Học Viện Công Nghệ Bưu Chính Viễn Thông,7480201,Công nghệ thông tin,A01,2025,25.8,,THPT
BVH,Học viện Công nghệ Bưu chính Viễn thông (phía Bắc),7480201,Công nghệ thông tin,A01,2025,25.8,,THPT
BVH,Học viện Công nghệ Bưu chính Viễn thông (phía Bắc),7480201_CLC,Công nghệ thông tin (Chất lượng cao): Chương trình đào tạo đạt chuẩn kiểm định quốc tế AUN-QA,A00,2025,23.6,,THPT
BVH,Học Viện Công Nghệ Bưu Chính Viễn Thông,7480201_CLC,Công nghệ thông tin - Chương trình chất lượng cao,A00,2025,23.6,,THPT
BVH,Học Viện Công Nghệ Bưu Chính Viễn Thông,7480201_CLC,Công nghệ thông tin - Chương trình chất lượng cao,A00,2025,23.6,,THPT
BVH,Học Viện Công Nghệ Bưu Chính Viễn Thông,7480201_CLC,Công nghệ thông tin - Chương trình chất lượng cao,A01,2025,23.6,,THPT
BVH,Học Viện Công Nghệ Bưu Chính Viễn Thông,7480201_CLC,Công nghệ thông tin - Chương trình chất lượng cao,A01,2025,23.6,,THPT
BVH,Học viện Công nghệ Bưu chính Viễn thông (phía Bắc),7480201_CLC,Công nghệ thông tin (Chất lượng cao): Chương trình đào tạo đạt chuẩn kiểm định quốc tế AUN-QA,A01,2025,23.6,,THPT
BVH,Học viện Công nghệ Bưu chính Viễn thông (phía Bắc),7480201_UDU,Cử nhân công nghệ thông tin (định hướng ứng dụng),A00,2025,22.2,,THPT
BVH,Học Viện Công Nghệ Bưu Chính Viễn Thông,7480201_UDU,Công nghệ thông tin (Cử nhân định hướng ứng dụng),A00,2025,22.2,,THPT
BVH,Học Viện Công Nghệ Bưu Chính Viễn Thông,7480201_UDU,Công nghệ thông tin (Cử nhân định hướng ứng dụng),A01,2025,22.2,,THPT
BVH,Học viện Công nghệ Bưu chính Viễn thông (phía Bắc),7480201_UDU,Cử nhân công nghệ thông tin (định hướng ứng dụng),A01,2025,22.2,,THPT
BVH,Học viện Công nghệ Bưu chính Viễn thông (phía Bắc),7480201_VNH,Công nghệ thông tin Việt - Nhật,A00,2025,23.48,,THPT
BVH,Học Viện Công Nghệ Bưu Chính Viễn Thông,7480201_VNH,Công nghệ thông tin Việt - Nhật,A00,2025,23.48,,THPT
BVH,Học Viện Công Nghệ Bưu Chính Viễn Thông,7480201_VNH,Công nghệ thông tin Việt - Nhật,A01,2025,23.48,,THPT
BVH,Học viện Công nghệ Bưu chính Viễn thông (phía Bắc),7480201_VNH,Công nghệ thông tin Việt - Nhật,A01,2025,23.48,,THPT
BVH,Học viện Công nghệ Bưu chính Viễn thông (phía Bắc),7480202,An toàn thông tin,A00,2025,25.21,,THPT
BVH,Học Viện Công Nghệ Bưu Chính Viễn Thông,7480202,An toàn thông tin,A00,2025,25.21,,THPT
BVH,Học Viện Công Nghệ Bưu Chính Viễn Thông,7480202,An toàn thông tin,A00,2025,25.21,,THPT
BVH,Học Viện Công Nghệ Bưu Chính Viễn Thông,7480202,An toàn thông tin,A01,2025,25.21,,THPT
BVH,Học Viện Công Nghệ Bưu Chính Viễn Thông,7480202,An toàn thông tin,A01,2025,25.21,,THPT
BVH,Học viện Công nghệ Bưu chính Viễn thông (phía Bắc),7480202,An toàn thông tin,A01,2025,25.21,,THPT
BVH,Học viện Công nghệ Bưu chính Viễn thông (phía Bắc),7480202_CLC,An toàn thông tin CLC,A00,2025,23.14,,THPT
BVH,Học Viện Công Nghệ Bưu Chính Viễn Thông,7480202_CLC,An toàn thông tin - Chất lượng cao,A00,2025,23.14,,THPT
BVH,Học Viện Công Nghệ Bưu Chính Viễn Thông,7480202_CLC,An toàn thông tin - Chất lượng cao,A01,2025,23.14,,THPT
BVH,Học viện Công nghệ Bưu chính Viễn thông (phía Bắc),7480202_CLC,An toàn thông tin CLC,A01,2025,23.14,,THPT
BVH,Học viện Công nghệ Bưu chính Viễn thông (phía Bắc),7510301,"Công nghệ kỹ thuật điện, điện tử",A00,2025,24.61,,THPT
BVH,Học Viện Công Nghệ Bưu Chính Viễn Thông,7510301,"Công nghệ Kỹ thuật Điện, điện tử",A00,2025,24.61,,THPT
BVH,Học Viện Công Nghệ Bưu Chính Viễn Thông,7510301,"Công nghệ Kỹ thuật Điện, điện tử",A00,2025,24.61,,THPT
BVH,Học Viện Công Nghệ Bưu Chính Viễn Thông,7510301,"Công nghệ Kỹ thuật Điện, điện tử",A01,2025,24.61,,THPT
BVH,Học Viện Công Nghệ Bưu Chính Viễn Thông,7510301,"Công nghệ Kỹ thuật Điện, điện tử",A01,2025,24.61,,THPT
BVH,Học viện Công nghệ Bưu chính Viễn thông (phía Bắc),7510301,"Công nghệ kỹ thuật điện, điện tử",A01,2025,24.61,,THPT
BVH,Học viện Công nghệ Bưu chính Viễn thông (phía Bắc),7510301_MBD,"Công nghệ vi mạch bán dẫn (ngành Công nghệ kỹ thuật Điện, điện tử)",A00,2025,25.5,,THPT
BVH,Học Viện Công Nghệ Bưu Chính Viễn Thông,7510301_MBD,"Công nghệ vi mạch bán dẫn (ngành Công nghệ Kỹ thuật Điện, điện tử)",A00,2025,25.5,,THPT
BVH,Học Viện Công Nghệ Bưu Chính Viễn Thông,7510301_MBD,"Công nghệ vi mạch bán dẫn (ngành Công nghệ Kỹ thuật Điện, điện tử)",A01,2025,25.5,,THPT
BVH,Học viện Công nghệ Bưu chính Viễn thông (phía Bắc),7510301_MBD,"Công nghệ vi mạch bán dẫn (ngành Công nghệ kỹ thuật Điện, điện tử)",A01,2025,25.5,,THPT
BVH,Học viện Công nghệ Bưu chính Viễn thông (phía Bắc),7520207,Ngành Kỹ thuật điện tử truyền thông,A00,2025,25.7,,THPT
BVH,Học Viện Công Nghệ Bưu Chính Viễn Thông,7520207,Kỹ thuật Điện tử viễn thông,A00,2025,25.1,,THPT
BVH,Học Viện Công Nghệ Bưu Chính Viễn Thông,7520207,Kỹ thuật Điện tử viễn thông,A00,2025,25.1,,THPT
BVH,Học Viện Công Nghệ Bưu Chính Viễn Thông,7520207,Kỹ thuật Điện tử viễn thông,A01,2025,25.1,,THPT
BVH,Học Viện Công Nghệ Bưu Chính Viễn Thông,7520207,Kỹ thuật Điện tử viễn thông,A01,2025,25.1,,THPT
BVH,Học viện Công nghệ Bưu chính Viễn thông (phía Bắc),7520207,Ngành Kỹ thuật điện tử truyền thông,A01,2025,25.7,,THPT
BVH,Học viện Công nghệ Bưu chính Viễn thông (phía Bắc),7520207_AIoT,Trí tuệ nhân tạo vạn vật (AIoT) (ngành Kỹ thuật Điện tử viễn thông),A00,2025,24.87,,THPT
BVH,Học Viện Công Nghệ Bưu Chính Viễn Thông,7520207_AIoT,Trí tuệ nhân tạo vạn vật (AIoT) (ngành Kỹ thuật Điện tử viễn thông),A00,2025,24.87,,THPT
BVH,Học Viện Công Nghệ Bưu Chính Viễn Thông,7520207_AIoT,Trí tuệ nhân tạo vạn vật (AIoT) (ngành Kỹ thuật Điện tử viễn thông),A01,2025,24.87,,THPT
BVH,Học viện Công nghệ Bưu chính Viễn thông (phía Bắc),7520207_AIoT,Trí tuệ nhân tạo vạn vật (AIoT) (ngành Kỹ thuật Điện tử viễn thông),A01,2025,24.87,,THPT
BVH,Học viện Công nghệ Bưu chính Viễn thông (phía Bắc),7520216,Ngành Kỹ thuật điều khiển & Tự động hóa,A00,2025,26.19,,THPT
BVH,Học Viện Công Nghệ Bưu Chính Viễn Thông,7520216,Kỹ thuật Điều khiển và tự động hóa,A00,2025,26.19,,THPT
BVH,Học Viện Công Nghệ Bưu Chính Viễn Thông,7520216,Kỹ thuật Điều khiển và tự động hóa,A00,2025,26.19,,THPT
BVH,Học Viện Công Nghệ Bưu Chính Viễn Thông,7520216,Kỹ thuật Điều khiển và tự động hóa,A01,2025,26.19,,THPT
BVH,Học Viện Công Nghệ Bưu Chính Viễn Thông,7520216,Kỹ thuật Điều khiển và tự động hóa,A01,2025,26.19,,THPT
BVH,Học viện Công nghệ Bưu chính Viễn thông (phía Bắc),7520216,Ngành Kỹ thuật điều khiển & Tự động hóa,A01,2025,26.19,,THPT
BVS,Học viện Công nghệ Bưu chính Viễn thông (phía Nam),7320104,Truyền thông đa phương tiện,A00,2025,24.0,,THPT
BVS,Học Viện Công Nghệ Bưu Chính Viễn Thông (Cơ sở TP.HCM),7320104,Truyền thông đa phương tiện,A00,2025,24.0,,THPT
BVS,Học Viện Công Nghệ Bưu Chính Viễn Thông (Cơ sở TP.HCM),7320104,Truyền thông đa phương tiện,A01,2025,24.0,,THPT
BVS,Học viện Công nghệ Bưu chính Viễn thông (phía Nam),7320104,Truyền thông đa phương tiện,A01,2025,24.0,,THPT
BVS,Học Viện Công Nghệ Bưu Chính Viễn Thông (Cơ sở TP.HCM),7320104,Truyền thông đa phương tiện,D01,2025,24.0,,THPT
BVS,Học viện Công nghệ Bưu chính Viễn thông (phía Nam),7320104,Truyền thông đa phương tiện,D01,2025,24.0,,THPT
BVS,Học viện Công nghệ Bưu chính Viễn thông (phía Nam),7329001,Công nghệ đa phương tiện,A00,2025,21.35,,THPT
BVS,Học Viện Công Nghệ Bưu Chính Viễn Thông (Cơ sở TP.HCM),7329001,Công nghệ đa phương tiện,A00,2025,21.35,,THPT
BVS,Học Viện Công Nghệ Bưu Chính Viễn Thông (Cơ sở TP.HCM),7329001,Công nghệ đa phương tiện,A01,2025,21.35,,THPT
BVS,Học viện Công nghệ Bưu chính Viễn thông (phía Nam),7329001,Công nghệ đa phương tiện,A01,2025,21.35,,THPT
BVS,Học Viện Công Nghệ Bưu Chính Viễn Thông (Cơ sở TP.HCM),7329001,Công nghệ đa phương tiện,D01,2025,21.35,,THPT
BVS,Học viện Công nghệ Bưu chính Viễn thông (phía Nam),7329001,Công nghệ đa phương tiện,D01,2025,21.35,,THPT
BVS,Học viện Công nghệ Bưu chính Viễn thông (phía Nam),7340101,Quản trị Kinh doanh,A00,2025,17.2,,THPT
BVS,Học Viện Công Nghệ Bưu Chính Viễn Thông (Cơ sở TP.HCM),7340101,Quản trị kinh doanh,A00,2025,17.2,,THPT
BVS,Học Viện Công Nghệ Bưu Chính Viễn Thông (Cơ sở TP.HCM),7340101,Quản trị kinh doanh,A01,2025,17.2,,THPT
BVS,Học viện Công nghệ Bưu chính Viễn thông (phía Nam),7340101,Quản trị Kinh doanh,A01,2025,17.2,,THPT
BVS,Học Viện Công Nghệ Bưu Chính Viễn Thông (Cơ sở TP.HCM),7340101,Quản trị kinh doanh,D01,2025,17.2,,THPT
BVS,Học viện Công nghệ Bưu chính Viễn thông (phía Nam),7340101,Quản trị Kinh doanh,D01,2025,17.2,,THPT
BVS,Học viện Công nghệ Bưu chính Viễn thông (phía Nam),7340115,Marketing,A00,2025,21.25,,THPT
BVS,Học Viện Công Nghệ Bưu Chính Viễn Thông (Cơ sở TP.HCM),7340115,Marketing,A00,2025,21.25,,THPT
BVS,Học Viện Công Nghệ Bưu Chính Viễn Thông (Cơ sở TP.HCM),7340115,Marketing,A01,2025,21.25,,THPT
BVS,Học viện Công nghệ Bưu chính Viễn thông (phía Nam),7340115,Marketing,A01,2025,21.25,,THPT
BVS,Học Viện Công Nghệ Bưu Chính Viễn Thông (Cơ sở TP.HCM),7340115,Marketing,D01,2025,21.25,,THPT
BVS,Học viện Công nghệ Bưu chính Viễn thông (phía Nam),7340115,Marketing,D01,2025,21.25,,THPT
BVS,Học viện Công nghệ Bưu chính Viễn thông (phía Nam),7340115_CLC,Marketing CLC,A00,2025,18.75,,THPT
BVS,Học Viện Công Nghệ Bưu Chính Viễn Thông (Cơ sở TP.HCM),7340115_CLC,Marketing,A00,2025,18.75,,THPT
BVS,Học Viện Công Nghệ Bưu Chính Viễn Thông (Cơ sở TP.HCM),7340115_CLC,Marketing,A01,2025,18.75,,THPT
BVS,Học viện Công nghệ Bưu chính Viễn thông (phía Nam),7340115_CLC,Marketing CLC,A01,2025,18.75,,THPT
BVS,Học Viện Công Nghệ Bưu Chính Viễn Thông (Cơ sở TP.HCM),7340115_CLC,Marketing,D01,2025,18.75,,THPT
BVS,Học viện Công nghệ Bưu chính Viễn thông (phía Nam),7340115_CLC,Marketing CLC,D01,2025,18.75,,THPT
BVS,Học viện Công nghệ Bưu chính Viễn thông (phía Nam),7340301,Kế toán,A00,2025,16.25,,THPT
BVS,Học Viện Công Nghệ Bưu Chính Viễn Thông (Cơ sở TP.HCM),7340301,Kế toán,A00,2025,16.25,,THPT
BVS,Học Viện Công Nghệ Bưu Chính Viễn Thông (Cơ sở TP.HCM),7340301,Kế toán,A01,2025,16.25,,THPT
BVS,Học viện Công nghệ Bưu chính Viễn thông (phía Nam),7340301,Kế toán,A01,2025,16.25,,THPT
BVS,Học Viện Công Nghệ Bưu Chính Viễn Thông (Cơ sở TP.HCM),7340301,Kế toán,D01,2025,16.25,,THPT
BVS,Học viện Công nghệ Bưu chính Viễn thông (phía Nam),7340301,Kế toán,D01,2025,16.25,,THPT
BVS,Học viện Công nghệ Bưu chính Viễn thông (phía Nam),7480201,Công nghệ thông tin,A00,2025,23.47,,THPT
BVS,Học Viện Công Nghệ Bưu Chính Viễn Thông (Cơ sở TP.HCM),7480201,Công nghệ thông tin,A00,2025,23.47,,THPT
BVS,Học Viện Công Nghệ Bưu Chính Viễn Thông (Cơ sở TP.HCM),7480201,Công nghệ thông tin,A01,2025,23.47,,THPT
BVS,Học viện Công nghệ Bưu chính Viễn thông (phía Nam),7480201,Công nghệ thông tin,A01,2025,23.47,,THPT
BVS,Học viện Công nghệ Bưu chính Viễn thông (phía Nam),7480201_CLC,Công nghệ thông tin (Chất lượng cao): Chương trình đào tạo đạt chuẩn kiểm định quốc tế AUN-QA,A00,2025,21.5,,THPT
BVS,Học Viện Công Nghệ Bưu Chính Viễn Thông (Cơ sở TP.HCM),7480201_CLC,Công nghệ thông tin,A00,2025,21.5,,THPT
BVS,Học Viện Công Nghệ Bưu Chính Viễn Thông (Cơ sở TP.HCM),7480201_CLC,Công nghệ thông tin,A01,2025,21.5,,THPT
BVS,Học viện Công nghệ Bưu chính Viễn thông (phía Nam),7480201_CLC,Công nghệ thông tin (Chất lượng cao): Chương trình đào tạo đạt chuẩn kiểm định quốc tế AUN-QA,A01,2025,21.5,,THPT
BVS,Học viện Công nghệ Bưu chính Viễn thông (phía Nam),7480202,An toàn thông tin,A00,2025,23.09,,THPT
BVS,Học Viện Công Nghệ Bưu Chính Viễn Thông (Cơ sở TP.HCM),7480202,An toàn thông tin,A00,2025,23.09,,THPT
BVS,Học Viện Công Nghệ Bưu Chính Viễn Thông (Cơ sở TP.HCM),7480202,An toàn thông tin,A01,2025,23.09,,THPT
BVS,Học viện Công nghệ Bưu chính Viễn thông (phía Nam),7480202,An toàn thông tin,A01,2025,23.09,,THPT
BVS,Học viện Công nghệ Bưu chính Viễn thông (phía Nam),7510301,"Công nghệ kỹ thuật điện, điện tử",A00,2025,20.0,,THPT
BVS,Học Viện Công Nghệ Bưu Chính Viễn Thông (Cơ sở TP.HCM),7510301,"Công nghệ kỹ thuật điện, điện tử",A00,2025,20.0,,THPT
BVS,Học Viện Công Nghệ Bưu Chính Viễn Thông (Cơ sở TP.HCM),7510301,"Công nghệ kỹ thuật điện, điện tử",A01,2025,20.0,,THPT
BVS,Học viện Công nghệ Bưu chính Viễn thông (phía Nam),7510301,"Công nghệ kỹ thuật điện, điện tử",A01,2025,20.0,,THPT
BVS,Học viện Công nghệ Bưu chính Viễn thông (phía Nam),7520207,Ngành Kỹ thuật điện tử truyền thông,A00,2025,21.0,,THPT
BVS,Học Viện Công Nghệ Bưu Chính Viễn Thông (Cơ sở TP.HCM),7520207,kỹ thuật điện tử viễn thông,A00,2025,21.0,,THPT
BVS,Học Viện Công Nghệ Bưu Chính Viễn Thông (Cơ sở TP.HCM),7520207,kỹ thuật điện tử viễn thông,A01,2025,21.0,,THPT
BVS,Học viện Công nghệ Bưu chính Viễn thông (phía Nam),7520207,Ngành Kỹ thuật điện tử truyền thông,A01,2025,21.0,,THPT
BVS,Học viện Công nghệ Bưu chính Viễn thông (phía Nam),7520208,Công nghệ Internet vạn vật,A00,2025,17.25,,THPT
BVS,Học Viện Công Nghệ Bưu Chính Viễn Thông (Cơ sở TP.HCM),7520208,Công nghệ internet vạn vật (IoT),A00,2025,17.25,,THPT
BVS,Học Viện Công Nghệ Bưu Chính Viễn Thông (Cơ sở TP.HCM),7520208,Công nghệ internet vạn vật (IoT),A01,2025,17.25,,THPT
BVS,Học viện Công nghệ Bưu chính Viễn thông (phía Nam),7520208,Công nghệ Internet vạn vật,A01,2025,17.25,,THPT
BVS,Học viện Công nghệ Bưu chính Viễn thông (phía Nam),7520216,Ngành Kỹ thuật điều khiển & Tự động hóa,A00,2025,19.8,,THPT
BVS,Học Viện Công Nghệ Bưu Chính Viễn Thông (Cơ sở TP.HCM),7520216,Kỹ thuật điều khiển và tự động hóa,A00,2025,19.8,,THPT
BVS,Học Viện Công Nghệ Bưu Chính Viễn Thông (Cơ sở TP.HCM),7520216,Kỹ thuật điều khiển và tự động hóa,A01,2025,19.8,,THPT
BVS,Học viện Công nghệ Bưu chính Viễn thông (phía Nam),7520216,Ngành Kỹ thuật điều khiển & Tự động hóa,A01,2025,19.8,,THPT
BVU,Trường Đại Học Bà Rịa – Vũng Tàu,7220201,Ngôn ngữ Anh,A01,2025,15.0,,THPT
BVU,Trường Đại Học Bà Rịa – Vũng Tàu,7220201,Ngôn ngữ Anh,D01,2025,15.0,,THPT
BVU,Trường Đại Học Bà Rịa – Vũng Tàu,7220201C1,"Ngôn ngữ Anh (Tiếng Anh biên - phiên dịch - Chương trình chuẩn, ngoại ngữ tiếng Anh/Nhật/Hàn/Trung)",A01,2025,15.0,,THPT
BVU,Trường Đại Học Bà Rịa – Vũng Tàu,7220201C1,"Ngôn ngữ Anh (Tiếng Anh biên - phiên dịch - Chương trình chuẩn, ngoại ngữ tiếng Anh/Nhật/Hàn/Trung)",D01,2025,15.0,,THPT
BVU,Trường Đại Học Bà Rịa – Vũng Tàu,7220201C2,"Ngôn ngữ Anh (Tiếng Anh du lịch - thương mại - Chương trình chuẩn, ngoại ngữ tiếng Anh/Nhật/Hàn/Trung)",A01,2025,15.0,,THPT
BVU,Trường Đại Học Bà Rịa – Vũng Tàu,7220201C2,"Ngôn ngữ Anh (Tiếng Anh du lịch - thương mại - Chương trình chuẩn, ngoại ngữ tiếng Anh/Nhật/Hàn/Trung)",D01,2025,15.0,,THPT
BVU,Trường Đại Học Bà Rịa – Vũng Tàu,7220201C3,"Ngôn ngữ Anh (Phương pháp giảng dạy tiếng Anh - Chương trình chuẩn, ngoại ngữ tiếng Anh/Nhật/Hàn/Trung)",A01,2025,15.0,,THPT
BVU,Trường Đại Học Bà Rịa – Vũng Tàu,7220201C3,"Ngôn ngữ Anh (Phương pháp giảng dạy tiếng Anh - Chương trình chuẩn, ngoại ngữ tiếng Anh/Nhật/Hàn/Trung)",D01,2025,15.0,,THPT
BVU,Trường Đại Học Bà Rịa – Vũng Tàu,7220201CT,Ngôn ngữ Anh (Lý luận và phương pháp dạy học bộ môn tiếng Anh - Chương trình chuẩn nhận hai bằng cử nhân và thạc sĩ),A01,2025,15.0,,THPT
BVU,Trường Đại Học Bà Rịa – Vũng Tàu,7220201CT,Ngôn ngữ Anh (Lý luận và phương pháp dạy học bộ môn tiếng Anh - Chương trình chuẩn nhận hai bằng cử nhân và thạc sĩ),C00,2025,15.0,,THPT
BVU,Trường Đại Học Bà Rịa – Vũng Tàu,7220201CT,Ngôn ngữ Anh (Lý luận và phương pháp dạy học bộ môn tiếng Anh - Chương trình chuẩn nhận hai bằng cử nhân và thạc sĩ),D01,2025,15.0,,THPT
BVU,Trường Đại Học Bà Rịa – Vũng Tàu,7220204,"Ngôn ngữ Trung Quốc (Chương trình chuẩn, ngoại ngữ tiếng Anh/Nhật/Hàn/Trung)",C00,2025,15.0,,THPT
BVU,Trường Đại Học Bà Rịa – Vũng Tàu,7220204,"Ngôn ngữ Trung Quốc (Chương trình chuẩn, ngoại ngữ tiếng Anh/Nhật/Hàn/Trung)",D01,2025,15.0,,THPT
BVU,Trường Đại Học Bà Rịa – Vũng Tàu,7220204C1,"Ngôn ngữ Trung Quốc (Tiếng Trung biên - phiên dịch - Chương trình chuẩn, ngoại ngữ tiếng Anh/Nhật/Hàn/Trung)",C00,2025,15.0,,THPT
BVU,Trường Đại Học Bà Rịa – Vũng Tàu,7220204C1,"Ngôn ngữ Trung Quốc (Tiếng Trung biên - phiên dịch - Chương trình chuẩn, ngoại ngữ tiếng Anh/Nhật/Hàn/Trung)",D01,2025,15.0,,THPT
BVU,Trường Đại Học Bà Rịa – Vũng Tàu,7220204C2,"Ngôn ngữ Trung Quốc (Tiếng Trung du lịch - thương mại - Chương trình chuẩn, ngoại ngữ tiếng Anh/Nhật/Hàn/Trung)",C00,2025,15.0,,THPT
BVU,Trường Đại Học Bà Rịa – Vũng Tàu,7220204C2,"Ngôn ngữ Trung Quốc (Tiếng Trung du lịch - thương mại - Chương trình chuẩn, ngoại ngữ tiếng Anh/Nhật/Hàn/Trung)",D01,2025,15.0,,THPT
BVU,Trường Đại Học Bà Rịa – Vũng Tàu,7220204C3,"Ngôn ngữ Trung Quốc (Phương pháp giảng dạy tiếng Trung - Chương trình chuẩn, ngoại ngữ tiếng Anh/Nhật/Hàn/Trung)",C00,2025,15.0,,THPT
BVU,Trường Đại Học Bà Rịa – Vũng Tàu,7220204C3,"Ngôn ngữ Trung Quốc (Phương pháp giảng dạy tiếng Trung - Chương trình chuẩn, ngoại ngữ tiếng Anh/Nhật/Hàn/Trung)",D01,2025,15.0,,THPT
BVU,Trường Đại Học Bà Rịa – Vũng Tàu,7310401,Tâm lý học,A01,2025,15.0,,THPT
BVU,Trường Đại Học Bà Rịa – Vũng Tàu,7310401,Tâm lý học,C00,2025,15.0,,THPT
BVU,Trường Đại Học Bà Rịa – Vũng Tàu,7310401,Tâm lý học,D01,2025,15.0,,THPT
BVU,Trường Đại Học Bà Rịa – Vũng Tàu,7310401C1,"Tâm lý học (Tham vấn và trị liệu tâm lý - Chương trình chuẩn, ngoại ngữ tiếng Anh)",A01,2025,15.0,,THPT
BVU,Trường Đại Học Bà Rịa – Vũng Tàu,7310401C1,"Tâm lý học (Tham vấn và trị liệu tâm lý - Chương trình chuẩn, ngoại ngữ tiếng Anh)",C00,2025,15.0,,THPT
BVU,Trường Đại Học Bà Rịa – Vũng Tàu,7310401C1,"Tâm lý học (Tham vấn và trị liệu tâm lý - Chương trình chuẩn, ngoại ngữ tiếng Anh)",D01,2025,15.0,,THPT
BVU,Trường Đại Học Bà Rịa – Vũng Tàu,7310608C1,"Đông phương học (Ngôn ngữ và văn hóa Hàn Quốc - Chương trình chuẩn, ngoại ngữ tiếng Anh/Nhật/Hàn/Trung)",C00,2025,15.0,,THPT
BVU,Trường Đại Học Bà Rịa – Vũng Tàu,7310608C1,"Đông phương học (Ngôn ngữ và văn hóa Hàn Quốc - Chương trình chuẩn, ngoại ngữ tiếng Anh/Nhật/Hàn/Trung)",D01,2025,15.0,,THPT
BVU,Trường Đại Học Bà Rịa – Vũng Tàu,7310608C2,"Đông phương học (Phương pháp giảng dạy tiếng Hàn - Chương trình chuẩn, ngoại ngữ tiếng Anh/Nhật/Hàn/Trung)",C00,2025,15.0,,THPT
BVU,Trường Đại Học Bà Rịa – Vũng Tàu,7310608C2,"Đông phương học (Phương pháp giảng dạy tiếng Hàn - Chương trình chuẩn, ngoại ngữ tiếng Anh/Nhật/Hàn/Trung)",D01,2025,15.0,,THPT
BVU,Trường Đại Học Bà Rịa – Vũng Tàu,7310608C3,"Đông phương học (Ngôn ngữ và văn hóa Nhật Bản - Chương trình chuẩn, ngoại ngữ tiếng Anh/Nhật/Hàn/Trung)",C00,2025,15.0,,THPT
BVU,Trường Đại Học Bà Rịa – Vũng Tàu,7310608C3,"Đông phương học (Ngôn ngữ và văn hóa Nhật Bản - Chương trình chuẩn, ngoại ngữ tiếng Anh/Nhật/Hàn/Trung)",D01,2025,15.0,,THPT
BVU,Trường Đại Học Bà Rịa – Vũng Tàu,7310608C4,"Đông phương học (Phương pháp giảng dạy tiếng Nhật - Chương trình chuẩn, ngoại ngữ tiếng Anh/Nhật/Hàn/Trung)",C00,2025,15.0,,THPT
BVU,Trường Đại Học Bà Rịa – Vũng Tàu,7310608C4,"Đông phương học (Phương pháp giảng dạy tiếng Nhật - Chương trình chuẩn, ngoại ngữ tiếng Anh/Nhật/Hàn/Trung)",D01,2025,15.0,,THPT
BVU,Trường Đại Học Bà Rịa – Vũng Tàu,7310608C5,"Đông phương học (Văn hóa và truyền thông xuyên quốc gia - Chương trình chuẩn, ngoại ngữ tiếng Anh/Nhật/Hàn/Trung)",C00,2025,15.0,,THPT
BVU,Trường Đại Học Bà Rịa – Vũng Tàu,7310608C5,"Đông phương học (Văn hóa và truyền thông xuyên quốc gia - Chương trình chuẩn, ngoại ngữ tiếng Anh/Nhật/Hàn/Trung)",D01,2025,15.0,,THPT
BVU,Trường Đại Học Bà Rịa – Vũng Tàu,7310608CT1,Đông phương học (Ngôn ngữ và văn hóa Nhật Bản - Chương trình chuẩn nhận hai bằng cử nhân và thạc sĩ),A01,2025,15.0,,THPT
BVU,Trường Đại Học Bà Rịa – Vũng Tàu,7310608CT1,Đông phương học (Ngôn ngữ và văn hóa Nhật Bản - Chương trình chuẩn nhận hai bằng cử nhân và thạc sĩ),C00,2025,15.0,,THPT
BVU,Trường Đại Học Bà Rịa – Vũng Tàu,7310608CT1,Đông phương học (Ngôn ngữ và văn hóa Nhật Bản - Chương trình chuẩn nhận hai bằng cử nhân và thạc sĩ),D01,2025,15.0,,THPT
BVU,Trường Đại Học Bà Rịa – Vũng Tàu,7310608CT2,Đông phương học (Ngôn ngữ và văn hóa Hàn Quốc - Chương trình chuẩn nhận hai bằng cử nhân và thạc sĩ),A01,2025,15.0,,THPT
BVU,Trường Đại Học Bà Rịa – Vũng Tàu,7310608CT2,Đông phương học (Ngôn ngữ và văn hóa Hàn Quốc - Chương trình chuẩn nhận hai bằng cử nhân và thạc sĩ),C00,2025,15.0,,THPT
BVU,Trường Đại Học Bà Rịa – Vũng Tàu,7310608CT2,Đông phương học (Ngôn ngữ và văn hóa Hàn Quốc - Chương trình chuẩn nhận hai bằng cử nhân và thạc sĩ),D01,2025,15.0,,THPT
BVU,Trường Đại Học Bà Rịa – Vũng Tàu,7320104,Truyền thông đa phương tiện,A00,2025,15.0,,THPT
BVU,Trường Đại Học Bà Rịa – Vũng Tàu,7320104,Truyền thông đa phương tiện,A01,2025,15.0,,THPT
BVU,Trường Đại Học Bà Rịa – Vũng Tàu,7320104,Truyền thông đa phương tiện,C00,2025,15.0,,THPT
BVU,Trường Đại Học Bà Rịa – Vũng Tàu,7320104,Truyền thông đa phương tiện,D01,2025,15.0,,THPT
BVU,Trường Đại Học Bà Rịa – Vũng Tàu,7320108,Quan hệ công chúng,A00,2025,15.0,,THPT
BVU,Trường Đại Học Bà Rịa – Vũng Tàu,7320108,Quan hệ công chúng,A01,2025,15.0,,THPT
BVU,Trường Đại Học Bà Rịa – Vũng Tàu,7320108,Quan hệ công chúng,C00,2025,15.0,,THPT
BVU,Trường Đại Học Bà Rịa – Vũng Tàu,7320108,Quan hệ công chúng,D01,2025,15.0,,THPT
BVU,Trường Đại Học Bà Rịa – Vũng Tàu,7340101,Quản trị kinh doanh,A00,2025,15.0,,THPT
BVU,Trường Đại Học Bà Rịa – Vũng Tàu,7340101,Quản trị kinh doanh,A01,2025,15.0,,THPT
BVU,Trường Đại Học Bà Rịa – Vũng Tàu,7340101,Quản trị kinh doanh,C00,2025,15.0,,THPT
BVU,Trường Đại Học Bà Rịa – Vũng Tàu,7340101,Quản trị kinh doanh,D01,2025,15.0,,THPT
BVU,Trường Đại Học Bà Rịa – Vũng Tàu,7340101C1,"Quản trị kinh doanh (Quản trị doanh nghiệp - Chương trình chuẩn, ngoại ngữ tiếng Anh)",A00,2025,15.0,,THPT
BVU,Trường Đại Học Bà Rịa – Vũng Tàu,7340101C1,"Quản trị kinh doanh (Quản trị doanh nghiệp - Chương trình chuẩn, ngoại ngữ tiếng Anh)",A01,2025,15.0,,THPT
BVU,Trường Đại Học Bà Rịa – Vũng Tàu,7340101C1,"Quản trị kinh doanh (Quản trị doanh nghiệp - Chương trình chuẩn, ngoại ngữ tiếng Anh)",C00,2025,15.0,,THPT
BVU,Trường Đại Học Bà Rịa – Vũng Tàu,7340101C1,"Quản trị kinh doanh (Quản trị doanh nghiệp - Chương trình chuẩn, ngoại ngữ tiếng Anh)",D01,2025,15.0,,THPT
BVU,Trường Đại Học Bà Rịa – Vũng Tàu,7340101C2,"Quản trị kinh doanh (Quản trị kinh doanh bất động sản - Chương trình chuẩn, ngoại ngữ tiếng Anh)",A00,2025,15.0,,THPT
BVU,Trường Đại Học Bà Rịa – Vũng Tàu,7340101C2,"Quản trị kinh doanh (Quản trị kinh doanh bất động sản - Chương trình chuẩn, ngoại ngữ tiếng Anh)",A01,2025,15.0,,THPT
BVU,Trường Đại Học Bà Rịa – Vũng Tàu,7340101C2,"Quản trị kinh doanh (Quản trị kinh doanh bất động sản - Chương trình chuẩn, ngoại ngữ tiếng Anh)",C00,2025,15.0,,THPT
BVU,Trường Đại Học Bà Rịa – Vũng Tàu,7340101C2,"Quản trị kinh doanh (Quản trị kinh doanh bất động sản - Chương trình chuẩn, ngoại ngữ tiếng Anh)",D01,2025,15.0,,THPT
BVU,Trường Đại Học Bà Rịa – Vũng Tàu,7340101C3,"Quản trị kinh doanh (Quản trị nhân sự - Chương trình chuẩn, ngoại ngữ tiếng Anh)",A00,2025,15.0,,THPT
BVU,Trường Đại Học Bà Rịa – Vũng Tàu,7340101C3,"Quản trị kinh doanh (Quản trị nhân sự - Chương trình chuẩn, ngoại ngữ tiếng Anh)",A01,2025,15.0,,THPT
BVU,Trường Đại Học Bà Rịa – Vũng Tàu,7340101C3,"Quản trị kinh doanh (Quản trị nhân sự - Chương trình chuẩn, ngoại ngữ tiếng Anh)",C00,2025,15.0,,THPT
BVU,Trường Đại Học Bà Rịa – Vũng Tàu,7340101C3,"Quản trị kinh doanh (Quản trị nhân sự - Chương trình chuẩn, ngoại ngữ tiếng Anh)",D01,2025,15.0,,THPT
BVU,Trường Đại Học Bà Rịa – Vũng Tàu,7340101C4,"Quản trị kinh doanh (Quản trị sự kiện và dịch vụ giải trí - Chương trình chuẩn, ngoại ngữ tiếng Anh)",A00,2025,15.0,,THPT
BVU,Trường Đại Học Bà Rịa – Vũng Tàu,7340101C4,"Quản trị kinh doanh (Quản trị sự kiện và dịch vụ giải trí - Chương trình chuẩn, ngoại ngữ tiếng Anh)",A01,2025,15.0,,THPT
BVU,Trường Đại Học Bà Rịa – Vũng Tàu,7340101C4,"Quản trị kinh doanh (Quản trị sự kiện và dịch vụ giải trí - Chương trình chuẩn, ngoại ngữ tiếng Anh)",C00,2025,15.0,,THPT
BVU,Trường Đại Học Bà Rịa – Vũng Tàu,7340101C4,"Quản trị kinh doanh (Quản trị sự kiện và dịch vụ giải trí - Chương trình chuẩn, ngoại ngữ tiếng Anh)",D01,2025,15.0,,THPT
BVU,Trường Đại Học Bà Rịa – Vũng Tàu,7340101C5,"Quản trị kinh doanh (Quản trị khởi nghiệp - Chương trình chuẩn, ngoại ngữ tiếng Anh)",A00,2025,15.0,,THPT
BVU,Trường Đại Học Bà Rịa – Vũng Tàu,7340101C5,"Quản trị kinh doanh (Quản trị khởi nghiệp - Chương trình chuẩn, ngoại ngữ tiếng Anh)",A01,2025,15.0,,THPT
BVU,Trường Đại Học Bà Rịa – Vũng Tàu,7340101C5,"Quản trị kinh doanh (Quản trị khởi nghiệp - Chương trình chuẩn, ngoại ngữ tiếng Anh)",C00,2025,15.0,,THPT
BVU,Trường Đại Học Bà Rịa – Vũng Tàu,7340101C5,"Quản trị kinh doanh (Quản trị khởi nghiệp - Chương trình chuẩn, ngoại ngữ tiếng Anh)",D01,2025,15.0,,THPT
BVU,Trường Đại Học Bà Rịa – Vũng Tàu,7340101CT,Quản trị kinh doanh (Chương trình chuẩn nhận hai bằng cử nhân và thạc sĩ),A00,2025,15.0,,THPT
BVU,Trường Đại Học Bà Rịa – Vũng Tàu,7340101CT,Quản trị kinh doanh (Chương trình chuẩn nhận hai bằng cử nhân và thạc sĩ),A01,2025,15.0,,THPT
BVU,Trường Đại Học Bà Rịa – Vũng Tàu,7340101CT,Quản trị kinh doanh (Chương trình chuẩn nhận hai bằng cử nhân và thạc sĩ),C00,2025,15.0,,THPT
BVU,Trường Đại Học Bà Rịa – Vũng Tàu,7340101CT,Quản trị kinh doanh (Chương trình chuẩn nhận hai bằng cử nhân và thạc sĩ),D01,2025,15.0,,THPT
BVU,Trường Đại Học Bà Rịa – Vũng Tàu,7340101QA,Quản trị kinh doanh & Ngôn ngữ Anh (Chương trình chuẩn nhận cùng lúc hai bằng cử nhân),A01,2025,15.0,,THPT
BVU,Trường Đại Học Bà Rịa – Vũng Tàu,7340101QA,Quản trị kinh doanh & Ngôn ngữ Anh (Chương trình chuẩn nhận cùng lúc hai bằng cử nhân),C00,2025,15.0,,THPT
BVU,Trường Đại Học Bà Rịa – Vũng Tàu,7340101QA,Quản trị kinh doanh & Ngôn ngữ Anh (Chương trình chuẩn nhận cùng lúc hai bằng cử nhân),D01,2025,15.0,,THPT
BVU,Trường Đại Học Bà Rịa – Vũng Tàu,7340101QL,Quản trị kinh doanh & Luật (Chương trình chuẩn nhận cùng lúc hai bằng cử nhân),A01,2025,15.0,,THPT
BVU,Trường Đại Học Bà Rịa – Vũng Tàu,7340101QL,Quản trị kinh doanh & Luật (Chương trình chuẩn nhận cùng lúc hai bằng cử nhân),C00,2025,15.0,,THPT
BVU,Trường Đại Học Bà Rịa – Vũng Tàu,7340101QL,Quản trị kinh doanh & Luật (Chương trình chuẩn nhận cùng lúc hai bằng cử nhân),D01,2025,15.0,,THPT
BVU,Trường Đại Học Bà Rịa – Vũng Tàu,7340115,Marketing,A00,2025,15.0,,THPT
BVU,Trường Đại Học Bà Rịa – Vũng Tàu,7340115,Marketing,A01,2025,15.0,,THPT
BVU,Trường Đại Học Bà Rịa – Vũng Tàu,7340115,Marketing,C00,2025,15.0,,THPT
BVU,Trường Đại Học Bà Rịa – Vũng Tàu,7340115,Marketing,D01,2025,15.0,,THPT
BVU,Trường Đại Học Bà Rịa – Vũng Tàu,7340115C1,"Marketing (Marketing và tổ chức sự kiện - Chương trình chuẩn, ngoại ngữ tiếng Anh)",A00,2025,15.0,,THPT
BVU,Trường Đại Học Bà Rịa – Vũng Tàu,7340115C1,"Marketing (Marketing và tổ chức sự kiện - Chương trình chuẩn, ngoại ngữ tiếng Anh)",A01,2025,15.0,,THPT
BVU,Trường Đại Học Bà Rịa – Vũng Tàu,7340115C1,"Marketing (Marketing và tổ chức sự kiện - Chương trình chuẩn, ngoại ngữ tiếng Anh)",C00,2025,15.0,,THPT
BVU,Trường Đại Học Bà Rịa – Vũng Tàu,7340115C1,"Marketing (Marketing và tổ chức sự kiện - Chương trình chuẩn, ngoại ngữ tiếng Anh)",D01,2025,15.0,,THPT
BVU,Trường Đại Học Bà Rịa – Vũng Tàu,7340115C2,"Marketing (Marketing thương mại - Chương trình chuẩn, ngoại ngữ tiếng Anh)",A00,2025,15.0,,THPT
BVU,Trường Đại Học Bà Rịa – Vũng Tàu,7340115C2,"Marketing (Marketing thương mại - Chương trình chuẩn, ngoại ngữ tiếng Anh)",A01,2025,15.0,,THPT
BVU,Trường Đại Học Bà Rịa – Vũng Tàu,7340115C2,"Marketing (Marketing thương mại - Chương trình chuẩn, ngoại ngữ tiếng Anh)",C00,2025,15.0,,THPT
BVU,Trường Đại Học Bà Rịa – Vũng Tàu,7340115C2,"Marketing (Marketing thương mại - Chương trình chuẩn, ngoại ngữ tiếng Anh)",D01,2025,15.0,,THPT
BVU,Trường Đại Học Bà Rịa – Vũng Tàu,7340115C3,"Marketing (Digital marketing - Chương trình chuẩn, ngoại ngữ tiếng Anh)",A00,2025,15.0,,THPT
BVU,Trường Đại Học Bà Rịa – Vũng Tàu,7340115C3,"Marketing (Digital marketing - Chương trình chuẩn, ngoại ngữ tiếng Anh)",A01,2025,15.0,,THPT
BVU,Trường Đại Học Bà Rịa – Vũng Tàu,7340115C3,"Marketing (Digital marketing - Chương trình chuẩn, ngoại ngữ tiếng Anh)",C00,2025,15.0,,THPT
BVU,Trường Đại Học Bà Rịa – Vũng Tàu,7340115C3,"Marketing (Digital marketing - Chương trình chuẩn, ngoại ngữ tiếng Anh)",D01,2025,15.0,,THPT
BVU,Trường Đại Học Bà Rịa – Vũng Tàu,7340115C4,"Marketing (Marketing và truyền thông - Chương trình chuẩn, ngoại ngữ tiếng Anh)",A00,2025,15.0,,THPT
BVU,Trường Đại Học Bà Rịa – Vũng Tàu,7340115C4,"Marketing (Marketing và truyền thông - Chương trình chuẩn, ngoại ngữ tiếng Anh)",A01,2025,15.0,,THPT
BVU,Trường Đại Học Bà Rịa – Vũng Tàu,7340115C4,"Marketing (Marketing và truyền thông - Chương trình chuẩn, ngoại ngữ tiếng Anh)",C00,2025,15.0,,THPT
BVU,Trường Đại Học Bà Rịa – Vũng Tàu,7340115C4,"Marketing (Marketing và truyền thông - Chương trình chuẩn, ngoại ngữ tiếng Anh)",D01,2025,15.0,,THPT
BVU,Trường Đại Học Bà Rịa – Vũng Tàu,7340120,Kinh doanh quốc tế,A00,2025,15.0,,THPT
BVU,Trường Đại Học Bà Rịa – Vũng Tàu,7340120,Kinh doanh quốc tế,A01,2025,15.0,,THPT
BVU,Trường Đại Học Bà Rịa – Vũng Tàu,7340120,Kinh doanh quốc tế,C00,2025,15.0,,THPT
BVU,Trường Đại Học Bà Rịa – Vũng Tàu,7340120,Kinh doanh quốc tế,D01,2025,15.0,,THPT
BVU,Trường Đại Học Bà Rịa – Vũng Tàu,7340120C1,"Kinh doanh quốc tế (Kinh doanh số - Chương trình chuẩn, ngoại ngữ tiếng Anh)",A00,2025,15.0,,THPT
BVU,Trường Đại Học Bà Rịa – Vũng Tàu,7340120C1,"Kinh doanh quốc tế (Kinh doanh số - Chương trình chuẩn, ngoại ngữ tiếng Anh)",A01,2025,15.0,,THPT
BVU,Trường Đại Học Bà Rịa – Vũng Tàu,7340120C1,"Kinh doanh quốc tế (Kinh doanh số - Chương trình chuẩn, ngoại ngữ tiếng Anh)",C00,2025,15.0,,THPT
BVU,Trường Đại Học Bà Rịa – Vũng Tàu,7340120C1,"Kinh doanh quốc tế (Kinh doanh số - Chương trình chuẩn, ngoại ngữ tiếng Anh)",D01,2025,15.0,,THPT
BVU,Trường Đại Học Bà Rịa – Vũng Tàu,7340120KL,Kinh doanh quốc tế & Luật (Chương trình chuẩn nhận cùng lúc hai bằng cử nhân),A01,2025,15.0,,THPT
BVU,Trường Đại Học Bà Rịa – Vũng Tàu,7340120KL,Kinh doanh quốc tế & Luật (Chương trình chuẩn nhận cùng lúc hai bằng cử nhân),C00,2025,15.0,,THPT
BVU,Trường Đại Học Bà Rịa – Vũng Tàu,7340120KL,Kinh doanh quốc tế & Luật (Chương trình chuẩn nhận cùng lúc hai bằng cử nhân),D01,2025,15.0,,THPT
BVU,Trường Đại Học Bà Rịa – Vũng Tàu,7340122,Thương mại điện tử,A00,2025,15.0,,THPT
BVU,Trường Đại Học Bà Rịa – Vũng Tàu,7340122,Thương mại điện tử,A01,2025,15.0,,THPT
BVU,Trường Đại Học Bà Rịa – Vũng Tàu,7340122,Thương mại điện tử,C00,2025,15.0,,THPT
BVU,Trường Đại Học Bà Rịa – Vũng Tàu,7340122,Thương mại điện tử,D01,2025,15.0,,THPT
BVU,Trường Đại Học Bà Rịa – Vũng Tàu,7340201,Tài chính - Ngân hàng,A00,2025,15.0,,THPT
BVU,Trường Đại Học Bà Rịa – Vũng Tàu,7340201,Tài chính - Ngân hàng,A01,2025,15.0,,THPT
BVU,Trường Đại Học Bà Rịa – Vũng Tàu,7340201,Tài chính - Ngân hàng,C00,2025,15.0,,THPT
BVU,Trường Đại Học Bà Rịa – Vũng Tàu,7340201,Tài chính - Ngân hàng,D01,2025,15.0,,THPT
BVU,Trường Đại Học Bà Rịa – Vũng Tàu,7340201C1,"Tài chính - Ngân hàng (Tài chính doanh nghiệp - Chương trình chuẩn, ngoại ngữ tiếng Anh)",A00,2025,15.0,,THPT
BVU,Trường Đại Học Bà Rịa – Vũng Tàu,7340201C1,"Tài chính - Ngân hàng (Tài chính doanh nghiệp - Chương trình chuẩn, ngoại ngữ tiếng Anh)",A01,2025,15.0,,THPT
BVU,Trường Đại Học Bà Rịa – Vũng Tàu,7340201C1,"Tài chính - Ngân hàng (Tài chính doanh nghiệp - Chương trình chuẩn, ngoại ngữ tiếng Anh)",C00,2025,15.0,,THPT
BVU,Trường Đại Học Bà Rịa – Vũng Tàu,7340201C1,"Tài chính - Ngân hàng (Tài chính doanh nghiệp - Chương trình chuẩn, ngoại ngữ tiếng Anh)",D01,2025,15.0,,THPT
BVU,Trường Đại Học Bà Rịa – Vũng Tàu,7340201C2,"Tài chính - Ngân hàng (Đầu tư tài chính - Chương trình chuẩn, ngoại ngữ tiếng Anh)",A00,2025,15.0,,THPT
BVU,Trường Đại Học Bà Rịa – Vũng Tàu,7340201C2,"Tài chính - Ngân hàng (Đầu tư tài chính - Chương trình chuẩn, ngoại ngữ tiếng Anh)",A01,2025,15.0,,THPT
BVU,Trường Đại Học Bà Rịa – Vũng Tàu,7340201C2,"Tài chính - Ngân hàng (Đầu tư tài chính - Chương trình chuẩn, ngoại ngữ tiếng Anh)",C00,2025,15.0,,THPT
BVU,Trường Đại Học Bà Rịa – Vũng Tàu,7340201C2,"Tài chính - Ngân hàng (Đầu tư tài chính - Chương trình chuẩn, ngoại ngữ tiếng Anh)",D01,2025,15.0,,THPT
BVU,Trường Đại Học Bà Rịa – Vũng Tàu,7340201TL,Tài chính ngân hàng & Luật (Chương trình chuẩn nhận cùng lúc hai bằng cử nhân),A01,2025,15.0,,THPT
BVU,Trường Đại Học Bà Rịa – Vũng Tàu,7340201TL,Tài chính ngân hàng & Luật (Chương trình chuẩn nhận cùng lúc hai bằng cử nhân),C00,2025,15.0,,THPT
BVU,Trường Đại Học Bà Rịa – Vũng Tàu,7340201TL,Tài chính ngân hàng & Luật (Chương trình chuẩn nhận cùng lúc hai bằng cử nhân),D01,2025,15.0,,THPT
BVU,Trường Đại Học Bà Rịa – Vũng Tàu,7340301,Kế toán,A00,2025,15.0,,THPT
BVU,Trường Đại Học Bà Rịa – Vũng Tàu,7340301,Kế toán,A01,2025,15.0,,THPT
BVU,Trường Đại Học Bà Rịa – Vũng Tàu,7340301,Kế toán,C00,2025,15.0,,THPT
BVU,Trường Đại Học Bà Rịa – Vũng Tàu,7340301,Kế toán,D01,2025,15.0,,THPT
BVU,Trường Đại Học Bà Rịa – Vũng Tàu,7340301C1,"Kế toán (Kế toán tài chính - Chương trình chuẩn, ngoại ngữ tiếng Anh)",A00,2025,15.0,,THPT
BVU,Trường Đại Học Bà Rịa – Vũng Tàu,7340301C1,"Kế toán (Kế toán tài chính - Chương trình chuẩn, ngoại ngữ tiếng Anh)",A01,2025,15.0,,THPT
BVU,Trường Đại Học Bà Rịa – Vũng Tàu,7340301C1,"Kế toán (Kế toán tài chính - Chương trình chuẩn, ngoại ngữ tiếng Anh)",C00,2025,15.0,,THPT
BVU,Trường Đại Học Bà Rịa – Vũng Tàu,7340301C1,"Kế toán (Kế toán tài chính - Chương trình chuẩn, ngoại ngữ tiếng Anh)",D01,2025,15.0,,THPT
BVU,Trường Đại Học Bà Rịa – Vũng Tàu,7340301C2,"Kế toán (Kế toán kiểm toán - Chương trình chuẩn, ngoại ngữ tiếng Anh)",A00,2025,15.0,,THPT
BVU,Trường Đại Học Bà Rịa – Vũng Tàu,7340301C2,"Kế toán (Kế toán kiểm toán - Chương trình chuẩn, ngoại ngữ tiếng Anh)",A01,2025,15.0,,THPT
BVU,Trường Đại Học Bà Rịa – Vũng Tàu,7340301C2,"Kế toán (Kế toán kiểm toán - Chương trình chuẩn, ngoại ngữ tiếng Anh)",C00,2025,15.0,,THPT
BVU,Trường Đại Học Bà Rịa – Vũng Tàu,7340301C2,"Kế toán (Kế toán kiểm toán - Chương trình chuẩn, ngoại ngữ tiếng Anh)",D01,2025,15.0,,THPT
BVU,Trường Đại Học Bà Rịa – Vũng Tàu,7340301C3,"Kế toán (Kế toán quốc tế - Chương trình chuẩn, ngoại ngữ tiếng Anh)",A00,2025,15.0,,THPT
BVU,Trường Đại Học Bà Rịa – Vũng Tàu,7340301C3,"Kế toán (Kế toán quốc tế - Chương trình chuẩn, ngoại ngữ tiếng Anh)",A01,2025,15.0,,THPT
BVU,Trường Đại Học Bà Rịa – Vũng Tàu,7340301C3,"Kế toán (Kế toán quốc tế - Chương trình chuẩn, ngoại ngữ tiếng Anh)",C00,2025,15.0,,THPT
BVU,Trường Đại Học Bà Rịa – Vũng Tàu,7340301C3,"Kế toán (Kế toán quốc tế - Chương trình chuẩn, ngoại ngữ tiếng Anh)",D01,2025,15.0,,THPT
BVU,Trường Đại Học Bà Rịa – Vũng Tàu,7340301KL,Kế toán & Luật (Chương trình chuẩn nhận cùng lúc hai bằng cử nhân),A01,2025,15.0,,THPT
BVU,Trường Đại Học Bà Rịa – Vũng Tàu,7340301KL,Kế toán & Luật (Chương trình chuẩn nhận cùng lúc hai bằng cử nhân),C00,2025,15.0,,THPT
BVU,Trường Đại Học Bà Rịa – Vũng Tàu,7340301KL,Kế toán & Luật (Chương trình chuẩn nhận cùng lúc hai bằng cử nhân),D01,2025,15.0,,THPT
BVU,Trường Đại Học Bà Rịa – Vũng Tàu,7340301TN,"Kế toán (Chương trình chuẩn, học song ngữ Việt - Anh)",A00,2025,17.0,,THPT
BVU,Trường Đại Học Bà Rịa – Vũng Tàu,7340301TN,"Kế toán (Chương trình chuẩn, học song ngữ Việt - Anh)",A01,2025,17.0,,THPT
BVU,Trường Đại Học Bà Rịa – Vũng Tàu,7340301TN,"Kế toán (Chương trình chuẩn, học song ngữ Việt - Anh)",C00,2025,17.0,,THPT
BVU,Trường Đại Học Bà Rịa – Vũng Tàu,7340301TN,"Kế toán (Chương trình chuẩn, học song ngữ Việt - Anh)",D01,2025,17.0,,THPT
BVU,Trường Đại Học Bà Rịa – Vũng Tàu,7380101,Luật,A01,2025,15.0,,THPT
BVU,Trường Đại Học Bà Rịa – Vũng Tàu,7380101,Luật,C00,2025,15.0,,THPT
BVU,Trường Đại Học Bà Rịa – Vũng Tàu,7380101,Luật,D01,2025,15.0,,THPT
BVU,Trường Đại Học Bà Rịa – Vũng Tàu,7380101C1,"Luật (Luật kinh tế và dân sự - Chương trình chuẩn, ngoại ngữ tiếng Anh)",A01,2025,15.0,,THPT
BVU,Trường Đại Học Bà Rịa – Vũng Tàu,7380101C1,"Luật (Luật kinh tế và dân sự - Chương trình chuẩn, ngoại ngữ tiếng Anh)",C00,2025,15.0,,THPT
BVU,Trường Đại Học Bà Rịa – Vũng Tàu,7380101C1,"Luật (Luật kinh tế và dân sự - Chương trình chuẩn, ngoại ngữ tiếng Anh)",D01,2025,15.0,,THPT
BVU,Trường Đại Học Bà Rịa – Vũng Tàu,7380101LA,Luật & Ngôn ngữ Anh (Chương trình chuẩn nhận cùng lúc hai bằng cử nhân),A01,2025,15.0,,THPT
BVU,Trường Đại Học Bà Rịa – Vũng Tàu,7380101LA,Luật & Ngôn ngữ Anh (Chương trình chuẩn nhận cùng lúc hai bằng cử nhân),C00,2025,15.0,,THPT
BVU,Trường Đại Học Bà Rịa – Vũng Tàu,7380101LA,Luật & Ngôn ngữ Anh (Chương trình chuẩn nhận cùng lúc hai bằng cử nhân),D01,2025,15.0,,THPT
BVU,Trường Đại Học Bà Rịa – Vũng Tàu,7480201,Công nghệ thông tin,A00,2025,15.0,,THPT
BVU,Trường Đại Học Bà Rịa – Vũng Tàu,7480201,Công nghệ thông tin,A01,2025,15.0,,THPT
BVU,Trường Đại Học Bà Rịa – Vũng Tàu,7480201,Công nghệ thông tin,D01,2025,15.0,,THPT
BVU,Trường Đại Học Bà Rịa – Vũng Tàu,7480201C1,"Công nghệ thông tin (Kỹ thuật phần mềm - Chương trình chuẩn, ngoại ngữ tiếng Anh)",A00,2025,15.0,,THPT
BVU,Trường Đại Học Bà Rịa – Vũng Tàu,7480201C1,"Công nghệ thông tin (Kỹ thuật phần mềm - Chương trình chuẩn, ngoại ngữ tiếng Anh)",A01,2025,15.0,,THPT
BVU,Trường Đại Học Bà Rịa – Vũng Tàu,7480201C1,"Công nghệ thông tin (Kỹ thuật phần mềm - Chương trình chuẩn, ngoại ngữ tiếng Anh)",D01,2025,15.0,,THPT
BVU,Trường Đại Học Bà Rịa – Vũng Tàu,7480201C2,"Công nghệ thông tin (Lập trình ứng dụng di động và game - Chương trình chuẩn, ngoại ngữ tiếng Anh)",A00,2025,15.0,,THPT
BVU,Trường Đại Học Bà Rịa – Vũng Tàu,7480201C2,"Công nghệ thông tin (Lập trình ứng dụng di động và game - Chương trình chuẩn, ngoại ngữ tiếng Anh)",A01,2025,15.0,,THPT
BVU,Trường Đại Học Bà Rịa – Vũng Tàu,7480201C2,"Công nghệ thông tin (Lập trình ứng dụng di động và game - Chương trình chuẩn, ngoại ngữ tiếng Anh)",D01,2025,15.0,,THPT
BVU,Trường Đại Học Bà Rịa – Vũng Tàu,7480201C3,"Công nghệ thông tin (Quản trị mạng và an toàn thông tin - Chương trình chuẩn, ngoại ngữ tiếng Anh)",A00,2025,15.0,,THPT
BVU,Trường Đại Học Bà Rịa – Vũng Tàu,7480201C3,"Công nghệ thông tin (Quản trị mạng và an toàn thông tin - Chương trình chuẩn, ngoại ngữ tiếng Anh)",A01,2025,15.0,,THPT
BVU,Trường Đại Học Bà Rịa – Vũng Tàu,7480201C3,"Công nghệ thông tin (Quản trị mạng và an toàn thông tin - Chương trình chuẩn, ngoại ngữ tiếng Anh)",D01,2025,15.0,,THPT
BVU,Trường Đại Học Bà Rịa – Vũng Tàu,7480201CT,Công nghệ thông tin (Chương trình chuẩn nhận hai bằng cử nhân và thạc sĩ),A00,2025,15.0,,THPT
BVU,Trường Đại Học Bà Rịa – Vũng Tàu,7480201CT,Công nghệ thông tin (Chương trình chuẩn nhận hai bằng cử nhân và thạc sĩ),A01,2025,15.0,,THPT
BVU,Trường Đại Học Bà Rịa – Vũng Tàu,7480201CT,Công nghệ thông tin (Chương trình chuẩn nhận hai bằng cử nhân và thạc sĩ),D01,2025,15.0,,THPT
BVU,Trường Đại Học Bà Rịa – Vũng Tàu,7510102,"Công nghệ kỹ thuật công trình xây dựng (Chương trình chuẩn, ngoại ngữ tiếng Anh)",A00,2025,15.0,,THPT
BVU,Trường Đại Học Bà Rịa – Vũng Tàu,7510102,"Công nghệ kỹ thuật công trình xây dựng (Chương trình chuẩn, ngoại ngữ tiếng Anh)",A01,2025,15.0,,THPT
BVU,Trường Đại Học Bà Rịa – Vũng Tàu,7510102,"Công nghệ kỹ thuật công trình xây dựng (Chương trình chuẩn, ngoại ngữ tiếng Anh)",D01,2025,15.0,,THPT
BVU,Trường Đại Học Bà Rịa – Vũng Tàu,7510102NB,"Công nghệ kỹ thuật công trình xây dựng (Chương trình chuẩn, ngoại ngữ tiếng Nhật)",A00,2025,15.0,,THPT
BVU,Trường Đại Học Bà Rịa – Vũng Tàu,7510102NB,"Công nghệ kỹ thuật công trình xây dựng (Chương trình chuẩn, ngoại ngữ tiếng Nhật)",A01,2025,15.0,,THPT
BVU,Trường Đại Học Bà Rịa – Vũng Tàu,7510102NB,"Công nghệ kỹ thuật công trình xây dựng (Chương trình chuẩn, ngoại ngữ tiếng Nhật)",C00,2025,15.0,,THPT
BVU,Trường Đại Học Bà Rịa – Vũng Tàu,7510102NB,"Công nghệ kỹ thuật công trình xây dựng (Chương trình chuẩn, ngoại ngữ tiếng Nhật)",D01,2025,15.0,,THPT
BVU,Trường Đại Học Bà Rịa – Vũng Tàu,7510201,"Công nghệ kỹ thuật cơ khí (Chương trình chuẩn, ngoại ngữ tiếng Anh)",A00,2025,15.0,,THPT
BVU,Trường Đại Học Bà Rịa – Vũng Tàu,7510201,"Công nghệ kỹ thuật cơ khí (Chương trình chuẩn, ngoại ngữ tiếng Anh)",A01,2025,15.0,,THPT
BVU,Trường Đại Học Bà Rịa – Vũng Tàu,7510201,"Công nghệ kỹ thuật cơ khí (Chương trình chuẩn, ngoại ngữ tiếng Anh)",D01,2025,15.0,,THPT
BVU,Trường Đại Học Bà Rịa – Vũng Tàu,7510201C1,"Công nghệ kỹ thuật cơ khí (Kỹ thuật Robot và Cơ điện tử - Chương trình chuẩn, ngoại ngữ tiếng Anh)",A00,2025,15.0,,THPT
BVU,Trường Đại Học Bà Rịa – Vũng Tàu,7510201C1,"Công nghệ kỹ thuật cơ khí (Kỹ thuật Robot và Cơ điện tử - Chương trình chuẩn, ngoại ngữ tiếng Anh)",A01,2025,15.0,,THPT
BVU,Trường Đại Học Bà Rịa – Vũng Tàu,7510201C1,"Công nghệ kỹ thuật cơ khí (Kỹ thuật Robot và Cơ điện tử - Chương trình chuẩn, ngoại ngữ tiếng Anh)",D01,2025,15.0,,THPT
BVU,Trường Đại Học Bà Rịa – Vũng Tàu,7510201NB,"Công nghệ kỹ thuật cơ khí (Chương trình chuẩn, ngoại ngữ tiếng Nhật)",A00,2025,15.0,,THPT
BVU,Trường Đại Học Bà Rịa – Vũng Tàu,7510201NB,"Công nghệ kỹ thuật cơ khí (Chương trình chuẩn, ngoại ngữ tiếng Nhật)",A01,2025,15.0,,THPT
BVU,Trường Đại Học Bà Rịa – Vũng Tàu,7510201NB,"Công nghệ kỹ thuật cơ khí (Chương trình chuẩn, ngoại ngữ tiếng Nhật)",C00,2025,15.0,,THPT
BVU,Trường Đại Học Bà Rịa – Vũng Tàu,7510201NB,"Công nghệ kỹ thuật cơ khí (Chương trình chuẩn, ngoại ngữ tiếng Nhật)",D01,2025,15.0,,THPT
BVU,Trường Đại Học Bà Rịa – Vũng Tàu,7510205,"Công nghệ kỹ thuật ô tô (Chương trình chuẩn, ngoại ngữ tiếng Anh)",A00,2025,15.0,,THPT
BVU,Trường Đại Học Bà Rịa – Vũng Tàu,7510205,"Công nghệ kỹ thuật ô tô (Chương trình chuẩn, ngoại ngữ tiếng Anh)",A01,2025,15.0,,THPT
BVU,Trường Đại Học Bà Rịa – Vũng Tàu,7510205,"Công nghệ kỹ thuật ô tô (Chương trình chuẩn, ngoại ngữ tiếng Anh)",D01,2025,15.0,,THPT
BVU,Trường Đại Học Bà Rịa – Vũng Tàu,7510205C1,"Công nghệ kỹ thuật ô tô (Công nghệ kỹ thuật ô tô điện - Chương trình chuẩn, ngoại ngữ tiếng Anh)",A00,2025,15.0,,THPT
BVU,Trường Đại Học Bà Rịa – Vũng Tàu,7510205C1,"Công nghệ kỹ thuật ô tô (Công nghệ kỹ thuật ô tô điện - Chương trình chuẩn, ngoại ngữ tiếng Anh)",A01,2025,15.0,,THPT
BVU,Trường Đại Học Bà Rịa – Vũng Tàu,7510205C1,"Công nghệ kỹ thuật ô tô (Công nghệ kỹ thuật ô tô điện - Chương trình chuẩn, ngoại ngữ tiếng Anh)",D01,2025,15.0,,THPT
BVU,Trường Đại Học Bà Rịa – Vũng Tàu,7510205NB,"Công nghệ kỹ thuật ô tô (Chương trình chuẩn, ngoại ngữ tiếng Nhật)",A00,2025,15.0,,THPT
BVU,Trường Đại Học Bà Rịa – Vũng Tàu,7510205NB,"Công nghệ kỹ thuật ô tô (Chương trình chuẩn, ngoại ngữ tiếng Nhật)",A01,2025,15.0,,THPT
BVU,Trường Đại Học Bà Rịa – Vũng Tàu,7510205NB,"Công nghệ kỹ thuật ô tô (Chương trình chuẩn, ngoại ngữ tiếng Nhật)",C00,2025,15.0,,THPT
BVU,Trường Đại Học Bà Rịa – Vũng Tàu,7510205NB,"Công nghệ kỹ thuật ô tô (Chương trình chuẩn, ngoại ngữ tiếng Nhật)",D01,2025,15.0,,THPT
BVU,Trường Đại Học Bà Rịa – Vũng Tàu,7510301,"Công nghệ kỹ thuật điện, điện tử (Chương trình chuẩn, ngoại ngữ tiếng Anh)",A00,2025,15.0,,THPT
BVU,Trường Đại Học Bà Rịa – Vũng Tàu,7510301,"Công nghệ kỹ thuật điện, điện tử (Chương trình chuẩn, ngoại ngữ tiếng Anh)",A01,2025,15.0,,THPT
BVU,Trường Đại Học Bà Rịa – Vũng Tàu,7510301,"Công nghệ kỹ thuật điện, điện tử (Chương trình chuẩn, ngoại ngữ tiếng Anh)",D01,2025,15.0,,THPT
BVU,Trường Đại Học Bà Rịa – Vũng Tàu,7510301C1,"Công nghệ kỹ thuật điện, điện tử (Kỹ thuật điện - Chương trình chuẩn, ngoại ngữ tiếng Anh)",A00,2025,15.0,,THPT
BVU,Trường Đại Học Bà Rịa – Vũng Tàu,7510301C1,"Công nghệ kỹ thuật điện, điện tử (Kỹ thuật điện - Chương trình chuẩn, ngoại ngữ tiếng Anh)",A01,2025,15.0,,THPT
BVU,Trường Đại Học Bà Rịa – Vũng Tàu,7510301C1,"Công nghệ kỹ thuật điện, điện tử (Kỹ thuật điện - Chương trình chuẩn, ngoại ngữ tiếng Anh)",D01,2025,15.0,,THPT
BVU,Trường Đại Học Bà Rịa – Vũng Tàu,7510301C2,"Công nghệ kỹ thuật điện, điện tử (Điều khiển và tự động hóa - Chương trình chuẩn, ngoại ngữ tiếng Anh)",A00,2025,15.0,,THPT
BVU,Trường Đại Học Bà Rịa – Vũng Tàu,7510301C2,"Công nghệ kỹ thuật điện, điện tử (Điều khiển và tự động hóa - Chương trình chuẩn, ngoại ngữ tiếng Anh)",A01,2025,15.0,,THPT
BVU,Trường Đại Học Bà Rịa – Vũng Tàu,7510301C2,"Công nghệ kỹ thuật điện, điện tử (Điều khiển và tự động hóa - Chương trình chuẩn, ngoại ngữ tiếng Anh)",D01,2025,15.0,,THPT
BVU,Trường Đại Học Bà Rịa – Vũng Tàu,7510301NB,"Công nghệ kỹ thuật điện, điện tử (Chương trình chuẩn, ngoại ngữ tiếng Nhật)",A00,2025,15.0,,THPT
BVU,Trường Đại Học Bà Rịa – Vũng Tàu,7510301NB,"Công nghệ kỹ thuật điện, điện tử (Chương trình chuẩn, ngoại ngữ tiếng Nhật)",A01,2025,15.0,,THPT
BVU,Trường Đại Học Bà Rịa – Vũng Tàu,7510301NB,"Công nghệ kỹ thuật điện, điện tử (Chương trình chuẩn, ngoại ngữ tiếng Nhật)",C00,2025,15.0,,THPT
BVU,Trường Đại Học Bà Rịa – Vũng Tàu,7510301NB,"Công nghệ kỹ thuật điện, điện tử (Chương trình chuẩn, ngoại ngữ tiếng Nhật)",D01,2025,15.0,,THPT
BVU,Trường Đại Học Bà Rịa – Vũng Tàu,7510605,"Logistics và Quản lý chuỗi cung ứng (Chương trình chuẩn, ngoại ngữ tiếng Anh)",A00,2025,15.0,,THPT
BVU,Trường Đại Học Bà Rịa – Vũng Tàu,7510605,"Logistics và Quản lý chuỗi cung ứng (Chương trình chuẩn, ngoại ngữ tiếng Anh)",A01,2025,15.0,,THPT
BVU,Trường Đại Học Bà Rịa – Vũng Tàu,7510605,"Logistics và Quản lý chuỗi cung ứng (Chương trình chuẩn, ngoại ngữ tiếng Anh)",C00,2025,15.0,,THPT
BVU,Trường Đại Học Bà Rịa – Vũng Tàu,7510605,"Logistics và Quản lý chuỗi cung ứng (Chương trình chuẩn, ngoại ngữ tiếng Anh)",D01,2025,15.0,,THPT
BVU,Trường Đại Học Bà Rịa – Vũng Tàu,7510605C1,"Logistics và Quản lý chuỗi cung ứng (Logistics cảng biển - Xuất nhập khẩu - Giao nhận vận tải quốc tế - Chương trình chuẩn, ngoại ngữ tiếng Anh)",A00,2025,15.0,,THPT
BVU,Trường Đại Học Bà Rịa – Vũng Tàu,7510605C1,"Logistics và Quản lý chuỗi cung ứng (Logistics cảng biển - Xuất nhập khẩu - Giao nhận vận tải quốc tế - Chương trình chuẩn, ngoại ngữ tiếng Anh)",A01,2025,15.0,,THPT
BVU,Trường Đại Học Bà Rịa – Vũng Tàu,7510605C1,"Logistics và Quản lý chuỗi cung ứng (Logistics cảng biển - Xuất nhập khẩu - Giao nhận vận tải quốc tế - Chương trình chuẩn, ngoại ngữ tiếng Anh)",C00,2025,15.0,,THPT
BVU,Trường Đại Học Bà Rịa – Vũng Tàu,7510605C1,"Logistics và Quản lý chuỗi cung ứng (Logistics cảng biển - Xuất nhập khẩu - Giao nhận vận tải quốc tế - Chương trình chuẩn, ngoại ngữ tiếng Anh)",D01,2025,15.0,,THPT
BVU,Trường Đại Học Bà Rịa – Vũng Tàu,7510605C2,"Logistics và Quản lý chuỗi cung ứng (Logistics cảng hàng không - Xuất nhập khẩu - Giao nhận vận tải quốc tế - Chương trình chuẩn, ngoại ngữ tiếng Anh)",A00,2025,15.0,,THPT
BVU,Trường Đại Học Bà Rịa – Vũng Tàu,7510605C2,"Logistics và Quản lý chuỗi cung ứng (Logistics cảng hàng không - Xuất nhập khẩu - Giao nhận vận tải quốc tế - Chương trình chuẩn, ngoại ngữ tiếng Anh)",A01,2025,15.0,,THPT
BVU,Trường Đại Học Bà Rịa – Vũng Tàu,7510605C2,"Logistics và Quản lý chuỗi cung ứng (Logistics cảng hàng không - Xuất nhập khẩu - Giao nhận vận tải quốc tế - Chương trình chuẩn, ngoại ngữ tiếng Anh)",C00,2025,15.0,,THPT
BVU,Trường Đại Học Bà Rịa – Vũng Tàu,7510605C2,"Logistics và Quản lý chuỗi cung ứng (Logistics cảng hàng không - Xuất nhập khẩu - Giao nhận vận tải quốc tế - Chương trình chuẩn, ngoại ngữ tiếng Anh)",D01,2025,15.0,,THPT
BVU,Trường Đại Học Bà Rịa – Vũng Tàu,7510605CT1,Logistics và Quản lý chuỗi cung ứng (Chương trình chuẩn nhận hai bằng cử nhân và thạc sĩ),A00,2025,15.0,,THPT
BVU,Trường Đại Học Bà Rịa – Vũng Tàu,7510605CT1,Logistics và Quản lý chuỗi cung ứng (Chương trình chuẩn nhận hai bằng cử nhân và thạc sĩ),A01,2025,15.0,,THPT
BVU,Trường Đại Học Bà Rịa – Vũng Tàu,7510605CT1,Logistics và Quản lý chuỗi cung ứng (Chương trình chuẩn nhận hai bằng cử nhân và thạc sĩ),C00,2025,15.0,,THPT
BVU,Trường Đại Học Bà Rịa – Vũng Tàu,7510605CT1,Logistics và Quản lý chuỗi cung ứng (Chương trình chuẩn nhận hai bằng cử nhân và thạc sĩ),D01,2025,15.0,,THPT
BVU,Trường Đại Học Bà Rịa – Vũng Tàu,7510605CT2,Logistics và Quản lý chuỗi cung ứng (Quản lý Logistics cảng biển - XNK - Giao nhận vận tải quốc tế - Chương trình chuẩn nhận hai bằng cử nhân và thạc sĩ),A00,2025,15.0,,THPT
BVU,Trường Đại Học Bà Rịa – Vũng Tàu,7510605CT2,Logistics và Quản lý chuỗi cung ứng (Quản lý Logistics cảng biển - XNK - Giao nhận vận tải quốc tế - Chương trình chuẩn nhận hai bằng cử nhân và thạc sĩ),A01,2025,15.0,,THPT
BVU,Trường Đại Học Bà Rịa – Vũng Tàu,7510605CT2,Logistics và Quản lý chuỗi cung ứng (Quản lý Logistics cảng biển - XNK - Giao nhận vận tải quốc tế - Chương trình chuẩn nhận hai bằng cử nhân và thạc sĩ),C00,2025,15.0,,THPT
BVU,Trường Đại Học Bà Rịa – Vũng Tàu,7510605CT2,Logistics và Quản lý chuỗi cung ứng (Quản lý Logistics cảng biển - XNK - Giao nhận vận tải quốc tế - Chương trình chuẩn nhận hai bằng cử nhân và thạc sĩ),D01,2025,15.0,,THPT
BVU,Trường Đại Học Bà Rịa – Vũng Tàu,7510605CT3,Logistics và quản lý chuỗi cung ứng (Quản lý Logistics cảng hàng không - XNK - Giao nhận vận tải quốc tế - Chương trình chuẩn nhận hai bằng cử nhân và thạc sĩ),A00,2025,15.0,,THPT
BVU,Trường Đại Học Bà Rịa – Vũng Tàu,7510605CT3,Logistics và quản lý chuỗi cung ứng (Quản lý Logistics cảng hàng không - XNK - Giao nhận vận tải quốc tế - Chương trình chuẩn nhận hai bằng cử nhân và thạc sĩ),A01,2025,15.0,,THPT
BVU,Trường Đại Học Bà Rịa – Vũng Tàu,7510605CT3,Logistics và quản lý chuỗi cung ứng (Quản lý Logistics cảng hàng không - XNK - Giao nhận vận tải quốc tế - Chương trình chuẩn nhận hai bằng cử nhân và thạc sĩ),C00,2025,15.0,,THPT
BVU,Trường Đại Học Bà Rịa – Vũng Tàu,7510605CT3,Logistics và quản lý chuỗi cung ứng (Quản lý Logistics cảng hàng không - XNK - Giao nhận vận tải quốc tế - Chương trình chuẩn nhận hai bằng cử nhân và thạc sĩ),D01,2025,15.0,,THPT
BVU,Trường Đại Học Bà Rịa – Vũng Tàu,7510605LA,Logistics và Quản lý chuỗi cung ứng & Ngôn ngữ Anh (Chương trình chuẩn nhận cùng lúc hai bằng cử nhân),A01,2025,15.0,,THPT
BVU,Trường Đại Học Bà Rịa – Vũng Tàu,7510605LA,Logistics và Quản lý chuỗi cung ứng & Ngôn ngữ Anh (Chương trình chuẩn nhận cùng lúc hai bằng cử nhân),C00,2025,15.0,,THPT
BVU,Trường Đại Học Bà Rịa – Vũng Tàu,7510605LA,Logistics và Quản lý chuỗi cung ứng & Ngôn ngữ Anh (Chương trình chuẩn nhận cùng lúc hai bằng cử nhân),D01,2025,15.0,,THPT
BVU,Trường Đại Học Bà Rịa – Vũng Tàu,7510605NB,"Logistics và Quản lý chuỗi cung ứng (Chương trình chuẩn, ngoại ngữ tiếng Nhật)",A00,2025,15.0,,THPT
BVU,Trường Đại Học Bà Rịa – Vũng Tàu,7510605NB,"Logistics và Quản lý chuỗi cung ứng (Chương trình chuẩn, ngoại ngữ tiếng Nhật)",A01,2025,15.0,,THPT
BVU,Trường Đại Học Bà Rịa – Vũng Tàu,7510605NB,"Logistics và Quản lý chuỗi cung ứng (Chương trình chuẩn, ngoại ngữ tiếng Nhật)",C00,2025,15.0,,THPT
BVU,Trường Đại Học Bà Rịa – Vũng Tàu,7510605NB,"Logistics và Quản lý chuỗi cung ứng (Chương trình chuẩn, ngoại ngữ tiếng Nhật)",D01,2025,15.0,,THPT
BVU,Trường Đại Học Bà Rịa – Vũng Tàu,7510605TN,"Logistics và Quản lý chuỗi cung ứng (Chương trình chuẩn, học song ngữ Việt - Anh)",A00,2025,17.0,,THPT
BVU,Trường Đại Học Bà Rịa – Vũng Tàu,7510605TN,"Logistics và Quản lý chuỗi cung ứng (Chương trình chuẩn, học song ngữ Việt - Anh)",A01,2025,17.0,,THPT
BVU,Trường Đại Học Bà Rịa – Vũng Tàu,7510605TN,"Logistics và Quản lý chuỗi cung ứng (Chương trình chuẩn, học song ngữ Việt - Anh)",C00,2025,17.0,,THPT
BVU,Trường Đại Học Bà Rịa – Vũng Tàu,7510605TN,"Logistics và Quản lý chuỗi cung ứng (Chương trình chuẩn, học song ngữ Việt - Anh)",D01,2025,17.0,,THPT
BVU,Trường Đại Học Bà Rịa – Vũng Tàu,7720201,Dược học,A00,2025,19.0,,THPT
BVU,Trường Đại Học Bà Rịa – Vũng Tàu,7720201,Dược học,B00,2025,19.0,,THPT
BVU,Trường Đại Học Bà Rịa – Vũng Tàu,7720201,Dược học,D07,2025,19.0,,THPT
BVU,Trường Đại Học Bà Rịa – Vũng Tàu,7720301,Điều dưỡng,A00,2025,17.0,,THPT
BVU,Trường Đại Học Bà Rịa – Vũng Tàu,7720301,Điều dưỡng,B00,2025,17.0,,THPT
BVU,Trường Đại Học Bà Rịa – Vũng Tàu,7720301,Điều dưỡng,D07,2025,17.0,,THPT
BVU,Trường Đại Học Bà Rịa – Vũng Tàu,7720301NB,"Điều dưỡng (Chương trình chuẩn, ngoại ngữ tiếng Nhật)",A00,2025,17.0,,THPT
BVU,Trường Đại Học Bà Rịa – Vũng Tàu,7720301NB,"Điều dưỡng (Chương trình chuẩn, ngoại ngữ tiếng Nhật)",B00,2025,17.0,,THPT
BVU,Trường Đại Học Bà Rịa – Vũng Tàu,7720301NB,"Điều dưỡng (Chương trình chuẩn, ngoại ngữ tiếng Nhật)",D07,2025,17.0,,THPT
BVU,Trường Đại Học Bà Rịa – Vũng Tàu,7810103,Quản trị dịch vụ du lịch và lữ hành,A00,2025,15.0,,THPT
BVU,Trường Đại Học Bà Rịa – Vũng Tàu,7810103,Quản trị dịch vụ du lịch và lữ hành,A01,2025,15.0,,THPT
BVU,Trường Đại Học Bà Rịa – Vũng Tàu,7810103,Quản trị dịch vụ du lịch và lữ hành,C00,2025,15.0,,THPT
BVU,Trường Đại Học Bà Rịa – Vũng Tàu,7810103,Quản trị dịch vụ du lịch và lữ hành,D01,2025,15.0,,THPT
BVU,Trường Đại Học Bà Rịa – Vũng Tàu,7810103C1,"Quản trị dịch vụ du lịch và lữ hành (Quản trị du lịch - nhà hàng - khách sạn - Chương trình chuẩn, ngoại ngữ tiếng Anh)",A00,2025,15.0,,THPT
BVU,Trường Đại Học Bà Rịa – Vũng Tàu,7810103C1,"Quản trị dịch vụ du lịch và lữ hành (Quản trị du lịch - nhà hàng - khách sạn - Chương trình chuẩn, ngoại ngữ tiếng Anh)",A01,2025,15.0,,THPT
BVU,Trường Đại Học Bà Rịa – Vũng Tàu,7810103C1,"Quản trị dịch vụ du lịch và lữ hành (Quản trị du lịch - nhà hàng - khách sạn - Chương trình chuẩn, ngoại ngữ tiếng Anh)",C00,2025,15.0,,THPT
BVU,Trường Đại Học Bà Rịa – Vũng Tàu,7810103DA,Quản trị dịch vụ du lịch và lữ hành & Ngôn ngữ Anh (Chương trình chuẩn nhận cùng lúc hai bằng cử nhân),A01,2025,15.0,,THPT
BVU,Trường Đại Học Bà Rịa – Vũng Tàu,7810103DA,Quản trị dịch vụ du lịch và lữ hành & Ngôn ngữ Anh (Chương trình chuẩn nhận cùng lúc hai bằng cử nhân),C00,2025,15.0,,THPT
BVU,Trường Đại Học Bà Rịa – Vũng Tàu,7810103DA,Quản trị dịch vụ du lịch và lữ hành & Ngôn ngữ Anh (Chương trình chuẩn nhận cùng lúc hai bằng cử nhân),D01,2025,15.0,,THPT
BVU,Trường Đại Học Bà Rịa – Vũng Tàu,7810103NB,"Quản trị dịch vụ du lịch và lữ hành (Chương trình chuẩn, ngoại ngữ tiếng Nhật)",A00,2025,15.0,,THPT
BVU,Trường Đại Học Bà Rịa – Vũng Tàu,7810103NB,"Quản trị dịch vụ du lịch và lữ hành (Chương trình chuẩn, ngoại ngữ tiếng Nhật)",A01,2025,15.0,,THPT
BVU,Trường Đại Học Bà Rịa – Vũng Tàu,7810103NB,"Quản trị dịch vụ du lịch và lữ hành (Chương trình chuẩn, ngoại ngữ tiếng Nhật)",C00,2025,15.0,,THPT
BVU,Trường Đại Học Bà Rịa – Vũng Tàu,7810103NB,"Quản trị dịch vụ du lịch và lữ hành (Chương trình chuẩn, ngoại ngữ tiếng Nhật)",D01,2025,15.0,,THPT
BVU,Trường Đại Học Bà Rịa – Vũng Tàu,7810201,Quản trị khách sạn,A00,2025,15.0,,THPT
BVU,Trường Đại Học Bà Rịa – Vũng Tàu,7810201,Quản trị khách sạn,A01,2025,15.0,,THPT
BVU,Trường Đại Học Bà Rịa – Vũng Tàu,7810201,Quản trị khách sạn,C00,2025,15.0,,THPT
BVU,Trường Đại Học Bà Rịa – Vũng Tàu,7810201,Quản trị khách sạn,D01,2025,15.0,,THPT
BVU,Trường Đại Học Bà Rịa – Vũng Tàu,7810201C1,"Quản trị khách sạn (Quản trị nhà hàng - khách sạn và dịch vụ ăn uống - Chương trình chuẩn, ngoại ngữ tiếng Anh)",A00,2025,15.0,,THPT
BVU,Trường Đại Học Bà Rịa – Vũng Tàu,7810201C1,"Quản trị khách sạn (Quản trị nhà hàng - khách sạn và dịch vụ ăn uống - Chương trình chuẩn, ngoại ngữ tiếng Anh)",A01,2025,15.0,,THPT
BVU,Trường Đại Học Bà Rịa – Vũng Tàu,7810201C1,"Quản trị khách sạn (Quản trị nhà hàng - khách sạn và dịch vụ ăn uống - Chương trình chuẩn, ngoại ngữ tiếng Anh)",C00,2025,15.0,,THPT
BVU,Trường Đại Học Bà Rịa – Vũng Tàu,7810201C1,"Quản trị khách sạn (Quản trị nhà hàng - khách sạn và dịch vụ ăn uống - Chương trình chuẩn, ngoại ngữ tiếng Anh)",D01,2025,15.0,,THPT
BVU,Trường Đại Học Bà Rịa – Vũng Tàu,7810201NB,"Quản trị khách sạn (Chương trình chuẩn, ngoại ngữ tiếng Nhật)",A00,2025,15.0,,THPT
BVU,Trường Đại Học Bà Rịa – Vũng Tàu,7810201NB,"Quản trị khách sạn (Chương trình chuẩn, ngoại ngữ tiếng Nhật)",A01,2025,15.0,,THPT
BVU,Trường Đại Học Bà Rịa – Vũng Tàu,7810201NB,"Quản trị khách sạn (Chương trình chuẩn, ngoại ngữ tiếng Nhật)",C00,2025,15.0,,THPT
BVU,Trường Đại Học Bà Rịa – Vũng Tàu,7810201NB,"Quản trị khách sạn (Chương trình chuẩn, ngoại ngữ tiếng Nhật)",D01,2025,15.0,,THPT
BVU,Trường Đại Học Bà Rịa – Vũng Tàu,7810201QA,Quản trị khách sạn & Ngôn ngữ Anh (Chương trình chuẩn nhận cùng lúc hai bằng cử nhân),A01,2025,15.0,,THPT
BVU,Trường Đại Học Bà Rịa – Vũng Tàu,7810201QA,Quản trị khách sạn & Ngôn ngữ Anh (Chương trình chuẩn nhận cùng lúc hai bằng cử nhân),C00,2025,15.0,,THPT
BVU,Trường Đại Học Bà Rịa – Vũng Tàu,7810201QA,Quản trị khách sạn & Ngôn ngữ Anh (Chương trình chuẩn nhận cùng lúc hai bằng cử nhân),D01,2025,15.0,,THPT
BVU,Trường Đại Học Bà Rịa – Vũng Tàu,7840101,"Khai thác vận tải (Chương trình chuẩn, ngoại ngữ tiếng Anh)",A00,2025,15.0,,THPT
BVU,Trường Đại Học Bà Rịa – Vũng Tàu,7840101,"Khai thác vận tải (Chương trình chuẩn, ngoại ngữ tiếng Anh)",A01,2025,15.0,,THPT
BVU,Trường Đại Học Bà Rịa – Vũng Tàu,7840101,"Khai thác vận tải (Chương trình chuẩn, ngoại ngữ tiếng Anh)",C00,2025,15.0,,THPT
BVU,Trường Đại Học Bà Rịa – Vũng Tàu,7840101,"Khai thác vận tải (Chương trình chuẩn, ngoại ngữ tiếng Anh)",D01,2025,15.0,,THPT
BVU,Trường Đại Học Bà Rịa – Vũng Tàu,7840101C1,"Khai thác vận tải (Quản trị Logistics và vận tải đa phương thức - Chương trình chuẩn, ngoại ngữ tiếng Anh)",A00,2025,15.0,,THPT
BVU,Trường Đại Học Bà Rịa – Vũng Tàu,7840101C1,"Khai thác vận tải (Quản trị Logistics và vận tải đa phương thức - Chương trình chuẩn, ngoại ngữ tiếng Anh)",A01,2025,15.0,,THPT
BVU,Trường Đại Học Bà Rịa – Vũng Tàu,7840101C1,"Khai thác vận tải (Quản trị Logistics và vận tải đa phương thức - Chương trình chuẩn, ngoại ngữ tiếng Anh)",C00,2025,15.0,,THPT
BVU,Trường Đại Học Bà Rịa – Vũng Tàu,7840101C1,"Khai thác vận tải (Quản trị Logistics và vận tải đa phương thức - Chương trình chuẩn, ngoại ngữ tiếng Anh)",D01,2025,15.0,,THPT
BVU,Trường Đại Học Bà Rịa – Vũng Tàu,7840101C2,"Khai thác vận tải (Quản lý và kinh doanh vận tải - Chương trình chuẩn, ngoại ngữ tiếng Anh)",A00,2025,15.0,,THPT
BVU,Trường Đại Học Bà Rịa – Vũng Tàu,7840101C2,"Khai thác vận tải (Quản lý và kinh doanh vận tải - Chương trình chuẩn, ngoại ngữ tiếng Anh)",A01,2025,15.0,,THPT
BVU,Trường Đại Học Bà Rịa – Vũng Tàu,7840101C2,"Khai thác vận tải (Quản lý và kinh doanh vận tải - Chương trình chuẩn, ngoại ngữ tiếng Anh)",C00,2025,15.0,,THPT
BVU,Trường Đại Học Bà Rịa – Vũng Tàu,7840101C2,"Khai thác vận tải (Quản lý và kinh doanh vận tải - Chương trình chuẩn, ngoại ngữ tiếng Anh)",D01,2025,15.0,,THPT
BVU,Trường Đại Học Bà Rịa – Vũng Tàu,7840104,Kinh tế vận tải,A00,2025,15.0,,THPT
BVU,Trường Đại Học Bà Rịa – Vũng Tàu,7840104,Kinh tế vận tải,A01,2025,15.0,,THPT
BVU,Trường Đại Học Bà Rịa – Vũng Tàu,7840104,Kinh tế vận tải,C00,2025,15.0,,THPT
BVU,Trường Đại Học Bà Rịa – Vũng Tàu,7840104,Kinh tế vận tải,D01,2025,15.0,,THPT
BVU,Trường Đại Học Bà Rịa – Vũng Tàu,7840104C1,"Kinh tế vận tải (Kinh tế vận tải biển - Chương trình chuẩn, ngoại ngữ tiếng Anh)",A00,2025,15.0,,THPT
BVU,Trường Đại Học Bà Rịa – Vũng Tàu,7840104C1,"Kinh tế vận tải (Kinh tế vận tải biển - Chương trình chuẩn, ngoại ngữ tiếng Anh)",A01,2025,15.0,,THPT
BVU,Trường Đại Học Bà Rịa – Vũng Tàu,7840104C1,"Kinh tế vận tải (Kinh tế vận tải biển - Chương trình chuẩn, ngoại ngữ tiếng Anh)",C00,2025,15.0,,THPT
BVU,Trường Đại Học Bà Rịa – Vũng Tàu,7840104C1,"Kinh tế vận tải (Kinh tế vận tải biển - Chương trình chuẩn, ngoại ngữ tiếng Anh)",D01,2025,15.0,,THPT
BVU,Trường Đại Học Bà Rịa – Vũng Tàu,7840104C2,"Kinh tế vận tải (Kinh tế vận tải hàng không - Chương trình chuẩn, ngoại ngữ tiếng Anh)",A00,2025,15.0,,THPT
BVU,Trường Đại Học Bà Rịa – Vũng Tàu,7840104C2,"Kinh tế vận tải (Kinh tế vận tải hàng không - Chương trình chuẩn, ngoại ngữ tiếng Anh)",A01,2025,15.0,,THPT
BVU,Trường Đại Học Bà Rịa – Vũng Tàu,7840104C2,"Kinh tế vận tải (Kinh tế vận tải hàng không - Chương trình chuẩn, ngoại ngữ tiếng Anh)",C00,2025,15.0,,THPT
BVU,Trường Đại Học Bà Rịa – Vũng Tàu,7840104C2,"Kinh tế vận tải (Kinh tế vận tải hàng không - Chương trình chuẩn, ngoại ngữ tiếng Anh)",D01,2025,15.0,,THPT
C10,Trường Cao Đẳng Lạng Sơn,51140202,Giáo dục Tiểu học,A00,2025,0.0,,THPT
C10,Trường Cao Đẳng Lạng Sơn,51140202,Giáo dục Tiểu học,A01,2025,0.0,,THPT
C10,Trường Cao Đẳng Lạng Sơn,51140202,Giáo dục Tiểu học,C00,2025,0.0,,THPT
C10,Trường Cao Đẳng Lạng Sơn,51140209,Sư phạm Toán học,A00,2025,0.0,,THPT
C10,Trường Cao Đẳng Lạng Sơn,51140209,Sư phạm Toán học,A01,2025,0.0,,THPT
C10,Trường Cao Đẳng Lạng Sơn,51140211,Sư phạm Vật lí,A00,2025,0.0,,THPT
C10,Trường Cao Đẳng Lạng Sơn,51140211,Sư phạm Vật lí,A01,2025,0.0,,THPT
C10,Trường Cao Đẳng Lạng Sơn,51140213,Sư phạm Sinh học,B00,2025,0.0,,THPT
C10,Trường Cao Đẳng Lạng Sơn,51140214,Sư phạm Kĩ thuật công nghiệp,A00,2025,0.0,,THPT
C10,Trường Cao Đẳng Lạng Sơn,51140214,Sư phạm Kĩ thuật công nghiệp,A01,2025,0.0,,THPT
C10,Trường Cao Đẳng Lạng Sơn,51140214,Sư phạm Kĩ thuật công nghiệp,B00,2025,0.0,,THPT
C10,Trường Cao Đẳng Lạng Sơn,51140217,Sư phạm Ngữ văn,C00,2025,0.0,,THPT
C10,Trường Cao Đẳng Lạng Sơn,51140231,Sư phạm Tiếng Anh,D01,2025,0.0,,THPT
C10,Trường Cao Đẳng Lạng Sơn,51220113,Việt Nam học,C00,2025,0.0,,THPT
C10,Trường Cao Đẳng Lạng Sơn,51220113,Việt Nam học,D01,2025,0.0,,THPT
C10,Trường Cao Đẳng Lạng Sơn,51220201,Tiếng Anh,D01,2025,0.0,,THPT
C10,Trường Cao Đẳng Lạng Sơn,51220204,Tiếng Trung Quốc,D01,2025,0.0,,THPT
C10,Trường Cao Đẳng Lạng Sơn,51320202,Khoa học thư viện,C00,2025,0.0,,THPT
C10,Trường Cao Đẳng Lạng Sơn,51320202,Khoa học thư viện,D01,2025,0.0,,THPT
C10,Trường Cao Đẳng Lạng Sơn,51480201,Công nghệ thông tin,A00,2025,0.0,,THPT
C10,Trường Cao Đẳng Lạng Sơn,51480201,Công nghệ thông tin,A01,2025,0.0,,THPT
C10,Trường Cao Đẳng Lạng Sơn,51480201,Công nghệ thông tin,D01,2025,0.0,,THPT
C14,Trường Cao Đẳng Sơn La,C140202,Giáo dục Tiểu học,A00,2025,0.0,,THPT
C14,Trường Cao Đẳng Sơn La,C140202,Giáo dục Tiểu học,A01,2025,0.0,,THPT
C14,Trường Cao Đẳng Sơn La,C140202,Giáo dục Tiểu học,C00,2025,0.0,,THPT
C14,Trường Cao Đẳng Sơn La,C140204,Giáo dục Công dân,C00,2025,0.0,,THPT
C14,Trường Cao Đẳng Sơn La,C140209,Sư phạm Toán học,A00,2025,0.0,,THPT
C14,Trường Cao Đẳng Sơn La,C140209,Sư phạm Toán học,A01,2025,0.0,,THPT
C14,Trường Cao Đẳng Sơn La,C140210,Sư phạm Tin học,A00,2025,0.0,,THPT
C14,Trường Cao Đẳng Sơn La,C140210,Sư phạm Tin học,A01,2025,0.0,,THPT
C14,Trường Cao Đẳng Sơn La,C140213,Sư phạm Sinh học,B00,2025,0.0,,THPT
C14,Trường Cao Đẳng Sơn La,C140214,Sư phạm Kĩ thuật công nghiệp,A00,2025,0.0,,THPT
C14,Trường Cao Đẳng Sơn La,C140214,Sư phạm Kĩ thuật công nghiệp,A01,2025,0.0,,THPT
C14,Trường Cao Đẳng Sơn La,C140214,Sư phạm Kĩ thuật công nghiệp,B00,2025,0.0,,THPT
C14,Trường Cao Đẳng Sơn La,C140217,Sư phạm Ngữ văn,C00,2025,0.0,,THPT
C14,Trường Cao Đẳng Sơn La,C140231,Sư phạm Tiếng Anh,D01,2025,0.0,,THPT
C14,Trường Cao Đẳng Sơn La,C220342,Quản lí văn hoá,C00,2025,0.0,,THPT
C14,Trường Cao Đẳng Sơn La,C220342,Quản lí văn hoá,D01,2025,0.0,,THPT
C14,Trường Cao Đẳng Sơn La,C320202,Khoa học thư viện,C00,2025,0.0,,THPT
C14,Trường Cao Đẳng Sơn La,C340101,Quản trị kinh doanh,A00,2025,0.0,,THPT
C14,Trường Cao Đẳng Sơn La,C340101,Quản trị kinh doanh,A01,2025,0.0,,THPT
C14,Trường Cao Đẳng Sơn La,C340101,Quản trị kinh doanh,D01,2025,0.0,,THPT
C14,Trường Cao Đẳng Sơn La,C340201,Tài chính - Ngân hàng,A00,2025,0.0,,THPT
C14,Trường Cao Đẳng Sơn La,C340201,Tài chính - Ngân hàng,A01,2025,0.0,,THPT
C14,Trường Cao Đẳng Sơn La,C340201,Tài chính - Ngân hàng,D01,2025,0.0,,THPT
C14,Trường Cao Đẳng Sơn La,C340301,Kế toán,A00,2025,0.0,,THPT
C14,Trường Cao Đẳng Sơn La,C340301,Kế toán,A01,2025,0.0,,THPT
C14,Trường Cao Đẳng Sơn La,C340301,Kế toán,D01,2025,0.0,,THPT
C14,Trường Cao Đẳng Sơn La,C340406,Quản trị văn phòng,C00,2025,0.0,,THPT
C14,Trường Cao Đẳng Sơn La,C480201,Công nghệ thông tin,A00,2025,0.0,,THPT
C14,Trường Cao Đẳng Sơn La,C480201,Công nghệ thông tin,A01,2025,0.0,,THPT
C14,Trường Cao Đẳng Sơn La,C510301,"Công nghệ kĩ thuật điện, điện tử",A00,2025,0.0,,THPT
C14,Trường Cao Đẳng Sơn La,C510301,"Công nghệ kĩ thuật điện, điện tử",A01,2025,0.0,,THPT
C14,Trường Cao Đẳng Sơn La,C510406,Công nghệ kĩ thuật môi trường,A00,2025,0.0,,THPT
C14,Trường Cao Đẳng Sơn La,C510406,Công nghệ kĩ thuật môi trường,A01,2025,0.0,,THPT
C14,Trường Cao Đẳng Sơn La,C510406,Công nghệ kĩ thuật môi trường,B00,2025,0.0,,THPT
C14,Trường Cao Đẳng Sơn La,C620102,Khuyến nông,A00,2025,0.0,,THPT
C14,Trường Cao Đẳng Sơn La,C620102,Khuyến nông,A01,2025,0.0,,THPT
C14,Trường Cao Đẳng Sơn La,C620102,Khuyến nông,B00,2025,0.0,,THPT
C14,Trường Cao Đẳng Sơn La,C620105,Chăn nuôi,A00,2025,0.0,,THPT
C14,Trường Cao Đẳng Sơn La,C620105,Chăn nuôi,A01,2025,0.0,,THPT
C14,Trường Cao Đẳng Sơn La,C620105,Chăn nuôi,B00,2025,0.0,,THPT
C14,Trường Cao Đẳng Sơn La,C620110,Khoa học cây trồng,A00,2025,0.0,,THPT
C14,Trường Cao Đẳng Sơn La,C620110,Khoa học cây trồng,A01,2025,0.0,,THPT
C14,Trường Cao Đẳng Sơn La,C620110,Khoa học cây trồng,B00,2025,0.0,,THPT
C14,Trường Cao Đẳng Sơn La,C620201,Lâm nghiệp,A00,2025,0.0,,THPT
C14,Trường Cao Đẳng Sơn La,C620201,Lâm nghiệp,A01,2025,0.0,,THPT
C14,Trường Cao Đẳng Sơn La,C620201,Lâm nghiệp,B00,2025,0.0,,THPT
C14,Trường Cao Đẳng Sơn La,C620211,Quản lí tài nguyên rừng,A00,2025,0.0,,THPT
C14,Trường Cao Đẳng Sơn La,C620211,Quản lí tài nguyên rừng,A01,2025,0.0,,THPT
C14,Trường Cao Đẳng Sơn La,C620211,Quản lí tài nguyên rừng,B00,2025,0.0,,THPT
C14,Trường Cao Đẳng Sơn La,C760101,Công tác xã hội,C00,2025,0.0,,THPT
C14,Trường Cao Đẳng Sơn La,C850103,Quản lí đất đai,A00,2025,0.0,,THPT
C14,Trường Cao Đẳng Sơn La,C850103,Quản lí đất đai,A01,2025,0.0,,THPT
C14,Trường Cao Đẳng Sơn La,C850103,Quản lí đất đai,B00,2025,0.0,,THPT
C19,Trường Cao Đẳng Sư Phạm Bắc Ninh,51140201,Giáo dục Mầm non,C00,2025,24.0,,THPT
C19,Trường Cao Đẳng Sư Phạm Bắc Ninh,51140201,Giáo dục Mầm non,D01,2025,24.0,,THPT
C23,Trường Cao Đẳng Sư Phạm Hòa Bình,51140202,Giáo dục Tiểu học,C00,2025,0.0,,THPT
C23,Trường Cao Đẳng Sư Phạm Hòa Bình,51140209,Sư phạm Toán học,A00,2025,0.0,,THPT
C23,Trường Cao Đẳng Sư Phạm Hòa Bình,51140212,Sư phạm Hóa học,B00,2025,0.0,,THPT
C23,Trường Cao Đẳng Sư Phạm Hòa Bình,51140217,Sư phạm Ngữ văn,C00,2025,0.0,,THPT
C23,Trường Cao Đẳng Sư Phạm Hòa Bình,51140231,Sư phạm Tiếng Anh,D01,2025,0.0,,THPT
C23,Trường Cao Đẳng Sư Phạm Hòa Bình,51220201,Tiếng Anh,D01,2025,0.0,,THPT
C23,Trường Cao Đẳng Sư Phạm Hòa Bình,51340101,Quản trị kinh doanh,A00,2025,0.0,,THPT
C23,Trường Cao Đẳng Sư Phạm Hòa Bình,51340201,Tài chính - Ngân hàng,A00,2025,0.0,,THPT
C23,Trường Cao Đẳng Sư Phạm Hòa Bình,51340301,Kế toán,A00,2025,0.0,,THPT
C23,Trường Cao Đẳng Sư Phạm Hòa Bình,51340406,Quản trị văn phòng,C00,2025,0.0,,THPT
C23,Trường Cao Đẳng Sư Phạm Hòa Bình,51480202,Tin học ứng dụng,A00,2025,0.0,,THPT
C23,Trường Cao Đẳng Sư Phạm Hòa Bình,51760101,Công tác xã hội,C00,2025,0.0,,THPT
C25,Trường Cao Đẳng Sư Phạm Nam Định,51140202,Giáo dục tiểu học,D01,2025,15.0,,THPT
C25,Trường Cao Đẳng Sư Phạm Nam Định,51140209,Sư phạm toán học (tin học),D01,2025,15.0,,THPT
C25,Trường Cao Đẳng Sư Phạm Nam Định,51140217,Sư phạm ngữ văn (văn - GDCD),D01,2025,15.0,,THPT
C25,Trường Cao Đẳng Sư Phạm Nam Định,51140231,Sư phạm tiếng anh,D01,2025,15.0,,THPT
C26,Trường Cao Đẳng Sư Phạm Thái Bình,51140231,Sư phạm Tiếng Anh,D01,2025,15.0,,THPT
C32,Trường Cao Đẳng Sư Phạm Quảng Trị,51140202,Giáo dục tiểu học,D01,2025,12.0,,THPT
C32,Trường Cao Đẳng Sư Phạm Quảng Trị,51140210,Sư phạm Tin học,A00,2025,12.0,,THPT
C32,Trường Cao Đẳng Sư Phạm Quảng Trị,51140210,Sư phạm Tin học,A01,2025,12.0,,THPT
C32,Trường Cao Đẳng Sư Phạm Quảng Trị,51140211,Sư phạm Vật lý,A00,2025,12.0,,THPT
C32,Trường Cao Đẳng Sư Phạm Quảng Trị,51140211,Sư phạm Vật lý,A01,2025,12.0,,THPT
C32,Trường Cao Đẳng Sư Phạm Quảng Trị,51140212,Sư phạm Hóa học,B00,2025,12.0,,THPT
C32,Trường Cao Đẳng Sư Phạm Quảng Trị,51140212,Sư phạm Hóa học,D07,2025,12.0,,THPT
C32,Trường Cao Đẳng Sư Phạm Quảng Trị,51140213,Sư phạm Sinh học,B00,2025,12.0,,THPT
C32,Trường Cao Đẳng Sư Phạm Quảng Trị,51140213,Sư phạm Sinh học,D08,2025,12.0,,THPT
C32,Trường Cao Đẳng Sư Phạm Quảng Trị,51140218,Sư phạm Lịch sử,C00,2025,12.0,,THPT
C32,Trường Cao Đẳng Sư Phạm Quảng Trị,51140219,Sư phạm Địa lý,C00,2025,12.0,,THPT
C32,Trường Cao Đẳng Sư Phạm Quảng Trị,51140231,Sư phạm Tiếng Anh,D01,2025,12.0,,THPT
C32,Trường Cao Đẳng Sư Phạm Quảng Trị,51220113,Việt Nam học,D01,2025,12.0,,THPT
C32,Trường Cao Đẳng Sư Phạm Quảng Trị,51320202,Khoa học thư viện,D01,2025,12.0,,THPT
C32,Trường Cao Đẳng Sư Phạm Quảng Trị,51340301,Kế toán,D01,2025,12.0,,THPT
C32,Trường Cao Đẳng Sư Phạm Quảng Trị,51340406,Quản trị văn phòng,D01,2025,12.0,,THPT
C43,Trường Cao Đẳng Bình Phước,51140202,Giáo dục Tiểu học,C00,2025,0.0,,THPT
C43,Trường Cao Đẳng Bình Phước,51140202,Giáo dục Tiểu học,D01,2025,0.0,,THPT
C43,Trường Cao Đẳng Bình Phước,51220201,Tiếng Anh,A01,2025,0.0,,THPT
C43,Trường Cao Đẳng Bình Phước,51220201,Tiếng Anh,D01,2025,0.0,,THPT
C43,Trường Cao Đẳng Bình Phước,51320202,Khoa học thư viện,C00,2025,0.0,,THPT
C43,Trường Cao Đẳng Bình Phước,51320202,Khoa học thư viện,D01,2025,0.0,,THPT
C43,Trường Cao Đẳng Bình Phước,51480202,Tin học ứng dụng,A00,2025,0.0,,THPT
C43,Trường Cao Đẳng Bình Phước,51480202,Tin học ứng dụng,A01,2025,0.0,,THPT
C43,Trường Cao Đẳng Bình Phước,51480202,Tin học ứng dụng,D01,2025,0.0,,THPT
C46,Trường Cao Đẳng Sư Phạm Tây Ninh,51140202,Giáo dục Tiểu học,A00,2025,0.0,,THPT
C46,Trường Cao Đẳng Sư Phạm Tây Ninh,51140202,Giáo dục Tiểu học,A01,2025,0.0,,THPT
C46,Trường Cao Đẳng Sư Phạm Tây Ninh,51220201,Tiếng Anh,D01,2025,0.0,,THPT
C46,Trường Cao Đẳng Sư Phạm Tây Ninh,51320202,Khoa học Thư viện,C00,2025,0.0,,THPT
C46,Trường Cao Đẳng Sư Phạm Tây Ninh,51320202,Khoa học Thư viện,D01,2025,0.0,,THPT
C46,Trường Cao Đẳng Sư Phạm Tây Ninh,51340406,Quản trị văn phòng,C00,2025,0.0,,THPT
C46,Trường Cao Đẳng Sư Phạm Tây Ninh,51340406,Quản trị văn phòng,D01,2025,0.0,,THPT
C46,Trường Cao Đẳng Sư Phạm Tây Ninh,51480201,Công nghệ thông tin,A00,2025,0.0,,THPT
C46,Trường Cao Đẳng Sư Phạm Tây Ninh,51480201,Công nghệ thông tin,A01,2025,0.0,,THPT
C55,Trường Cao Đẳng Cần Thơ,6220206,Tiếng Anh,D01,2025,13.35,,THPT
C56,Trường Cao Đẳng Bến Tre,C220113,Việt Nam học (HD  du lịch),C00,2025,0.0,,THPT
C56,Trường Cao Đẳng Bến Tre,C220113,Việt Nam học (HD  du lịch),D01,2025,0.0,,THPT
C56,Trường Cao Đẳng Bến Tre,C220201,Tiếng Anh,D01,2025,0.0,,THPT
C56,Trường Cao Đẳng Bến Tre,C340101,Quản trị kinh doanh,A00,2025,0.0,,THPT
C56,Trường Cao Đẳng Bến Tre,C340101,Quản trị kinh doanh,A01,2025,0.0,,THPT
C56,Trường Cao Đẳng Bến Tre,C340101,Quản trị kinh doanh,D01,2025,0.0,,THPT
C56,Trường Cao Đẳng Bến Tre,C340201,Tài chính -Ngân hàng,A00,2025,0.0,,THPT
C56,Trường Cao Đẳng Bến Tre,C340201,Tài chính -Ngân hàng,A01,2025,0.0,,THPT
C56,Trường Cao Đẳng Bến Tre,C340201,Tài chính -Ngân hàng,D01,2025,0.0,,THPT
C56,Trường Cao Đẳng Bến Tre,C340301,Kế toán,A00,2025,0.0,,THPT
C56,Trường Cao Đẳng Bến Tre,C340301,Kế toán,A01,2025,0.0,,THPT
C56,Trường Cao Đẳng Bến Tre,C340301,Kế toán,D01,2025,0.0,,THPT
C56,Trường Cao Đẳng Bến Tre,C480202,Tin học ứng dụng,A00,2025,0.0,,THPT
C56,Trường Cao Đẳng Bến Tre,C480202,Tin học ứng dụng,A01,2025,0.0,,THPT
C56,Trường Cao Đẳng Bến Tre,C510103,Công nghệ kỹ thuật xây dựng,A00,2025,0.0,,THPT
C56,Trường Cao Đẳng Bến Tre,C510103,Công nghệ kỹ thuật xây dựng,A01,2025,0.0,,THPT
C56,Trường Cao Đẳng Bến Tre,C510205,Công nghệ kỹ thuật ô tô,A00,2025,0.0,,THPT
C56,Trường Cao Đẳng Bến Tre,C510205,Công nghệ kỹ thuật ô tô,A01,2025,0.0,,THPT
C56,Trường Cao Đẳng Bến Tre,C510301,"Công nghệ kỹ thuật điện, điện tử",A00,2025,0.0,,THPT
C56,Trường Cao Đẳng Bến Tre,C510301,"Công nghệ kỹ thuật điện, điện tử",A01,2025,0.0,,THPT
C56,Trường Cao Đẳng Bến Tre,C540105,Công nghệ chế biến thủy sản,A00,2025,0.0,,THPT
C56,Trường Cao Đẳng Bến Tre,C540105,Công nghệ chế biến thủy sản,A01,2025,0.0,,THPT
C56,Trường Cao Đẳng Bến Tre,C540105,Công nghệ chế biến thủy sản,B00,2025,0.0,,THPT
C56,Trường Cao Đẳng Bến Tre,C620301,Nuôi trồng thủy sản,B00,2025,0.0,,THPT
C62,Trường Cao Đẳng Sư Phạm Điện Biên,51140202,Giáo dục Tiểu học.,A00,2025,0.0,,THPT
C62,Trường Cao Đẳng Sư Phạm Điện Biên,51140202,Giáo dục Tiểu học.,C00,2025,0.0,,THPT
C62,Trường Cao Đẳng Sư Phạm Điện Biên,51140209,Sư phạm Toán học,A00,2025,0.0,,THPT
C62,Trường Cao Đẳng Sư Phạm Điện Biên,51140209,Sư phạm Toán học,A01,2025,0.0,,THPT
C62,Trường Cao Đẳng Sư Phạm Điện Biên,51140209,Sư phạm Toán học,B00,2025,0.0,,THPT
C62,Trường Cao Đẳng Sư Phạm Điện Biên,51140213,Sư phạm Sinh học.,A00,2025,0.0,,THPT
C62,Trường Cao Đẳng Sư Phạm Điện Biên,51140213,Sư phạm Sinh học.,B00,2025,0.0,,THPT
C62,Trường Cao Đẳng Sư Phạm Điện Biên,51140213,Sư phạm Sinh học.,D08,2025,0.0,,THPT
C62,Trường Cao Đẳng Sư Phạm Điện Biên,51140218,Sư phạm Lịch sử.,C00,2025,0.0,,THPT
C62,Trường Cao Đẳng Sư Phạm Điện Biên,51140231,Sư phạm Tiếng Anh.,A01,2025,0.0,,THPT
C62,Trường Cao Đẳng Sư Phạm Điện Biên,51140231,Sư phạm Tiếng Anh.,D01,2025,0.0,,THPT
CBL,Trường Cao Đẳng Công Nghệ Và Kinh Tế Bảo Lộc,C340101,Quản trị kinh doanh,A00,2025,0.0,,THPT
CBL,Trường Cao Đẳng Công Nghệ Và Kinh Tế Bảo Lộc,C340101,Quản trị kinh doanh,A01,2025,0.0,,THPT
CBL,Trường Cao Đẳng Công Nghệ Và Kinh Tế Bảo Lộc,C340101,Quản trị kinh doanh,D01,2025,0.0,,THPT
CBL,Trường Cao Đẳng Công Nghệ Và Kinh Tế Bảo Lộc,C340301,Kế toán,A00,2025,0.0,,THPT
CBL,Trường Cao Đẳng Công Nghệ Và Kinh Tế Bảo Lộc,C340301,Kế toán,A01,2025,0.0,,THPT
CBL,Trường Cao Đẳng Công Nghệ Và Kinh Tế Bảo Lộc,C340301,Kế toán,D01,2025,0.0,,THPT
CBL,Trường Cao Đẳng Công Nghệ Và Kinh Tế Bảo Lộc,C510201,Công nghệ kĩ thuật cơ khí,A00,2025,0.0,,THPT
CBL,Trường Cao Đẳng Công Nghệ Và Kinh Tế Bảo Lộc,C510201,Công nghệ kĩ thuật cơ khí,A01,2025,0.0,,THPT
CBL,Trường Cao Đẳng Công Nghệ Và Kinh Tế Bảo Lộc,C620105,Chăn nuôi,A00,2025,0.0,,THPT
CBL,Trường Cao Đẳng Công Nghệ Và Kinh Tế Bảo Lộc,C620105,Chăn nuôi,A01,2025,0.0,,THPT
CBL,Trường Cao Đẳng Công Nghệ Và Kinh Tế Bảo Lộc,C620105,Chăn nuôi,B00,2025,0.0,,THPT
CBL,Trường Cao Đẳng Công Nghệ Và Kinh Tế Bảo Lộc,C620110,Khoa học cây trồng,A00,2025,0.0,,THPT
CBL,Trường Cao Đẳng Công Nghệ Và Kinh Tế Bảo Lộc,C620110,Khoa học cây trồng,A01,2025,0.0,,THPT
CBL,Trường Cao Đẳng Công Nghệ Và Kinh Tế Bảo Lộc,C620110,Khoa học cây trồng,B00,2025,0.0,,THPT
CBT,Trường Cao Đẳng Công Nghệ và Thương Mại Hà Nội,C220113,Việt Nam học,C00,2025,0.0,,THPT
CBT,Trường Cao Đẳng Công Nghệ và Thương Mại Hà Nội,C220113,Việt Nam học,D01,2025,0.0,,THPT
CBT,Trường Cao Đẳng Công Nghệ và Thương Mại Hà Nội,C340101,Quản trị kinh doanh,A00,2025,0.0,,THPT
CBT,Trường Cao Đẳng Công Nghệ và Thương Mại Hà Nội,C340101,Quản trị kinh doanh,D01,2025,0.0,,THPT
CBT,Trường Cao Đẳng Công Nghệ và Thương Mại Hà Nội,C340201,Tài chính - Ngân hàng,A01,2025,0.0,,THPT
CBT,Trường Cao Đẳng Công Nghệ và Thương Mại Hà Nội,C340201,Tài chính - Ngân hàng,D01,2025,0.0,,THPT
CBT,Trường Cao Đẳng Công Nghệ và Thương Mại Hà Nội,C340301,Kế toán,A00,2025,0.0,,THPT
CBT,Trường Cao Đẳng Công Nghệ và Thương Mại Hà Nội,C340301,Kế toán,D01,2025,0.0,,THPT
CBT,Trường Cao Đẳng Công Nghệ và Thương Mại Hà Nội,C480201,Công nghệ thông tin,A00,2025,0.0,,THPT
CBT,Trường Cao Đẳng Công Nghệ và Thương Mại Hà Nội,C480201,Công nghệ thông tin,A01,2025,0.0,,THPT
CBT,Trường Cao Đẳng Công Nghệ và Thương Mại Hà Nội,C510101,Công nghệ kĩ thuật kiến trúc,A01,2025,0.0,,THPT
CBT,Trường Cao Đẳng Công Nghệ và Thương Mại Hà Nội,C510103,Công nghệ kĩ thuật xây dựng,A00,2025,0.0,,THPT
CBT,Trường Cao Đẳng Công Nghệ và Thương Mại Hà Nội,C510103,Công nghệ kĩ thuật xây dựng,A01,2025,0.0,,THPT
CBT,Trường Cao Đẳng Công Nghệ và Thương Mại Hà Nội,C510301,"Công nghệ kĩ thuật điện, điện tử",A00,2025,0.0,,THPT
CBT,Trường Cao Đẳng Công Nghệ và Thương Mại Hà Nội,C510301,"Công nghệ kĩ thuật điện, điện tử",A01,2025,0.0,,THPT
CBT,Trường Cao Đẳng Công Nghệ và Thương Mại Hà Nội,C510302,"Công nghệ kĩ thuật điện tử, truyền thông",A00,2025,0.0,,THPT
CBT,Trường Cao Đẳng Công Nghệ và Thương Mại Hà Nội,C510302,"Công nghệ kĩ thuật điện tử, truyền thông",A01,2025,0.0,,THPT
CBT,Trường Cao Đẳng Công Nghệ và Thương Mại Hà Nội,C580302,Quản lí xây dựng,A00,2025,0.0,,THPT
CBT,Trường Cao Đẳng Công Nghệ và Thương Mại Hà Nội,C580302,Quản lí xây dựng,A01,2025,0.0,,THPT
CBT,Trường Cao Đẳng Công Nghệ và Thương Mại Hà Nội,C720501,Điều dưỡng,A00,2025,0.0,,THPT
CBT,Trường Cao Đẳng Công Nghệ và Thương Mại Hà Nội,C720501,Điều dưỡng,B00,2025,0.0,,THPT
CBT,Trường Cao Đẳng Công Nghệ và Thương Mại Hà Nội,C760101,Công tác xã hội,C00,2025,0.0,,THPT
CBT,Trường Cao Đẳng Công Nghệ và Thương Mại Hà Nội,C760101,Công tác xã hội,D01,2025,0.0,,THPT
CBT,Trường Cao Đẳng Công Nghệ và Thương Mại Hà Nội,C900107,Dược,A00,2025,0.0,,THPT
CBT,Trường Cao Đẳng Công Nghệ và Thương Mại Hà Nội,C900107,Dược,B00,2025,0.0,,THPT
CCB,Trường Cao Đẳng Công Nghiệp Thái Nguyên,C340101,Quản trị kinh doanh,A00,2025,0.0,,THPT
CCB,Trường Cao Đẳng Công Nghiệp Thái Nguyên,C340101,Quản trị kinh doanh,A01,2025,0.0,,THPT
CCB,Trường Cao Đẳng Công Nghiệp Thái Nguyên,C340101,Quản trị kinh doanh,D01,2025,0.0,,THPT
CCB,Trường Cao Đẳng Công Nghiệp Thái Nguyên,C340301,Kế toán,A00,2025,0.0,,THPT
CCB,Trường Cao Đẳng Công Nghiệp Thái Nguyên,C340301,Kế toán,A01,2025,0.0,,THPT
CCB,Trường Cao Đẳng Công Nghiệp Thái Nguyên,C340301,Kế toán,D01,2025,0.0,,THPT
CCB,Trường Cao Đẳng Công Nghiệp Thái Nguyên,C480202,Tin học ứng dụng,A00,2025,0.0,,THPT
CCB,Trường Cao Đẳng Công Nghiệp Thái Nguyên,C480202,Tin học ứng dụng,A01,2025,0.0,,THPT
CCB,Trường Cao Đẳng Công Nghiệp Thái Nguyên,C480202,Tin học ứng dụng,D01,2025,0.0,,THPT
CCB,Trường Cao Đẳng Công Nghiệp Thái Nguyên,C510201,Công nghệ kỹ thuật cơ khí,A00,2025,0.0,,THPT
CCB,Trường Cao Đẳng Công Nghiệp Thái Nguyên,C510201,Công nghệ kỹ thuật cơ khí,A01,2025,0.0,,THPT
CCB,Trường Cao Đẳng Công Nghiệp Thái Nguyên,C510201,Công nghệ kỹ thuật cơ khí,D01,2025,0.0,,THPT
CCB,Trường Cao Đẳng Công Nghiệp Thái Nguyên,C510301,Công nghệ kỹ thuật điện,A00,2025,0.0,,THPT
CCB,Trường Cao Đẳng Công Nghiệp Thái Nguyên,C510301,Công nghệ kỹ thuật điện,A01,2025,0.0,,THPT
CCB,Trường Cao Đẳng Công Nghiệp Thái Nguyên,C510301,Công nghệ kỹ thuật điện,D01,2025,0.0,,THPT
CCB,Trường Cao Đẳng Công Nghiệp Thái Nguyên,C510503,Công nghệ Hàn,A00,2025,0.0,,THPT
CCB,Trường Cao Đẳng Công Nghiệp Thái Nguyên,C510503,Công nghệ Hàn,A01,2025,0.0,,THPT
CCB,Trường Cao Đẳng Công Nghiệp Thái Nguyên,C510503,Công nghệ Hàn,D01,2025,0.0,,THPT
CCE,Trường Cao Đẳng Kỹ Thuật Công Nghiệp,C340101,Quản trị kinh doanh,A00,2025,0.0,,THPT
CCE,Trường Cao Đẳng Kỹ Thuật Công Nghiệp,C340101,Quản trị kinh doanh,A01,2025,0.0,,THPT
CCE,Trường Cao Đẳng Kỹ Thuật Công Nghiệp,C340101,Quản trị kinh doanh,D01,2025,0.0,,THPT
CCE,Trường Cao Đẳng Kỹ Thuật Công Nghiệp,C340101,Quản trị kinh doanh,D07,2025,0.0,,THPT
CCE,Trường Cao Đẳng Kỹ Thuật Công Nghiệp,C340201,Tài chính - Ngân hàng,A00,2025,0.0,,THPT
CCE,Trường Cao Đẳng Kỹ Thuật Công Nghiệp,C340201,Tài chính - Ngân hàng,A01,2025,0.0,,THPT
CCE,Trường Cao Đẳng Kỹ Thuật Công Nghiệp,C340201,Tài chính - Ngân hàng,D01,2025,0.0,,THPT
CCE,Trường Cao Đẳng Kỹ Thuật Công Nghiệp,C340201,Tài chính - Ngân hàng,D07,2025,0.0,,THPT
CCE,Trường Cao Đẳng Kỹ Thuật Công Nghiệp,C340301,Kế toán,A00,2025,0.0,,THPT
CCE,Trường Cao Đẳng Kỹ Thuật Công Nghiệp,C340301,Kế toán,A01,2025,0.0,,THPT
CCE,Trường Cao Đẳng Kỹ Thuật Công Nghiệp,C340301,Kế toán,D01,2025,0.0,,THPT
CCE,Trường Cao Đẳng Kỹ Thuật Công Nghiệp,C340301,Kế toán,D07,2025,0.0,,THPT
CCE,Trường Cao Đẳng Kỹ Thuật Công Nghiệp,C480201,Công nghệ thông tin,A00,2025,0.0,,THPT
CCE,Trường Cao Đẳng Kỹ Thuật Công Nghiệp,C480201,Công nghệ thông tin,A01,2025,0.0,,THPT
CCE,Trường Cao Đẳng Kỹ Thuật Công Nghiệp,C480201,Công nghệ thông tin,D01,2025,0.0,,THPT
CCE,Trường Cao Đẳng Kỹ Thuật Công Nghiệp,C480201,Công nghệ thông tin,D07,2025,0.0,,THPT
CCE,Trường Cao Đẳng Kỹ Thuật Công Nghiệp,C510103,Công nghệ kỹ thuật xây dựng,A00,2025,0.0,,THPT
CCE,Trường Cao Đẳng Kỹ Thuật Công Nghiệp,C510103,Công nghệ kỹ thuật xây dựng,A01,2025,0.0,,THPT
CCE,Trường Cao Đẳng Kỹ Thuật Công Nghiệp,C510103,Công nghệ kỹ thuật xây dựng,D01,2025,0.0,,THPT
CCE,Trường Cao Đẳng Kỹ Thuật Công Nghiệp,C510103,Công nghệ kỹ thuật xây dựng,D07,2025,0.0,,THPT
CCE,Trường Cao Đẳng Kỹ Thuật Công Nghiệp,C510201,Công nghệ kỹ thuật cơ khí,A00,2025,0.0,,THPT
CCE,Trường Cao Đẳng Kỹ Thuật Công Nghiệp,C510201,Công nghệ kỹ thuật cơ khí,A01,2025,0.0,,THPT
CCE,Trường Cao Đẳng Kỹ Thuật Công Nghiệp,C510201,Công nghệ kỹ thuật cơ khí,D01,2025,0.0,,THPT
CCE,Trường Cao Đẳng Kỹ Thuật Công Nghiệp,C510201,Công nghệ kỹ thuật cơ khí,D07,2025,0.0,,THPT
CCE,Trường Cao Đẳng Kỹ Thuật Công Nghiệp,C510205,Công nghệ kỹ thuật ôtô,A00,2025,0.0,,THPT
CCE,Trường Cao Đẳng Kỹ Thuật Công Nghiệp,C510205,Công nghệ kỹ thuật ôtô,A01,2025,0.0,,THPT
CCE,Trường Cao Đẳng Kỹ Thuật Công Nghiệp,C510205,Công nghệ kỹ thuật ôtô,D01,2025,0.0,,THPT
CCE,Trường Cao Đẳng Kỹ Thuật Công Nghiệp,C510205,Công nghệ kỹ thuật ôtô,D07,2025,0.0,,THPT
CCE,Trường Cao Đẳng Kỹ Thuật Công Nghiệp,C510301,Công nghệ kỹ thuật điện - điện tử,A00,2025,0.0,,THPT
CCE,Trường Cao Đẳng Kỹ Thuật Công Nghiệp,C510301,Công nghệ kỹ thuật điện - điện tử,A01,2025,0.0,,THPT
CCE,Trường Cao Đẳng Kỹ Thuật Công Nghiệp,C510301,Công nghệ kỹ thuật điện - điện tử,D01,2025,0.0,,THPT
CCE,Trường Cao Đẳng Kỹ Thuật Công Nghiệp,C510301,Công nghệ kỹ thuật điện - điện tử,D07,2025,0.0,,THPT
CCE,Trường Cao Đẳng Kỹ Thuật Công Nghiệp,C510303,Công nghệ KT điều khiển & tự động hoá,A00,2025,0.0,,THPT
CCE,Trường Cao Đẳng Kỹ Thuật Công Nghiệp,C510303,Công nghệ KT điều khiển & tự động hoá,A01,2025,0.0,,THPT
CCE,Trường Cao Đẳng Kỹ Thuật Công Nghiệp,C510303,Công nghệ KT điều khiển & tự động hoá,D01,2025,0.0,,THPT
CCE,Trường Cao Đẳng Kỹ Thuật Công Nghiệp,C510303,Công nghệ KT điều khiển & tự động hoá,D07,2025,0.0,,THPT
CCE,Trường Cao Đẳng Kỹ Thuật Công Nghiệp,C510401,Công nghệ kỹ thuật hoá học,A00,2025,0.0,,THPT
CCE,Trường Cao Đẳng Kỹ Thuật Công Nghiệp,C510401,Công nghệ kỹ thuật hoá học,A01,2025,0.0,,THPT
CCE,Trường Cao Đẳng Kỹ Thuật Công Nghiệp,C510401,Công nghệ kỹ thuật hoá học,B00,2025,0.0,,THPT
CCE,Trường Cao Đẳng Kỹ Thuật Công Nghiệp,C510401,Công nghệ kỹ thuật hoá học,D01,2025,0.0,,THPT
CCE,Trường Cao Đẳng Kỹ Thuật Công Nghiệp,C510406,Công nghệ kỹ thuật môi trường,A00,2025,0.0,,THPT
CCE,Trường Cao Đẳng Kỹ Thuật Công Nghiệp,C510406,Công nghệ kỹ thuật môi trường,A01,2025,0.0,,THPT
CCE,Trường Cao Đẳng Kỹ Thuật Công Nghiệp,C510406,Công nghệ kỹ thuật môi trường,B00,2025,0.0,,THPT
CCE,Trường Cao Đẳng Kỹ Thuật Công Nghiệp,C510406,Công nghệ kỹ thuật môi trường,D01,2025,0.0,,THPT
CCH,Trường Cao Đẳng Công Nghiệp Huế,C220113,Việt Nam học,A00,2025,0.0,,THPT
CCH,Trường Cao Đẳng Công Nghiệp Huế,C220113,Việt Nam học,A01,2025,0.0,,THPT
CCH,Trường Cao Đẳng Công Nghiệp Huế,C220113,Việt Nam học,C00,2025,0.0,,THPT
CCH,Trường Cao Đẳng Công Nghiệp Huế,C220113,Việt Nam học,D01,2025,0.0,,THPT
CCH,Trường Cao Đẳng Công Nghiệp Huế,C220201,Tiếng Anh,A01,2025,0.0,,THPT
CCH,Trường Cao Đẳng Công Nghiệp Huế,C220201,Tiếng Anh,D01,2025,0.0,,THPT
CCH,Trường Cao Đẳng Công Nghiệp Huế,C340101,Quản trị kinh doanh,A00,2025,0.0,,THPT
CCH,Trường Cao Đẳng Công Nghiệp Huế,C340101,Quản trị kinh doanh,A01,2025,0.0,,THPT
CCH,Trường Cao Đẳng Công Nghiệp Huế,C340101,Quản trị kinh doanh,D01,2025,0.0,,THPT
CCH,Trường Cao Đẳng Công Nghiệp Huế,C340201,Tài chính - ngân hàng,A00,2025,0.0,,THPT
CCH,Trường Cao Đẳng Công Nghiệp Huế,C340201,Tài chính - ngân hàng,A01,2025,0.0,,THPT
CCH,Trường Cao Đẳng Công Nghiệp Huế,C340201,Tài chính - ngân hàng,D01,2025,0.0,,THPT
CCH,Trường Cao Đẳng Công Nghiệp Huế,C340301,Kế toán,A00,2025,0.0,,THPT
CCH,Trường Cao Đẳng Công Nghiệp Huế,C340301,Kế toán,A01,2025,0.0,,THPT
CCH,Trường Cao Đẳng Công Nghiệp Huế,C340301,Kế toán,D01,2025,0.0,,THPT
CCH,Trường Cao Đẳng Công Nghiệp Huế,C480102,Truyền thông và mạng máy tính,A00,2025,0.0,,THPT
CCH,Trường Cao Đẳng Công Nghiệp Huế,C480102,Truyền thông và mạng máy tính,A01,2025,0.0,,THPT
CCH,Trường Cao Đẳng Công Nghiệp Huế,C480102,Truyền thông và mạng máy tính,D01,2025,0.0,,THPT
CCH,Trường Cao Đẳng Công Nghiệp Huế,C480202,Tin học ứng dụng,A00,2025,0.0,,THPT
CCH,Trường Cao Đẳng Công Nghiệp Huế,C480202,Tin học ứng dụng,A01,2025,0.0,,THPT
CCH,Trường Cao Đẳng Công Nghiệp Huế,C480202,Tin học ứng dụng,D01,2025,0.0,,THPT
CCH,Trường Cao Đẳng Công Nghiệp Huế,C510103,Công nghệ kỹ thuật xây dựng,A00,2025,0.0,,THPT
CCH,Trường Cao Đẳng Công Nghiệp Huế,C510103,Công nghệ kỹ thuật xây dựng,A01,2025,0.0,,THPT
CCH,Trường Cao Đẳng Công Nghiệp Huế,C510201,Công nghệ kỹ thuật cơ khí,A00,2025,0.0,,THPT
CCH,Trường Cao Đẳng Công Nghiệp Huế,C510201,Công nghệ kỹ thuật cơ khí,A01,2025,0.0,,THPT
CCH,Trường Cao Đẳng Công Nghiệp Huế,C510203,Công nghệ kỹ thuật cơ điện tử,A00,2025,0.0,,THPT
CCH,Trường Cao Đẳng Công Nghiệp Huế,C510203,Công nghệ kỹ thuật cơ điện tử,A01,2025,0.0,,THPT
CCH,Trường Cao Đẳng Công Nghiệp Huế,C510205,Công nghệ kỹ thuật ô tô,A00,2025,0.0,,THPT
CCH,Trường Cao Đẳng Công Nghiệp Huế,C510205,Công nghệ kỹ thuật ô tô,A01,2025,0.0,,THPT
CCH,Trường Cao Đẳng Công Nghiệp Huế,C510206,Công nghệ kỹ thuật nhiệt,A00,2025,0.0,,THPT
CCH,Trường Cao Đẳng Công Nghiệp Huế,C510206,Công nghệ kỹ thuật nhiệt,A01,2025,0.0,,THPT
CCH,Trường Cao Đẳng Công Nghiệp Huế,C510301,"Công nghệ kỹ thuật điện, điện tử",A00,2025,0.0,,THPT
CCH,Trường Cao Đẳng Công Nghiệp Huế,C510301,"Công nghệ kỹ thuật điện, điện tử",A01,2025,0.0,,THPT
CCH,Trường Cao Đẳng Công Nghiệp Huế,C510302,"Công nghệ kỹ thuật điện tử, truyền thông",A00,2025,0.0,,THPT
CCH,Trường Cao Đẳng Công Nghiệp Huế,C510302,"Công nghệ kỹ thuật điện tử, truyền thông",A01,2025,0.0,,THPT
CCH,Trường Cao Đẳng Công Nghiệp Huế,C510303,Công nghệ kỹ thuật điều khiển và tự động hóa,A00,2025,0.0,,THPT
CCH,Trường Cao Đẳng Công Nghiệp Huế,C510303,Công nghệ kỹ thuật điều khiển và tự động hóa,A01,2025,0.0,,THPT
CCH,Trường Cao Đẳng Công Nghiệp Huế,C510401,Công nghệ kỹ thuật Hóa học,A00,2025,0.0,,THPT
CCH,Trường Cao Đẳng Công Nghiệp Huế,C510401,Công nghệ kỹ thuật Hóa học,B00,2025,0.0,,THPT
CCH,Trường Cao Đẳng Công Nghiệp Huế,C510402,Công nghệ vật liệu,A00,2025,0.0,,THPT
CCH,Trường Cao Đẳng Công Nghiệp Huế,C510402,Công nghệ vật liệu,A01,2025,0.0,,THPT
CCH,Trường Cao Đẳng Công Nghiệp Huế,C510402,Công nghệ vật liệu,B00,2025,0.0,,THPT
CCH,Trường Cao Đẳng Công Nghiệp Huế,C510406,Công nghệ kỹ thuật môi trường,A00,2025,0.0,,THPT
CCH,Trường Cao Đẳng Công Nghiệp Huế,C510406,Công nghệ kỹ thuật môi trường,B00,2025,0.0,,THPT
CCH,Trường Cao Đẳng Công Nghiệp Huế,C540102,Công nghệ thực phẩm,A00,2025,0.0,,THPT
CCH,Trường Cao Đẳng Công Nghiệp Huế,C540102,Công nghệ thực phẩm,B00,2025,0.0,,THPT
CCI,Trường Cao Đẳng Công Nghiệp In,C480202,Tin học ứng dụng,A00,2025,0.0,,THPT
CCI,Trường Cao Đẳng Công Nghiệp In,C480202,Tin học ứng dụng,A01,2025,0.0,,THPT
CCI,Trường Cao Đẳng Công Nghiệp In,C480202,Tin học ứng dụng,D01,2025,0.0,,THPT
CCI,Trường Cao Đẳng Công Nghiệp In,C480202,Tin học ứng dụng,D07,2025,0.0,,THPT
CCI,Trường Cao Đẳng Công Nghiệp In,C510501,Công nghệ in,A00,2025,0.0,,THPT
CCI,Trường Cao Đẳng Công Nghiệp In,C510501,Công nghệ in,A01,2025,0.0,,THPT
CCI,Trường Cao Đẳng Công Nghiệp In,C510501,Công nghệ in,D01,2025,0.0,,THPT
CCI,Trường Cao Đẳng Công Nghiệp In,C510501,Công nghệ in,D07,2025,0.0,,THPT
CCK,Trường Cao Đẳng Kinh Tế Công Nghiệp Hà Nội,C340101,Quản trị kinh doanh,A00,2025,0.0,,THPT
CCK,Trường Cao Đẳng Kinh Tế Công Nghiệp Hà Nội,C340101,Quản trị kinh doanh,A01,2025,0.0,,THPT
CCK,Trường Cao Đẳng Kinh Tế Công Nghiệp Hà Nội,C340101,Quản trị kinh doanh,D01,2025,0.0,,THPT
CCK,Trường Cao Đẳng Kinh Tế Công Nghiệp Hà Nội,C340201,Tài chính - Ngân hàng,A00,2025,0.0,,THPT
CCK,Trường Cao Đẳng Kinh Tế Công Nghiệp Hà Nội,C340201,Tài chính - Ngân hàng,A01,2025,0.0,,THPT
CCK,Trường Cao Đẳng Kinh Tế Công Nghiệp Hà Nội,C340201,Tài chính - Ngân hàng,D01,2025,0.0,,THPT
CCK,Trường Cao Đẳng Kinh Tế Công Nghiệp Hà Nội,C340301,Kế toán,A00,2025,0.0,,THPT
CCK,Trường Cao Đẳng Kinh Tế Công Nghiệp Hà Nội,C340301,Kế toán,A01,2025,0.0,,THPT
CCK,Trường Cao Đẳng Kinh Tế Công Nghiệp Hà Nội,C340301,Kế toán,D01,2025,0.0,,THPT
CCK,Trường Cao Đẳng Kinh Tế Công Nghiệp Hà Nội,C340406,Quản trị văn phòng,A00,2025,0.0,,THPT
CCK,Trường Cao Đẳng Kinh Tế Công Nghiệp Hà Nội,C340406,Quản trị văn phòng,A01,2025,0.0,,THPT
CCK,Trường Cao Đẳng Kinh Tế Công Nghiệp Hà Nội,C340406,Quản trị văn phòng,C00,2025,0.0,,THPT
CCK,Trường Cao Đẳng Kinh Tế Công Nghiệp Hà Nội,C340406,Quản trị văn phòng,D01,2025,0.0,,THPT
CCK,Trường Cao Đẳng Kinh Tế Công Nghiệp Hà Nội,C380201,Dịch vụ pháp lí,A00,2025,0.0,,THPT
CCK,Trường Cao Đẳng Kinh Tế Công Nghiệp Hà Nội,C380201,Dịch vụ pháp lí,A01,2025,0.0,,THPT
CCK,Trường Cao Đẳng Kinh Tế Công Nghiệp Hà Nội,C380201,Dịch vụ pháp lí,C00,2025,0.0,,THPT
CCK,Trường Cao Đẳng Kinh Tế Công Nghiệp Hà Nội,C380201,Dịch vụ pháp lí,D01,2025,0.0,,THPT
CCK,Trường Cao Đẳng Kinh Tế Công Nghiệp Hà Nội,C480202,Tin học ứng dụng,A00,2025,0.0,,THPT
CCK,Trường Cao Đẳng Kinh Tế Công Nghiệp Hà Nội,C480202,Tin học ứng dụng,A01,2025,0.0,,THPT
CCK,Trường Cao Đẳng Kinh Tế Công Nghiệp Hà Nội,C480202,Tin học ứng dụng,D01,2025,0.0,,THPT
CCM,Đại học Công Nghiệp Dệt May Hà Nội,7210403,Thiết kế đồ họa,D01,2025,19.0,,THPT
CCM,Đại học Công Nghiệp Dệt May Hà Nội,7210404,Thiết kế thời trang,D01,2025,18.0,,THPT
CCM,Đại học Công Nghiệp Dệt May Hà Nội,7340101,Quản trị Kinh doanh,A00,2025,16.0,,THPT
CCM,Đại học Công Nghiệp Dệt May Hà Nội,7340101,Quản trị Kinh doanh,A01,2025,16.0,,THPT
CCM,Đại học Công Nghiệp Dệt May Hà Nội,7340101,Quản trị Kinh doanh,B00,2025,16.0,,THPT
CCM,Đại học Công Nghiệp Dệt May Hà Nội,7340101,Quản trị Kinh doanh,D01,2025,16.0,,THPT
CCM,Đại học Công Nghiệp Dệt May Hà Nội,7340115,Marketing,A00,2025,17.0,,THPT
CCM,Đại học Công Nghiệp Dệt May Hà Nội,7340115,Marketing,A01,2025,17.0,,THPT
CCM,Đại học Công Nghiệp Dệt May Hà Nội,7340115,Marketing,B00,2025,17.0,,THPT
CCM,Đại học Công Nghiệp Dệt May Hà Nội,7340115,Marketing,D01,2025,17.0,,THPT
CCM,Đại học Công Nghiệp Dệt May Hà Nội,7340122,Thương mại điện tử,A00,2025,16.0,,THPT
CCM,Đại học Công Nghiệp Dệt May Hà Nội,7340122,Thương mại điện tử,A01,2025,16.0,,THPT
CCM,Đại học Công Nghiệp Dệt May Hà Nội,7340122,Thương mại điện tử,B00,2025,16.0,,THPT
CCM,Đại học Công Nghiệp Dệt May Hà Nội,7340122,Thương mại điện tử,D01,2025,16.0,,THPT
CCM,Đại học Công Nghiệp Dệt May Hà Nội,7340301,Kế toán,A00,2025,16.0,,THPT
CCM,Đại học Công Nghiệp Dệt May Hà Nội,7340301,Kế toán,A01,2025,16.0,,THPT
CCM,Đại học Công Nghiệp Dệt May Hà Nội,7340301,Kế toán,B00,2025,16.0,,THPT
CCM,Đại học Công Nghiệp Dệt May Hà Nội,7340301,Kế toán,D01,2025,16.0,,THPT
CCM,Đại học Công Nghiệp Dệt May Hà Nội,7510201,Công nghệ kỹ thuật cơ khí (chuyên ngành Cơ khí chế tạo),A00,2025,16.0,,THPT
CCM,Đại học Công Nghiệp Dệt May Hà Nội,7510201,Công nghệ kỹ thuật cơ khí (chuyên ngành Cơ khí chế tạo),A01,2025,16.0,,THPT
CCM,Đại học Công Nghiệp Dệt May Hà Nội,7510201,Công nghệ kỹ thuật cơ khí (chuyên ngành Cơ khí chế tạo),B00,2025,16.0,,THPT
CCM,Đại học Công Nghiệp Dệt May Hà Nội,7510201,Công nghệ kỹ thuật cơ khí (chuyên ngành Cơ khí chế tạo),D01,2025,16.0,,THPT
CCM,Đại học Công Nghiệp Dệt May Hà Nội,7510301,"Công nghệ kỹ thuật điện, điện tử",A00,2025,17.0,,THPT
CCM,Đại học Công Nghiệp Dệt May Hà Nội,7510301,"Công nghệ kỹ thuật điện, điện tử",A01,2025,17.0,,THPT
CCM,Đại học Công Nghiệp Dệt May Hà Nội,7510301,"Công nghệ kỹ thuật điện, điện tử",B00,2025,17.0,,THPT
CCM,Đại học Công Nghiệp Dệt May Hà Nội,7510301,"Công nghệ kỹ thuật điện, điện tử",D01,2025,17.0,,THPT
CCM,Đại học Công Nghiệp Dệt May Hà Nội,7510601,Quản lý công nghiệp,A00,2025,17.0,,THPT
CCM,Đại học Công Nghiệp Dệt May Hà Nội,7510601,Quản lý công nghiệp,A01,2025,17.0,,THPT
CCM,Đại học Công Nghiệp Dệt May Hà Nội,7510601,Quản lý công nghiệp,B00,2025,17.0,,THPT
CCM,Đại học Công Nghiệp Dệt May Hà Nội,7510601,Quản lý công nghiệp,D01,2025,17.0,,THPT
CCM,Đại học Công Nghiệp Dệt May Hà Nội,7540202,"Công nghệ sợi, dệt",A00,2025,16.0,,THPT
CCM,Đại học Công Nghiệp Dệt May Hà Nội,7540202,"Công nghệ sợi, dệt",A01,2025,16.0,,THPT
CCM,Đại học Công Nghiệp Dệt May Hà Nội,7540202,"Công nghệ sợi, dệt",B00,2025,16.0,,THPT
CCM,Đại học Công Nghiệp Dệt May Hà Nội,7540202,"Công nghệ sợi, dệt",D01,2025,16.0,,THPT
CCM,Đại học Công Nghiệp Dệt May Hà Nội,7540209,Công nghệ may,A00,2025,17.0,,THPT
CCM,Đại học Công Nghiệp Dệt May Hà Nội,7540209,Công nghệ may,A01,2025,17.0,,THPT
CCM,Đại học Công Nghiệp Dệt May Hà Nội,7540209,Công nghệ may,B00,2025,17.0,,THPT
CCM,Đại học Công Nghiệp Dệt May Hà Nội,7540209,Công nghệ may,D01,2025,17.0,,THPT
CCO,Trường Cao Đẳng Công Nghệ Thủ Đức,C220201,Tiếng Anh,A00,2025,12.0,,THPT
CCO,Trường Cao Đẳng Công Nghệ Thủ Đức,C220201,Tiếng Anh,A01,2025,12.0,,THPT
CCO,Trường Cao Đẳng Công Nghệ Thủ Đức,C220201,Tiếng Anh,D01,2025,12.0,,THPT
CCO,Trường Cao Đẳng Công Nghệ Thủ Đức,C340101,Quản trị kinh doanh,A00,2025,12.0,,THPT
CCO,Trường Cao Đẳng Công Nghệ Thủ Đức,C340101,Quản trị kinh doanh,A01,2025,12.0,,THPT
CCO,Trường Cao Đẳng Công Nghệ Thủ Đức,C340101,Quản trị kinh doanh,D01,2025,12.0,,THPT
CCO,Trường Cao Đẳng Công Nghệ Thủ Đức,C340301,Kế toán,A00,2025,12.0,,THPT
CCO,Trường Cao Đẳng Công Nghệ Thủ Đức,C340301,Kế toán,A01,2025,12.0,,THPT
CCO,Trường Cao Đẳng Công Nghệ Thủ Đức,C340301,Kế toán,D01,2025,12.0,,THPT
CCO,Trường Cao Đẳng Công Nghệ Thủ Đức,C480102,Truyền thông và mạng máy tính,A00,2025,12.0,,THPT
CCO,Trường Cao Đẳng Công Nghệ Thủ Đức,C480102,Truyền thông và mạng máy tính,A01,2025,12.0,,THPT
CCO,Trường Cao Đẳng Công Nghệ Thủ Đức,C480102,Truyền thông và mạng máy tính,D01,2025,12.0,,THPT
CCO,Trường Cao Đẳng Công Nghệ Thủ Đức,C480201,Công nghệ thông tin,A00,2025,12.0,,THPT
CCO,Trường Cao Đẳng Công Nghệ Thủ Đức,C480201,Công nghệ thông tin,A01,2025,12.0,,THPT
CCO,Trường Cao Đẳng Công Nghệ Thủ Đức,C480201,Công nghệ thông tin,D01,2025,12.0,,THPT
CCO,Trường Cao Đẳng Công Nghệ Thủ Đức,C510201,Công nghệ kỹ thuật cơ khí,A00,2025,12.0,,THPT
CCO,Trường Cao Đẳng Công Nghệ Thủ Đức,C510201,Công nghệ kỹ thuật cơ khí,A01,2025,12.0,,THPT
CCO,Trường Cao Đẳng Công Nghệ Thủ Đức,C510201,Công nghệ kỹ thuật cơ khí,D01,2025,12.0,,THPT
CCO,Trường Cao Đẳng Công Nghệ Thủ Đức,C510205,Công nghệ kỹ thuật Ôtô,A00,2025,12.0,,THPT
CCO,Trường Cao Đẳng Công Nghệ Thủ Đức,C510205,Công nghệ kỹ thuật Ôtô,A01,2025,12.0,,THPT
CCO,Trường Cao Đẳng Công Nghệ Thủ Đức,C510205,Công nghệ kỹ thuật Ôtô,D01,2025,12.0,,THPT
CCO,Trường Cao Đẳng Công Nghệ Thủ Đức,C510301,Công nghệ kỹ thuật điện – điện tử,A00,2025,12.0,,THPT
CCO,Trường Cao Đẳng Công Nghệ Thủ Đức,C510301,Công nghệ kỹ thuật điện – điện tử,A01,2025,12.0,,THPT
CCO,Trường Cao Đẳng Công Nghệ Thủ Đức,C510301,Công nghệ kỹ thuật điện – điện tử,D01,2025,12.0,,THPT
CCO,Trường Cao Đẳng Công Nghệ Thủ Đức,C510302,Công nghệ kỹ thuật điện tử - truyền thông,A00,2025,12.0,,THPT
CCO,Trường Cao Đẳng Công Nghệ Thủ Đức,C510302,Công nghệ kỹ thuật điện tử - truyền thông,A01,2025,12.0,,THPT
CCO,Trường Cao Đẳng Công Nghệ Thủ Đức,C510302,Công nghệ kỹ thuật điện tử - truyền thông,D01,2025,12.0,,THPT
CCP,Trường Cao Đẳng Công Thương Miền Trung,C210403,Thiết kế đồ họa,A00,2025,0.0,,THPT
CCP,Trường Cao Đẳng Công Thương Miền Trung,C210403,Thiết kế đồ họa,D01,2025,0.0,,THPT
CCP,Trường Cao Đẳng Công Thương Miền Trung,C340101,Quản trị kinh doanh,A00,2025,0.0,,THPT
CCP,Trường Cao Đẳng Công Thương Miền Trung,C340101,Quản trị kinh doanh,A01,2025,0.0,,THPT
CCP,Trường Cao Đẳng Công Thương Miền Trung,C340101,Quản trị kinh doanh,D01,2025,0.0,,THPT
CCP,Trường Cao Đẳng Công Thương Miền Trung,C340201,Tài chính - Ngân hàng,A00,2025,0.0,,THPT
CCP,Trường Cao Đẳng Công Thương Miền Trung,C340201,Tài chính - Ngân hàng,D01,2025,0.0,,THPT
CCP,Trường Cao Đẳng Công Thương Miền Trung,C340301,Kế toán,A00,2025,0.0,,THPT
CCP,Trường Cao Đẳng Công Thương Miền Trung,C340301,Kế toán,A01,2025,0.0,,THPT
CCP,Trường Cao Đẳng Công Thương Miền Trung,C420201,Công nghệ sinh học,A00,2025,0.0,,THPT
CCP,Trường Cao Đẳng Công Thương Miền Trung,C420201,Công nghệ sinh học,B00,2025,0.0,,THPT
CCP,Trường Cao Đẳng Công Thương Miền Trung,C480102,Truyền thông và mạng máy tính,A00,2025,0.0,,THPT
CCP,Trường Cao Đẳng Công Thương Miền Trung,C480102,Truyền thông và mạng máy tính,D01,2025,0.0,,THPT
CCP,Trường Cao Đẳng Công Thương Miền Trung,C480202,Tin học ứng dụng,A00,2025,0.0,,THPT
CCP,Trường Cao Đẳng Công Thương Miền Trung,C480202,Tin học ứng dụng,D01,2025,0.0,,THPT
CCP,Trường Cao Đẳng Công Thương Miền Trung,C510201,Công nghệ kĩ thuật cơ khí,A00,2025,0.0,,THPT
CCP,Trường Cao Đẳng Công Thương Miền Trung,C510201,Công nghệ kĩ thuật cơ khí,A01,2025,0.0,,THPT
CCP,Trường Cao Đẳng Công Thương Miền Trung,C510203,Công nghệ cơ điện tử,A00,2025,0.0,,THPT
CCP,Trường Cao Đẳng Công Thương Miền Trung,C510203,Công nghệ cơ điện tử,A01,2025,0.0,,THPT
CCP,Trường Cao Đẳng Công Thương Miền Trung,C510206,Công nghệ kĩ thuật nhiệt,A00,2025,0.0,,THPT
CCP,Trường Cao Đẳng Công Thương Miền Trung,C510206,Công nghệ kĩ thuật nhiệt,A01,2025,0.0,,THPT
CCP,Trường Cao Đẳng Công Thương Miền Trung,C510301,"Công nghệ kĩ thuật điện, điện tử",A00,2025,0.0,,THPT
CCP,Trường Cao Đẳng Công Thương Miền Trung,C510301,"Công nghệ kĩ thuật điện, điện tử",A01,2025,0.0,,THPT
CCP,Trường Cao Đẳng Công Thương Miền Trung,C510302,"Công nghệ kĩ thuật điện tử, truyền thông",A00,2025,0.0,,THPT
CCP,Trường Cao Đẳng Công Thương Miền Trung,C510302,"Công nghệ kĩ thuật điện tử, truyền thông",A01,2025,0.0,,THPT
CCP,Trường Cao Đẳng Công Thương Miền Trung,C510303,Công nghệ kĩ thuật điều khiển và tự động hóa,A00,2025,0.0,,THPT
CCP,Trường Cao Đẳng Công Thương Miền Trung,C510303,Công nghệ kĩ thuật điều khiển và tự động hóa,A01,2025,0.0,,THPT
CCP,Trường Cao Đẳng Công Thương Miền Trung,C510401,Công nghệ kĩ thuật hóa học,A00,2025,0.0,,THPT
CCP,Trường Cao Đẳng Công Thương Miền Trung,C510401,Công nghệ kĩ thuật hóa học,B00,2025,0.0,,THPT
CCP,Trường Cao Đẳng Công Thương Miền Trung,C510406,Công nghệ kĩ thuật môi trường,A00,2025,0.0,,THPT
CCP,Trường Cao Đẳng Công Thương Miền Trung,C510406,Công nghệ kĩ thuật môi trường,B00,2025,0.0,,THPT
CCP,Trường Cao Đẳng Công Thương Miền Trung,C515901,Công nghệ kĩ thuật địa chất,A00,2025,0.0,,THPT
CCP,Trường Cao Đẳng Công Thương Miền Trung,C515901,Công nghệ kĩ thuật địa chất,A01,2025,0.0,,THPT
CCP,Trường Cao Đẳng Công Thương Miền Trung,C515902,Công nghệ kĩ thuật trắc địa,A00,2025,0.0,,THPT
CCP,Trường Cao Đẳng Công Thương Miền Trung,C515902,Công nghệ kĩ thuật trắc địa,A01,2025,0.0,,THPT
CCP,Trường Cao Đẳng Công Thương Miền Trung,C540102,Công nghệ thực phẩm,A00,2025,0.0,,THPT
CCP,Trường Cao Đẳng Công Thương Miền Trung,C540102,Công nghệ thực phẩm,B00,2025,0.0,,THPT
CCP,Trường Cao Đẳng Công Thương Miền Trung,C850103,Quản lí đất đai,A00,2025,0.0,,THPT
CCP,Trường Cao Đẳng Công Thương Miền Trung,C850103,Quản lí đất đai,A01,2025,0.0,,THPT
CCV,Trường Cao Đẳng Công Nghiệp Việt Đức,C340301,Kế toán,A00,2025,0.0,,THPT
CCV,Trường Cao Đẳng Công Nghiệp Việt Đức,C340301,Kế toán,A01,2025,0.0,,THPT
CCV,Trường Cao Đẳng Công Nghiệp Việt Đức,C340301,Kế toán,D01,2025,0.0,,THPT
CCV,Trường Cao Đẳng Công Nghiệp Việt Đức,C480202,Tin học ứng dụng,A00,2025,0.0,,THPT
CCV,Trường Cao Đẳng Công Nghiệp Việt Đức,C480202,Tin học ứng dụng,A01,2025,0.0,,THPT
CCV,Trường Cao Đẳng Công Nghiệp Việt Đức,C480202,Tin học ứng dụng,D01,2025,0.0,,THPT
CCV,Trường Cao Đẳng Công Nghiệp Việt Đức,C510201,Công nghệ kỹ thuật Cơ khí,A00,2025,0.0,,THPT
CCV,Trường Cao Đẳng Công Nghiệp Việt Đức,C510201,Công nghệ kỹ thuật Cơ khí,A01,2025,0.0,,THPT
CCV,Trường Cao Đẳng Công Nghiệp Việt Đức,C510203,Công nghệ kĩ thuật cơ điện tử,A00,2025,0.0,,THPT
CCV,Trường Cao Đẳng Công Nghiệp Việt Đức,C510203,Công nghệ kĩ thuật cơ điện tử,A01,2025,0.0,,THPT
CCV,Trường Cao Đẳng Công Nghiệp Việt Đức,C510205,Công nghệ kỹ thuật ô tô,A00,2025,0.0,,THPT
CCV,Trường Cao Đẳng Công Nghiệp Việt Đức,C510205,Công nghệ kỹ thuật ô tô,A01,2025,0.0,,THPT
CCV,Trường Cao Đẳng Công Nghiệp Việt Đức,C510301,"Công nghệ Kỹ thuật điện, điện tử",A00,2025,0.0,,THPT
CCV,Trường Cao Đẳng Công Nghiệp Việt Đức,C510301,"Công nghệ Kỹ thuật điện, điện tử",A01,2025,0.0,,THPT
CCV,Trường Cao Đẳng Công Nghiệp Việt Đức,C510503,Công nghệ Hàn,A00,2025,0.0,,THPT
CCV,Trường Cao Đẳng Công Nghiệp Việt Đức,C510503,Công nghệ Hàn,A01,2025,0.0,,THPT
CCY,Trường Cao Đẳng Công Nghiệp Hưng Yên,C340101,Quản trị kinh doanh,A00,2025,0.0,,THPT
CCY,Trường Cao Đẳng Công Nghiệp Hưng Yên,C340101,Quản trị kinh doanh,A01,2025,0.0,,THPT
CCY,Trường Cao Đẳng Công Nghiệp Hưng Yên,C340101,Quản trị kinh doanh,D01,2025,0.0,,THPT
CCY,Trường Cao Đẳng Công Nghiệp Hưng Yên,C340201,Tài chính - Ngân hàng,A00,2025,0.0,,THPT
CCY,Trường Cao Đẳng Công Nghiệp Hưng Yên,C340201,Tài chính - Ngân hàng,A01,2025,0.0,,THPT
CCY,Trường Cao Đẳng Công Nghiệp Hưng Yên,C340201,Tài chính - Ngân hàng,D01,2025,0.0,,THPT
CCY,Trường Cao Đẳng Công Nghiệp Hưng Yên,C340301,Kế toán,A00,2025,0.0,,THPT
CCY,Trường Cao Đẳng Công Nghiệp Hưng Yên,C340301,Kế toán,A01,2025,0.0,,THPT
CCY,Trường Cao Đẳng Công Nghiệp Hưng Yên,C340301,Kế toán,D01,2025,0.0,,THPT
CCY,Trường Cao Đẳng Công Nghiệp Hưng Yên,C340405,Hệ thống thông tin quản lí,A00,2025,0.0,,THPT
CCY,Trường Cao Đẳng Công Nghiệp Hưng Yên,C340405,Hệ thống thông tin quản lí,A01,2025,0.0,,THPT
CCY,Trường Cao Đẳng Công Nghiệp Hưng Yên,C480201,Công nghệ thông tin,A00,2025,0.0,,THPT
CCY,Trường Cao Đẳng Công Nghiệp Hưng Yên,C480201,Công nghệ thông tin,A01,2025,0.0,,THPT
CCY,Trường Cao Đẳng Công Nghiệp Hưng Yên,C510301,"Công nghệ kĩ thuật điện, điện tử",A00,2025,0.0,,THPT
CCY,Trường Cao Đẳng Công Nghiệp Hưng Yên,C510301,"Công nghệ kĩ thuật điện, điện tử",A01,2025,0.0,,THPT
CCY,Trường Cao Đẳng Công Nghiệp Hưng Yên,C540204,Công nghệ may,A00,2025,0.0,,THPT
CCY,Trường Cao Đẳng Công Nghiệp Hưng Yên,C540204,Công nghệ may,A01,2025,0.0,,THPT
CDB,Trường Cao Đẳng Kinh Tế Kỹ Thuật Điện Biên,C340201,Tài chính - Ngân hàng,A00,2025,0.0,,THPT
CDB,Trường Cao Đẳng Kinh Tế Kỹ Thuật Điện Biên,C340201,Tài chính - Ngân hàng,D01,2025,0.0,,THPT
CDB,Trường Cao Đẳng Kinh Tế Kỹ Thuật Điện Biên,C340301,Kế toán,A00,2025,0.0,,THPT
CDB,Trường Cao Đẳng Kinh Tế Kỹ Thuật Điện Biên,C340301,Kế toán,D01,2025,0.0,,THPT
CDB,Trường Cao Đẳng Kinh Tế Kỹ Thuật Điện Biên,C620105,Chăn nuôi,A00,2025,0.0,,THPT
CDB,Trường Cao Đẳng Kinh Tế Kỹ Thuật Điện Biên,C620105,Chăn nuôi,B00,2025,0.0,,THPT
CDB,Trường Cao Đẳng Kinh Tế Kỹ Thuật Điện Biên,C620110,Khoa học cây trồng,A00,2025,0.0,,THPT
CDB,Trường Cao Đẳng Kinh Tế Kỹ Thuật Điện Biên,C620110,Khoa học cây trồng,B00,2025,0.0,,THPT
CDD0130,Trường Cao Đẳng Thương Mại Và Du Lịch Hà Nội,C220113,Việt Nam học,C00,2025,10.0,,THPT
CDD0130,Trường Cao Đẳng Thương Mại Và Du Lịch Hà Nội,C220113,Việt Nam học,D01,2025,10.0,,THPT
CDD0130,Trường Cao Đẳng Thương Mại Và Du Lịch Hà Nội,C220201,Tiếng Anh,D01,2025,10.0,,THPT
CDD0130,Trường Cao Đẳng Thương Mại Và Du Lịch Hà Nội,C340101,Quản trị kinh doanh,A00,2025,10.0,,THPT
CDD0130,Trường Cao Đẳng Thương Mại Và Du Lịch Hà Nội,C340101,Quản trị kinh doanh,A01,2025,10.0,,THPT
CDD0130,Trường Cao Đẳng Thương Mại Và Du Lịch Hà Nội,C340101,Quản trị kinh doanh,D01,2025,10.0,,THPT
CDD0130,Trường Cao Đẳng Thương Mại Và Du Lịch Hà Nội,C340103,Quản trị dịch vụ du lịch và lữ hành,A00,2025,10.0,,THPT
CDD0130,Trường Cao Đẳng Thương Mại Và Du Lịch Hà Nội,C340103,Quản trị dịch vụ du lịch và lữ hành,A01,2025,10.0,,THPT
CDD0130,Trường Cao Đẳng Thương Mại Và Du Lịch Hà Nội,C340103,Quản trị dịch vụ du lịch và lữ hành,D01,2025,10.0,,THPT
CDD0130,Trường Cao Đẳng Thương Mại Và Du Lịch Hà Nội,C340107,Quản trị khách sạn,A00,2025,10.0,,THPT
CDD0130,Trường Cao Đẳng Thương Mại Và Du Lịch Hà Nội,C340107,Quản trị khách sạn,A01,2025,10.0,,THPT
CDD0130,Trường Cao Đẳng Thương Mại Và Du Lịch Hà Nội,C340107,Quản trị khách sạn,D01,2025,10.0,,THPT
CDD0130,Trường Cao Đẳng Thương Mại Và Du Lịch Hà Nội,C340109,Quản trị nhà hàng và dịch vụ ăn uống,A00,2025,10.0,,THPT
CDD0130,Trường Cao Đẳng Thương Mại Và Du Lịch Hà Nội,C340109,Quản trị nhà hàng và dịch vụ ăn uống,A01,2025,10.0,,THPT
CDD0130,Trường Cao Đẳng Thương Mại Và Du Lịch Hà Nội,C340109,Quản trị nhà hàng và dịch vụ ăn uống,D01,2025,10.0,,THPT
CDD0130,Trường Cao Đẳng Thương Mại Và Du Lịch Hà Nội,C340201,Tài chính - Ngân hàng,A00,2025,10.0,,THPT
CDD0130,Trường Cao Đẳng Thương Mại Và Du Lịch Hà Nội,C340201,Tài chính - Ngân hàng,A01,2025,10.0,,THPT
CDD0130,Trường Cao Đẳng Thương Mại Và Du Lịch Hà Nội,C340201,Tài chính - Ngân hàng,D01,2025,10.0,,THPT
CDD0130,Trường Cao Đẳng Thương Mại Và Du Lịch Hà Nội,C340301,Kế toán,A00,2025,10.0,,THPT
CDD0130,Trường Cao Đẳng Thương Mại Và Du Lịch Hà Nội,C340301,Kế toán,A01,2025,10.0,,THPT
CDD0130,Trường Cao Đẳng Thương Mại Và Du Lịch Hà Nội,C340301,Kế toán,D01,2025,10.0,,THPT
CDD0408,Trường Cao đẳng Công Nghệ Y- Dược Việt Nam,6220206,Tiếng Anh,C00,2025,12.0,,THPT
CDD0408,Trường Cao đẳng Công Nghệ Y- Dược Việt Nam,6220206,Tiếng Anh,D01,2025,12.0,,THPT
CDD0408,Trường Cao đẳng Công Nghệ Y- Dược Việt Nam,6220209,Tiếng Trung Quốc,C00,2025,12.0,,THPT
CDD0408,Trường Cao đẳng Công Nghệ Y- Dược Việt Nam,6220209,Tiếng Trung Quốc,D01,2025,12.0,,THPT
CDD0408,Trường Cao đẳng Công Nghệ Y- Dược Việt Nam,6720101,Cao đẳng Y sỹ Đa khoa,A00,2025,12.0,,THPT
CDD0408,Trường Cao đẳng Công Nghệ Y- Dược Việt Nam,6720101,Cao đẳng Y sỹ Đa khoa,B00,2025,12.0,,THPT
CDD0408,Trường Cao đẳng Công Nghệ Y- Dược Việt Nam,6720102,Cao đẳng Y học Cổ Truyền,A00,2025,12.0,,THPT
CDD0408,Trường Cao đẳng Công Nghệ Y- Dược Việt Nam,6720102,Cao đẳng Y học Cổ Truyền,B00,2025,12.0,,THPT
CDD0408,Trường Cao đẳng Công Nghệ Y- Dược Việt Nam,6720201,Cao đẳng Dược,A00,2025,12.0,,THPT
CDD0408,Trường Cao đẳng Công Nghệ Y- Dược Việt Nam,6720201,Cao đẳng Dược,B00,2025,12.0,,THPT
CDD0408,Trường Cao đẳng Công Nghệ Y- Dược Việt Nam,6720301,Điều Dưỡng,A00,2025,12.0,,THPT
CDD0408,Trường Cao đẳng Công Nghệ Y- Dược Việt Nam,6720301,Điều Dưỡng,B00,2025,12.0,,THPT
CDD0408,Trường Cao đẳng Công Nghệ Y- Dược Việt Nam,6720303,Cao đẳng Hộ sinh,A00,2025,12.0,,THPT
CDD0408,Trường Cao đẳng Công Nghệ Y- Dược Việt Nam,6720303,Cao đẳng Hộ sinh,B00,2025,12.0,,THPT
CDD0408,Trường Cao đẳng Công Nghệ Y- Dược Việt Nam,6720602,Kĩ Thuật Xét Nghiêm Y học,A00,2025,12.0,,THPT
CDD0408,Trường Cao đẳng Công Nghệ Y- Dược Việt Nam,6720602,Kĩ Thuật Xét Nghiêm Y học,B00,2025,12.0,,THPT
CDD0408,Trường Cao đẳng Công Nghệ Y- Dược Việt Nam,6720603,Kỹ Thuật Phục Hồi Chức Năng,A00,2025,12.0,,THPT
CDD0408,Trường Cao đẳng Công Nghệ Y- Dược Việt Nam,6720603,Kỹ Thuật Phục Hồi Chức Năng,B00,2025,12.0,,THPT
CDD0408,Trường Cao đẳng Công Nghệ Y- Dược Việt Nam,6810103,Hướng Dẫn Du Lịch,C00,2025,12.0,,THPT
CDD0408,Trường Cao đẳng Công Nghệ Y- Dược Việt Nam,6810103,Hướng Dẫn Du Lịch,D01,2025,12.0,,THPT
CDD0408,Trường Cao đẳng Công Nghệ Y- Dược Việt Nam,6810404,Chăm Sóc Sắc Đẹp,A00,2025,12.0,,THPT
CDD0408,Trường Cao đẳng Công Nghệ Y- Dược Việt Nam,6810404,Chăm Sóc Sắc Đẹp,B00,2025,12.0,,THPT
CDP,Trường Cao Đẳng Nông Lâm Đông Bắc,C340101,Quản trị Kinh doanh,A00,2025,0.0,,THPT
CDP,Trường Cao Đẳng Nông Lâm Đông Bắc,C340101,Quản trị Kinh doanh,A01,2025,0.0,,THPT
CDP,Trường Cao Đẳng Nông Lâm Đông Bắc,C340301,Kế toán,A00,2025,0.0,,THPT
CDP,Trường Cao Đẳng Nông Lâm Đông Bắc,C340301,Kế toán,A01,2025,0.0,,THPT
CDP,Trường Cao Đẳng Nông Lâm Đông Bắc,C620102,Khuyến nông,A00,2025,0.0,,THPT
CDP,Trường Cao Đẳng Nông Lâm Đông Bắc,C620102,Khuyến nông,A01,2025,0.0,,THPT
CDP,Trường Cao Đẳng Nông Lâm Đông Bắc,C620102,Khuyến nông,B00,2025,0.0,,THPT
CDP,Trường Cao Đẳng Nông Lâm Đông Bắc,C620105,Chăn nuôi,A00,2025,0.0,,THPT
CDP,Trường Cao Đẳng Nông Lâm Đông Bắc,C620105,Chăn nuôi,A01,2025,0.0,,THPT
CDP,Trường Cao Đẳng Nông Lâm Đông Bắc,C620105,Chăn nuôi,B00,2025,0.0,,THPT
CDP,Trường Cao Đẳng Nông Lâm Đông Bắc,C620110,Khoa học cây trồng,A00,2025,0.0,,THPT
CDP,Trường Cao Đẳng Nông Lâm Đông Bắc,C620110,Khoa học cây trồng,A01,2025,0.0,,THPT
CDP,Trường Cao Đẳng Nông Lâm Đông Bắc,C620110,Khoa học cây trồng,B00,2025,0.0,,THPT
CDP,Trường Cao Đẳng Nông Lâm Đông Bắc,C620116,Phát triển nông thôn,A00,2025,0.0,,THPT
CDP,Trường Cao Đẳng Nông Lâm Đông Bắc,C620116,Phát triển nông thôn,A01,2025,0.0,,THPT
CDP,Trường Cao Đẳng Nông Lâm Đông Bắc,C620116,Phát triển nông thôn,B00,2025,0.0,,THPT
CDP,Trường Cao Đẳng Nông Lâm Đông Bắc,C620201,Lâm nghiệp,A00,2025,0.0,,THPT
CDP,Trường Cao Đẳng Nông Lâm Đông Bắc,C620201,Lâm nghiệp,A01,2025,0.0,,THPT
CDP,Trường Cao Đẳng Nông Lâm Đông Bắc,C620201,Lâm nghiệp,B00,2025,0.0,,THPT
CDP,Trường Cao Đẳng Nông Lâm Đông Bắc,C620211,Quản lý tài nguyên rừng,A00,2025,0.0,,THPT
CDP,Trường Cao Đẳng Nông Lâm Đông Bắc,C620211,Quản lý tài nguyên rừng,A01,2025,0.0,,THPT
CDP,Trường Cao Đẳng Nông Lâm Đông Bắc,C620211,Quản lý tài nguyên rừng,B00,2025,0.0,,THPT
CDP,Trường Cao Đẳng Nông Lâm Đông Bắc,C640201,Dịch vụ thú y,A00,2025,0.0,,THPT
CDP,Trường Cao Đẳng Nông Lâm Đông Bắc,C640201,Dịch vụ thú y,A01,2025,0.0,,THPT
CDP,Trường Cao Đẳng Nông Lâm Đông Bắc,C640201,Dịch vụ thú y,B00,2025,0.0,,THPT
CDP,Trường Cao Đẳng Nông Lâm Đông Bắc,C850103,Quản lí đất đai,A00,2025,0.0,,THPT
CDP,Trường Cao Đẳng Nông Lâm Đông Bắc,C850103,Quản lí đất đai,A01,2025,0.0,,THPT
CDP,Trường Cao Đẳng Nông Lâm Đông Bắc,C850103,Quản lí đất đai,B00,2025,0.0,,THPT
CDS,Trường Cao Đẳng Công Nghệ và Quản Trị Sonadezi,C220201,Tiếng Anh (Thương mại),A01,2025,0.0,,THPT
CDS,Trường Cao Đẳng Công Nghệ và Quản Trị Sonadezi,C220201,Tiếng Anh (Thương mại),D01,2025,0.0,,THPT
CDS,Trường Cao Đẳng Công Nghệ và Quản Trị Sonadezi,C220201,Tiếng Anh (Thương mại),D07,2025,0.0,,THPT
CDS,Trường Cao Đẳng Công Nghệ và Quản Trị Sonadezi,C220204,Tiếng Trung Quốc (Thương mại),A01,2025,0.0,,THPT
CDS,Trường Cao Đẳng Công Nghệ và Quản Trị Sonadezi,C220204,Tiếng Trung Quốc (Thương mại),D01,2025,0.0,,THPT
CDS,Trường Cao Đẳng Công Nghệ và Quản Trị Sonadezi,C220204,Tiếng Trung Quốc (Thương mại),D07,2025,0.0,,THPT
CDS,Trường Cao Đẳng Công Nghệ và Quản Trị Sonadezi,C340101,Quản trị Kinh doanh,A00,2025,0.0,,THPT
CDS,Trường Cao Đẳng Công Nghệ và Quản Trị Sonadezi,C340101,Quản trị Kinh doanh,A01,2025,0.0,,THPT
CDS,Trường Cao Đẳng Công Nghệ và Quản Trị Sonadezi,C340101,Quản trị Kinh doanh,D01,2025,0.0,,THPT
CDS,Trường Cao Đẳng Công Nghệ và Quản Trị Sonadezi,C340101,Quản trị Kinh doanh,D07,2025,0.0,,THPT
CDS,Trường Cao Đẳng Công Nghệ và Quản Trị Sonadezi,C340201,Tài chính - Ngân hàng,A00,2025,0.0,,THPT
CDS,Trường Cao Đẳng Công Nghệ và Quản Trị Sonadezi,C340201,Tài chính - Ngân hàng,A01,2025,0.0,,THPT
CDS,Trường Cao Đẳng Công Nghệ và Quản Trị Sonadezi,C340201,Tài chính - Ngân hàng,D01,2025,0.0,,THPT
CDS,Trường Cao Đẳng Công Nghệ và Quản Trị Sonadezi,C340201,Tài chính - Ngân hàng,D07,2025,0.0,,THPT
CDS,Trường Cao Đẳng Công Nghệ và Quản Trị Sonadezi,C340301,Kế toán,A00,2025,0.0,,THPT
CDS,Trường Cao Đẳng Công Nghệ và Quản Trị Sonadezi,C340301,Kế toán,A01,2025,0.0,,THPT
CDS,Trường Cao Đẳng Công Nghệ và Quản Trị Sonadezi,C340301,Kế toán,D01,2025,0.0,,THPT
CDS,Trường Cao Đẳng Công Nghệ và Quản Trị Sonadezi,C340301,Kế toán,D07,2025,0.0,,THPT
CDS,Trường Cao Đẳng Công Nghệ và Quản Trị Sonadezi,C480201,Công nghệ Thông tin,A00,2025,0.0,,THPT
CDS,Trường Cao Đẳng Công Nghệ và Quản Trị Sonadezi,C480201,Công nghệ Thông tin,A01,2025,0.0,,THPT
CDS,Trường Cao Đẳng Công Nghệ và Quản Trị Sonadezi,C480201,Công nghệ Thông tin,D01,2025,0.0,,THPT
CDS,Trường Cao Đẳng Công Nghệ và Quản Trị Sonadezi,C480201,Công nghệ Thông tin,D07,2025,0.0,,THPT
CDS,Trường Cao Đẳng Công Nghệ và Quản Trị Sonadezi,C510103,Công nghệ Kỹ thuật Xây dựng,A00,2025,0.0,,THPT
CDS,Trường Cao Đẳng Công Nghệ và Quản Trị Sonadezi,C510103,Công nghệ Kỹ thuật Xây dựng,A01,2025,0.0,,THPT
CDS,Trường Cao Đẳng Công Nghệ và Quản Trị Sonadezi,C510103,Công nghệ Kỹ thuật Xây dựng,D07,2025,0.0,,THPT
CDS,Trường Cao Đẳng Công Nghệ và Quản Trị Sonadezi,C540204,Công nghệ May,A00,2025,0.0,,THPT
CDS,Trường Cao Đẳng Công Nghệ và Quản Trị Sonadezi,C540204,Công nghệ May,A01,2025,0.0,,THPT
CDS,Trường Cao Đẳng Công Nghệ và Quản Trị Sonadezi,C540204,Công nghệ May,D07,2025,0.0,,THPT
CDS,Trường Cao Đẳng Công Nghệ và Quản Trị Sonadezi,C540206,Công nghệ Da giày,A00,2025,0.0,,THPT
CDS,Trường Cao Đẳng Công Nghệ và Quản Trị Sonadezi,C540206,Công nghệ Da giày,A01,2025,0.0,,THPT
CDS,Trường Cao Đẳng Công Nghệ và Quản Trị Sonadezi,C540206,Công nghệ Da giày,D07,2025,0.0,,THPT
CDT,Trường Cao Đẳng Xây Dựng Công Trình Đô Thị,C480202,Tin học ứng dụng,A00,2025,0.0,,THPT
CDT,Trường Cao Đẳng Xây Dựng Công Trình Đô Thị,C480202,Tin học ứng dụng,A01,2025,0.0,,THPT
CDT,Trường Cao Đẳng Xây Dựng Công Trình Đô Thị,C480202,Tin học ứng dụng,D01,2025,0.0,,THPT
CDT,Trường Cao Đẳng Xây Dựng Công Trình Đô Thị,C510101,Công nghệ kĩ thuật kiến trúc,A00,2025,0.0,,THPT
CDT,Trường Cao Đẳng Xây Dựng Công Trình Đô Thị,C510101,Công nghệ kĩ thuật kiến trúc,A01,2025,0.0,,THPT
CDT,Trường Cao Đẳng Xây Dựng Công Trình Đô Thị,C510103,Công nghệ kĩ thuật xây dựng,A00,2025,0.0,,THPT
CDT,Trường Cao Đẳng Xây Dựng Công Trình Đô Thị,C510103,Công nghệ kĩ thuật xây dựng,A01,2025,0.0,,THPT
CDT,Trường Cao Đẳng Xây Dựng Công Trình Đô Thị,C510301,"Công nghệ kĩ thuật điện, điện tử",A00,2025,0.0,,THPT
CDT,Trường Cao Đẳng Xây Dựng Công Trình Đô Thị,C510301,"Công nghệ kĩ thuật điện, điện tử",A01,2025,0.0,,THPT
CDT,Trường Cao Đẳng Xây Dựng Công Trình Đô Thị,C510406,Công nghệ kĩ thuật môi trường,A00,2025,0.0,,THPT
CDT,Trường Cao Đẳng Xây Dựng Công Trình Đô Thị,C510406,Công nghệ kĩ thuật môi trường,A01,2025,0.0,,THPT
CDT,Trường Cao Đẳng Xây Dựng Công Trình Đô Thị,C510406,Công nghệ kĩ thuật môi trường,D01,2025,0.0,,THPT
CDT,Trường Cao Đẳng Xây Dựng Công Trình Đô Thị,C515902,Công nghệ kĩ thuật trắc địa,A00,2025,0.0,,THPT
CDT,Trường Cao Đẳng Xây Dựng Công Trình Đô Thị,C515902,Công nghệ kĩ thuật trắc địa,A01,2025,0.0,,THPT
CDT,Trường Cao Đẳng Xây Dựng Công Trình Đô Thị,C580302,Quản lí xây dựng,A00,2025,0.0,,THPT
CDT,Trường Cao Đẳng Xây Dựng Công Trình Đô Thị,C580302,Quản lí xây dựng,A01,2025,0.0,,THPT
CDT,Trường Cao Đẳng Xây Dựng Công Trình Đô Thị,C580302,Quản lí xây dựng,D01,2025,0.0,,THPT
CDT0131,Trường Cao Đẳng Truyền Hình Việt Nam,C210236,Quay phim,A00,2025,12.0,,THPT
CDT0131,Trường Cao Đẳng Truyền Hình Việt Nam,C210236,Quay phim,C00,2025,12.0,,THPT
CDT0131,Trường Cao Đẳng Truyền Hình Việt Nam,C210236,Quay phim,D01,2025,12.0,,THPT
CDT0131,Trường Cao Đẳng Truyền Hình Việt Nam,C210302,Công nghệ Điện ảnh-Truyền hình,A00,2025,12.0,,THPT
CDT0131,Trường Cao Đẳng Truyền Hình Việt Nam,C210302,Công nghệ Điện ảnh-Truyền hình,A01,2025,12.0,,THPT
CDT0131,Trường Cao Đẳng Truyền Hình Việt Nam,C210302,Công nghệ Điện ảnh-Truyền hình,C00,2025,12.0,,THPT
CDT0131,Trường Cao Đẳng Truyền Hình Việt Nam,C210302,Công nghệ Điện ảnh-Truyền hình,D01,2025,12.0,,THPT
CDT0131,Trường Cao Đẳng Truyền Hình Việt Nam,C220201,Tiếng anh,A01,2025,12.0,,THPT
CDT0131,Trường Cao Đẳng Truyền Hình Việt Nam,C220201,Tiếng anh,B00,2025,12.0,,THPT
CDT0131,Trường Cao Đẳng Truyền Hình Việt Nam,C220201,Tiếng anh,C00,2025,12.0,,THPT
CDT0131,Trường Cao Đẳng Truyền Hình Việt Nam,C220201,Tiếng anh,D01,2025,12.0,,THPT
CDT0131,Trường Cao Đẳng Truyền Hình Việt Nam,C320101,Báo chí,A00,2025,12.0,,THPT
CDT0131,Trường Cao Đẳng Truyền Hình Việt Nam,C320101,Báo chí,C00,2025,12.0,,THPT
CDT0131,Trường Cao Đẳng Truyền Hình Việt Nam,C320101,Báo chí,D01,2025,12.0,,THPT
CDT0131,Trường Cao Đẳng Truyền Hình Việt Nam,C480202,Tin học ứng dụng,A00,2025,12.0,,THPT
CDT0131,Trường Cao Đẳng Truyền Hình Việt Nam,C480202,Tin học ứng dụng,A01,2025,12.0,,THPT
CDT0131,Trường Cao Đẳng Truyền Hình Việt Nam,C480202,Tin học ứng dụng,C00,2025,12.0,,THPT
CDT0131,Trường Cao Đẳng Truyền Hình Việt Nam,C480202,Tin học ứng dụng,D01,2025,12.0,,THPT
CDT0131,Trường Cao Đẳng Truyền Hình Việt Nam,C510301,"Công nghệ kĩ thuật điện, điện tử",A00,2025,12.0,,THPT
CDT0131,Trường Cao Đẳng Truyền Hình Việt Nam,C510301,"Công nghệ kĩ thuật điện, điện tử",A01,2025,12.0,,THPT
CDT0131,Trường Cao Đẳng Truyền Hình Việt Nam,C510301,"Công nghệ kĩ thuật điện, điện tử",B00,2025,12.0,,THPT
CDT0131,Trường Cao Đẳng Truyền Hình Việt Nam,C510301,"Công nghệ kĩ thuật điện, điện tử",D01,2025,12.0,,THPT
CDT0131,Trường Cao Đẳng Truyền Hình Việt Nam,C510302,Công nghệ kỹ thuật điện tử truyền thông,A00,2025,12.0,,THPT
CDT0131,Trường Cao Đẳng Truyền Hình Việt Nam,C510302,Công nghệ kỹ thuật điện tử truyền thông,A01,2025,12.0,,THPT
CDT0131,Trường Cao Đẳng Truyền Hình Việt Nam,C510302,Công nghệ kỹ thuật điện tử truyền thông,B00,2025,12.0,,THPT
CDT0131,Trường Cao Đẳng Truyền Hình Việt Nam,C510302,Công nghệ kỹ thuật điện tử truyền thông,D01,2025,12.0,,THPT
CDT0209,Trường Cao Đẳng Kinh Tế Đối Ngoại,6220216,"Tiếng Anh Thương mại (gồm 2 chuyên ngành: Tiếng Anh Thương mại, Tiếng Anh Du lịch)",A01,2025,0.0,,THPT
CDT0209,Trường Cao Đẳng Kinh Tế Đối Ngoại,6220216,"Tiếng Anh Thương mại (gồm 2 chuyên ngành: Tiếng Anh Thương mại, Tiếng Anh Du lịch)",D01,2025,0.0,,THPT
CDT0209,Trường Cao Đẳng Kinh Tế Đối Ngoại,6220216,"Tiếng Anh Thương mại (gồm 2 chuyên ngành: Tiếng Anh Thương mại, Tiếng Anh Du lịch)",D07,2025,0.0,,THPT
CDT0209,Trường Cao Đẳng Kinh Tế Đối Ngoại,6340102,Kinh doanh xuất nhập khẩu,A00,2025,0.0,,THPT
CDT0209,Trường Cao Đẳng Kinh Tế Đối Ngoại,6340102,Kinh doanh xuất nhập khẩu,A01,2025,0.0,,THPT
CDT0209,Trường Cao Đẳng Kinh Tế Đối Ngoại,6340102,Kinh doanh xuất nhập khẩu,D01,2025,0.0,,THPT
CDT0209,Trường Cao Đẳng Kinh Tế Đối Ngoại,6340102,Kinh doanh xuất nhập khẩu,D07,2025,0.0,,THPT
CDT0209,Trường Cao Đẳng Kinh Tế Đối Ngoại,6340113,Thu mua,A00,2025,0.0,,THPT
CDT0209,Trường Cao Đẳng Kinh Tế Đối Ngoại,6340113,Logistics,A00,2025,0.0,,THPT
CDT0209,Trường Cao Đẳng Kinh Tế Đối Ngoại,6340113,Thu mua,A01,2025,0.0,,THPT
CDT0209,Trường Cao Đẳng Kinh Tế Đối Ngoại,6340113,Logistics,A01,2025,0.0,,THPT
CDT0209,Trường Cao Đẳng Kinh Tế Đối Ngoại,6340113,Thu mua,D01,2025,0.0,,THPT
CDT0209,Trường Cao Đẳng Kinh Tế Đối Ngoại,6340113,Logistics,D01,2025,0.0,,THPT
CDT0209,Trường Cao Đẳng Kinh Tế Đối Ngoại,6340113,Thu mua,D07,2025,0.0,,THPT
CDT0209,Trường Cao Đẳng Kinh Tế Đối Ngoại,6340113,Logistics,D07,2025,0.0,,THPT
CDT0209,Trường Cao Đẳng Kinh Tế Đối Ngoại,6340118,Marketing thương mại,A00,2025,0.0,,THPT
CDT0209,Trường Cao Đẳng Kinh Tế Đối Ngoại,6340118,Marketing thương mại,A01,2025,0.0,,THPT
CDT0209,Trường Cao Đẳng Kinh Tế Đối Ngoại,6340118,Marketing thương mại,D01,2025,0.0,,THPT
CDT0209,Trường Cao Đẳng Kinh Tế Đối Ngoại,6340118,Marketing thương mại,D07,2025,0.0,,THPT
CDT0209,Trường Cao Đẳng Kinh Tế Đối Ngoại,6340122,Thương mại điện tử,A00,2025,0.0,,THPT
CDT0209,Trường Cao Đẳng Kinh Tế Đối Ngoại,6340122,Thương mại điện tử,A01,2025,0.0,,THPT
CDT0209,Trường Cao Đẳng Kinh Tế Đối Ngoại,6340122,Thương mại điện tử,D01,2025,0.0,,THPT
CDT0209,Trường Cao Đẳng Kinh Tế Đối Ngoại,6340122,Thương mại điện tử,D07,2025,0.0,,THPT
CDT0209,Trường Cao Đẳng Kinh Tế Đối Ngoại,6340201,"Tài chính Doanh nghiệp (gồm 2 chuyên ngành:Tài chính Doanh nghiệp, Công nghệ Tài chính - Fintech )",A00,2025,0.0,,THPT
CDT0209,Trường Cao Đẳng Kinh Tế Đối Ngoại,6340201,"Tài chính Doanh nghiệp (gồm 2 chuyên ngành:Tài chính Doanh nghiệp, Công nghệ Tài chính - Fintech )",A01,2025,0.0,,THPT
CDT0209,Trường Cao Đẳng Kinh Tế Đối Ngoại,6340201,"Tài chính Doanh nghiệp (gồm 2 chuyên ngành:Tài chính Doanh nghiệp, Công nghệ Tài chính - Fintech )",D01,2025,0.0,,THPT
CDT0209,Trường Cao Đẳng Kinh Tế Đối Ngoại,6340201,"Tài chính Doanh nghiệp (gồm 2 chuyên ngành:Tài chính Doanh nghiệp, Công nghệ Tài chính - Fintech )",D07,2025,0.0,,THPT
CDT0209,Trường Cao Đẳng Kinh Tế Đối Ngoại,6340302,"Kế toán Doanh nghiệp (gồm 2 chuyên ngành: Kế toán Doanh nghiệp, Kế toán số - Digital Accounting)",A00,2025,0.0,,THPT
CDT0209,Trường Cao Đẳng Kinh Tế Đối Ngoại,6340302,"Kế toán Doanh nghiệp (gồm 2 chuyên ngành: Kế toán Doanh nghiệp, Kế toán số - Digital Accounting)",A01,2025,0.0,,THPT
CDT0209,Trường Cao Đẳng Kinh Tế Đối Ngoại,6340302,"Kế toán Doanh nghiệp (gồm 2 chuyên ngành: Kế toán Doanh nghiệp, Kế toán số - Digital Accounting)",D01,2025,0.0,,THPT
CDT0209,Trường Cao Đẳng Kinh Tế Đối Ngoại,6340302,"Kế toán Doanh nghiệp (gồm 2 chuyên ngành: Kế toán Doanh nghiệp, Kế toán số - Digital Accounting)",D07,2025,0.0,,THPT
CDT0209,Trường Cao Đẳng Kinh Tế Đối Ngoại,6340404,"Quản trị Kinh doanh (gồm 2 chuyên ngành:Quản trị Kinh doanh, Quản lý Siêu thị )",A00,2025,0.0,,THPT
CDT0209,Trường Cao Đẳng Kinh Tế Đối Ngoại,6340404,"Quản trị Kinh doanh (gồm 2 chuyên ngành:Quản trị Kinh doanh, Quản lý Siêu thị )",A01,2025,0.0,,THPT
CDT0209,Trường Cao Đẳng Kinh Tế Đối Ngoại,6340404,"Quản trị Kinh doanh (gồm 2 chuyên ngành:Quản trị Kinh doanh, Quản lý Siêu thị )",D01,2025,0.0,,THPT
CDT0209,Trường Cao Đẳng Kinh Tế Đối Ngoại,6340404,"Quản trị Kinh doanh (gồm 2 chuyên ngành:Quản trị Kinh doanh, Quản lý Siêu thị )",D07,2025,0.0,,THPT
CDT0209,Trường Cao Đẳng Kinh Tế Đối Ngoại,6340416,Quản trị kinh doanh bất động sản,A00,2025,0.0,,THPT
CDT0209,Trường Cao Đẳng Kinh Tế Đối Ngoại,6340416,Quản trị kinh doanh bất động sản,A01,2025,0.0,,THPT
CDT0209,Trường Cao Đẳng Kinh Tế Đối Ngoại,6340416,Quản trị kinh doanh bất động sản,D01,2025,0.0,,THPT
CDT0209,Trường Cao Đẳng Kinh Tế Đối Ngoại,6340416,Quản trị kinh doanh bất động sản,D07,2025,0.0,,THPT
CDT0209,Trường Cao Đẳng Kinh Tế Đối Ngoại,6810101,Quản trị dịch vụ du lịch và lữ hành,A00,2025,0.0,,THPT
CDT0209,Trường Cao Đẳng Kinh Tế Đối Ngoại,6810101,Quản trị dịch vụ du lịch và lữ hành,A01,2025,0.0,,THPT
CDT0209,Trường Cao Đẳng Kinh Tế Đối Ngoại,6810101,Quản trị dịch vụ du lịch và lữ hành,D01,2025,0.0,,THPT
CDT0209,Trường Cao Đẳng Kinh Tế Đối Ngoại,6810101,Quản trị dịch vụ du lịch và lữ hành,D07,2025,0.0,,THPT
CDT0209,Trường Cao Đẳng Kinh Tế Đối Ngoại,6810201,Quản trị khách sạn,A00,2025,0.0,,THPT
CDT0209,Trường Cao Đẳng Kinh Tế Đối Ngoại,6810201,Quản trị khách sạn,A01,2025,0.0,,THPT
CDT0209,Trường Cao Đẳng Kinh Tế Đối Ngoại,6810201,Quản trị khách sạn,D01,2025,0.0,,THPT
CDT0209,Trường Cao Đẳng Kinh Tế Đối Ngoại,6810201,Quản trị khách sạn,D07,2025,0.0,,THPT
CDT0213,Trường Cao Đẳng Xây Dựng TPHCM,C340101,Quản trị kinh doanh,A00,2025,0.0,,THPT
CDT0213,Trường Cao Đẳng Xây Dựng TPHCM,C340101,Quản trị kinh doanh,A01,2025,0.0,,THPT
CDT0213,Trường Cao Đẳng Xây Dựng TPHCM,C340101,Quản trị kinh doanh,D01,2025,0.0,,THPT
CDT0213,Trường Cao Đẳng Xây Dựng TPHCM,C340301,Kế toán,A00,2025,0.0,,THPT
CDT0213,Trường Cao Đẳng Xây Dựng TPHCM,C340301,Kế toán,A01,2025,0.0,,THPT
CDT0213,Trường Cao Đẳng Xây Dựng TPHCM,C340301,Kế toán,D01,2025,0.0,,THPT
CDT0213,Trường Cao Đẳng Xây Dựng TPHCM,C510102,Công nghệ kĩ thuật công trình xây dựng,A00,2025,0.0,,THPT
CDT0213,Trường Cao Đẳng Xây Dựng TPHCM,C510102,Công nghệ kĩ thuật công trình xây dựng,A01,2025,0.0,,THPT
CDT0213,Trường Cao Đẳng Xây Dựng TPHCM,C510104,Công nghệ kĩ thuật giao thông,A00,2025,0.0,,THPT
CDT0213,Trường Cao Đẳng Xây Dựng TPHCM,C510104,Công nghệ kĩ thuật giao thông,A01,2025,0.0,,THPT
CDT0213,Trường Cao Đẳng Xây Dựng TPHCM,C510105,Công nghệ kĩ thuật vật liệu xây dựng,A00,2025,0.0,,THPT
CDT0213,Trường Cao Đẳng Xây Dựng TPHCM,C510105,Công nghệ kĩ thuật vật liệu xây dựng,A01,2025,0.0,,THPT
CDT0213,Trường Cao Đẳng Xây Dựng TPHCM,C510405,Công nghệ kĩ thuật tài nguyên nước,A00,2025,0.0,,THPT
CDT0213,Trường Cao Đẳng Xây Dựng TPHCM,C510405,Công nghệ kĩ thuật tài nguyên nước,A01,2025,0.0,,THPT
CDT0213,Trường Cao Đẳng Xây Dựng TPHCM,C580302,Quản lí xây dựng,A00,2025,0.0,,THPT
CDT0213,Trường Cao Đẳng Xây Dựng TPHCM,C580302,Quản lí xây dựng,A01,2025,0.0,,THPT
CDV,Trường Cao Đẳng Viễn Đông,C220201,Tiếng Anh,D01,2025,0.0,,THPT
CDV,Trường Cao Đẳng Viễn Đông,C340101,Quản trị kinh doanh,A00,2025,0.0,,THPT
CDV,Trường Cao Đẳng Viễn Đông,C340101,Quản trị kinh doanh,A01,2025,0.0,,THPT
CDV,Trường Cao Đẳng Viễn Đông,C340101,Quản trị kinh doanh,D01,2025,0.0,,THPT
CDV,Trường Cao Đẳng Viễn Đông,C340201,Tài chính - Ngân hàng,A00,2025,0.0,,THPT
CDV,Trường Cao Đẳng Viễn Đông,C340201,Tài chính - Ngân hàng,A01,2025,0.0,,THPT
CDV,Trường Cao Đẳng Viễn Đông,C340201,Tài chính - Ngân hàng,D01,2025,0.0,,THPT
CDV,Trường Cao Đẳng Viễn Đông,C340301,Kế toán,A00,2025,0.0,,THPT
CDV,Trường Cao Đẳng Viễn Đông,C340301,Kế toán,A01,2025,0.0,,THPT
CDV,Trường Cao Đẳng Viễn Đông,C340301,Kế toán,D01,2025,0.0,,THPT
CDV,Trường Cao Đẳng Viễn Đông,C340406,Quản trị văn phòng,A01,2025,0.0,,THPT
CDV,Trường Cao Đẳng Viễn Đông,C340406,Quản trị văn phòng,D01,2025,0.0,,THPT
CDV,Trường Cao Đẳng Viễn Đông,C480202,Tin học ứng dụng,A00,2025,0.0,,THPT
CDV,Trường Cao Đẳng Viễn Đông,C480202,Tin học ứng dụng,A01,2025,0.0,,THPT
CDV,Trường Cao Đẳng Viễn Đông,C480202,Tin học ứng dụng,D01,2025,0.0,,THPT
CDV,Trường Cao Đẳng Viễn Đông,C510201,Công nghệ kĩ thuật cơ khí,A00,2025,0.0,,THPT
CDV,Trường Cao Đẳng Viễn Đông,C510201,Công nghệ kĩ thuật cơ khí,A01,2025,0.0,,THPT
CDV,Trường Cao Đẳng Viễn Đông,C510205,Công nghệ kĩ thuật ô tô,A00,2025,0.0,,THPT
CDV,Trường Cao Đẳng Viễn Đông,C510205,Công nghệ kĩ thuật ô tô,A01,2025,0.0,,THPT
CDV,Trường Cao Đẳng Viễn Đông,C510301,"Công nghệ kĩ thuật điện, điện tử",A00,2025,0.0,,THPT
CDV,Trường Cao Đẳng Viễn Đông,C510301,"Công nghệ kĩ thuật điện, điện tử",A01,2025,0.0,,THPT
CDV,Trường Cao Đẳng Viễn Đông,C720501,Điều dưỡng,B00,2025,0.0,,THPT
CEA,Đại học Kinh Tế Nghệ An,7220201,Ngôn ngữ Anh,D01,2025,19.0,,THPT
CEA,Trường Đại học Nghệ An,7220201,Ngôn ngữ Anh,D01,2025,19.0,,THPT
CEA,Đại học Kinh Tế Nghệ An,7220204,Ngôn ngữ Trung Quốc,D01,2025,22.14,,THPT
CEA,Trường Đại học Nghệ An,7220204,Ngôn ngữ Trung,D01,2025,22.14,,THPT
CEA,Đại học Kinh Tế Nghệ An,7310101,Kinh tế,A00,2025,16.5,,THPT
CEA,Trường Đại học Nghệ An,7310101,Kinh tế,A00,2025,16.5,,THPT
CEA,Trường Đại học Nghệ An,7310101,Kinh tế,A01,2025,16.5,,THPT
CEA,Đại học Kinh Tế Nghệ An,7310101,Kinh tế,A01,2025,16.5,,THPT
CEA,Trường Đại học Nghệ An,7310101,Kinh tế,D01,2025,16.5,,THPT
CEA,Đại học Kinh Tế Nghệ An,7310101,Kinh tế,D01,2025,16.5,,THPT
CEA,Đại học Kinh Tế Nghệ An,7340101,Quản trị Kinh doanh,A00,2025,16.5,,THPT
CEA,Trường Đại học Nghệ An,7340101,Quản trị kinh doanh,A00,2025,16.5,,THPT
CEA,Trường Đại học Nghệ An,7340101,Quản trị kinh doanh,A01,2025,16.5,,THPT
CEA,Đại học Kinh Tế Nghệ An,7340101,Quản trị Kinh doanh,A01,2025,16.5,,THPT
CEA,Trường Đại học Nghệ An,7340101,Quản trị kinh doanh,D01,2025,16.5,,THPT
CEA,Đại học Kinh Tế Nghệ An,7340101,Quản trị Kinh doanh,D01,2025,16.5,,THPT
CEA,Đại học Kinh Tế Nghệ An,7340115,Marketing,A00,2025,17.0,,THPT
CEA,Trường Đại học Nghệ An,7340115,Marketing,A00,2025,17.0,,THPT
CEA,Trường Đại học Nghệ An,7340115,Marketing,A01,2025,17.0,,THPT
CEA,Đại học Kinh Tế Nghệ An,7340115,Marketing,A01,2025,17.0,,THPT
CEA,Trường Đại học Nghệ An,7340115,Marketing,D01,2025,17.0,,THPT
CEA,Đại học Kinh Tế Nghệ An,7340115,Marketing,D01,2025,17.0,,THPT
CEA,Đại học Kinh Tế Nghệ An,7340122,Thương mại điện tử,A00,2025,18.0,,THPT
CEA,Trường Đại học Nghệ An,7340122,Thương mại điện tử,A00,2025,18.0,,THPT
CEA,Trường Đại học Nghệ An,7340122,Thương mại điện tử,A01,2025,18.0,,THPT
CEA,Đại học Kinh Tế Nghệ An,7340122,Thương mại điện tử,A01,2025,18.0,,THPT
CEA,Trường Đại học Nghệ An,7340122,Thương mại điện tử,D01,2025,18.0,,THPT
CEA,Đại học Kinh Tế Nghệ An,7340122,Thương mại điện tử,D01,2025,18.0,,THPT
CEA,Đại học Kinh Tế Nghệ An,7340201,Tài chính – Ngân hàng,A00,2025,17.0,,THPT
CEA,Trường Đại học Nghệ An,7340201,Tài chính - Ngân hàng,A00,2025,17.0,,THPT
CEA,Trường Đại học Nghệ An,7340201,Tài chính - Ngân hàng,A01,2025,17.0,,THPT
CEA,Đại học Kinh Tế Nghệ An,7340201,Tài chính – Ngân hàng,A01,2025,17.0,,THPT
CEA,Trường Đại học Nghệ An,7340201,Tài chính - Ngân hàng,D01,2025,17.0,,THPT
CEA,Đại học Kinh Tế Nghệ An,7340201,Tài chính – Ngân hàng,D01,2025,17.0,,THPT
CEA,Đại học Kinh Tế Nghệ An,7340205,Công nghệ tài chính,A00,2025,25.0,,THPT
CEA,Trường Đại học Nghệ An,7340205,Công nghệ tài chính,A00,2025,25.0,,THPT
CEA,Trường Đại học Nghệ An,7340205,Công nghệ tài chính,A01,2025,25.0,,THPT
CEA,Đại học Kinh Tế Nghệ An,7340205,Công nghệ tài chính,A01,2025,25.0,,THPT
CEA,Trường Đại học Nghệ An,7340205,Công nghệ tài chính,D01,2025,25.0,,THPT
CEA,Đại học Kinh Tế Nghệ An,7340205,Công nghệ tài chính,D01,2025,25.0,,THPT
CEA,Đại học Kinh Tế Nghệ An,7340301,Kế toán,A00,2025,17.0,,THPT
CEA,Trường Đại học Nghệ An,7340301,Kế toán,A00,2025,17.0,,THPT
CEA,Trường Đại học Nghệ An,7340301,Kế toán,A01,2025,17.0,,THPT
CEA,Đại học Kinh Tế Nghệ An,7340301,Kế toán,A01,2025,17.0,,THPT
CEA,Trường Đại học Nghệ An,7340301,Kế toán,D01,2025,17.0,,THPT
CEA,Đại học Kinh Tế Nghệ An,7340301,Kế toán,D01,2025,17.0,,THPT
CEA,Đại học Kinh Tế Nghệ An,7340302,Kiểm toán,A00,2025,23.5,,THPT
CEA,Trường Đại học Nghệ An,7340302,Kiểm toán,A00,2025,23.5,,THPT
CEA,Trường Đại học Nghệ An,7340302,Kiểm toán,A01,2025,23.5,,THPT
CEA,Đại học Kinh Tế Nghệ An,7340302,Kiểm toán,A01,2025,23.5,,THPT
CEA,Trường Đại học Nghệ An,7340302,Kiểm toán,D01,2025,23.5,,THPT
CEA,Đại học Kinh Tế Nghệ An,7340302,Kiểm toán,D01,2025,23.5,,THPT
CEA,Đại học Kinh Tế Nghệ An,7480201,Công nghệ thông tin,A00,2025,16.25,,THPT
CEA,Trường Đại học Nghệ An,7480201,Công nghệ thông tin,A00,2025,16.25,,THPT
CEA,Trường Đại học Nghệ An,7480201,Công nghệ thông tin,A01,2025,16.25,,THPT
CEA,Đại học Kinh Tế Nghệ An,7480201,Công nghệ thông tin,A01,2025,16.25,,THPT
CEA,Trường Đại học Nghệ An,7480201,Công nghệ thông tin,D01,2025,16.25,,THPT
CEA,Đại học Kinh Tế Nghệ An,7480201,Công nghệ thông tin,D01,2025,16.25,,THPT
CEA,Đại học Kinh Tế Nghệ An,7510605,Logistics và Quản lý chuỗi cung ứng,A00,2025,18.0,,THPT
CEA,Trường Đại học Nghệ An,7510605,Logistics và chuỗi cung ứng,A00,2025,18.0,,THPT
CEA,Trường Đại học Nghệ An,7510605,Logistics và chuỗi cung ứng,A01,2025,18.0,,THPT
CEA,Đại học Kinh Tế Nghệ An,7510605,Logistics và Quản lý chuỗi cung ứng,A01,2025,18.0,,THPT
CEA,Trường Đại học Nghệ An,7510605,Logistics và chuỗi cung ứng,D01,2025,18.0,,THPT
CEA,Đại học Kinh Tế Nghệ An,7510605,Logistics và Quản lý chuỗi cung ứng,D01,2025,18.0,,THPT
CEA,Đại học Kinh Tế Nghệ An,7620101,Nông nghiệp,A01,2025,16.0,,THPT
CEA,Trường Đại học Nghệ An,7620101,Nông nghiệp,A01,2025,16.0,,THPT
CEA,Đại học Kinh Tế Nghệ An,7620101,Nông nghiệp,B00,2025,16.0,,THPT
CEA,Trường Đại học Nghệ An,7620101,Nông nghiệp,B00,2025,16.0,,THPT
CEA,Trường Đại học Nghệ An,7620101,Nông nghiệp,D01,2025,16.0,,THPT
CEA,Đại học Kinh Tế Nghệ An,7620101,Nông nghiệp,D01,2025,16.0,,THPT
CEA,Đại học Kinh Tế Nghệ An,7620201,Lâm học,A00,2025,24.0,,THPT
CEA,Trường Đại học Nghệ An,7620201,Lâm học,A00,2025,24.0,,THPT
CEA,Trường Đại học Nghệ An,7620201,Lâm học,A01,2025,24.0,,THPT
CEA,Đại học Kinh Tế Nghệ An,7620201,Lâm học,A01,2025,24.0,,THPT
CEA,Trường Đại học Nghệ An,7620201,Lâm học,D01,2025,24.0,,THPT
CEA,Đại học Kinh Tế Nghệ An,7620201,Lâm học,D01,2025,24.0,,THPT
CEA,Đại học Kinh Tế Nghệ An,7640101,Thú y,A01,2025,16.0,,THPT
CEA,Trường Đại học Nghệ An,7640101,Thúy (Bác sĩ Thú y),A01,2025,16.0,,THPT
CEA,Đại học Kinh Tế Nghệ An,7640101,Thú y,B00,2025,16.0,,THPT
CEA,Trường Đại học Nghệ An,7640101,Thúy (Bác sĩ Thú y),B00,2025,16.0,,THPT
CEA,Trường Đại học Nghệ An,7640101,Thúy (Bác sĩ Thú y),D01,2025,16.0,,THPT
CEA,Đại học Kinh Tế Nghệ An,7640101,Thú y,D01,2025,16.0,,THPT
CEA,Đại học Kinh Tế Nghệ An,7850103,Quản lý đất đai,A00,2025,16.0,,THPT
CEA,Trường Đại học Nghệ An,7850103,Quản lý đất đai,A00,2025,16.0,,THPT
CEA,Trường Đại học Nghệ An,7850103,Quản lý đất đai,A01,2025,16.0,,THPT
CEA,Đại học Kinh Tế Nghệ An,7850103,Quản lý đất đai,A01,2025,16.0,,THPT
CEA,Trường Đại học Nghệ An,7850103,Quản lý đất đai,D01,2025,16.0,,THPT
CEA,Đại học Kinh Tế Nghệ An,7850103,Quản lý đất đai,D01,2025,16.0,,THPT
CHH,Trường Cao Đẳng Hàng Hải I,C340301,Kế toán,A00,2025,0.0,,THPT
CHH,Trường Cao Đẳng Hàng Hải I,C340301,Kế toán,A01,2025,0.0,,THPT
CHH,Trường Cao Đẳng Hàng Hải I,C340301,Kế toán,D01,2025,0.0,,THPT
CHH,Trường Cao Đẳng Hàng Hải I,C510201,Công nghệ kỹ thuật cơ khí,A00,2025,0.0,,THPT
CHH,Trường Cao Đẳng Hàng Hải I,C510201,Công nghệ kỹ thuật cơ khí,A01,2025,0.0,,THPT
CHH,Trường Cao Đẳng Hàng Hải I,C510301,"Công nghệ kỹ thuật điện, điện tử",A00,2025,0.0,,THPT
CHH,Trường Cao Đẳng Hàng Hải I,C510301,"Công nghệ kỹ thuật điện, điện tử",A01,2025,0.0,,THPT
CHH,Trường Cao Đẳng Hàng Hải I,C510303,Công nghệ kỹ thuật điều khiển và tự động hóa,A00,2025,0.0,,THPT
CHH,Trường Cao Đẳng Hàng Hải I,C510303,Công nghệ kỹ thuật điều khiển và tự động hóa,A01,2025,0.0,,THPT
CHH,Trường Cao Đẳng Hàng Hải I,C840101,Khai thác vận tải,A00,2025,0.0,,THPT
CHH,Trường Cao Đẳng Hàng Hải I,C840101,Khai thác vận tải,A01,2025,0.0,,THPT
CHH,Trường Cao Đẳng Hàng Hải I,C840101,Khai thác vận tải,D01,2025,0.0,,THPT
CHH,Trường Cao Đẳng Hàng Hải I,C840107,Điều khiển tàu biển,A00,2025,0.0,,THPT
CHH,Trường Cao Đẳng Hàng Hải I,C840107,Điều khiển tàu biển,A01,2025,0.0,,THPT
CHH,Trường Cao Đẳng Hàng Hải I,C840108,Vận hành khai thác máy tàu,A00,2025,0.0,,THPT
CHH,Trường Cao Đẳng Hàng Hải I,C840108,Vận hành khai thác máy tàu,A01,2025,0.0,,THPT
CHH,Trường Cao Đẳng Hàng Hải I,C840202,Tin học ứng dụng,A00,2025,0.0,,THPT
CHH,Trường Cao Đẳng Hàng Hải I,C840202,Tin học ứng dụng,A01,2025,0.0,,THPT
CHN,Trường Cao Đẳng Cộng Đồng Hà Nội,C340101,Quản trị kinh doanh,A00,2025,0.0,,THPT
CHN,Trường Cao Đẳng Cộng Đồng Hà Nội,C340101,Quản trị kinh doanh,A01,2025,0.0,,THPT
CHN,Trường Cao Đẳng Cộng Đồng Hà Nội,C340101,Quản trị kinh doanh,D01,2025,0.0,,THPT
CHN,Trường Cao Đẳng Cộng Đồng Hà Nội,C340201,Tài chính - Ngân hàng,A00,2025,0.0,,THPT
CHN,Trường Cao Đẳng Cộng Đồng Hà Nội,C340201,Tài chính - Ngân hàng,A01,2025,0.0,,THPT
CHN,Trường Cao Đẳng Cộng Đồng Hà Nội,C340201,Tài chính - Ngân hàng,D01,2025,0.0,,THPT
CHN,Trường Cao Đẳng Cộng Đồng Hà Nội,C340301,Kế toán,A00,2025,0.0,,THPT
CHN,Trường Cao Đẳng Cộng Đồng Hà Nội,C340301,Kế toán,A01,2025,0.0,,THPT
CHN,Trường Cao Đẳng Cộng Đồng Hà Nội,C340301,Kế toán,D01,2025,0.0,,THPT
CHN,Trường Cao Đẳng Cộng Đồng Hà Nội,C340405,Hệ thống thông tin quản lí,A00,2025,0.0,,THPT
CHN,Trường Cao Đẳng Cộng Đồng Hà Nội,C340405,Hệ thống thông tin quản lí,A01,2025,0.0,,THPT
CHN,Trường Cao Đẳng Cộng Đồng Hà Nội,C340405,Hệ thống thông tin quản lí,D01,2025,0.0,,THPT
CHN,Trường Cao Đẳng Cộng Đồng Hà Nội,C480201,Công nghệ thông tin,A00,2025,0.0,,THPT
CHN,Trường Cao Đẳng Cộng Đồng Hà Nội,C480201,Công nghệ thông tin,A01,2025,0.0,,THPT
CHN,Trường Cao Đẳng Cộng Đồng Hà Nội,C480201,Công nghệ thông tin,D01,2025,0.0,,THPT
CHN,Trường Cao Đẳng Cộng Đồng Hà Nội,C510103,Công nghệ kĩ thuật xây dựng,A00,2025,0.0,,THPT
CHN,Trường Cao Đẳng Cộng Đồng Hà Nội,C510103,Công nghệ kĩ thuật xây dựng,A01,2025,0.0,,THPT
CHN,Trường Cao Đẳng Cộng Đồng Hà Nội,C510301,"Công nghệ kĩ thuật điện, điện tử",A00,2025,0.0,,THPT
CHN,Trường Cao Đẳng Cộng Đồng Hà Nội,C510301,"Công nghệ kĩ thuật điện, điện tử",A01,2025,0.0,,THPT
CHN,Trường Cao Đẳng Cộng Đồng Hà Nội,C510301,"Công nghệ kĩ thuật điện, điện tử",D01,2025,0.0,,THPT
CHN,Trường Cao Đẳng Cộng Đồng Hà Nội,C580302,Quản lí xây dựng,A00,2025,0.0,,THPT
CHN,Trường Cao Đẳng Cộng Đồng Hà Nội,C580302,Quản lí xây dựng,A01,2025,0.0,,THPT
CHN,Trường Cao Đẳng Cộng Đồng Hà Nội,C580302,Quản lí xây dựng,D01,2025,0.0,,THPT
CKB,Trường Cao Đẳng Bách Khoa Đà Nẵng,C340101,Quản trị kinh doanh,A00,2025,0.0,,THPT
CKB,Trường Cao Đẳng Bách Khoa Đà Nẵng,C340101,Quản trị kinh doanh,A01,2025,0.0,,THPT
CKB,Trường Cao Đẳng Bách Khoa Đà Nẵng,C340101,Quản trị kinh doanh,B00,2025,0.0,,THPT
CKB,Trường Cao Đẳng Bách Khoa Đà Nẵng,C340101,Quản trị kinh doanh,D01,2025,0.0,,THPT
CKB,Trường Cao Đẳng Bách Khoa Đà Nẵng,C340115,Marketing,A01,2025,0.0,,THPT
CKB,Trường Cao Đẳng Bách Khoa Đà Nẵng,C340115,Marketing,A01,2025,0.0,,THPT
CKB,Trường Cao Đẳng Bách Khoa Đà Nẵng,C340115,Marketing,B00,2025,0.0,,THPT
CKB,Trường Cao Đẳng Bách Khoa Đà Nẵng,C340115,Marketing,D01,2025,0.0,,THPT
CKB,Trường Cao Đẳng Bách Khoa Đà Nẵng,C340201,Tài chính – Ngân hàng,A00,2025,0.0,,THPT
CKB,Trường Cao Đẳng Bách Khoa Đà Nẵng,C340201,Tài chính – Ngân hàng,A01,2025,0.0,,THPT
CKB,Trường Cao Đẳng Bách Khoa Đà Nẵng,C340201,Tài chính – Ngân hàng,B00,2025,0.0,,THPT
CKB,Trường Cao Đẳng Bách Khoa Đà Nẵng,C340201,Tài chính – Ngân hàng,D01,2025,0.0,,THPT
CKB,Trường Cao Đẳng Bách Khoa Đà Nẵng,C340301,Kế toán,A01,2025,0.0,,THPT
CKB,Trường Cao Đẳng Bách Khoa Đà Nẵng,C340301,Kế toán,A01,2025,0.0,,THPT
CKB,Trường Cao Đẳng Bách Khoa Đà Nẵng,C340301,Kế toán,B00,2025,0.0,,THPT
CKB,Trường Cao Đẳng Bách Khoa Đà Nẵng,C340301,Kế toán,D01,2025,0.0,,THPT
CKB,Trường Cao Đẳng Bách Khoa Đà Nẵng,C480104,Hệ thống thông tin,A01,2025,0.0,,THPT
CKB,Trường Cao Đẳng Bách Khoa Đà Nẵng,C480104,Hệ thống thông tin,A01,2025,0.0,,THPT
CKB,Trường Cao Đẳng Bách Khoa Đà Nẵng,C480104,Hệ thống thông tin,B00,2025,0.0,,THPT
CKB,Trường Cao Đẳng Bách Khoa Đà Nẵng,C480104,Hệ thống thông tin,D01,2025,0.0,,THPT
CKB,Trường Cao Đẳng Bách Khoa Đà Nẵng,C480202,8. Tin học ứng dụng,A01,2025,0.0,,THPT
CKB,Trường Cao Đẳng Bách Khoa Đà Nẵng,C480202,8. Tin học ứng dụng,A01,2025,0.0,,THPT
CKB,Trường Cao Đẳng Bách Khoa Đà Nẵng,C480202,8. Tin học ứng dụng,B00,2025,0.0,,THPT
CKB,Trường Cao Đẳng Bách Khoa Đà Nẵng,C480202,8. Tin học ứng dụng,D01,2025,0.0,,THPT
CKB,Trường Cao Đẳng Bách Khoa Đà Nẵng,C510103,Công nghệ kỹ thuật Xây dựng,A01,2025,0.0,,THPT
CKB,Trường Cao Đẳng Bách Khoa Đà Nẵng,C510103,Công nghệ kỹ thuật Xây dựng,A01,2025,0.0,,THPT
CKB,Trường Cao Đẳng Bách Khoa Đà Nẵng,C510103,Công nghệ kỹ thuật Xây dựng,B00,2025,0.0,,THPT
CKB,Trường Cao Đẳng Bách Khoa Đà Nẵng,C510103,Công nghệ kỹ thuật Xây dựng,D01,2025,0.0,,THPT
CKB,Trường Cao Đẳng Bách Khoa Đà Nẵng,C580302,6. Quản lý xây dựng,A01,2025,0.0,,THPT
CKB,Trường Cao Đẳng Bách Khoa Đà Nẵng,C580302,6. Quản lý xây dựng,A01,2025,0.0,,THPT
CKB,Trường Cao Đẳng Bách Khoa Đà Nẵng,C580302,6. Quản lý xây dựng,B00,2025,0.0,,THPT
CKB,Trường Cao Đẳng Bách Khoa Đà Nẵng,C580302,6. Quản lý xây dựng,D01,2025,0.0,,THPT
CKB,Trường Cao Đẳng Bách Khoa Đà Nẵng,C720501,9. Điều dưỡng,A01,2025,0.0,,THPT
CKB,Trường Cao Đẳng Bách Khoa Đà Nẵng,C720501,9. Điều dưỡng,B00,2025,0.0,,THPT
CKB,Trường Cao Đẳng Bách Khoa Đà Nẵng,C720501,9. Điều dưỡng,D08,2025,0.0,,THPT
CKC,Trường Cao Đẳng Kỹ Thuật Cao Thắng,6340302,"Kế toán doanh nghiệp (Kế toán tin học - 2,5 năm)",A00,2025,0.0,,THPT
CKC,Trường Cao Đẳng Kỹ Thuật Cao Thắng,6340302,"Kế toán doanh nghiệp (Kế toán tin học - 2,5 năm)",A01,2025,0.0,,THPT
CKC,Trường Cao Đẳng Kỹ Thuật Cao Thắng,6340302,"Kế toán doanh nghiệp (Kế toán tin học - 2,5 năm)",D01,2025,0.0,,THPT
CKC,Trường Cao Đẳng Kỹ Thuật Cao Thắng,6340302,"Kế toán doanh nghiệp (Kế toán tin học - 2,5 năm)",D07,2025,0.0,,THPT
CKC,Trường Cao Đẳng Kỹ Thuật Cao Thắng,6480102,"Kỹ thuật sửa chữa, lắp ráp máy tính",A00,2025,0.0,,THPT
CKC,Trường Cao Đẳng Kỹ Thuật Cao Thắng,6480102,"Kỹ thuật sửa chữa, lắp ráp máy tính",A01,2025,0.0,,THPT
CKC,Trường Cao Đẳng Kỹ Thuật Cao Thắng,6480102,"Kỹ thuật sửa chữa, lắp ráp máy tính",D01,2025,0.0,,THPT
CKC,Trường Cao Đẳng Kỹ Thuật Cao Thắng,6480102,"Kỹ thuật sửa chữa, lắp ráp máy tính",D07,2025,0.0,,THPT
CKC,Trường Cao Đẳng Kỹ Thuật Cao Thắng,6480201,Công nghệ Thông tin,A00,2025,0.0,,THPT
CKC,Trường Cao Đẳng Kỹ Thuật Cao Thắng,6480201,Công nghệ Thông tin,A01,2025,0.0,,THPT
CKC,Trường Cao Đẳng Kỹ Thuật Cao Thắng,6480201,Công nghệ Thông tin,D01,2025,0.0,,THPT
CKC,Trường Cao Đẳng Kỹ Thuật Cao Thắng,6480201,Công nghệ Thông tin,D07,2025,0.0,,THPT
CKC,Trường Cao Đẳng Kỹ Thuật Cao Thắng,6480209,Quản trị mạng máy tính (An ninh mạng),A00,2025,0.0,,THPT
CKC,Trường Cao Đẳng Kỹ Thuật Cao Thắng,6480209,Quản trị mạng máy tính (An ninh mạng),A01,2025,0.0,,THPT
CKC,Trường Cao Đẳng Kỹ Thuật Cao Thắng,6480209,Quản trị mạng máy tính (An ninh mạng),D01,2025,0.0,,THPT
CKC,Trường Cao Đẳng Kỹ Thuật Cao Thắng,6480209,Quản trị mạng máy tính (An ninh mạng),D07,2025,0.0,,THPT
CKC,Trường Cao Đẳng Kỹ Thuật Cao Thắng,6510201,Công nghệ Kỹ thuật Cơ khí (đạt chuẩn ABET),A00,2025,0.0,,THPT
CKC,Trường Cao Đẳng Kỹ Thuật Cao Thắng,6510201,Công nghệ Kỹ thuật Cơ khí (đạt chuẩn ABET),A01,2025,0.0,,THPT
CKC,Trường Cao Đẳng Kỹ Thuật Cao Thắng,6510201,Công nghệ Kỹ thuật Cơ khí (đạt chuẩn ABET),D01,2025,0.0,,THPT
CKC,Trường Cao Đẳng Kỹ Thuật Cao Thắng,6510201,Công nghệ Kỹ thuật Cơ khí (đạt chuẩn ABET),D07,2025,0.0,,THPT
CKC,Trường Cao Đẳng Kỹ Thuật Cao Thắng,6510202,Công nghệ Kỹ thuật Ô tô (đạt chuẩn ABET),A00,2025,0.0,,THPT
CKC,Trường Cao Đẳng Kỹ Thuật Cao Thắng,6510202,Công nghệ Kỹ thuật Ô tô (đạt chuẩn ABET),A01,2025,0.0,,THPT
CKC,Trường Cao Đẳng Kỹ Thuật Cao Thắng,6510202,Công nghệ Kỹ thuật Ô tô (đạt chuẩn ABET),D01,2025,0.0,,THPT
CKC,Trường Cao Đẳng Kỹ Thuật Cao Thắng,6510202,Công nghệ Kỹ thuật Ô tô (đạt chuẩn ABET),D07,2025,0.0,,THPT
CKC,Trường Cao Đẳng Kỹ Thuật Cao Thắng,6510211,Công nghệ Kỹ thuật Nhiệt (Cơ điện lạnh) (đạt chuẩn ABET),A00,2025,0.0,,THPT
CKC,Trường Cao Đẳng Kỹ Thuật Cao Thắng,6510211,Công nghệ Kỹ thuật Nhiệt (Cơ điện lạnh) (đạt chuẩn ABET),A01,2025,0.0,,THPT
CKC,Trường Cao Đẳng Kỹ Thuật Cao Thắng,6510211,Công nghệ Kỹ thuật Nhiệt (Cơ điện lạnh) (đạt chuẩn ABET),D01,2025,0.0,,THPT
CKC,Trường Cao Đẳng Kỹ Thuật Cao Thắng,6510211,Công nghệ Kỹ thuật Nhiệt (Cơ điện lạnh) (đạt chuẩn ABET),D07,2025,0.0,,THPT
CKC,Trường Cao Đẳng Kỹ Thuật Cao Thắng,6510216,"Bảo trì, sửa chữa Ô tô (Công nghệ Ô tô)",A00,2025,0.0,,THPT
CKC,Trường Cao Đẳng Kỹ Thuật Cao Thắng,6510216,"Bảo trì, sửa chữa Ô tô (Công nghệ Ô tô)",A01,2025,0.0,,THPT
CKC,Trường Cao Đẳng Kỹ Thuật Cao Thắng,6510216,"Bảo trì, sửa chữa Ô tô (Công nghệ Ô tô)",D01,2025,0.0,,THPT
CKC,Trường Cao Đẳng Kỹ Thuật Cao Thắng,6510216,"Bảo trì, sửa chữa Ô tô (Công nghệ Ô tô)",D07,2025,0.0,,THPT
CKC,Trường Cao Đẳng Kỹ Thuật Cao Thắng,6510303,"Công nghệ Kỹ thuật Điện, Điện tử",A00,2025,0.0,,THPT
CKC,Trường Cao Đẳng Kỹ Thuật Cao Thắng,6510303,"Công nghệ Kỹ thuật Điện, Điện tử",A01,2025,0.0,,THPT
CKC,Trường Cao Đẳng Kỹ Thuật Cao Thắng,6510303,"Công nghệ Kỹ thuật Điện, Điện tử",D01,2025,0.0,,THPT
CKC,Trường Cao Đẳng Kỹ Thuật Cao Thắng,6510303,"Công nghệ Kỹ thuật Điện, Điện tử",D07,2025,0.0,,THPT
CKC,Trường Cao Đẳng Kỹ Thuật Cao Thắng,6510304,Công nghệ Kỹ thuật Cơ điện tử (đạt chuẩn KOSEN-Nhật Bản),A00,2025,0.0,,THPT
CKC,Trường Cao Đẳng Kỹ Thuật Cao Thắng,6510304,Công nghệ Kỹ thuật Cơ điện tử (đạt chuẩn KOSEN-Nhật Bản),A01,2025,0.0,,THPT
CKC,Trường Cao Đẳng Kỹ Thuật Cao Thắng,6510304,Công nghệ Kỹ thuật Cơ điện tử (đạt chuẩn KOSEN-Nhật Bản),D01,2025,0.0,,THPT
CKC,Trường Cao Đẳng Kỹ Thuật Cao Thắng,6510304,Công nghệ Kỹ thuật Cơ điện tử (đạt chuẩn KOSEN-Nhật Bản),D07,2025,0.0,,THPT
CKC,Trường Cao Đẳng Kỹ Thuật Cao Thắng,6510305,Công nghệ Kỹ thuật Điều khiển và Tự động hóa,A00,2025,0.0,,THPT
CKC,Trường Cao Đẳng Kỹ Thuật Cao Thắng,6510305,Công nghệ Kỹ thuật Điều khiển và Tự động hóa,A01,2025,0.0,,THPT
CKC,Trường Cao Đẳng Kỹ Thuật Cao Thắng,6510305,Công nghệ Kỹ thuật Điều khiển và Tự động hóa,D01,2025,0.0,,THPT
CKC,Trường Cao Đẳng Kỹ Thuật Cao Thắng,6510305,Công nghệ Kỹ thuật Điều khiển và Tự động hóa,D07,2025,0.0,,THPT
CKC,Trường Cao Đẳng Kỹ Thuật Cao Thắng,6510312,Công nghệ Kỹ thuật Điện tử - Viễn thông,A00,2025,0.0,,THPT
CKC,Trường Cao Đẳng Kỹ Thuật Cao Thắng,6510312,Công nghệ Kỹ thuật Điện tử - Viễn thông,A01,2025,0.0,,THPT
CKC,Trường Cao Đẳng Kỹ Thuật Cao Thắng,6510312,Công nghệ Kỹ thuật Điện tử - Viễn thông,D01,2025,0.0,,THPT
CKC,Trường Cao Đẳng Kỹ Thuật Cao Thắng,6510312,Công nghệ Kỹ thuật Điện tử - Viễn thông,D07,2025,0.0,,THPT
CKC,Trường Cao Đẳng Kỹ Thuật Cao Thắng,6520121,Cơ khí chế tạo (Cắt gọt kim loại),A00,2025,0.0,,THPT
CKC,Trường Cao Đẳng Kỹ Thuật Cao Thắng,6520121,Cơ khí chế tạo (Cắt gọt kim loại),A01,2025,0.0,,THPT
CKC,Trường Cao Đẳng Kỹ Thuật Cao Thắng,6520121,Cơ khí chế tạo (Cắt gọt kim loại),D01,2025,0.0,,THPT
CKC,Trường Cao Đẳng Kỹ Thuật Cao Thắng,6520121,Cơ khí chế tạo (Cắt gọt kim loại),D07,2025,0.0,,THPT
CKC,Trường Cao Đẳng Kỹ Thuật Cao Thắng,6520123,Hàn (Công nghệ cao - 2.5 năm),A00,2025,0.0,,THPT
CKC,Trường Cao Đẳng Kỹ Thuật Cao Thắng,6520123,Hàn (Công nghệ cao - 2.5 năm),A01,2025,0.0,,THPT
CKC,Trường Cao Đẳng Kỹ Thuật Cao Thắng,6520123,Hàn (Công nghệ cao - 2.5 năm),D01,2025,0.0,,THPT
CKC,Trường Cao Đẳng Kỹ Thuật Cao Thắng,6520123,Hàn (Công nghệ cao - 2.5 năm),D07,2025,0.0,,THPT
CKC,Trường Cao Đẳng Kỹ Thuật Cao Thắng,6520126,Sửa chữa cơ khí (Nguội sửa chữa máy công cụ),A00,2025,0.0,,THPT
CKC,Trường Cao Đẳng Kỹ Thuật Cao Thắng,6520126,Sửa chữa cơ khí (Nguội sửa chữa máy công cụ),A01,2025,0.0,,THPT
CKC,Trường Cao Đẳng Kỹ Thuật Cao Thắng,6520126,Sửa chữa cơ khí (Nguội sửa chữa máy công cụ),D01,2025,0.0,,THPT
CKC,Trường Cao Đẳng Kỹ Thuật Cao Thắng,6520126,Sửa chữa cơ khí (Nguội sửa chữa máy công cụ),D07,2025,0.0,,THPT
CKC,Trường Cao Đẳng Kỹ Thuật Cao Thắng,6520205,Kỹ thuật máy lạnh và điều hòa không khí,A00,2025,0.0,,THPT
CKC,Trường Cao Đẳng Kỹ Thuật Cao Thắng,6520205,Kỹ thuật máy lạnh và điều hòa không khí,A01,2025,0.0,,THPT
CKC,Trường Cao Đẳng Kỹ Thuật Cao Thắng,6520205,Kỹ thuật máy lạnh và điều hòa không khí,D01,2025,0.0,,THPT
CKC,Trường Cao Đẳng Kỹ Thuật Cao Thắng,6520205,Kỹ thuật máy lạnh và điều hòa không khí,D07,2025,0.0,,THPT
CKC,Trường Cao Đẳng Kỹ Thuật Cao Thắng,6520225,Điện tử công nghiệp,A00,2025,0.0,,THPT
CKC,Trường Cao Đẳng Kỹ Thuật Cao Thắng,6520225,Điện tử công nghiệp,A01,2025,0.0,,THPT
CKC,Trường Cao Đẳng Kỹ Thuật Cao Thắng,6520225,Điện tử công nghiệp,D01,2025,0.0,,THPT
CKC,Trường Cao Đẳng Kỹ Thuật Cao Thắng,6520225,Điện tử công nghiệp,D07,2025,0.0,,THPT
CKC,Trường Cao Đẳng Kỹ Thuật Cao Thắng,6520227,Điện công nghiệp,A00,2025,0.0,,THPT
CKC,Trường Cao Đẳng Kỹ Thuật Cao Thắng,6520227,Điện công nghiệp,A01,2025,0.0,,THPT
CKC,Trường Cao Đẳng Kỹ Thuật Cao Thắng,6520227,Điện công nghiệp,D01,2025,0.0,,THPT
CKC,Trường Cao Đẳng Kỹ Thuật Cao Thắng,6520227,Điện công nghiệp,D07,2025,0.0,,THPT
CKM,Trường Cao Đẳng Miền Nam,C210405,Thiết kế nội thất,A00,2025,0.0,,THPT
CKM,Trường Cao Đẳng Miền Nam,C210405,Thiết kế nội thất,D01,2025,0.0,,THPT
CKM,Trường Cao Đẳng Miền Nam,C340101,Quản trị Kinh doanh,A00,2025,0.0,,THPT
CKM,Trường Cao Đẳng Miền Nam,C340101,Quản trị Kinh doanh,D01,2025,0.0,,THPT
CKM,Trường Cao Đẳng Miền Nam,C340201,Tài chính - Ngân hàng,A00,2025,0.0,,THPT
CKM,Trường Cao Đẳng Miền Nam,C340201,Tài chính - Ngân hàng,D01,2025,0.0,,THPT
CKM,Trường Cao Đẳng Miền Nam,C340301,Kế toán,A00,2025,0.0,,THPT
CKM,Trường Cao Đẳng Miền Nam,C340301,Kế toán,D01,2025,0.0,,THPT
CKM,Trường Cao Đẳng Miền Nam,C380201,Dịch vụ pháp lý,C00,2025,0.0,,THPT
CKM,Trường Cao Đẳng Miền Nam,C380201,Dịch vụ pháp lý,D01,2025,0.0,,THPT
CKM,Trường Cao Đẳng Miền Nam,C480202,Tin học ứng dụng,A00,2025,0.0,,THPT
CKM,Trường Cao Đẳng Miền Nam,C480202,Tin học ứng dụng,D01,2025,0.0,,THPT
CKM,Trường Cao Đẳng Miền Nam,C510101,Công nghệ kĩ thuật kiến trúc,A00,2025,0.0,,THPT
CKM,Trường Cao Đẳng Miền Nam,C510101,Công nghệ kĩ thuật kiến trúc,D01,2025,0.0,,THPT
CKM,Trường Cao Đẳng Miền Nam,C510102,Công nghệ kĩ thuật công trình xây dựng,A00,2025,0.0,,THPT
CKM,Trường Cao Đẳng Miền Nam,C510102,Công nghệ kĩ thuật công trình xây dựng,D01,2025,0.0,,THPT
CKM,Trường Cao Đẳng Miền Nam,C720501,Điều dưỡng,B00,2025,0.0,,THPT
CKM,Trường Cao Đẳng Miền Nam,C720501,Điều dưỡng,D08,2025,0.0,,THPT
CKM,Trường Cao Đẳng Miền Nam,C850103,Quản lí đất đai,A00,2025,0.0,,THPT
CKM,Trường Cao Đẳng Miền Nam,C850103,Quản lí đất đai,D01,2025,0.0,,THPT
CKM,Trường Cao Đẳng Miền Nam,C900107,Dược sỹ,A00,2025,0.0,,THPT
CKM,Trường Cao Đẳng Miền Nam,C900107,Dược sỹ,B00,2025,0.0,,THPT
CKM,Trường Cao Đẳng Miền Nam,C900107,Dược sỹ,D07,2025,0.0,,THPT
CKN,Trường Cao Đẳng Việt Mỹ,C220113,Việt Nam học,B00,2025,0.0,,THPT
CKN,Trường Cao Đẳng Việt Mỹ,C220113,Việt Nam học,C00,2025,0.0,,THPT
CKN,Trường Cao Đẳng Việt Mỹ,C220113,Việt Nam học,D01,2025,0.0,,THPT
CKN,Trường Cao Đẳng Việt Mỹ,C340101,Quản trị kinh doanh,A00,2025,0.0,,THPT
CKN,Trường Cao Đẳng Việt Mỹ,C340101,Quản trị kinh doanh,A01,2025,0.0,,THPT
CKN,Trường Cao Đẳng Việt Mỹ,C340101,Quản trị kinh doanh,D01,2025,0.0,,THPT
CKN,Trường Cao Đẳng Việt Mỹ,C340201,Tài chính - Ngân hàng,A00,2025,0.0,,THPT
CKN,Trường Cao Đẳng Việt Mỹ,C340201,Tài chính - Ngân hàng,A01,2025,0.0,,THPT
CKN,Trường Cao Đẳng Việt Mỹ,C340201,Tài chính - Ngân hàng,B00,2025,0.0,,THPT
CKN,Trường Cao Đẳng Việt Mỹ,C340201,Tài chính - Ngân hàng,D01,2025,0.0,,THPT
CKN,Trường Cao Đẳng Việt Mỹ,C340301,Kế toán,A00,2025,0.0,,THPT
CKN,Trường Cao Đẳng Việt Mỹ,C340301,Kế toán,A01,2025,0.0,,THPT
CKN,Trường Cao Đẳng Việt Mỹ,C340301,Kế toán,B00,2025,0.0,,THPT
CKN,Trường Cao Đẳng Việt Mỹ,C340301,Kế toán,D01,2025,0.0,,THPT
CKN,Trường Cao Đẳng Việt Mỹ,C480102,Truyền thông và mạng máy tính,A00,2025,0.0,,THPT
CKN,Trường Cao Đẳng Việt Mỹ,C480102,Truyền thông và mạng máy tính,A01,2025,0.0,,THPT
CKN,Trường Cao Đẳng Việt Mỹ,C480102,Truyền thông và mạng máy tính,B00,2025,0.0,,THPT
CKN,Trường Cao Đẳng Việt Mỹ,C480102,Truyền thông và mạng máy tính,D01,2025,0.0,,THPT
CLA,Trường Cao Đẳng Cộng Đồng Lào Cai,C100101,Nông lâm kết hợp,A00,2025,0.0,,THPT
CLA,Trường Cao Đẳng Cộng Đồng Lào Cai,C100101,Nông lâm kết hợp,B00,2025,0.0,,THPT
CLA,Trường Cao Đẳng Cộng Đồng Lào Cai,C100101,Nông lâm kết hợp,D01,2025,0.0,,THPT
CLA,Trường Cao Đẳng Cộng Đồng Lào Cai,C340103,Quản trị dịch vụ du lịch và lữ hành,A00,2025,0.0,,THPT
CLA,Trường Cao Đẳng Cộng Đồng Lào Cai,C340103,Quản trị dịch vụ du lịch và lữ hành,A01,2025,0.0,,THPT
CLA,Trường Cao Đẳng Cộng Đồng Lào Cai,C340103,Quản trị dịch vụ du lịch và lữ hành,C00,2025,0.0,,THPT
CLA,Trường Cao Đẳng Cộng Đồng Lào Cai,C340103,Quản trị dịch vụ du lịch và lữ hành,D01,2025,0.0,,THPT
CLA,Trường Cao Đẳng Cộng Đồng Lào Cai,C340301,Kế toán,A00,2025,0.0,,THPT
CLA,Trường Cao Đẳng Cộng Đồng Lào Cai,C340301,Kế toán,A01,2025,0.0,,THPT
CLA,Trường Cao Đẳng Cộng Đồng Lào Cai,C340301,Kế toán,D01,2025,0.0,,THPT
CLA,Trường Cao Đẳng Cộng Đồng Lào Cai,C340406,Quản trị văn phòng,A00,2025,0.0,,THPT
CLA,Trường Cao Đẳng Cộng Đồng Lào Cai,C340406,Quản trị văn phòng,A01,2025,0.0,,THPT
CLA,Trường Cao Đẳng Cộng Đồng Lào Cai,C340406,Quản trị văn phòng,C00,2025,0.0,,THPT
CLA,Trường Cao Đẳng Cộng Đồng Lào Cai,C340406,Quản trị văn phòng,D01,2025,0.0,,THPT
CLC,Trường Cao Đẳng Lai Châu,C140202,Giáo dục Tiểu học,A00,2025,0.0,,THPT
CLC,Trường Cao Đẳng Lai Châu,C140202,Giáo dục Tiểu học,C00,2025,0.0,,THPT
CLC,Trường Cao Đẳng Lai Châu,C140209,Sư phạm Toán học (Toán - Tin),A00,2025,0.0,,THPT
CLC,Trường Cao Đẳng Lai Châu,C140209,Sư phạm Toán học (Toán - Tin),A01,2025,0.0,,THPT
CLC,Trường Cao Đẳng Lai Châu,C140217,Sư phạm Ngữ văn (Văn -Sử),C00,2025,0.0,,THPT
CLC,Trường Cao Đẳng Lai Châu,C320202,Khoa học thư viện,C00,2025,0.0,,THPT
CLC,Trường Cao Đẳng Lai Châu,C620110,Khoa học cây trồng,B00,2025,0.0,,THPT
CLC,Trường Cao Đẳng Lai Châu,C620205,Lâm sinh,B00,2025,0.0,,THPT
CLD,Trường Cao Đẳng Điện Lực Miền Trung,C340101,Quản trị kinh doanh,A00,2025,12.0,,THPT
CLD,Trường Cao Đẳng Điện Lực Miền Trung,C340101,Quản trị kinh doanh,A01,2025,12.0,,THPT
CLD,Trường Cao Đẳng Điện Lực Miền Trung,C340101,Quản trị kinh doanh,D01,2025,12.0,,THPT
CLD,Trường Cao Đẳng Điện Lực Miền Trung,C340101,Quản trị kinh doanh,D07,2025,12.0,,THPT
CLD,Trường Cao Đẳng Điện Lực Miền Trung,C340201,Tài chính -Ngân hàng,A00,2025,12.0,,THPT
CLD,Trường Cao Đẳng Điện Lực Miền Trung,C340201,Tài chính -Ngân hàng,A01,2025,12.0,,THPT
CLD,Trường Cao Đẳng Điện Lực Miền Trung,C340201,Tài chính -Ngân hàng,D01,2025,12.0,,THPT
CLD,Trường Cao Đẳng Điện Lực Miền Trung,C340201,Tài chính -Ngân hàng,D07,2025,12.0,,THPT
CLD,Trường Cao Đẳng Điện Lực Miền Trung,C340301,Kế toán,A00,2025,12.0,,THPT
CLD,Trường Cao Đẳng Điện Lực Miền Trung,C340301,Kế toán,A01,2025,12.0,,THPT
CLD,Trường Cao Đẳng Điện Lực Miền Trung,C340301,Kế toán,D01,2025,12.0,,THPT
CLD,Trường Cao Đẳng Điện Lực Miền Trung,C340301,Kế toán,D07,2025,12.0,,THPT
CLD,Trường Cao Đẳng Điện Lực Miền Trung,C480202,Tin học ứng dụng,A00,2025,12.0,,THPT
CLD,Trường Cao Đẳng Điện Lực Miền Trung,C480202,Tin học ứng dụng,A01,2025,12.0,,THPT
CLD,Trường Cao Đẳng Điện Lực Miền Trung,C480202,Tin học ứng dụng,D01,2025,12.0,,THPT
CLD,Trường Cao Đẳng Điện Lực Miền Trung,C480202,Tin học ứng dụng,D07,2025,12.0,,THPT
CLD,Trường Cao Đẳng Điện Lực Miền Trung,C510301,"Công nghệ kỹ thuật điện, điện tử",A00,2025,12.0,,THPT
CLD,Trường Cao Đẳng Điện Lực Miền Trung,C510301,"Công nghệ kỹ thuật điện, điện tử",A01,2025,12.0,,THPT
CLD,Trường Cao Đẳng Điện Lực Miền Trung,C510301,"Công nghệ kỹ thuật điện, điện tử",D01,2025,12.0,,THPT
CLD,Trường Cao Đẳng Điện Lực Miền Trung,C510301,"Công nghệ kỹ thuật điện, điện tử",D07,2025,12.0,,THPT
CLD,Trường Cao Đẳng Điện Lực Miền Trung,C510302,"Công nghệ kỹ thuật điện tử, truyền thông",A00,2025,12.0,,THPT
CLD,Trường Cao Đẳng Điện Lực Miền Trung,C510302,"Công nghệ kỹ thuật điện tử, truyền thông",A01,2025,12.0,,THPT
CLD,Trường Cao Đẳng Điện Lực Miền Trung,C510302,"Công nghệ kỹ thuật điện tử, truyền thông",D01,2025,12.0,,THPT
CLD,Trường Cao Đẳng Điện Lực Miền Trung,C510302,"Công nghệ kỹ thuật điện tử, truyền thông",D07,2025,12.0,,THPT
CLH,Trường Cao Đẳng Điện Tử - Điện Lạnh Hà Nội,C480201,Công nghệ thông tin,A00,2025,0.0,,THPT
CLH,Trường Cao Đẳng Điện Tử - Điện Lạnh Hà Nội,C480201,Công nghệ thông tin,A01,2025,0.0,,THPT
CLH,Trường Cao Đẳng Điện Tử - Điện Lạnh Hà Nội,C480201,Công nghệ thông tin,D01,2025,0.0,,THPT
CLH,Trường Cao Đẳng Điện Tử - Điện Lạnh Hà Nội,C480201,Công nghệ thông tin,D07,2025,0.0,,THPT
CLH,Trường Cao Đẳng Điện Tử - Điện Lạnh Hà Nội,C480202,Tin học ứng dụng,A00,2025,0.0,,THPT
CLH,Trường Cao Đẳng Điện Tử - Điện Lạnh Hà Nội,C480202,Tin học ứng dụng,A01,2025,0.0,,THPT
CLH,Trường Cao Đẳng Điện Tử - Điện Lạnh Hà Nội,C480202,Tin học ứng dụng,D01,2025,0.0,,THPT
CLH,Trường Cao Đẳng Điện Tử - Điện Lạnh Hà Nội,C480202,Tin học ứng dụng,D07,2025,0.0,,THPT
CLH,Trường Cao Đẳng Điện Tử - Điện Lạnh Hà Nội,C510203,Công nghệ kĩ thuật cơ điện tử,A00,2025,0.0,,THPT
CLH,Trường Cao Đẳng Điện Tử - Điện Lạnh Hà Nội,C510203,Công nghệ kĩ thuật cơ điện tử,A01,2025,0.0,,THPT
CLH,Trường Cao Đẳng Điện Tử - Điện Lạnh Hà Nội,C510203,Công nghệ kĩ thuật cơ điện tử,D01,2025,0.0,,THPT
CLH,Trường Cao Đẳng Điện Tử - Điện Lạnh Hà Nội,C510203,Công nghệ kĩ thuật cơ điện tử,D07,2025,0.0,,THPT
CLH,Trường Cao Đẳng Điện Tử - Điện Lạnh Hà Nội,C510206,Công nghệ kĩ thuật nhiệt,A00,2025,0.0,,THPT
CLH,Trường Cao Đẳng Điện Tử - Điện Lạnh Hà Nội,C510206,Công nghệ kĩ thuật nhiệt,A01,2025,0.0,,THPT
CLH,Trường Cao Đẳng Điện Tử - Điện Lạnh Hà Nội,C510206,Công nghệ kĩ thuật nhiệt,D01,2025,0.0,,THPT
CLH,Trường Cao Đẳng Điện Tử - Điện Lạnh Hà Nội,C510206,Công nghệ kĩ thuật nhiệt,D07,2025,0.0,,THPT
CLH,Trường Cao Đẳng Điện Tử - Điện Lạnh Hà Nội,C510301,"Công nghệ kĩ thuật điện, điện tử",A00,2025,0.0,,THPT
CLH,Trường Cao Đẳng Điện Tử - Điện Lạnh Hà Nội,C510301,"Công nghệ kĩ thuật điện, điện tử",A01,2025,0.0,,THPT
CLH,Trường Cao Đẳng Điện Tử - Điện Lạnh Hà Nội,C510301,"Công nghệ kĩ thuật điện, điện tử",D01,2025,0.0,,THPT
CLH,Trường Cao Đẳng Điện Tử - Điện Lạnh Hà Nội,C510301,"Công nghệ kĩ thuật điện, điện tử",D07,2025,0.0,,THPT
CLH,Trường Cao Đẳng Điện Tử - Điện Lạnh Hà Nội,C510302,"Công nghệ kĩ thuật điện tử,truyền thông",A00,2025,0.0,,THPT
CLH,Trường Cao Đẳng Điện Tử - Điện Lạnh Hà Nội,C510302,"Công nghệ kĩ thuật điện tử,truyền thông",A01,2025,0.0,,THPT
CLH,Trường Cao Đẳng Điện Tử - Điện Lạnh Hà Nội,C510302,"Công nghệ kĩ thuật điện tử,truyền thông",D01,2025,0.0,,THPT
CLH,Trường Cao Đẳng Điện Tử - Điện Lạnh Hà Nội,C510302,"Công nghệ kĩ thuật điện tử,truyền thông",D07,2025,0.0,,THPT
CLH,Trường Cao Đẳng Điện Tử - Điện Lạnh Hà Nội,C510303,Công nghệ kĩ thuật điều khiển và tự động hóa,A00,2025,0.0,,THPT
CLH,Trường Cao Đẳng Điện Tử - Điện Lạnh Hà Nội,C510303,Công nghệ kĩ thuật điều khiển và tự động hóa,A01,2025,0.0,,THPT
CLH,Trường Cao Đẳng Điện Tử - Điện Lạnh Hà Nội,C510303,Công nghệ kĩ thuật điều khiển và tự động hóa,D01,2025,0.0,,THPT
CLH,Trường Cao Đẳng Điện Tử - Điện Lạnh Hà Nội,C510303,Công nghệ kĩ thuật điều khiển và tự động hóa,D07,2025,0.0,,THPT
CLT,Trường Cao Đẳng Lương Thực Thực Phẩm,C340101,Quản trị kinh doanh,A00,2025,0.0,,THPT
CLT,Trường Cao Đẳng Lương Thực Thực Phẩm,C340101,Quản trị kinh doanh,A01,2025,0.0,,THPT
CLT,Trường Cao Đẳng Lương Thực Thực Phẩm,C340101,Quản trị kinh doanh,D01,2025,0.0,,THPT
CLT,Trường Cao Đẳng Lương Thực Thực Phẩm,C340201,Tài chính - Ngân hàng,A00,2025,0.0,,THPT
CLT,Trường Cao Đẳng Lương Thực Thực Phẩm,C340201,Tài chính - Ngân hàng,A01,2025,0.0,,THPT
CLT,Trường Cao Đẳng Lương Thực Thực Phẩm,C340201,Tài chính - Ngân hàng,D01,2025,0.0,,THPT
CLT,Trường Cao Đẳng Lương Thực Thực Phẩm,C340301,Kế toán,A00,2025,0.0,,THPT
CLT,Trường Cao Đẳng Lương Thực Thực Phẩm,C340301,Kế toán,A01,2025,0.0,,THPT
CLT,Trường Cao Đẳng Lương Thực Thực Phẩm,C340301,Kế toán,D01,2025,0.0,,THPT
CLT,Trường Cao Đẳng Lương Thực Thực Phẩm,C420201,Công nghệ sinh học,A00,2025,0.0,,THPT
CLT,Trường Cao Đẳng Lương Thực Thực Phẩm,C420201,Công nghệ sinh học,A01,2025,0.0,,THPT
CLT,Trường Cao Đẳng Lương Thực Thực Phẩm,C420201,Công nghệ sinh học,B00,2025,0.0,,THPT
CLT,Trường Cao Đẳng Lương Thực Thực Phẩm,C420201,Công nghệ sinh học,D01,2025,0.0,,THPT
CLT,Trường Cao Đẳng Lương Thực Thực Phẩm,C510406,Công nghệ kĩ thuật môi trường,A00,2025,0.0,,THPT
CLT,Trường Cao Đẳng Lương Thực Thực Phẩm,C510406,Công nghệ kĩ thuật môi trường,A01,2025,0.0,,THPT
CLT,Trường Cao Đẳng Lương Thực Thực Phẩm,C510406,Công nghệ kĩ thuật môi trường,B00,2025,0.0,,THPT
CLT,Trường Cao Đẳng Lương Thực Thực Phẩm,C510406,Công nghệ kĩ thuật môi trường,D01,2025,0.0,,THPT
CLT,Trường Cao Đẳng Lương Thực Thực Phẩm,C540102,Công nghệ thực phẩm,A00,2025,0.0,,THPT
CLT,Trường Cao Đẳng Lương Thực Thực Phẩm,C540102,Công nghệ thực phẩm,A01,2025,0.0,,THPT
CLT,Trường Cao Đẳng Lương Thực Thực Phẩm,C540102,Công nghệ thực phẩm,B00,2025,0.0,,THPT
CLT,Trường Cao Đẳng Lương Thực Thực Phẩm,C540102,Công nghệ thực phẩm,D01,2025,0.0,,THPT
CLT,Trường Cao Đẳng Lương Thực Thực Phẩm,C540104,Công nghệ sau thu hoạch,A00,2025,0.0,,THPT
CLT,Trường Cao Đẳng Lương Thực Thực Phẩm,C540104,Công nghệ sau thu hoạch,A01,2025,0.0,,THPT
CLT,Trường Cao Đẳng Lương Thực Thực Phẩm,C540104,Công nghệ sau thu hoạch,B00,2025,0.0,,THPT
CLT,Trường Cao Đẳng Lương Thực Thực Phẩm,C540104,Công nghệ sau thu hoạch,D01,2025,0.0,,THPT
CLT,Trường Cao Đẳng Lương Thực Thực Phẩm,C540105,Công nghệ chế biến thủy sản,A00,2025,0.0,,THPT
CLT,Trường Cao Đẳng Lương Thực Thực Phẩm,C540105,Công nghệ chế biến thủy sản,A01,2025,0.0,,THPT
CLT,Trường Cao Đẳng Lương Thực Thực Phẩm,C540105,Công nghệ chế biến thủy sản,B00,2025,0.0,,THPT
CLT,Trường Cao Đẳng Lương Thực Thực Phẩm,C540105,Công nghệ chế biến thủy sản,D01,2025,0.0,,THPT
CLT,Trường Cao Đẳng Lương Thực Thực Phẩm,C540110,Quản lí chất lượng thực phẩm,A00,2025,0.0,,THPT
CLT,Trường Cao Đẳng Lương Thực Thực Phẩm,C540110,Quản lí chất lượng thực phẩm,A01,2025,0.0,,THPT
CLT,Trường Cao Đẳng Lương Thực Thực Phẩm,C540110,Quản lí chất lượng thực phẩm,B00,2025,0.0,,THPT
CLT,Trường Cao Đẳng Lương Thực Thực Phẩm,C540110,Quản lí chất lượng thực phẩm,D01,2025,0.0,,THPT
CM2,Trường Cao Đẳng Sư Phạm TW Nha Trang,51140231,Sư phạm Tiếng Anh,A01,2025,0.0,,THPT
CM2,Trường Cao Đẳng Sư Phạm TW Nha Trang,51140231,Sư phạm Tiếng Anh,D01,2025,0.0,,THPT
CMC,Trường Đại Học CMC,AI,Trí tuệ Nhân tạo,A00,2025,28.66,,THPT
CMC,Trường Đại Học CMC,AI,Trí tuệ Nhân tạo,A01,2025,28.66,,THPT
CMC,Trường Đại Học CMC,AI,Trí tuệ Nhân tạo,B00,2025,28.66,,THPT
CMC,Trường Đại Học CMC,AI,Trí tuệ Nhân tạo,D01,2025,28.66,,THPT
CMC,Trường Đại Học CMC,AI,Trí tuệ Nhân tạo,D07,2025,28.66,,THPT
CMC,Trường Đại Học CMC,AI,Trí tuệ Nhân tạo,D08,2025,28.66,,THPT
CMC,Trường Đại Học CMC,AI,Trí tuệ Nhân tạo,D09,2025,28.66,,THPT
CMC,Trường Đại Học CMC,AI,Trí tuệ Nhân tạo,D10,2025,28.66,,THPT
CMC,Trường Đại Học CMC,BA,Quản trị Kinh doanh,A00,2025,26.1,,THPT
CMC,Trường Đại Học CMC,BA,Quản trị Kinh doanh,A01,2025,26.1,,THPT
CMC,Trường Đại Học CMC,BA,Quản trị Kinh doanh,B00,2025,26.1,,THPT
CMC,Trường Đại Học CMC,BA,Quản trị Kinh doanh,C00,2025,26.1,,THPT
CMC,Trường Đại Học CMC,CL,Ngôn ngữ Trung Quốc,A00,2025,25.45,,THPT
CMC,Trường Đại Học CMC,CL,Ngôn ngữ Trung Quốc,A01,2025,25.45,,THPT
CMC,Trường Đại Học CMC,CL,Ngôn ngữ Trung Quốc,B00,2025,25.45,,THPT
CMC,Trường Đại Học CMC,CL,Ngôn ngữ Trung Quốc,C00,2025,25.45,,THPT
CMC,Trường Đại Học CMC,CS,Khoa học Máy tính,A00,2025,28.0,,THPT
CMC,Trường Đại Học CMC,CS,Khoa học Máy tính,A01,2025,28.0,,THPT
CMC,Trường Đại Học CMC,CS,Khoa học Máy tính,B00,2025,28.0,,THPT
CMC,Trường Đại Học CMC,CS,Khoa học Máy tính,D01,2025,28.0,,THPT
CMC,Trường Đại Học CMC,CS,Khoa học Máy tính,D07,2025,28.0,,THPT
CMC,Trường Đại Học CMC,CS,Khoa học Máy tính,D08,2025,28.0,,THPT
CMC,Trường Đại Học CMC,CS,Khoa học Máy tính,D09,2025,28.0,,THPT
CMC,Trường Đại Học CMC,CS,Khoa học Máy tính,D10,2025,28.0,,THPT
CMC,Trường Đại Học CMC,EC,Thương mại điện tử,A00,2025,26.7,,THPT
CMC,Trường Đại Học CMC,EC,Thương mại điện tử,A01,2025,26.7,,THPT
CMC,Trường Đại Học CMC,EC,Thương mại điện tử,B00,2025,26.7,,THPT
CMC,Trường Đại Học CMC,EC,Thương mại điện tử,C00,2025,26.7,,THPT
CMC,Trường Đại Học CMC,ET,Công nghệ Kỹ thuật Điện tử - Viễn thông (IC Design),A00,2025,28.0,,THPT
CMC,Trường Đại Học CMC,ET,Công nghệ Kỹ thuật Điện tử - Viễn thông (IC Design),A01,2025,28.0,,THPT
CMC,Trường Đại Học CMC,ET,Công nghệ Kỹ thuật Điện tử - Viễn thông (IC Design),B00,2025,28.0,,THPT
CMC,Trường Đại Học CMC,ET,Công nghệ Kỹ thuật Điện tử - Viễn thông (IC Design),D07,2025,28.0,,THPT
CMC,Trường Đại Học CMC,GA,Đồ họa game,A00,2025,26.7,,THPT
CMC,Trường Đại Học CMC,GA,Đồ họa game,A01,2025,26.7,,THPT
CMC,Trường Đại Học CMC,GA,Đồ họa game,B00,2025,26.7,,THPT
CMC,Trường Đại Học CMC,GA,Đồ họa game,C00,2025,26.7,,THPT
CMC,Trường Đại Học CMC,GD,Thiết kế Đồ họa,A00,2025,24.25,,THPT
CMC,Trường Đại Học CMC,GD,Thiết kế Đồ họa,A01,2025,24.25,,THPT
CMC,Trường Đại Học CMC,GD,Thiết kế Đồ họa,B00,2025,24.25,,THPT
CMC,Trường Đại Học CMC,GD,Thiết kế Đồ họa,C00,2025,24.25,,THPT
CMC,Trường Đại Học CMC,IT,Công nghệ Thông tin,A00,2025,26.7,,THPT
CMC,Trường Đại Học CMC,IT,Công nghệ Thông tin,A01,2025,26.7,,THPT
CMC,Trường Đại Học CMC,IT,Công nghệ Thông tin,B00,2025,26.7,,THPT
CMC,Trường Đại Học CMC,IT,Công nghệ Thông tin,D01,2025,26.7,,THPT
CMC,Trường Đại Học CMC,IT,Công nghệ Thông tin,D07,2025,26.7,,THPT
CMC,Trường Đại Học CMC,IT,Công nghệ Thông tin,D08,2025,26.7,,THPT
CMC,Trường Đại Học CMC,IT,Công nghệ Thông tin,D09,2025,26.7,,THPT
CMC,Trường Đại Học CMC,IT,Công nghệ Thông tin,D10,2025,26.7,,THPT
CMC,Trường Đại Học CMC,JL,Tiếng Nhật thương mại,A00,2025,24.0,,THPT
CMC,Trường Đại Học CMC,JL,Tiếng Nhật thương mại,A01,2025,24.0,,THPT
CMC,Trường Đại Học CMC,JL,Tiếng Nhật thương mại,B00,2025,24.0,,THPT
CMC,Trường Đại Học CMC,JL,Tiếng Nhật thương mại,C00,2025,24.0,,THPT
CMC,Trường Đại Học CMC,KL,Ngôn ngữ Hàn Quốc,A00,2025,24.65,,THPT
CMC,Trường Đại Học CMC,KL,Ngôn ngữ Hàn Quốc,A01,2025,24.65,,THPT
CMC,Trường Đại Học CMC,KL,Ngôn ngữ Hàn Quốc,B00,2025,24.65,,THPT
CMC,Trường Đại Học CMC,KL,Ngôn ngữ Hàn Quốc,C00,2025,24.65,,THPT
CMC,Trường Đại Học CMC,LS,Logistics và Quản lý chuỗi cung ứng,A00,2025,25.05,,THPT
CMC,Trường Đại Học CMC,LS,Logistics và Quản lý chuỗi cung ứng,A01,2025,25.05,,THPT
CMC,Trường Đại Học CMC,LS,Logistics và Quản lý chuỗi cung ứng,B00,2025,25.05,,THPT
CMC,Trường Đại Học CMC,LS,Logistics và Quản lý chuỗi cung ứng,C00,2025,25.05,,THPT
CMC,Trường Đại Học CMC,MK,Digital Marketing,A00,2025,26.7,,THPT
CMC,Trường Đại Học CMC,MK,Digital Marketing,A01,2025,26.7,,THPT
CMC,Trường Đại Học CMC,MK,Digital Marketing,B00,2025,26.7,,THPT
CMC,Trường Đại Học CMC,MK,Digital Marketing,C00,2025,26.7,,THPT
CMC,Trường Đại Học CMC,SE,Kỹ thuật Phần mềm,A00,2025,26.67,,THPT
CMC,Trường Đại Học CMC,SE,Kỹ thuật Phần mềm,A01,2025,26.67,,THPT
CMC,Trường Đại Học CMC,SE,Kỹ thuật Phần mềm,B00,2025,26.67,,THPT
CMC,Trường Đại Học CMC,SE,Kỹ thuật Phần mềm,D01,2025,26.67,,THPT
CMC,Trường Đại Học CMC,SE,Kỹ thuật Phần mềm,D07,2025,26.67,,THPT
CMC,Trường Đại Học CMC,SE,Kỹ thuật Phần mềm,D08,2025,26.67,,THPT
CMC,Trường Đại Học CMC,SE,Kỹ thuật Phần mềm,D09,2025,26.67,,THPT
CMC,Trường Đại Học CMC,SE,Kỹ thuật Phần mềm,D10,2025,26.67,,THPT
CMS,Trường Cao Đẳng Thương Mại,C340101,Quản trị kinh doanh,A00,2025,0.0,,THPT
CMS,Trường Cao Đẳng Thương Mại,C340101,Quản trị kinh doanh,A01,2025,0.0,,THPT
CMS,Trường Cao Đẳng Thương Mại,C340101,Quản trị kinh doanh,D01,2025,0.0,,THPT
CMS,Trường Cao Đẳng Thương Mại,C340103,Quản trị dịch vụ du lịch và lữ hành,A00,2025,0.0,,THPT
CMS,Trường Cao Đẳng Thương Mại,C340103,Quản trị dịch vụ du lịch và lữ hành,A01,2025,0.0,,THPT
CMS,Trường Cao Đẳng Thương Mại,C340103,Quản trị dịch vụ du lịch và lữ hành,D01,2025,0.0,,THPT
CMS,Trường Cao Đẳng Thương Mại,C340107,Quản trị khách sạn,A00,2025,0.0,,THPT
CMS,Trường Cao Đẳng Thương Mại,C340107,Quản trị khách sạn,A01,2025,0.0,,THPT
CMS,Trường Cao Đẳng Thương Mại,C340107,Quản trị khách sạn,D01,2025,0.0,,THPT
CMS,Trường Cao Đẳng Thương Mại,C340109,Quản trị nhà hàng và dịch vụ ăn uống,A00,2025,0.0,,THPT
CMS,Trường Cao Đẳng Thương Mại,C340109,Quản trị nhà hàng và dịch vụ ăn uống,A01,2025,0.0,,THPT
CMS,Trường Cao Đẳng Thương Mại,C340109,Quản trị nhà hàng và dịch vụ ăn uống,D01,2025,0.0,,THPT
CMS,Trường Cao Đẳng Thương Mại,C340115,Marketing,A00,2025,0.0,,THPT
CMS,Trường Cao Đẳng Thương Mại,C340115,Marketing,A01,2025,0.0,,THPT
CMS,Trường Cao Đẳng Thương Mại,C340115,Marketing,D01,2025,0.0,,THPT
CMS,Trường Cao Đẳng Thương Mại,C340121,Kinh doanh thương mại,A00,2025,0.0,,THPT
CMS,Trường Cao Đẳng Thương Mại,C340121,Kinh doanh thương mại,A01,2025,0.0,,THPT
CMS,Trường Cao Đẳng Thương Mại,C340121,Kinh doanh thương mại,D01,2025,0.0,,THPT
CMS,Trường Cao Đẳng Thương Mại,C340201,Tài chính-Ngân hàng,A00,2025,0.0,,THPT
CMS,Trường Cao Đẳng Thương Mại,C340201,Tài chính-Ngân hàng,A01,2025,0.0,,THPT
CMS,Trường Cao Đẳng Thương Mại,C340201,Tài chính-Ngân hàng,D01,2025,0.0,,THPT
CMS,Trường Cao Đẳng Thương Mại,C340202,Bảo hiểm,A00,2025,0.0,,THPT
CMS,Trường Cao Đẳng Thương Mại,C340202,Bảo hiểm,A01,2025,0.0,,THPT
CMS,Trường Cao Đẳng Thương Mại,C340202,Bảo hiểm,D01,2025,0.0,,THPT
CMS,Trường Cao Đẳng Thương Mại,C340301,Kế toán,A00,2025,0.0,,THPT
CMS,Trường Cao Đẳng Thương Mại,C340301,Kế toán,A01,2025,0.0,,THPT
CMS,Trường Cao Đẳng Thương Mại,C340301,Kế toán,D01,2025,0.0,,THPT
CMS,Trường Cao Đẳng Thương Mại,C340302,Kiểm toán,A00,2025,0.0,,THPT
CMS,Trường Cao Đẳng Thương Mại,C340302,Kiểm toán,A01,2025,0.0,,THPT
CMS,Trường Cao Đẳng Thương Mại,C340302,Kiểm toán,D01,2025,0.0,,THPT
CMY,Trường Cao Đẳng Y Tế Cà Mau,C720501,Điều dưỡng,B00,2025,0.0,,THPT
CMY,Trường Cao Đẳng Y Tế Cà Mau,C900107,Dược,B00,2025,0.0,,THPT
CNC,Trường Cao Đẳng Ngoại Ngữ – Công Nghệ Việt Nhật,C220113,Việt Nam học (hướng dẫn du lịch),A01,2025,12.0,,THPT
CNC,Trường Cao Đẳng Ngoại Ngữ – Công Nghệ Việt Nhật,C220113,Việt Nam học (hướng dẫn du lịch),B00,2025,12.0,,THPT
CNC,Trường Cao Đẳng Ngoại Ngữ – Công Nghệ Việt Nhật,C220113,Việt Nam học (hướng dẫn du lịch),C00,2025,12.0,,THPT
CNC,Trường Cao Đẳng Ngoại Ngữ – Công Nghệ Việt Nhật,C220113,Việt Nam học (hướng dẫn du lịch),D01,2025,12.0,,THPT
CNC,Trường Cao Đẳng Ngoại Ngữ – Công Nghệ Việt Nhật,C220201,Tiếng Anh,A00,2025,12.0,,THPT
CNC,Trường Cao Đẳng Ngoại Ngữ – Công Nghệ Việt Nhật,C220201,Tiếng Anh,A01,2025,12.0,,THPT
CNC,Trường Cao Đẳng Ngoại Ngữ – Công Nghệ Việt Nhật,C220201,Tiếng Anh,D01,2025,12.0,,THPT
CNC,Trường Cao Đẳng Ngoại Ngữ – Công Nghệ Việt Nhật,C220204,Tiếng Trung quốc,A00,2025,12.0,,THPT
CNC,Trường Cao Đẳng Ngoại Ngữ – Công Nghệ Việt Nhật,C220204,Tiếng Trung quốc,A01,2025,12.0,,THPT
CNC,Trường Cao Đẳng Ngoại Ngữ – Công Nghệ Việt Nhật,C220204,Tiếng Trung quốc,D01,2025,12.0,,THPT
CNC,Trường Cao Đẳng Ngoại Ngữ – Công Nghệ Việt Nhật,C220209,Tiếng Nhật,A00,2025,12.0,,THPT
CNC,Trường Cao Đẳng Ngoại Ngữ – Công Nghệ Việt Nhật,C220209,Tiếng Nhật,A01,2025,12.0,,THPT
CNC,Trường Cao Đẳng Ngoại Ngữ – Công Nghệ Việt Nhật,C220209,Tiếng Nhật,D01,2025,12.0,,THPT
CNC,Trường Cao Đẳng Ngoại Ngữ – Công Nghệ Việt Nhật,C220210,Tiếng Hàn quốc,A00,2025,12.0,,THPT
CNC,Trường Cao Đẳng Ngoại Ngữ – Công Nghệ Việt Nhật,C220210,Tiếng Hàn quốc,A01,2025,12.0,,THPT
CNC,Trường Cao Đẳng Ngoại Ngữ – Công Nghệ Việt Nhật,C220210,Tiếng Hàn quốc,D01,2025,12.0,,THPT
CNC,Trường Cao Đẳng Ngoại Ngữ – Công Nghệ Việt Nhật,C240101,Quản Trị Kinh Doanh,A00,2025,12.0,,THPT
CNC,Trường Cao Đẳng Ngoại Ngữ – Công Nghệ Việt Nhật,C240101,Quản Trị Kinh Doanh,A01,2025,12.0,,THPT
CNC,Trường Cao Đẳng Ngoại Ngữ – Công Nghệ Việt Nhật,C240101,Quản Trị Kinh Doanh,B00,2025,12.0,,THPT
CNC,Trường Cao Đẳng Ngoại Ngữ – Công Nghệ Việt Nhật,C240101,Quản Trị Kinh Doanh,D01,2025,12.0,,THPT
CNC,Trường Cao Đẳng Ngoại Ngữ – Công Nghệ Việt Nhật,C340201,Tài chính - Ngân hàng,A00,2025,12.0,,THPT
CNC,Trường Cao Đẳng Ngoại Ngữ – Công Nghệ Việt Nhật,C340201,Tài chính - Ngân hàng,A01,2025,12.0,,THPT
CNC,Trường Cao Đẳng Ngoại Ngữ – Công Nghệ Việt Nhật,C340201,Tài chính - Ngân hàng,B00,2025,12.0,,THPT
CNC,Trường Cao Đẳng Ngoại Ngữ – Công Nghệ Việt Nhật,C340201,Tài chính - Ngân hàng,D01,2025,12.0,,THPT
CNC,Trường Cao Đẳng Ngoại Ngữ – Công Nghệ Việt Nhật,C340301,Kế Toán,A00,2025,12.0,,THPT
CNC,Trường Cao Đẳng Ngoại Ngữ – Công Nghệ Việt Nhật,C340301,Kế Toán,A01,2025,12.0,,THPT
CNC,Trường Cao Đẳng Ngoại Ngữ – Công Nghệ Việt Nhật,C340301,Kế Toán,B00,2025,12.0,,THPT
CNC,Trường Cao Đẳng Ngoại Ngữ – Công Nghệ Việt Nhật,C340301,Kế Toán,D01,2025,12.0,,THPT
CNC,Trường Cao Đẳng Ngoại Ngữ – Công Nghệ Việt Nhật,C480201,Công Nghệ Thông Tin,A00,2025,12.0,,THPT
CNC,Trường Cao Đẳng Ngoại Ngữ – Công Nghệ Việt Nhật,C480201,Công Nghệ Thông Tin,A01,2025,12.0,,THPT
CNC,Trường Cao Đẳng Ngoại Ngữ – Công Nghệ Việt Nhật,C480201,Công Nghệ Thông Tin,B00,2025,12.0,,THPT
CNC,Trường Cao Đẳng Ngoại Ngữ – Công Nghệ Việt Nhật,C480201,Công Nghệ Thông Tin,D01,2025,12.0,,THPT
CND,Trường Cao Đẳng Công Nghiệp Nam Định,C210404,Thiết kế thời trang,A00,2025,0.0,,THPT
CND,Trường Cao Đẳng Công Nghiệp Nam Định,C210404,Thiết kế thời trang,A01,2025,0.0,,THPT
CND,Trường Cao Đẳng Công Nghiệp Nam Định,C210404,Thiết kế thời trang,D01,2025,0.0,,THPT
CND,Trường Cao Đẳng Công Nghiệp Nam Định,C340101,Quản trị kinh doanh,A00,2025,0.0,,THPT
CND,Trường Cao Đẳng Công Nghiệp Nam Định,C340101,Quản trị kinh doanh,A01,2025,0.0,,THPT
CND,Trường Cao Đẳng Công Nghiệp Nam Định,C340101,Quản trị kinh doanh,D01,2025,0.0,,THPT
CND,Trường Cao Đẳng Công Nghiệp Nam Định,C340201,Tài chính - Ngân hàng,A00,2025,0.0,,THPT
CND,Trường Cao Đẳng Công Nghiệp Nam Định,C340201,Tài chính - Ngân hàng,A01,2025,0.0,,THPT
CND,Trường Cao Đẳng Công Nghiệp Nam Định,C340201,Tài chính - Ngân hàng,D01,2025,0.0,,THPT
CND,Trường Cao Đẳng Công Nghiệp Nam Định,C340301,Kế toán,A00,2025,0.0,,THPT
CND,Trường Cao Đẳng Công Nghiệp Nam Định,C340301,Kế toán,A01,2025,0.0,,THPT
CND,Trường Cao Đẳng Công Nghiệp Nam Định,C340301,Kế toán,D01,2025,0.0,,THPT
CND,Trường Cao Đẳng Công Nghiệp Nam Định,C480102,Truyền thông và mạng máy tính,A00,2025,0.0,,THPT
CND,Trường Cao Đẳng Công Nghiệp Nam Định,C480102,Truyền thông và mạng máy tính,A01,2025,0.0,,THPT
CND,Trường Cao Đẳng Công Nghiệp Nam Định,C480201,Công nghệ thông tin,A00,2025,0.0,,THPT
CND,Trường Cao Đẳng Công Nghiệp Nam Định,C480201,Công nghệ thông tin,A01,2025,0.0,,THPT
CND,Trường Cao Đẳng Công Nghiệp Nam Định,C480202,Tin học ứng dụng,A00,2025,0.0,,THPT
CND,Trường Cao Đẳng Công Nghiệp Nam Định,C480202,Tin học ứng dụng,A01,2025,0.0,,THPT
CND,Trường Cao Đẳng Công Nghiệp Nam Định,C510201,Công nghệ kĩ thuật cơ khí,A00,2025,0.0,,THPT
CND,Trường Cao Đẳng Công Nghiệp Nam Định,C510201,Công nghệ kĩ thuật cơ khí,A01,2025,0.0,,THPT
CND,Trường Cao Đẳng Công Nghiệp Nam Định,C510203,Công nghệ kĩ thuật cơ điện tử,A00,2025,0.0,,THPT
CND,Trường Cao Đẳng Công Nghiệp Nam Định,C510203,Công nghệ kĩ thuật cơ điện tử,A01,2025,0.0,,THPT
CND,Trường Cao Đẳng Công Nghiệp Nam Định,C510205,Công nghệ kĩ thuật ô tô,A00,2025,0.0,,THPT
CND,Trường Cao Đẳng Công Nghiệp Nam Định,C510205,Công nghệ kĩ thuật ô tô,A01,2025,0.0,,THPT
CND,Trường Cao Đẳng Công Nghiệp Nam Định,C510206,Công nghệ kĩ thuật nhiệt,A00,2025,0.0,,THPT
CND,Trường Cao Đẳng Công Nghiệp Nam Định,C510206,Công nghệ kĩ thuật nhiệt,A01,2025,0.0,,THPT
CND,Trường Cao Đẳng Công Nghiệp Nam Định,C510301,"Công nghệ kĩ thuật điện, điện tử",A00,2025,0.0,,THPT
CND,Trường Cao Đẳng Công Nghiệp Nam Định,C510301,"Công nghệ kĩ thuật điện, điện tử",A01,2025,0.0,,THPT
CND,Trường Cao Đẳng Công Nghiệp Nam Định,C510302,"Công nghệ kĩ thuật điện tử, truyền thông",A00,2025,0.0,,THPT
CND,Trường Cao Đẳng Công Nghiệp Nam Định,C510302,"Công nghệ kĩ thuật điện tử, truyền thông",A01,2025,0.0,,THPT
CND,Trường Cao Đẳng Công Nghiệp Nam Định,C510303,Công nghệ kĩ thuật điều khiển và tự động hóa,A00,2025,0.0,,THPT
CND,Trường Cao Đẳng Công Nghiệp Nam Định,C510303,Công nghệ kĩ thuật điều khiển và tự động hóa,A01,2025,0.0,,THPT
CND,Trường Cao Đẳng Công Nghiệp Nam Định,C510406,Công nghệ kĩ thuật môi trường,A00,2025,0.0,,THPT
CND,Trường Cao Đẳng Công Nghiệp Nam Định,C510406,Công nghệ kĩ thuật môi trường,A01,2025,0.0,,THPT
CND,Trường Cao Đẳng Công Nghiệp Nam Định,C510406,Công nghệ kĩ thuật môi trường,B00,2025,0.0,,THPT
CND,Trường Cao Đẳng Công Nghiệp Nam Định,C510503,Công nghệ hàn,A00,2025,0.0,,THPT
CND,Trường Cao Đẳng Công Nghiệp Nam Định,C510503,Công nghệ hàn,A01,2025,0.0,,THPT
CND,Trường Cao Đẳng Công Nghiệp Nam Định,C540204,Công nghệ may,A00,2025,0.0,,THPT
CND,Trường Cao Đẳng Công Nghiệp Nam Định,C540204,Công nghệ may,A01,2025,0.0,,THPT
CND,Trường Cao Đẳng Công Nghiệp Nam Định,C540204,Công nghệ may,D01,2025,0.0,,THPT
CNH,Trường Cao Đẳng Công Nghệ Hà Nội,C340101,Quản trị kinh doanh,A00,2025,0.0,,THPT
CNH,Trường Cao Đẳng Công Nghệ Hà Nội,C340101,Quản trị kinh doanh,D01,2025,0.0,,THPT
CNH,Trường Cao Đẳng Công Nghệ Hà Nội,C340201,Tài chính - Ngân hàng,A00,2025,0.0,,THPT
CNH,Trường Cao Đẳng Công Nghệ Hà Nội,C340201,Tài chính - Ngân hàng,D01,2025,0.0,,THPT
CNH,Trường Cao Đẳng Công Nghệ Hà Nội,C340301,Kế toán,A00,2025,0.0,,THPT
CNH,Trường Cao Đẳng Công Nghệ Hà Nội,C340301,Kế toán,D01,2025,0.0,,THPT
CNH,Trường Cao Đẳng Công Nghệ Hà Nội,C480201,Công nghệ thông tin,A00,2025,0.0,,THPT
CNH,Trường Cao Đẳng Công Nghệ Hà Nội,C510201,Công nghệ kĩ thuật cơ khí,A00,2025,0.0,,THPT
CNH,Trường Cao Đẳng Công Nghệ Hà Nội,C510301,"Công nghệ kĩ thuật điện, điện tử",A00,2025,0.0,,THPT
CNH,Trường Cao Đẳng Công Nghệ Hà Nội,C510302,"Công nghệ kĩ thuật điện tử, truyền thông",A00,2025,0.0,,THPT
CNV,Trường Cao Đẳng Văn Hóa Nghệ Thuật Việt Bắc,C320202,Ngành Khoa học Thư viện,C00,2025,0.0,,THPT
CPN,Trường Cao Đẳng Phương Đông – Đà Nẵng,51340101,QUẢN TRỊ KINH DOANH,A00,2025,0.0,,THPT
CPN,Trường Cao Đẳng Phương Đông – Đà Nẵng,51340101,QUẢN TRỊ KINH DOANH,A01,2025,0.0,,THPT
CPN,Trường Cao Đẳng Phương Đông – Đà Nẵng,51340101,QUẢN TRỊ KINH DOANH,D01,2025,0.0,,THPT
CPN,Trường Cao Đẳng Phương Đông – Đà Nẵng,51340103,QUẢN TRỊ DỊCH VỤ DU LỊCH VÀ LỮ HÀNH,A00,2025,0.0,,THPT
CPN,Trường Cao Đẳng Phương Đông – Đà Nẵng,51340103,QUẢN TRỊ DỊCH VỤ DU LỊCH VÀ LỮ HÀNH,A01,2025,0.0,,THPT
CPN,Trường Cao Đẳng Phương Đông – Đà Nẵng,51340103,QUẢN TRỊ DỊCH VỤ DU LỊCH VÀ LỮ HÀNH,D01,2025,0.0,,THPT
CPN,Trường Cao Đẳng Phương Đông – Đà Nẵng,51340201,TÀI CHÍNH - NGÂN HÀNG,A00,2025,0.0,,THPT
CPN,Trường Cao Đẳng Phương Đông – Đà Nẵng,51340201,TÀI CHÍNH - NGÂN HÀNG,A01,2025,0.0,,THPT
CPN,Trường Cao Đẳng Phương Đông – Đà Nẵng,51340201,TÀI CHÍNH - NGÂN HÀNG,D01,2025,0.0,,THPT
CPN,Trường Cao Đẳng Phương Đông – Đà Nẵng,51340301,KẾ TOÁN,A00,2025,0.0,,THPT
CPN,Trường Cao Đẳng Phương Đông – Đà Nẵng,51340301,KẾ TOÁN,A01,2025,0.0,,THPT
CPN,Trường Cao Đẳng Phương Đông – Đà Nẵng,51340301,KẾ TOÁN,D01,2025,0.0,,THPT
CPN,Trường Cao Đẳng Phương Đông – Đà Nẵng,51480201,CÔNG NGHỆ THÔNG TIN,A00,2025,0.0,,THPT
CPN,Trường Cao Đẳng Phương Đông – Đà Nẵng,51480201,CÔNG NGHỆ THÔNG TIN,A01,2025,0.0,,THPT
CPN,Trường Cao Đẳng Phương Đông – Đà Nẵng,51480201,CÔNG NGHỆ THÔNG TIN,D01,2025,0.0,,THPT
CPN,Trường Cao Đẳng Phương Đông – Đà Nẵng,51510301,CÔNG NGHỆ KỸ THUẬT ĐIỆN - ĐIỆN TỬ,A00,2025,0.0,,THPT
CPN,Trường Cao Đẳng Phương Đông – Đà Nẵng,51510301,CÔNG NGHỆ KỸ THUẬT ĐIỆN - ĐIỆN TỬ,A01,2025,0.0,,THPT
CPN,Trường Cao Đẳng Phương Đông – Đà Nẵng,51510301,CÔNG NGHỆ KỸ THUẬT ĐIỆN - ĐIỆN TỬ,D01,2025,0.0,,THPT
CPN,Trường Cao Đẳng Phương Đông – Đà Nẵng,51720501,ĐIỀU DƯỠNG,A00,2025,0.0,,THPT
CPN,Trường Cao Đẳng Phương Đông – Đà Nẵng,51720501,ĐIỀU DƯỠNG,B00,2025,0.0,,THPT
CPN,Trường Cao Đẳng Phương Đông – Đà Nẵng,51720501,ĐIỀU DƯỠNG,D08,2025,0.0,,THPT
CPN,Trường Cao Đẳng Phương Đông – Đà Nẵng,51900107,DƯỢC,A00,2025,0.0,,THPT
CPN,Trường Cao Đẳng Phương Đông – Đà Nẵng,51900107,DƯỢC,B00,2025,0.0,,THPT
CPN,Trường Cao Đẳng Phương Đông – Đà Nẵng,51900107,DƯỢC,D07,2025,0.0,,THPT
CPT,Trường Cao Đẳng Phát Thanh Truyền Hình I,C220201,Tiếng Anh,A01,2025,0.0,,THPT
CPT,Trường Cao Đẳng Phát Thanh Truyền Hình I,C220201,Tiếng Anh,D01,2025,0.0,,THPT
CPT,Trường Cao Đẳng Phát Thanh Truyền Hình I,C220201,Tiếng Anh,D07,2025,0.0,,THPT
CPT,Trường Cao Đẳng Phát Thanh Truyền Hình I,C320101,Báo chí,A00,2025,0.0,,THPT
CPT,Trường Cao Đẳng Phát Thanh Truyền Hình I,C320101,Báo chí,A01,2025,0.0,,THPT
CPT,Trường Cao Đẳng Phát Thanh Truyền Hình I,C320101,Báo chí,C00,2025,0.0,,THPT
CPT,Trường Cao Đẳng Phát Thanh Truyền Hình I,C320101,Báo chí,D01,2025,0.0,,THPT
CPT,Trường Cao Đẳng Phát Thanh Truyền Hình I,C340301,Kế toán,A00,2025,0.0,,THPT
CPT,Trường Cao Đẳng Phát Thanh Truyền Hình I,C340301,Kế toán,A01,2025,0.0,,THPT
CPT,Trường Cao Đẳng Phát Thanh Truyền Hình I,C340301,Kế toán,D01,2025,0.0,,THPT
CPT,Trường Cao Đẳng Phát Thanh Truyền Hình I,C340301,Kế toán,D07,2025,0.0,,THPT
CPT,Trường Cao Đẳng Phát Thanh Truyền Hình I,C480201,Công nghệ thông tin,A00,2025,0.0,,THPT
CPT,Trường Cao Đẳng Phát Thanh Truyền Hình I,C480201,Công nghệ thông tin,A01,2025,0.0,,THPT
CPT,Trường Cao Đẳng Phát Thanh Truyền Hình I,C480201,Công nghệ thông tin,D01,2025,0.0,,THPT
CPT,Trường Cao Đẳng Phát Thanh Truyền Hình I,C480201,Công nghệ thông tin,D07,2025,0.0,,THPT
CPT,Trường Cao Đẳng Phát Thanh Truyền Hình I,C510301,"Công nghệ kĩ thuật điện, điện tử",A00,2025,0.0,,THPT
CPT,Trường Cao Đẳng Phát Thanh Truyền Hình I,C510301,"Công nghệ kĩ thuật điện, điện tử",A01,2025,0.0,,THPT
CPT,Trường Cao Đẳng Phát Thanh Truyền Hình I,C510301,"Công nghệ kĩ thuật điện, điện tử",D01,2025,0.0,,THPT
CPT,Trường Cao Đẳng Phát Thanh Truyền Hình I,C510301,"Công nghệ kĩ thuật điện, điện tử",D07,2025,0.0,,THPT
CPT,Trường Cao Đẳng Phát Thanh Truyền Hình I,C510302,"Công nghệ kĩ thuật điện tử, truyền thông",A00,2025,0.0,,THPT
CPT,Trường Cao Đẳng Phát Thanh Truyền Hình I,C510302,"Công nghệ kĩ thuật điện tử, truyền thông",D01,2025,0.0,,THPT
CPT,Trường Cao Đẳng Phát Thanh Truyền Hình I,C510302,"Công nghệ kĩ thuật điện tử, truyền thông",D01,2025,0.0,,THPT
CPT,Trường Cao Đẳng Phát Thanh Truyền Hình I,C510302,"Công nghệ kĩ thuật điện tử, truyền thông",D07,2025,0.0,,THPT
CSB,"Trường Cao Đẳng Kinh Tế, Kỹ Thuật Và Thủy Sản",C340101,Quản trị kinh doanh,A00,2025,0.0,,THPT
CSB,"Trường Cao Đẳng Kinh Tế, Kỹ Thuật Và Thủy Sản",C340101,Quản trị kinh doanh,A01,2025,0.0,,THPT
CSB,"Trường Cao Đẳng Kinh Tế, Kỹ Thuật Và Thủy Sản",C340101,Quản trị kinh doanh,D01,2025,0.0,,THPT
CSB,"Trường Cao Đẳng Kinh Tế, Kỹ Thuật Và Thủy Sản",C340201,Tài chính - Ngân hàng,A00,2025,0.0,,THPT
CSB,"Trường Cao Đẳng Kinh Tế, Kỹ Thuật Và Thủy Sản",C340201,Tài chính - Ngân hàng,A01,2025,0.0,,THPT
CSB,"Trường Cao Đẳng Kinh Tế, Kỹ Thuật Và Thủy Sản",C340201,Tài chính - Ngân hàng,D01,2025,0.0,,THPT
CSB,"Trường Cao Đẳng Kinh Tế, Kỹ Thuật Và Thủy Sản",C340301,Kê toán,A00,2025,0.0,,THPT
CSB,"Trường Cao Đẳng Kinh Tế, Kỹ Thuật Và Thủy Sản",C340301,Kê toán,A01,2025,0.0,,THPT
CSB,"Trường Cao Đẳng Kinh Tế, Kỹ Thuật Và Thủy Sản",C340301,Kê toán,D01,2025,0.0,,THPT
CSB,"Trường Cao Đẳng Kinh Tế, Kỹ Thuật Và Thủy Sản",C420201,Công nghê sinh học,A01,2025,0.0,,THPT
CSB,"Trường Cao Đẳng Kinh Tế, Kỹ Thuật Và Thủy Sản",C420201,Công nghê sinh học,B00,2025,0.0,,THPT
CSB,"Trường Cao Đẳng Kinh Tế, Kỹ Thuật Và Thủy Sản",C420201,Công nghê sinh học,D01,2025,0.0,,THPT
CSB,"Trường Cao Đẳng Kinh Tế, Kỹ Thuật Và Thủy Sản",C480201,Công nghệ thông tin,A00,2025,0.0,,THPT
CSB,"Trường Cao Đẳng Kinh Tế, Kỹ Thuật Và Thủy Sản",C480201,Công nghệ thông tin,A01,2025,0.0,,THPT
CSB,"Trường Cao Đẳng Kinh Tế, Kỹ Thuật Và Thủy Sản",C480201,Công nghệ thông tin,D01,2025,0.0,,THPT
CSB,"Trường Cao Đẳng Kinh Tế, Kỹ Thuật Và Thủy Sản",C620301,Nuôi trồng thủy sản,A01,2025,0.0,,THPT
CSB,"Trường Cao Đẳng Kinh Tế, Kỹ Thuật Và Thủy Sản",C620301,Nuôi trồng thủy sản,B00,2025,0.0,,THPT
CSB,"Trường Cao Đẳng Kinh Tế, Kỹ Thuật Và Thủy Sản",C620301,Nuôi trồng thủy sản,D01,2025,0.0,,THPT
CSG,Trường Cao Đẳng Đại Việt Sài Gòn,C340101,Quản trị kinh doanh,A00,2025,0.0,,THPT
CSG,Trường Cao Đẳng Đại Việt Sài Gòn,C340101,Quản trị kinh doanh,A01,2025,0.0,,THPT
CSG,Trường Cao Đẳng Đại Việt Sài Gòn,C340101,Quản trị kinh doanh,D01,2025,0.0,,THPT
CSG,Trường Cao Đẳng Đại Việt Sài Gòn,C340101,Quản trị kinh doanh,D07,2025,0.0,,THPT
CSG,Trường Cao Đẳng Đại Việt Sài Gòn,C340301,Kế toán,A00,2025,0.0,,THPT
CSG,Trường Cao Đẳng Đại Việt Sài Gòn,C340301,Kế toán,A01,2025,0.0,,THPT
CSG,Trường Cao Đẳng Đại Việt Sài Gòn,C340301,Kế toán,D01,2025,0.0,,THPT
CSG,Trường Cao Đẳng Đại Việt Sài Gòn,C340301,Kế toán,D07,2025,0.0,,THPT
CSG,Trường Cao Đẳng Đại Việt Sài Gòn,C480201,Công nghệ thông tin,A00,2025,0.0,,THPT
CSG,Trường Cao Đẳng Đại Việt Sài Gòn,C480201,Công nghệ thông tin,A01,2025,0.0,,THPT
CSG,Trường Cao Đẳng Đại Việt Sài Gòn,C480201,Công nghệ thông tin,B00,2025,0.0,,THPT
CSG,Trường Cao Đẳng Đại Việt Sài Gòn,C510103,Công nghệ kỹ thuật Xây dựng,A00,2025,0.0,,THPT
CSG,Trường Cao Đẳng Đại Việt Sài Gòn,C510103,Công nghệ kỹ thuật Xây dựng,A01,2025,0.0,,THPT
CSG,Trường Cao Đẳng Đại Việt Sài Gòn,C510103,Công nghệ kỹ thuật Xây dựng,B00,2025,0.0,,THPT
CSG,Trường Cao Đẳng Đại Việt Sài Gòn,C510201,Công nghệ kỹ thuật Cơ khí,A00,2025,0.0,,THPT
CSG,Trường Cao Đẳng Đại Việt Sài Gòn,C510201,Công nghệ kỹ thuật Cơ khí,A01,2025,0.0,,THPT
CSG,Trường Cao Đẳng Đại Việt Sài Gòn,C510201,Công nghệ kỹ thuật Cơ khí,B00,2025,0.0,,THPT
CSG,Trường Cao Đẳng Đại Việt Sài Gòn,C510302,"Công nghệ kỹ thuật Điện tử, truyền thông",A00,2025,0.0,,THPT
CSG,Trường Cao Đẳng Đại Việt Sài Gòn,C510302,"Công nghệ kỹ thuật Điện tử, truyền thông",A01,2025,0.0,,THPT
CSG,Trường Cao Đẳng Đại Việt Sài Gòn,C510302,"Công nghệ kỹ thuật Điện tử, truyền thông",B00,2025,0.0,,THPT
CSG,Trường Cao Đẳng Đại Việt Sài Gòn,C510303,Công nghệ Điều khiển và Tự động hóa,A00,2025,0.0,,THPT
CSG,Trường Cao Đẳng Đại Việt Sài Gòn,C510303,Công nghệ Điều khiển và Tự động hóa,A01,2025,0.0,,THPT
CSG,Trường Cao Đẳng Đại Việt Sài Gòn,C510303,Công nghệ Điều khiển và Tự động hóa,B00,2025,0.0,,THPT
CSG,Trường Cao Đẳng Đại Việt Sài Gòn,C510402,Công nghệ vật liệu,A00,2025,0.0,,THPT
CSG,Trường Cao Đẳng Đại Việt Sài Gòn,C510402,Công nghệ vật liệu,A01,2025,0.0,,THPT
CSG,Trường Cao Đẳng Đại Việt Sài Gòn,C510402,Công nghệ vật liệu,B00,2025,0.0,,THPT
CSG,Trường Cao Đẳng Đại Việt Sài Gòn,C510406,Công nghệ kỹ thuật Môi trường,A00,2025,0.0,,THPT
CSG,Trường Cao Đẳng Đại Việt Sài Gòn,C510406,Công nghệ kỹ thuật Môi trường,A01,2025,0.0,,THPT
CSG,Trường Cao Đẳng Đại Việt Sài Gòn,C510406,Công nghệ kỹ thuật Môi trường,B00,2025,0.0,,THPT
CSG,Trường Cao Đẳng Đại Việt Sài Gòn,C900107,Dược,A00,2025,0.0,,THPT
CSG,Trường Cao Đẳng Đại Việt Sài Gòn,C900107,Dược,B00,2025,0.0,,THPT
CSG,Trường Cao Đẳng Đại Việt Sài Gòn,C900107,Dược,D07,2025,0.0,,THPT
CSH,Học Viện Cảnh Sát Nhân Dân,7860100_Nam_1,"Nhóm ngành nghiệp vụ Cảnh sát (Thí sinh Nam, vùng 1)",A00,2025,21.72,,THPT
CSH,Học Viện Cảnh Sát Nhân Dân,7860100_Nam_1,"Nhóm ngành nghiệp vụ Cảnh sát (Thí sinh Nam, vùng 1)",A01,2025,21.72,,THPT
CSH,Học Viện Cảnh Sát Nhân Dân,7860100_Nam_1,"Nhóm ngành nghiệp vụ Cảnh sát (Thí sinh Nam, vùng 1)",D01,2025,21.72,,THPT
CSH,Học Viện Cảnh Sát Nhân Dân,7860100_Nam_2,"Nhóm ngành nghiệp vụ Cảnh sát (Thí sinh Nam, vùng 2)",A00,2025,23.71,,THPT
CSH,Học Viện Cảnh Sát Nhân Dân,7860100_Nam_2,"Nhóm ngành nghiệp vụ Cảnh sát (Thí sinh Nam, vùng 2)",A01,2025,23.71,,THPT
CSH,Học Viện Cảnh Sát Nhân Dân,7860100_Nam_2,"Nhóm ngành nghiệp vụ Cảnh sát (Thí sinh Nam, vùng 2)",D01,2025,23.71,,THPT
CSH,Học Viện Cảnh Sát Nhân Dân,7860100_Nam_3,"Nhóm ngành nghiệp vụ Cảnh sát (Thí sinh Nam, vùng 3)",A00,2025,22.89,,THPT
CSH,Học Viện Cảnh Sát Nhân Dân,7860100_Nam_3,"Nhóm ngành nghiệp vụ Cảnh sát (Thí sinh Nam, vùng 3)",A01,2025,22.89,,THPT
CSH,Học Viện Cảnh Sát Nhân Dân,7860100_Nam_3,"Nhóm ngành nghiệp vụ Cảnh sát (Thí sinh Nam, vùng 3)",D01,2025,22.89,,THPT
CSH,Học Viện Cảnh Sát Nhân Dân,7860100_Nam_8,"Nhóm ngành nghiệp vụ Cảnh sát (Thí sinh Nam, vùng 8)",A00,2025,18.67,,THPT
CSH,Học Viện Cảnh Sát Nhân Dân,7860100_Nam_8,"Nhóm ngành nghiệp vụ Cảnh sát (Thí sinh Nam, vùng 8)",A01,2025,18.67,,THPT
CSH,Học Viện Cảnh Sát Nhân Dân,7860100_Nam_8,"Nhóm ngành nghiệp vụ Cảnh sát (Thí sinh Nam, vùng 8)",D01,2025,18.67,,THPT
CSH,Học Viện Cảnh Sát Nhân Dân,7860100_Nu_1,"Nhóm ngành nghiệp vụ Cảnh sát (Thí sinh Nữ, vùng 1)",A00,2025,25.24,,THPT
CSH,Học Viện Cảnh Sát Nhân Dân,7860100_Nu_1,"Nhóm ngành nghiệp vụ Cảnh sát (Thí sinh Nữ, vùng 1)",A01,2025,25.24,,THPT
CSH,Học Viện Cảnh Sát Nhân Dân,7860100_Nu_1,"Nhóm ngành nghiệp vụ Cảnh sát (Thí sinh Nữ, vùng 1)",D01,2025,25.24,,THPT
CSH,Học Viện Cảnh Sát Nhân Dân,7860100_Nu_2,"Nhóm ngành nghiệp vụ Cảnh sát (Thí sinh Nữ, vùng 2)",A00,2025,26.01,,THPT
CSH,Học Viện Cảnh Sát Nhân Dân,7860100_Nu_2,"Nhóm ngành nghiệp vụ Cảnh sát (Thí sinh Nữ, vùng 2)",A01,2025,26.01,,THPT
CSH,Học Viện Cảnh Sát Nhân Dân,7860100_Nu_2,"Nhóm ngành nghiệp vụ Cảnh sát (Thí sinh Nữ, vùng 2)",D01,2025,26.01,,THPT
CSH,Học Viện Cảnh Sát Nhân Dân,7860100_Nu_3,"Nhóm ngành nghiệp vụ Cảnh sát (Thí sinh Nữ, vùng 3)",A00,2025,25.38,,THPT
CSH,Học Viện Cảnh Sát Nhân Dân,7860100_Nu_3,"Nhóm ngành nghiệp vụ Cảnh sát (Thí sinh Nữ, vùng 3)",A01,2025,25.38,,THPT
CSH,Học Viện Cảnh Sát Nhân Dân,7860100_Nu_3,"Nhóm ngành nghiệp vụ Cảnh sát (Thí sinh Nữ, vùng 3)",D01,2025,25.38,,THPT
CSH,Học Viện Cảnh Sát Nhân Dân,7860100_Nu_8,"Nhóm ngành nghiệp vụ Cảnh sát (Thí sinh Nữ, vùng 8)",A00,2025,20.64,,THPT
CSH,Học Viện Cảnh Sát Nhân Dân,7860100_Nu_8,"Nhóm ngành nghiệp vụ Cảnh sát (Thí sinh Nữ, vùng 8)",A01,2025,20.64,,THPT
CSH,Học Viện Cảnh Sát Nhân Dân,7860100_Nu_8,"Nhóm ngành nghiệp vụ Cảnh sát (Thí sinh Nữ, vùng 8)",D01,2025,20.64,,THPT
CSS,Trường Đại Học Cảnh Sát Nhân Dân,7860100_Nam_4,"Nhóm ngành nghiệp vụ Cảnh sát (Thí sinh Nam, vùng 4)",A00,2025,22.01,,THPT
CSS,Trường Đại Học Cảnh Sát Nhân Dân,7860100_Nam_4,"Nhóm ngành nghiệp vụ Cảnh sát (Thí sinh Nam, vùng 4)",A01,2025,22.01,,THPT
CSS,Trường Đại Học Cảnh Sát Nhân Dân,7860100_Nam_4,"Nhóm ngành nghiệp vụ Cảnh sát (Thí sinh Nam, vùng 4)",D01,2025,22.01,,THPT
CSS,Trường Đại Học Cảnh Sát Nhân Dân,7860100_Nam_5,"Nhóm ngành nghiệp vụ Cảnh sát (Thí sinh Nam, vùng 5)",A00,2025,23.53,,THPT
CSS,Trường Đại Học Cảnh Sát Nhân Dân,7860100_Nam_5,"Nhóm ngành nghiệp vụ Cảnh sát (Thí sinh Nam, vùng 5)",A01,2025,23.53,,THPT
CSS,Trường Đại Học Cảnh Sát Nhân Dân,7860100_Nam_5,"Nhóm ngành nghiệp vụ Cảnh sát (Thí sinh Nam, vùng 5)",D01,2025,23.53,,THPT
CSS,Trường Đại Học Cảnh Sát Nhân Dân,7860100_Nam_6,"Nhóm ngành nghiệp vụ Cảnh sát (Thí sinh Nam, vùng 6)",A00,2025,21.33,,THPT
CSS,Trường Đại Học Cảnh Sát Nhân Dân,7860100_Nam_6,"Nhóm ngành nghiệp vụ Cảnh sát (Thí sinh Nam, vùng 6)",A01,2025,21.33,,THPT
CSS,Trường Đại Học Cảnh Sát Nhân Dân,7860100_Nam_6,"Nhóm ngành nghiệp vụ Cảnh sát (Thí sinh Nam, vùng 6)",D01,2025,21.33,,THPT
CSS,Trường Đại Học Cảnh Sát Nhân Dân,7860100_Nam_7,"Nhóm ngành nghiệp vụ Cảnh sát (Thí sinh Nam, vùng 7)",A00,2025,21.44,,THPT
CSS,Trường Đại Học Cảnh Sát Nhân Dân,7860100_Nam_7,"Nhóm ngành nghiệp vụ Cảnh sát (Thí sinh Nam, vùng 7)",A01,2025,21.44,,THPT
CSS,Trường Đại Học Cảnh Sát Nhân Dân,7860100_Nam_7,"Nhóm ngành nghiệp vụ Cảnh sát (Thí sinh Nam, vùng 7)",D01,2025,21.44,,THPT
CSS,Trường Đại Học Cảnh Sát Nhân Dân,7860100_Nam_8,"Nhóm ngành nghiệp vụ Cảnh sát (Thí sinh Nam, vùng 8)",A00,2025,19.6,,THPT
CSS,Trường Đại Học Cảnh Sát Nhân Dân,7860100_Nam_8,"Nhóm ngành nghiệp vụ Cảnh sát (Thí sinh Nam, vùng 8)",A01,2025,19.6,,THPT
CSS,Trường Đại Học Cảnh Sát Nhân Dân,7860100_Nam_8,"Nhóm ngành nghiệp vụ Cảnh sát (Thí sinh Nam, vùng 8)",D01,2025,19.6,,THPT
CSS,Trường Đại Học Cảnh Sát Nhân Dân,7860100_Nữ_4,"Nhóm ngành nghiệp vụ Cảnh sát (Thí sinh Nữ, vùng 4)",A00,2025,24.67,,THPT
CSS,Trường Đại Học Cảnh Sát Nhân Dân,7860100_Nữ_4,"Nhóm ngành nghiệp vụ Cảnh sát (Thí sinh Nữ, vùng 4)",A01,2025,24.67,,THPT
CSS,Trường Đại Học Cảnh Sát Nhân Dân,7860100_Nữ_4,"Nhóm ngành nghiệp vụ Cảnh sát (Thí sinh Nữ, vùng 4)",D01,2025,24.67,,THPT
CSS,Trường Đại Học Cảnh Sát Nhân Dân,7860100_Nữ_5,"Nhóm ngành nghiệp vụ Cảnh sát (Thí sinh Nữ, vùng 5)",A00,2025,26.28,,THPT
CSS,Trường Đại Học Cảnh Sát Nhân Dân,7860100_Nữ_5,"Nhóm ngành nghiệp vụ Cảnh sát (Thí sinh Nữ, vùng 5)",A01,2025,26.28,,THPT
CSS,Trường Đại Học Cảnh Sát Nhân Dân,7860100_Nữ_5,"Nhóm ngành nghiệp vụ Cảnh sát (Thí sinh Nữ, vùng 5)",D01,2025,26.28,,THPT
CSS,Trường Đại Học Cảnh Sát Nhân Dân,7860100_Nữ_6,"Nhóm ngành nghiệp vụ Cảnh sát (Thí sinh Nữ, vùng 6)",A00,2025,25.67,,THPT
CSS,Trường Đại Học Cảnh Sát Nhân Dân,7860100_Nữ_6,"Nhóm ngành nghiệp vụ Cảnh sát (Thí sinh Nữ, vùng 6)",A01,2025,25.67,,THPT
CSS,Trường Đại Học Cảnh Sát Nhân Dân,7860100_Nữ_6,"Nhóm ngành nghiệp vụ Cảnh sát (Thí sinh Nữ, vùng 6)",D01,2025,25.67,,THPT
CSS,Trường Đại Học Cảnh Sát Nhân Dân,7860100_Nữ_7,"Nhóm ngành nghiệp vụ Cảnh sát (Thí sinh Nữ, vùng 7)",A00,2025,24.56,,THPT
CSS,Trường Đại Học Cảnh Sát Nhân Dân,7860100_Nữ_7,"Nhóm ngành nghiệp vụ Cảnh sát (Thí sinh Nữ, vùng 7)",A01,2025,24.56,,THPT
CSS,Trường Đại Học Cảnh Sát Nhân Dân,7860100_Nữ_7,"Nhóm ngành nghiệp vụ Cảnh sát (Thí sinh Nữ, vùng 7)",D01,2025,24.56,,THPT
CSS,Trường Đại Học Cảnh Sát Nhân Dân,7860100_Nữ_8,"Nhóm ngành nghiệp vụ Cảnh sát (Thí sinh Nữ, vùng 8)",A00,2025,15.95,,THPT
CSS,Trường Đại Học Cảnh Sát Nhân Dân,7860100_Nữ_8,"Nhóm ngành nghiệp vụ Cảnh sát (Thí sinh Nữ, vùng 8)",A01,2025,15.95,,THPT
CSS,Trường Đại Học Cảnh Sát Nhân Dân,7860100_Nữ_8,"Nhóm ngành nghiệp vụ Cảnh sát (Thí sinh Nữ, vùng 8)",D01,2025,15.95,,THPT
CST,Trường Cao Đẳng Cộng Đồng Sóc Trăng,C220201,Tiếng Anh,D01,2025,0.0,,THPT
CST,Trường Cao Đẳng Cộng Đồng Sóc Trăng,C340101,Quản trị kinh doanh,A00,2025,0.0,,THPT
CST,Trường Cao Đẳng Cộng Đồng Sóc Trăng,C340101,Quản trị kinh doanh,A01,2025,0.0,,THPT
CST,Trường Cao Đẳng Cộng Đồng Sóc Trăng,C340101,Quản trị kinh doanh,D01,2025,0.0,,THPT
CST,Trường Cao Đẳng Cộng Đồng Sóc Trăng,C340301,Kế toán,A00,2025,0.0,,THPT
CST,Trường Cao Đẳng Cộng Đồng Sóc Trăng,C340301,Kế toán,A01,2025,0.0,,THPT
CST,Trường Cao Đẳng Cộng Đồng Sóc Trăng,C340301,Kế toán,D01,2025,0.0,,THPT
CST,Trường Cao Đẳng Cộng Đồng Sóc Trăng,C340406,Quản trị văn phòng,A00,2025,0.0,,THPT
CST,Trường Cao Đẳng Cộng Đồng Sóc Trăng,C340406,Quản trị văn phòng,A01,2025,0.0,,THPT
CST,Trường Cao Đẳng Cộng Đồng Sóc Trăng,C340406,Quản trị văn phòng,D01,2025,0.0,,THPT
CST,Trường Cao Đẳng Cộng Đồng Sóc Trăng,C480202,Tin học ứng dụng,A00,2025,0.0,,THPT
CST,Trường Cao Đẳng Cộng Đồng Sóc Trăng,C480202,Tin học ứng dụng,A01,2025,0.0,,THPT
CST,Trường Cao Đẳng Cộng Đồng Sóc Trăng,C760101,Công tác xã hội,C00,2025,0.0,,THPT
CTE,Trường Cao Đẳng Thống Kê,C100101,Kinh tế đầu tư,A00,2025,0.0,,THPT
CTE,Trường Cao Đẳng Thống Kê,C100101,Kinh tế đầu tư,A01,2025,0.0,,THPT
CTE,Trường Cao Đẳng Thống Kê,C100101,Kinh tế đầu tư,C00,2025,0.0,,THPT
CTE,Trường Cao Đẳng Thống Kê,C100101,Kinh tế đầu tư,D01,2025,0.0,,THPT
CTE,Trường Cao Đẳng Thống Kê,C220201,Tiếng Anh,C00,2025,0.0,,THPT
CTE,Trường Cao Đẳng Thống Kê,C220201,Tiếng Anh,D01,2025,0.0,,THPT
CTE,Trường Cao Đẳng Thống Kê,C340101,Quản trị kinh doanh,A00,2025,0.0,,THPT
CTE,Trường Cao Đẳng Thống Kê,C340101,Quản trị kinh doanh,A01,2025,0.0,,THPT
CTE,Trường Cao Đẳng Thống Kê,C340101,Quản trị kinh doanh,C00,2025,0.0,,THPT
CTE,Trường Cao Đẳng Thống Kê,C340101,Quản trị kinh doanh,D01,2025,0.0,,THPT
CTE,Trường Cao Đẳng Thống Kê,C340201,Tài chính - Ngân hàng,A00,2025,0.0,,THPT
CTE,Trường Cao Đẳng Thống Kê,C340201,Tài chính - Ngân hàng,A01,2025,0.0,,THPT
CTE,Trường Cao Đẳng Thống Kê,C340201,Tài chính - Ngân hàng,C00,2025,0.0,,THPT
CTE,Trường Cao Đẳng Thống Kê,C340201,Tài chính - Ngân hàng,D01,2025,0.0,,THPT
CTE,Trường Cao Đẳng Thống Kê,C340301,Kế toán,A00,2025,0.0,,THPT
CTE,Trường Cao Đẳng Thống Kê,C340301,Kế toán,A01,2025,0.0,,THPT
CTE,Trường Cao Đẳng Thống Kê,C340301,Kế toán,C00,2025,0.0,,THPT
CTE,Trường Cao Đẳng Thống Kê,C340301,Kế toán,D01,2025,0.0,,THPT
CTE,Trường Cao Đẳng Thống Kê,C340405,Hệ thống thông tin quản lí,A00,2025,0.0,,THPT
CTE,Trường Cao Đẳng Thống Kê,C340405,Hệ thống thông tin quản lí,A01,2025,0.0,,THPT
CTE,Trường Cao Đẳng Thống Kê,C340405,Hệ thống thông tin quản lí,D01,2025,0.0,,THPT
CTE,Trường Cao Đẳng Thống Kê,C460201,Thống kê,A00,2025,0.0,,THPT
CTE,Trường Cao Đẳng Thống Kê,C460201,Thống kê,A01,2025,0.0,,THPT
CTE,Trường Cao Đẳng Thống Kê,C460201,Thống kê,D01,2025,0.0,,THPT
CTH,Trường Cao Đẳng Kinh Tế – Kỹ Thuật Thương Mại,C220201,Ngành Tiếng Anh,A00,2025,0.0,,THPT
CTH,Trường Cao Đẳng Kinh Tế – Kỹ Thuật Thương Mại,C220201,Ngành Tiếng Anh,A01,2025,0.0,,THPT
CTH,Trường Cao Đẳng Kinh Tế – Kỹ Thuật Thương Mại,C220201,Ngành Tiếng Anh,D01,2025,0.0,,THPT
CTH,Trường Cao Đẳng Kinh Tế – Kỹ Thuật Thương Mại,C340101,Ngành Quản trị kinh doanh,A00,2025,0.0,,THPT
CTH,Trường Cao Đẳng Kinh Tế – Kỹ Thuật Thương Mại,C340101,Ngành Quản trị kinh doanh,A01,2025,0.0,,THPT
CTH,Trường Cao Đẳng Kinh Tế – Kỹ Thuật Thương Mại,C340101,Ngành Quản trị kinh doanh,B00,2025,0.0,,THPT
CTH,Trường Cao Đẳng Kinh Tế – Kỹ Thuật Thương Mại,C340101,Ngành Quản trị kinh doanh,D01,2025,0.0,,THPT
CTH,Trường Cao Đẳng Kinh Tế – Kỹ Thuật Thương Mại,C340107,Ngành Quản trị khách sạn,A00,2025,0.0,,THPT
CTH,Trường Cao Đẳng Kinh Tế – Kỹ Thuật Thương Mại,C340107,Ngành Quản trị khách sạn,A01,2025,0.0,,THPT
CTH,Trường Cao Đẳng Kinh Tế – Kỹ Thuật Thương Mại,C340107,Ngành Quản trị khách sạn,D01,2025,0.0,,THPT
CTH,Trường Cao Đẳng Kinh Tế – Kỹ Thuật Thương Mại,C340115,Ngành Marketing,A00,2025,0.0,,THPT
CTH,Trường Cao Đẳng Kinh Tế – Kỹ Thuật Thương Mại,C340115,Ngành Marketing,A01,2025,0.0,,THPT
CTH,Trường Cao Đẳng Kinh Tế – Kỹ Thuật Thương Mại,C340115,Ngành Marketing,D01,2025,0.0,,THPT
CTH,Trường Cao Đẳng Kinh Tế – Kỹ Thuật Thương Mại,C340121,Ngành Kinh doanh thương mại,A00,2025,0.0,,THPT
CTH,Trường Cao Đẳng Kinh Tế – Kỹ Thuật Thương Mại,C340121,Ngành Kinh doanh thương mại,A01,2025,0.0,,THPT
CTH,Trường Cao Đẳng Kinh Tế – Kỹ Thuật Thương Mại,C340121,Ngành Kinh doanh thương mại,B00,2025,0.0,,THPT
CTH,Trường Cao Đẳng Kinh Tế – Kỹ Thuật Thương Mại,C340121,Ngành Kinh doanh thương mại,D01,2025,0.0,,THPT
CTH,Trường Cao Đẳng Kinh Tế – Kỹ Thuật Thương Mại,C340201,Ngành Tài chính Ngân hàng,A00,2025,0.0,,THPT
CTH,Trường Cao Đẳng Kinh Tế – Kỹ Thuật Thương Mại,C340201,Ngành Tài chính Ngân hàng,A01,2025,0.0,,THPT
CTH,Trường Cao Đẳng Kinh Tế – Kỹ Thuật Thương Mại,C340201,Ngành Tài chính Ngân hàng,D01,2025,0.0,,THPT
CTH,Trường Cao Đẳng Kinh Tế – Kỹ Thuật Thương Mại,C340301,Ngành Kế toán,A00,2025,0.0,,THPT
CTH,Trường Cao Đẳng Kinh Tế – Kỹ Thuật Thương Mại,C340301,Ngành Kế toán,A01,2025,0.0,,THPT
CTH,Trường Cao Đẳng Kinh Tế – Kỹ Thuật Thương Mại,C340301,Ngành Kế toán,D01,2025,0.0,,THPT
CTH,Trường Cao Đẳng Kinh Tế – Kỹ Thuật Thương Mại,C340405,Ngành Hệ thống thông tin quản lí,A00,2025,0.0,,THPT
CTH,Trường Cao Đẳng Kinh Tế – Kỹ Thuật Thương Mại,C340405,Ngành Hệ thống thông tin quản lí,A01,2025,0.0,,THPT
CTH,Trường Cao Đẳng Kinh Tế – Kỹ Thuật Thương Mại,C340405,Ngành Hệ thống thông tin quản lí,D01,2025,0.0,,THPT
CTH,Trường Cao Đẳng Kinh Tế – Kỹ Thuật Thương Mại,C510401,Ngành Công nghệ kỹ thuật hoá học,A00,2025,0.0,,THPT
CTH,Trường Cao Đẳng Kinh Tế – Kỹ Thuật Thương Mại,C510401,Ngành Công nghệ kỹ thuật hoá học,A01,2025,0.0,,THPT
CTH,Trường Cao Đẳng Kinh Tế – Kỹ Thuật Thương Mại,C510401,Ngành Công nghệ kỹ thuật hoá học,B00,2025,0.0,,THPT
CTH,Trường Cao Đẳng Kinh Tế – Kỹ Thuật Thương Mại,C510401,Ngành Công nghệ kỹ thuật hoá học,D01,2025,0.0,,THPT
CXD,Trường Cao Đẳng Công Nghệ và Kinh Tế Công Nghiệp,C340101,Quản trị kinh doanh,A00,2025,0.0,,THPT
CXD,Trường Cao Đẳng Công Nghệ và Kinh Tế Công Nghiệp,C340101,Quản trị kinh doanh,A01,2025,0.0,,THPT
CXD,Trường Cao Đẳng Công Nghệ và Kinh Tế Công Nghiệp,C340101,Quản trị kinh doanh,B00,2025,0.0,,THPT
CXD,Trường Cao Đẳng Công Nghệ và Kinh Tế Công Nghiệp,C340201,Tài chính ngân hàng,A00,2025,0.0,,THPT
CXD,Trường Cao Đẳng Công Nghệ và Kinh Tế Công Nghiệp,C340201,Tài chính ngân hàng,A01,2025,0.0,,THPT
CXD,Trường Cao Đẳng Công Nghệ và Kinh Tế Công Nghiệp,C340201,Tài chính ngân hàng,B00,2025,0.0,,THPT
CXD,Trường Cao Đẳng Công Nghệ và Kinh Tế Công Nghiệp,C340301,Kế toán,A00,2025,0.0,,THPT
CXD,Trường Cao Đẳng Công Nghệ và Kinh Tế Công Nghiệp,C340301,Kế toán,A01,2025,0.0,,THPT
CXD,Trường Cao Đẳng Công Nghệ và Kinh Tế Công Nghiệp,C340301,Kế toán,B00,2025,0.0,,THPT
CXD,Trường Cao Đẳng Công Nghệ và Kinh Tế Công Nghiệp,C480202,Tin học ứng dụng,A00,2025,0.0,,THPT
CXD,Trường Cao Đẳng Công Nghệ và Kinh Tế Công Nghiệp,C480202,Tin học ứng dụng,A01,2025,0.0,,THPT
CXD,Trường Cao Đẳng Công Nghệ và Kinh Tế Công Nghiệp,C480202,Tin học ứng dụng,B00,2025,0.0,,THPT
CXD,Trường Cao Đẳng Công Nghệ và Kinh Tế Công Nghiệp,C510103,Công nghệ Kỹ thuật Xây dựng,A00,2025,0.0,,THPT
CXD,Trường Cao Đẳng Công Nghệ và Kinh Tế Công Nghiệp,C510103,Công nghệ Kỹ thuật Xây dựng,A01,2025,0.0,,THPT
CXD,Trường Cao Đẳng Công Nghệ và Kinh Tế Công Nghiệp,C510103,Công nghệ Kỹ thuật Xây dựng,B00,2025,0.0,,THPT
CXD,Trường Cao Đẳng Công Nghệ và Kinh Tế Công Nghiệp,C510201,Công nghệ Kỹ thuật Cơ khí,A00,2025,0.0,,THPT
CXD,Trường Cao Đẳng Công Nghệ và Kinh Tế Công Nghiệp,C510201,Công nghệ Kỹ thuật Cơ khí,A01,2025,0.0,,THPT
CXD,Trường Cao Đẳng Công Nghệ và Kinh Tế Công Nghiệp,C510201,Công nghệ Kỹ thuật Cơ khí,B00,2025,0.0,,THPT
CXD,Trường Cao Đẳng Công Nghệ và Kinh Tế Công Nghiệp,C510301,Hệ thống điện,A00,2025,0.0,,THPT
CXD,Trường Cao Đẳng Công Nghệ và Kinh Tế Công Nghiệp,C510301,Công nghệ Kỹ thuật điện,A00,2025,0.0,,THPT
CXD,Trường Cao Đẳng Công Nghệ và Kinh Tế Công Nghiệp,C510301,Xây lắp đường dây và trạm,A00,2025,0.0,,THPT
CXD,Trường Cao Đẳng Công Nghệ và Kinh Tế Công Nghiệp,C510301,Hệ thống điện,A01,2025,0.0,,THPT
CXD,Trường Cao Đẳng Công Nghệ và Kinh Tế Công Nghiệp,C510301,Công nghệ Kỹ thuật điện,A01,2025,0.0,,THPT
CXD,Trường Cao Đẳng Công Nghệ và Kinh Tế Công Nghiệp,C510301,Xây lắp đường dây và trạm,A01,2025,0.0,,THPT
CXD,Trường Cao Đẳng Công Nghệ và Kinh Tế Công Nghiệp,C510301,Hệ thống điện,B00,2025,0.0,,THPT
CXD,Trường Cao Đẳng Công Nghệ và Kinh Tế Công Nghiệp,C510301,Công nghệ Kỹ thuật điện,B00,2025,0.0,,THPT
CXD,Trường Cao Đẳng Công Nghệ và Kinh Tế Công Nghiệp,C510301,Xây lắp đường dây và trạm,B00,2025,0.0,,THPT
CXD,Trường Cao Đẳng Công Nghệ và Kinh Tế Công Nghiệp,C580399,Kinh tế xây dựng,A00,2025,0.0,,THPT
CXD,Trường Cao Đẳng Công Nghệ và Kinh Tế Công Nghiệp,C580399,Kinh tế xây dựng,A01,2025,0.0,,THPT
CXD,Trường Cao Đẳng Công Nghệ và Kinh Tế Công Nghiệp,C580399,Kinh tế xây dựng,B00,2025,0.0,,THPT
CXH,Trường Cao Đẳng Xây Dựng Số 1,C340101,Ngành Quản trị kinh doanh,A00,2025,0.0,,THPT
CXH,Trường Cao Đẳng Xây Dựng Số 1,C340101,Ngành Quản trị kinh doanh,A01,2025,0.0,,THPT
CXH,Trường Cao Đẳng Xây Dựng Số 1,C340101,Ngành Quản trị kinh doanh,D01,2025,0.0,,THPT
CXH,Trường Cao Đẳng Xây Dựng Số 1,C340201,Ngành Tài chính - Ngân hàng,A00,2025,0.0,,THPT
CXH,Trường Cao Đẳng Xây Dựng Số 1,C340201,Ngành Tài chính - Ngân hàng,A01,2025,0.0,,THPT
CXH,Trường Cao Đẳng Xây Dựng Số 1,C340201,Ngành Tài chính - Ngân hàng,D01,2025,0.0,,THPT
CXH,Trường Cao Đẳng Xây Dựng Số 1,C340301,Ngành Kế toán,A00,2025,0.0,,THPT
CXH,Trường Cao Đẳng Xây Dựng Số 1,C340301,Ngành Kế toán,A01,2025,0.0,,THPT
CXH,Trường Cao Đẳng Xây Dựng Số 1,C340301,Ngành Kế toán,D01,2025,0.0,,THPT
CXH,Trường Cao Đẳng Xây Dựng Số 1,C510101,Ngành Công nghệ kỹ thuật kiến trúc,A00,2025,0.0,,THPT
CXH,Trường Cao Đẳng Xây Dựng Số 1,C510101,Ngành Công nghệ kỹ thuật kiến trúc,A01,2025,0.0,,THPT
CXH,Trường Cao Đẳng Xây Dựng Số 1,C510101,Ngành Công nghệ kỹ thuật kiến trúc,D01,2025,0.0,,THPT
CXH,Trường Cao Đẳng Xây Dựng Số 1,C510102,Ngành Công nghệ kỹ thuật công trình xây dựng:,A00,2025,0.0,,THPT
CXH,Trường Cao Đẳng Xây Dựng Số 1,C510102,Ngành Công nghệ kỹ thuật công trình xây dựng:,A01,2025,0.0,,THPT
CXH,Trường Cao Đẳng Xây Dựng Số 1,C510102,Ngành Công nghệ kỹ thuật công trình xây dựng:,D01,2025,0.0,,THPT
CXH,Trường Cao Đẳng Xây Dựng Số 1,C510103,Ngành Công nghệ kỹ thuật xây dựng,A00,2025,0.0,,THPT
CXH,Trường Cao Đẳng Xây Dựng Số 1,C510103,Ngành Công nghệ kỹ thuật xây dựng,A01,2025,0.0,,THPT
CXH,Trường Cao Đẳng Xây Dựng Số 1,C510103,Ngành Công nghệ kỹ thuật xây dựng,D01,2025,0.0,,THPT
CXH,Trường Cao Đẳng Xây Dựng Số 1,C510105,Ngành Công nghệ kỹ thuật vật liệu xây dựng,A00,2025,0.0,,THPT
CXH,Trường Cao Đẳng Xây Dựng Số 1,C510105,Ngành Công nghệ kỹ thuật vật liệu xây dựng,A01,2025,0.0,,THPT
CXH,Trường Cao Đẳng Xây Dựng Số 1,C510105,Ngành Công nghệ kỹ thuật vật liệu xây dựng,D01,2025,0.0,,THPT
CXH,Trường Cao Đẳng Xây Dựng Số 1,C580302,Ngành Quản lý xây dựng,A00,2025,0.0,,THPT
CXH,Trường Cao Đẳng Xây Dựng Số 1,C580302,Ngành Quản lý xây dựng,A01,2025,0.0,,THPT
CXH,Trường Cao Đẳng Xây Dựng Số 1,C580302,Ngành Quản lý xây dựng,D01,2025,0.0,,THPT
CYB,Trường Cao Đẳng Y Tế Bạc Liêu,C720501,Điều dưỡng,A00,2025,0.0,,THPT
CYB,Trường Cao Đẳng Y Tế Bạc Liêu,C720501,Điều dưỡng,B00,2025,0.0,,THPT
CYB,Trường Cao Đẳng Y Tế Bạc Liêu,C720502,Hộ sinh,A00,2025,0.0,,THPT
CYB,Trường Cao Đẳng Y Tế Bạc Liêu,C720502,Hộ sinh,B00,2025,0.0,,THPT
CYB,Trường Cao Đẳng Y Tế Bạc Liêu,C900107,Dược,A00,2025,0.0,,THPT
CYB,Trường Cao Đẳng Y Tế Bạc Liêu,C900107,Dược,B00,2025,0.0,,THPT
CYD,Trường Cao Đẳng Y Tế Đồng Nai,C720332,Xét nghiệm y học,B00,2025,0.0,,THPT
CYD,Trường Cao Đẳng Y Tế Đồng Nai,C720501,Điều dưỡng,B00,2025,0.0,,THPT
CYD,Trường Cao Đẳng Y Tế Đồng Nai,C720502,Hộ sinh,B00,2025,0.0,,THPT
CYD,Trường Cao Đẳng Y Tế Đồng Nai,C720503,Phục hồi chức năng,B00,2025,0.0,,THPT
CYD,Trường Cao Đẳng Y Tế Đồng Nai,C900107,Dược,B00,2025,0.0,,THPT
CYE,Trường Cao Đẳng Y Tế Thái Bình,C720332,Xét nghiệm,A00,2025,12.0,,THPT
CYE,Trường Cao Đẳng Y Tế Thái Bình,C720332,Xét nghiệm,B00,2025,12.0,,THPT
CYE,Trường Cao Đẳng Y Tế Thái Bình,C720332,Xét nghiệm,D07,2025,12.0,,THPT
CYE,Trường Cao Đẳng Y Tế Thái Bình,C720332,Xét nghiệm,D08,2025,12.0,,THPT
CYE,Trường Cao Đẳng Y Tế Thái Bình,C720501,Điều dưỡng,A00,2025,12.0,,THPT
CYE,Trường Cao Đẳng Y Tế Thái Bình,C720501,Điều dưỡng,B00,2025,12.0,,THPT
CYE,Trường Cao Đẳng Y Tế Thái Bình,C720501,Điều dưỡng,D07,2025,12.0,,THPT
CYE,Trường Cao Đẳng Y Tế Thái Bình,C720501,Điều dưỡng,D08,2025,12.0,,THPT
CYE,Trường Cao Đẳng Y Tế Thái Bình,C900107,Dược,A00,2025,13.25,,THPT
CYE,Trường Cao Đẳng Y Tế Thái Bình,C900107,Dược,B00,2025,13.25,,THPT
CYE,Trường Cao Đẳng Y Tế Thái Bình,C900107,Dược,D07,2025,13.25,,THPT
CYE,Trường Cao Đẳng Y Tế Thái Bình,C900107,Dược,D08,2025,13.25,,THPT
CYF,Trường Cao Đẳng Y Tế Hải Phòng,C720501,Điều dưỡng,B00,2025,0.0,,THPT
CYF,Trường Cao Đẳng Y Tế Hải Phòng,C900107,Dược,A00,2025,0.0,,THPT
CYF,Trường Cao Đẳng Y Tế Hải Phòng,C900107,Dược,B00,2025,0.0,,THPT
CYH,Trường Cao Đẳng Y Tế Hà Nam,C720501,Điều dưỡng,A00,2025,13.0,,THPT
CYH,Trường Cao Đẳng Y Tế Hà Nam,C720501,Điều dưỡng,A01,2025,13.0,,THPT
CYH,Trường Cao Đẳng Y Tế Hà Nam,C720501,Điều dưỡng,B00,2025,13.0,,THPT
CYM,Trường Cao Đẳng Y Tế Hà Đông,C720332,Xét nghiệm y học,B00,2025,0.0,,THPT
CYM,Trường Cao Đẳng Y Tế Hà Đông,C720501,Điều dưỡng,B00,2025,0.0,,THPT
CYM,Trường Cao Đẳng Y Tế Hà Đông,C720502,Hộ sinh,B00,2025,0.0,,THPT
CYM,Trường Cao Đẳng Y Tế Hà Đông,C900107,Dược,A00,2025,0.0,,THPT
CYP,Trường Cao Đẳng Y Tế Phú Thọ,C720330,Kĩ thuật hình ảnh y học,A00,2025,0.0,,THPT
CYP,Trường Cao Đẳng Y Tế Phú Thọ,C720330,Kĩ thuật hình ảnh y học,B00,2025,0.0,,THPT
CYP,Trường Cao Đẳng Y Tế Phú Thọ,C720332,Xét nghiệm y học,A00,2025,0.0,,THPT
CYP,Trường Cao Đẳng Y Tế Phú Thọ,C720332,Xét nghiệm y học,B00,2025,0.0,,THPT
CYP,Trường Cao Đẳng Y Tế Phú Thọ,C720501,Điều dưỡng,A00,2025,0.0,,THPT
CYP,Trường Cao Đẳng Y Tế Phú Thọ,C720501,Điều dưỡng,B00,2025,0.0,,THPT
CYP,Trường Cao Đẳng Y Tế Phú Thọ,C720503,Phục hồi chức năng,A00,2025,0.0,,THPT
CYP,Trường Cao Đẳng Y Tế Phú Thọ,C720503,Phục hồi chức năng,B00,2025,0.0,,THPT
CYP,Trường Cao Đẳng Y Tế Phú Thọ,C900107,Dược,A00,2025,0.0,,THPT
CYP,Trường Cao Đẳng Y Tế Phú Thọ,C900107,Dược,B00,2025,0.0,,THPT
CYR,Trường Cao Đẳng Y Tế Bình Định,C51720332,Xét nghiệm Y học,A00,2025,0.0,,THPT
CYR,Trường Cao Đẳng Y Tế Bình Định,C51720332,Xét nghiệm Y học,B00,2025,0.0,,THPT
CYR,Trường Cao Đẳng Y Tế Bình Định,C51720501,Điều dưỡng,A00,2025,0.0,,THPT
CYR,Trường Cao Đẳng Y Tế Bình Định,C51720501,Điều dưỡng,B00,2025,0.0,,THPT
CYR,Trường Cao Đẳng Y Tế Bình Định,C51900107,Dược,A00,2025,0.0,,THPT
CYR,Trường Cao Đẳng Y Tế Bình Định,C51900107,Dược,B00,2025,0.0,,THPT
CYS,Trường Cao Đẳng Dược Trung Ương,C900107,Dược,A00,2025,0.0,,THPT
CYS,Trường Cao Đẳng Dược Trung Ương,C900107,Dược,B00,2025,0.0,,THPT
CYT,Trường Cao Đẳng Y Tế Thanh Hóa,C720330,Kĩ thuật hình ảnh y học,A00,2025,0.0,,THPT
CYT,Trường Cao Đẳng Y Tế Thanh Hóa,C720330,Kĩ thuật hình ảnh y học,B00,2025,0.0,,THPT
CYT,Trường Cao Đẳng Y Tế Thanh Hóa,C720332,Xét nghiệm y học,A00,2025,0.0,,THPT
CYT,Trường Cao Đẳng Y Tế Thanh Hóa,C720332,Xét nghiệm y học,B00,2025,0.0,,THPT
CYT,Trường Cao Đẳng Y Tế Thanh Hóa,C720501,Điều dưỡng,A00,2025,0.0,,THPT
CYT,Trường Cao Đẳng Y Tế Thanh Hóa,C720501,Điều dưỡng,B00,2025,0.0,,THPT
CYT,Trường Cao Đẳng Y Tế Thanh Hóa,C900107,Dược,A00,2025,0.0,,THPT
CYT,Trường Cao Đẳng Y Tế Thanh Hóa,C900107,Dược,B00,2025,0.0,,THPT
CYU,Trường Cao Đẳng Y Tế Quảng Nam,C720330,Kĩ thuật hình ảnh y học,A00,2025,0.0,,THPT
CYU,Trường Cao Đẳng Y Tế Quảng Nam,C720332,Xét nghiệm y học,A00,2025,0.0,,THPT
CYU,Trường Cao Đẳng Y Tế Quảng Nam,C720501,Điều dưỡng,A00,2025,0.0,,THPT
CYU,Trường Cao Đẳng Y Tế Quảng Nam,C720501,Điều dưỡng,B00,2025,0.0,,THPT
CYU,Trường Cao Đẳng Y Tế Quảng Nam,C720502,Hộ sinh,A00,2025,0.0,,THPT
CYU,Trường Cao Đẳng Y Tế Quảng Nam,C900107,Dược,A00,2025,0.0,,THPT
CYX,Trường Cao Đẳng Bình Thuận,C720501,Điều dưỡng,B00,2025,0.0,,THPT
CYY,Trường Cao Đẳng Y Tế Huế,C720332,Xét nghiệm y học,B00,2025,0.0,,THPT
CYY,Trường Cao Đẳng Y Tế Huế,C720501,Điều dưỡng,B00,2025,0.0,,THPT
CYY,Trường Cao Đẳng Y Tế Huế,C720502,Hộ sinh,B00,2025,0.0,,THPT
CYY,Trường Cao Đẳng Y Tế Huế,C900107,Dược,A00,2025,0.0,,THPT
CYZ,Trường Cao Đẳng Y Tế Hà Nội,C720330,Kĩ thuật hình ảnh y học,B00,2025,0.0,,THPT
CYZ,Trường Cao Đẳng Y Tế Hà Nội,C720332,Xét nghiệm y học,B00,2025,0.0,,THPT
CYZ,Trường Cao Đẳng Y Tế Hà Nội,C720501,Điều dưỡng,B00,2025,0.0,,THPT
CYZ,Trường Cao Đẳng Y Tế Hà Nội,C720502,Hộ sinh,B00,2025,0.0,,THPT
CYZ,Trường Cao Đẳng Y Tế Hà Nội,C900107,Dược,B00,2025,0.0,,THPT
D20,Trường Cao Đẳng Cộng Đồng Hà Tây,C220201,Tiếng Anh,D01,2025,0.0,,THPT
D20,Trường Cao Đẳng Cộng Đồng Hà Tây,C340101,Quản trị kinh doanh,A00,2025,0.0,,THPT
D20,Trường Cao Đẳng Cộng Đồng Hà Tây,C340101,Quản trị kinh doanh,A01,2025,0.0,,THPT
D20,Trường Cao Đẳng Cộng Đồng Hà Tây,C340101,Quản trị kinh doanh,D01,2025,0.0,,THPT
D20,Trường Cao Đẳng Cộng Đồng Hà Tây,C340201,Tài chính - Ngân hàng,A00,2025,0.0,,THPT
D20,Trường Cao Đẳng Cộng Đồng Hà Tây,C340201,Tài chính - Ngân hàng,A01,2025,0.0,,THPT
D20,Trường Cao Đẳng Cộng Đồng Hà Tây,C340201,Tài chính - Ngân hàng,D01,2025,0.0,,THPT
D20,Trường Cao Đẳng Cộng Đồng Hà Tây,C340301,Kế toán,A00,2025,0.0,,THPT
D20,Trường Cao Đẳng Cộng Đồng Hà Tây,C340301,Kế toán,A01,2025,0.0,,THPT
D20,Trường Cao Đẳng Cộng Đồng Hà Tây,C340301,Kế toán,D01,2025,0.0,,THPT
D20,Trường Cao Đẳng Cộng Đồng Hà Tây,C420201,Công nghệ sinh học,A00,2025,0.0,,THPT
D20,Trường Cao Đẳng Cộng Đồng Hà Tây,C420201,Công nghệ sinh học,B00,2025,0.0,,THPT
D20,Trường Cao Đẳng Cộng Đồng Hà Tây,C480201,Công nghệ thông tin,A00,2025,0.0,,THPT
D20,Trường Cao Đẳng Cộng Đồng Hà Tây,C480201,Công nghệ thông tin,A01,2025,0.0,,THPT
D20,Trường Cao Đẳng Cộng Đồng Hà Tây,C480201,Công nghệ thông tin,D01,2025,0.0,,THPT
D20,Trường Cao Đẳng Cộng Đồng Hà Tây,C480202,Tin học ứng dụng,A00,2025,0.0,,THPT
D20,Trường Cao Đẳng Cộng Đồng Hà Tây,C480202,Tin học ứng dụng,A01,2025,0.0,,THPT
D20,Trường Cao Đẳng Cộng Đồng Hà Tây,C480202,Tin học ứng dụng,D01,2025,0.0,,THPT
D20,Trường Cao Đẳng Cộng Đồng Hà Tây,C510206,Công nghệ kỹ thuật nhiệt,A00,2025,0.0,,THPT
D20,Trường Cao Đẳng Cộng Đồng Hà Tây,C510206,Công nghệ kỹ thuật nhiệt,A01,2025,0.0,,THPT
D20,Trường Cao Đẳng Cộng Đồng Hà Tây,C510301,"Công nghệ kỹ thuật điện, điện tử",A00,2025,0.0,,THPT
D20,Trường Cao Đẳng Cộng Đồng Hà Tây,C510301,"Công nghệ kỹ thuật điện, điện tử",A01,2025,0.0,,THPT
D20,Trường Cao Đẳng Cộng Đồng Hà Tây,C510302,"Công nghệ kỹ thuật điện tử, truyền thông",A00,2025,0.0,,THPT
D20,Trường Cao Đẳng Cộng Đồng Hà Tây,C510302,"Công nghệ kỹ thuật điện tử, truyền thông",A01,2025,0.0,,THPT
D20,Trường Cao Đẳng Cộng Đồng Hà Tây,C510406,Công nghệ kỹ thuật môi trường,A00,2025,0.0,,THPT
D20,Trường Cao Đẳng Cộng Đồng Hà Tây,C510406,Công nghệ kỹ thuật môi trường,A01,2025,0.0,,THPT
D20,Trường Cao Đẳng Cộng Đồng Hà Tây,C510406,Công nghệ kỹ thuật môi trường,B00,2025,0.0,,THPT
D20,Trường Cao Đẳng Cộng Đồng Hà Tây,C540102,Công nghệ thực phẩm,A00,2025,0.0,,THPT
D20,Trường Cao Đẳng Cộng Đồng Hà Tây,C540102,Công nghệ thực phẩm,B00,2025,0.0,,THPT
D20,Trường Cao Đẳng Cộng Đồng Hà Tây,C540104,Công nghệ sau thu hoạch,A00,2025,0.0,,THPT
D20,Trường Cao Đẳng Cộng Đồng Hà Tây,C540104,Công nghệ sau thu hoạch,B00,2025,0.0,,THPT
D20,Trường Cao Đẳng Cộng Đồng Hà Tây,C620105,Chăn nuôi,A00,2025,0.0,,THPT
D20,Trường Cao Đẳng Cộng Đồng Hà Tây,C620105,Chăn nuôi,B00,2025,0.0,,THPT
D20,Trường Cao Đẳng Cộng Đồng Hà Tây,C620110,Khoa học cây trồng,A00,2025,0.0,,THPT
D20,Trường Cao Đẳng Cộng Đồng Hà Tây,C620110,Khoa học cây trồng,B00,2025,0.0,,THPT
D20,Trường Cao Đẳng Cộng Đồng Hà Tây,C620112,Bảo vệ thực vật,A00,2025,0.0,,THPT
D20,Trường Cao Đẳng Cộng Đồng Hà Tây,C620112,Bảo vệ thực vật,B00,2025,0.0,,THPT
D20,Trường Cao Đẳng Cộng Đồng Hà Tây,C620114,Kinh doanh nông nghiệp,A00,2025,0.0,,THPT
D20,Trường Cao Đẳng Cộng Đồng Hà Tây,C620114,Kinh doanh nông nghiệp,A01,2025,0.0,,THPT
D20,Trường Cao Đẳng Cộng Đồng Hà Tây,C620114,Kinh doanh nông nghiệp,D01,2025,0.0,,THPT
D20,Trường Cao Đẳng Cộng Đồng Hà Tây,C620201,Lâm nghiệp,A00,2025,0.0,,THPT
D20,Trường Cao Đẳng Cộng Đồng Hà Tây,C620201,Lâm nghiệp,B00,2025,0.0,,THPT
D20,Trường Cao Đẳng Cộng Đồng Hà Tây,C640201,Dịch vụ thú y,A00,2025,0.0,,THPT
D20,Trường Cao Đẳng Cộng Đồng Hà Tây,C640201,Dịch vụ thú y,B00,2025,0.0,,THPT
D20,Trường Cao Đẳng Cộng Đồng Hà Tây,C850113,Quản lý đất đai,A00,2025,0.0,,THPT
D20,Trường Cao Đẳng Cộng Đồng Hà Tây,C850113,Quản lý đất đai,A01,2025,0.0,,THPT
D20,Trường Cao Đẳng Cộng Đồng Hà Tây,C850113,Quản lý đất đai,B00,2025,0.0,,THPT
D50,Trường Cao Đẳng Cộng Đồng Đồng Tháp,C340101,Quản trị kinh doanh,A00,2025,0.0,,THPT
D50,Trường Cao Đẳng Cộng Đồng Đồng Tháp,C340101,Quản trị kinh doanh,A01,2025,0.0,,THPT
D50,Trường Cao Đẳng Cộng Đồng Đồng Tháp,C340101,Quản trị kinh doanh,B00,2025,0.0,,THPT
D50,Trường Cao Đẳng Cộng Đồng Đồng Tháp,C340101,Quản trị kinh doanh,D01,2025,0.0,,THPT
D50,Trường Cao Đẳng Cộng Đồng Đồng Tháp,C340301,Kế toán,A00,2025,0.0,,THPT
D50,Trường Cao Đẳng Cộng Đồng Đồng Tháp,C340301,Kế toán,A01,2025,0.0,,THPT
D50,Trường Cao Đẳng Cộng Đồng Đồng Tháp,C340301,Kế toán,B00,2025,0.0,,THPT
D50,Trường Cao Đẳng Cộng Đồng Đồng Tháp,C340301,Kế toán,D01,2025,0.0,,THPT
D50,Trường Cao Đẳng Cộng Đồng Đồng Tháp,C480201,Công nghệ thông tin,A00,2025,0.0,,THPT
D50,Trường Cao Đẳng Cộng Đồng Đồng Tháp,C480201,Công nghệ thông tin,A01,2025,0.0,,THPT
D50,Trường Cao Đẳng Cộng Đồng Đồng Tháp,C480201,Công nghệ thông tin,B00,2025,0.0,,THPT
D50,Trường Cao Đẳng Cộng Đồng Đồng Tháp,C480201,Công nghệ thông tin,D01,2025,0.0,,THPT
D50,Trường Cao Đẳng Cộng Đồng Đồng Tháp,C540102,Công nghệ thực phẩm,A00,2025,0.0,,THPT
D50,Trường Cao Đẳng Cộng Đồng Đồng Tháp,C540102,Công nghệ thực phẩm,A01,2025,0.0,,THPT
D50,Trường Cao Đẳng Cộng Đồng Đồng Tháp,C540102,Công nghệ thực phẩm,B00,2025,0.0,,THPT
D50,Trường Cao Đẳng Cộng Đồng Đồng Tháp,C540102,Công nghệ thực phẩm,D01,2025,0.0,,THPT
D50,Trường Cao Đẳng Cộng Đồng Đồng Tháp,C620105,Chăn nuôi,A00,2025,0.0,,THPT
D50,Trường Cao Đẳng Cộng Đồng Đồng Tháp,C620105,Chăn nuôi,A01,2025,0.0,,THPT
D50,Trường Cao Đẳng Cộng Đồng Đồng Tháp,C620105,Chăn nuôi,B00,2025,0.0,,THPT
D50,Trường Cao Đẳng Cộng Đồng Đồng Tháp,C620105,Chăn nuôi,D01,2025,0.0,,THPT
D50,Trường Cao Đẳng Cộng Đồng Đồng Tháp,C620112,Bảo vệ thực vật,A00,2025,0.0,,THPT
D50,Trường Cao Đẳng Cộng Đồng Đồng Tháp,C620112,Bảo vệ thực vật,A01,2025,0.0,,THPT
D50,Trường Cao Đẳng Cộng Đồng Đồng Tháp,C620112,Bảo vệ thực vật,B00,2025,0.0,,THPT
D50,Trường Cao Đẳng Cộng Đồng Đồng Tháp,C620112,Bảo vệ thực vật,D01,2025,0.0,,THPT
D50,Trường Cao Đẳng Cộng Đồng Đồng Tháp,C620301,Nuôi trồng thủy sản,A00,2025,0.0,,THPT
D50,Trường Cao Đẳng Cộng Đồng Đồng Tháp,C620301,Nuôi trồng thủy sản,A01,2025,0.0,,THPT
D50,Trường Cao Đẳng Cộng Đồng Đồng Tháp,C620301,Nuôi trồng thủy sản,B00,2025,0.0,,THPT
D50,Trường Cao Đẳng Cộng Đồng Đồng Tháp,C620301,Nuôi trồng thủy sản,D01,2025,0.0,,THPT
D50,Trường Cao Đẳng Cộng Đồng Đồng Tháp,C640201,Dịch vụ thú y,A00,2025,0.0,,THPT
D50,Trường Cao Đẳng Cộng Đồng Đồng Tháp,C640201,Dịch vụ thú y,A01,2025,0.0,,THPT
D50,Trường Cao Đẳng Cộng Đồng Đồng Tháp,C640201,Dịch vụ thú y,B00,2025,0.0,,THPT
D50,Trường Cao Đẳng Cộng Đồng Đồng Tháp,C640201,Dịch vụ thú y,D01,2025,0.0,,THPT
D57,Trường Cao Đẳng Vĩnh Long,C220201,Tiếng Anh,A01,2025,0.0,,THPT
D57,Trường Cao Đẳng Vĩnh Long,C220201,Tiếng Anh,D01,2025,0.0,,THPT
D57,Trường Cao Đẳng Vĩnh Long,C340101,Quản trị kinh doanh,A00,2025,0.0,,THPT
D57,Trường Cao Đẳng Vĩnh Long,C340101,Quản trị kinh doanh,A01,2025,0.0,,THPT
D57,Trường Cao Đẳng Vĩnh Long,C340101,Quản trị kinh doanh,C00,2025,0.0,,THPT
D57,Trường Cao Đẳng Vĩnh Long,C340101,Quản trị kinh doanh,D01,2025,0.0,,THPT
D57,Trường Cao Đẳng Vĩnh Long,C340201,Tài chính - Ngân hàng,A00,2025,0.0,,THPT
D57,Trường Cao Đẳng Vĩnh Long,C340201,Tài chính - Ngân hàng,A01,2025,0.0,,THPT
D57,Trường Cao Đẳng Vĩnh Long,C340201,Tài chính - Ngân hàng,D01,2025,0.0,,THPT
D57,Trường Cao Đẳng Vĩnh Long,C340301,Kế toán,A00,2025,0.0,,THPT
D57,Trường Cao Đẳng Vĩnh Long,C340301,Kế toán,A01,2025,0.0,,THPT
D57,Trường Cao Đẳng Vĩnh Long,C340301,Kế toán,D01,2025,0.0,,THPT
D57,Trường Cao Đẳng Vĩnh Long,C340406,Quản trị văn phòng,A00,2025,0.0,,THPT
D57,Trường Cao Đẳng Vĩnh Long,C340406,Quản trị văn phòng,A01,2025,0.0,,THPT
D57,Trường Cao Đẳng Vĩnh Long,C340406,Quản trị văn phòng,C00,2025,0.0,,THPT
D57,Trường Cao Đẳng Vĩnh Long,C340406,Quản trị văn phòng,D01,2025,0.0,,THPT
D57,Trường Cao Đẳng Vĩnh Long,C480201,Công nghệ thông tin,A00,2025,0.0,,THPT
D57,Trường Cao Đẳng Vĩnh Long,C480201,Công nghệ thông tin,A01,2025,0.0,,THPT
D57,Trường Cao Đẳng Vĩnh Long,C480201,Công nghệ thông tin,D01,2025,0.0,,THPT
D57,Trường Cao Đẳng Vĩnh Long,C510301,Công nghệ kỹ thuật điện - điện tử,A00,2025,0.0,,THPT
D57,Trường Cao Đẳng Vĩnh Long,C510301,Công nghệ kỹ thuật điện - điện tử,A01,2025,0.0,,THPT
D57,Trường Cao Đẳng Vĩnh Long,C510301,Công nghệ kỹ thuật điện - điện tử,D01,2025,0.0,,THPT
D57,Trường Cao Đẳng Vĩnh Long,C510405,Công nghệ kỹ thuật tài nguyên nước,A00,2025,0.0,,THPT
D57,Trường Cao Đẳng Vĩnh Long,C510405,Công nghệ kỹ thuật tài nguyên nước,B00,2025,0.0,,THPT
D57,Trường Cao Đẳng Vĩnh Long,C510405,Công nghệ kỹ thuật tài nguyên nước,D01,2025,0.0,,THPT
D57,Trường Cao Đẳng Vĩnh Long,C540102,Công nghệ thực phẩm,A00,2025,0.0,,THPT
D57,Trường Cao Đẳng Vĩnh Long,C540102,Công nghệ thực phẩm,B00,2025,0.0,,THPT
D57,Trường Cao Đẳng Vĩnh Long,C540102,Công nghệ thực phẩm,D01,2025,0.0,,THPT
D57,Trường Cao Đẳng Vĩnh Long,C540102,Công nghệ thực phẩm,D07,2025,0.0,,THPT
D57,Trường Cao Đẳng Vĩnh Long,C620301,Nuôi trồng thủy sản,A00,2025,0.0,,THPT
D57,Trường Cao Đẳng Vĩnh Long,C620301,Nuôi trồng thủy sản,B00,2025,0.0,,THPT
D57,Trường Cao Đẳng Vĩnh Long,C620301,Nuôi trồng thủy sản,D01,2025,0.0,,THPT
D57,Trường Cao Đẳng Vĩnh Long,C640201,Dịch vụ thú y,A00,2025,0.0,,THPT
D57,Trường Cao Đẳng Vĩnh Long,C640201,Dịch vụ thú y,D01,2025,0.0,,THPT
D57,Trường Cao Đẳng Vĩnh Long,C850103,Quản lý đất đai,A00,2025,0.0,,THPT
D57,Trường Cao Đẳng Vĩnh Long,C850103,Quản lý đất đai,B00,2025,0.0,,THPT
D57,Trường Cao Đẳng Vĩnh Long,C850103,Quản lý đất đai,D01,2025,0.0,,THPT
D61,Trường Cao Đẳng Cộng Đồng Cà Mau,C220201,Tiếng Anh,D01,2025,9.0,,THPT
D61,Trường Cao Đẳng Cộng Đồng Cà Mau,C340101,Quản trị kinh doanh,A00,2025,9.0,,THPT
D61,Trường Cao Đẳng Cộng Đồng Cà Mau,C340101,Quản trị kinh doanh,A01,2025,9.0,,THPT
D61,Trường Cao Đẳng Cộng Đồng Cà Mau,C340101,Quản trị kinh doanh,D01,2025,9.0,,THPT
D61,Trường Cao Đẳng Cộng Đồng Cà Mau,C340301,Kế toán,A00,2025,9.0,,THPT
D61,Trường Cao Đẳng Cộng Đồng Cà Mau,C340301,Kế toán,A01,2025,9.0,,THPT
D61,Trường Cao Đẳng Cộng Đồng Cà Mau,C480201,Công nghệ thông tin,A00,2025,9.0,,THPT
D61,Trường Cao Đẳng Cộng Đồng Cà Mau,C480201,Công nghệ thông tin,A01,2025,9.0,,THPT
D61,Trường Cao Đẳng Cộng Đồng Cà Mau,C620301,Nuôi trồng thuỷ sản,A00,2025,10.0,,THPT
D61,Trường Cao Đẳng Cộng Đồng Cà Mau,C620301,Nuôi trồng thuỷ sản,B00,2025,10.0,,THPT
D64,Trường Cao Đẳng Cộng Đồng Hậu Giang,C140201,Giáo dục Mầm non,C00,2025,0.0,,THPT
D64,Trường Cao Đẳng Cộng Đồng Hậu Giang,C140201,Giáo dục Mầm non,D01,2025,0.0,,THPT
D64,Trường Cao Đẳng Cộng Đồng Hậu Giang,C140202,Giáo dục Tiểu học,A00,2025,0.0,,THPT
D64,Trường Cao Đẳng Cộng Đồng Hậu Giang,C140202,Giáo dục Tiểu học,A01,2025,0.0,,THPT
D64,Trường Cao Đẳng Cộng Đồng Hậu Giang,C140202,Giáo dục Tiểu học,C00,2025,0.0,,THPT
D64,Trường Cao Đẳng Cộng Đồng Hậu Giang,C140202,Giáo dục Tiểu học,D01,2025,0.0,,THPT
D64,Trường Cao Đẳng Cộng Đồng Hậu Giang,C220201,Tiếng Anh,A01,2025,0.0,,THPT
D64,Trường Cao Đẳng Cộng Đồng Hậu Giang,C220201,Tiếng Anh,D01,2025,0.0,,THPT
D64,Trường Cao Đẳng Cộng Đồng Hậu Giang,C340101,Quản trị kinh doanh,A00,2025,0.0,,THPT
D64,Trường Cao Đẳng Cộng Đồng Hậu Giang,C340101,Quản trị kinh doanh,A01,2025,0.0,,THPT
D64,Trường Cao Đẳng Cộng Đồng Hậu Giang,C340101,Quản trị kinh doanh,D01,2025,0.0,,THPT
D64,Trường Cao Đẳng Cộng Đồng Hậu Giang,C340201,Tài chính - Ngân hàng,A00,2025,0.0,,THPT
D64,Trường Cao Đẳng Cộng Đồng Hậu Giang,C340201,Tài chính - Ngân hàng,A01,2025,0.0,,THPT
D64,Trường Cao Đẳng Cộng Đồng Hậu Giang,C340201,Tài chính - Ngân hàng,D01,2025,0.0,,THPT
D64,Trường Cao Đẳng Cộng Đồng Hậu Giang,C340301,Kế toán,A00,2025,0.0,,THPT
D64,Trường Cao Đẳng Cộng Đồng Hậu Giang,C340301,Kế toán,A01,2025,0.0,,THPT
D64,Trường Cao Đẳng Cộng Đồng Hậu Giang,C340301,Kế toán,D01,2025,0.0,,THPT
D64,Trường Cao Đẳng Cộng Đồng Hậu Giang,C340406,Quản trị văn phòng,C00,2025,0.0,,THPT
D64,Trường Cao Đẳng Cộng Đồng Hậu Giang,C340406,Quản trị văn phòng,D01,2025,0.0,,THPT
D64,Trường Cao Đẳng Cộng Đồng Hậu Giang,C480202,Tin học ứng dụng,A00,2025,0.0,,THPT
D64,Trường Cao Đẳng Cộng Đồng Hậu Giang,C480202,Tin học ứng dụng,A01,2025,0.0,,THPT
D64,Trường Cao Đẳng Cộng Đồng Hậu Giang,C640201,Dịch vụ thú y,B00,2025,0.0,,THPT
DAD,Đại Học Đông Á,7210104,Đồ hoạ,A01,2025,15.0,,THPT
DAD,Trường Đại Học Đông Á,7210104,Đồ họa,A01,2025,15.0,,THPT
DAD,Trường Đại Học Đông Á,7210104,Đồ họa,D01,2025,15.0,,THPT
DAD,Đại Học Đông Á,7210104,Đồ hoạ,D01,2025,15.0,,THPT
DAD,Đại Học Đông Á,7210404,Thiết kế thời trang,D01,2025,15.0,,THPT
DAD,Trường Đại Học Đông Á,7210404,Thiết kế thời trang,D01,2025,15.0,,THPT
DAD,Đại Học Đông Á,7220201,Ngôn ngữ Anh,C00,2025,15.0,,THPT
DAD,Trường Đại Học Đông Á,7220201,Ngôn ngữ Anh,C00,2025,15.0,,THPT
DAD,Trường Đại Học Đông Á,7220201,Ngôn ngữ Anh,D01,2025,15.0,,THPT
DAD,Đại Học Đông Á,7220201,Ngôn ngữ Anh,D01,2025,15.0,,THPT
DAD,Trường Đại Học Đông Á,7220201,Ngôn ngữ Anh,D10,2025,15.0,,THPT
DAD,Đại Học Đông Á,7220201,Ngôn ngữ Anh,D10,2025,15.0,,THPT
DAD,Đại Học Đông Á,7220204,Ngôn ngữ Trung Quốc,C00,2025,15.0,,THPT
DAD,Trường Đại Học Đông Á,7220204,Ngôn ngữ Trung Quốc,C00,2025,15.0,,THPT
DAD,Trường Đại Học Đông Á,7220204,Ngôn ngữ Trung Quốc,D01,2025,15.0,,THPT
DAD,Đại Học Đông Á,7220204,Ngôn ngữ Trung Quốc,D01,2025,15.0,,THPT
DAD,Trường Đại Học Đông Á,7220204,Ngôn ngữ Trung Quốc,D10,2025,15.0,,THPT
DAD,Đại Học Đông Á,7220204,Ngôn ngữ Trung Quốc,D10,2025,15.0,,THPT
DAD,Đại Học Đông Á,7220209,Ngôn ngữ Nhật,C00,2025,15.0,,THPT
DAD,Trường Đại Học Đông Á,7220209,Ngôn ngữ Nhật,C00,2025,15.0,,THPT
DAD,Trường Đại Học Đông Á,7220209,Ngôn ngữ Nhật,D01,2025,15.0,,THPT
DAD,Đại Học Đông Á,7220209,Ngôn ngữ Nhật,D01,2025,15.0,,THPT
DAD,Trường Đại Học Đông Á,7220209,Ngôn ngữ Nhật,D10,2025,15.0,,THPT
DAD,Đại Học Đông Á,7220209,Ngôn ngữ Nhật,D10,2025,15.0,,THPT
DAD,Đại Học Đông Á,7220210,Ngôn ngữ Hàn Quốc,C00,2025,15.0,,THPT
DAD,Trường Đại Học Đông Á,7220210,Ngôn ngữ Hàn Quốc,C00,2025,15.0,,THPT
DAD,Trường Đại Học Đông Á,7220210,Ngôn ngữ Hàn Quốc,D01,2025,15.0,,THPT
DAD,Đại Học Đông Á,7220210,Ngôn ngữ Hàn Quốc,D01,2025,15.0,,THPT
DAD,Trường Đại Học Đông Á,7220210,Ngôn ngữ Hàn Quốc,D10,2025,15.0,,THPT
DAD,Đại Học Đông Á,7220210,Ngôn ngữ Hàn Quốc,D10,2025,15.0,,THPT
DAD,Đại Học Đông Á,7229030,Văn học,C00,2025,15.0,,THPT
DAD,Trường Đại Học Đông Á,7229030,Văn học (Ứng dụng),C00,2025,15.0,,THPT
DAD,Trường Đại Học Đông Á,7229030,Văn học (Ứng dụng),D01,2025,15.0,,THPT
DAD,Đại Học Đông Á,7229030,Văn học,D01,2025,15.0,,THPT
DAD,Đại Học Đông Á,7229042,Quản lý văn hoá,C00,2025,15.0,,THPT
DAD,Trường Đại Học Đông Á,7229042,Quản lý văn hóa,C00,2025,15.0,,THPT
DAD,Trường Đại Học Đông Á,7229042,Quản lý văn hóa,D01,2025,15.0,,THPT
DAD,Đại Học Đông Á,7229042,Quản lý văn hoá,D01,2025,15.0,,THPT
DAD,Đại Học Đông Á,7310401,Tâm lý học,C00,2025,15.0,,THPT
DAD,Trường Đại Học Đông Á,7310401,Tâm lý học,C00,2025,15.0,,THPT
DAD,Trường Đại Học Đông Á,7310401,Tâm lý học,D01,2025,15.0,,THPT
DAD,Đại Học Đông Á,7310401,Tâm lý học,D01,2025,15.0,,THPT
DAD,Đại Học Đông Á,7320104,Truyền thông đa phương tiện,A00,2025,15.0,,THPT
DAD,Trường Đại Học Đông Á,7320104,Truyền thông đa phương tiện,A00,2025,15.0,,THPT
DAD,Trường Đại Học Đông Á,7320104,Truyền thông đa phương tiện,A01,2025,15.0,,THPT
DAD,Đại Học Đông Á,7320104,Truyền thông đa phương tiện,A01,2025,15.0,,THPT
DAD,Trường Đại Học Đông Á,7320104,Truyền thông đa phương tiện,C00,2025,15.0,,THPT
DAD,Đại Học Đông Á,7320104,Truyền thông đa phương tiện,C00,2025,15.0,,THPT
DAD,Trường Đại Học Đông Á,7320104,Truyền thông đa phương tiện,D01,2025,15.0,,THPT
DAD,Đại Học Đông Á,7320104,Truyền thông đa phương tiện,D01,2025,15.0,,THPT
DAD,Đại Học Đông Á,7340101,Quản trị Kinh doanh,A00,2025,15.0,,THPT
DAD,Trường Đại Học Đông Á,7340101,Quản trị kinh doanh,A00,2025,15.0,,THPT
DAD,Trường Đại Học Đông Á,7340101,Quản trị kinh doanh,A01,2025,15.0,,THPT
DAD,Đại Học Đông Á,7340101,Quản trị Kinh doanh,A01,2025,15.0,,THPT
DAD,Trường Đại Học Đông Á,7340101,Quản trị kinh doanh,D01,2025,15.0,,THPT
DAD,Đại Học Đông Á,7340101,Quản trị Kinh doanh,D01,2025,15.0,,THPT
DAD,Trường Đại Học Đông Á,7340101,Quản trị kinh doanh,D10,2025,15.0,,THPT
DAD,Đại Học Đông Á,7340101,Quản trị Kinh doanh,D10,2025,15.0,,THPT
DAD,Đại Học Đông Á,7340115,Marketing,A00,2025,15.0,,THPT
DAD,Trường Đại Học Đông Á,7340115,Marketing/ Digital marketing,A00,2025,15.0,,THPT
DAD,Trường Đại Học Đông Á,7340115,Digital Marketing,A00,2025,15.0,,THPT
DAD,Trường Đại Học Đông Á,7340115,Marketing/ Digital marketing,A01,2025,15.0,,THPT
DAD,Trường Đại Học Đông Á,7340115,Digital Marketing,A01,2025,15.0,,THPT
DAD,Đại Học Đông Á,7340115,Marketing,A01,2025,15.0,,THPT
DAD,Trường Đại Học Đông Á,7340115,Marketing/ Digital marketing,D01,2025,15.0,,THPT
DAD,Trường Đại Học Đông Á,7340115,Digital Marketing,D01,2025,15.0,,THPT
DAD,Đại Học Đông Á,7340115,Marketing,D01,2025,15.0,,THPT
DAD,Trường Đại Học Đông Á,7340115,Marketing/ Digital marketing,D10,2025,15.0,,THPT
DAD,Trường Đại Học Đông Á,7340115,Digital Marketing,D10,2025,15.0,,THPT
DAD,Đại Học Đông Á,7340115,Marketing,D10,2025,15.0,,THPT
DAD,Trường Đại Học Đông Á,7340120,Kinh doanh quốc tế,D01,2025,15.0,,THPT
DAD,Đại Học Đông Á,7340120,Ngành Kinh doanh quốc tế,D01,2025,15.0,,THPT
DAD,Trường Đại Học Đông Á,7340120,Kinh doanh quốc tế,D09,2025,15.0,,THPT
DAD,Đại Học Đông Á,7340120,Ngành Kinh doanh quốc tế,D09,2025,15.0,,THPT
DAD,Trường Đại Học Đông Á,7340120,Kinh doanh quốc tế,D10,2025,15.0,,THPT
DAD,Đại Học Đông Á,7340120,Ngành Kinh doanh quốc tế,D10,2025,15.0,,THPT
DAD,Đại Học Đông Á,7340122,Thương mại điện tử,A00,2025,15.0,,THPT
DAD,Trường Đại Học Đông Á,7340122,Thương mại điện tử,A00,2025,15.0,,THPT
DAD,Trường Đại Học Đông Á,7340122,Thương mại điện tử,A01,2025,15.0,,THPT
DAD,Đại Học Đông Á,7340122,Thương mại điện tử,A01,2025,15.0,,THPT
DAD,Trường Đại Học Đông Á,7340122,Thương mại điện tử,D01,2025,15.0,,THPT
DAD,Đại Học Đông Á,7340122,Thương mại điện tử,D01,2025,15.0,,THPT
DAD,Trường Đại Học Đông Á,7340122,Thương mại điện tử,D10,2025,15.0,,THPT
DAD,Đại Học Đông Á,7340122,Thương mại điện tử,D10,2025,15.0,,THPT
DAD,Đại Học Đông Á,7340201,Tài chính – Ngân hàng,A00,2025,15.0,,THPT
DAD,Trường Đại Học Đông Á,7340201,Tài chính - Ngân hàng,A00,2025,15.0,,THPT
DAD,Trường Đại Học Đông Á,7340201,Tài chính - Ngân hàng,A01,2025,15.0,,THPT
DAD,Đại Học Đông Á,7340201,Tài chính – Ngân hàng,A01,2025,15.0,,THPT
DAD,Trường Đại Học Đông Á,7340201,Tài chính - Ngân hàng,D01,2025,15.0,,THPT
DAD,Đại Học Đông Á,7340201,Tài chính – Ngân hàng,D01,2025,15.0,,THPT
DAD,Trường Đại Học Đông Á,7340201,Tài chính - Ngân hàng,D10,2025,15.0,,THPT
DAD,Đại Học Đông Á,7340201,Tài chính – Ngân hàng,D10,2025,15.0,,THPT
DAD,Đại Học Đông Á,7340301,Kế toán,A00,2025,15.0,,THPT
DAD,Trường Đại Học Đông Á,7340301,Kế toán,A00,2025,15.0,,THPT
DAD,Trường Đại Học Đông Á,7340301,Kế toán,A01,2025,15.0,,THPT
DAD,Đại Học Đông Á,7340301,Kế toán,A01,2025,15.0,,THPT
DAD,Trường Đại Học Đông Á,7340301,Kế toán,D01,2025,15.0,,THPT
DAD,Đại Học Đông Á,7340301,Kế toán,D01,2025,15.0,,THPT
DAD,Trường Đại Học Đông Á,7340301,Kế toán,D10,2025,15.0,,THPT
DAD,Đại Học Đông Á,7340301,Kế toán,D10,2025,15.0,,THPT
DAD,Trường Đại Học Đông Á,7340404,Quản trị nhân lực,C00,2025,15.0,,THPT
DAD,Đại Học Đông Á,7340404,Quản trị nhân lực,C00,2025,15.0,,THPT
DAD,Trường Đại Học Đông Á,7340404,Quản trị nhân lực,D01,2025,15.0,,THPT
DAD,Đại Học Đông Á,7340404,Quản trị nhân lực,D01,2025,15.0,,THPT
DAD,Trường Đại Học Đông Á,7340404,Quản trị nhân lực,D09,2025,15.0,,THPT
DAD,Đại Học Đông Á,7340404,Quản trị nhân lực,D09,2025,15.0,,THPT
DAD,Trường Đại Học Đông Á,7340406,Quản trị văn phòng,C00,2025,15.0,,THPT
DAD,Đại Học Đông Á,7340406,Quản trị văn phòng,C00,2025,15.0,,THPT
DAD,Trường Đại Học Đông Á,7340406,Quản trị văn phòng,D01,2025,15.0,,THPT
DAD,Đại Học Đông Á,7340406,Quản trị văn phòng,D01,2025,15.0,,THPT
DAD,Trường Đại Học Đông Á,7340406,Quản trị văn phòng,D09,2025,15.0,,THPT
DAD,Đại Học Đông Á,7340406,Quản trị văn phòng,D09,2025,15.0,,THPT
DAD,Đại Học Đông Á,7380101,Ngành Luật,A01,2025,15.0,,THPT
DAD,Trường Đại Học Đông Á,7380101,Luật,A01,2025,15.0,,THPT
DAD,Trường Đại Học Đông Á,7380101,Luật,C00,2025,15.0,,THPT
DAD,Đại Học Đông Á,7380101,Ngành Luật,C00,2025,15.0,,THPT
DAD,Trường Đại Học Đông Á,7380101,Luật,D01,2025,15.0,,THPT
DAD,Đại Học Đông Á,7380101,Ngành Luật,D01,2025,15.0,,THPT
DAD,Đại Học Đông Á,7380107,Luật kinh tế,A01,2025,15.0,,THPT
DAD,Trường Đại Học Đông Á,7380107,Luật kinh tế,A01,2025,15.0,,THPT
DAD,Trường Đại Học Đông Á,7380107,Luật kinh tế,A01,2025,15.0,,THPT
DAD,Trường Đại Học Đông Á,7380107,Luật kinh tế,C00,2025,15.0,,THPT
DAD,Trường Đại Học Đông Á,7380107,Luật kinh tế,C00,2025,15.0,,THPT
DAD,Đại Học Đông Á,7380107,Luật kinh tế,C00,2025,15.0,,THPT
DAD,Trường Đại Học Đông Á,7380107,Luật kinh tế,D01,2025,15.0,,THPT
DAD,Trường Đại Học Đông Á,7380107,Luật kinh tế,D01,2025,15.0,,THPT
DAD,Đại Học Đông Á,7380107,Luật kinh tế,D01,2025,15.0,,THPT
DAD,Đại Học Đông Á,7480106,Kỹ thuật máy tính,A00,2025,15.0,,THPT
DAD,Trường Đại Học Đông Á,7480106,Kỹ thuật máy tính,A00,2025,15.0,,THPT
DAD,Trường Đại Học Đông Á,7480106,Kỹ thuật máy tính,A01,2025,15.0,,THPT
DAD,Đại Học Đông Á,7480106,Kỹ thuật máy tính,A01,2025,15.0,,THPT
DAD,Trường Đại Học Đông Á,7480106,Kỹ thuật máy tính,D01,2025,15.0,,THPT
DAD,Đại Học Đông Á,7480106,Kỹ thuật máy tính,D01,2025,15.0,,THPT
DAD,Đại Học Đông Á,7480107,Trí tuệ nhân tạo,A00,2025,15.0,,THPT
DAD,Đại Học Đông Á,7480107,Trí tuệ nhân tạo,A01,2025,15.0,,THPT
DAD,Đại Học Đông Á,7480107,Trí tuệ nhân tạo,D01,2025,15.0,,THPT
DAD,Đại Học Đông Á,7480201,Công nghệ thông tin,A00,2025,15.0,,THPT
DAD,Trường Đại Học Đông Á,7480201,Công nghệ thông tin,A00,2025,15.0,,THPT
DAD,Trường Đại Học Đông Á,7480201,Công nghệ thông tin,A01,2025,15.0,,THPT
DAD,Đại Học Đông Á,7480201,Công nghệ thông tin,A01,2025,15.0,,THPT
DAD,Trường Đại Học Đông Á,7480201,Công nghệ thông tin,D01,2025,15.0,,THPT
DAD,Đại Học Đông Á,7480201,Công nghệ thông tin,D01,2025,15.0,,THPT
DAD,Trường Đại Học Đông Á,7480207,Trí tuệ nhân tạo,A00,2025,15.0,,THPT
DAD,Trường Đại Học Đông Á,7480207,Trí tuệ nhân tạo,A01,2025,15.0,,THPT
DAD,Trường Đại Học Đông Á,7480207,Trí tuệ nhân tạo,D01,2025,15.0,,THPT
DAD,Đại Học Đông Á,7510103,Công nghệ kỹ thuật xây dựng (chuyên ngành Xây dựng dân dụng & Công nghiệp),A00,2025,15.0,,THPT
DAD,Trường Đại Học Đông Á,7510103,Công nghệ kỹ thuật xây dựng,A00,2025,15.0,,THPT
DAD,Trường Đại Học Đông Á,7510103,Công nghệ kỹ thuật xây dựng,A01,2025,15.0,,THPT
DAD,Đại Học Đông Á,7510103,Công nghệ kỹ thuật xây dựng (chuyên ngành Xây dựng dân dụng & Công nghiệp),A01,2025,15.0,,THPT
DAD,Đại Học Đông Á,7510205,Công nghệ kỹ thuật ô tô,A00,2025,15.0,,THPT
DAD,Trường Đại Học Đông Á,7510205,Công nghệ kỹ thuật Ô tô,A00,2025,15.0,,THPT
DAD,Trường Đại Học Đông Á,7510205,Công nghệ kỹ thuật ô tô,A00,2025,15.0,,THPT
DAD,Trường Đại Học Đông Á,7510205,Công nghệ kỹ thuật Ô tô,A01,2025,15.0,,THPT
DAD,Trường Đại Học Đông Á,7510205,Công nghệ kỹ thuật ô tô,A01,2025,15.0,,THPT
DAD,Đại Học Đông Á,7510205,Công nghệ kỹ thuật ô tô,A01,2025,15.0,,THPT
DAD,Đại Học Đông Á,7510301,"Công nghệ kỹ thuật điện, điện tử",A00,2025,15.0,,THPT
DAD,Trường Đại Học Đông Á,7510301,Công nghệ kỹ thuật điện; điện tử,A00,2025,15.0,,THPT
DAD,Trường Đại Học Đông Á,7510301,Công nghệ kỹ thuật Điện - Điện tử,A00,2025,15.0,,THPT
DAD,Trường Đại Học Đông Á,7510301,Công nghệ kỹ thuật điện; điện tử,A01,2025,15.0,,THPT
DAD,Trường Đại Học Đông Á,7510301,Công nghệ kỹ thuật Điện - Điện tử,A01,2025,15.0,,THPT
DAD,Đại Học Đông Á,7510301,"Công nghệ kỹ thuật điện, điện tử",A01,2025,15.0,,THPT
DAD,Đại Học Đông Á,7510303,Công nghệ kỹ thuật điều khiển và tự động hóa,A00,2025,15.0,,THPT
DAD,Trường Đại Học Đông Á,7510303,Công nghệ kỹ thuật điều khiển và tự động hóa,A00,2025,15.0,,THPT
DAD,Trường Đại Học Đông Á,7510303,Công nghệ kỹ thuật điều khiển và tự động hóa,A01,2025,15.0,,THPT
DAD,Đại Học Đông Á,7510303,Công nghệ kỹ thuật điều khiển và tự động hóa,A01,2025,15.0,,THPT
DAD,Đại Học Đông Á,7510605,Logistics và Quản lý chuỗi cung ứng,A00,2025,15.0,,THPT
DAD,Trường Đại Học Đông Á,7510605,Logistics và quản lý chuỗi cung ứng,A00,2025,15.0,,THPT
DAD,Trường Đại Học Đông Á,7510605,Logistics và quản lý chuỗi cung ứng,A01,2025,15.0,,THPT
DAD,Đại Học Đông Á,7510605,Logistics và Quản lý chuỗi cung ứng,A01,2025,15.0,,THPT
DAD,Trường Đại Học Đông Á,7510605,Logistics và quản lý chuỗi cung ứng,D01,2025,15.0,,THPT
DAD,Đại Học Đông Á,7510605,Logistics và Quản lý chuỗi cung ứng,D01,2025,15.0,,THPT
DAD,Trường Đại Học Đông Á,7510605,Logistics và quản lý chuỗi cung ứng,D10,2025,15.0,,THPT
DAD,Đại Học Đông Á,7510605,Logistics và Quản lý chuỗi cung ứng,D10,2025,15.0,,THPT
DAD,Đại Học Đông Á,7520114,Kỹ thuật cơ điện tử,A00,2025,15.0,,THPT
DAD,Trường Đại Học Đông Á,7520114,Kỹ thuật Cơ điện tử,A00,2025,15.0,,THPT
DAD,Trường Đại Học Đông Á,7520114,Kỹ thuật Cơ điện tử,A01,2025,15.0,,THPT
DAD,Đại Học Đông Á,7520114,Kỹ thuật cơ điện tử,A01,2025,15.0,,THPT
DAD,Đại Học Đông Á,7540101,Công nghệ thực phẩm,A00,2025,15.0,,THPT
DAD,Trường Đại Học Đông Á,7540101,Công nghệ thực phẩm,A00,2025,15.0,,THPT
DAD,Trường Đại Học Đông Á,7540101,Công nghệ thực phẩm,B00,2025,15.0,,THPT
DAD,Đại Học Đông Á,7540101,Công nghệ thực phẩm,B00,2025,15.0,,THPT
DAD,Đại Học Đông Á,7620101,Nông nghiệp,A00,2025,15.0,,THPT
DAD,Trường Đại Học Đông Á,7620101,Nông nghiệp,A00,2025,15.0,,THPT
DAD,Trường Đại Học Đông Á,7620101,Nông nghiệp,B00,2025,15.0,,THPT
DAD,Đại Học Đông Á,7620101,Nông nghiệp,B00,2025,15.0,,THPT
DAD,Đại Học Đông Á,7640101,Thú y,A00,2025,15.0,,THPT
DAD,Trường Đại Học Đông Á,7640101,Thú y,A00,2025,15.0,,THPT
DAD,Trường Đại Học Đông Á,7640101,Thú y,B00,2025,15.0,,THPT
DAD,Đại Học Đông Á,7640101,Thú y,B00,2025,15.0,,THPT
DAD,Đại Học Đông Á,7720101,Y khoa,A00,2025,20.5,,THPT
DAD,Trường Đại Học Đông Á,7720101,Y khoa,A00,2025,20.5,,THPT
DAD,Trường Đại Học Đông Á,7720101,Y khoa,B00,2025,20.5,,THPT
DAD,Đại Học Đông Á,7720101,Y khoa,B00,2025,20.5,,THPT
DAD,Trường Đại Học Đông Á,7720101,Y khoa,D07,2025,20.5,,THPT
DAD,Đại Học Đông Á,7720101,Y khoa,D07,2025,20.5,,THPT
DAD,Đại Học Đông Á,7720201,Dược học,A00,2025,19.0,,THPT
DAD,Trường Đại Học Đông Á,7720201,Dược học,A00,2025,19.0,,THPT
DAD,Trường Đại Học Đông Á,7720201,Dược học,B00,2025,19.0,,THPT
DAD,Đại Học Đông Á,7720201,Dược học,B00,2025,19.0,,THPT
DAD,Trường Đại Học Đông Á,7720201,Dược học,D07,2025,19.0,,THPT
DAD,Đại Học Đông Á,7720201,Dược học,D07,2025,19.0,,THPT
DAD,Đại Học Đông Á,7720301,Điều dưỡng,A00,2025,17.0,,THPT
DAD,Trường Đại Học Đông Á,7720301,Điều dưỡng,A00,2025,17.0,,THPT
DAD,Trường Đại Học Đông Á,7720301,Điều dưỡng,A00,2025,17.0,,THPT
DAD,Trường Đại Học Đông Á,7720301,Điều dưỡng,B00,2025,17.0,,THPT
DAD,Trường Đại Học Đông Á,7720301,Điều dưỡng,B00,2025,17.0,,THPT
DAD,Đại Học Đông Á,7720301,Điều dưỡng,B00,2025,17.0,,THPT
DAD,Trường Đại Học Đông Á,7720301,Điều dưỡng,D07,2025,17.0,,THPT
DAD,Trường Đại Học Đông Á,7720301,Điều dưỡng,D07,2025,17.0,,THPT
DAD,Đại Học Đông Á,7720301,Điều dưỡng,D07,2025,17.0,,THPT
DAD,Đại Học Đông Á,7720302,Hộ sinh,A00,2025,17.0,,THPT
DAD,Trường Đại Học Đông Á,7720302,Hộ sinh,A00,2025,17.0,,THPT
DAD,Trường Đại Học Đông Á,7720302,Hộ sinh,B00,2025,17.0,,THPT
DAD,Đại Học Đông Á,7720302,Hộ sinh,B00,2025,17.0,,THPT
DAD,Trường Đại Học Đông Á,7720302,Hộ sinh,D07,2025,17.0,,THPT
DAD,Đại Học Đông Á,7720302,Hộ sinh,D07,2025,17.0,,THPT
DAD,Đại Học Đông Á,7720401,Dinh dưỡng,A00,2025,15.0,,THPT
DAD,Trường Đại Học Đông Á,7720401,Dinh dưỡng,A00,2025,15.0,,THPT
DAD,Trường Đại Học Đông Á,7720401,Dinh dưỡng,B00,2025,15.0,,THPT
DAD,Đại Học Đông Á,7720401,Dinh dưỡng,B00,2025,15.0,,THPT
DAD,Trường Đại Học Đông Á,7720401,Dinh dưỡng,D07,2025,15.0,,THPT
DAD,Đại Học Đông Á,7720401,Dinh dưỡng,D07,2025,15.0,,THPT
DAD,Đại Học Đông Á,7720603,Kỹ thuật phục hồi chức năng,A00,2025,17.0,,THPT
DAD,Trường Đại Học Đông Á,7720603,Kỹ thuật phục hồi chức năng,A00,2025,17.0,,THPT
DAD,Trường Đại Học Đông Á,7720603,Kỹ thuật phục hồi chức năng,B00,2025,17.0,,THPT
DAD,Đại Học Đông Á,7720603,Kỹ thuật phục hồi chức năng,B00,2025,17.0,,THPT
DAD,Trường Đại Học Đông Á,7720603,Kỹ thuật phục hồi chức năng,D07,2025,17.0,,THPT
DAD,Đại Học Đông Á,7720603,Kỹ thuật phục hồi chức năng,D07,2025,17.0,,THPT
DAD,Đại Học Đông Á,7810103,Quản trị dịch vụ du lịch và lữ hành,C00,2025,15.0,,THPT
DAD,Trường Đại Học Đông Á,7810103,Quản trị DV Du lịch và Lữ hành,C00,2025,15.0,,THPT
DAD,Trường Đại Học Đông Á,7810103,Quản trị dịch vụ du lịch và lữ hành,C00,2025,15.0,,THPT
DAD,Trường Đại Học Đông Á,7810103,Quản trị DV Du lịch và Lữ hành,D01,2025,15.0,,THPT
DAD,Trường Đại Học Đông Á,7810103,Quản trị dịch vụ du lịch và lữ hành,D01,2025,15.0,,THPT
DAD,Đại Học Đông Á,7810103,Quản trị dịch vụ du lịch và lữ hành,D01,2025,15.0,,THPT
DAD,Trường Đại Học Đông Á,7810103,Quản trị DV Du lịch và Lữ hành,D09,2025,15.0,,THPT
DAD,Trường Đại Học Đông Á,7810103,Quản trị dịch vụ du lịch và lữ hành,D09,2025,15.0,,THPT
DAD,Đại Học Đông Á,7810103,Quản trị dịch vụ du lịch và lữ hành,D09,2025,15.0,,THPT
DAD,Đại Học Đông Á,7810201,Quản trị khách sạn,C00,2025,15.0,,THPT
DAD,Trường Đại Học Đông Á,7810201,Quản trị khách sạn,C00,2025,15.0,,THPT
DAD,Trường Đại Học Đông Á,7810201,Quản trị khách sạn,C00,2025,15.0,,THPT
DAD,Trường Đại Học Đông Á,7810201,Quản trị khách sạn,D01,2025,15.0,,THPT
DAD,Trường Đại Học Đông Á,7810201,Quản trị khách sạn,D01,2025,15.0,,THPT
DAD,Đại Học Đông Á,7810201,Quản trị khách sạn,D01,2025,15.0,,THPT
DAD,Trường Đại Học Đông Á,7810201,Quản trị khách sạn,D09,2025,15.0,,THPT
DAD,Trường Đại Học Đông Á,7810201,Quản trị khách sạn,D09,2025,15.0,,THPT
DAD,Đại Học Đông Á,7810201,Quản trị khách sạn,D09,2025,15.0,,THPT
DAD,Đại Học Đông Á,7810202,Quản trị nhà hàng và dịch vụ ăn uống,C00,2025,15.0,,THPT
DAD,Trường Đại Học Đông Á,7810202,Quản trị nhà hàng và dịch vụ ăn uống,C00,2025,15.0,,THPT
DAD,Trường Đại Học Đông Á,7810202,Quản trị nhà hàng và dịch vụ ăn uống,D01,2025,15.0,,THPT
DAD,Đại Học Đông Á,7810202,Quản trị nhà hàng và dịch vụ ăn uống,D01,2025,15.0,,THPT
DAD,Trường Đại Học Đông Á,7810202,Quản trị nhà hàng và dịch vụ ăn uống,D09,2025,15.0,,THPT
DAD,Đại Học Đông Á,7810202,Quản trị nhà hàng và dịch vụ ăn uống,D09,2025,15.0,,THPT
DBD,Đại học Bình Dương,7220201,Ngôn ngữ Anh,A01,2025,15.0,,THPT
DBD,Trường Đại Học Bình Dương,7220201,Ngôn ngữ Anh,A01,2025,15.0,,THPT
DBD,Trường Đại Học Bình Dương,7220201,Ngôn ngữ Anh,D01,2025,15.0,,THPT
DBD,Đại học Bình Dương,7220201,Ngôn ngữ Anh,D01,2025,15.0,,THPT
DBD,Trường Đại Học Bình Dương,7220201,Ngôn ngữ Anh,D07,2025,15.0,,THPT
DBD,Đại học Bình Dương,7220201,Ngôn ngữ Anh,D07,2025,15.0,,THPT
DBD,Đại học Bình Dương,7310301,Xã hội học,A00,2025,15.0,,THPT
DBD,Trường Đại Học Bình Dương,7310301,Xã hội học,A00,2025,15.0,,THPT
DBD,Trường Đại Học Bình Dương,7310301,Xã hội học,D01,2025,15.0,,THPT
DBD,Đại học Bình Dương,7310301,Xã hội học,D01,2025,15.0,,THPT
DBD,Đại học Bình Dương,7310613,Nhật Bản học,A01,2025,15.0,,THPT
DBD,Đại học Bình Dương,7310613,Nhật Bản học,C00,2025,15.0,,THPT
DBD,Đại học Bình Dương,7310613,Nhật Bản học,D01,2025,15.0,,THPT
DBD,Đại học Bình Dương,7310614,Hàn Quốc học,A01,2025,15.0,,THPT
DBD,Trường Đại Học Bình Dương,7310614,Hàn Quốc học,A01,2025,15.0,,THPT
DBD,Trường Đại Học Bình Dương,7310614,Hàn Quốc học,C00,2025,15.0,,THPT
DBD,Đại học Bình Dương,7310614,Hàn Quốc học,C00,2025,15.0,,THPT
DBD,Trường Đại Học Bình Dương,7310614,Hàn Quốc học,D01,2025,15.0,,THPT
DBD,Đại học Bình Dương,7310614,Hàn Quốc học,D01,2025,15.0,,THPT
DBD,Trường Đại Học Bình Dương,7310615,Nhật Bản học,A01,2025,15.0,,THPT
DBD,Trường Đại Học Bình Dương,7310615,Nhật Bản học,C00,2025,15.0,,THPT
DBD,Trường Đại Học Bình Dương,7310615,Nhật Bản học,D01,2025,15.0,,THPT
DBD,Đại học Bình Dương,7340101,Quản trị Kinh doanh,A00,2025,15.0,,THPT
DBD,Trường Đại Học Bình Dương,7340101,Quản trị kinh doanh,A00,2025,15.0,,THPT
DBD,Trường Đại Học Bình Dương,7340101,Quản trị kinh doanh,D01,2025,15.0,,THPT
DBD,Đại học Bình Dương,7340101,Quản trị Kinh doanh,D01,2025,15.0,,THPT
DBD,Đại học Bình Dương,7340201,Tài chính – Ngân hàng,A00,2025,15.0,,THPT
DBD,Trường Đại Học Bình Dương,7340201,Tài chính - Ngân hàng,A00,2025,15.0,,THPT
DBD,Trường Đại Học Bình Dương,7340201,Tài chính - Ngân hàng,D01,2025,15.0,,THPT
DBD,Đại học Bình Dương,7340201,Tài chính – Ngân hàng,D01,2025,15.0,,THPT
DBD,Đại học Bình Dương,7340301,Kế toán,A00,2025,15.0,,THPT
DBD,Trường Đại Học Bình Dương,7340301,Kế toán,A00,2025,15.0,,THPT
DBD,Trường Đại Học Bình Dương,7340301,Kế toán,D01,2025,15.0,,THPT
DBD,Đại học Bình Dương,7340301,Kế toán,D01,2025,15.0,,THPT
DBD,Đại học Bình Dương,7380101,Ngành Luật,A00,2025,15.0,,THPT
DBD,Trường Đại Học Bình Dương,7380101,Luật,A00,2025,15.0,,THPT
DBD,Trường Đại Học Bình Dương,7380101,Luật,C00,2025,15.0,,THPT
DBD,Đại học Bình Dương,7380101,Ngành Luật,C00,2025,15.0,,THPT
DBD,Trường Đại Học Bình Dương,7380101,Luật,D01,2025,15.0,,THPT
DBD,Đại học Bình Dương,7380101,Ngành Luật,D01,2025,15.0,,THPT
DBD,Đại học Bình Dương,7380107,Luật kinh tế,A00,2025,15.0,,THPT
DBD,Trường Đại Học Bình Dương,7380107,Luật kinh tế,A00,2025,15.0,,THPT
DBD,Trường Đại Học Bình Dương,7380107,Luật kinh tế,C00,2025,15.0,,THPT
DBD,Đại học Bình Dương,7380107,Luật kinh tế,C00,2025,15.0,,THPT
DBD,Trường Đại Học Bình Dương,7380107,Luật kinh tế,D01,2025,15.0,,THPT
DBD,Đại học Bình Dương,7380107,Luật kinh tế,D01,2025,15.0,,THPT
DBD,Đại học Bình Dương,7480201,Công nghệ thông tin,A00,2025,15.0,,THPT
DBD,Trường Đại Học Bình Dương,7480201,Công nghệ thông tin,A00,2025,15.0,,THPT
DBD,Trường Đại Học Bình Dương,7480201,Công nghệ thông tin,D01,2025,15.0,,THPT
DBD,Đại học Bình Dương,7480201,Công nghệ thông tin,D01,2025,15.0,,THPT
DBD,Đại học Bình Dương,7510102,Công nghệ kỹ thuật xây dựng dân dụng và công nghiệp,A00,2025,15.0,,THPT
DBD,Trường Đại Học Bình Dương,7510102,Công nghệ kỹ thuật công trình xây dựng,A00,2025,15.0,,THPT
DBD,Trường Đại Học Bình Dương,7510102,Công nghệ kỹ thuật công trình xây dựng,D01,2025,15.0,,THPT
DBD,Đại học Bình Dương,7510102,Công nghệ kỹ thuật xây dựng dân dụng và công nghiệp,D01,2025,15.0,,THPT
DBD,Đại học Bình Dương,7510205,Công nghệ kỹ thuật ô tô,A00,2025,15.0,,THPT
DBD,Trường Đại Học Bình Dương,7510205,Công nghệ kỹ thuật ô tô,A00,2025,15.0,,THPT
DBD,Trường Đại Học Bình Dương,7510205,Công nghệ kỹ thuật ô tô,D01,2025,15.0,,THPT
DBD,Đại học Bình Dương,7510205,Công nghệ kỹ thuật ô tô,D01,2025,15.0,,THPT
DBD,Đại học Bình Dương,7510301,"Công nghệ kỹ thuật điện, điện tử",A00,2025,15.0,,THPT
DBD,Trường Đại Học Bình Dương,7510301,"Công nghệ kỹ thuật điện, điện tử",A00,2025,15.0,,THPT
DBD,Trường Đại Học Bình Dương,7510301,"Công nghệ kỹ thuật điện, điện tử",D01,2025,15.0,,THPT
DBD,Đại học Bình Dương,7510301,"Công nghệ kỹ thuật điện, điện tử",D01,2025,15.0,,THPT
DBD,Đại học Bình Dương,7510605,Logistics và Quản lý chuỗi cung ứng,A00,2025,15.0,,THPT
DBD,Trường Đại Học Bình Dương,7510605,Logistics và Quản lý chuỗi cung ứng,A00,2025,15.0,,THPT
DBD,Trường Đại Học Bình Dương,7510605,Logistics và Quản lý chuỗi cung ứng,A01,2025,15.0,,THPT
DBD,Đại học Bình Dương,7510605,Logistics và Quản lý chuỗi cung ứng,A01,2025,15.0,,THPT
DBD,Trường Đại Học Bình Dương,7510605,Logistics và Quản lý chuỗi cung ứng,D01,2025,15.0,,THPT
DBD,Đại học Bình Dương,7510605,Logistics và Quản lý chuỗi cung ứng,D01,2025,15.0,,THPT
DBD,Đại học Bình Dương,7540101,Công nghệ thực phẩm,A00,2025,15.0,,THPT
DBD,Trường Đại Học Bình Dương,7540101,Công nghệ thực phẩm,A00,2025,15.0,,THPT
DBD,Trường Đại Học Bình Dương,7540101,Công nghệ thực phẩm,B00,2025,15.0,,THPT
DBD,Đại học Bình Dương,7540101,Công nghệ thực phẩm,B00,2025,15.0,,THPT
DBD,Trường Đại Học Bình Dương,7540101,Công nghệ thực phẩm,D01,2025,15.0,,THPT
DBD,Đại học Bình Dương,7540101,Công nghệ thực phẩm,D01,2025,15.0,,THPT
DBD,Đại học Bình Dương,7580101,Kiến trúc,A00,2025,15.0,,THPT
DBD,Trường Đại Học Bình Dương,7580101,Kiến trúc,A00,2025,15.0,,THPT
DBD,Trường Đại Học Bình Dương,7580101,Kiến trúc,D01,2025,15.0,,THPT
DBD,Đại học Bình Dương,7580101,Kiến trúc,D01,2025,15.0,,THPT
DBD,Đại học Bình Dương,7720201,Dược học,A00,2025,19.0,,THPT
DBD,Trường Đại Học Bình Dương,7720201,Dược học,A00,2025,19.0,,THPT
DBD,Trường Đại Học Bình Dương,7720201,Dược học,B00,2025,19.0,,THPT
DBD,Đại học Bình Dương,7720201,Dược học,B00,2025,19.0,,THPT
DBD,Trường Đại Học Bình Dương,7720201,Dược học,D07,2025,19.0,,THPT
DBD,Đại học Bình Dương,7720201,Dược học,D07,2025,19.0,,THPT
DBD,Đại học Bình Dương,7720203,Hoá dược,A00,2025,15.0,,THPT
DBD,Trường Đại Học Bình Dương,7720203,Hóa dược,A00,2025,15.0,,THPT
DBD,Trường Đại Học Bình Dương,7720203,Hóa dược,B00,2025,15.0,,THPT
DBD,Đại học Bình Dương,7720203,Hoá dược,B00,2025,15.0,,THPT
DBD,Trường Đại Học Bình Dương,7720203,Hóa dược,D07,2025,15.0,,THPT
DBD,Đại học Bình Dương,7720203,Hoá dược,D07,2025,15.0,,THPT
DBG,Đại học Nông Lâm Bắc Giang,7220201,Ngôn ngữ Anh,A01,2025,15.0,,THPT
DBG,Trường Đại học Nông Lâm Bắc Giang,7220201,Ngôn ngữ Anh,A01,2025,15.0,,THPT
DBG,Trường Đại học Nông Lâm Bắc Giang,7220201,Ngôn ngữ Anh,C00,2025,15.0,,THPT
DBG,Đại học Nông Lâm Bắc Giang,7220201,Ngôn ngữ Anh,C00,2025,15.0,,THPT
DBG,Trường Đại học Nông Lâm Bắc Giang,7220201,Ngôn ngữ Anh,D09,2025,15.0,,THPT
DBG,Đại học Nông Lâm Bắc Giang,7220201,Ngôn ngữ Anh,D09,2025,15.0,,THPT
DBG,Trường Đại học Nông Lâm Bắc Giang,7220201,Ngôn ngữ Anh,D10,2025,15.0,,THPT
DBG,Đại học Nông Lâm Bắc Giang,7220201,Ngôn ngữ Anh,D10,2025,15.0,,THPT
DBG,Đại học Nông Lâm Bắc Giang,7220204,Ngôn ngữ Trung Quốc,A01,2025,18.75,,THPT
DBG,Trường Đại học Nông Lâm Bắc Giang,7220204,Ngôn ngữ Trung Quốc,A01,2025,18.75,,THPT
DBG,Trường Đại học Nông Lâm Bắc Giang,7220204,Ngôn ngữ Trung Quốc,C00,2025,18.75,,THPT
DBG,Đại học Nông Lâm Bắc Giang,7220204,Ngôn ngữ Trung Quốc,C00,2025,18.75,,THPT
DBG,Trường Đại học Nông Lâm Bắc Giang,7220204,Ngôn ngữ Trung Quốc,D09,2025,18.75,,THPT
DBG,Đại học Nông Lâm Bắc Giang,7220204,Ngôn ngữ Trung Quốc,D09,2025,18.75,,THPT
DBG,Trường Đại học Nông Lâm Bắc Giang,7220204,Ngôn ngữ Trung Quốc,D10,2025,18.75,,THPT
DBG,Đại học Nông Lâm Bắc Giang,7220204,Ngôn ngữ Trung Quốc,D10,2025,18.75,,THPT
DBG,Đại học Nông Lâm Bắc Giang,7310101,Kinh tế,A00,2025,15.0,,THPT
DBG,Trường Đại học Nông Lâm Bắc Giang,7310101,Kinh tế,A00,2025,15.0,,THPT
DBG,Trường Đại học Nông Lâm Bắc Giang,7310101,Kinh tế,A01,2025,15.0,,THPT
DBG,Đại học Nông Lâm Bắc Giang,7310101,Kinh tế,A01,2025,15.0,,THPT
DBG,Trường Đại học Nông Lâm Bắc Giang,7310101,Kinh tế,D01,2025,15.0,,THPT
DBG,Đại học Nông Lâm Bắc Giang,7310101,Kinh tế,D01,2025,15.0,,THPT
DBG,Đại học Nông Lâm Bắc Giang,7310110,Quản lý kinh tế,A00,2025,15.0,,THPT
DBG,Trường Đại học Nông Lâm Bắc Giang,7310110,Quản lý kinh tế,A00,2025,15.0,,THPT
DBG,Trường Đại học Nông Lâm Bắc Giang,7310110,Quản lý kinh tế,A01,2025,15.0,,THPT
DBG,Đại học Nông Lâm Bắc Giang,7310110,Quản lý kinh tế,A01,2025,15.0,,THPT
DBG,Trường Đại học Nông Lâm Bắc Giang,7310110,Quản lý kinh tế,D01,2025,15.0,,THPT
DBG,Đại học Nông Lâm Bắc Giang,7310110,Quản lý kinh tế,D01,2025,15.0,,THPT
DBG,Đại học Nông Lâm Bắc Giang,7340101,Quản trị Kinh doanh,A00,2025,15.0,,THPT
DBG,Trường Đại học Nông Lâm Bắc Giang,7340101,Quản trị kinh doanh,A00,2025,15.0,,THPT
DBG,Trường Đại học Nông Lâm Bắc Giang,7340101,Quản trị kinh doanh,A01,2025,15.0,,THPT
DBG,Đại học Nông Lâm Bắc Giang,7340101,Quản trị Kinh doanh,A01,2025,15.0,,THPT
DBG,Trường Đại học Nông Lâm Bắc Giang,7340101,Quản trị kinh doanh,D01,2025,15.0,,THPT
DBG,Đại học Nông Lâm Bắc Giang,7340101,Quản trị Kinh doanh,D01,2025,15.0,,THPT
DBG,Đại học Nông Lâm Bắc Giang,7340122,Thương mại điện tử,A00,2025,15.0,,THPT
DBG,Trường Đại học Nông Lâm Bắc Giang,7340122,Thương mại điện tử,A00,2025,15.0,,THPT
DBG,Trường Đại học Nông Lâm Bắc Giang,7340122,Thương mại điện tử,A01,2025,15.0,,THPT
DBG,Đại học Nông Lâm Bắc Giang,7340122,Thương mại điện tử,A01,2025,15.0,,THPT
DBG,Trường Đại học Nông Lâm Bắc Giang,7340122,Thương mại điện tử,D01,2025,15.0,,THPT
DBG,Đại học Nông Lâm Bắc Giang,7340122,Thương mại điện tử,D01,2025,15.0,,THPT
DBG,Đại học Nông Lâm Bắc Giang,7340301,Kế toán,A00,2025,15.0,,THPT
DBG,Trường Đại học Nông Lâm Bắc Giang,7340301,Kế toán,A00,2025,15.0,,THPT
DBG,Trường Đại học Nông Lâm Bắc Giang,7340301,Kế toán,A01,2025,15.0,,THPT
DBG,Đại học Nông Lâm Bắc Giang,7340301,Kế toán,A01,2025,15.0,,THPT
DBG,Trường Đại học Nông Lâm Bắc Giang,7340301,Kế toán,D01,2025,15.0,,THPT
DBG,Đại học Nông Lâm Bắc Giang,7340301,Kế toán,D01,2025,15.0,,THPT
DBG,Trường Đại học Nông Lâm Bắc Giang,7480201,Công nghệ thông tin,A00,2025,17.5,,THPT
DBG,Trường Đại học Nông Lâm Bắc Giang,7480201,Công nghệ thông tin,A01,2025,17.5,,THPT
DBG,Đại học Nông Lâm Bắc Giang,7480201,Công nghệ thông tin,A01,2025,17.5,,THPT
DBG,Trường Đại học Nông Lâm Bắc Giang,7480201,Công nghệ thông tin,D01,2025,17.5,,THPT
DBG,Đại học Nông Lâm Bắc Giang,7480201,Công nghệ thông tin,D01,2025,17.5,,THPT
DBG,Trường Đại học Nông Lâm Bắc Giang,7510205,Công nghệ kỹ thuật ô tô,A00,2025,15.0,,THPT
DBG,Trường Đại học Nông Lâm Bắc Giang,7510205,Công nghệ kỹ thuật ô tô,A01,2025,15.0,,THPT
DBG,Đại học Nông Lâm Bắc Giang,7510205,Công nghệ kỹ thuật ô tô,A01,2025,15.0,,THPT
DBG,Trường Đại học Nông Lâm Bắc Giang,7510205,Công nghệ kỹ thuật ô tô,D01,2025,15.0,,THPT
DBG,Đại học Nông Lâm Bắc Giang,7510205,Công nghệ kỹ thuật ô tô,D01,2025,15.0,,THPT
DBG,Trường Đại học Nông Lâm Bắc Giang,7520114,Kỹ thuật cơ điện tử,A00,2025,17.5,,THPT
DBG,Trường Đại học Nông Lâm Bắc Giang,7520114,Kỹ thuật cơ điện tử,A01,2025,17.5,,THPT
DBG,Đại học Nông Lâm Bắc Giang,7520114,Kỹ thuật cơ điện tử,A01,2025,17.5,,THPT
DBG,Trường Đại học Nông Lâm Bắc Giang,7520114,Kỹ thuật cơ điện tử,D01,2025,17.5,,THPT
DBG,Đại học Nông Lâm Bắc Giang,7520114,Kỹ thuật cơ điện tử,D01,2025,17.5,,THPT
DBG,Trường Đại học Nông Lâm Bắc Giang,7520216,Kỹ thuật điều khiển và tự động hóa,A00,2025,16.25,,THPT
DBG,Trường Đại học Nông Lâm Bắc Giang,7520216,Kỹ thuật điều khiển và tự động hóa,A01,2025,16.25,,THPT
DBG,Đại học Nông Lâm Bắc Giang,7520216,Ngành Kỹ thuật điều khiển & Tự động hóa,A01,2025,16.25,,THPT
DBG,Trường Đại học Nông Lâm Bắc Giang,7520216,Kỹ thuật điều khiển và tự động hóa,D01,2025,16.25,,THPT
DBG,Đại học Nông Lâm Bắc Giang,7520216,Ngành Kỹ thuật điều khiển & Tự động hóa,D01,2025,16.25,,THPT
DBG,Đại học Nông Lâm Bắc Giang,7540101,Công nghệ thực phẩm,A00,2025,15.0,,THPT
DBG,Trường Đại học Nông Lâm Bắc Giang,7540101,Công nghệ thực phẩm,A00,2025,15.0,,THPT
DBG,Trường Đại học Nông Lâm Bắc Giang,7540101,Công nghệ thực phẩm,A01,2025,15.0,,THPT
DBG,Đại học Nông Lâm Bắc Giang,7540101,Công nghệ thực phẩm,A01,2025,15.0,,THPT
DBG,Trường Đại học Nông Lâm Bắc Giang,7540101,Công nghệ thực phẩm,B00,2025,15.0,,THPT
DBG,Đại học Nông Lâm Bắc Giang,7540101,Công nghệ thực phẩm,B00,2025,15.0,,THPT
DBG,Trường Đại học Nông Lâm Bắc Giang,7540101,Công nghệ thực phẩm,D01,2025,15.0,,THPT
DBG,Trường Đại học Nông Lâm Bắc Giang,7540101,Công nghệ thực phẩm,D07,2025,15.0,,THPT
DBG,Đại học Nông Lâm Bắc Giang,7540101,Công nghệ thực phẩm,D07,2025,15.0,,THPT
DBG,Đại học Nông Lâm Bắc Giang,7540101,Công nghệ thực phẩm,D08,2025,15.0,,THPT
DBG,Đại học Nông Lâm Bắc Giang,7620101,Nông nghiệp,A00,2025,15.0,,THPT
DBG,Trường Đại học Nông Lâm Bắc Giang,7620101,Nông nghiệp,A00,2025,15.0,,THPT
DBG,Trường Đại học Nông Lâm Bắc Giang,7620101,Nông nghiệp,A01,2025,15.0,,THPT
DBG,Đại học Nông Lâm Bắc Giang,7620101,Nông nghiệp,A01,2025,15.0,,THPT
DBG,Trường Đại học Nông Lâm Bắc Giang,7620101,Nông nghiệp,B00,2025,15.0,,THPT
DBG,Đại học Nông Lâm Bắc Giang,7620101,Nông nghiệp,B00,2025,15.0,,THPT
DBG,Trường Đại học Nông Lâm Bắc Giang,7620101,Nông nghiệp,D07,2025,15.0,,THPT
DBG,Đại học Nông Lâm Bắc Giang,7620101,Nông nghiệp,D07,2025,15.0,,THPT
DBG,Trường Đại học Nông Lâm Bắc Giang,7620101,Nông nghiệp,D08,2025,15.0,,THPT
DBG,Đại học Nông Lâm Bắc Giang,7620101,Nông nghiệp,D08,2025,15.0,,THPT
DBG,Đại học Nông Lâm Bắc Giang,7620105,Chăn nuôi,A00,2025,15.0,,THPT
DBG,Trường Đại học Nông Lâm Bắc Giang,7620105,Chăn nuôi,A00,2025,15.0,,THPT
DBG,Trường Đại học Nông Lâm Bắc Giang,7620105,Chăn nuôi,A01,2025,15.0,,THPT
DBG,Đại học Nông Lâm Bắc Giang,7620105,Chăn nuôi,A01,2025,15.0,,THPT
DBG,Trường Đại học Nông Lâm Bắc Giang,7620105,Chăn nuôi,B00,2025,15.0,,THPT
DBG,Đại học Nông Lâm Bắc Giang,7620105,Chăn nuôi,B00,2025,15.0,,THPT
DBG,Trường Đại học Nông Lâm Bắc Giang,7620105,Chăn nuôi,D07,2025,15.0,,THPT
DBG,Đại học Nông Lâm Bắc Giang,7620105,Chăn nuôi,D07,2025,15.0,,THPT
DBG,Trường Đại học Nông Lâm Bắc Giang,7620105,Chăn nuôi,D08,2025,15.0,,THPT
DBG,Đại học Nông Lâm Bắc Giang,7620105,Chăn nuôi,D08,2025,15.0,,THPT
DBG,Đại học Nông Lâm Bắc Giang,7620110,Khoa học cây trồng,A00,2025,15.0,,THPT
DBG,Trường Đại học Nông Lâm Bắc Giang,7620110,Khoa học cây trồng,A00,2025,15.0,,THPT
DBG,Trường Đại học Nông Lâm Bắc Giang,7620110,Khoa học cây trồng,A01,2025,15.0,,THPT
DBG,Đại học Nông Lâm Bắc Giang,7620110,Khoa học cây trồng,A01,2025,15.0,,THPT
DBG,Trường Đại học Nông Lâm Bắc Giang,7620110,Khoa học cây trồng,B00,2025,15.0,,THPT
DBG,Đại học Nông Lâm Bắc Giang,7620110,Khoa học cây trồng,B00,2025,15.0,,THPT
DBG,Trường Đại học Nông Lâm Bắc Giang,7620110,Khoa học cây trồng,D07,2025,15.0,,THPT
DBG,Đại học Nông Lâm Bắc Giang,7620110,Khoa học cây trồng,D07,2025,15.0,,THPT
DBG,Trường Đại học Nông Lâm Bắc Giang,7620110,Khoa học cây trồng,D08,2025,15.0,,THPT
DBG,Đại học Nông Lâm Bắc Giang,7620110,Khoa học cây trồng,D08,2025,15.0,,THPT
DBG,Đại học Nông Lâm Bắc Giang,7620112,Bảo vệ thực vật,A00,2025,15.0,,THPT
DBG,Trường Đại học Nông Lâm Bắc Giang,7620112,Bảo vệ thực vật,A00,2025,15.0,,THPT
DBG,Trường Đại học Nông Lâm Bắc Giang,7620112,Bảo vệ thực vật,A01,2025,15.0,,THPT
DBG,Đại học Nông Lâm Bắc Giang,7620112,Bảo vệ thực vật,A01,2025,15.0,,THPT
DBG,Trường Đại học Nông Lâm Bắc Giang,7620112,Bảo vệ thực vật,B00,2025,15.0,,THPT
DBG,Đại học Nông Lâm Bắc Giang,7620112,Bảo vệ thực vật,B00,2025,15.0,,THPT
DBG,Trường Đại học Nông Lâm Bắc Giang,7620112,Bảo vệ thực vật,D07,2025,15.0,,THPT
DBG,Đại học Nông Lâm Bắc Giang,7620112,Bảo vệ thực vật,D07,2025,15.0,,THPT
DBG,Trường Đại học Nông Lâm Bắc Giang,7620112,Bảo vệ thực vật,D08,2025,15.0,,THPT
DBG,Đại học Nông Lâm Bắc Giang,7620112,Bảo vệ thực vật,D08,2025,15.0,,THPT
DBG,Đại học Nông Lâm Bắc Giang,7620211,Quản lý tài nguyên rừng,A00,2025,15.0,,THPT
DBG,Trường Đại học Nông Lâm Bắc Giang,7620211,Quản lý tài nguyên rừng,A00,2025,15.0,,THPT
DBG,Trường Đại học Nông Lâm Bắc Giang,7620211,Quản lý tài nguyên rừng,A01,2025,15.0,,THPT
DBG,Đại học Nông Lâm Bắc Giang,7620211,Quản lý tài nguyên rừng,A01,2025,15.0,,THPT
DBG,Trường Đại học Nông Lâm Bắc Giang,7620211,Quản lý tài nguyên rừng,B00,2025,15.0,,THPT
DBG,Đại học Nông Lâm Bắc Giang,7620211,Quản lý tài nguyên rừng,B00,2025,15.0,,THPT
DBG,Trường Đại học Nông Lâm Bắc Giang,7620211,Quản lý tài nguyên rừng,D07,2025,15.0,,THPT
DBG,Đại học Nông Lâm Bắc Giang,7620211,Quản lý tài nguyên rừng,D07,2025,15.0,,THPT
DBG,Trường Đại học Nông Lâm Bắc Giang,7620211,Quản lý tài nguyên rừng,D08,2025,15.0,,THPT
DBG,Đại học Nông Lâm Bắc Giang,7620211,Quản lý tài nguyên rừng,D08,2025,15.0,,THPT
DBG,Đại học Nông Lâm Bắc Giang,7640101,Thú y,A00,2025,15.0,,THPT
DBG,Trường Đại học Nông Lâm Bắc Giang,7640101,Thú y,A00,2025,15.0,,THPT
DBG,Trường Đại học Nông Lâm Bắc Giang,7640101,Thú y,A01,2025,15.0,,THPT
DBG,Đại học Nông Lâm Bắc Giang,7640101,Thú y,A01,2025,15.0,,THPT
DBG,Trường Đại học Nông Lâm Bắc Giang,7640101,Thú y,B00,2025,15.0,,THPT
DBG,Đại học Nông Lâm Bắc Giang,7640101,Thú y,B00,2025,15.0,,THPT
DBG,Trường Đại học Nông Lâm Bắc Giang,7640101,Thú y,D07,2025,15.0,,THPT
DBG,Đại học Nông Lâm Bắc Giang,7640101,Thú y,D07,2025,15.0,,THPT
DBG,Trường Đại học Nông Lâm Bắc Giang,7640101,Thú y,D08,2025,15.0,,THPT
DBG,Đại học Nông Lâm Bắc Giang,7640101,Thú y,D08,2025,15.0,,THPT
DBG,Đại học Nông Lâm Bắc Giang,7850101,Quản lý tài nguyên và môi trường,A00,2025,15.0,,THPT
DBG,Trường Đại học Nông Lâm Bắc Giang,7850101,Quản lý tài nguyên và môi trường,A00,2025,15.0,,THPT
DBG,Trường Đại học Nông Lâm Bắc Giang,7850101,Quản lý tài nguyên và môi trường,A01,2025,15.0,,THPT
DBG,Đại học Nông Lâm Bắc Giang,7850101,Quản lý tài nguyên và môi trường,A01,2025,15.0,,THPT
DBG,Trường Đại học Nông Lâm Bắc Giang,7850101,Quản lý tài nguyên và môi trường,D01,2025,15.0,,THPT
DBG,Đại học Nông Lâm Bắc Giang,7850101,Quản lý tài nguyên và môi trường,D01,2025,15.0,,THPT
DBG,Trường Đại học Nông Lâm Bắc Giang,7850101,Quản lý tài nguyên và môi trường,D07,2025,15.0,,THPT
DBG,Đại học Nông Lâm Bắc Giang,7850101,Quản lý tài nguyên và môi trường,D07,2025,15.0,,THPT
DBG,Đại học Nông Lâm Bắc Giang,7850103,Quản lý đất đai,A00,2025,15.0,,THPT
DBG,Trường Đại học Nông Lâm Bắc Giang,7850103,Quản lý đất đai,A00,2025,15.0,,THPT
DBG,Trường Đại học Nông Lâm Bắc Giang,7850103,Quản lý đất đai,A01,2025,15.0,,THPT
DBG,Đại học Nông Lâm Bắc Giang,7850103,Quản lý đất đai,A01,2025,15.0,,THPT
DBG,Trường Đại học Nông Lâm Bắc Giang,7850103,Quản lý đất đai,D01,2025,15.0,,THPT
DBG,Đại học Nông Lâm Bắc Giang,7850103,Quản lý đất đai,D01,2025,15.0,,THPT
DBG,Trường Đại học Nông Lâm Bắc Giang,7850103,Quản lý đất đai,D07,2025,15.0,,THPT
DBG,Đại học Nông Lâm Bắc Giang,7850103,Quản lý đất đai,D07,2025,15.0,,THPT
DBH,Trường Đại Học Quốc Tế Bắc Hà,7340101,Quản trị kinh doanh,A00,2025,16.0,,THPT
DBH,Trường Đại Học Quốc Tế Bắc Hà,7340101,Quản trị kinh doanh,C00,2025,16.0,,THPT
DBH,Trường Đại Học Quốc Tế Bắc Hà,7340101,Quản trị kinh doanh,D01,2025,16.0,,THPT
DBH,Trường Đại Học Quốc Tế Bắc Hà,7340201,Tài chính ngân hàng,A00,2025,16.0,,THPT
DBH,Trường Đại Học Quốc Tế Bắc Hà,7340201,Tài chính ngân hàng,C00,2025,16.0,,THPT
DBH,Trường Đại Học Quốc Tế Bắc Hà,7340201,Tài chính ngân hàng,D01,2025,16.0,,THPT
DBH,Trường Đại Học Quốc Tế Bắc Hà,7340301,Kế toán,A00,2025,16.0,,THPT
DBH,Trường Đại Học Quốc Tế Bắc Hà,7340301,Kế toán,C00,2025,16.0,,THPT
DBH,Trường Đại Học Quốc Tế Bắc Hà,7340301,Kế toán,D01,2025,16.0,,THPT
DBH,Trường Đại Học Quốc Tế Bắc Hà,7480201,Công nghệ thông tin,A00,2025,16.0,,THPT
DBH,Trường Đại Học Quốc Tế Bắc Hà,7480201,Công nghệ thông tin,A01,2025,16.0,,THPT
DBH,Trường Đại Học Quốc Tế Bắc Hà,7520207,Kỹ thuật điện tử viễn thông,A00,2025,16.0,,THPT
DBH,Trường Đại Học Quốc Tế Bắc Hà,7520207,Kỹ thuật điện tử viễn thông,A01,2025,16.0,,THPT
DBH,Trường Đại Học Quốc Tế Bắc Hà,7580201,Kỹ thuật xây dựng,A00,2025,16.0,,THPT
DBH,Trường Đại Học Quốc Tế Bắc Hà,7580201,Kỹ thuật xây dựng,A01,2025,16.0,,THPT
DBH,Trường Đại Học Quốc Tế Bắc Hà,7580201,Kỹ thuật xây dựng,D01,2025,16.0,,THPT
DBH,Trường Đại Học Quốc Tế Bắc Hà,7580205,Kỹ thuật xây dựng công trình giao thông,A00,2025,16.0,,THPT
DBH,Trường Đại Học Quốc Tế Bắc Hà,7580205,Kỹ thuật xây dựng công trình giao thông,A01,2025,16.0,,THPT
DBH,Trường Đại Học Quốc Tế Bắc Hà,7580205,Kỹ thuật xây dựng công trình giao thông,D01,2025,16.0,,THPT
DBH,Trường Đại Học Quốc Tế Bắc Hà,7580301,Kinh tế xây dựng,A00,2025,16.0,,THPT
DBH,Trường Đại Học Quốc Tế Bắc Hà,7580301,Kinh tế xây dựng,A01,2025,16.0,,THPT
DBH,Trường Đại Học Quốc Tế Bắc Hà,7580301,Kinh tế xây dựng,D01,2025,16.0,,THPT
DBL,Đại học Bạc Liêu,7140202,Giáo dục Tiểu học,C00,2025,26.99,,THPT
DBL,Trường Đại Học Bạc Liêu,7140202,Giáo dục tiểu học,C00,2025,26.99,,THPT
DBL,Trường Đại Học Bạc Liêu,7140202,Giáo dục tiểu học,D01,2025,26.99,,THPT
DBL,Đại học Bạc Liêu,7140202,Giáo dục Tiểu học,D01,2025,26.99,,THPT
DBL,Trường Đại Học Bạc Liêu,7220101,Tiếng Việt và văn hóa Việt Nam,C00,2025,20.0,,THPT
DBL,Đại học Bạc Liêu,7220101,Tiếng Việt & Văn hóa Việt Nam,C00,2025,20.0,,THPT
DBL,Trường Đại Học Bạc Liêu,7220101,Tiếng Việt và văn hóa Việt Nam,C00,2025,20.0,,THPT
DBL,Trường Đại Học Bạc Liêu,7220101,Tiếng Việt và văn hóa Việt Nam,D01,2025,20.0,,THPT
DBL,Trường Đại Học Bạc Liêu,7220101,Tiếng Việt và văn hóa Việt Nam,D01,2025,20.0,,THPT
DBL,Đại học Bạc Liêu,7220101,Tiếng Việt & Văn hóa Việt Nam,D01,2025,20.0,,THPT
DBL,Trường Đại Học Bạc Liêu,7220101,Tiếng Việt và văn hóa Việt Nam,D09,2025,20.0,,THPT
DBL,Đại học Bạc Liêu,7220101,Tiếng Việt & Văn hóa Việt Nam,D09,2025,20.0,,THPT
DBL,Trường Đại Học Bạc Liêu,7220101,Tiếng Việt và văn hóa Việt Nam,D10,2025,20.0,,THPT
DBL,Đại học Bạc Liêu,7220101,Tiếng Việt & Văn hóa Việt Nam,D10,2025,20.0,,THPT
DBL,Đại học Bạc Liêu,7220201,Ngôn ngữ Anh,A01,2025,15.0,,THPT
DBL,Trường Đại Học Bạc Liêu,7220201,Ngôn ngữ Anh,A01,2025,15.0,,THPT
DBL,Trường Đại Học Bạc Liêu,7220201,Ngôn ngữ Anh,C00,2025,15.0,,THPT
DBL,Trường Đại Học Bạc Liêu,7220201,Ngôn ngữ Anh,D01,2025,15.0,,THPT
DBL,Trường Đại Học Bạc Liêu,7220201,Ngôn ngữ Anh,D01,2025,15.0,,THPT
DBL,Đại học Bạc Liêu,7220201,Ngôn ngữ Anh,D01,2025,15.0,,THPT
DBL,Trường Đại Học Bạc Liêu,7220201,Ngôn ngữ Anh,D07,2025,15.0,,THPT
DBL,Đại học Bạc Liêu,7220201,Ngôn ngữ Anh,D07,2025,15.0,,THPT
DBL,Trường Đại Học Bạc Liêu,7220201,Ngôn ngữ Anh,D08,2025,15.0,,THPT
DBL,Đại học Bạc Liêu,7220201,Ngôn ngữ Anh,D08,2025,15.0,,THPT
DBL,Trường Đại Học Bạc Liêu,7220201,Ngôn ngữ Anh,D09,2025,15.0,,THPT
DBL,Đại học Bạc Liêu,7220201,Ngôn ngữ Anh,D09,2025,15.0,,THPT
DBL,Trường Đại Học Bạc Liêu,7220201,Ngôn ngữ Anh,D10,2025,15.0,,THPT
DBL,Đại học Bạc Liêu,7220201,Ngôn ngữ Anh,D10,2025,15.0,,THPT
DBL,Đại học Bạc Liêu,7340101,Quản trị Kinh doanh,A00,2025,15.0,,THPT
DBL,Trường Đại Học Bạc Liêu,7340101,Quản trị kinh doanh,A00,2025,15.0,,THPT
DBL,Trường Đại Học Bạc Liêu,7340101,Quản trị kinh doanh,A00,2025,15.0,,THPT
DBL,Trường Đại Học Bạc Liêu,7340101,Quản trị kinh doanh,A01,2025,15.0,,THPT
DBL,Đại học Bạc Liêu,7340101,Quản trị Kinh doanh,A01,2025,15.0,,THPT
DBL,Trường Đại Học Bạc Liêu,7340101,Quản trị kinh doanh,D01,2025,15.0,,THPT
DBL,Trường Đại Học Bạc Liêu,7340101,Quản trị kinh doanh,D01,2025,15.0,,THPT
DBL,Đại học Bạc Liêu,7340101,Quản trị Kinh doanh,D01,2025,15.0,,THPT
DBL,Đại học Bạc Liêu,7340201,Tài chính – Ngân hàng,A00,2025,15.0,,THPT
DBL,Trường Đại Học Bạc Liêu,7340201,Tài chính - Ngân hàng,A00,2025,15.0,,THPT
DBL,Trường Đại Học Bạc Liêu,7340201,Tài chính - Ngân hàng,A00,2025,15.0,,THPT
DBL,Trường Đại Học Bạc Liêu,7340201,Tài chính - Ngân hàng,A01,2025,15.0,,THPT
DBL,Đại học Bạc Liêu,7340201,Tài chính – Ngân hàng,A01,2025,15.0,,THPT
DBL,Trường Đại Học Bạc Liêu,7340201,Tài chính - Ngân hàng,D01,2025,15.0,,THPT
DBL,Trường Đại Học Bạc Liêu,7340201,Tài chính - Ngân hàng,D01,2025,15.0,,THPT
DBL,Đại học Bạc Liêu,7340201,Tài chính – Ngân hàng,D01,2025,15.0,,THPT
DBL,Đại học Bạc Liêu,7340301,Kế toán,A00,2025,15.0,,THPT
DBL,Trường Đại Học Bạc Liêu,7340301,Kế toán,A00,2025,15.0,,THPT
DBL,Trường Đại Học Bạc Liêu,7340301,Kế toán,A00,2025,15.0,,THPT
DBL,Trường Đại Học Bạc Liêu,7340301,Kế toán,A01,2025,15.0,,THPT
DBL,Đại học Bạc Liêu,7340301,Kế toán,A01,2025,15.0,,THPT
DBL,Trường Đại Học Bạc Liêu,7340301,Kế toán,D01,2025,15.0,,THPT
DBL,Trường Đại Học Bạc Liêu,7340301,Kế toán,D01,2025,15.0,,THPT
DBL,Đại học Bạc Liêu,7340301,Kế toán,D01,2025,15.0,,THPT
DBL,Đại học Bạc Liêu,7440301,Khoa học môi trường,B00,2025,15.0,,THPT
DBL,Trường Đại Học Bạc Liêu,7440301,Khoa học môi trường,B00,2025,15.0,,THPT
DBL,Trường Đại Học Bạc Liêu,7440301,Khoa học môi trường,B00,2025,15.0,,THPT
DBL,Trường Đại Học Bạc Liêu,7440301,Khoa học môi trường,D01,2025,15.0,,THPT
DBL,Trường Đại Học Bạc Liêu,7440301,Khoa học môi trường,D01,2025,15.0,,THPT
DBL,Đại học Bạc Liêu,7440301,Khoa học môi trường,D01,2025,15.0,,THPT
DBL,Đại học Bạc Liêu,7480201,Công nghệ thông tin,A00,2025,15.0,,THPT
DBL,Trường Đại Học Bạc Liêu,7480201,Công nghệ thông tin,A00,2025,15.0,,THPT
DBL,Trường Đại Học Bạc Liêu,7480201,Công nghệ thông tin,A00,2025,15.0,,THPT
DBL,Trường Đại Học Bạc Liêu,7480201,Công nghệ thông tin,D01,2025,15.0,,THPT
DBL,Trường Đại Học Bạc Liêu,7480201,Công nghệ thông tin,D01,2025,15.0,,THPT
DBL,Đại học Bạc Liêu,7480201,Công nghệ thông tin,D01,2025,15.0,,THPT
DBL,Đại học Bạc Liêu,7620105,Chăn nuôi,B00,2025,15.0,,THPT
DBL,Trường Đại Học Bạc Liêu,7620105,Chăn nuôi,B00,2025,15.0,,THPT
DBL,Trường Đại Học Bạc Liêu,7620105,Chăn nuôi,B00,2025,15.0,,THPT
DBL,Trường Đại Học Bạc Liêu,7620105,Chăn nuôi,D01,2025,15.0,,THPT
DBL,Trường Đại Học Bạc Liêu,7620105,Chăn nuôi,D01,2025,15.0,,THPT
DBL,Đại học Bạc Liêu,7620105,Chăn nuôi,D01,2025,15.0,,THPT
DBL,Đại học Bạc Liêu,7620112,Bảo vệ thực vật,B00,2025,15.0,,THPT
DBL,Trường Đại Học Bạc Liêu,7620112,Bảo vệ thực vật,B00,2025,15.0,,THPT
DBL,Trường Đại Học Bạc Liêu,7620112,Bảo vệ thực vật,B00,2025,15.0,,THPT
DBL,Trường Đại Học Bạc Liêu,7620112,Bảo vệ thực vật,D01,2025,15.0,,THPT
DBL,Trường Đại Học Bạc Liêu,7620112,Bảo vệ thực vật,D01,2025,15.0,,THPT
DBL,Đại học Bạc Liêu,7620112,Bảo vệ thực vật,D01,2025,15.0,,THPT
DBL,Đại học Bạc Liêu,7620301,ĐH Nuôi trồng thủy sản,B00,2025,15.0,,THPT
DBL,Trường Đại Học Bạc Liêu,7620301,Nuôi trồng thực vật,B00,2025,15.0,,THPT
DBL,Trường Đại Học Bạc Liêu,7620301,Nuôi trồng thực vật,B00,2025,15.0,,THPT
DBL,Trường Đại Học Bạc Liêu,7620301,Nuôi trồng thực vật,D01,2025,15.0,,THPT
DBL,Trường Đại Học Bạc Liêu,7620301,Nuôi trồng thực vật,D01,2025,15.0,,THPT
DBL,Đại học Bạc Liêu,7620301,ĐH Nuôi trồng thủy sản,D01,2025,15.0,,THPT
DCA,Trường Đại học Intracom,7220201,Ngôn ngữ Anh,A01,2025,15.0,,THPT
DCA,Trường Đại học Intracom,7220201,Ngôn ngữ Anh,D01,2025,15.0,,THPT
DCA,Trường Đại học Intracom,7220201,Ngôn ngữ Anh,D10,2025,15.0,,THPT
DCA,Trường Đại học Intracom,7340101,Quản trị kinh doanh,A00,2025,15.0,,THPT
DCA,Trường Đại học Intracom,7340101,Quản trị kinh doanh,A01,2025,15.0,,THPT
DCA,Trường Đại học Intracom,7340101,Quản trị kinh doanh,D01,2025,15.0,,THPT
DCA,Trường Đại học Intracom,7340201,Tài chính - Ngân hàng,A00,2025,15.0,,THPT
DCA,Trường Đại học Intracom,7340201,Tài chính - Ngân hàng,A01,2025,15.0,,THPT
DCA,Trường Đại học Intracom,7340201,Tài chính - Ngân hàng,D01,2025,15.0,,THPT
DCA,Trường Đại học Intracom,7340301,Kế toán,A00,2025,15.0,,THPT
DCA,Trường Đại học Intracom,7340301,Kế toán,A01,2025,15.0,,THPT
DCA,Trường Đại học Intracom,7340301,Kế toán,D01,2025,15.0,,THPT
DCA,Trường Đại học Intracom,7380107,Luật Kinh tế,A00,2025,15.0,,THPT
DCA,Trường Đại học Intracom,7380107,Luật kinh tế,A00,2025,0.0,,THPT
DCA,Trường Đại học Intracom,7380107,Luật Kinh tế,A01,2025,15.0,,THPT
DCA,Trường Đại học Intracom,7380107,Luật kinh tế,A01,2025,0.0,,THPT
DCA,Trường Đại học Intracom,7380107,Luật Kinh tế,C00,2025,15.0,,THPT
DCA,Trường Đại học Intracom,7380107,Luật Kinh tế,D01,2025,15.0,,THPT
DCA,Trường Đại học Intracom,7380107,Luật kinh tế,D01,2025,0.0,,THPT
DCA,Trường Đại học Intracom,7480201,Công nghệ thông tin,A00,2025,17.0,,THPT
DCA,Trường Đại học Intracom,7480201,Công nghệ thông tin,A00,2025,17.0,,THPT
DCA,Trường Đại học Intracom,7480201,Công nghệ thông tin,A01,2025,17.0,,THPT
DCA,Trường Đại học Intracom,7480201,Công nghệ thông tin,A01,2025,17.0,,THPT
DCA,Trường Đại học Intracom,7480201,Công nghệ thông tin,C00,2025,17.0,,THPT
DCA,Trường Đại học Intracom,7480201,Công nghệ thông tin,D01,2025,17.0,,THPT
DCA,Trường Đại học Intracom,7480201,Công nghệ thông tin,D01,2025,17.0,,THPT
DCA,Trường Đại học Intracom,7520201,Kỹ thuật điện,A00,2025,17.0,,THPT
DCA,Trường Đại học Intracom,7520201,Kỹ thuật điện,A00,2025,17.0,,THPT
DCA,Trường Đại học Intracom,7520201,Kỹ thuật điện,A01,2025,17.0,,THPT
DCA,Trường Đại học Intracom,7520201,Kỹ thuật điện,A01,2025,17.0,,THPT
DCA,Trường Đại học Intracom,7520201,Kỹ thuật điện,C00,2025,17.0,,THPT
DCA,Trường Đại học Intracom,7520201,Kỹ thuật điện,D01,2025,17.0,,THPT
DCA,Trường Đại học Intracom,7520201,Kỹ thuật điện,D01,2025,17.0,,THPT
DCD,Đại học Công nghệ Đồng Nai,7210403,Thiết kế đồ họa,C00,2025,17.67,,THPT
DCD,Trường Đại Học Công Nghệ Đồng Nai,7210403,Thiết kế đồ họa,C00,2025,17.67,,THPT
DCD,Trường Đại Học Công Nghệ Đồng Nai,7210403,Thiết kế đồ họa,D01,2025,17.67,,THPT
DCD,Đại học Công nghệ Đồng Nai,7210403,Thiết kế đồ họa,D01,2025,17.67,,THPT
DCD,Đại học Công nghệ Đồng Nai,7210408,Nghệ thuật số,C00,2025,17.67,,THPT
DCD,Trường Đại Học Công Nghệ Đồng Nai,7210408,Nghệ thuật số,C00,2025,17.67,,THPT
DCD,Trường Đại Học Công Nghệ Đồng Nai,7210408,Nghệ thuật số,D01,2025,17.67,,THPT
DCD,Đại học Công nghệ Đồng Nai,7210408,Nghệ thuật số,D01,2025,17.67,,THPT
DCD,Đại học Công nghệ Đồng Nai,7220201,Ngôn ngữ Anh,D01,2025,17.67,,THPT
DCD,Trường Đại Học Công Nghệ Đồng Nai,7220201,Ngôn ngữ Anh,D01,2025,17.67,,THPT
DCD,Đại học Công nghệ Đồng Nai,7220204,Ngôn ngữ Trung Quốc,C00,2025,17.67,,THPT
DCD,Trường Đại Học Công Nghệ Đồng Nai,7220204,Ngôn ngữ Trung Quốc,C00,2025,17.67,,THPT
DCD,Trường Đại Học Công Nghệ Đồng Nai,7220204,Ngôn ngữ Trung Quốc,D01,2025,17.67,,THPT
DCD,Đại học Công nghệ Đồng Nai,7220204,Ngôn ngữ Trung Quốc,D01,2025,17.67,,THPT
DCD,Đại học Công nghệ Đồng Nai,7310608,Đông phương học,C00,2025,17.67,,THPT
DCD,Trường Đại Học Công Nghệ Đồng Nai,7310608,Đông phương học,C00,2025,17.67,,THPT
DCD,Trường Đại Học Công Nghệ Đồng Nai,7310608,Đông phương học,D01,2025,17.67,,THPT
DCD,Đại học Công nghệ Đồng Nai,7310608,Đông phương học,D01,2025,17.67,,THPT
DCD,Đại học Công nghệ Đồng Nai,7320104,Truyền thông đa phương tiện,C00,2025,17.67,,THPT
DCD,Trường Đại Học Công Nghệ Đồng Nai,7320104,Truyền thông đa phương tiện,C00,2025,17.67,,THPT
DCD,Trường Đại Học Công Nghệ Đồng Nai,7320104,Truyền thông đa phương tiện,D01,2025,17.67,,THPT
DCD,Đại học Công nghệ Đồng Nai,7320104,Truyền thông đa phương tiện,D01,2025,17.67,,THPT
DCD,Đại học Công nghệ Đồng Nai,7340101,Quản trị Kinh doanh,A00,2025,17.33,,THPT
DCD,Trường Đại Học Công Nghệ Đồng Nai,7340101,Quản trị kinh doanh,A00,2025,17.33,,THPT
DCD,Trường Đại Học Công Nghệ Đồng Nai,7340101,Quản trị kinh doanh,A01,2025,17.33,,THPT
DCD,Đại học Công nghệ Đồng Nai,7340101,Quản trị Kinh doanh,A01,2025,17.33,,THPT
DCD,Trường Đại Học Công Nghệ Đồng Nai,7340101,Quản trị kinh doanh,D01,2025,17.33,,THPT
DCD,Đại học Công nghệ Đồng Nai,7340101,Quản trị Kinh doanh,D01,2025,17.33,,THPT
DCD,Trường Đại Học Công Nghệ Đồng Nai,7340101,Quản trị kinh doanh,D09,2025,17.33,,THPT
DCD,Đại học Công nghệ Đồng Nai,7340101,Quản trị Kinh doanh,D09,2025,17.33,,THPT
DCD,Trường Đại Học Công Nghệ Đồng Nai,7340101,Quản trị kinh doanh,D10,2025,17.33,,THPT
DCD,Đại học Công nghệ Đồng Nai,7340101,Quản trị Kinh doanh,D10,2025,17.33,,THPT
DCD,Đại học Công nghệ Đồng Nai,7340201,Tài chính – Ngân hàng,A00,2025,17.33,,THPT
DCD,Trường Đại Học Công Nghệ Đồng Nai,7340201,Tài chính - Ngân hàng,A00,2025,17.33,,THPT
DCD,Trường Đại Học Công Nghệ Đồng Nai,7340201,Tài chính - Ngân hàng,A01,2025,17.33,,THPT
DCD,Đại học Công nghệ Đồng Nai,7340201,Tài chính – Ngân hàng,A01,2025,17.33,,THPT
DCD,Trường Đại Học Công Nghệ Đồng Nai,7340201,Tài chính - Ngân hàng,D01,2025,17.33,,THPT
DCD,Đại học Công nghệ Đồng Nai,7340201,Tài chính – Ngân hàng,D01,2025,17.33,,THPT
DCD,Trường Đại Học Công Nghệ Đồng Nai,7340201,Tài chính - Ngân hàng,D09,2025,17.33,,THPT
DCD,Đại học Công nghệ Đồng Nai,7340201,Tài chính – Ngân hàng,D09,2025,17.33,,THPT
DCD,Trường Đại Học Công Nghệ Đồng Nai,7340201,Tài chính - Ngân hàng,D10,2025,17.33,,THPT
DCD,Đại học Công nghệ Đồng Nai,7340201,Tài chính – Ngân hàng,D10,2025,17.33,,THPT
DCD,Đại học Công nghệ Đồng Nai,7340301,Kế toán,A00,2025,17.33,,THPT
DCD,Trường Đại Học Công Nghệ Đồng Nai,7340301,Kế toán,A00,2025,17.33,,THPT
DCD,Trường Đại Học Công Nghệ Đồng Nai,7340301,Kế toán,A01,2025,17.33,,THPT
DCD,Đại học Công nghệ Đồng Nai,7340301,Kế toán,A01,2025,17.33,,THPT
DCD,Trường Đại Học Công Nghệ Đồng Nai,7340301,Kế toán,D01,2025,17.33,,THPT
DCD,Đại học Công nghệ Đồng Nai,7340301,Kế toán,D01,2025,17.33,,THPT
DCD,Trường Đại Học Công Nghệ Đồng Nai,7340301,Kế toán,D09,2025,17.33,,THPT
DCD,Đại học Công nghệ Đồng Nai,7340301,Kế toán,D09,2025,17.33,,THPT
DCD,Trường Đại Học Công Nghệ Đồng Nai,7340301,Kế toán,D10,2025,17.33,,THPT
DCD,Đại học Công nghệ Đồng Nai,7340301,Kế toán,D10,2025,17.33,,THPT
DCD,Đại học Công nghệ Đồng Nai,7420201,Công nghệ sinh học,A00,2025,17.33,,THPT
DCD,Trường Đại Học Công Nghệ Đồng Nai,7420201,Công nghệ sinh học,A00,2025,17.33,,THPT
DCD,Trường Đại Học Công Nghệ Đồng Nai,7420201,Công nghệ sinh học,B00,2025,17.33,,THPT
DCD,Đại học Công nghệ Đồng Nai,7420201,Công nghệ sinh học,B00,2025,17.33,,THPT
DCD,Trường Đại Học Công Nghệ Đồng Nai,7420201,Công nghệ sinh học,D01,2025,17.33,,THPT
DCD,Đại học Công nghệ Đồng Nai,7420201,Công nghệ sinh học,D01,2025,17.33,,THPT
DCD,Trường Đại Học Công Nghệ Đồng Nai,7420201,Công nghệ sinh học,D09,2025,17.33,,THPT
DCD,Đại học Công nghệ Đồng Nai,7420201,Công nghệ sinh học,D09,2025,17.33,,THPT
DCD,Trường Đại Học Công Nghệ Đồng Nai,7420201,Công nghệ sinh học,D10,2025,17.33,,THPT
DCD,Đại học Công nghệ Đồng Nai,7420201,Công nghệ sinh học,D10,2025,17.33,,THPT
DCD,Đại học Công nghệ Đồng Nai,7480103,Kỹ thuật phần mềm,A00,2025,17.33,,THPT
DCD,Trường Đại Học Công Nghệ Đồng Nai,7480103,Kỹ thuật phần mềm,A00,2025,17.33,,THPT
DCD,Trường Đại Học Công Nghệ Đồng Nai,7480103,Kỹ thuật phần mềm,A01,2025,17.33,,THPT
DCD,Đại học Công nghệ Đồng Nai,7480103,Kỹ thuật phần mềm,A01,2025,17.33,,THPT
DCD,Trường Đại Học Công Nghệ Đồng Nai,7480103,Kỹ thuật phần mềm,D01,2025,17.33,,THPT
DCD,Đại học Công nghệ Đồng Nai,7480103,Kỹ thuật phần mềm,D01,2025,17.33,,THPT
DCD,Trường Đại Học Công Nghệ Đồng Nai,7480103,Kỹ thuật phần mềm,D09,2025,17.33,,THPT
DCD,Đại học Công nghệ Đồng Nai,7480103,Kỹ thuật phần mềm,D09,2025,17.33,,THPT
DCD,Trường Đại Học Công Nghệ Đồng Nai,7480103,Kỹ thuật phần mềm,D10,2025,17.33,,THPT
DCD,Đại học Công nghệ Đồng Nai,7480103,Kỹ thuật phần mềm,D10,2025,17.33,,THPT
DCD,Đại học Công nghệ Đồng Nai,7480107,Trí tuệ nhân tạo,A00,2025,17.33,,THPT
DCD,Trường Đại Học Công Nghệ Đồng Nai,7480107,Trí tuệ nhân tạo,A00,2025,17.33,,THPT
DCD,Trường Đại Học Công Nghệ Đồng Nai,7480107,Trí tuệ nhân tạo,A01,2025,17.33,,THPT
DCD,Đại học Công nghệ Đồng Nai,7480107,Trí tuệ nhân tạo,A01,2025,17.33,,THPT
DCD,Trường Đại Học Công Nghệ Đồng Nai,7480107,Trí tuệ nhân tạo,D01,2025,17.33,,THPT
DCD,Đại học Công nghệ Đồng Nai,7480107,Trí tuệ nhân tạo,D01,2025,17.33,,THPT
DCD,Trường Đại Học Công Nghệ Đồng Nai,7480107,Trí tuệ nhân tạo,D09,2025,17.33,,THPT
DCD,Đại học Công nghệ Đồng Nai,7480107,Trí tuệ nhân tạo,D09,2025,17.33,,THPT
DCD,Trường Đại Học Công Nghệ Đồng Nai,7480107,Trí tuệ nhân tạo,D10,2025,17.33,,THPT
DCD,Đại học Công nghệ Đồng Nai,7480107,Trí tuệ nhân tạo,D10,2025,17.33,,THPT
DCD,Đại học Công nghệ Đồng Nai,7480201,Công nghệ thông tin,A00,2025,17.33,,THPT
DCD,Trường Đại Học Công Nghệ Đồng Nai,7480201,Công nghệ thông tin,A00,2025,17.33,,THPT
DCD,Trường Đại Học Công Nghệ Đồng Nai,7480201,Công nghệ thông tin,A01,2025,17.33,,THPT
DCD,Đại học Công nghệ Đồng Nai,7480201,Công nghệ thông tin,A01,2025,17.33,,THPT
DCD,Trường Đại Học Công Nghệ Đồng Nai,7480201,Công nghệ thông tin,D01,2025,17.33,,THPT
DCD,Đại học Công nghệ Đồng Nai,7480201,Công nghệ thông tin,D01,2025,17.33,,THPT
DCD,Trường Đại Học Công Nghệ Đồng Nai,7480201,Công nghệ thông tin,D09,2025,17.33,,THPT
DCD,Đại học Công nghệ Đồng Nai,7480201,Công nghệ thông tin,D09,2025,17.33,,THPT
DCD,Trường Đại Học Công Nghệ Đồng Nai,7480201,Công nghệ thông tin,D10,2025,17.33,,THPT
DCD,Đại học Công nghệ Đồng Nai,7480201,Công nghệ thông tin,D10,2025,17.33,,THPT
DCD,Đại học Công nghệ Đồng Nai,7510103,Công nghệ kỹ thuật xây dựng (chuyên ngành Xây dựng dân dụng & Công nghiệp),A00,2025,17.33,,THPT
DCD,Trường Đại Học Công Nghệ Đồng Nai,7510103,Công nghệ kỹ thuật xây dựng,A00,2025,17.33,,THPT
DCD,Trường Đại Học Công Nghệ Đồng Nai,7510103,Công nghệ kỹ thuật xây dựng,A01,2025,17.33,,THPT
DCD,Đại học Công nghệ Đồng Nai,7510103,Công nghệ kỹ thuật xây dựng (chuyên ngành Xây dựng dân dụng & Công nghiệp),A01,2025,17.33,,THPT
DCD,Trường Đại Học Công Nghệ Đồng Nai,7510103,Công nghệ kỹ thuật xây dựng,D01,2025,17.33,,THPT
DCD,Đại học Công nghệ Đồng Nai,7510103,Công nghệ kỹ thuật xây dựng (chuyên ngành Xây dựng dân dụng & Công nghiệp),D01,2025,17.33,,THPT
DCD,Trường Đại Học Công Nghệ Đồng Nai,7510103,Công nghệ kỹ thuật xây dựng,D09,2025,17.33,,THPT
DCD,Đại học Công nghệ Đồng Nai,7510103,Công nghệ kỹ thuật xây dựng (chuyên ngành Xây dựng dân dụng & Công nghiệp),D09,2025,17.33,,THPT
DCD,Trường Đại Học Công Nghệ Đồng Nai,7510103,Công nghệ kỹ thuật xây dựng,D10,2025,17.33,,THPT
DCD,Đại học Công nghệ Đồng Nai,7510103,Công nghệ kỹ thuật xây dựng (chuyên ngành Xây dựng dân dụng & Công nghiệp),D10,2025,17.33,,THPT
DCD,Đại học Công nghệ Đồng Nai,7510202,Công nghệ chế tạo máy,A00,2025,17.33,,THPT
DCD,Trường Đại Học Công Nghệ Đồng Nai,7510202,Công nghệ chế tạo máy,A00,2025,17.33,,THPT
DCD,Trường Đại Học Công Nghệ Đồng Nai,7510202,Công nghệ chế tạo máy,A01,2025,17.33,,THPT
DCD,Đại học Công nghệ Đồng Nai,7510202,Công nghệ chế tạo máy,A01,2025,17.33,,THPT
DCD,Trường Đại Học Công Nghệ Đồng Nai,7510202,Công nghệ chế tạo máy,D01,2025,17.33,,THPT
DCD,Đại học Công nghệ Đồng Nai,7510202,Công nghệ chế tạo máy,D01,2025,17.33,,THPT
DCD,Trường Đại Học Công Nghệ Đồng Nai,7510202,Công nghệ chế tạo máy,D09,2025,17.33,,THPT
DCD,Đại học Công nghệ Đồng Nai,7510202,Công nghệ chế tạo máy,D09,2025,17.33,,THPT
DCD,Trường Đại Học Công Nghệ Đồng Nai,7510202,Công nghệ chế tạo máy,D10,2025,17.33,,THPT
DCD,Đại học Công nghệ Đồng Nai,7510202,Công nghệ chế tạo máy,D10,2025,17.33,,THPT
DCD,Đại học Công nghệ Đồng Nai,7510205,Công nghệ kỹ thuật ô tô,A00,2025,17.33,,THPT
DCD,Trường Đại Học Công Nghệ Đồng Nai,7510205,Công nghệ kỹ thuật ô tô,A00,2025,17.33,,THPT
DCD,Trường Đại Học Công Nghệ Đồng Nai,7510205,Công nghệ kỹ thuật ô tô,A01,2025,17.33,,THPT
DCD,Đại học Công nghệ Đồng Nai,7510205,Công nghệ kỹ thuật ô tô,A01,2025,17.33,,THPT
DCD,Trường Đại Học Công Nghệ Đồng Nai,7510205,Công nghệ kỹ thuật ô tô,D01,2025,17.33,,THPT
DCD,Đại học Công nghệ Đồng Nai,7510205,Công nghệ kỹ thuật ô tô,D01,2025,17.33,,THPT
DCD,Trường Đại Học Công Nghệ Đồng Nai,7510205,Công nghệ kỹ thuật ô tô,D09,2025,17.33,,THPT
DCD,Đại học Công nghệ Đồng Nai,7510205,Công nghệ kỹ thuật ô tô,D09,2025,17.33,,THPT
DCD,Trường Đại Học Công Nghệ Đồng Nai,7510205,Công nghệ kỹ thuật ô tô,D10,2025,17.33,,THPT
DCD,Đại học Công nghệ Đồng Nai,7510205,Công nghệ kỹ thuật ô tô,D10,2025,17.33,,THPT
DCD,Đại học Công nghệ Đồng Nai,7510301,"Công nghệ kỹ thuật điện, điện tử",A00,2025,17.33,,THPT
DCD,Trường Đại Học Công Nghệ Đồng Nai,7510301,Công nghệ kỹ thuật điện; điện tử,A00,2025,17.33,,THPT
DCD,Trường Đại Học Công Nghệ Đồng Nai,7510301,Công nghệ kỹ thuật điện; điện tử,A01,2025,17.33,,THPT
DCD,Đại học Công nghệ Đồng Nai,7510301,"Công nghệ kỹ thuật điện, điện tử",A01,2025,17.33,,THPT
DCD,Trường Đại Học Công Nghệ Đồng Nai,7510301,Công nghệ kỹ thuật điện; điện tử,D01,2025,17.33,,THPT
DCD,Đại học Công nghệ Đồng Nai,7510301,"Công nghệ kỹ thuật điện, điện tử",D01,2025,17.33,,THPT
DCD,Trường Đại Học Công Nghệ Đồng Nai,7510301,Công nghệ kỹ thuật điện; điện tử,D09,2025,17.33,,THPT
DCD,Đại học Công nghệ Đồng Nai,7510301,"Công nghệ kỹ thuật điện, điện tử",D09,2025,17.33,,THPT
DCD,Trường Đại Học Công Nghệ Đồng Nai,7510301,Công nghệ kỹ thuật điện; điện tử,D10,2025,17.33,,THPT
DCD,Đại học Công nghệ Đồng Nai,7510301,"Công nghệ kỹ thuật điện, điện tử",D10,2025,17.33,,THPT
DCD,Đại học Công nghệ Đồng Nai,7510401,Công nghệ kỹ thuật hoá học,A00,2025,17.33,,THPT
DCD,Trường Đại Học Công Nghệ Đồng Nai,7510401,Công nghệ kỹ thuật hóa học,A00,2025,17.33,,THPT
DCD,Trường Đại Học Công Nghệ Đồng Nai,7510401,Công nghệ kỹ thuật hóa học,B00,2025,17.33,,THPT
DCD,Đại học Công nghệ Đồng Nai,7510401,Công nghệ kỹ thuật hoá học,B00,2025,17.33,,THPT
DCD,Trường Đại Học Công Nghệ Đồng Nai,7510401,Công nghệ kỹ thuật hóa học,D01,2025,17.33,,THPT
DCD,Đại học Công nghệ Đồng Nai,7510401,Công nghệ kỹ thuật hoá học,D01,2025,17.33,,THPT
DCD,Trường Đại Học Công Nghệ Đồng Nai,7510401,Công nghệ kỹ thuật hóa học,D09,2025,17.33,,THPT
DCD,Đại học Công nghệ Đồng Nai,7510401,Công nghệ kỹ thuật hoá học,D09,2025,17.33,,THPT
DCD,Trường Đại Học Công Nghệ Đồng Nai,7510401,Công nghệ kỹ thuật hóa học,D10,2025,17.33,,THPT
DCD,Đại học Công nghệ Đồng Nai,7510401,Công nghệ kỹ thuật hoá học,D10,2025,17.33,,THPT
DCD,Đại học Công nghệ Đồng Nai,7510406,Công nghệ kỹ thuật Môi trường,A00,2025,17.33,,THPT
DCD,Trường Đại Học Công Nghệ Đồng Nai,7510406,Công nghệ kỹ thuật môi trường,A00,2025,17.33,,THPT
DCD,Trường Đại Học Công Nghệ Đồng Nai,7510406,Công nghệ kỹ thuật môi trường,B00,2025,17.33,,THPT
DCD,Đại học Công nghệ Đồng Nai,7510406,Công nghệ kỹ thuật Môi trường,B00,2025,17.33,,THPT
DCD,Trường Đại Học Công Nghệ Đồng Nai,7510406,Công nghệ kỹ thuật môi trường,D01,2025,17.33,,THPT
DCD,Đại học Công nghệ Đồng Nai,7510406,Công nghệ kỹ thuật Môi trường,D01,2025,17.33,,THPT
DCD,Trường Đại Học Công Nghệ Đồng Nai,7510406,Công nghệ kỹ thuật môi trường,D09,2025,17.33,,THPT
DCD,Đại học Công nghệ Đồng Nai,7510406,Công nghệ kỹ thuật Môi trường,D09,2025,17.33,,THPT
DCD,Trường Đại Học Công Nghệ Đồng Nai,7510406,Công nghệ kỹ thuật môi trường,D10,2025,17.33,,THPT
DCD,Đại học Công nghệ Đồng Nai,7510406,Công nghệ kỹ thuật Môi trường,D10,2025,17.33,,THPT
DCD,Đại học Công nghệ Đồng Nai,7510605,Logistics và Quản lý chuỗi cung ứng,A00,2025,17.33,,THPT
DCD,Trường Đại Học Công Nghệ Đồng Nai,7510605,Logistics và quản lý chuỗi cung ứng,A00,2025,17.33,,THPT
DCD,Trường Đại Học Công Nghệ Đồng Nai,7510605,Logistics và quản lý chuỗi cung ứng,A01,2025,17.33,,THPT
DCD,Đại học Công nghệ Đồng Nai,7510605,Logistics và Quản lý chuỗi cung ứng,A01,2025,17.33,,THPT
DCD,Trường Đại Học Công Nghệ Đồng Nai,7510605,Logistics và quản lý chuỗi cung ứng,D01,2025,17.33,,THPT
DCD,Đại học Công nghệ Đồng Nai,7510605,Logistics và Quản lý chuỗi cung ứng,D01,2025,17.33,,THPT
DCD,Trường Đại Học Công Nghệ Đồng Nai,7510605,Logistics và quản lý chuỗi cung ứng,D09,2025,17.33,,THPT
DCD,Đại học Công nghệ Đồng Nai,7510605,Logistics và Quản lý chuỗi cung ứng,D09,2025,17.33,,THPT
DCD,Trường Đại Học Công Nghệ Đồng Nai,7510605,Logistics và quản lý chuỗi cung ứng,D10,2025,17.33,,THPT
DCD,Đại học Công nghệ Đồng Nai,7510605,Logistics và Quản lý chuỗi cung ứng,D10,2025,17.33,,THPT
DCD,Đại học Công nghệ Đồng Nai,7540101,Công nghệ thực phẩm,A00,2025,17.33,,THPT
DCD,Trường Đại Học Công Nghệ Đồng Nai,7540101,Công nghệ thực phẩm,A00,2025,17.33,,THPT
DCD,Đại học Công nghệ Đồng Nai,7540101,Công nghệ thực phẩm,B00,2025,17.33,,THPT
DCD,Trường Đại Học Công Nghệ Đồng Nai,7540101,Công nghệ thực phẩm,D01,2025,17.33,,THPT
DCD,Đại học Công nghệ Đồng Nai,7540101,Công nghệ thực phẩm,D01,2025,17.33,,THPT
DCD,Trường Đại Học Công Nghệ Đồng Nai,7540101,Công nghệ thực phẩm,D09,2025,17.33,,THPT
DCD,Đại học Công nghệ Đồng Nai,7540101,Công nghệ thực phẩm,D09,2025,17.33,,THPT
DCD,Trường Đại Học Công Nghệ Đồng Nai,7540101,Công nghệ thực phẩm,D10,2025,17.33,,THPT
DCD,Đại học Công nghệ Đồng Nai,7540101,Công nghệ thực phẩm,D10,2025,17.33,,THPT
DCD,Đại học Công nghệ Đồng Nai,7720301,Điều dưỡng,A00,2025,22.8,,THPT
DCD,Trường Đại Học Công Nghệ Đồng Nai,7720301,Điều dưỡng,A00,2025,22.8,,THPT
DCD,Trường Đại Học Công Nghệ Đồng Nai,7720301,Điều dưỡng,B00,2025,22.8,,THPT
DCD,Đại học Công nghệ Đồng Nai,7720301,Điều dưỡng,B00,2025,22.8,,THPT
DCD,Trường Đại Học Công Nghệ Đồng Nai,7720301,Điều dưỡng,D01,2025,22.8,,THPT
DCD,Đại học Công nghệ Đồng Nai,7720301,Điều dưỡng,D01,2025,22.8,,THPT
DCD,Trường Đại Học Công Nghệ Đồng Nai,7720301,Điều dưỡng,D07,2025,22.8,,THPT
DCD,Trường Đại Học Công Nghệ Đồng Nai,7720301,Điều dưỡng,D09,2025,22.8,,THPT
DCD,Đại học Công nghệ Đồng Nai,7720301,Điều dưỡng,D09,2025,22.8,,THPT
DCD,Trường Đại Học Công Nghệ Đồng Nai,7720301,Điều dưỡng,D10,2025,22.8,,THPT
DCD,Đại học Công nghệ Đồng Nai,7720301,Điều dưỡng,D10,2025,22.8,,THPT
DCD,Đại học Công nghệ Đồng Nai,7720601,Kỹ thuật xét nghiệm y học,A00,2025,22.8,,THPT
DCD,Trường Đại Học Công Nghệ Đồng Nai,7720601,Kỹ thuật xét nghiệm y học,A00,2025,22.8,,THPT
DCD,Trường Đại Học Công Nghệ Đồng Nai,7720601,Kỹ thuật xét nghiệm y học,B00,2025,22.8,,THPT
DCD,Đại học Công nghệ Đồng Nai,7720601,Kỹ thuật xét nghiệm y học,B00,2025,22.8,,THPT
DCD,Trường Đại Học Công Nghệ Đồng Nai,7720601,Kỹ thuật xét nghiệm y học,D01,2025,22.8,,THPT
DCD,Đại học Công nghệ Đồng Nai,7720601,Kỹ thuật xét nghiệm y học,D01,2025,22.8,,THPT
DCD,Trường Đại Học Công Nghệ Đồng Nai,7720601,Kỹ thuật xét nghiệm y học,D07,2025,22.8,,THPT
DCD,Trường Đại Học Công Nghệ Đồng Nai,7720601,Kỹ thuật xét nghiệm y học,D09,2025,22.8,,THPT
DCD,Đại học Công nghệ Đồng Nai,7720601,Kỹ thuật xét nghiệm y học,D09,2025,22.8,,THPT
DCD,Trường Đại Học Công Nghệ Đồng Nai,7720601,Kỹ thuật xét nghiệm y học,D10,2025,22.8,,THPT
DCD,Đại học Công nghệ Đồng Nai,7720601,Kỹ thuật xét nghiệm y học,D10,2025,22.8,,THPT
DCD,Đại học Công nghệ Đồng Nai,7810103,Quản trị dịch vụ du lịch và lữ hành,A00,2025,17.33,,THPT
DCD,Trường Đại Học Công Nghệ Đồng Nai,7810103,Quản trị dịch vụ du lịch và lữ hành,A00,2025,17.33,,THPT
DCD,Trường Đại Học Công Nghệ Đồng Nai,7810103,Quản trị dịch vụ du lịch và lữ hành,A01,2025,17.33,,THPT
DCD,Đại học Công nghệ Đồng Nai,7810103,Quản trị dịch vụ du lịch và lữ hành,A01,2025,17.33,,THPT
DCD,Trường Đại Học Công Nghệ Đồng Nai,7810103,Quản trị dịch vụ du lịch và lữ hành,D01,2025,17.33,,THPT
DCD,Đại học Công nghệ Đồng Nai,7810103,Quản trị dịch vụ du lịch và lữ hành,D01,2025,17.33,,THPT
DCD,Trường Đại Học Công Nghệ Đồng Nai,7810103,Quản trị dịch vụ du lịch và lữ hành,D09,2025,17.33,,THPT
DCD,Đại học Công nghệ Đồng Nai,7810103,Quản trị dịch vụ du lịch và lữ hành,D09,2025,17.33,,THPT
DCD,Trường Đại Học Công Nghệ Đồng Nai,7810103,Quản trị dịch vụ du lịch và lữ hành,D10,2025,17.33,,THPT
DCD,Đại học Công nghệ Đồng Nai,7810103,Quản trị dịch vụ du lịch và lữ hành,D10,2025,17.33,,THPT
DCD,Đại học Công nghệ Đồng Nai,7810201,Quản trị khách sạn,A00,2025,17.33,,THPT
DCD,Trường Đại Học Công Nghệ Đồng Nai,7810201,Quản trị khách sạn,A00,2025,17.33,,THPT
DCD,Trường Đại Học Công Nghệ Đồng Nai,7810201,Quản trị khách sạn,A01,2025,17.33,,THPT
DCD,Đại học Công nghệ Đồng Nai,7810201,Quản trị khách sạn,A01,2025,17.33,,THPT
DCD,Trường Đại Học Công Nghệ Đồng Nai,7810201,Quản trị khách sạn,D01,2025,17.33,,THPT
DCD,Đại học Công nghệ Đồng Nai,7810201,Quản trị khách sạn,D01,2025,17.33,,THPT
DCD,Trường Đại Học Công Nghệ Đồng Nai,7810201,Quản trị khách sạn,D09,2025,17.33,,THPT
DCD,Đại học Công nghệ Đồng Nai,7810201,Quản trị khách sạn,D09,2025,17.33,,THPT
DCD,Trường Đại Học Công Nghệ Đồng Nai,7810201,Quản trị khách sạn,D10,2025,17.33,,THPT
DCD,Đại học Công nghệ Đồng Nai,7810201,Quản trị khách sạn,D10,2025,17.33,,THPT
DCH,Trường Sĩ Quan Đặc Công,7860207_B,Ngành Chỉ huy tham mưu Đặc công (Thí sinh Nam miền Bắc),A00,2025,22.5,,THPT
DCH,Trường Sĩ Quan Đặc Công,7860207_B,Ngành Chỉ huy tham mưu Đặc công (Thí sinh Nam miền Bắc),A01,2025,22.5,,THPT
DCH,Trường Sĩ Quan Đặc Công,7860207_N,Ngành Chỉ huy tham mưu Đặc công (Thí sinh Nam miền Nam),A00,2025,21.5,,THPT
DCH,Trường Sĩ Quan Đặc Công,7860207_N,Ngành Chỉ huy tham mưu Đặc công (Thí sinh Nam miền Nam),A01,2025,21.5,,THPT
DCH,Trường Sĩ Quan Đặc Công,7860207|21A00,Ngành Chỉ huy tham mưu Đặc công (Thí sinh Nam miền Bắc),A00,2025,22.55,,THPT
DCH,Trường Sĩ Quan Đặc Công,7860207|21A00,Ngành Chỉ huy tham mưu Đặc công (Thí sinh Nam miền Bắc),A01,2025,22.55,,THPT
DCH,Trường Sĩ Quan Đặc Công,7860207|22A00,Ngành Chỉ huy tham mưu Đặc công (Thí sinh Nam miền Nam),A00,2025,21.5,,THPT
DCH,Trường Sĩ Quan Đặc Công,7860207|22A00,Ngành Chỉ huy tham mưu Đặc công (Thí sinh Nam miền Nam),A01,2025,21.5,,THPT
DCL,Đại học Cửu Long,7210403,Thiết kế đồ họa,A00,2025,15.0,,THPT
DCL,Trường Đại Học Cửu Long,7210403,Thiết kế đồ họa,A00,2025,15.0,,THPT
DCL,Trường Đại Học Cửu Long,7210403,Thiết kế đồ họa,A01,2025,15.0,,THPT
DCL,Đại học Cửu Long,7210403,Thiết kế đồ họa,A01,2025,15.0,,THPT
DCL,Trường Đại Học Cửu Long,7210403,Thiết kế đồ họa,D01,2025,15.0,,THPT
DCL,Đại học Cửu Long,7210403,Thiết kế đồ họa,D01,2025,15.0,,THPT
DCL,Trường Đại Học Cửu Long,7210403,Thiết kế đồ họa,D09,2025,15.0,,THPT
DCL,Đại học Cửu Long,7210403,Thiết kế đồ họa,D09,2025,15.0,,THPT
DCL,Trường Đại Học Cửu Long,7210403,Thiết kế đồ họa,D10,2025,15.0,,THPT
DCL,Đại học Cửu Long,7210403,Thiết kế đồ họa,D10,2025,15.0,,THPT
DCL,Đại học Cửu Long,7220101,Tiếng Việt & Văn hóa Việt Nam,A01,2025,15.0,,THPT
DCL,Trường Đại Học Cửu Long,7220101,Tiếng Việt và Văn hóa Việt Nam,A01,2025,15.0,,THPT
DCL,Trường Đại Học Cửu Long,7220101,Tiếng Việt và Văn hóa Việt Nam,C00,2025,15.0,,THPT
DCL,Đại học Cửu Long,7220101,Tiếng Việt & Văn hóa Việt Nam,C00,2025,15.0,,THPT
DCL,Trường Đại Học Cửu Long,7220101,Tiếng Việt và Văn hóa Việt Nam,D01,2025,15.0,,THPT
DCL,Đại học Cửu Long,7220101,Tiếng Việt & Văn hóa Việt Nam,D01,2025,15.0,,THPT
DCL,Đại học Cửu Long,7220201,Ngôn ngữ Anh,A01,2025,15.0,,THPT
DCL,Trường Đại Học Cửu Long,7220201,Ngôn ngữ Anh,A01,2025,15.0,,THPT
DCL,Trường Đại Học Cửu Long,7220201,Ngôn ngữ Anh,D01,2025,15.0,,THPT
DCL,Đại học Cửu Long,7220201,Ngôn ngữ Anh,D01,2025,15.0,,THPT
DCL,Trường Đại Học Cửu Long,7220201,Ngôn ngữ Anh,D07,2025,15.0,,THPT
DCL,Đại học Cửu Long,7220201,Ngôn ngữ Anh,D07,2025,15.0,,THPT
DCL,Trường Đại Học Cửu Long,7220201,Ngôn ngữ Anh,D08,2025,15.0,,THPT
DCL,Đại học Cửu Long,7220201,Ngôn ngữ Anh,D08,2025,15.0,,THPT
DCL,Trường Đại Học Cửu Long,7220201,Ngôn ngữ Anh,D09,2025,15.0,,THPT
DCL,Đại học Cửu Long,7220201,Ngôn ngữ Anh,D09,2025,15.0,,THPT
DCL,Trường Đại Học Cửu Long,7220201,Ngôn ngữ Anh,D10,2025,15.0,,THPT
DCL,Đại học Cửu Long,7220201,Ngôn ngữ Anh,D10,2025,15.0,,THPT
DCL,Đại học Cửu Long,7310110,Quản lý kinh tế,A00,2025,15.0,,THPT
DCL,Trường Đại Học Cửu Long,7310110,Quản lý kinh tế,A00,2025,15.0,,THPT
DCL,Trường Đại Học Cửu Long,7310110,Quản lý kinh tế,A01,2025,15.0,,THPT
DCL,Đại học Cửu Long,7310110,Quản lý kinh tế,A01,2025,15.0,,THPT
DCL,Trường Đại Học Cửu Long,7310110,Quản lý kinh tế,D01,2025,15.0,,THPT
DCL,Đại học Cửu Long,7310110,Quản lý kinh tế,D01,2025,15.0,,THPT
DCL,Đại học Cửu Long,7310608,Đông phương học,A01,2025,15.0,,THPT
DCL,Trường Đại Học Cửu Long,7310608,Đông phương học,A01,2025,15.0,,THPT
DCL,Trường Đại Học Cửu Long,7310608,Đông phương học,C00,2025,15.0,,THPT
DCL,Đại học Cửu Long,7310608,Đông phương học,C00,2025,15.0,,THPT
DCL,Trường Đại Học Cửu Long,7310608,Đông phương học,D01,2025,15.0,,THPT
DCL,Đại học Cửu Long,7310608,Đông phương học,D01,2025,15.0,,THPT
DCL,Đại học Cửu Long,7320104,Truyền thông đa phương tiện,A00,2025,15.0,,THPT
DCL,Trường Đại Học Cửu Long,7320104,Truyền thông đa phương tiện,A00,2025,15.0,,THPT
DCL,Trường Đại Học Cửu Long,7320104,Truyền thông đa phương tiện,A01,2025,15.0,,THPT
DCL,Trường Đại Học Cửu Long,7320104,Truyền thông đa phương tiện,C00,2025,15.0,,THPT
DCL,Đại học Cửu Long,7320104,Truyền thông đa phương tiện,C00,2025,15.0,,THPT
DCL,Trường Đại Học Cửu Long,7320104,Truyền thông đa phương tiện,D01,2025,15.0,,THPT
DCL,Đại học Cửu Long,7320104,Truyền thông đa phương tiện,D01,2025,15.0,,THPT
DCL,Đại học Cửu Long,7320108,Quan hệ công chúng,A00,2025,15.0,,THPT
DCL,Trường Đại Học Cửu Long,7320108,Quan hệ công chúng,A00,2025,15.0,,THPT
DCL,Trường Đại Học Cửu Long,7320108,Quan hệ công chúng,A01,2025,15.0,,THPT
DCL,Đại học Cửu Long,7320108,Quan hệ công chúng,A01,2025,15.0,,THPT
DCL,Trường Đại Học Cửu Long,7320108,Quan hệ công chúng,C00,2025,15.0,,THPT
DCL,Đại học Cửu Long,7320108,Quan hệ công chúng,C00,2025,15.0,,THPT
DCL,Trường Đại Học Cửu Long,7320108,Quan hệ công chúng,D01,2025,15.0,,THPT
DCL,Đại học Cửu Long,7320108,Quan hệ công chúng,D01,2025,15.0,,THPT
DCL,Đại học Cửu Long,7340101,Quản trị Kinh doanh,A00,2025,15.0,,THPT
DCL,Trường Đại Học Cửu Long,7340101,Quản trị kinh doanh,A00,2025,15.0,,THPT
DCL,Trường Đại Học Cửu Long,7340101,Quản trị kinh doanh,A01,2025,15.0,,THPT
DCL,Đại học Cửu Long,7340101,Quản trị Kinh doanh,A01,2025,15.0,,THPT
DCL,Trường Đại Học Cửu Long,7340101,Quản trị kinh doanh,D01,2025,15.0,,THPT
DCL,Đại học Cửu Long,7340101,Quản trị Kinh doanh,D01,2025,15.0,,THPT
DCL,Đại học Cửu Long,7340115,Marketing,A00,2025,15.0,,THPT
DCL,Trường Đại Học Cửu Long,7340115,Marketing,A00,2025,15.0,,THPT
DCL,Trường Đại Học Cửu Long,7340115,Marketing,A01,2025,15.0,,THPT
DCL,Đại học Cửu Long,7340115,Marketing,A01,2025,15.0,,THPT
DCL,Trường Đại Học Cửu Long,7340115,Marketing,D01,2025,15.0,,THPT
DCL,Đại học Cửu Long,7340115,Marketing,D01,2025,15.0,,THPT
DCL,Đại học Cửu Long,7340121,Kinh doanh thương mại,A00,2025,15.0,,THPT
DCL,Trường Đại Học Cửu Long,7340121,kinh doanh thương mại,A00,2025,15.0,,THPT
DCL,Trường Đại Học Cửu Long,7340121,kinh doanh thương mại,A01,2025,15.0,,THPT
DCL,Đại học Cửu Long,7340121,Kinh doanh thương mại,A01,2025,15.0,,THPT
DCL,Trường Đại Học Cửu Long,7340121,kinh doanh thương mại,D01,2025,15.0,,THPT
DCL,Đại học Cửu Long,7340121,Kinh doanh thương mại,D01,2025,15.0,,THPT
DCL,Đại học Cửu Long,7340201,Tài chính – Ngân hàng,A00,2025,15.0,,THPT
DCL,Trường Đại Học Cửu Long,7340201,Tài chính - Ngân hàng,A00,2025,15.0,,THPT
DCL,Trường Đại Học Cửu Long,7340201,Tài chính - Ngân hàng,A01,2025,15.0,,THPT
DCL,Đại học Cửu Long,7340201,Tài chính – Ngân hàng,A01,2025,15.0,,THPT
DCL,Trường Đại Học Cửu Long,7340201,Tài chính - Ngân hàng,D01,2025,15.0,,THPT
DCL,Đại học Cửu Long,7340201,Tài chính – Ngân hàng,D01,2025,15.0,,THPT
DCL,Đại học Cửu Long,7340205,Công nghệ tài chính,A00,2025,15.0,,THPT
DCL,Trường Đại Học Cửu Long,7340205,Công nghệ tài chính,A00,2025,15.0,,THPT
DCL,Trường Đại Học Cửu Long,7340205,Công nghệ tài chính,A01,2025,15.0,,THPT
DCL,Đại học Cửu Long,7340205,Công nghệ tài chính,A01,2025,15.0,,THPT
DCL,Trường Đại Học Cửu Long,7340205,Công nghệ tài chính,D01,2025,15.0,,THPT
DCL,Đại học Cửu Long,7340205,Công nghệ tài chính,D01,2025,15.0,,THPT
DCL,Đại học Cửu Long,7340301,Kế toán,A00,2025,15.0,,THPT
DCL,Trường Đại Học Cửu Long,7340301,Kế toán,A00,2025,15.0,,THPT
DCL,Trường Đại Học Cửu Long,7340301,Kế toán,A01,2025,15.0,,THPT
DCL,Đại học Cửu Long,7340301,Kế toán,A01,2025,15.0,,THPT
DCL,Trường Đại Học Cửu Long,7340301,Kế toán,D01,2025,15.0,,THPT
DCL,Đại học Cửu Long,7340301,Kế toán,D01,2025,15.0,,THPT
DCL,Đại học Cửu Long,7380101,Ngành Luật,A00,2025,15.0,,THPT
DCL,Trường Đại Học Cửu Long,7380101,Luật,A00,2025,15.0,,THPT
DCL,Trường Đại Học Cửu Long,7380101,Luật,A01,2025,15.0,,THPT
DCL,Đại học Cửu Long,7380101,Ngành Luật,A01,2025,15.0,,THPT
DCL,Trường Đại Học Cửu Long,7380101,Luật,C00,2025,15.0,,THPT
DCL,Đại học Cửu Long,7380101,Ngành Luật,C00,2025,15.0,,THPT
DCL,Trường Đại Học Cửu Long,7380101,Luật,D01,2025,15.0,,THPT
DCL,Đại học Cửu Long,7380101,Ngành Luật,D01,2025,15.0,,THPT
DCL,Đại học Cửu Long,7380107,Luật kinh tế,A00,2025,15.0,,THPT
DCL,Trường Đại Học Cửu Long,7380107,Luật kinh tế,A00,2025,15.0,,THPT
DCL,Trường Đại Học Cửu Long,7380107,Luật kinh tế,A01,2025,15.0,,THPT
DCL,Đại học Cửu Long,7380107,Luật kinh tế,A01,2025,15.0,,THPT
DCL,Trường Đại Học Cửu Long,7380107,Luật kinh tế,C00,2025,15.0,,THPT
DCL,Đại học Cửu Long,7380107,Luật kinh tế,C00,2025,15.0,,THPT
DCL,Trường Đại Học Cửu Long,7380107,Luật kinh tế,D01,2025,15.0,,THPT
DCL,Đại học Cửu Long,7380107,Luật kinh tế,D01,2025,15.0,,THPT
DCL,Đại học Cửu Long,7480201,Công nghệ thông tin,A00,2025,15.0,,THPT
DCL,Trường Đại Học Cửu Long,7480201,Công nghệ thông tin,A00,2025,15.0,,THPT
DCL,Trường Đại Học Cửu Long,7480201,Công nghệ thông tin,A01,2025,15.0,,THPT
DCL,Đại học Cửu Long,7480201,Công nghệ thông tin,A01,2025,15.0,,THPT
DCL,Trường Đại Học Cửu Long,7480201,Công nghệ thông tin,D01,2025,15.0,,THPT
DCL,Đại học Cửu Long,7480201,Công nghệ thông tin,D01,2025,15.0,,THPT
DCL,Trường Đại Học Cửu Long,7480201,Công nghệ thông tin,D07,2025,15.0,,THPT
DCL,Đại học Cửu Long,7480201,Công nghệ thông tin,D07,2025,15.0,,THPT
DCL,Đại học Cửu Long,7510102,Công nghệ kỹ thuật xây dựng dân dụng và công nghiệp,A00,2025,15.0,,THPT
DCL,Trường Đại Học Cửu Long,7510102,Công nghệ kỹ thuật công trình xây dựng,A00,2025,15.0,,THPT
DCL,Trường Đại Học Cửu Long,7510102,Công nghệ kỹ thuật công trình xây dựng,A01,2025,15.0,,THPT
DCL,Đại học Cửu Long,7510102,Công nghệ kỹ thuật xây dựng dân dụng và công nghiệp,A01,2025,15.0,,THPT
DCL,Trường Đại Học Cửu Long,7510102,Công nghệ kỹ thuật công trình xây dựng,D01,2025,15.0,,THPT
DCL,Đại học Cửu Long,7510102,Công nghệ kỹ thuật xây dựng dân dụng và công nghiệp,D01,2025,15.0,,THPT
DCL,Đại học Cửu Long,7510201,Công nghệ kỹ thuật cơ khí (chuyên ngành Cơ khí chế tạo),A00,2025,15.0,,THPT
DCL,Trường Đại Học Cửu Long,7510201,Công nghệ kỹ thuật cơ khí,A00,2025,15.0,,THPT
DCL,Trường Đại Học Cửu Long,7510201,Công nghệ kỹ thuật cơ khí,A01,2025,15.0,,THPT
DCL,Đại học Cửu Long,7510201,Công nghệ kỹ thuật cơ khí (chuyên ngành Cơ khí chế tạo),A01,2025,15.0,,THPT
DCL,Trường Đại Học Cửu Long,7510201,Công nghệ kỹ thuật cơ khí,D01,2025,15.0,,THPT
DCL,Đại học Cửu Long,7510201,Công nghệ kỹ thuật cơ khí (chuyên ngành Cơ khí chế tạo),D01,2025,15.0,,THPT
DCL,Đại học Cửu Long,7510205,Công nghệ kỹ thuật ô tô,A00,2025,15.0,,THPT
DCL,Trường Đại Học Cửu Long,7510205,Công nghệ kỹ thuật ô tô,A00,2025,15.0,,THPT
DCL,Trường Đại Học Cửu Long,7510205,Công nghệ kỹ thuật ô tô,A01,2025,15.0,,THPT
DCL,Đại học Cửu Long,7510205,Công nghệ kỹ thuật ô tô,A01,2025,15.0,,THPT
DCL,Trường Đại Học Cửu Long,7510205,Công nghệ kỹ thuật ô tô,D01,2025,15.0,,THPT
DCL,Đại học Cửu Long,7510205,Công nghệ kỹ thuật ô tô,D01,2025,15.0,,THPT
DCL,Đại học Cửu Long,7510301,"Công nghệ kỹ thuật điện, điện tử",A00,2025,15.0,,THPT
DCL,Trường Đại Học Cửu Long,7510301,"Công nghệ kỹ thuật điện, điện tử",A00,2025,15.0,,THPT
DCL,Trường Đại Học Cửu Long,7510301,"Công nghệ kỹ thuật điện, điện tử",A01,2025,15.0,,THPT
DCL,Đại học Cửu Long,7510301,"Công nghệ kỹ thuật điện, điện tử",A01,2025,15.0,,THPT
DCL,Trường Đại Học Cửu Long,7510301,"Công nghệ kỹ thuật điện, điện tử",D01,2025,15.0,,THPT
DCL,Đại học Cửu Long,7510301,"Công nghệ kỹ thuật điện, điện tử",D01,2025,15.0,,THPT
DCL,Đại học Cửu Long,7520212,Kỹ thuật y sinh,A00,2025,15.0,,THPT
DCL,Trường Đại Học Cửu Long,7520212,Kỹ thuật y sinh,A00,2025,15.0,,THPT
DCL,Trường Đại Học Cửu Long,7520212,Kỹ thuật y sinh,A01,2025,15.0,,THPT
DCL,Đại học Cửu Long,7520212,Kỹ thuật y sinh,A01,2025,15.0,,THPT
DCL,Trường Đại Học Cửu Long,7520212,Kỹ thuật y sinh,D01,2025,15.0,,THPT
DCL,Đại học Cửu Long,7520212,Kỹ thuật y sinh,D01,2025,15.0,,THPT
DCL,Đại học Cửu Long,7540101,Công nghệ thực phẩm,A00,2025,15.0,,THPT
DCL,Trường Đại Học Cửu Long,7540101,Công nghệ thực phẩm,A00,2025,15.0,,THPT
DCL,Trường Đại Học Cửu Long,7540101,Công nghệ thực phẩm,A01,2025,15.0,,THPT
DCL,Đại học Cửu Long,7540101,Công nghệ thực phẩm,A01,2025,15.0,,THPT
DCL,Trường Đại Học Cửu Long,7540101,Công nghệ thực phẩm,B00,2025,15.0,,THPT
DCL,Đại học Cửu Long,7540101,Công nghệ thực phẩm,B00,2025,15.0,,THPT
DCL,Trường Đại Học Cửu Long,7540101,Công nghệ thực phẩm,D01,2025,15.0,,THPT
DCL,Đại học Cửu Long,7540101,Công nghệ thực phẩm,D01,2025,15.0,,THPT
DCL,Trường Đại Học Cửu Long,7540101,Công nghệ thực phẩm,D07,2025,15.0,,THPT
DCL,Đại học Cửu Long,7540101,Công nghệ thực phẩm,D07,2025,15.0,,THPT
DCL,Đại học Cửu Long,7580205,Kỹ thuật xây dựng công trình giao thông,A00,2025,15.0,,THPT
DCL,Trường Đại Học Cửu Long,7580205,Kỹ thuật xây dựng công trình giao thông,A00,2025,15.0,,THPT
DCL,Trường Đại Học Cửu Long,7580205,Kỹ thuật xây dựng công trình giao thông,A01,2025,15.0,,THPT
DCL,Đại học Cửu Long,7580205,Kỹ thuật xây dựng công trình giao thông,A01,2025,15.0,,THPT
DCL,Trường Đại Học Cửu Long,7580205,Kỹ thuật xây dựng công trình giao thông,D01,2025,15.0,,THPT
DCL,Đại học Cửu Long,7580205,Kỹ thuật xây dựng công trình giao thông,D01,2025,15.0,,THPT
DCL,Đại học Cửu Long,7620109,Nông học,A00,2025,15.0,,THPT
DCL,Trường Đại Học Cửu Long,7620109,Nông học,A00,2025,15.0,,THPT
DCL,Trường Đại Học Cửu Long,7620109,Nông học,A01,2025,15.0,,THPT
DCL,Đại học Cửu Long,7620109,Nông học,A01,2025,15.0,,THPT
DCL,Trường Đại Học Cửu Long,7620109,Nông học,B00,2025,15.0,,THPT
DCL,Đại học Cửu Long,7620109,Nông học,B00,2025,15.0,,THPT
DCL,Trường Đại Học Cửu Long,7620109,Nông học,D01,2025,15.0,,THPT
DCL,Đại học Cửu Long,7620109,Nông học,D01,2025,15.0,,THPT
DCL,Đại học Cửu Long,7620112,Bảo vệ thực vật,A00,2025,15.0,,THPT
DCL,Trường Đại Học Cửu Long,7620112,Bảo vệ thực vật,A00,2025,15.0,,THPT
DCL,Trường Đại Học Cửu Long,7620112,Bảo vệ thực vật,A01,2025,15.0,,THPT
DCL,Đại học Cửu Long,7620112,Bảo vệ thực vật,A01,2025,15.0,,THPT
DCL,Trường Đại Học Cửu Long,7620112,Bảo vệ thực vật,B00,2025,15.0,,THPT
DCL,Đại học Cửu Long,7620112,Bảo vệ thực vật,B00,2025,15.0,,THPT
DCL,Trường Đại Học Cửu Long,7620112,Bảo vệ thực vật,D01,2025,15.0,,THPT
DCL,Đại học Cửu Long,7620112,Bảo vệ thực vật,D01,2025,15.0,,THPT
DCL,Đại học Cửu Long,7620301,ĐH Nuôi trồng thủy sản,A00,2025,15.0,,THPT
DCL,Trường Đại Học Cửu Long,7620301,Nuôi trồng thủy sản,A00,2025,15.0,,THPT
DCL,Trường Đại Học Cửu Long,7620301,Nuôi trồng thủy sản,A01,2025,15.0,,THPT
DCL,Đại học Cửu Long,7620301,ĐH Nuôi trồng thủy sản,A01,2025,15.0,,THPT
DCL,Trường Đại Học Cửu Long,7620301,Nuôi trồng thủy sản,B00,2025,15.0,,THPT
DCL,Đại học Cửu Long,7620301,ĐH Nuôi trồng thủy sản,B00,2025,15.0,,THPT
DCL,Trường Đại Học Cửu Long,7620301,Nuôi trồng thủy sản,D01,2025,15.0,,THPT
DCL,Đại học Cửu Long,7620301,ĐH Nuôi trồng thủy sản,D01,2025,15.0,,THPT
DCL,Đại học Cửu Long,7640101,Thú y,A00,2025,15.0,,THPT
DCL,Trường Đại Học Cửu Long,7640101,Thú y,A00,2025,15.0,,THPT
DCL,Trường Đại Học Cửu Long,7640101,Thú y,A01,2025,15.0,,THPT
DCL,Đại học Cửu Long,7640101,Thú y,A01,2025,15.0,,THPT
DCL,Trường Đại Học Cửu Long,7640101,Thú y,B00,2025,15.0,,THPT
DCL,Đại học Cửu Long,7640101,Thú y,B00,2025,15.0,,THPT
DCL,Trường Đại Học Cửu Long,7640101,Thú y,D01,2025,15.0,,THPT
DCL,Đại học Cửu Long,7640101,Thú y,D01,2025,15.0,,THPT
DCL,Đại học Cửu Long,7720101,Y khoa,A00,2025,20.5,,THPT
DCL,Trường Đại Học Cửu Long,7720101,Y khoa,A00,2025,20.5,,THPT
DCL,Trường Đại Học Cửu Long,7720101,Y khoa,A01,2025,20.5,,THPT
DCL,Đại học Cửu Long,7720101,Y khoa,A01,2025,20.5,,THPT
DCL,Trường Đại Học Cửu Long,7720101,Y khoa,B00,2025,20.5,,THPT
DCL,Đại học Cửu Long,7720101,Y khoa,B00,2025,20.5,,THPT
DCL,Trường Đại Học Cửu Long,7720101,Y khoa,D07,2025,20.5,,THPT
DCL,Đại học Cửu Long,7720101,Y khoa,D07,2025,20.5,,THPT
DCL,Đại học Cửu Long,7720115,Y học cổ truyền,A00,2025,20.5,,THPT
DCL,Trường Đại Học Cửu Long,7720115,Răng - Hàm - Mặt,A00,2025,20.5,,THPT
DCL,Trường Đại Học Cửu Long,7720115,Răng - Hàm - Mặt,A01,2025,20.5,,THPT
DCL,Đại học Cửu Long,7720115,Y học cổ truyền,A01,2025,20.5,,THPT
DCL,Trường Đại Học Cửu Long,7720115,Răng - Hàm - Mặt,B00,2025,20.5,,THPT
DCL,Đại học Cửu Long,7720115,Y học cổ truyền,B00,2025,20.5,,THPT
DCL,Trường Đại Học Cửu Long,7720115,Răng - Hàm - Mặt,D07,2025,20.5,,THPT
DCL,Đại học Cửu Long,7720115,Y học cổ truyền,D07,2025,20.5,,THPT
DCL,Đại học Cửu Long,7720201,Dược học,A00,2025,19.0,,THPT
DCL,Trường Đại Học Cửu Long,7720201,Dược học,A00,2025,19.0,,THPT
DCL,Trường Đại Học Cửu Long,7720201,Dược học,A01,2025,19.0,,THPT
DCL,Đại học Cửu Long,7720201,Dược học,A01,2025,19.0,,THPT
DCL,Trường Đại Học Cửu Long,7720201,Dược học,B00,2025,19.0,,THPT
DCL,Đại học Cửu Long,7720201,Dược học,B00,2025,19.0,,THPT
DCL,Trường Đại Học Cửu Long,7720201,Dược học,D07,2025,19.0,,THPT
DCL,Đại học Cửu Long,7720201,Dược học,D07,2025,19.0,,THPT
DCL,Đại học Cửu Long,7720301,Điều dưỡng,A00,2025,17.0,,THPT
DCL,Trường Đại Học Cửu Long,7720301,Điều dưỡng,A00,2025,17.0,,THPT
DCL,Trường Đại Học Cửu Long,7720301,Điều dưỡng,A01,2025,17.0,,THPT
DCL,Đại học Cửu Long,7720301,Điều dưỡng,A01,2025,17.0,,THPT
DCL,Trường Đại Học Cửu Long,7720301,Điều dưỡng,B00,2025,17.0,,THPT
DCL,Đại học Cửu Long,7720301,Điều dưỡng,B00,2025,17.0,,THPT
DCL,Trường Đại Học Cửu Long,7720301,Điều dưỡng,D07,2025,17.0,,THPT
DCL,Đại học Cửu Long,7720301,Điều dưỡng,D07,2025,17.0,,THPT
DCL,Đại học Cửu Long,7720302,Hộ sinh,A00,2025,17.0,,THPT
DCL,Trường Đại Học Cửu Long,7720302,Hộ sinh,A00,2025,17.0,,THPT
DCL,Trường Đại Học Cửu Long,7720302,Hộ sinh,A01,2025,17.0,,THPT
DCL,Đại học Cửu Long,7720302,Hộ sinh,A01,2025,17.0,,THPT
DCL,Trường Đại Học Cửu Long,7720302,Hộ sinh,B00,2025,17.0,,THPT
DCL,Đại học Cửu Long,7720302,Hộ sinh,B00,2025,17.0,,THPT
DCL,Trường Đại Học Cửu Long,7720302,Hộ sinh,D07,2025,17.0,,THPT
DCL,Đại học Cửu Long,7720302,Hộ sinh,D07,2025,17.0,,THPT
DCL,Đại học Cửu Long,7720501,Răng- Hàm -Mặt,A00,2025,19.0,,THPT
DCL,Trường Đại Học Cửu Long,7720501,Y học cổ truyền,A00,2025,19.0,,THPT
DCL,Trường Đại Học Cửu Long,7720501,Y học cổ truyền,A01,2025,19.0,,THPT
DCL,Đại học Cửu Long,7720501,Răng- Hàm -Mặt,A01,2025,19.0,,THPT
DCL,Trường Đại Học Cửu Long,7720501,Y học cổ truyền,B00,2025,19.0,,THPT
DCL,Đại học Cửu Long,7720501,Răng- Hàm -Mặt,B00,2025,19.0,,THPT
DCL,Trường Đại Học Cửu Long,7720501,Y học cổ truyền,D07,2025,19.0,,THPT
DCL,Đại học Cửu Long,7720501,Răng- Hàm -Mặt,D07,2025,19.0,,THPT
DCL,Đại học Cửu Long,7720601,Kỹ thuật xét nghiệm y học,A00,2025,17.0,,THPT
DCL,Trường Đại Học Cửu Long,7720601,Kỹ thuật xét nghiệm y học,A00,2025,17.0,,THPT
DCL,Trường Đại Học Cửu Long,7720601,Kỹ thuật xét nghiệm y học,A01,2025,17.0,,THPT
DCL,Đại học Cửu Long,7720601,Kỹ thuật xét nghiệm y học,A01,2025,17.0,,THPT
DCL,Trường Đại Học Cửu Long,7720601,Kỹ thuật xét nghiệm y học,B00,2025,17.0,,THPT
DCL,Đại học Cửu Long,7720601,Kỹ thuật xét nghiệm y học,B00,2025,17.0,,THPT
DCL,Trường Đại Học Cửu Long,7720601,Kỹ thuật xét nghiệm y học,D07,2025,17.0,,THPT
DCL,Đại học Cửu Long,7720601,Kỹ thuật xét nghiệm y học,D07,2025,17.0,,THPT
DCL,Đại học Cửu Long,7720602,Kỹ thuật hình ảnh y học,A00,2025,17.0,,THPT
DCL,Trường Đại Học Cửu Long,7720602,Kỹ thuật hình ảnh y học,A00,2025,17.0,,THPT
DCL,Trường Đại Học Cửu Long,7720602,Kỹ thuật hình ảnh y học,A01,2025,17.0,,THPT
DCL,Đại học Cửu Long,7720602,Kỹ thuật hình ảnh y học,A01,2025,17.0,,THPT
DCL,Trường Đại Học Cửu Long,7720602,Kỹ thuật hình ảnh y học,B00,2025,17.0,,THPT
DCL,Đại học Cửu Long,7720602,Kỹ thuật hình ảnh y học,B00,2025,17.0,,THPT
DCL,Trường Đại Học Cửu Long,7720602,Kỹ thuật hình ảnh y học,D07,2025,17.0,,THPT
DCL,Đại học Cửu Long,7720602,Kỹ thuật hình ảnh y học,D07,2025,17.0,,THPT
DCL,Đại học Cửu Long,7720603,Kỹ thuật phục hồi chức năng,A00,2025,17.0,,THPT
DCL,Trường Đại Học Cửu Long,7720603,Kỹ thuật phục hồi chức năng,A00,2025,17.0,,THPT
DCL,Trường Đại Học Cửu Long,7720603,Kỹ thuật phục hồi chức năng,A01,2025,17.0,,THPT
DCL,Đại học Cửu Long,7720603,Kỹ thuật phục hồi chức năng,A01,2025,17.0,,THPT
DCL,Trường Đại Học Cửu Long,7720603,Kỹ thuật phục hồi chức năng,B00,2025,17.0,,THPT
DCL,Đại học Cửu Long,7720603,Kỹ thuật phục hồi chức năng,B00,2025,17.0,,THPT
DCL,Trường Đại Học Cửu Long,7720603,Kỹ thuật phục hồi chức năng,D07,2025,17.0,,THPT
DCL,Đại học Cửu Long,7720603,Kỹ thuật phục hồi chức năng,D07,2025,17.0,,THPT
DCL,Đại học Cửu Long,7760101,Công tác xã hội,A00,2025,151.0,,THPT
DCL,Trường Đại Học Cửu Long,7760101,Công tác xã hội,A00,2025,15.0,,THPT
DCL,Trường Đại Học Cửu Long,7760101,Công tác xã hội,C00,2025,15.0,,THPT
DCL,Đại học Cửu Long,7760101,Công tác xã hội,C00,2025,151.0,,THPT
DCL,Trường Đại Học Cửu Long,7760101,Công tác xã hội,D01,2025,15.0,,THPT
DCL,Đại học Cửu Long,7760101,Công tác xã hội,D01,2025,151.0,,THPT
DCL,Đại học Cửu Long,7810103,Quản trị dịch vụ du lịch và lữ hành,A00,2025,15.0,,THPT
DCL,Đại học Cửu Long,7810103,Quản trị dịch vụ du lịch và lữ hành,A01,2025,15.0,,THPT
DCL,Đại học Cửu Long,7810103,Quản trị dịch vụ du lịch và lữ hành,C00,2025,15.0,,THPT
DCL,Đại học Cửu Long,7810103,Quản trị dịch vụ du lịch và lữ hành,D01,2025,15.0,,THPT
DCL,Trường Đại Học Cửu Long,7810301,Quản trị dịch vụ du lịch và lữ hành,A00,2025,15.0,,THPT
DCL,Trường Đại Học Cửu Long,7810301,Quản trị dịch vụ du lịch và lữ hành,A01,2025,15.0,,THPT
DCL,Trường Đại Học Cửu Long,7810301,Quản trị dịch vụ du lịch và lữ hành,C00,2025,15.0,,THPT
DCL,Trường Đại Học Cửu Long,7810301,Quản trị dịch vụ du lịch và lữ hành,D01,2025,15.0,,THPT
DCN,Đại học Công nghiệp Hà Nội,7210404,Thiết kế thời trang,D01,2025,20.75,,THPT
DCN,Đại Học Công Nghiệp Hà Nội,7210404,Thiết kế thời trang,D01,2025,20.75,,THPT
DCN,Đại học Công nghiệp Hà Nội,7220201,Ngôn ngữ Anh,D01,2025,21.35,,THPT
DCN,Đại học Công nghiệp Hà Nội,7220204,Ngôn ngữ Trung Quốc,D01,2025,23.0,,THPT
DCN,Đại Học Công Nghiệp Hà Nội,7220204,Ngôn ngữ Trung Quốc,D01,2025,23.0,,THPT
DCN,Đại học Công nghiệp Hà Nội,7220204LK,Ngôn ngữ Trung Quốc (Chương trình liên kết đào tạo 2+2 với ĐH Khoa học kỹ thuật Quảng Tây - Trung Quốc),D01,2025,22.5,,THPT
DCN,Đại Học Công Nghiệp Hà Nội,7220204LK,Ngôn ngữ Trung Quốc (LK2+2 với ĐHKHKT Quảng Tây),D01,2025,22.5,,THPT
DCN,Đại học Công nghiệp Hà Nội,7220209,Ngôn ngữ Nhật,D01,2025,20.0,,THPT
DCN,Đại Học Công Nghiệp Hà Nội,7220209,Ngôn ngữ Nhật,D01,2025,20.0,,THPT
DCN,Đại học Công nghiệp Hà Nội,7220210,Ngôn ngữ Hàn Quốc,D01,2025,21.5,,THPT
DCN,Đại Học Công Nghiệp Hà Nội,7220210,Ngôn ngữ Hàn Quốc,D01,2025,21.5,,THPT
DCN,Đại học Công nghiệp Hà Nội,7229020,Ngôn ngữ học,D01,2025,20.0,,THPT
DCN,Đại Học Công Nghiệp Hà Nội,7229020,Ngôn ngữ học,D01,2025,20.0,,THPT
DCN,Đại học Công nghiệp Hà Nội,7310104,Kinh tế đầu tư,A01,2025,21.25,,THPT
DCN,Đại Học Công Nghiệp Hà Nội,7310104,Kinh tế đầu tư,A01,2025,21.25,,THPT
DCN,Đại Học Công Nghiệp Hà Nội,7310104,Kinh tế đầu tư,D01,2025,21.25,,THPT
DCN,Đại học Công nghiệp Hà Nội,7310104,Kinh tế đầu tư,D01,2025,21.25,,THPT
DCN,Đại học Công nghiệp Hà Nội,7310612,Trung Quốc học,D01,2025,21.55,,THPT
DCN,Đại Học Công Nghiệp Hà Nội,7310612,Trung Quốc học,D01,2025,21.55,,THPT
DCN,Đại học Công nghiệp Hà Nội,7340101,Quản trị Kinh doanh,A01,2025,20.25,,THPT
DCN,Đại Học Công Nghiệp Hà Nội,7340101,Quản trị kinh doanh,A01,2025,20.25,,THPT
DCN,Đại Học Công Nghiệp Hà Nội,7340101,Quản trị kinh doanh,D01,2025,20.25,,THPT
DCN,Đại học Công nghiệp Hà Nội,7340101,Quản trị Kinh doanh,D01,2025,20.25,,THPT
DCN,Đại Học Công Nghiệp Hà Nội,73401012,Phân tích dữ liệu kinh doanh,A01,2025,20.0,,THPT
DCN,Đại Học Công Nghiệp Hà Nội,73401012,Phân tích dữ liệu kinh doanh,D01,2025,20.0,,THPT
DCN,Đại học Công nghiệp Hà Nội,7340115,Marketing,A01,2025,22.5,,THPT
DCN,Đại Học Công Nghiệp Hà Nội,7340115,Marketing,A01,2025,22.5,,THPT
DCN,Đại Học Công Nghiệp Hà Nội,7340115,Marketing,D01,2025,22.5,,THPT
DCN,Đại học Công nghiệp Hà Nội,7340115,Marketing,D01,2025,22.5,,THPT
DCN,Đại học Công nghiệp Hà Nội,7340125,Phân tích dữ liệu kinh doanh,A01,2025,20.0,,THPT
DCN,Đại học Công nghiệp Hà Nội,7340125,Phân tích dữ liệu kinh doanh,D01,2025,20.0,,THPT
DCN,Đại học Công nghiệp Hà Nội,7340201,Tài chính – Ngân hàng,A01,2025,20.75,,THPT
DCN,Đại Học Công Nghiệp Hà Nội,7340201,Tài chính - Ngân hàng,A01,2025,20.75,,THPT
DCN,Đại Học Công Nghiệp Hà Nội,7340201,Tài chính - Ngân hàng,D01,2025,20.75,,THPT
DCN,Đại học Công nghiệp Hà Nội,7340201,Tài chính – Ngân hàng,D01,2025,20.75,,THPT
DCN,Đại học Công nghiệp Hà Nội,7340301,Kế toán,A01,2025,20.0,,THPT
DCN,Đại Học Công Nghiệp Hà Nội,7340301,Kế toán,A01,2025,20.0,,THPT
DCN,Đại Học Công Nghiệp Hà Nội,7340301,Kế toán,D01,2025,20.0,,THPT
DCN,Đại học Công nghiệp Hà Nội,7340301,Kế toán,D01,2025,20.0,,THPT
DCN,Đại học Công nghiệp Hà Nội,7340301TA,Kế toán đào tạo bằng tiếng Anh,A01,2025,20.25,,THPT
DCN,Đại Học Công Nghiệp Hà Nội,7340301TA,Kế toán (CTĐT bằng tiếng Anh),A01,2025,20.25,,THPT
DCN,Đại Học Công Nghiệp Hà Nội,7340301TA,Kế toán (CTĐT bằng tiếng Anh),D01,2025,20.25,,THPT
DCN,Đại học Công nghiệp Hà Nội,7340301TA,Kế toán đào tạo bằng tiếng Anh,D01,2025,20.25,,THPT
DCN,Đại học Công nghiệp Hà Nội,7340302,Kiểm toán,A01,2025,20.0,,THPT
DCN,Đại Học Công Nghiệp Hà Nội,7340302,Kiểm toán,A01,2025,20.0,,THPT
DCN,Đại Học Công Nghiệp Hà Nội,7340302,Kiểm toán,D01,2025,20.0,,THPT
DCN,Đại học Công nghiệp Hà Nội,7340302,Kiểm toán,D01,2025,20.0,,THPT
DCN,Đại học Công nghiệp Hà Nội,7340404,Quản trị nhân lực,A01,2025,21.25,,THPT
DCN,Đại Học Công Nghiệp Hà Nội,7340404,Quản trị nhân lực,A01,2025,21.25,,THPT
DCN,Đại Học Công Nghiệp Hà Nội,7340404,Quản trị nhân lực,D01,2025,21.25,,THPT
DCN,Đại học Công nghiệp Hà Nội,7340404,Quản trị nhân lực,D01,2025,21.25,,THPT
DCN,Đại học Công nghiệp Hà Nội,7340406,Quản trị văn phòng,A01,2025,20.0,,THPT
DCN,Đại Học Công Nghiệp Hà Nội,7340406,Quản trị văn phòng,A01,2025,20.0,,THPT
DCN,Đại Học Công Nghiệp Hà Nội,7340406,Quản trị văn phòng,D01,2025,20.0,,THPT
DCN,Đại học Công nghiệp Hà Nội,7340406,Quản trị văn phòng,D01,2025,20.0,,THPT
DCN,Đại học Công nghiệp Hà Nội,7480101,Khoa học máy tính,A00,2025,23.72,,THPT
DCN,Đại Học Công Nghiệp Hà Nội,7480101,Khoa học máy tính,A00,2025,23.72,,THPT
DCN,Đại Học Công Nghiệp Hà Nội,7480101,Khoa học máy tính,A01,2025,23.72,,THPT
DCN,Đại học Công nghiệp Hà Nội,7480101,Khoa học máy tính,A01,2025,23.72,,THPT
DCN,Đại học Công nghiệp Hà Nội,7480101TA,Khoa học máy tính (CTĐT bằng Tiếng Anh),A00,2025,20.45,,THPT
DCN,Đại Học Công Nghiệp Hà Nội,7480101TA,Khoa học máy tính (CTĐT bằng tiếng Anh),A00,2025,20.45,,THPT
DCN,Đại Học Công Nghiệp Hà Nội,7480101TA,Khoa học máy tính (CTĐT bằng tiếng Anh),A01,2025,20.45,,THPT
DCN,Đại học Công nghiệp Hà Nội,7480101TA,Khoa học máy tính (CTĐT bằng Tiếng Anh),A01,2025,20.45,,THPT
DCN,Đại học Công nghiệp Hà Nội,7480102,Mạng máy tính và truyền thông dữ liệu,A00,2025,21.7,,THPT
DCN,Đại Học Công Nghiệp Hà Nội,7480102,Mạng máy tính và truyền thông dữ liệu,A00,2025,21.7,,THPT
DCN,Đại Học Công Nghiệp Hà Nội,7480102,Mạng máy tính và truyền thông dữ liệu,A01,2025,21.7,,THPT
DCN,Đại học Công nghiệp Hà Nội,7480102,Mạng máy tính và truyền thông dữ liệu,A01,2025,21.7,,THPT
DCN,Đại học Công nghiệp Hà Nội,7480103,Kỹ thuật phần mềm,A00,2025,21.75,,THPT
DCN,Đại Học Công Nghiệp Hà Nội,7480103,Kỹ thuật phần mềm,A00,2025,21.75,,THPT
DCN,Đại Học Công Nghiệp Hà Nội,7480103,Kỹ thuật phần mềm,A01,2025,21.75,,THPT
DCN,Đại học Công nghiệp Hà Nội,7480103,Kỹ thuật phần mềm,A01,2025,21.75,,THPT
DCN,Đại học Công nghiệp Hà Nội,7480104,Hệ thống thông tin,A00,2025,21.1,,THPT
DCN,Đại Học Công Nghiệp Hà Nội,7480104,Hệ thống thông tin,A00,2025,21.1,,THPT
DCN,Đại Học Công Nghiệp Hà Nội,7480104,Hệ thống thông tin,A01,2025,21.1,,THPT
DCN,Đại học Công nghiệp Hà Nội,7480104,Hệ thống thông tin,A01,2025,21.1,,THPT
DCN,Đại học Công nghiệp Hà Nội,7480108,Công nghệ kỹ thuật máy tính,A00,2025,21.85,,THPT
DCN,Đại Học Công Nghiệp Hà Nội,7480108,Công nghệ kỹ thuật máy tính,A00,2025,21.85,,THPT
DCN,Đại Học Công Nghiệp Hà Nội,7480108,Công nghệ kỹ thuật máy tính,A01,2025,21.85,,THPT
DCN,Đại học Công nghiệp Hà Nội,7480108,Công nghệ kỹ thuật máy tính,A01,2025,21.85,,THPT
DCN,Đại học Công nghiệp Hà Nội,7480201,Công nghệ thông tin,A00,2025,23.09,,THPT
DCN,Đại Học Công Nghiệp Hà Nội,7480201,Công nghệ thông tin,A00,2025,23.09,,THPT
DCN,Đại Học Công Nghiệp Hà Nội,7480201,Công nghệ thông tin,A01,2025,23.09,,THPT
DCN,Đại học Công nghiệp Hà Nội,7480201,Công nghệ thông tin,A01,2025,23.09,,THPT
DCN,Đại học Công nghiệp Hà Nội,74802012,Công nghệ đa phương tiện,A00,2025,22.25,,THPT
DCN,Đại Học Công Nghiệp Hà Nội,74802012,Công nghệ đa phương tiện,A00,2025,22.25,,THPT
DCN,Đại Học Công Nghiệp Hà Nội,74802012,Công nghệ đa phương tiện,A01,2025,22.25,,THPT
DCN,Đại học Công nghiệp Hà Nội,74802012,Công nghệ đa phương tiện,A01,2025,22.25,,THPT
DCN,Đại học Công nghiệp Hà Nội,74802021,An toàn thông tin,A00,2025,23.43,,THPT
DCN,Đại Học Công Nghiệp Hà Nội,74802021,An toàn thông tin,A00,2025,23.43,,THPT
DCN,Đại Học Công Nghiệp Hà Nội,74802021,An toàn thông tin,A01,2025,23.43,,THPT
DCN,Đại học Công nghiệp Hà Nội,74802021,An toàn thông tin,A01,2025,23.43,,THPT
DCN,Đại học Công nghiệp Hà Nội,7510201,Công nghệ kỹ thuật cơ khí (chuyên ngành Cơ khí chế tạo),A00,2025,23.72,,THPT
DCN,Đại Học Công Nghiệp Hà Nội,7510201,Công nghệ kỹ thuật cơ khí,A00,2025,23.72,,THPT
DCN,Đại Học Công Nghiệp Hà Nội,7510201,Công nghệ kỹ thuật cơ khí,A01,2025,23.72,,THPT
DCN,Đại học Công nghiệp Hà Nội,7510201,Công nghệ kỹ thuật cơ khí (chuyên ngành Cơ khí chế tạo),A01,2025,23.72,,THPT
DCN,Đại học Công nghiệp Hà Nội,75102012,Công nghệ kỹ thuật khuôn mẫu,A00,2025,22.5,,THPT
DCN,Đại Học Công Nghiệp Hà Nội,75102012,Công nghệ kỹ thuật khuôn mẫu,A00,2025,22.5,,THPT
DCN,Đại Học Công Nghiệp Hà Nội,75102012,Công nghệ kỹ thuật khuôn mẫu,A01,2025,22.5,,THPT
DCN,Đại học Công nghiệp Hà Nội,75102012,Công nghệ kỹ thuật khuôn mẫu,A01,2025,22.5,,THPT
DCN,Đại học Công nghiệp Hà Nội,75102013,Thiết kế cơ khí và kiểu dáng công nghiệp,A00,2025,21.35,,THPT
DCN,Đại Học Công Nghiệp Hà Nội,75102013,Thiết kế cơ khí và kiểu dáng công nghiệp,A00,2025,21.35,,THPT
DCN,Đại Học Công Nghiệp Hà Nội,75102013,Thiết kế cơ khí và kiểu dáng công nghiệp,A01,2025,21.35,,THPT
DCN,Đại học Công nghiệp Hà Nội,75102013,Thiết kế cơ khí và kiểu dáng công nghiệp,A01,2025,21.35,,THPT
DCN,Đại học Công nghiệp Hà Nội,7510201TA,Công nghệ kỹ thuật cơ khí (CTĐT bằng Tiếng Anh),A00,2025,20.45,,THPT
DCN,Đại Học Công Nghiệp Hà Nội,7510201TA,Công nghệ kỹ thuật cơ khí (CTĐT bằng tiếng Anh),A00,2025,20.45,,THPT
DCN,Đại Học Công Nghiệp Hà Nội,7510201TA,Công nghệ kỹ thuật cơ khí (CTĐT bằng tiếng Anh),A01,2025,20.45,,THPT
DCN,Đại học Công nghiệp Hà Nội,7510201TA,Công nghệ kỹ thuật cơ khí (CTĐT bằng Tiếng Anh),A01,2025,20.45,,THPT
DCN,Đại học Công nghiệp Hà Nội,7510203,Công nghệ kỹ thuật cơ điện tử,A00,2025,25.17,,THPT
DCN,Đại Học Công Nghiệp Hà Nội,7510203,Công nghệ kỹ thuật cơ điện tử,A00,2025,25.17,,THPT
DCN,Đại Học Công Nghiệp Hà Nội,7510203,Công nghệ kỹ thuật cơ điện tử,A01,2025,25.17,,THPT
DCN,Đại học Công nghiệp Hà Nội,7510203,Công nghệ kỹ thuật cơ điện tử,A01,2025,25.17,,THPT
DCN,Đại Học Công Nghiệp Hà Nội,75102032,Robot và trí tuệ nhân tạo,A00,2025,24.3,,THPT
DCN,Đại Học Công Nghiệp Hà Nội,75102032,Robot và trí tuệ nhân tạo,A01,2025,24.3,,THPT
DCN,Đại học Công nghiệp Hà Nội,75102033,Công nghệ kỹ thuật cơ điện tử ô tô,A00,2025,22.5,,THPT
DCN,Đại Học Công Nghiệp Hà Nội,75102033,Công nghệ kỹ thuật cơ điện tử ô tô,A00,2025,23.93,,THPT
DCN,Đại Học Công Nghiệp Hà Nội,75102033,Công nghệ kỹ thuật cơ điện tử ô tô,A01,2025,23.93,,THPT
DCN,Đại học Công nghiệp Hà Nội,75102033,Công nghệ kỹ thuật cơ điện tử ô tô,A01,2025,22.5,,THPT
DCN,Đại học Công nghiệp Hà Nội,7510205,Công nghệ kỹ thuật ô tô,A00,2025,22.5,,THPT
DCN,Đại Học Công Nghiệp Hà Nội,7510205,Công nghệ kỹ thuật ô tô,A00,2025,22.5,,THPT
DCN,Đại Học Công Nghiệp Hà Nội,7510205,Công nghệ kỹ thuật ô tô,A01,2025,22.5,,THPT
DCN,Đại học Công nghiệp Hà Nội,7510205,Công nghệ kỹ thuật ô tô,A01,2025,22.5,,THPT
DCN,Đại học Công nghiệp Hà Nội,7510205TA,Công nghệ kỹ thuật ô tô (CTĐT bằng Tiếng Anh),A00,2025,20.0,,THPT
DCN,Đại Học Công Nghiệp Hà Nội,7510205TA,Công nghệ kỹ thuật ô tô (CTĐT bằng tiếng Anh),A00,2025,20.0,,THPT
DCN,Đại Học Công Nghiệp Hà Nội,7510205TA,Công nghệ kỹ thuật ô tô (CTĐT bằng tiếng Anh),A01,2025,20.0,,THPT
DCN,Đại học Công nghiệp Hà Nội,7510205TA,Công nghệ kỹ thuật ô tô (CTĐT bằng Tiếng Anh),A01,2025,20.0,,THPT
DCN,Đại học Công nghiệp Hà Nội,7510206,Công nghệ kỹ thuật nhiệt,A00,2025,21.85,,THPT
DCN,Đại Học Công Nghiệp Hà Nội,7510206,Công nghệ kỹ thuật nhiệt,A00,2025,21.85,,THPT
DCN,Đại Học Công Nghiệp Hà Nội,7510206,Công nghệ kỹ thuật nhiệt,A01,2025,21.85,,THPT
DCN,Đại học Công nghiệp Hà Nội,7510206,Công nghệ kỹ thuật nhiệt,A01,2025,21.85,,THPT
DCN,Đại học Công nghiệp Hà Nội,7510209,Robot và trí tuệ nhân tạo,A00,2025,24.3,,THPT
DCN,Đại học Công nghiệp Hà Nội,7510209,Robot và trí tuệ nhân tạo,A01,2025,24.3,,THPT
DCN,Đại học Công nghiệp Hà Nội,7510301,"Công nghệ kỹ thuật điện, điện tử",A00,2025,23.93,,THPT
DCN,Đại Học Công Nghiệp Hà Nội,7510301,"Công nghệ kỹ thuật điện, điện tử",A00,2025,23.93,,THPT
DCN,Đại Học Công Nghiệp Hà Nội,7510301,"Công nghệ kỹ thuật điện, điện tử",A01,2025,23.93,,THPT
DCN,Đại học Công nghiệp Hà Nội,7510301,"Công nghệ kỹ thuật điện, điện tử",A01,2025,23.93,,THPT
DCN,Đại học Công nghiệp Hà Nội,7510301TA,"Công nghệ kỹ thuật điện, điện tử (CTĐT bằng Tiếng Anh)",A00,2025,20.1,,THPT
DCN,Đại Học Công Nghiệp Hà Nội,7510301TA,"Công nghệ kỹ thuật điện, điện tử (CTĐT bằng tiếng Anh)",A00,2025,20.1,,THPT
DCN,Đại Học Công Nghiệp Hà Nội,7510301TA,"Công nghệ kỹ thuật điện, điện tử (CTĐT bằng tiếng Anh)",A01,2025,20.1,,THPT
DCN,Đại học Công nghiệp Hà Nội,7510301TA,"Công nghệ kỹ thuật điện, điện tử (CTĐT bằng Tiếng Anh)",A01,2025,20.1,,THPT
DCN,Đại học Công nghiệp Hà Nội,7510302,Điện tử - viễn thông,A00,2025,22.75,,THPT
DCN,Đại Học Công Nghiệp Hà Nội,7510302,Công nghệ kỹ thuật điện tử - viễn thông,A00,2025,22.75,,THPT
DCN,Đại Học Công Nghiệp Hà Nội,7510302,Công nghệ kỹ thuật điện tử - viễn thông,A01,2025,22.75,,THPT
DCN,Đại học Công nghiệp Hà Nội,7510302,Điện tử - viễn thông,A01,2025,22.75,,THPT
DCN,Đại học Công nghiệp Hà Nội,75103021,Công nghệ kỹ thuật điện tử y sinh,A00,2025,20.6,,THPT
DCN,Đại Học Công Nghiệp Hà Nội,75103021,Công nghệ kỹ thuật điện tử y sinh,A00,2025,20.6,,THPT
DCN,Đại Học Công Nghiệp Hà Nội,75103021,Công nghệ kỹ thuật điện tử y sinh,A01,2025,20.6,,THPT
DCN,Đại học Công nghiệp Hà Nội,75103021,Công nghệ kỹ thuật điện tử y sinh,A01,2025,20.6,,THPT
DCN,Đại học Công nghiệp Hà Nội,7510302TA,Công nghệ kỹ thuật điện tử - viễn thông  (CTĐT bằng Tiếng Anh),A00,2025,20.0,,THPT
DCN,Đại Học Công Nghiệp Hà Nội,7510302TA,Công nghệ kỹ thuật điện tử - viễn thông (CTĐT bằng tiếng Anh),A00,2025,20.0,,THPT
DCN,Đại Học Công Nghiệp Hà Nội,7510302TA,Công nghệ kỹ thuật điện tử - viễn thông (CTĐT bằng tiếng Anh),A01,2025,20.0,,THPT
DCN,Đại học Công nghiệp Hà Nội,7510302TA,Công nghệ kỹ thuật điện tử - viễn thông  (CTĐT bằng Tiếng Anh),A01,2025,20.0,,THPT
DCN,Đại học Công nghiệp Hà Nội,7510303,Công nghệ kỹ thuật điều khiển và tự động hóa,A00,2025,26.27,,THPT
DCN,Đại Học Công Nghiệp Hà Nội,7510303,Công nghệ kỹ thuật điều khiển và tự động hóa,A00,2025,26.27,,THPT
DCN,Đại Học Công Nghiệp Hà Nội,7510303,Công nghệ kỹ thuật điều khiển và tự động hóa,A01,2025,26.27,,THPT
DCN,Đại học Công nghiệp Hà Nội,7510303,Công nghệ kỹ thuật điều khiển và tự động hóa,A01,2025,26.27,,THPT
DCN,Đại học Công nghiệp Hà Nội,75103031,Kỹ thuật sản xuất thông minh,A00,2025,22.5,,THPT
DCN,Đại Học Công Nghiệp Hà Nội,75103031,Kỹ thuật sản xuất thông minh,A00,2025,22.5,,THPT
DCN,Đại Học Công Nghiệp Hà Nội,75103031,Kỹ thuật sản xuất thông minh,A01,2025,22.5,,THPT
DCN,Đại học Công nghiệp Hà Nội,75103031,Kỹ thuật sản xuất thông minh,A01,2025,22.5,,THPT
DCN,Đại học Công nghiệp Hà Nội,7510401,Công nghệ kỹ thuật hoá học,A00,2025,20.25,,THPT
DCN,Đại Học Công Nghiệp Hà Nội,7510401,Công nghệ kỹ thuật hóa học,A00,2025,20.25,,THPT
DCN,Đại học Công nghiệp Hà Nội,7510401,Công nghệ kỹ thuật hoá học,A01,2025,20.25,,THPT
DCN,Đại Học Công Nghiệp Hà Nội,7510401,Công nghệ kỹ thuật hóa học,B00,2025,20.25,,THPT
DCN,Đại Học Công Nghiệp Hà Nội,7510401,Công nghệ kỹ thuật hóa học,D07,2025,20.25,,THPT
DCN,Đại học Công nghiệp Hà Nội,7510406,Công nghệ kỹ thuật Môi trường,A00,2025,18.75,,THPT
DCN,Đại Học Công Nghiệp Hà Nội,7510406,Công nghệ kỹ thuật môi trường,A00,2025,18.75,,THPT
DCN,Đại học Công nghiệp Hà Nội,7510406,Công nghệ kỹ thuật Môi trường,A01,2025,18.75,,THPT
DCN,Đại Học Công Nghiệp Hà Nội,7510406,Công nghệ kỹ thuật môi trường,B00,2025,18.75,,THPT
DCN,Đại Học Công Nghiệp Hà Nội,7510406,Công nghệ kỹ thuật môi trường,D07,2025,18.75,,THPT
DCN,Đại học Công nghiệp Hà Nội,7510605,Logistics và Quản lý chuỗi cung ứng,A01,2025,22.76,,THPT
DCN,Đại Học Công Nghiệp Hà Nội,7510605,Logistics và quản lý chuỗi cung ứng,A01,2025,22.76,,THPT
DCN,Đại Học Công Nghiệp Hà Nội,7510605,Logistics và quản lý chuỗi cung ứng,D01,2025,22.76,,THPT
DCN,Đại học Công nghiệp Hà Nội,7510605,Logistics và Quản lý chuỗi cung ứng,D01,2025,22.76,,THPT
DCN,Đại học Công nghiệp Hà Nội,75190071,Năng lượng tái tạo,A00,2025,20.75,,THPT
DCN,Đại Học Công Nghiệp Hà Nội,75190071,Năng lượng tái tạo,A00,2025,20.75,,THPT
DCN,Đại Học Công Nghiệp Hà Nội,75190071,Năng lượng tái tạo,A01,2025,20.75,,THPT
DCN,Đại học Công nghiệp Hà Nội,75190071,Năng lượng tái tạo,A01,2025,20.75,,THPT
DCN,Đại học Công nghiệp Hà Nội,7520116,Kỹ thuật cơ khí động lực,A00,2025,22.5,,THPT
DCN,Đại Học Công Nghiệp Hà Nội,7520116,Kỹ thuật cơ khí động lực,A00,2025,22.5,,THPT
DCN,Đại Học Công Nghiệp Hà Nội,7520116,Kỹ thuật cơ khí động lực,A01,2025,22.5,,THPT
DCN,Đại học Công nghiệp Hà Nội,7520116,Kỹ thuật cơ khí động lực,A01,2025,22.5,,THPT
DCN,Đại học Công nghiệp Hà Nội,7520118,Kỹ thuật hệ thống công nghiệp,A00,2025,21.75,,THPT
DCN,Đại Học Công Nghiệp Hà Nội,7520118,Kỹ thuật hệ thống công nghiệp,A00,2025,21.75,,THPT
DCN,Đại Học Công Nghiệp Hà Nội,7520118,Kỹ thuật hệ thống công nghiệp,A01,2025,21.75,,THPT
DCN,Đại học Công nghiệp Hà Nội,7520118,Kỹ thuật hệ thống công nghiệp,A01,2025,21.75,,THPT
DCN,Đại học Công nghiệp Hà Nội,7540101,Công nghệ thực phẩm,A00,2025,20.6,,THPT
DCN,Đại Học Công Nghiệp Hà Nội,7540101,Công nghệ thực phẩm,A00,2025,20.6,,THPT
DCN,Đại Học Công Nghiệp Hà Nội,7540101,Công nghệ thực phẩm,B00,2025,20.6,,THPT
DCN,Đại học Công nghiệp Hà Nội,7540101,Công nghệ thực phẩm,B00,2025,20.6,,THPT
DCN,Đại Học Công Nghiệp Hà Nội,7540101,Công nghệ thực phẩm,D07,2025,20.6,,THPT
DCN,Đại học Công nghiệp Hà Nội,7540101,Công nghệ thực phẩm,D07,2025,20.6,,THPT
DCN,Đại học Công nghiệp Hà Nội,7540203,Công nghệ vật liệu dệt. may,A01,2025,18.25,,THPT
DCN,Đại Học Công Nghiệp Hà Nội,7540203,"Công nghệ vật liệu dệt, may",A01,2025,18.25,,THPT
DCN,Đại Học Công Nghiệp Hà Nội,7540203,"Công nghệ vật liệu dệt, may",D01,2025,18.25,,THPT
DCN,Đại học Công nghiệp Hà Nội,7540203,Công nghệ vật liệu dệt. may,D01,2025,18.25,,THPT
DCN,Đại học Công nghiệp Hà Nội,7540204,Công nghệ may,A01,2025,18.0,,THPT
DCN,Đại Học Công Nghiệp Hà Nội,7540204,"Công nghệ dệt, may",A01,2025,18.0,,THPT
DCN,Đại Học Công Nghiệp Hà Nội,7540204,"Công nghệ dệt, may",D01,2025,18.0,,THPT
DCN,Đại học Công nghiệp Hà Nội,7540204,Công nghệ may,D01,2025,18.0,,THPT
DCN,Đại học Công nghiệp Hà Nội,7720203,Hoá dược,A00,2025,21.35,,THPT
DCN,Đại Học Công Nghiệp Hà Nội,7720203,Hóa dược,A00,2025,21.35,,THPT
DCN,Đại Học Công Nghiệp Hà Nội,7720203,Hóa dược,B00,2025,21.35,,THPT
DCN,Đại học Công nghiệp Hà Nội,7720203,Hoá dược,B00,2025,21.35,,THPT
DCN,Đại Học Công Nghiệp Hà Nội,7720203,Hóa dược,D07,2025,21.35,,THPT
DCN,Đại học Công nghiệp Hà Nội,7720203,Hoá dược,D07,2025,21.35,,THPT
DCN,Đại học Công nghiệp Hà Nội,7810101,Du lịch,D01,2025,21.85,,THPT
DCN,Đại Học Công Nghiệp Hà Nội,7810101,Du lịch,D01,2025,21.85,,THPT
DCN,Đại học Công nghiệp Hà Nội,7810101TA,Du lịch  (CTĐT bằng Tiếng Anh),D01,2025,18.0,,THPT
DCN,Đại Học Công Nghiệp Hà Nội,7810101TA,Du lịch (CTĐT bằng tiếng Anh),D01,2025,18.0,,THPT
DCN,Đại học Công nghiệp Hà Nội,7810103,Quản trị dịch vụ du lịch và lữ hành,D01,2025,22.25,,THPT
DCN,Đại Học Công Nghiệp Hà Nội,7810103,Quản trị dịch vụ du lịch và lữ hành,D01,2025,22.25,,THPT
DCN,Đại học Công nghiệp Hà Nội,7810103TA,Quản trị dịch vụ du lịch và lữ hành (CTĐT bằng Tiếng Anh),D01,2025,18.1,,THPT
DCN,Đại Học Công Nghiệp Hà Nội,7810103TA,Quản trị dịch vụ du lịch và lữ hành (CTĐT bằng tiếng Anh),D01,2025,18.1,,THPT
DCN,Đại học Công nghiệp Hà Nội,7810201,Quản trị khách sạn,D01,2025,21.75,,THPT
DCN,Đại Học Công Nghiệp Hà Nội,7810201,Quản trị khách sạn,D01,2025,21.75,,THPT
DCN,Đại học Công nghiệp Hà Nội,7810201TA,Quản trị khách sạn (CTĐT bằng Tiếng Anh),D01,2025,18.25,,THPT
DCN,Đại Học Công Nghiệp Hà Nội,7810201TA,Quản trị khách sạn (CTĐT bằng tiếng Anh),D01,2025,18.25,,THPT
DCN,Đại học Công nghiệp Hà Nội,7810202,Quản trị nhà hàng và dịch vụ ăn uống,D01,2025,20.85,,THPT
DCN,Đại Học Công Nghiệp Hà Nội,7810202,Quản trị nhà hàng và dịch vụ ăn uống,D01,2025,20.85,,THPT
DCN,Đại học Công nghiệp Hà Nội,7810202TA,Quản trị nhà hàng và dịch vụ ăn uống (CTĐT bằng Tiếng Anh),D01,2025,18.6,,THPT
DCN,Đại Học Công Nghiệp Hà Nội,7810202TA,Quản trị nhà hàng và dịch vụ ăn uống (CTĐT bằng tiếng Anh),D01,2025,18.6,,THPT
DCQ,Đại học Công Nghệ và Quản Lý Hữu Nghị,7220201,Ngôn ngữ Anh,D01,2025,16.0,,THPT
DCQ,Trường Đại Học Công Nghệ và Quản Lý Hữu Nghị,7220201,Ngôn ngữ Anh,D01,2025,16.0,,THPT
DCQ,Trường Đại Học Công Nghệ và Quản Lý Hữu Nghị,7220201,Ngôn ngữ Anh,D10,2025,16.0,,THPT
DCQ,Đại học Công Nghệ và Quản Lý Hữu Nghị,7220201,Ngôn ngữ Anh,D10,2025,16.0,,THPT
DCQ,Đại học Công Nghệ và Quản Lý Hữu Nghị,7220204,Ngôn ngữ Trung Quốc,D01,2025,16.0,,THPT
DCQ,Trường Đại Học Công Nghệ và Quản Lý Hữu Nghị,7220204,Ngôn ngữ Trung Quốc,D01,2025,16.0,,THPT
DCQ,Trường Đại Học Công Nghệ và Quản Lý Hữu Nghị,7220204,Ngôn ngữ Trung Quốc,D10,2025,16.0,,THPT
DCQ,Đại học Công Nghệ và Quản Lý Hữu Nghị,7220204,Ngôn ngữ Trung Quốc,D10,2025,16.0,,THPT
DCQ,Đại học Công Nghệ và Quản Lý Hữu Nghị,7310106,Kinh tế quốc tế,C00,2025,16.0,,THPT
DCQ,Trường Đại Học Công Nghệ và Quản Lý Hữu Nghị,7310106,Kinh tế quốc tế,C00,2025,16.0,,THPT
DCQ,Đại học Công Nghệ và Quản Lý Hữu Nghị,7310106,Kinh tế quốc tế,D01,2025,16.0,,THPT
DCQ,Trường Đại Học Công Nghệ và Quản Lý Hữu Nghị,7310106,Kinh tế quốc tế,D01,2025,16.0,,THPT
DCQ,Đại học Công Nghệ và Quản Lý Hữu Nghị,7310205,Quản lý nhà nước,C00,2025,16.0,,THPT
DCQ,Trường Đại Học Công Nghệ và Quản Lý Hữu Nghị,7310205,Quản lý nhà nước,C00,2025,16.0,,THPT
DCQ,Trường Đại Học Công Nghệ và Quản Lý Hữu Nghị,7310205,Quản lý nhà nước,D01,2025,16.0,,THPT
DCQ,Đại học Công Nghệ và Quản Lý Hữu Nghị,7310205,Quản lý nhà nước,D01,2025,16.0,,THPT
DCQ,Đại học Công Nghệ và Quản Lý Hữu Nghị,7340101,Quản trị Kinh doanh,D01,2025,16.0,,THPT
DCQ,Trường Đại Học Công Nghệ và Quản Lý Hữu Nghị,7340101,Quản trị kinh doanh,D01,2025,16.0,,THPT
DCQ,Đại học Công Nghệ và Quản Lý Hữu Nghị,7340115,Marketing,D01,2025,16.0,,THPT
DCQ,Trường Đại Học Công Nghệ và Quản Lý Hữu Nghị,7340115,Marketing,D01,2025,16.0,,THPT
DCQ,Đại học Công Nghệ và Quản Lý Hữu Nghị,7340116,Bất động sản,C00,2025,16.0,,THPT
DCQ,Trường Đại Học Công Nghệ và Quản Lý Hữu Nghị,7340116,Bất động sản,C00,2025,16.0,,THPT
DCQ,Đại học Công Nghệ và Quản Lý Hữu Nghị,7340116,Bất động sản,D01,2025,16.0,,THPT
DCQ,Trường Đại Học Công Nghệ và Quản Lý Hữu Nghị,7340116,Bất động sản,D01,2025,16.0,,THPT
DCQ,Đại học Công Nghệ và Quản Lý Hữu Nghị,7340201,Tài chính – Ngân hàng,D01,2025,16.0,,THPT
DCQ,Trường Đại Học Công Nghệ và Quản Lý Hữu Nghị,7340201,Tài chính - ngân hàng,D01,2025,16.0,,THPT
DCQ,Đại học Công Nghệ và Quản Lý Hữu Nghị,7340205,Công nghệ tài chính,D01,2025,16.0,,THPT
DCQ,Trường Đại Học Công Nghệ và Quản Lý Hữu Nghị,7340205,Công nghệ tài chính,D01,2025,16.0,,THPT
DCQ,Đại học Công Nghệ và Quản Lý Hữu Nghị,7340301,Kế toán,D01,2025,16.0,,THPT
DCQ,Trường Đại Học Công Nghệ và Quản Lý Hữu Nghị,7340301,Kế toán,D01,2025,16.0,,THPT
DCQ,Đại học Công Nghệ và Quản Lý Hữu Nghị,7380101,Ngành Luật,C00,2025,16.0,,THPT
DCQ,Trường Đại Học Công Nghệ và Quản Lý Hữu Nghị,7380101,Luật,C00,2025,18.0,,THPT
DCQ,Đại học Công Nghệ và Quản Lý Hữu Nghị,7380101,Ngành Luật,D01,2025,16.0,,THPT
DCQ,Trường Đại Học Công Nghệ và Quản Lý Hữu Nghị,7380101,Luật,D01,2025,18.0,,THPT
DCQ,Đại học Công Nghệ và Quản Lý Hữu Nghị,7380107,Luật kinh tế,C00,2025,16.0,,THPT
DCQ,Trường Đại Học Công Nghệ và Quản Lý Hữu Nghị,7380107,Luật kinh tế,C00,2025,18.0,,THPT
DCQ,Đại học Công Nghệ và Quản Lý Hữu Nghị,7380107,Luật kinh tế,D01,2025,16.0,,THPT
DCQ,Trường Đại Học Công Nghệ và Quản Lý Hữu Nghị,7380107,Luật kinh tế,D01,2025,18.0,,THPT
DCQ,Đại học Công Nghệ và Quản Lý Hữu Nghị,7480103,Kỹ thuật phần mềm,A00,2025,16.0,,THPT
DCQ,Trường Đại Học Công Nghệ và Quản Lý Hữu Nghị,7480103,Kỹ thuật phần mềm,A00,2025,16.0,,THPT
DCQ,Đại học Công Nghệ và Quản Lý Hữu Nghị,7480201,Công nghệ thông tin,A00,2025,16.0,,THPT
DCQ,Trường Đại Học Công Nghệ và Quản Lý Hữu Nghị,7480201,Công nghệ thông tin,A00,2025,16.0,,THPT
DCQ,Đại học Công Nghệ và Quản Lý Hữu Nghị,7510205,Công nghệ kỹ thuật ô tô,A00,2025,16.0,,THPT
DCQ,Trường Đại Học Công Nghệ và Quản Lý Hữu Nghị,7510205,Công nghệ kỹ thuật ô tô,A00,2025,16.0,,THPT
DCQ,Trường Đại Học Công Nghệ và Quản Lý Hữu Nghị,7510205,Công nghệ kỹ thuật ô tô,A01,2025,16.0,,THPT
DCQ,Đại học Công Nghệ và Quản Lý Hữu Nghị,7510205,Công nghệ kỹ thuật ô tô,A01,2025,16.0,,THPT
DCQ,Đại học Công Nghệ và Quản Lý Hữu Nghị,7510605,Logistics và Quản lý chuỗi cung ứng,A00,2025,16.0,,THPT
DCQ,Trường Đại Học Công Nghệ và Quản Lý Hữu Nghị,7510605,Logistics và quản lý chuỗi cung ứng,A00,2025,16.0,,THPT
DCQ,Trường Đại Học Công Nghệ và Quản Lý Hữu Nghị,7510605,Logistics và quản lý chuỗi cung ứng,A01,2025,16.0,,THPT
DCQ,Đại học Công Nghệ và Quản Lý Hữu Nghị,7510605,Logistics và Quản lý chuỗi cung ứng,A01,2025,16.0,,THPT
DCQ,Trường Đại Học Công Nghệ và Quản Lý Hữu Nghị,7510605,Logistics và quản lý chuỗi cung ứng,D01,2025,16.0,,THPT
DCQ,Đại học Công Nghệ và Quản Lý Hữu Nghị,7510605,Logistics và Quản lý chuỗi cung ứng,D01,2025,16.0,,THPT
DCQ,Đại học Công Nghệ và Quản Lý Hữu Nghị,7810103,Quản trị dịch vụ du lịch và lữ hành,C00,2025,16.0,,THPT
DCQ,Trường Đại Học Công Nghệ và Quản Lý Hữu Nghị,7810103,Quản trị dịch vụ du lịch và lữ hành,C00,2025,16.0,,THPT
DCQ,Trường Đại Học Công Nghệ và Quản Lý Hữu Nghị,7810103,Quản trị dịch vụ du lịch và lữ hành,D01,2025,16.0,,THPT
DCQ,Đại học Công Nghệ và Quản Lý Hữu Nghị,7810103,Quản trị dịch vụ du lịch và lữ hành,D01,2025,16.0,,THPT
DCT,Đại học Công nghiệp Thực phẩm TP HCM,7220201,Ngôn ngữ Anh,A01,2025,23.75,,THPT
DCT,Trường Đại Học Công Thương TPHCM,7220201,Ngôn ngữ Anh,A01,2025,23.75,,THPT
DCT,Trường Đại Học Công Thương TPHCM,7220201,Ngôn ngữ Anh,A01,2025,23.75,,THPT
DCT,Trường Đại Học Công Thương TPHCM,7220201,Ngôn ngữ Anh,A01,2025,23.75,,THPT
DCT,Trường Đại Học Công Thương TPHCM,7220201,Ngôn ngữ Anh,D01,2025,23.75,,THPT
DCT,Trường Đại Học Công Thương TPHCM,7220201,Ngôn ngữ Anh,D01,2025,23.75,,THPT
DCT,Đại học Công nghiệp Thực phẩm TP HCM,7220201,Ngôn ngữ Anh,D01,2025,23.75,,THPT
DCT,Trường Đại Học Công Thương TPHCM,7220201,Ngôn ngữ Anh,D01,2025,23.75,,THPT
DCT,Trường Đại Học Công Thương TPHCM,7220201,Ngôn ngữ Anh,D09,2025,23.75,,THPT
DCT,Trường Đại Học Công Thương TPHCM,7220201,Ngôn ngữ Anh,D09,2025,23.75,,THPT
DCT,Trường Đại Học Công Thương TPHCM,7220201,Ngôn ngữ Anh,D09,2025,23.75,,THPT
DCT,Đại học Công nghiệp Thực phẩm TP HCM,7220201,Ngôn ngữ Anh,D09,2025,23.75,,THPT
DCT,Trường Đại Học Công Thương TPHCM,7220201,Ngôn ngữ Anh,D10,2025,23.75,,THPT
DCT,Đại học Công nghiệp Thực phẩm TP HCM,7220204,Ngôn ngữ Trung Quốc,A01,2025,24.0,,THPT
DCT,Trường Đại Học Công Thương TPHCM,7220204,Ngôn ngữ Trung Quốc,A01,2025,24.0,,THPT
DCT,Trường Đại Học Công Thương TPHCM,7220204,Ngôn ngữ Trung Quốc,A01,2025,24.0,,THPT
DCT,Trường Đại Học Công Thương TPHCM,7220204,Ngôn ngữ Trung Quốc,A01,2025,24.0,,THPT
DCT,Trường Đại Học Công Thương TPHCM,7220204,Ngôn ngữ Trung Quốc,D01,2025,24.0,,THPT
DCT,Trường Đại Học Công Thương TPHCM,7220204,Ngôn ngữ Trung Quốc,D01,2025,24.0,,THPT
DCT,Đại học Công nghiệp Thực phẩm TP HCM,7220204,Ngôn ngữ Trung Quốc,D01,2025,24.0,,THPT
DCT,Trường Đại Học Công Thương TPHCM,7220204,Ngôn ngữ Trung Quốc,D01,2025,24.0,,THPT
DCT,Trường Đại Học Công Thương TPHCM,7220204,Ngôn ngữ Trung Quốc,D09,2025,24.0,,THPT
DCT,Trường Đại Học Công Thương TPHCM,7220204,Ngôn ngữ Trung Quốc,D09,2025,24.0,,THPT
DCT,Trường Đại Học Công Thương TPHCM,7220204,Ngôn ngữ Trung Quốc,D09,2025,24.0,,THPT
DCT,Đại học Công nghiệp Thực phẩm TP HCM,7220204,Ngôn ngữ Trung Quốc,D09,2025,24.0,,THPT
DCT,Đại học Công nghiệp Thực phẩm TP HCM,7340101,Quản trị Kinh doanh,A00,2025,23.0,,THPT
DCT,Trường Đại Học Công Thương TPHCM,7340101,Quản trị kinh doanh,A00,2025,23.0,,THPT
DCT,Trường Đại Học Công Thương TPHCM,7340101,Quản trị kinh doanh,A00,2025,23.0,,THPT
DCT,Trường Đại Học Công Thương TPHCM,7340101,Quản trị kinh doanh,A00,2025,23.0,,THPT
DCT,Trường Đại Học Công Thương TPHCM,7340101,Quản trị kinh doanh,A01,2025,23.0,,THPT
DCT,Trường Đại Học Công Thương TPHCM,7340101,Quản trị kinh doanh,A01,2025,23.0,,THPT
DCT,Đại học Công nghiệp Thực phẩm TP HCM,7340101,Quản trị Kinh doanh,A01,2025,23.0,,THPT
DCT,Trường Đại Học Công Thương TPHCM,7340101,Quản trị kinh doanh,A01,2025,23.0,,THPT
DCT,Trường Đại Học Công Thương TPHCM,7340101,Quản trị kinh doanh,D01,2025,23.0,,THPT
DCT,Trường Đại Học Công Thương TPHCM,7340101,Quản trị kinh doanh,D01,2025,23.0,,THPT
DCT,Đại học Công nghiệp Thực phẩm TP HCM,7340101,Quản trị Kinh doanh,D01,2025,23.0,,THPT
DCT,Trường Đại Học Công Thương TPHCM,7340101,Quản trị kinh doanh,D01,2025,23.0,,THPT
DCT,Đại học Công nghiệp Thực phẩm TP HCM,7340115,Marketing,A00,2025,24.25,,THPT
DCT,Trường Đại Học Công Thương TPHCM,7340115,Marketing,A00,2025,24.25,,THPT
DCT,Trường Đại Học Công Thương TPHCM,7340115,Marketing,A00,2025,24.25,,THPT
DCT,Trường Đại Học Công Thương TPHCM,7340115,Marketing,A00,2025,24.25,,THPT
DCT,Trường Đại Học Công Thương TPHCM,7340115,Marketing,A01,2025,24.25,,THPT
DCT,Trường Đại Học Công Thương TPHCM,7340115,Marketing,A01,2025,24.25,,THPT
DCT,Đại học Công nghiệp Thực phẩm TP HCM,7340115,Marketing,A01,2025,24.25,,THPT
DCT,Trường Đại Học Công Thương TPHCM,7340115,Marketing,A01,2025,24.25,,THPT
DCT,Trường Đại Học Công Thương TPHCM,7340115,Marketing,D01,2025,24.25,,THPT
DCT,Trường Đại Học Công Thương TPHCM,7340115,Marketing,D01,2025,24.25,,THPT
DCT,Đại học Công nghiệp Thực phẩm TP HCM,7340115,Marketing,D01,2025,24.25,,THPT
DCT,Trường Đại Học Công Thương TPHCM,7340115,Marketing,D01,2025,24.25,,THPT
DCT,Đại học Công nghiệp Thực phẩm TP HCM,7340120,Ngành Kinh doanh quốc tế,A00,2025,23.5,,THPT
DCT,Trường Đại Học Công Thương TPHCM,7340120,Kinh doanh quốc tế,A00,2025,23.5,,THPT
DCT,Trường Đại Học Công Thương TPHCM,7340120,Kinh doanh quốc tế,A00,2025,23.5,,THPT
DCT,Trường Đại Học Công Thương TPHCM,7340120,Kinh doanh quốc tế,A00,2025,23.5,,THPT
DCT,Trường Đại Học Công Thương TPHCM,7340120,Kinh doanh quốc tế,A01,2025,23.5,,THPT
DCT,Trường Đại Học Công Thương TPHCM,7340120,Kinh doanh quốc tế,A01,2025,23.5,,THPT
DCT,Đại học Công nghiệp Thực phẩm TP HCM,7340120,Ngành Kinh doanh quốc tế,A01,2025,23.5,,THPT
DCT,Trường Đại Học Công Thương TPHCM,7340120,Kinh doanh quốc tế,A01,2025,23.5,,THPT
DCT,Trường Đại Học Công Thương TPHCM,7340120,Kinh doanh quốc tế,D01,2025,23.5,,THPT
DCT,Trường Đại Học Công Thương TPHCM,7340120,Kinh doanh quốc tế,D01,2025,23.5,,THPT
DCT,Đại học Công nghiệp Thực phẩm TP HCM,7340120,Ngành Kinh doanh quốc tế,D01,2025,23.5,,THPT
DCT,Trường Đại Học Công Thương TPHCM,7340120,Kinh doanh quốc tế,D01,2025,23.5,,THPT
DCT,Đại học Công nghiệp Thực phẩm TP HCM,7340122,Thương mại điện tử,A00,2025,23.75,,THPT
DCT,Trường Đại Học Công Thương TPHCM,7340122,Thương mại điện tử,A00,2025,23.75,,THPT
DCT,Trường Đại Học Công Thương TPHCM,7340122,Thương mại điện tử,A00,2025,23.75,,THPT
DCT,Trường Đại Học Công Thương TPHCM,7340122,Thương mại điện tử,A00,2025,23.75,,THPT
DCT,Trường Đại Học Công Thương TPHCM,7340122,Thương mại điện tử,A01,2025,23.75,,THPT
DCT,Trường Đại Học Công Thương TPHCM,7340122,Thương mại điện tử,A01,2025,23.75,,THPT
DCT,Đại học Công nghiệp Thực phẩm TP HCM,7340122,Thương mại điện tử,A01,2025,23.75,,THPT
DCT,Trường Đại Học Công Thương TPHCM,7340122,Thương mại điện tử,A01,2025,23.75,,THPT
DCT,Trường Đại Học Công Thương TPHCM,7340122,Thương mại điện tử,D01,2025,23.75,,THPT
DCT,Trường Đại Học Công Thương TPHCM,7340122,Thương mại điện tử,D01,2025,23.75,,THPT
DCT,Đại học Công nghiệp Thực phẩm TP HCM,7340122,Thương mại điện tử,D01,2025,23.75,,THPT
DCT,Trường Đại Học Công Thương TPHCM,7340122,Thương mại điện tử,D01,2025,23.75,,THPT
DCT,Đại học Công nghiệp Thực phẩm TP HCM,7340123,Kinh doanh thời trang và Dệt may,A00,2025,18.5,,THPT
DCT,Trường Đại Học Công Thương TPHCM,7340123,Kinh doanh thời trang và dệt may,A00,2025,18.5,,THPT
DCT,Trường Đại Học Công Thương TPHCM,7340123,Kinh doanh thời trang và dệt may,A00,2025,18.5,,THPT
DCT,Trường Đại Học Công Thương TPHCM,7340123,Kinh doanh thời trang và dệt may,A00,2025,18.5,,THPT
DCT,Trường Đại Học Công Thương TPHCM,7340123,Kinh doanh thời trang và dệt may,A01,2025,18.5,,THPT
DCT,Trường Đại Học Công Thương TPHCM,7340123,Kinh doanh thời trang và dệt may,A01,2025,18.5,,THPT
DCT,Đại học Công nghiệp Thực phẩm TP HCM,7340123,Kinh doanh thời trang và Dệt may,A01,2025,18.5,,THPT
DCT,Trường Đại Học Công Thương TPHCM,7340123,Kinh doanh thời trang và dệt may,A01,2025,18.5,,THPT
DCT,Trường Đại Học Công Thương TPHCM,7340123,Kinh doanh thời trang và dệt may,D01,2025,18.5,,THPT
DCT,Trường Đại Học Công Thương TPHCM,7340123,Kinh doanh thời trang và dệt may,D01,2025,18.5,,THPT
DCT,Đại học Công nghiệp Thực phẩm TP HCM,7340123,Kinh doanh thời trang và Dệt may,D01,2025,18.5,,THPT
DCT,Trường Đại Học Công Thương TPHCM,7340123,Kinh doanh thời trang và dệt may,D01,2025,18.5,,THPT
DCT,Đại học Công nghiệp Thực phẩm TP HCM,7340129,Quản trị kinh doanh thực phẩm,B00,2025,20.5,,THPT
DCT,Trường Đại Học Công Thương TPHCM,7340129,Quản trị kinh doanh thực phẩm,B00,2025,20.5,,THPT
DCT,Trường Đại Học Công Thương TPHCM,7340129,Quản trị kinh doanh thực phẩm,B00,2025,20.5,,THPT
DCT,Trường Đại Học Công Thương TPHCM,7340129,Quản trị kinh doanh thực phẩm,B00,2025,20.5,,THPT
DCT,Trường Đại Học Công Thương TPHCM,7340129,Quản trị kinh doanh thực phẩm,D01,2025,20.5,,THPT
DCT,Trường Đại Học Công Thương TPHCM,7340129,Quản trị kinh doanh thực phẩm,D01,2025,20.5,,THPT
DCT,Trường Đại Học Công Thương TPHCM,7340129,Quản trị kinh doanh thực phẩm,D01,2025,20.5,,THPT
DCT,Đại học Công nghiệp Thực phẩm TP HCM,7340129,Quản trị kinh doanh thực phẩm,D01,2025,20.5,,THPT
DCT,Trường Đại Học Công Thương TPHCM,7340129,Quản trị kinh doanh thực phẩm,D07,2025,20.5,,THPT
DCT,Trường Đại Học Công Thương TPHCM,7340129,Quản trị kinh doanh thực phẩm,D07,2025,20.5,,THPT
DCT,Trường Đại Học Công Thương TPHCM,7340129,Quản trị kinh doanh thực phẩm,D07,2025,20.5,,THPT
DCT,Đại học Công nghiệp Thực phẩm TP HCM,7340129,Quản trị kinh doanh thực phẩm,D07,2025,20.5,,THPT
DCT,Đại học Công nghiệp Thực phẩm TP HCM,7340201,Tài chính – Ngân hàng,A00,2025,23.5,,THPT
DCT,Trường Đại Học Công Thương TPHCM,7340201,Tài chính ngân hàng,A00,2025,23.5,,THPT
DCT,Trường Đại Học Công Thương TPHCM,7340201,Tài chính ngân hàng,A00,2025,23.5,,THPT
DCT,Trường Đại Học Công Thương TPHCM,7340201,Tài chính ngân hàng,A00,2025,23.5,,THPT
DCT,Trường Đại Học Công Thương TPHCM,7340201,Tài chính ngân hàng,A01,2025,23.5,,THPT
DCT,Trường Đại Học Công Thương TPHCM,7340201,Tài chính ngân hàng,A01,2025,23.5,,THPT
DCT,Đại học Công nghiệp Thực phẩm TP HCM,7340201,Tài chính – Ngân hàng,A01,2025,23.5,,THPT
DCT,Trường Đại Học Công Thương TPHCM,7340201,Tài chính ngân hàng,A01,2025,23.5,,THPT
DCT,Trường Đại Học Công Thương TPHCM,7340201,Tài chính ngân hàng,D01,2025,23.5,,THPT
DCT,Trường Đại Học Công Thương TPHCM,7340201,Tài chính ngân hàng,D01,2025,23.5,,THPT
DCT,Đại học Công nghiệp Thực phẩm TP HCM,7340201,Tài chính – Ngân hàng,D01,2025,23.5,,THPT
DCT,Trường Đại Học Công Thương TPHCM,7340201,Tài chính ngân hàng,D01,2025,23.5,,THPT
DCT,Đại học Công nghiệp Thực phẩm TP HCM,7340205,Công nghệ tài chính,A00,2025,22.25,,THPT
DCT,Trường Đại Học Công Thương TPHCM,7340205,Công nghệ tài chính,A00,2025,22.25,,THPT
DCT,Trường Đại Học Công Thương TPHCM,7340205,Công nghệ tài chính,A00,2025,22.25,,THPT
DCT,Trường Đại Học Công Thương TPHCM,7340205,Công nghệ tài chính,A00,2025,22.25,,THPT
DCT,Trường Đại Học Công Thương TPHCM,7340205,Công nghệ tài chính,A01,2025,22.25,,THPT
DCT,Trường Đại Học Công Thương TPHCM,7340205,Công nghệ tài chính,A01,2025,22.25,,THPT
DCT,Đại học Công nghiệp Thực phẩm TP HCM,7340205,Công nghệ tài chính,A01,2025,22.25,,THPT
DCT,Trường Đại Học Công Thương TPHCM,7340205,Công nghệ tài chính,A01,2025,22.25,,THPT
DCT,Trường Đại Học Công Thương TPHCM,7340205,Công nghệ tài chính,D01,2025,22.25,,THPT
DCT,Trường Đại Học Công Thương TPHCM,7340205,Công nghệ tài chính,D01,2025,22.25,,THPT
DCT,Đại học Công nghiệp Thực phẩm TP HCM,7340205,Công nghệ tài chính,D01,2025,22.25,,THPT
DCT,Trường Đại Học Công Thương TPHCM,7340205,Công nghệ tài chính,D01,2025,22.25,,THPT
DCT,Đại học Công nghiệp Thực phẩm TP HCM,7340301,Kế toán,A00,2025,22.5,,THPT
DCT,Trường Đại Học Công Thương TPHCM,7340301,Kế toán,A00,2025,22.5,,THPT
DCT,Trường Đại Học Công Thương TPHCM,7340301,Kế toán,A00,2025,22.5,,THPT
DCT,Trường Đại Học Công Thương TPHCM,7340301,Kế toán,A00,2025,22.5,,THPT
DCT,Trường Đại Học Công Thương TPHCM,7340301,Kế toán,A01,2025,22.5,,THPT
DCT,Trường Đại Học Công Thương TPHCM,7340301,Kế toán,A01,2025,22.5,,THPT
DCT,Đại học Công nghiệp Thực phẩm TP HCM,7340301,Kế toán,A01,2025,22.5,,THPT
DCT,Trường Đại Học Công Thương TPHCM,7340301,Kế toán,A01,2025,22.5,,THPT
DCT,Trường Đại Học Công Thương TPHCM,7340301,Kế toán,D01,2025,22.5,,THPT
DCT,Trường Đại Học Công Thương TPHCM,7340301,Kế toán,D01,2025,22.5,,THPT
DCT,Đại học Công nghiệp Thực phẩm TP HCM,7340301,Kế toán,D01,2025,22.5,,THPT
DCT,Trường Đại Học Công Thương TPHCM,7340301,Kế toán,D01,2025,22.5,,THPT
DCT,Đại học Công nghiệp Thực phẩm TP HCM,7380101,Ngành Luật,C00,2025,24.25,,THPT
DCT,Trường Đại Học Công Thương TPHCM,7380101,Luật,C00,2025,24.25,,THPT
DCT,Trường Đại Học Công Thương TPHCM,7380101,Luật,C00,2025,24.25,,THPT
DCT,Trường Đại Học Công Thương TPHCM,7380101,Luật,C00,2025,24.25,,THPT
DCT,Trường Đại Học Công Thương TPHCM,7380101,Luật,D01,2025,24.25,,THPT
DCT,Trường Đại Học Công Thương TPHCM,7380101,Luật,D01,2025,24.25,,THPT
DCT,Đại học Công nghiệp Thực phẩm TP HCM,7380101,Ngành Luật,D01,2025,24.25,,THPT
DCT,Trường Đại Học Công Thương TPHCM,7380101,Luật,D01,2025,24.25,,THPT
DCT,Đại học Công nghiệp Thực phẩm TP HCM,7380107,Luật kinh tế,C00,2025,24.0,,THPT
DCT,Trường Đại Học Công Thương TPHCM,7380107,Luật kinh tế,C00,2025,24.0,,THPT
DCT,Trường Đại Học Công Thương TPHCM,7380107,Luật kinh tế,C00,2025,24.0,,THPT
DCT,Trường Đại Học Công Thương TPHCM,7380107,Luật kinh tế,C00,2025,24.0,,THPT
DCT,Trường Đại Học Công Thương TPHCM,7380107,Luật kinh tế,D01,2025,24.0,,THPT
DCT,Trường Đại Học Công Thương TPHCM,7380107,Luật kinh tế,D01,2025,24.0,,THPT
DCT,Đại học Công nghiệp Thực phẩm TP HCM,7380107,Luật kinh tế,D01,2025,24.0,,THPT
DCT,Trường Đại Học Công Thương TPHCM,7380107,Luật kinh tế,D01,2025,24.0,,THPT
DCT,Đại học Công nghiệp Thực phẩm TP HCM,7420201,Công nghệ sinh học,A00,2025,18.5,,THPT
DCT,Trường Đại Học Công Thương TPHCM,7420201,Công nghệ sinh học,A00,2025,18.5,,THPT
DCT,Trường Đại Học Công Thương TPHCM,7420201,Công nghệ sinh học,A00,2025,18.5,,THPT
DCT,Trường Đại Học Công Thương TPHCM,7420201,Công nghệ sinh học,A00,2025,18.5,,THPT
DCT,Trường Đại Học Công Thương TPHCM,7420201,Công nghệ sinh học,B00,2025,18.5,,THPT
DCT,Trường Đại Học Công Thương TPHCM,7420201,Công nghệ sinh học,B00,2025,18.5,,THPT
DCT,Đại học Công nghiệp Thực phẩm TP HCM,7420201,Công nghệ sinh học,B00,2025,18.5,,THPT
DCT,Trường Đại Học Công Thương TPHCM,7420201,Công nghệ sinh học,B00,2025,18.5,,THPT
DCT,Trường Đại Học Công Thương TPHCM,7420201,Công nghệ sinh học,D07,2025,18.5,,THPT
DCT,Trường Đại Học Công Thương TPHCM,7420201,Công nghệ sinh học,D07,2025,18.5,,THPT
DCT,Trường Đại Học Công Thương TPHCM,7420201,Công nghệ sinh học,D07,2025,18.5,,THPT
DCT,Đại học Công nghiệp Thực phẩm TP HCM,7420201,Công nghệ sinh học,D07,2025,18.5,,THPT
DCT,Đại học Công nghiệp Thực phẩm TP HCM,7460108,Khoa học dữ liệu (Data Science),A00,2025,22.0,,THPT
DCT,Trường Đại Học Công Thương TPHCM,7460108,Khoa học dữ liệu,A00,2025,22.0,,THPT
DCT,Trường Đại Học Công Thương TPHCM,7460108,Khoa học dữ liệu,A00,2025,22.0,,THPT
DCT,Trường Đại Học Công Thương TPHCM,7460108,Khoa học dữ liệu,A00,2025,22.0,,THPT
DCT,Trường Đại Học Công Thương TPHCM,7460108,Khoa học dữ liệu,D01,2025,22.0,,THPT
DCT,Trường Đại Học Công Thương TPHCM,7460108,Khoa học dữ liệu,D01,2025,22.0,,THPT
DCT,Đại học Công nghiệp Thực phẩm TP HCM,7460108,Khoa học dữ liệu (Data Science),D01,2025,22.0,,THPT
DCT,Trường Đại Học Công Thương TPHCM,7460108,Khoa học dữ liệu,D01,2025,22.0,,THPT
DCT,Đại học Công nghiệp Thực phẩm TP HCM,7480201,Công nghệ thông tin,A00,2025,23.25,,THPT
DCT,Trường Đại Học Công Thương TPHCM,7480201,Công nghệ thông tin,A00,2025,23.25,,THPT
DCT,Trường Đại Học Công Thương TPHCM,7480201,Công nghệ thông tin,A00,2025,23.25,,THPT
DCT,Trường Đại Học Công Thương TPHCM,7480201,Công nghệ thông tin,A00,2025,23.25,,THPT
DCT,Trường Đại Học Công Thương TPHCM,7480201,Công nghệ thông tin,D01,2025,23.25,,THPT
DCT,Trường Đại Học Công Thương TPHCM,7480201,Công nghệ thông tin,D01,2025,23.25,,THPT
DCT,Đại học Công nghiệp Thực phẩm TP HCM,7480201,Công nghệ thông tin,D01,2025,23.25,,THPT
DCT,Trường Đại Học Công Thương TPHCM,7480201,Công nghệ thông tin,D01,2025,23.25,,THPT
DCT,Đại học Công nghiệp Thực phẩm TP HCM,7480202,An toàn thông tin,A00,2025,22.0,,THPT
DCT,Trường Đại Học Công Thương TPHCM,7480202,An toàn thông tin,A00,2025,22.0,,THPT
DCT,Trường Đại Học Công Thương TPHCM,7480202,An toàn thông tin,A00,2025,22.0,,THPT
DCT,Trường Đại Học Công Thương TPHCM,7480202,An toàn thông tin,A00,2025,22.0,,THPT
DCT,Trường Đại Học Công Thương TPHCM,7480202,An toàn thông tin,D01,2025,22.0,,THPT
DCT,Trường Đại Học Công Thương TPHCM,7480202,An toàn thông tin,D01,2025,22.0,,THPT
DCT,Đại học Công nghiệp Thực phẩm TP HCM,7480202,An toàn thông tin,D01,2025,22.0,,THPT
DCT,Trường Đại Học Công Thương TPHCM,7480202,An toàn thông tin,D01,2025,22.0,,THPT
DCT,Đại học Công nghiệp Thực phẩm TP HCM,7510202,Công nghệ chế tạo máy,A00,2025,21.25,,THPT
DCT,Trường Đại Học Công Thương TPHCM,7510202,Công nghệ chế tạo máy,A00,2025,21.25,,THPT
DCT,Trường Đại Học Công Thương TPHCM,7510202,Công nghệ chế tạo máy,A00,2025,21.25,,THPT
DCT,Trường Đại Học Công Thương TPHCM,7510202,Công nghệ chế tạo máy,A00,2025,21.25,,THPT
DCT,Trường Đại Học Công Thương TPHCM,7510202,Công nghệ chế tạo máy,A01,2025,21.25,,THPT
DCT,Trường Đại Học Công Thương TPHCM,7510202,Công nghệ chế tạo máy,A01,2025,21.25,,THPT
DCT,Đại học Công nghiệp Thực phẩm TP HCM,7510202,Công nghệ chế tạo máy,A01,2025,21.25,,THPT
DCT,Trường Đại Học Công Thương TPHCM,7510202,Công nghệ chế tạo máy,A01,2025,21.25,,THPT
DCT,Trường Đại Học Công Thương TPHCM,7510202,Công nghệ chế tạo máy,D01,2025,21.25,,THPT
DCT,Trường Đại Học Công Thương TPHCM,7510202,Công nghệ chế tạo máy,D01,2025,21.25,,THPT
DCT,Đại học Công nghiệp Thực phẩm TP HCM,7510202,Công nghệ chế tạo máy,D01,2025,21.25,,THPT
DCT,Trường Đại Học Công Thương TPHCM,7510202,Công nghệ chế tạo máy,D01,2025,21.25,,THPT
DCT,Đại học Công nghiệp Thực phẩm TP HCM,7510203,Công nghệ kỹ thuật cơ điện tử,A00,2025,22.0,,THPT
DCT,Trường Đại Học Công Thương TPHCM,7510203,Công nghệ kỹ thuật cơ điện tử,A00,2025,22.0,,THPT
DCT,Trường Đại Học Công Thương TPHCM,7510203,Công nghệ kỹ thuật cơ điện tử,A00,2025,22.0,,THPT
DCT,Trường Đại Học Công Thương TPHCM,7510203,Công nghệ kỹ thuật cơ điện tử,A00,2025,22.0,,THPT
DCT,Trường Đại Học Công Thương TPHCM,7510203,Công nghệ kỹ thuật cơ điện tử,A01,2025,22.0,,THPT
DCT,Trường Đại Học Công Thương TPHCM,7510203,Công nghệ kỹ thuật cơ điện tử,A01,2025,22.0,,THPT
DCT,Đại học Công nghiệp Thực phẩm TP HCM,7510203,Công nghệ kỹ thuật cơ điện tử,A01,2025,22.0,,THPT
DCT,Trường Đại Học Công Thương TPHCM,7510203,Công nghệ kỹ thuật cơ điện tử,A01,2025,22.0,,THPT
DCT,Trường Đại Học Công Thương TPHCM,7510203,Công nghệ kỹ thuật cơ điện tử,D01,2025,22.0,,THPT
DCT,Trường Đại Học Công Thương TPHCM,7510203,Công nghệ kỹ thuật cơ điện tử,D01,2025,22.0,,THPT
DCT,Đại học Công nghiệp Thực phẩm TP HCM,7510203,Công nghệ kỹ thuật cơ điện tử,D01,2025,22.0,,THPT
DCT,Trường Đại Học Công Thương TPHCM,7510203,Công nghệ kỹ thuật cơ điện tử,D01,2025,22.0,,THPT
DCT,Đại học Công nghiệp Thực phẩm TP HCM,7510301,"Công nghệ kỹ thuật điện, điện tử",A00,2025,21.5,,THPT
DCT,Trường Đại Học Công Thương TPHCM,7510301,Công nghệ kỹ thuật điện - điện tử,A00,2025,21.5,,THPT
DCT,Trường Đại Học Công Thương TPHCM,7510301,Công nghệ kỹ thuật điện - điện tử,A00,2025,21.5,,THPT
DCT,Trường Đại Học Công Thương TPHCM,7510301,Công nghệ kỹ thuật điện - điện tử,A00,2025,21.5,,THPT
DCT,Trường Đại Học Công Thương TPHCM,7510301,Công nghệ kỹ thuật điện - điện tử,A01,2025,21.5,,THPT
DCT,Trường Đại Học Công Thương TPHCM,7510301,Công nghệ kỹ thuật điện - điện tử,A01,2025,21.5,,THPT
DCT,Đại học Công nghiệp Thực phẩm TP HCM,7510301,"Công nghệ kỹ thuật điện, điện tử",A01,2025,21.5,,THPT
DCT,Trường Đại Học Công Thương TPHCM,7510301,Công nghệ kỹ thuật điện - điện tử,A01,2025,21.5,,THPT
DCT,Trường Đại Học Công Thương TPHCM,7510301,Công nghệ kỹ thuật điện - điện tử,D01,2025,21.5,,THPT
DCT,Trường Đại Học Công Thương TPHCM,7510301,Công nghệ kỹ thuật điện - điện tử,D01,2025,21.5,,THPT
DCT,Đại học Công nghiệp Thực phẩm TP HCM,7510301,"Công nghệ kỹ thuật điện, điện tử",D01,2025,21.5,,THPT
DCT,Trường Đại Học Công Thương TPHCM,7510301,Công nghệ kỹ thuật điện - điện tử,D01,2025,21.5,,THPT
DCT,Đại học Công nghiệp Thực phẩm TP HCM,7510303,Công nghệ kỹ thuật điều khiển và tự động hóa,A00,2025,22.25,,THPT
DCT,Trường Đại Học Công Thương TPHCM,7510303,Công nghệ kỹ thuật điều khiển và tự động hóa,A00,2025,22.25,,THPT
DCT,Trường Đại Học Công Thương TPHCM,7510303,Công nghệ kỹ thuật điều khiển và tự động hóa,A00,2025,22.25,,THPT
DCT,Trường Đại Học Công Thương TPHCM,7510303,Công nghệ kỹ thuật điều khiển và tự động hóa,A00,2025,22.25,,THPT
DCT,Trường Đại Học Công Thương TPHCM,7510303,Công nghệ kỹ thuật điều khiển và tự động hóa,A01,2025,22.25,,THPT
DCT,Trường Đại Học Công Thương TPHCM,7510303,Công nghệ kỹ thuật điều khiển và tự động hóa,A01,2025,22.25,,THPT
DCT,Đại học Công nghiệp Thực phẩm TP HCM,7510303,Công nghệ kỹ thuật điều khiển và tự động hóa,A01,2025,22.25,,THPT
DCT,Trường Đại Học Công Thương TPHCM,7510303,Công nghệ kỹ thuật điều khiển và tự động hóa,A01,2025,22.25,,THPT
DCT,Trường Đại Học Công Thương TPHCM,7510303,Công nghệ kỹ thuật điều khiển và tự động hóa,D01,2025,22.25,,THPT
DCT,Trường Đại Học Công Thương TPHCM,7510303,Công nghệ kỹ thuật điều khiển và tự động hóa,D01,2025,22.25,,THPT
DCT,Đại học Công nghiệp Thực phẩm TP HCM,7510303,Công nghệ kỹ thuật điều khiển và tự động hóa,D01,2025,22.25,,THPT
DCT,Trường Đại Học Công Thương TPHCM,7510303,Công nghệ kỹ thuật điều khiển và tự động hóa,D01,2025,22.25,,THPT
DCT,Đại học Công nghiệp Thực phẩm TP HCM,7510401,Công nghệ kỹ thuật hoá học,A00,2025,18.0,,THPT
DCT,Trường Đại Học Công Thương TPHCM,7510401,Công nghệ kỹ thuật hóa học,A00,2025,18.0,,THPT
DCT,Đại học Công nghiệp Thực phẩm TP HCM,7510401,Công nghệ kỹ thuật hoá học,B00,2025,18.0,,THPT
DCT,Trường Đại Học Công Thương TPHCM,7510401,Công nghệ kỹ thuật hóa học,B00,2025,18.0,,THPT
DCT,Trường Đại Học Công Thương TPHCM,7510401,Công nghệ kỹ thuật hóa học,D07,2025,18.0,,THPT
DCT,Đại học Công nghiệp Thực phẩm TP HCM,7510401,Công nghệ kỹ thuật hoá học,D07,2025,18.0,,THPT
DCT,Đại học Công nghiệp Thực phẩm TP HCM,7510402,Công nghệ vật liệu,A00,2025,17.0,,THPT
DCT,Trường Đại Học Công Thương TPHCM,7510402,Công nghệ vật liệu,A00,2025,17.0,,THPT
DCT,Trường Đại Học Công Thương TPHCM,7510402,Công nghệ vật liệu,A00,2025,17.0,,THPT
DCT,Trường Đại Học Công Thương TPHCM,7510402,Công nghệ vật liệu,A00,2025,17.0,,THPT
DCT,Trường Đại Học Công Thương TPHCM,7510402,Công nghệ vật liệu,B00,2025,17.0,,THPT
DCT,Trường Đại Học Công Thương TPHCM,7510402,Công nghệ vật liệu,B00,2025,17.0,,THPT
DCT,Đại học Công nghiệp Thực phẩm TP HCM,7510402,Công nghệ vật liệu,B00,2025,17.0,,THPT
DCT,Trường Đại Học Công Thương TPHCM,7510402,Công nghệ vật liệu,B00,2025,17.0,,THPT
DCT,Trường Đại Học Công Thương TPHCM,7510402,Công nghệ vật liệu,D07,2025,17.0,,THPT
DCT,Trường Đại Học Công Thương TPHCM,7510402,Công nghệ vật liệu,D07,2025,17.0,,THPT
DCT,Trường Đại Học Công Thương TPHCM,7510402,Công nghệ vật liệu,D07,2025,17.0,,THPT
DCT,Đại học Công nghiệp Thực phẩm TP HCM,7510402,Công nghệ vật liệu,D07,2025,17.0,,THPT
DCT,Đại học Công nghiệp Thực phẩm TP HCM,7510406,Công nghệ kỹ thuật Môi trường,A00,2025,17.0,,THPT
DCT,Trường Đại Học Công Thương TPHCM,7510406,Công nghệ kỹ thuật môi trường,A00,2025,17.0,,THPT
DCT,Trường Đại Học Công Thương TPHCM,7510406,Công nghệ kỹ thuật môi trường,A00,2025,17.0,,THPT
DCT,Trường Đại Học Công Thương TPHCM,7510406,Công nghệ kỹ thuật môi trường,A00,2025,17.0,,THPT
DCT,Trường Đại Học Công Thương TPHCM,7510406,Công nghệ kỹ thuật môi trường,A01,2025,17.0,,THPT
DCT,Trường Đại Học Công Thương TPHCM,7510406,Công nghệ kỹ thuật môi trường,A01,2025,17.0,,THPT
DCT,Đại học Công nghiệp Thực phẩm TP HCM,7510406,Công nghệ kỹ thuật Môi trường,A01,2025,17.0,,THPT
DCT,Trường Đại Học Công Thương TPHCM,7510406,Công nghệ kỹ thuật môi trường,A01,2025,17.0,,THPT
DCT,Trường Đại Học Công Thương TPHCM,7510406,Công nghệ kỹ thuật môi trường,B00,2025,17.0,,THPT
DCT,Trường Đại Học Công Thương TPHCM,7510406,Công nghệ kỹ thuật môi trường,B00,2025,17.0,,THPT
DCT,Đại học Công nghiệp Thực phẩm TP HCM,7510406,Công nghệ kỹ thuật Môi trường,B00,2025,17.0,,THPT
DCT,Trường Đại Học Công Thương TPHCM,7510406,Công nghệ kỹ thuật môi trường,B00,2025,17.0,,THPT
DCT,Trường Đại Học Công Thương TPHCM,7510406,Công nghệ kỹ thuật môi trường,D07,2025,17.0,,THPT
DCT,Trường Đại Học Công Thương TPHCM,7510406,Công nghệ kỹ thuật môi trường,D07,2025,17.0,,THPT
DCT,Trường Đại Học Công Thương TPHCM,7510406,Công nghệ kỹ thuật môi trường,D07,2025,17.0,,THPT
DCT,Đại học Công nghiệp Thực phẩm TP HCM,7510406,Công nghệ kỹ thuật Môi trường,D07,2025,17.0,,THPT
DCT,Đại học Công nghiệp Thực phẩm TP HCM,7510605,Logistics và Quản lý chuỗi cung ứng,A00,2025,24.5,,THPT
DCT,Trường Đại Học Công Thương TPHCM,7510605,Logistics và quản lý chuỗi cung ứng,A00,2025,24.5,,THPT
DCT,Trường Đại Học Công Thương TPHCM,7510605,Logistics và quản lý chuỗi cung ứng,A00,2025,24.5,,THPT
DCT,Trường Đại Học Công Thương TPHCM,7510605,Logistics và quản lý chuỗi cung ứng,A00,2025,24.5,,THPT
DCT,Trường Đại Học Công Thương TPHCM,7510605,Logistics và quản lý chuỗi cung ứng,A01,2025,24.5,,THPT
DCT,Trường Đại Học Công Thương TPHCM,7510605,Logistics và quản lý chuỗi cung ứng,A01,2025,24.5,,THPT
DCT,Đại học Công nghiệp Thực phẩm TP HCM,7510605,Logistics và Quản lý chuỗi cung ứng,A01,2025,24.5,,THPT
DCT,Trường Đại Học Công Thương TPHCM,7510605,Logistics và quản lý chuỗi cung ứng,A01,2025,24.5,,THPT
DCT,Trường Đại Học Công Thương TPHCM,7510605,Logistics và quản lý chuỗi cung ứng,D01,2025,24.5,,THPT
DCT,Trường Đại Học Công Thương TPHCM,7510605,Logistics và quản lý chuỗi cung ứng,D01,2025,24.5,,THPT
DCT,Đại học Công nghiệp Thực phẩm TP HCM,7510605,Logistics và Quản lý chuỗi cung ứng,D01,2025,24.5,,THPT
DCT,Trường Đại Học Công Thương TPHCM,7510605,Logistics và quản lý chuỗi cung ứng,D01,2025,24.5,,THPT
DCT,Đại học Công nghiệp Thực phẩm TP HCM,7520115,"Kỹ thuật nhiệt (3 chuyên ngành: Kỹ thuật điện lạnh; Máy lạnh, điều hòa không khí và thông gió; Máy lạnh và thiết bị thực phẩm)",A00,2025,20.0,,THPT
DCT,Trường Đại Học Công Thương TPHCM,7520115,Kỹ thuật nhiệt,A00,2025,20.0,,THPT
DCT,Trường Đại Học Công Thương TPHCM,7520115,Kỹ thuật nhiệt,A00,2025,20.0,,THPT
DCT,Trường Đại Học Công Thương TPHCM,7520115,Kỹ thuật nhiệt,A00,2025,20.0,,THPT
DCT,Trường Đại Học Công Thương TPHCM,7520115,Kỹ thuật nhiệt,A01,2025,20.0,,THPT
DCT,Trường Đại Học Công Thương TPHCM,7520115,Kỹ thuật nhiệt,A01,2025,20.0,,THPT
DCT,Đại học Công nghiệp Thực phẩm TP HCM,7520115,"Kỹ thuật nhiệt (3 chuyên ngành: Kỹ thuật điện lạnh; Máy lạnh, điều hòa không khí và thông gió; Máy lạnh và thiết bị thực phẩm)",A01,2025,20.0,,THPT
DCT,Trường Đại Học Công Thương TPHCM,7520115,Kỹ thuật nhiệt,A01,2025,20.0,,THPT
DCT,Trường Đại Học Công Thương TPHCM,7520115,Kỹ thuật nhiệt,D01,2025,20.0,,THPT
DCT,Trường Đại Học Công Thương TPHCM,7520115,Kỹ thuật nhiệt,D01,2025,20.0,,THPT
DCT,Đại học Công nghiệp Thực phẩm TP HCM,7520115,"Kỹ thuật nhiệt (3 chuyên ngành: Kỹ thuật điện lạnh; Máy lạnh, điều hòa không khí và thông gió; Máy lạnh và thiết bị thực phẩm)",D01,2025,20.0,,THPT
DCT,Trường Đại Học Công Thương TPHCM,7520115,Kỹ thuật nhiệt,D01,2025,20.0,,THPT
DCT,Đại học Công nghiệp Thực phẩm TP HCM,7540101,Công nghệ thực phẩm,A00,2025,23.0,,THPT
DCT,Trường Đại Học Công Thương TPHCM,7540101,Công nghệ thực phẩm,A00,2025,23.0,,THPT
DCT,Trường Đại Học Công Thương TPHCM,7540101,Công nghệ thực phẩm,A00,2025,23.0,,THPT
DCT,Trường Đại Học Công Thương TPHCM,7540101,Công nghệ thực phẩm,A00,2025,23.0,,THPT
DCT,Trường Đại Học Công Thương TPHCM,7540101,Công nghệ thực phẩm,B00,2025,23.0,,THPT
DCT,Trường Đại Học Công Thương TPHCM,7540101,Công nghệ thực phẩm,B00,2025,23.0,,THPT
DCT,Đại học Công nghiệp Thực phẩm TP HCM,7540101,Công nghệ thực phẩm,B00,2025,23.0,,THPT
DCT,Trường Đại Học Công Thương TPHCM,7540101,Công nghệ thực phẩm,B00,2025,23.0,,THPT
DCT,Trường Đại Học Công Thương TPHCM,7540101,Công nghệ thực phẩm,D07,2025,23.0,,THPT
DCT,Trường Đại Học Công Thương TPHCM,7540101,Công nghệ thực phẩm,D07,2025,23.0,,THPT
DCT,Trường Đại Học Công Thương TPHCM,7540101,Công nghệ thực phẩm,D07,2025,23.0,,THPT
DCT,Đại học Công nghiệp Thực phẩm TP HCM,7540101,Công nghệ thực phẩm,D07,2025,23.0,,THPT
DCT,Đại học Công nghiệp Thực phẩm TP HCM,7540105,Công nghệ chế biến thủy sản,A00,2025,17.0,,THPT
DCT,Trường Đại Học Công Thương TPHCM,7540105,Công nghệ chế biến thủy sản,A00,2025,17.0,,THPT
DCT,Trường Đại Học Công Thương TPHCM,7540105,Công nghệ chế biến thủy sản,A00,2025,17.0,,THPT
DCT,Trường Đại Học Công Thương TPHCM,7540105,Công nghệ chế biến thủy sản,A00,2025,17.0,,THPT
DCT,Trường Đại Học Công Thương TPHCM,7540105,Công nghệ chế biến thủy sản,B00,2025,17.0,,THPT
DCT,Trường Đại Học Công Thương TPHCM,7540105,Công nghệ chế biến thủy sản,B00,2025,17.0,,THPT
DCT,Đại học Công nghiệp Thực phẩm TP HCM,7540105,Công nghệ chế biến thủy sản,B00,2025,17.0,,THPT
DCT,Trường Đại Học Công Thương TPHCM,7540105,Công nghệ chế biến thủy sản,B00,2025,17.0,,THPT
DCT,Trường Đại Học Công Thương TPHCM,7540105,Công nghệ chế biến thủy sản,D07,2025,17.0,,THPT
DCT,Trường Đại Học Công Thương TPHCM,7540105,Công nghệ chế biến thủy sản,D07,2025,17.0,,THPT
DCT,Trường Đại Học Công Thương TPHCM,7540105,Công nghệ chế biến thủy sản,D07,2025,17.0,,THPT
DCT,Đại học Công nghiệp Thực phẩm TP HCM,7540105,Công nghệ chế biến thủy sản,D07,2025,17.0,,THPT
DCT,Đại học Công nghiệp Thực phẩm TP HCM,7540106,Đảm bảo chất lượng và an toàn thực phẩm,A00,2025,18.0,,THPT
DCT,Trường Đại Học Công Thương TPHCM,7540106,Đảm bảo chất lượng và an toàn thực phẩm,A00,2025,18.0,,THPT
DCT,Trường Đại Học Công Thương TPHCM,7540106,Đảm bảo chất lượng và an toàn thực phẩm,A00,2025,18.0,,THPT
DCT,Trường Đại Học Công Thương TPHCM,7540106,Đảm bảo chất lượng và an toàn thực phẩm,A00,2025,18.0,,THPT
DCT,Trường Đại Học Công Thương TPHCM,7540106,Đảm bảo chất lượng và an toàn thực phẩm,B00,2025,18.0,,THPT
DCT,Trường Đại Học Công Thương TPHCM,7540106,Đảm bảo chất lượng và an toàn thực phẩm,B00,2025,18.0,,THPT
DCT,Đại học Công nghiệp Thực phẩm TP HCM,7540106,Đảm bảo chất lượng và an toàn thực phẩm,B00,2025,18.0,,THPT
DCT,Trường Đại Học Công Thương TPHCM,7540106,Đảm bảo chất lượng và an toàn thực phẩm,B00,2025,18.0,,THPT
DCT,Trường Đại Học Công Thương TPHCM,7540106,Đảm bảo chất lượng và an toàn thực phẩm,D07,2025,18.0,,THPT
DCT,Trường Đại Học Công Thương TPHCM,7540106,Đảm bảo chất lượng và an toàn thực phẩm,D07,2025,18.0,,THPT
DCT,Trường Đại Học Công Thương TPHCM,7540106,Đảm bảo chất lượng và an toàn thực phẩm,D07,2025,18.0,,THPT
DCT,Đại học Công nghiệp Thực phẩm TP HCM,7540106,Đảm bảo chất lượng và an toàn thực phẩm,D07,2025,18.0,,THPT
DCT,Đại học Công nghiệp Thực phẩm TP HCM,7540204,Công nghệ may,A00,2025,17.0,,THPT
DCT,Trường Đại Học Công Thương TPHCM,7540204,"Công nghệ dệt, may",A00,2025,17.0,,THPT
DCT,Trường Đại Học Công Thương TPHCM,7540204,"Công nghệ dệt, may",A00,2025,17.0,,THPT
DCT,Trường Đại Học Công Thương TPHCM,7540204,"Công nghệ dệt, may",A00,2025,17.0,,THPT
DCT,Trường Đại Học Công Thương TPHCM,7540204,"Công nghệ dệt, may",A01,2025,17.0,,THPT
DCT,Trường Đại Học Công Thương TPHCM,7540204,"Công nghệ dệt, may",A01,2025,17.0,,THPT
DCT,Đại học Công nghiệp Thực phẩm TP HCM,7540204,Công nghệ may,A01,2025,17.0,,THPT
DCT,Trường Đại Học Công Thương TPHCM,7540204,"Công nghệ dệt, may",A01,2025,17.0,,THPT
DCT,Trường Đại Học Công Thương TPHCM,7540204,"Công nghệ dệt, may",D01,2025,17.0,,THPT
DCT,Trường Đại Học Công Thương TPHCM,7540204,"Công nghệ dệt, may",D01,2025,17.0,,THPT
DCT,Đại học Công nghiệp Thực phẩm TP HCM,7540204,Công nghệ may,D01,2025,17.0,,THPT
DCT,Trường Đại Học Công Thương TPHCM,7540204,"Công nghệ dệt, may",D01,2025,17.0,,THPT
DCT,Đại học Công nghiệp Thực phẩm TP HCM,7810101,Du lịch,C00,2025,24.0,,THPT
DCT,Trường Đại Học Công Thương TPHCM,7810101,Du lịch,C00,2025,24.0,,THPT
DCT,Trường Đại Học Công Thương TPHCM,7810101,Du lịch,C00,2025,24.0,,THPT
DCT,Trường Đại Học Công Thương TPHCM,7810101,Du lịch,C00,2025,24.0,,THPT
DCT,Trường Đại Học Công Thương TPHCM,7810101,Du lịch,D01,2025,24.0,,THPT
DCT,Trường Đại Học Công Thương TPHCM,7810101,Du lịch,D01,2025,24.0,,THPT
DCT,Đại học Công nghiệp Thực phẩm TP HCM,7810101,Du lịch,D01,2025,24.0,,THPT
DCT,Trường Đại Học Công Thương TPHCM,7810101,Du lịch,D01,2025,24.0,,THPT
DCT,Đại học Công nghiệp Thực phẩm TP HCM,7810103,Quản trị dịch vụ du lịch và lữ hành,C00,2025,24.0,,THPT
DCT,Trường Đại Học Công Thương TPHCM,7810103,Quản trị dịch vụ du lịch và lữ hành,C00,2025,24.0,,THPT
DCT,Trường Đại Học Công Thương TPHCM,7810103,Quản trị dịch vụ du lịch và lữ hành,C00,2025,24.0,,THPT
DCT,Trường Đại Học Công Thương TPHCM,7810103,Quản trị dịch vụ du lịch và lữ hành,C00,2025,24.0,,THPT
DCT,Trường Đại Học Công Thương TPHCM,7810103,Quản trị dịch vụ du lịch và lữ hành,D01,2025,24.0,,THPT
DCT,Trường Đại Học Công Thương TPHCM,7810103,Quản trị dịch vụ du lịch và lữ hành,D01,2025,24.0,,THPT
DCT,Đại học Công nghiệp Thực phẩm TP HCM,7810103,Quản trị dịch vụ du lịch và lữ hành,D01,2025,24.0,,THPT
DCT,Trường Đại Học Công Thương TPHCM,7810103,Quản trị dịch vụ du lịch và lữ hành,D01,2025,24.0,,THPT
DCT,Đại học Công nghiệp Thực phẩm TP HCM,7810201,Quản trị khách sạn,C00,2025,23.5,,THPT
DCT,Trường Đại Học Công Thương TPHCM,7810201,Quản trị khách sạn,C00,2025,23.5,,THPT
DCT,Trường Đại Học Công Thương TPHCM,7810201,Quản trị khách sạn,C00,2025,23.5,,THPT
DCT,Trường Đại Học Công Thương TPHCM,7810201,Quản trị khách sạn,C00,2025,23.5,,THPT
DCT,Trường Đại Học Công Thương TPHCM,7810201,Quản trị khách sạn,D01,2025,23.5,,THPT
DCT,Trường Đại Học Công Thương TPHCM,7810201,Quản trị khách sạn,D01,2025,23.5,,THPT
DCT,Đại học Công nghiệp Thực phẩm TP HCM,7810201,Quản trị khách sạn,D01,2025,23.5,,THPT
DCT,Trường Đại Học Công Thương TPHCM,7810201,Quản trị khách sạn,D01,2025,23.5,,THPT
DCT,Đại học Công nghiệp Thực phẩm TP HCM,7810202,Quản trị nhà hàng và dịch vụ ăn uống,C00,2025,23.5,,THPT
DCT,Trường Đại Học Công Thương TPHCM,7810202,Quản trị nhà hàng và dịch vụ ăn uống,C00,2025,23.5,,THPT
DCT,Đại học Công nghiệp Thực phẩm TP HCM,7810202,Quản trị nhà hàng và dịch vụ ăn uống,D01,2025,23.5,,THPT
DCT,Trường Đại Học Công Thương TPHCM,7810202,Quản trị nhà hàng và dịch vụ ăn uống,D01,2025,23.5,,THPT
DCT,Đại học Công nghiệp Thực phẩm TP HCM,7819009,Khoa học dinh dưỡng và ẩm thực,A01,2025,19.0,,THPT
DCT,Trường Đại Học Công Thương TPHCM,7819009,Khoa học dinh dưỡng và ẩm thực,A01,2025,19.0,,THPT
DCT,Trường Đại Học Công Thương TPHCM,7819009,Khoa học dinh dưỡng và ẩm thực,A01,2025,19.0,,THPT
DCT,Trường Đại Học Công Thương TPHCM,7819009,Khoa học dinh dưỡng và ẩm thực,B00,2025,19.0,,THPT
DCT,Trường Đại Học Công Thương TPHCM,7819009,Khoa học dinh dưỡng và ẩm thực,B00,2025,19.0,,THPT
DCT,Đại học Công nghiệp Thực phẩm TP HCM,7819009,Khoa học dinh dưỡng và ẩm thực,B00,2025,19.0,,THPT
DCT,Trường Đại Học Công Thương TPHCM,7819009,Khoa học dinh dưỡng và ẩm thực,D07,2025,19.0,,THPT
DCT,Trường Đại Học Công Thương TPHCM,7819009,Khoa học dinh dưỡng và ẩm thực,D07,2025,19.0,,THPT
DCT,Đại học Công nghiệp Thực phẩm TP HCM,7819009,Khoa học dinh dưỡng và ẩm thực,D07,2025,19.0,,THPT
DCT,Đại học Công nghiệp Thực phẩm TP HCM,7819010,Khoa học chế biến món ăn,A01,2025,21.0,,THPT
DCT,Trường Đại Học Công Thương TPHCM,7819010,Khoa học chế biến món ăn,A01,2025,21.0,,THPT
DCT,Trường Đại Học Công Thương TPHCM,7819010,Khoa học chế biến món ăn,A01,2025,21.0,,THPT
DCT,Trường Đại Học Công Thương TPHCM,7819010,Khoa học chế biến món ăn,B00,2025,21.0,,THPT
DCT,Trường Đại Học Công Thương TPHCM,7819010,Khoa học chế biến món ăn,B00,2025,21.0,,THPT
DCT,Đại học Công nghiệp Thực phẩm TP HCM,7819010,Khoa học chế biến món ăn,B00,2025,21.0,,THPT
DCT,Trường Đại Học Công Thương TPHCM,7819010,Khoa học chế biến món ăn,D07,2025,21.0,,THPT
DCT,Trường Đại Học Công Thương TPHCM,7819010,Khoa học chế biến món ăn,D07,2025,21.0,,THPT
DCT,Đại học Công nghiệp Thực phẩm TP HCM,7819010,Khoa học chế biến món ăn,D07,2025,21.0,,THPT
DCT,Đại học Công nghiệp Thực phẩm TP HCM,7850101,Quản lý tài nguyên và môi trường,A00,2025,17.0,,THPT
DCT,Trường Đại Học Công Thương TPHCM,7850101,Quản lý tài nguyên và môi trường,A00,2025,17.0,,THPT
DCT,Trường Đại Học Công Thương TPHCM,7850101,Quản lý tài nguyên và môi trường,A00,2025,17.0,,THPT
DCT,Trường Đại Học Công Thương TPHCM,7850101,Quản lý tài nguyên và môi trường,A00,2025,17.0,,THPT
DCT,Trường Đại Học Công Thương TPHCM,7850101,Quản lý tài nguyên và môi trường,A01,2025,17.0,,THPT
DCT,Trường Đại Học Công Thương TPHCM,7850101,Quản lý tài nguyên và môi trường,A01,2025,17.0,,THPT
DCT,Đại học Công nghiệp Thực phẩm TP HCM,7850101,Quản lý tài nguyên và môi trường,A01,2025,17.0,,THPT
DCT,Trường Đại Học Công Thương TPHCM,7850101,Quản lý tài nguyên và môi trường,A01,2025,17.0,,THPT
DCT,Trường Đại Học Công Thương TPHCM,7850101,Quản lý tài nguyên và môi trường,B00,2025,17.0,,THPT
DCT,Trường Đại Học Công Thương TPHCM,7850101,Quản lý tài nguyên và môi trường,B00,2025,17.0,,THPT
DCT,Đại học Công nghiệp Thực phẩm TP HCM,7850101,Quản lý tài nguyên và môi trường,B00,2025,17.0,,THPT
DCT,Trường Đại Học Công Thương TPHCM,7850101,Quản lý tài nguyên và môi trường,B00,2025,17.0,,THPT
DCT,Trường Đại Học Công Thương TPHCM,7850101,Quản lý tài nguyên và môi trường,D07,2025,17.0,,THPT
DCT,Trường Đại Học Công Thương TPHCM,7850101,Quản lý tài nguyên và môi trường,D07,2025,17.0,,THPT
DCT,Trường Đại Học Công Thương TPHCM,7850101,Quản lý tài nguyên và môi trường,D07,2025,17.0,,THPT
DCT,Đại học Công nghiệp Thực phẩm TP HCM,7850101,Quản lý tài nguyên và môi trường,D07,2025,17.0,,THPT
DCT,Đại học Công nghiệp Thực phẩm TP HCM,LK7220204,"Ngôn ngữ Trung Quốc - Chương trình liên kết  Đại học Ludong, Trung Quốc (LDU)",A00,2025,20.0,,THPT
DCT,Trường Đại Học Công Thương TPHCM,LK7220204,"Ngôn ngữ Trung Quốc - Chương trình liên kết Đại học Ludong, Trung Quốc (LDU).",A00,2025,20.0,,THPT
DCT,Trường Đại Học Công Thương TPHCM,LK7220204,"Ngôn ngữ Trung Quốc - Chương trình liên kết Đại học Ludong, Trung Quốc (LDU).",A01,2025,20.0,,THPT
DCT,Đại học Công nghiệp Thực phẩm TP HCM,LK7220204,"Ngôn ngữ Trung Quốc - Chương trình liên kết  Đại học Ludong, Trung Quốc (LDU)",A01,2025,20.0,,THPT
DCT,Trường Đại Học Công Thương TPHCM,LK7220204,"Ngôn ngữ Trung Quốc - Chương trình liên kết Đại học Ludong, Trung Quốc (LDU).",A01,2025,20.0,,THPT
DCT,Trường Đại Học Công Thương TPHCM,LK7220204,"Ngôn ngữ Trung Quốc - Chương trình liên kết Đại học Ludong, Trung Quốc (LDU).",B00,2025,20.0,,THPT
DCT,Trường Đại Học Công Thương TPHCM,LK7220204,"Ngôn ngữ Trung Quốc - Chương trình liên kết Đại học Ludong, Trung Quốc (LDU).",C00,2025,20.0,,THPT
DCT,Trường Đại Học Công Thương TPHCM,LK7220204,"Ngôn ngữ Trung Quốc - Chương trình liên kết Đại học Ludong, Trung Quốc (LDU).",D01,2025,20.0,,THPT
DCT,Trường Đại Học Công Thương TPHCM,LK7220204,"Ngôn ngữ Trung Quốc - Chương trình liên kết Đại học Ludong, Trung Quốc (LDU).",D01,2025,20.0,,THPT
DCT,Đại học Công nghiệp Thực phẩm TP HCM,LK7220204,"Ngôn ngữ Trung Quốc - Chương trình liên kết  Đại học Ludong, Trung Quốc (LDU)",D01,2025,20.0,,THPT
DCT,Trường Đại Học Công Thương TPHCM,LK7220204,"Ngôn ngữ Trung Quốc - Chương trình liên kết Đại học Ludong, Trung Quốc (LDU).",D07,2025,20.0,,THPT
DCT,Trường Đại Học Công Thương TPHCM,LK7220204,"Ngôn ngữ Trung Quốc - Chương trình liên kết Đại học Ludong, Trung Quốc (LDU).",D09,2025,20.0,,THPT
DCT,Trường Đại Học Công Thương TPHCM,LK7220204,"Ngôn ngữ Trung Quốc - Chương trình liên kết Đại học Ludong, Trung Quốc (LDU).",D09,2025,20.0,,THPT
DCT,Đại học Công nghiệp Thực phẩm TP HCM,LK7340101,"Quản trị kinh doanh - Chương trình liên kết Đại học Shinawatra, Thái Lan (SIU)",A00,2025,16.0,,THPT
DCT,Trường Đại Học Công Thương TPHCM,LK7340101,"Quản trị kinh doanh - Chương trình liên kết Đại học Shinawatra, Thái Lan (SIU).",A00,2025,16.0,,THPT
DCT,Trường Đại Học Công Thương TPHCM,LK7340101,"Quản trị kinh doanh - Chương trình liên kết Đại học Shinawatra, Thái Lan (SIU).",A00,2025,16.0,,THPT
DCT,Trường Đại Học Công Thương TPHCM,LK7340101,"Quản trị kinh doanh - Chương trình liên kết Đại học Shinawatra, Thái Lan (SIU).",A01,2025,16.0,,THPT
DCT,Trường Đại Học Công Thương TPHCM,LK7340101,"Quản trị kinh doanh - Chương trình liên kết Đại học Shinawatra, Thái Lan (SIU).",A01,2025,16.0,,THPT
DCT,Đại học Công nghiệp Thực phẩm TP HCM,LK7340101,"Quản trị kinh doanh - Chương trình liên kết Đại học Shinawatra, Thái Lan (SIU)",A01,2025,16.0,,THPT
DCT,Trường Đại Học Công Thương TPHCM,LK7340101,"Quản trị kinh doanh - Chương trình liên kết Đại học Shinawatra, Thái Lan (SIU).",D01,2025,16.0,,THPT
DCT,Trường Đại Học Công Thương TPHCM,LK7340101,"Quản trị kinh doanh - Chương trình liên kết Đại học Shinawatra, Thái Lan (SIU).",D01,2025,16.0,,THPT
DCT,Đại học Công nghiệp Thực phẩm TP HCM,LK7340101,"Quản trị kinh doanh - Chương trình liên kết Đại học Shinawatra, Thái Lan (SIU)",D01,2025,16.0,,THPT
DCT,Trường Đại Học Công Thương TPHCM,LK7340101,"Quản trị kinh doanh - Chương trình liên kết Đại học Shinawatra, Thái Lan (SIU).",D07,2025,16.0,,THPT
DCT,Trường Đại Học Công Thương TPHCM,LK7340101,"Quản trị kinh doanh - Chương trình liên kết Đại học Shinawatra, Thái Lan (SIU).",D09,2025,16.0,,THPT
DCV,Đại học Công nghiệp Vinh,7340301,Kế toán,A00,2025,25.5,,THPT
DCV,Trường Đại học Công nghiệp Vinh,7340301,Kế toán,A00,2025,25.5,,THPT
DCV,Trường Đại học Công nghiệp Vinh,7340301,Kế toán,A01,2025,25.5,,THPT
DCV,Đại học Công nghiệp Vinh,7340301,Kế toán,A01,2025,25.5,,THPT
DCV,Trường Đại học Công nghiệp Vinh,7340301,Kế toán,D01,2025,25.5,,THPT
DCV,Đại học Công nghiệp Vinh,7340301,Kế toán,D01,2025,25.5,,THPT
DCV,Trường Đại học Công nghiệp Vinh,7340301,Kế toán,D07,2025,25.5,,THPT
DCV,Đại học Công nghiệp Vinh,7340301,Kế toán,D07,2025,25.5,,THPT
DCV,Đại học Công nghiệp Vinh,7480201,Công nghệ thông tin,A00,2025,15.0,,THPT
DCV,Trường Đại học Công nghiệp Vinh,7480201,Công nghệ thông tin,A00,2025,15.0,,THPT
DCV,Trường Đại học Công nghiệp Vinh,7480201,Công nghệ thông tin,A01,2025,15.0,,THPT
DCV,Đại học Công nghiệp Vinh,7480201,Công nghệ thông tin,A01,2025,15.0,,THPT
DCV,Trường Đại học Công nghiệp Vinh,7480201,Công nghệ thông tin,D01,2025,15.0,,THPT
DCV,Đại học Công nghiệp Vinh,7480201,Công nghệ thông tin,D01,2025,15.0,,THPT
DCV,Trường Đại học Công nghiệp Vinh,7480201,Công nghệ thông tin,D07,2025,15.0,,THPT
DCV,Đại học Công nghiệp Vinh,7480201,Công nghệ thông tin,D07,2025,15.0,,THPT
DCV,Đại học Công nghiệp Vinh,7510301,"Công nghệ kỹ thuật điện, điện tử",A00,2025,15.0,,THPT
DCV,Trường Đại học Công nghiệp Vinh,7510301,Công nghệ kỹ thuật điện điện tử,A00,2025,15.0,,THPT
DCV,Trường Đại học Công nghiệp Vinh,7510301,Công nghệ kỹ thuật điện điện tử,A01,2025,15.0,,THPT
DCV,Đại học Công nghiệp Vinh,7510301,"Công nghệ kỹ thuật điện, điện tử",A01,2025,15.0,,THPT
DCV,Trường Đại học Công nghiệp Vinh,7510301,Công nghệ kỹ thuật điện điện tử,D01,2025,15.0,,THPT
DCV,Đại học Công nghiệp Vinh,7510301,"Công nghệ kỹ thuật điện, điện tử",D01,2025,15.0,,THPT
DCV,Trường Đại học Công nghiệp Vinh,7510301,Công nghệ kỹ thuật điện điện tử,D07,2025,15.0,,THPT
DCV,Đại học Công nghiệp Vinh,7510301,"Công nghệ kỹ thuật điện, điện tử",D07,2025,15.0,,THPT
DCV,Đại học Công nghiệp Vinh,7810201,Quản trị khách sạn,A00,2025,28.5,,THPT
DCV,Trường Đại học Công nghiệp Vinh,7810201,Quản trị khách sạn,A00,2025,28.5,,THPT
DCV,Trường Đại học Công nghiệp Vinh,7810201,Quản trị khách sạn,C00,2025,28.5,,THPT
DCV,Đại học Công nghiệp Vinh,7810201,Quản trị khách sạn,C00,2025,28.5,,THPT
DCV,Trường Đại học Công nghiệp Vinh,7810201,Quản trị khách sạn,D01,2025,28.5,,THPT
DCV,Đại học Công nghiệp Vinh,7810201,Quản trị khách sạn,D01,2025,28.5,,THPT
DCV,Trường Đại học Công nghiệp Vinh,7810201,Quản trị khách sạn,D10,2025,28.5,,THPT
DCV,Đại học Công nghiệp Vinh,7810201,Quản trị khách sạn,D10,2025,28.5,,THPT
DDB,Trường Đại Học Thành Đông,7220201,Ngôn ngữ Anh,D01,2025,14.0,,THPT
DDB,Trường Đại Học Thành Đông,7220201,Ngôn ngữ Anh,D07,2025,14.0,,THPT
DDB,Trường Đại Học Thành Đông,7220204,Ngôn ngữ Trung Quốc,C00,2025,14.0,,THPT
DDB,Trường Đại Học Thành Đông,7220204,Ngôn ngữ Trung Quốc,D01,2025,14.0,,THPT
DDB,Trường Đại Học Thành Đông,7220210,Ngôn ngữ Hàn Quốc,C00,2025,14.0,,THPT
DDB,Trường Đại Học Thành Đông,7220210,Ngôn ngữ Hàn Quốc,D01,2025,14.0,,THPT
DDB,Trường Đại Học Thành Đông,7310205,Quản lý nhà nước,A00,2025,14.0,,THPT
DDB,Trường Đại Học Thành Đông,7310205,Quản lý nhà nước,A01,2025,14.0,,THPT
DDB,Trường Đại Học Thành Đông,7310205,Quản lý nhà nước,C00,2025,14.0,,THPT
DDB,Trường Đại Học Thành Đông,7310205,Quản lý nhà nước,D01,2025,14.0,,THPT
DDB,Trường Đại Học Thành Đông,7340101,Quản trị kinh doanh,A00,2025,14.0,,THPT
DDB,Trường Đại Học Thành Đông,7340101,Quản trị kinh doanh,A01,2025,14.0,,THPT
DDB,Trường Đại Học Thành Đông,7340101,Quản trị kinh doanh,D01,2025,14.0,,THPT
DDB,Trường Đại Học Thành Đông,7340122,Thương mại điện tử,A00,2025,14.0,,THPT
DDB,Trường Đại Học Thành Đông,7340122,Thương mại điện tử,A01,2025,14.0,,THPT
DDB,Trường Đại Học Thành Đông,7340122,Thương mại điện tử,D01,2025,14.0,,THPT
DDB,Trường Đại Học Thành Đông,7340201,Tài chính ngân hàng,A00,2025,14.0,,THPT
DDB,Trường Đại Học Thành Đông,7340201,Tài chính ngân hàng,A01,2025,14.0,,THPT
DDB,Trường Đại Học Thành Đông,7340201,Tài chính ngân hàng,D01,2025,14.0,,THPT
DDB,Trường Đại Học Thành Đông,7340301,Kế toán,A00,2025,14.0,,THPT
DDB,Trường Đại Học Thành Đông,7340301,Kế toán,A01,2025,14.0,,THPT
DDB,Trường Đại Học Thành Đông,7340301,Kế toán,D01,2025,14.0,,THPT
DDB,Trường Đại Học Thành Đông,7380101,Luật,A00,2025,14.0,,THPT
DDB,Trường Đại Học Thành Đông,7380101,Luật,A01,2025,14.0,,THPT
DDB,Trường Đại Học Thành Đông,7380101,Luật,C00,2025,14.0,,THPT
DDB,Trường Đại Học Thành Đông,7380101,Luật,D01,2025,14.0,,THPT
DDB,Trường Đại Học Thành Đông,7380107,Luật kinh tế,A00,2025,14.0,,THPT
DDB,Trường Đại Học Thành Đông,7380107,Luật kinh tế,A01,2025,14.0,,THPT
DDB,Trường Đại Học Thành Đông,7380107,Luật kinh tế,C00,2025,14.0,,THPT
DDB,Trường Đại Học Thành Đông,7380107,Luật kinh tế,D01,2025,14.0,,THPT
DDB,Trường Đại Học Thành Đông,7480201,Công nghệ thông tin,A00,2025,14.0,,THPT
DDB,Trường Đại Học Thành Đông,7480201,Công nghệ thông tin,A01,2025,14.0,,THPT
DDB,Trường Đại Học Thành Đông,7480201,Công nghệ thông tin,D07,2025,14.0,,THPT
DDB,Trường Đại Học Thành Đông,7480201,Công nghệ thông tin,D08,2025,14.0,,THPT
DDB,Trường Đại Học Thành Đông,7510103,Công nghệ kỹ thuật xây dựng,A00,2025,14.0,,THPT
DDB,Trường Đại Học Thành Đông,7510103,Công nghệ kỹ thuật xây dựng,A01,2025,14.0,,THPT
DDB,Trường Đại Học Thành Đông,7510103,Công nghệ kỹ thuật xây dựng,D07,2025,14.0,,THPT
DDB,Trường Đại Học Thành Đông,7510103,Công nghệ kỹ thuật xây dựng,D08,2025,14.0,,THPT
DDB,Trường Đại Học Thành Đông,7510201,Công nghệ kỹ thuật cơ khí,A00,2025,14.0,,THPT
DDB,Trường Đại Học Thành Đông,7510201,Công nghệ kỹ thuật cơ khí,A01,2025,14.0,,THPT
DDB,Trường Đại Học Thành Đông,7510201,Công nghệ kỹ thuật cơ khí,D07,2025,14.0,,THPT
DDB,Trường Đại Học Thành Đông,7510201,Công nghệ kỹ thuật cơ khí,D08,2025,14.0,,THPT
DDB,Trường Đại Học Thành Đông,7510203,Công nghệ kỹ thuật cơ điện tử,A00,2025,14.0,,THPT
DDB,Trường Đại Học Thành Đông,7510203,Công nghệ kỹ thuật cơ điện tử,A01,2025,14.0,,THPT
DDB,Trường Đại Học Thành Đông,7510203,Công nghệ kỹ thuật cơ điện tử,D07,2025,14.0,,THPT
DDB,Trường Đại Học Thành Đông,7510203,Công nghệ kỹ thuật cơ điện tử,D08,2025,14.0,,THPT
DDB,Trường Đại Học Thành Đông,7510205,Công nghệ kỹ thuật ô tô,A00,2025,14.0,,THPT
DDB,Trường Đại Học Thành Đông,7510205,Công nghệ kỹ thuật ô tô,A01,2025,14.0,,THPT
DDB,Trường Đại Học Thành Đông,7510205,Công nghệ kỹ thuật ô tô,D01,2025,14.0,,THPT
DDB,Trường Đại Học Thành Đông,7520216,Kỹ thuật điều khiển và tự động hóa,A00,2025,14.0,,THPT
DDB,Trường Đại Học Thành Đông,7520216,Kỹ thuật điều khiển và tự động hóa,A01,2025,14.0,,THPT
DDB,Trường Đại Học Thành Đông,7520216,Kỹ thuật điều khiển và tự động hóa,D07,2025,14.0,,THPT
DDB,Trường Đại Học Thành Đông,7520216,Kỹ thuật điều khiển và tự động hóa,D08,2025,14.0,,THPT
DDB,Trường Đại Học Thành Đông,7720115,Y học cổ truyền,A00,2025,21.0,,THPT
DDB,Trường Đại Học Thành Đông,7720115,Y học cổ truyền,B00,2025,21.0,,THPT
DDB,Trường Đại Học Thành Đông,7720201,Dược học,A00,2025,21.0,,THPT
DDB,Trường Đại Học Thành Đông,7720201,Dược học,B00,2025,21.0,,THPT
DDB,Trường Đại Học Thành Đông,7720301,Điều dưỡng,A00,2025,19.0,,THPT
DDB,Trường Đại Học Thành Đông,7720301,Điều dưỡng,B00,2025,19.0,,THPT
DDB,Trường Đại Học Thành Đông,7720401,Dinh dưỡng,A00,2025,19.0,,THPT
DDB,Trường Đại Học Thành Đông,7720401,Dinh dưỡng,B00,2025,19.0,,THPT
DDB,Trường Đại Học Thành Đông,7720601,Kỹ thuật xét nghiệm y học,A00,2025,19.0,,THPT
DDB,Trường Đại Học Thành Đông,7720601,Kỹ thuật xét nghiệm y học,B00,2025,19.0,,THPT
DDB,Trường Đại Học Thành Đông,7720602,Kỹ thuật hình ảnh y học,A00,2025,19.0,,THPT
DDB,Trường Đại Học Thành Đông,7720602,Kỹ thuật hình ảnh y học,B00,2025,19.0,,THPT
DDB,Trường Đại Học Thành Đông,7810103,Quản trị dịch vụ du lịch và lữ hành,A00,2025,14.0,,THPT
DDB,Trường Đại Học Thành Đông,7810103,Quản trị dịch vụ du lịch và lữ hành,A01,2025,14.0,,THPT
DDB,Trường Đại Học Thành Đông,7810103,Quản trị dịch vụ du lịch và lữ hành,C00,2025,14.0,,THPT
DDB,Trường Đại Học Thành Đông,7810103,Quản trị dịch vụ du lịch và lữ hành,D01,2025,14.0,,THPT
DDB,Trường Đại Học Thành Đông,7810201,Quản trị khách sạn,A00,2025,14.0,,THPT
DDB,Trường Đại Học Thành Đông,7810201,Quản trị khách sạn,A01,2025,14.0,,THPT
DDB,Trường Đại Học Thành Đông,7810201,Quản trị khách sạn,C00,2025,14.0,,THPT
DDB,Trường Đại Học Thành Đông,7810201,Quản trị khách sạn,D01,2025,14.0,,THPT
DDB,Trường Đại Học Thành Đông,7850103,Quản lý đất đai,A00,2025,14.0,,THPT
DDB,Trường Đại Học Thành Đông,7850103,Quản lý đất đai,B00,2025,14.0,,THPT
DDB,Trường Đại Học Thành Đông,7850103,Quản lý đất đai,D01,2025,14.0,,THPT
DDF,Đại học Ngoại Ngữ - Đại học Đà Nẵng,7140231,Sư phạm Tiếng Anh,A01,2025,27.1,,THPT
DDF,Trường Đại Học Ngoại Ngữ Đà Nẵng,7140231,Sư phạm tiếng Anh,A01,2025,27.1,,THPT
DDF,Trường Đại Học Ngoại Ngữ Đà Nẵng,7140231,Sư phạm tiếng Anh,D01,2025,27.1,,THPT
DDF,Đại học Ngoại Ngữ - Đại học Đà Nẵng,7140231,Sư phạm Tiếng Anh,D01,2025,27.1,,THPT
DDF,Trường Đại Học Ngoại Ngữ Đà Nẵng,7140231,Sư phạm tiếng Anh,D09,2025,27.1,,THPT
DDF,Đại học Ngoại Ngữ - Đại học Đà Nẵng,7140231,Sư phạm Tiếng Anh,D09,2025,27.1,,THPT
DDF,Đại học Ngoại Ngữ - Đại học Đà Nẵng,7140233,Sư phạm Tiếng Pháp,D01,2025,21.45,,THPT
DDF,Trường Đại Học Ngoại Ngữ Đà Nẵng,7140233,Sư phạm tiếng Pháp,D01,2025,21.45,,THPT
DDF,Trường Đại Học Ngoại Ngữ Đà Nẵng,7140233,Sư phạm tiếng Pháp,D09,2025,21.45,,THPT
DDF,Đại học Ngoại Ngữ - Đại học Đà Nẵng,7140233,Sư phạm Tiếng Pháp,D09,2025,21.45,,THPT
DDF,Trường Đại Học Ngoại Ngữ Đà Nẵng,7140233,Sư phạm tiếng Pháp,D10,2025,21.45,,THPT
DDF,Đại học Ngoại Ngữ - Đại học Đà Nẵng,7140233,Sư phạm Tiếng Pháp,D10,2025,21.45,,THPT
DDF,Đại học Ngoại Ngữ - Đại học Đà Nẵng,7140234,Sư phạm Tiếng Trung Quốc,D01,2025,27.25,,THPT
DDF,Trường Đại Học Ngoại Ngữ Đà Nẵng,7140234,Sư phạm tiếng Trung Quốc,D01,2025,27.25,,THPT
DDF,Trường Đại Học Ngoại Ngữ Đà Nẵng,7140234,Sư phạm tiếng Trung Quốc,D09,2025,27.25,,THPT
DDF,Đại học Ngoại Ngữ - Đại học Đà Nẵng,7140234,Sư phạm Tiếng Trung Quốc,D09,2025,27.25,,THPT
DDF,Trường Đại Học Ngoại Ngữ Đà Nẵng,7140234,Sư phạm tiếng Trung Quốc,D10,2025,27.25,,THPT
DDF,Đại học Ngoại Ngữ - Đại học Đà Nẵng,7140234,Sư phạm Tiếng Trung Quốc,D10,2025,27.25,,THPT
DDF,Đại học Ngoại Ngữ - Đại học Đà Nẵng,7220201,Ngôn ngữ Anh,A01,2025,20.35,,THPT
DDF,Trường Đại Học Ngoại Ngữ Đà Nẵng,7220201,Ngôn ngữ Anh,A01,2025,20.35,,THPT
DDF,Trường Đại Học Ngoại Ngữ Đà Nẵng,7220201,Ngôn ngữ Anh,D01,2025,20.35,,THPT
DDF,Đại học Ngoại Ngữ - Đại học Đà Nẵng,7220201,Ngôn ngữ Anh,D01,2025,20.35,,THPT
DDF,Trường Đại Học Ngoại Ngữ Đà Nẵng,7220201,Ngôn ngữ Anh,D07,2025,20.35,,THPT
DDF,Đại học Ngoại Ngữ - Đại học Đà Nẵng,7220201,Ngôn ngữ Anh,D07,2025,20.35,,THPT
DDF,Trường Đại Học Ngoại Ngữ Đà Nẵng,7220201,Ngôn ngữ Anh,D09,2025,20.35,,THPT
DDF,Đại học Ngoại Ngữ - Đại học Đà Nẵng,7220201,Ngôn ngữ Anh,D09,2025,20.35,,THPT
DDF,Trường Đại Học Ngoại Ngữ Đà Nẵng,7220201,Ngôn ngữ Anh,D10,2025,20.35,,THPT
DDF,Đại học Ngoại Ngữ - Đại học Đà Nẵng,7220201,Ngôn ngữ Anh,D10,2025,20.35,,THPT
DDF,Đại học Ngoại Ngữ - Đại học Đà Nẵng,7220201KT,Ngôn ngữ Anh (Đào tạo 2 năm đầu tại Kon Tum),A01,2025,18.95,,THPT
DDF,Trường Đại Học Ngoại Ngữ Đà Nẵng,7220201KT,Ngôn ngữ Anh (Đào tạo 2 năm đầu tại Kon Tum),A01,2025,18.95,,THPT
DDF,Trường Đại Học Ngoại Ngữ Đà Nẵng,7220201KT,Ngôn ngữ Anh (Đào tạo 2 năm đầu tại Kon Tum),D01,2025,18.95,,THPT
DDF,Đại học Ngoại Ngữ - Đại học Đà Nẵng,7220201KT,Ngôn ngữ Anh (Đào tạo 2 năm đầu tại Kon Tum),D01,2025,18.95,,THPT
DDF,Trường Đại Học Ngoại Ngữ Đà Nẵng,7220201KT,Ngôn ngữ Anh (Đào tạo 2 năm đầu tại Kon Tum),D09,2025,18.95,,THPT
DDF,Đại học Ngoại Ngữ - Đại học Đà Nẵng,7220201KT,Ngôn ngữ Anh (Đào tạo 2 năm đầu tại Kon Tum),D09,2025,18.95,,THPT
DDF,Trường Đại Học Ngoại Ngữ Đà Nẵng,7220201KT,Ngôn ngữ Anh (Đào tạo 2 năm đầu tại Kon Tum),D10,2025,18.95,,THPT
DDF,Đại học Ngoại Ngữ - Đại học Đà Nẵng,7220201KT,Ngôn ngữ Anh (Đào tạo 2 năm đầu tại Kon Tum),D10,2025,18.95,,THPT
DDF,Đại học Ngoại Ngữ - Đại học Đà Nẵng,7220202,Ngôn ngữ Nga,D01,2025,17.25,,THPT
DDF,Trường Đại Học Ngoại Ngữ Đà Nẵng,7220202,Ngôn ngữ Nga,D01,2025,17.25,,THPT
DDF,Trường Đại Học Ngoại Ngữ Đà Nẵng,7220202,Ngôn ngữ Nga,D09,2025,17.25,,THPT
DDF,Đại học Ngoại Ngữ - Đại học Đà Nẵng,7220202,Ngôn ngữ Nga,D09,2025,17.25,,THPT
DDF,Trường Đại Học Ngoại Ngữ Đà Nẵng,7220202,Ngôn ngữ Nga,D10,2025,17.25,,THPT
DDF,Đại học Ngoại Ngữ - Đại học Đà Nẵng,7220202,Ngôn ngữ Nga,D10,2025,17.25,,THPT
DDF,Đại học Ngoại Ngữ - Đại học Đà Nẵng,7220203,Ngôn ngữ Pháp,D01,2025,18.3,,THPT
DDF,Trường Đại Học Ngoại Ngữ Đà Nẵng,7220203,Ngôn ngữ Pháp,D01,2025,18.3,,THPT
DDF,Trường Đại Học Ngoại Ngữ Đà Nẵng,7220203,Ngôn ngữ Pháp,D09,2025,18.3,,THPT
DDF,Đại học Ngoại Ngữ - Đại học Đà Nẵng,7220203,Ngôn ngữ Pháp,D09,2025,18.3,,THPT
DDF,Trường Đại Học Ngoại Ngữ Đà Nẵng,7220203,Ngôn ngữ Pháp,D10,2025,18.3,,THPT
DDF,Đại học Ngoại Ngữ - Đại học Đà Nẵng,7220203,Ngôn ngữ Pháp,D10,2025,18.3,,THPT
DDF,Đại học Ngoại Ngữ - Đại học Đà Nẵng,7220204,Ngôn ngữ Trung Quốc,D01,2025,23.65,,THPT
DDF,Trường Đại Học Ngoại Ngữ Đà Nẵng,7220204,Ngôn ngữ Trung Quốc,D01,2025,23.65,,THPT
DDF,Đại học Ngoại Ngữ - Đại học Đà Nẵng,7220209,Ngôn ngữ Nhật,D01,2025,20.35,,THPT
DDF,Trường Đại Học Ngoại Ngữ Đà Nẵng,7220209,Ngôn ngữ Nhật,D01,2025,20.35,,THPT
DDF,Trường Đại Học Ngoại Ngữ Đà Nẵng,7220209,Ngôn ngữ Nhật,D09,2025,20.35,,THPT
DDF,Đại học Ngoại Ngữ - Đại học Đà Nẵng,7220209,Ngôn ngữ Nhật,D09,2025,20.35,,THPT
DDF,Trường Đại Học Ngoại Ngữ Đà Nẵng,7220209,Ngôn ngữ Nhật,D10,2025,20.35,,THPT
DDF,Đại học Ngoại Ngữ - Đại học Đà Nẵng,7220209,Ngôn ngữ Nhật,D10,2025,20.35,,THPT
DDF,Đại học Ngoại Ngữ - Đại học Đà Nẵng,7220210,Ngôn ngữ Hàn Quốc,D01,2025,21.65,,THPT
DDF,Trường Đại Học Ngoại Ngữ Đà Nẵng,7220210,Ngôn ngữ Hàn Quốc,D01,2025,21.65,,THPT
DDF,Trường Đại Học Ngoại Ngữ Đà Nẵng,7220210,Ngôn ngữ Hàn Quốc,D09,2025,21.65,,THPT
DDF,Đại học Ngoại Ngữ - Đại học Đà Nẵng,7220210,Ngôn ngữ Hàn Quốc,D09,2025,21.65,,THPT
DDF,Trường Đại Học Ngoại Ngữ Đà Nẵng,7220210,Ngôn ngữ Hàn Quốc,D10,2025,21.65,,THPT
DDF,Đại học Ngoại Ngữ - Đại học Đà Nẵng,7220210,Ngôn ngữ Hàn Quốc,D10,2025,21.65,,THPT
DDF,Đại học Ngoại Ngữ - Đại học Đà Nẵng,7220214,Ngôn ngữ Thái Lan,D01,2025,19.3,,THPT
DDF,Trường Đại Học Ngoại Ngữ Đà Nẵng,7220214,Ngôn ngữ Thái Lan,D01,2025,19.3,,THPT
DDF,Trường Đại Học Ngoại Ngữ Đà Nẵng,7220214,Ngôn ngữ Thái Lan,D09,2025,19.3,,THPT
DDF,Đại học Ngoại Ngữ - Đại học Đà Nẵng,7220214,Ngôn ngữ Thái Lan,D09,2025,19.3,,THPT
DDF,Trường Đại Học Ngoại Ngữ Đà Nẵng,7220214,Ngôn ngữ Thái Lan,D10,2025,19.3,,THPT
DDF,Đại học Ngoại Ngữ - Đại học Đà Nẵng,7220214,Ngôn ngữ Thái Lan,D10,2025,19.3,,THPT
DDF,Đại học Ngoại Ngữ - Đại học Đà Nẵng,7310206,Quan hệ quốc tế,D01,2025,21.25,,THPT
DDF,Trường Đại Học Ngoại Ngữ Đà Nẵng,7310206,Quan hệ quốc tế,D01,2025,21.25,,THPT
DDF,Trường Đại Học Ngoại Ngữ Đà Nẵng,7310206,Quan hệ quốc tế,D09,2025,21.25,,THPT
DDF,Đại học Ngoại Ngữ - Đại học Đà Nẵng,7310206,Quan hệ quốc tế,D09,2025,21.25,,THPT
DDF,Trường Đại Học Ngoại Ngữ Đà Nẵng,7310206,Quan hệ quốc tế,D10,2025,21.25,,THPT
DDF,Đại học Ngoại Ngữ - Đại học Đà Nẵng,7310206,Quan hệ quốc tế,D10,2025,21.25,,THPT
DDF,Đại học Ngoại Ngữ - Đại học Đà Nẵng,7310601,Quốc tế học,D01,2025,18.75,,THPT
DDF,Trường Đại Học Ngoại Ngữ Đà Nẵng,7310601,Quốc tế học,D01,2025,18.75,,THPT
DDF,Trường Đại Học Ngoại Ngữ Đà Nẵng,7310601,Quốc tế học,D09,2025,18.75,,THPT
DDF,Đại học Ngoại Ngữ - Đại học Đà Nẵng,7310601,Quốc tế học,D09,2025,18.75,,THPT
DDF,Trường Đại Học Ngoại Ngữ Đà Nẵng,7310601,Quốc tế học,D10,2025,18.75,,THPT
DDF,Đại học Ngoại Ngữ - Đại học Đà Nẵng,7310601,Quốc tế học,D10,2025,18.75,,THPT
DDF,Đại học Ngoại Ngữ - Đại học Đà Nẵng,7310608,Đông phương học,D01,2025,18.25,,THPT
DDF,Trường Đại Học Ngoại Ngữ Đà Nẵng,7310608,Đông phương học,D01,2025,18.25,,THPT
DDF,Trường Đại Học Ngoại Ngữ Đà Nẵng,7310608,Đông phương học,D09,2025,18.25,,THPT
DDF,Đại học Ngoại Ngữ - Đại học Đà Nẵng,7310608,Đông phương học,D09,2025,18.25,,THPT
DDF,Trường Đại Học Ngoại Ngữ Đà Nẵng,7310608,Đông phương học,D10,2025,18.25,,THPT
DDF,Đại học Ngoại Ngữ - Đại học Đà Nẵng,7310608,Đông phương học,D10,2025,18.25,,THPT
DDF,Đại học Ngoại Ngữ - Đại học Đà Nẵng,7310613,Nhật Bản học,D01,2025,18.25,,THPT
DDF,Trường Đại Học Ngoại Ngữ Đà Nẵng,7310613,Nhật Bản học,D01,2025,18.35,,THPT
DDF,Trường Đại Học Ngoại Ngữ Đà Nẵng,7310613,Nhật Bản học,D09,2025,18.35,,THPT
DDF,Đại học Ngoại Ngữ - Đại học Đà Nẵng,7310613,Nhật Bản học,D09,2025,18.25,,THPT
DDF,Trường Đại Học Ngoại Ngữ Đà Nẵng,7310613,Nhật Bản học,D10,2025,18.35,,THPT
DDF,Đại học Ngoại Ngữ - Đại học Đà Nẵng,7310613,Nhật Bản học,D10,2025,18.25,,THPT
DDF,Đại học Ngoại Ngữ - Đại học Đà Nẵng,7310614,Hàn Quốc học,D01,2025,18.35,,THPT
DDF,Trường Đại Học Ngoại Ngữ Đà Nẵng,7310614,Hàn Quốc học,D01,2025,20.05,,THPT
DDF,Trường Đại Học Ngoại Ngữ Đà Nẵng,7310614,Hàn Quốc học,D09,2025,20.05,,THPT
DDF,Đại học Ngoại Ngữ - Đại học Đà Nẵng,7310614,Hàn Quốc học,D09,2025,18.35,,THPT
DDF,Trường Đại Học Ngoại Ngữ Đà Nẵng,7310614,Hàn Quốc học,D10,2025,20.05,,THPT
DDF,Đại học Ngoại Ngữ - Đại học Đà Nẵng,7310614,Hàn Quốc học,D10,2025,18.35,,THPT
DDK,Đại học Bách Khoa - Đại học Đà Nẵng,7420201,Công nghệ sinh học,A00,2025,21.5,,THPT
DDK,Trường Đại Học Bách Khoa Đà Nẵng,7420201,Công nghệ sinh học,A00,2025,21.5,,THPT
DDK,Trường Đại Học Bách Khoa Đà Nẵng,7420201,Công nghệ sinh học,A00,2025,21.5,,THPT
DDK,Trường Đại Học Bách Khoa Đà Nẵng,7420201,Công nghệ sinh học,A01,2025,21.5,,THPT
DDK,Trường Đại Học Bách Khoa Đà Nẵng,7420201,Công nghệ sinh học,A01,2025,21.5,,THPT
DDK,Đại học Bách Khoa - Đại học Đà Nẵng,7420201,Công nghệ sinh học,A01,2025,21.5,,THPT
DDK,Trường Đại Học Bách Khoa Đà Nẵng,7420201,Công nghệ sinh học,B00,2025,21.5,,THPT
DDK,Trường Đại Học Bách Khoa Đà Nẵng,7420201,Công nghệ sinh học,B00,2025,21.5,,THPT
DDK,Đại học Bách Khoa - Đại học Đà Nẵng,7420201,Công nghệ sinh học,B00,2025,21.5,,THPT
DDK,Trường Đại Học Bách Khoa Đà Nẵng,7420201,Công nghệ sinh học,D07,2025,21.5,,THPT
DDK,Trường Đại Học Bách Khoa Đà Nẵng,7420201,Công nghệ sinh học,D07,2025,21.5,,THPT
DDK,Đại học Bách Khoa - Đại học Đà Nẵng,7420201,Công nghệ sinh học,D07,2025,21.5,,THPT
DDK,Trường Đại Học Bách Khoa Đà Nẵng,7420201,Công nghệ sinh học,D08,2025,21.5,,THPT
DDK,Đại học Bách Khoa - Đại học Đà Nẵng,7420201,Công nghệ sinh học,D08,2025,21.5,,THPT
DDK,Đại học Bách Khoa - Đại học Đà Nẵng,7420201A,Công nghệ sinh học (chất lượng cao),A00,2025,23.48,,THPT
DDK,Trường Đại Học Bách Khoa Đà Nẵng,7420201A,"Công nghệ sinh học, chuyên ngành Công nghệ sinh học Y Dược",A00,2025,23.48,,THPT
DDK,Trường Đại Học Bách Khoa Đà Nẵng,7420201A,"Công nghệ sinh học, chuyên ngành Công nghệ sinh học Y Dược",A00,2025,23.48,,THPT
DDK,Trường Đại Học Bách Khoa Đà Nẵng,7420201A,"Công nghệ sinh học, chuyên ngành Công nghệ sinh học Y Dược",A01,2025,23.48,,THPT
DDK,Trường Đại Học Bách Khoa Đà Nẵng,7420201A,"Công nghệ sinh học, chuyên ngành Công nghệ sinh học Y Dược",A01,2025,23.48,,THPT
DDK,Đại học Bách Khoa - Đại học Đà Nẵng,7420201A,Công nghệ sinh học (chất lượng cao),A01,2025,23.48,,THPT
DDK,Trường Đại Học Bách Khoa Đà Nẵng,7420201A,"Công nghệ sinh học, chuyên ngành Công nghệ sinh học Y Dược",B00,2025,23.48,,THPT
DDK,Trường Đại Học Bách Khoa Đà Nẵng,7420201A,"Công nghệ sinh học, chuyên ngành Công nghệ sinh học Y Dược",B00,2025,23.48,,THPT
DDK,Đại học Bách Khoa - Đại học Đà Nẵng,7420201A,Công nghệ sinh học (chất lượng cao),B00,2025,23.48,,THPT
DDK,Trường Đại Học Bách Khoa Đà Nẵng,7420201A,"Công nghệ sinh học, chuyên ngành Công nghệ sinh học Y Dược",D07,2025,23.48,,THPT
DDK,Trường Đại Học Bách Khoa Đà Nẵng,7420201A,"Công nghệ sinh học, chuyên ngành Công nghệ sinh học Y Dược",D07,2025,23.48,,THPT
DDK,Đại học Bách Khoa - Đại học Đà Nẵng,7420201A,Công nghệ sinh học (chất lượng cao),D07,2025,23.48,,THPT
DDK,Trường Đại Học Bách Khoa Đà Nẵng,7420201A,"Công nghệ sinh học, chuyên ngành Công nghệ sinh học Y Dược",D08,2025,23.48,,THPT
DDK,Đại học Bách Khoa - Đại học Đà Nẵng,7420201A,Công nghệ sinh học (chất lượng cao),D08,2025,23.48,,THPT
DDK,Đại học Bách Khoa - Đại học Đà Nẵng,7480106,Kỹ thuật máy tính,A00,2025,25.25,,THPT
DDK,Trường Đại Học Bách Khoa Đà Nẵng,7480106,Kỹ thuật máy tính,A00,2025,25.25,,THPT
DDK,Trường Đại Học Bách Khoa Đà Nẵng,7480106,Kỹ thuật máy tính,A01,2025,25.25,,THPT
DDK,Đại học Bách Khoa - Đại học Đà Nẵng,7480106,Kỹ thuật máy tính,A01,2025,25.25,,THPT
DDK,Đại học Bách Khoa - Đại học Đà Nẵng,7480118VM,Chương trình Tiên tiến Việt - Mỹ Hệ thống nhúng và IoT,A00,2025,23.68,,THPT
DDK,Trường Đại Học Bách Khoa Đà Nẵng,7480118VM,Chương trình tiên tiến Việt-Mỹ ngành Hệ thống Nhúng và IoT,A00,2025,23.68,,THPT
DDK,Trường Đại Học Bách Khoa Đà Nẵng,7480118VM,Chương trình tiên tiến Việt-Mỹ ngành Hệ thống Nhúng và IoT,A01,2025,23.68,,THPT
DDK,Đại học Bách Khoa - Đại học Đà Nẵng,7480118VM,Chương trình Tiên tiến Việt - Mỹ Hệ thống nhúng và IoT,A01,2025,23.68,,THPT
DDK,Trường Đại Học Bách Khoa Đà Nẵng,7480118VM,Chương trình tiên tiến Việt-Mỹ ngành Hệ thống Nhúng và IoT,A01,2025,23.68,,THPT
DDK,Trường Đại Học Bách Khoa Đà Nẵng,7480118VM,Chương trình tiên tiến Việt-Mỹ ngành Hệ thống Nhúng và IoT,D07,2025,23.68,,THPT
DDK,Trường Đại Học Bách Khoa Đà Nẵng,7480118VM,Chương trình tiên tiến Việt-Mỹ ngành Hệ thống Nhúng và IoT,D07,2025,23.68,,THPT
DDK,Đại học Bách Khoa - Đại học Đà Nẵng,7480118VM,Chương trình Tiên tiến Việt - Mỹ Hệ thống nhúng và IoT,D07,2025,23.68,,THPT
DDK,Đại học Bách Khoa - Đại học Đà Nẵng,7480201,Công nghệ thông tin,A00,2025,25.57,,THPT
DDK,Trường Đại Học Bách Khoa Đà Nẵng,7480201,Công nghệ thông tin (Đặc thù - Hợp tác doanh nghiệp),A00,2025,25.57,,THPT
DDK,Trường Đại Học Bách Khoa Đà Nẵng,7480201,Công nghệ thông tin (Đặc thù - Hợp tác doanh nghiệp),A01,2025,25.57,,THPT
DDK,Đại học Bách Khoa - Đại học Đà Nẵng,7480201,Công nghệ thông tin,A01,2025,25.57,,THPT
DDK,Đại học Bách Khoa - Đại học Đà Nẵng,7480201A,Công nghệ thông tin,A00,2025,22.5,,THPT
DDK,Trường Đại Học Bách Khoa Đà Nẵng,7480201A,Công nghệ thông tin (ngoại ngữ Nhật),A00,2025,22.5,,THPT
DDK,Trường Đại Học Bách Khoa Đà Nẵng,7480201A,Công nghệ thông tin (ngoại ngữ Nhật),A01,2025,22.5,,THPT
DDK,Đại học Bách Khoa - Đại học Đà Nẵng,7480201A,Công nghệ thông tin,A01,2025,22.5,,THPT
DDK,Đại học Bách Khoa - Đại học Đà Nẵng,7480201B,Công nghệ thông tin,A00,2025,27.2,,THPT
DDK,Trường Đại Học Bách Khoa Đà Nẵng,7480201B,"Công nghệ thông tin (Đặc thù - Hợp tác doanh nghiệp), chuyên ngành Khoa học dữ liệu và Trí tuệ nhân tạo",A00,2025,27.2,,THPT
DDK,Trường Đại Học Bách Khoa Đà Nẵng,7480201B,"Công nghệ thông tin (Đặc thù - Hợp tác doanh nghiệp), chuyên ngành Khoa học dữ liệu và Trí tuệ nhân tạo",A01,2025,27.2,,THPT
DDK,Đại học Bách Khoa - Đại học Đà Nẵng,7480201B,Công nghệ thông tin,A01,2025,27.2,,THPT
DDK,Đại học Bách Khoa - Đại học Đà Nẵng,7510105,Công nghệ kỹ thuật vật liệu xây dựng,A00,2025,18.85,,THPT
DDK,Trường Đại Học Bách Khoa Đà Nẵng,7510105,Công nghệ kỹ thuật vật liệu xây dựng,A00,2025,18.85,,THPT
DDK,Trường Đại Học Bách Khoa Đà Nẵng,7510105,Công nghệ kỹ thuật vật liệu xây dựng,A00,2025,18.85,,THPT
DDK,Trường Đại Học Bách Khoa Đà Nẵng,7510105,Công nghệ kỹ thuật vật liệu xây dựng,A01,2025,18.85,,THPT
DDK,Trường Đại Học Bách Khoa Đà Nẵng,7510105,Công nghệ kỹ thuật vật liệu xây dựng,A01,2025,18.85,,THPT
DDK,Đại học Bách Khoa - Đại học Đà Nẵng,7510105,Công nghệ kỹ thuật vật liệu xây dựng,A01,2025,18.85,,THPT
DDK,Trường Đại Học Bách Khoa Đà Nẵng,7510105,Công nghệ kỹ thuật vật liệu xây dựng,D07,2025,18.85,,THPT
DDK,Trường Đại Học Bách Khoa Đà Nẵng,7510105,Công nghệ kỹ thuật vật liệu xây dựng,D07,2025,18.85,,THPT
DDK,Đại học Bách Khoa - Đại học Đà Nẵng,7510105,Công nghệ kỹ thuật vật liệu xây dựng,D07,2025,18.85,,THPT
DDK,Đại học Bách Khoa - Đại học Đà Nẵng,7510202,Công nghệ chế tạo máy,A00,2025,22.5,,THPT
DDK,Trường Đại Học Bách Khoa Đà Nẵng,7510202,Công nghệ chế tạo máy,A00,2025,22.5,,THPT
DDK,Trường Đại Học Bách Khoa Đà Nẵng,7510202,Công nghệ chế tạo máy,A01,2025,22.5,,THPT
DDK,Đại học Bách Khoa - Đại học Đà Nẵng,7510202,Công nghệ chế tạo máy,A01,2025,22.5,,THPT
DDK,Trường Đại Học Bách Khoa Đà Nẵng,7510202,Công nghệ chế tạo máy,D07,2025,22.5,,THPT
DDK,Đại học Bách Khoa - Đại học Đà Nẵng,7510202,Công nghệ chế tạo máy,D07,2025,22.5,,THPT
DDK,Đại học Bách Khoa - Đại học Đà Nẵng,7510601,Quản lý công nghiệp,A00,2025,22.93,,THPT
DDK,Trường Đại Học Bách Khoa Đà Nẵng,7510601,Quản lý công nghiệp,A00,2025,22.93,,THPT
DDK,Trường Đại Học Bách Khoa Đà Nẵng,7510601,Quản lý công nghiệp,A00,2025,22.93,,THPT
DDK,Trường Đại Học Bách Khoa Đà Nẵng,7510601,Quản lý công nghiệp,A01,2025,22.93,,THPT
DDK,Trường Đại Học Bách Khoa Đà Nẵng,7510601,Quản lý công nghiệp,A01,2025,22.93,,THPT
DDK,Đại học Bách Khoa - Đại học Đà Nẵng,7510601,Quản lý công nghiệp,A01,2025,22.93,,THPT
DDK,Trường Đại Học Bách Khoa Đà Nẵng,7510601,Quản lý công nghiệp,D07,2025,22.93,,THPT
DDK,Trường Đại Học Bách Khoa Đà Nẵng,7510601,Quản lý công nghiệp,D07,2025,22.93,,THPT
DDK,Đại học Bách Khoa - Đại học Đà Nẵng,7510601,Quản lý công nghiệp,D07,2025,22.93,,THPT
DDK,Đại học Bách Khoa - Đại học Đà Nẵng,7510701,Công nghệ dầu khí và khai thác dầu,A00,2025,21.35,,THPT
DDK,Trường Đại Học Bách Khoa Đà Nẵng,7510701,Công nghệ dầu khí và khai thác dầu,A00,2025,21.35,,THPT
DDK,Trường Đại Học Bách Khoa Đà Nẵng,7510701,Công nghệ dầu khí và khai thác dầu,A00,2025,21.35,,THPT
DDK,Trường Đại Học Bách Khoa Đà Nẵng,7510701,Công nghệ dầu khí và khai thác dầu,A01,2025,21.35,,THPT
DDK,Trường Đại Học Bách Khoa Đà Nẵng,7510701,Công nghệ dầu khí và khai thác dầu,A01,2025,21.35,,THPT
DDK,Đại học Bách Khoa - Đại học Đà Nẵng,7510701,Công nghệ dầu khí và khai thác dầu,A01,2025,21.35,,THPT
DDK,Trường Đại Học Bách Khoa Đà Nẵng,7510701,Công nghệ dầu khí và khai thác dầu,D01,2025,21.35,,THPT
DDK,Trường Đại Học Bách Khoa Đà Nẵng,7510701,Công nghệ dầu khí và khai thác dầu,D01,2025,21.35,,THPT
DDK,Đại học Bách Khoa - Đại học Đà Nẵng,7510701,Công nghệ dầu khí và khai thác dầu,D01,2025,21.35,,THPT
DDK,Trường Đại Học Bách Khoa Đà Nẵng,7510701,Công nghệ dầu khí và khai thác dầu,D07,2025,21.35,,THPT
DDK,Trường Đại Học Bách Khoa Đà Nẵng,7510701,Công nghệ dầu khí và khai thác dầu,D07,2025,21.35,,THPT
DDK,Đại học Bách Khoa - Đại học Đà Nẵng,7510701,Công nghệ dầu khí và khai thác dầu,D07,2025,21.35,,THPT
DDK,Đại học Bách Khoa - Đại học Đà Nẵng,7520103A,Kỹ thuật cơ khí (chuyên ngành Kỹ thuật cơ khí),A00,2025,23.65,,THPT
DDK,Trường Đại Học Bách Khoa Đà Nẵng,7520103A,"Kỹ thuật Cơ khí, chuyên ngành Cơ khí động lực",A00,2025,23.65,,THPT
DDK,Trường Đại Học Bách Khoa Đà Nẵng,7520103A,"Kỹ thuật Cơ khí, chuyên ngành Cơ khí động lực",A00,2025,23.65,,THPT
DDK,Trường Đại Học Bách Khoa Đà Nẵng,7520103A,"Kỹ thuật Cơ khí, chuyên ngành Cơ khí động lực",A01,2025,23.65,,THPT
DDK,Trường Đại Học Bách Khoa Đà Nẵng,7520103A,"Kỹ thuật Cơ khí, chuyên ngành Cơ khí động lực",A01,2025,23.65,,THPT
DDK,Đại học Bách Khoa - Đại học Đà Nẵng,7520103A,Kỹ thuật cơ khí (chuyên ngành Kỹ thuật cơ khí),A01,2025,23.65,,THPT
DDK,Đại học Bách Khoa - Đại học Đà Nẵng,7520103B,Kỹ thuật cơ khí (chuyên ngành Kỹ thuật cơ khí động lực),A00,2025,23.33,,THPT
DDK,Trường Đại Học Bách Khoa Đà Nẵng,7520103B,"Kỹ thuật Cơ khí, chuyên ngành Cơ khí hàng không",A00,2025,23.33,,THPT
DDK,Trường Đại Học Bách Khoa Đà Nẵng,7520103B,"Kỹ thuật Cơ khí, chuyên ngành Cơ khí hàng không",A01,2025,23.33,,THPT
DDK,Đại học Bách Khoa - Đại học Đà Nẵng,7520103B,Kỹ thuật cơ khí (chuyên ngành Kỹ thuật cơ khí động lực),A01,2025,23.33,,THPT
DDK,Trường Đại Học Bách Khoa Đà Nẵng,7520103B,"Kỹ thuật Cơ khí, chuyên ngành Cơ khí hàng không",D07,2025,23.33,,THPT
DDK,Đại học Bách Khoa - Đại học Đà Nẵng,7520103B,Kỹ thuật cơ khí (chuyên ngành Kỹ thuật cơ khí động lực),D07,2025,23.33,,THPT
DDK,Đại học Bách Khoa - Đại học Đà Nẵng,7520114,Kỹ thuật cơ điện tử,A00,2025,24.93,,THPT
DDK,Trường Đại Học Bách Khoa Đà Nẵng,7520114,Kỹ thuật Cơ điện tử,A00,2025,24.93,,THPT
DDK,Trường Đại Học Bách Khoa Đà Nẵng,7520114,Kỹ thuật Cơ điện tử,A01,2025,24.93,,THPT
DDK,Đại học Bách Khoa - Đại học Đà Nẵng,7520114,Kỹ thuật cơ điện tử,A01,2025,24.93,,THPT
DDK,Trường Đại Học Bách Khoa Đà Nẵng,7520114,Kỹ thuật Cơ điện tử,D07,2025,24.93,,THPT
DDK,Đại học Bách Khoa - Đại học Đà Nẵng,7520114,Kỹ thuật cơ điện tử,D07,2025,24.93,,THPT
DDK,Đại học Bách Khoa - Đại học Đà Nẵng,7520115,"Kỹ thuật nhiệt (3 chuyên ngành: Kỹ thuật điện lạnh; Máy lạnh, điều hòa không khí và thông gió; Máy lạnh và thiết bị thực phẩm)",A00,2025,22.0,,THPT
DDK,Trường Đại Học Bách Khoa Đà Nẵng,7520115,Kỹ thuật nhiệt,A00,2025,22.0,,THPT
DDK,Trường Đại Học Bách Khoa Đà Nẵng,7520115,Kỹ thuật nhiệt,A01,2025,22.0,,THPT
DDK,Đại học Bách Khoa - Đại học Đà Nẵng,7520115,"Kỹ thuật nhiệt (3 chuyên ngành: Kỹ thuật điện lạnh; Máy lạnh, điều hòa không khí và thông gió; Máy lạnh và thiết bị thực phẩm)",A01,2025,22.0,,THPT
DDK,Đại học Bách Khoa - Đại học Đà Nẵng,7520115A,"Kỹ thuật nhiệt, chuyên ngành Quản lý năng lượng",A00,2025,21.0,,THPT
DDK,Trường Đại Học Bách Khoa Đà Nẵng,7520115A,"Kỹ thuật nhiệt, chuyên ngành Quản lý Năng lượng",A00,2025,21.0,,THPT
DDK,Trường Đại Học Bách Khoa Đà Nẵng,7520115A,"Kỹ thuật nhiệt, chuyên ngành Quản lý Năng lượng",A00,2025,21.0,,THPT
DDK,Trường Đại Học Bách Khoa Đà Nẵng,7520115A,"Kỹ thuật nhiệt, chuyên ngành Quản lý Năng lượng",A01,2025,21.0,,THPT
DDK,Trường Đại Học Bách Khoa Đà Nẵng,7520115A,"Kỹ thuật nhiệt, chuyên ngành Quản lý Năng lượng",A01,2025,21.0,,THPT
DDK,Đại học Bách Khoa - Đại học Đà Nẵng,7520115A,"Kỹ thuật nhiệt, chuyên ngành Quản lý năng lượng",A01,2025,21.0,,THPT
DDK,Đại học Bách Khoa - Đại học Đà Nẵng,7520118,Kỹ thuật hệ thống công nghiệp,A00,2025,21.27,,THPT
DDK,Trường Đại Học Bách Khoa Đà Nẵng,7520118,Kỹ thuật hệ thống công nghiệp,A00,2025,21.27,,THPT
DDK,Trường Đại Học Bách Khoa Đà Nẵng,7520118,Kỹ thuật hệ thống công nghiệp,A00,2025,21.27,,THPT
DDK,Trường Đại Học Bách Khoa Đà Nẵng,7520118,Kỹ thuật hệ thống công nghiệp,A01,2025,21.27,,THPT
DDK,Trường Đại Học Bách Khoa Đà Nẵng,7520118,Kỹ thuật hệ thống công nghiệp,A01,2025,21.27,,THPT
DDK,Đại học Bách Khoa - Đại học Đà Nẵng,7520118,Kỹ thuật hệ thống công nghiệp,A01,2025,21.27,,THPT
DDK,Đại học Bách Khoa - Đại học Đà Nẵng,7520122,Ngành Kỹ thuật tàu thủy,A00,2025,19.3,,THPT
DDK,Trường Đại Học Bách Khoa Đà Nẵng,7520122,Kỹ thuật Tàu thủy,A00,2025,19.3,,THPT
DDK,Trường Đại Học Bách Khoa Đà Nẵng,7520122,Kỹ thuật Tàu thủy,A00,2025,19.3,,THPT
DDK,Trường Đại Học Bách Khoa Đà Nẵng,7520122,Kỹ thuật Tàu thủy,A01,2025,19.3,,THPT
DDK,Trường Đại Học Bách Khoa Đà Nẵng,7520122,Kỹ thuật Tàu thủy,A01,2025,19.3,,THPT
DDK,Đại học Bách Khoa - Đại học Đà Nẵng,7520122,Ngành Kỹ thuật tàu thủy,A01,2025,19.3,,THPT
DDK,Đại học Bách Khoa - Đại học Đà Nẵng,7520130,Kỹ thuật ô tô,A00,2025,23.56,,THPT
DDK,Trường Đại Học Bách Khoa Đà Nẵng,7520130,Kỹ thuật ô tô,A00,2025,23.56,,THPT
DDK,Trường Đại Học Bách Khoa Đà Nẵng,7520130,Kỹ thuật ô tô,A01,2025,23.56,,THPT
DDK,Đại học Bách Khoa - Đại học Đà Nẵng,7520130,Kỹ thuật ô tô,A01,2025,23.56,,THPT
DDK,Đại học Bách Khoa - Đại học Đà Nẵng,7520201,Kỹ thuật điện,A00,2025,23.55,,THPT
DDK,Trường Đại Học Bách Khoa Đà Nẵng,7520201,Kỹ thuật Điện,A00,2025,23.55,,THPT
DDK,Trường Đại Học Bách Khoa Đà Nẵng,7520201,Kỹ thuật Điện,A00,2025,23.55,,THPT
DDK,Trường Đại Học Bách Khoa Đà Nẵng,7520201,Kỹ thuật Điện,A01,2025,23.55,,THPT
DDK,Trường Đại Học Bách Khoa Đà Nẵng,7520201,Kỹ thuật Điện,A01,2025,23.55,,THPT
DDK,Đại học Bách Khoa - Đại học Đà Nẵng,7520201,Kỹ thuật điện,A01,2025,23.55,,THPT
DDK,Đại học Bách Khoa - Đại học Đà Nẵng,7520207,Ngành Kỹ thuật điện tử truyền thông,A00,2025,24.65,,THPT
DDK,Trường Đại Học Bách Khoa Đà Nẵng,7520207,Kỹ thuật điện tử - viễn thông,A00,2025,24.65,,THPT
DDK,Trường Đại Học Bách Khoa Đà Nẵng,7520207,Kỹ thuật điện tử - viễn thông,A01,2025,24.65,,THPT
DDK,Đại học Bách Khoa - Đại học Đà Nẵng,7520207,Ngành Kỹ thuật điện tử truyền thông,A01,2025,24.65,,THPT
DDK,Đại học Bách Khoa - Đại học Đà Nẵng,7520207A,"Kĩ thuật điện tử, truyền thông",A00,2025,27.0,,THPT
DDK,Trường Đại Học Bách Khoa Đà Nẵng,7520207A,"Kỹ thuật Điện tử - Viễn thông, chuyên ngành Vi điện tử - Thiết kế vi mạch",A00,2025,27.0,,THPT
DDK,Trường Đại Học Bách Khoa Đà Nẵng,7520207A,"Kỹ thuật Điện tử - Viễn thông, chuyên ngành Vi điện tử - Thiết kế vi mạch",A01,2025,27.0,,THPT
DDK,Đại học Bách Khoa - Đại học Đà Nẵng,7520207A,"Kĩ thuật điện tử, truyền thông",A01,2025,27.0,,THPT
DDK,Đại học Bách Khoa - Đại học Đà Nẵng,7520207VM,Chương trình Tiên tiến Việt - Mỹ Kỹ thuật điện tử viễn thông,A00,2025,23.09,,THPT
DDK,Trường Đại Học Bách Khoa Đà Nẵng,7520207VM,Chương trình tiên tiến Việt - Mỹ ngành Kỹ thuật Điện tử viễn thông,A00,2025,23.09,,THPT
DDK,Trường Đại Học Bách Khoa Đà Nẵng,7520207VM,Chương trình tiên tiến Việt - Mỹ ngành Kỹ thuật Điện tử viễn thông,A00,2025,23.09,,THPT
DDK,Trường Đại Học Bách Khoa Đà Nẵng,7520207VM,Chương trình tiên tiến Việt - Mỹ ngành Kỹ thuật Điện tử viễn thông,A01,2025,23.09,,THPT
DDK,Trường Đại Học Bách Khoa Đà Nẵng,7520207VM,Chương trình tiên tiến Việt - Mỹ ngành Kỹ thuật Điện tử viễn thông,A01,2025,23.09,,THPT
DDK,Đại học Bách Khoa - Đại học Đà Nẵng,7520207VM,Chương trình Tiên tiến Việt - Mỹ Kỹ thuật điện tử viễn thông,A01,2025,23.09,,THPT
DDK,Trường Đại Học Bách Khoa Đà Nẵng,7520207VM,Chương trình tiên tiến Việt - Mỹ ngành Kỹ thuật Điện tử viễn thông,D07,2025,23.09,,THPT
DDK,Đại học Bách Khoa - Đại học Đà Nẵng,7520207VM,Chương trình Tiên tiến Việt - Mỹ Kỹ thuật điện tử viễn thông,D07,2025,23.09,,THPT
DDK,Đại học Bách Khoa - Đại học Đà Nẵng,7520216,Ngành Kỹ thuật điều khiển & Tự động hóa,A00,2025,26.13,,THPT
DDK,Trường Đại Học Bách Khoa Đà Nẵng,7520216,Kỹ thuật Điều khiển và Tự động hóa,A00,2025,26.13,,THPT
DDK,Trường Đại Học Bách Khoa Đà Nẵng,7520216,Kỹ thuật Điều khiển và Tự động hóa,A01,2025,26.13,,THPT
DDK,Đại học Bách Khoa - Đại học Đà Nẵng,7520216,Ngành Kỹ thuật điều khiển & Tự động hóa,A01,2025,26.13,,THPT
DDK,Đại học Bách Khoa - Đại học Đà Nẵng,7520301,Kỹ thuật hóa học,A00,2025,24.17,,THPT
DDK,Trường Đại Học Bách Khoa Đà Nẵng,7520301,Kỹ thuật hóa học,A00,2025,24.17,,THPT
DDK,Trường Đại Học Bách Khoa Đà Nẵng,7520301,Kỹ thuật hóa học,A00,2025,24.17,,THPT
DDK,Trường Đại Học Bách Khoa Đà Nẵng,7520301,Kỹ thuật hóa học,A01,2025,24.17,,THPT
DDK,Đại học Bách Khoa - Đại học Đà Nẵng,7520301,Kỹ thuật hóa học,A01,2025,24.17,,THPT
DDK,Trường Đại Học Bách Khoa Đà Nẵng,7520301,Kỹ thuật hóa học,B00,2025,24.17,,THPT
DDK,Trường Đại Học Bách Khoa Đà Nẵng,7520301,Kỹ thuật hóa học,B00,2025,24.17,,THPT
DDK,Đại học Bách Khoa - Đại học Đà Nẵng,7520301,Kỹ thuật hóa học,B00,2025,24.17,,THPT
DDK,Trường Đại Học Bách Khoa Đà Nẵng,7520301,Kỹ thuật hóa học,D07,2025,24.17,,THPT
DDK,Trường Đại Học Bách Khoa Đà Nẵng,7520301,Kỹ thuật hóa học,D07,2025,24.17,,THPT
DDK,Đại học Bách Khoa - Đại học Đà Nẵng,7520301,Kỹ thuật hóa học,D07,2025,24.17,,THPT
DDK,Đại học Bách Khoa - Đại học Đà Nẵng,7520320,Ngành Kỹ thuật môi trường,A00,2025,18.1,,THPT
DDK,Trường Đại Học Bách Khoa Đà Nẵng,7520320,Kỹ thuật môi trường,A00,2025,18.1,,THPT
DDK,Trường Đại Học Bách Khoa Đà Nẵng,7520320,Kỹ thuật môi trường,A00,2025,18.1,,THPT
DDK,Trường Đại Học Bách Khoa Đà Nẵng,7520320,Kỹ thuật môi trường,A01,2025,18.1,,THPT
DDK,Trường Đại Học Bách Khoa Đà Nẵng,7520320,Kỹ thuật môi trường,A01,2025,18.1,,THPT
DDK,Đại học Bách Khoa - Đại học Đà Nẵng,7520320,Ngành Kỹ thuật môi trường,A01,2025,18.1,,THPT
DDK,Trường Đại Học Bách Khoa Đà Nẵng,7520320,Kỹ thuật môi trường,B00,2025,18.1,,THPT
DDK,Trường Đại Học Bách Khoa Đà Nẵng,7520320,Kỹ thuật môi trường,B00,2025,18.1,,THPT
DDK,Đại học Bách Khoa - Đại học Đà Nẵng,7520320,Ngành Kỹ thuật môi trường,B00,2025,18.1,,THPT
DDK,Trường Đại Học Bách Khoa Đà Nẵng,7520320,Kỹ thuật môi trường,D07,2025,18.1,,THPT
DDK,Trường Đại Học Bách Khoa Đà Nẵng,7520320,Kỹ thuật môi trường,D07,2025,18.1,,THPT
DDK,Đại học Bách Khoa - Đại học Đà Nẵng,7520320,Ngành Kỹ thuật môi trường,D07,2025,18.1,,THPT
DDK,Trường Đại Học Bách Khoa Đà Nẵng,7520320,Kỹ thuật môi trường,D08,2025,18.1,,THPT
DDK,Đại học Bách Khoa - Đại học Đà Nẵng,7520320,Ngành Kỹ thuật môi trường,D08,2025,18.1,,THPT
DDK,Đại học Bách Khoa - Đại học Đà Nẵng,7540101,Công nghệ thực phẩm,A00,2025,21.1,,THPT
DDK,Trường Đại Học Bách Khoa Đà Nẵng,7540101,Công nghệ thực phẩm,A00,2025,21.1,,THPT
DDK,Trường Đại Học Bách Khoa Đà Nẵng,7540101,Công nghệ thực phẩm,A00,2025,21.1,,THPT
DDK,Trường Đại Học Bách Khoa Đà Nẵng,7540101,Công nghệ thực phẩm,A01,2025,21.1,,THPT
DDK,Đại học Bách Khoa - Đại học Đà Nẵng,7540101,Công nghệ thực phẩm,A01,2025,21.1,,THPT
DDK,Trường Đại Học Bách Khoa Đà Nẵng,7540101,Công nghệ thực phẩm,A01,2025,21.1,,THPT
DDK,Trường Đại Học Bách Khoa Đà Nẵng,7540101,Công nghệ thực phẩm,B00,2025,21.1,,THPT
DDK,Đại học Bách Khoa - Đại học Đà Nẵng,7540101,Công nghệ thực phẩm,B00,2025,21.1,,THPT
DDK,Trường Đại Học Bách Khoa Đà Nẵng,7540101,Công nghệ thực phẩm,B00,2025,21.1,,THPT
DDK,Trường Đại Học Bách Khoa Đà Nẵng,7540101,Công nghệ thực phẩm,D07,2025,21.1,,THPT
DDK,Trường Đại Học Bách Khoa Đà Nẵng,7540101,Công nghệ thực phẩm,D07,2025,21.1,,THPT
DDK,Đại học Bách Khoa - Đại học Đà Nẵng,7540101,Công nghệ thực phẩm,D07,2025,21.1,,THPT
DDK,Trường Đại Học Bách Khoa Đà Nẵng,7540101,Công nghệ thực phẩm,D08,2025,21.1,,THPT
DDK,Đại học Bách Khoa - Đại học Đà Nẵng,7540101,Công nghệ thực phẩm,D08,2025,21.1,,THPT
DDK,Đại học Bách Khoa - Đại học Đà Nẵng,7580201,Kỹ thuật xây dựng,A00,2025,19.5,,THPT
DDK,Trường Đại Học Bách Khoa Đà Nẵng,7580201,"Kỹ thuật xây dựng, chuyên ngành Xây dựng dân dụng và công nghiệp",A00,2025,19.5,,THPT
DDK,Trường Đại Học Bách Khoa Đà Nẵng,7580201,"Kỹ thuật xây dựng, chuyên ngành Xây dựng dân dụng và công nghiệp",A00,2025,19.5,,THPT
DDK,Trường Đại Học Bách Khoa Đà Nẵng,7580201,"Kỹ thuật xây dựng, chuyên ngành Xây dựng dân dụng và công nghiệp",A01,2025,19.5,,THPT
DDK,Trường Đại Học Bách Khoa Đà Nẵng,7580201,"Kỹ thuật xây dựng, chuyên ngành Xây dựng dân dụng và công nghiệp",A01,2025,19.5,,THPT
DDK,Đại học Bách Khoa - Đại học Đà Nẵng,7580201,Kỹ thuật xây dựng,A01,2025,19.5,,THPT
DDK,Đại học Bách Khoa - Đại học Đà Nẵng,7580201A,KT xây dựng – c.ngành XD dân dụng & công nghiệp,A00,2025,19.1,,THPT
DDK,Trường Đại Học Bách Khoa Đà Nẵng,7580201A,"Kỹ thuật xây dựng, chuyên ngành Tin học xây dựng",A00,2025,19.1,,THPT
DDK,Trường Đại Học Bách Khoa Đà Nẵng,7580201A,"Kỹ thuật xây dựng, chuyên ngành Tin học xây dựng",A00,2025,19.1,,THPT
DDK,Trường Đại Học Bách Khoa Đà Nẵng,7580201A,"Kỹ thuật xây dựng, chuyên ngành Tin học xây dựng",A01,2025,19.1,,THPT
DDK,Đại học Bách Khoa - Đại học Đà Nẵng,7580201A,KT xây dựng – c.ngành XD dân dụng & công nghiệp,A01,2025,19.1,,THPT
DDK,Trường Đại Học Bách Khoa Đà Nẵng,7580201A,"Kỹ thuật xây dựng, chuyên ngành Tin học xây dựng",D07,2025,19.1,,THPT
DDK,Đại học Bách Khoa - Đại học Đà Nẵng,7580201A,KT xây dựng – c.ngành XD dân dụng & công nghiệp,D07,2025,19.1,,THPT
DDK,Đại học Bách Khoa - Đại học Đà Nẵng,7580201B,Kỹ thuật xây dựng - chuyên ngành Tin học xây dựng,A00,2025,19.6,,THPT
DDK,Trường Đại Học Bách Khoa Đà Nẵng,7580201B,"Kỹ thuật xây dựng, chuyên ngành Kỹ thuật và quản lý xây dựng đô thị thông minh",A00,2025,19.6,,THPT
DDK,Trường Đại Học Bách Khoa Đà Nẵng,7580201B,"Kỹ thuật xây dựng, chuyên ngành Kỹ thuật và quản lý xây dựng đô thị thông minh",A00,2025,19.6,,THPT
DDK,Trường Đại Học Bách Khoa Đà Nẵng,7580201B,"Kỹ thuật xây dựng, chuyên ngành Kỹ thuật và quản lý xây dựng đô thị thông minh",A01,2025,19.6,,THPT
DDK,Đại học Bách Khoa - Đại học Đà Nẵng,7580201B,Kỹ thuật xây dựng - chuyên ngành Tin học xây dựng,A01,2025,19.6,,THPT
DDK,Trường Đại Học Bách Khoa Đà Nẵng,7580201B,"Kỹ thuật xây dựng, chuyên ngành Kỹ thuật và quản lý xây dựng đô thị thông minh",D07,2025,19.6,,THPT
DDK,Đại học Bách Khoa - Đại học Đà Nẵng,7580201B,Kỹ thuật xây dựng - chuyên ngành Tin học xây dựng,D07,2025,19.6,,THPT
DDK,Đại học Bách Khoa - Đại học Đà Nẵng,7580201C,Kỹ thuật xây dựng (Chương trình chất lượng cao),A00,2025,20.25,,THPT
DDK,Trường Đại Học Bách Khoa Đà Nẵng,7580201C,"Kỹ thuật xây dựng, chuyên ngành Mô hình thông tin và trí tuệ nhân tạo trong xây dựng",A00,2025,20.25,,THPT
DDK,Trường Đại Học Bách Khoa Đà Nẵng,7580201C,"Kỹ thuật xây dựng, chuyên ngành Mô hình thông tin và trí tuệ nhân tạo trong xây dựng",A00,2025,20.25,,THPT
DDK,Trường Đại Học Bách Khoa Đà Nẵng,7580201C,"Kỹ thuật xây dựng, chuyên ngành Mô hình thông tin và trí tuệ nhân tạo trong xây dựng",A01,2025,20.25,,THPT
DDK,Đại học Bách Khoa - Đại học Đà Nẵng,7580201C,Kỹ thuật xây dựng (Chương trình chất lượng cao),A01,2025,20.25,,THPT
DDK,Trường Đại Học Bách Khoa Đà Nẵng,7580201C,"Kỹ thuật xây dựng, chuyên ngành Mô hình thông tin và trí tuệ nhân tạo trong xây dựng",D07,2025,20.25,,THPT
DDK,Đại học Bách Khoa - Đại học Đà Nẵng,7580201C,Kỹ thuật xây dựng (Chương trình chất lượng cao),D07,2025,20.25,,THPT
DDK,Đại học Bách Khoa - Đại học Đà Nẵng,7580202,Kỹ thuật xây dựng công trình thủy,A00,2025,16.5,,THPT
DDK,Trường Đại Học Bách Khoa Đà Nẵng,7580202,Kỹ thuật xây dựng công trình thủy,A00,2025,16.5,,THPT
DDK,Trường Đại Học Bách Khoa Đà Nẵng,7580202,Kỹ thuật xây dựng công trình thủy,A00,2025,16.5,,THPT
DDK,Trường Đại Học Bách Khoa Đà Nẵng,7580202,Kỹ thuật xây dựng công trình thủy,A01,2025,16.5,,THPT
DDK,Trường Đại Học Bách Khoa Đà Nẵng,7580202,Kỹ thuật xây dựng công trình thủy,A01,2025,16.5,,THPT
DDK,Đại học Bách Khoa - Đại học Đà Nẵng,7580202,Kỹ thuật xây dựng công trình thủy,A01,2025,16.5,,THPT
DDK,Trường Đại Học Bách Khoa Đà Nẵng,7580202,Kỹ thuật xây dựng công trình thủy,D07,2025,16.5,,THPT
DDK,Trường Đại Học Bách Khoa Đà Nẵng,7580202,Kỹ thuật xây dựng công trình thủy,D07,2025,16.5,,THPT
DDK,Đại học Bách Khoa - Đại học Đà Nẵng,7580202,Kỹ thuật xây dựng công trình thủy,D07,2025,16.5,,THPT
DDK,Đại học Bách Khoa - Đại học Đà Nẵng,7580205,Kỹ thuật xây dựng công trình giao thông,A00,2025,18.0,,THPT
DDK,Trường Đại Học Bách Khoa Đà Nẵng,7580205,Kỹ thuật xây dựng công trình giao thông,A00,2025,18.0,,THPT
DDK,Trường Đại Học Bách Khoa Đà Nẵng,7580205,Kỹ thuật xây dựng công trình giao thông,A00,2025,18.0,,THPT
DDK,Trường Đại Học Bách Khoa Đà Nẵng,7580205,Kỹ thuật xây dựng công trình giao thông,A01,2025,18.0,,THPT
DDK,Trường Đại Học Bách Khoa Đà Nẵng,7580205,Kỹ thuật xây dựng công trình giao thông,A01,2025,18.0,,THPT
DDK,Đại học Bách Khoa - Đại học Đà Nẵng,7580205,Kỹ thuật xây dựng công trình giao thông,A01,2025,18.0,,THPT
DDK,Trường Đại Học Bách Khoa Đà Nẵng,7580205,Kỹ thuật xây dựng công trình giao thông,D07,2025,18.0,,THPT
DDK,Trường Đại Học Bách Khoa Đà Nẵng,7580205,Kỹ thuật xây dựng công trình giao thông,D07,2025,18.0,,THPT
DDK,Đại học Bách Khoa - Đại học Đà Nẵng,7580205,Kỹ thuật xây dựng công trình giao thông,D07,2025,18.0,,THPT
DDK,Đại học Bách Khoa - Đại học Đà Nẵng,7580205A,"Kỹ thuật Xây dựng công trình giao thông, chuyên ngành Xây dựng đường sắt tốc độ cao và đường sắt đô thị",A00,2025,17.25,,THPT
DDK,Trường Đại Học Bách Khoa Đà Nẵng,7580205A,"Kỹ thuật xây dựng công trình giao thông, chuyên ngành Xây dựng đường sắt tốc độ cao và đường sắt đô thị",A00,2025,17.25,,THPT
DDK,Trường Đại Học Bách Khoa Đà Nẵng,7580205A,"Kỹ thuật xây dựng công trình giao thông, chuyên ngành Xây dựng đường sắt tốc độ cao và đường sắt đô thị",A01,2025,17.25,,THPT
DDK,Đại học Bách Khoa - Đại học Đà Nẵng,7580205A,"Kỹ thuật Xây dựng công trình giao thông, chuyên ngành Xây dựng đường sắt tốc độ cao và đường sắt đô thị",A01,2025,17.25,,THPT
DDK,Trường Đại Học Bách Khoa Đà Nẵng,7580205A,"Kỹ thuật xây dựng công trình giao thông, chuyên ngành Xây dựng đường sắt tốc độ cao và đường sắt đô thị",D07,2025,17.25,,THPT
DDK,Đại học Bách Khoa - Đại học Đà Nẵng,7580205A,"Kỹ thuật Xây dựng công trình giao thông, chuyên ngành Xây dựng đường sắt tốc độ cao và đường sắt đô thị",D07,2025,17.25,,THPT
DDK,Đại học Bách Khoa - Đại học Đà Nẵng,7580210,Kỹ thuật cơ sở hạ tầng,A00,2025,18.2,,THPT
DDK,Trường Đại Học Bách Khoa Đà Nẵng,7580210,Kỹ thuật cơ sở hạ tầng,A00,2025,18.2,,THPT
DDK,Trường Đại Học Bách Khoa Đà Nẵng,7580210,Kỹ thuật cơ sở hạ tầng,A00,2025,18.2,,THPT
DDK,Trường Đại Học Bách Khoa Đà Nẵng,7580210,Kỹ thuật cơ sở hạ tầng,A01,2025,18.2,,THPT
DDK,Trường Đại Học Bách Khoa Đà Nẵng,7580210,Kỹ thuật cơ sở hạ tầng,A01,2025,18.2,,THPT
DDK,Đại học Bách Khoa - Đại học Đà Nẵng,7580210,Kỹ thuật cơ sở hạ tầng,A01,2025,18.2,,THPT
DDK,Trường Đại Học Bách Khoa Đà Nẵng,7580210,Kỹ thuật cơ sở hạ tầng,D07,2025,18.2,,THPT
DDK,Trường Đại Học Bách Khoa Đà Nẵng,7580210,Kỹ thuật cơ sở hạ tầng,D07,2025,18.2,,THPT
DDK,Đại học Bách Khoa - Đại học Đà Nẵng,7580210,Kỹ thuật cơ sở hạ tầng,D07,2025,18.2,,THPT
DDK,Đại học Bách Khoa - Đại học Đà Nẵng,7580301,Kinh tế xây dựng,A00,2025,20.39,,THPT
DDK,Trường Đại Học Bách Khoa Đà Nẵng,7580301,Kinh tế xây dựng,A00,2025,20.39,,THPT
DDK,Trường Đại Học Bách Khoa Đà Nẵng,7580301,Kinh tế xây dựng,A00,2025,20.39,,THPT
DDK,Trường Đại Học Bách Khoa Đà Nẵng,7580301,Kinh tế xây dựng,A01,2025,20.39,,THPT
DDK,Trường Đại Học Bách Khoa Đà Nẵng,7580301,Kinh tế xây dựng,A01,2025,20.39,,THPT
DDK,Đại học Bách Khoa - Đại học Đà Nẵng,7580301,Kinh tế xây dựng,A01,2025,20.39,,THPT
DDK,Trường Đại Học Bách Khoa Đà Nẵng,7580301,Kinh tế xây dựng,D01,2025,20.39,,THPT
DDK,Trường Đại Học Bách Khoa Đà Nẵng,7580301,Kinh tế xây dựng,D01,2025,20.39,,THPT
DDK,Đại học Bách Khoa - Đại học Đà Nẵng,7580301,Kinh tế xây dựng,D01,2025,20.39,,THPT
DDK,Đại học Bách Khoa - Đại học Đà Nẵng,7850101,Quản lý tài nguyên và môi trường,A00,2025,19.35,,THPT
DDK,Trường Đại Học Bách Khoa Đà Nẵng,7850101,Quản lý tài nguyên và môi trường,A00,2025,19.35,,THPT
DDK,Trường Đại Học Bách Khoa Đà Nẵng,7850101,Quản lý tài nguyên và môi trường,A00,2025,19.35,,THPT
DDK,Trường Đại Học Bách Khoa Đà Nẵng,7850101,Quản lý tài nguyên và môi trường,A01,2025,19.35,,THPT
DDK,Trường Đại Học Bách Khoa Đà Nẵng,7850101,Quản lý tài nguyên và môi trường,A01,2025,19.35,,THPT
DDK,Đại học Bách Khoa - Đại học Đà Nẵng,7850101,Quản lý tài nguyên và môi trường,A01,2025,19.35,,THPT
DDK,Trường Đại Học Bách Khoa Đà Nẵng,7850101,Quản lý tài nguyên và môi trường,B00,2025,19.35,,THPT
DDK,Trường Đại Học Bách Khoa Đà Nẵng,7850101,Quản lý tài nguyên và môi trường,B00,2025,19.35,,THPT
DDK,Đại học Bách Khoa - Đại học Đà Nẵng,7850101,Quản lý tài nguyên và môi trường,B00,2025,19.35,,THPT
DDK,Trường Đại Học Bách Khoa Đà Nẵng,7850101,Quản lý tài nguyên và môi trường,D07,2025,19.35,,THPT
DDK,Trường Đại Học Bách Khoa Đà Nẵng,7850101,Quản lý tài nguyên và môi trường,D07,2025,19.35,,THPT
DDK,Đại học Bách Khoa - Đại học Đà Nẵng,7850101,Quản lý tài nguyên và môi trường,D07,2025,19.35,,THPT
DDK,Trường Đại Học Bách Khoa Đà Nẵng,7850101,Quản lý tài nguyên và môi trường,D08,2025,19.35,,THPT
DDK,Đại học Bách Khoa - Đại học Đà Nẵng,PFIEV,Chương trình tiên tiến ngành Hệ thống nhúng,A00,2025,21.38,,THPT
DDK,Trường Đại Học Bách Khoa Đà Nẵng,PFIEV,Chương trình đào tạo kỹ sư chất lượng cao Việt - Pháp (PFIEV),A00,2025,21.38,,THPT
DDK,Trường Đại Học Bách Khoa Đà Nẵng,PFIEV,Chương trình đào tạo kỹ sư chất lượng cao Việt - Pháp (PFIEV),A00,2025,21.38,,THPT
DDK,Trường Đại Học Bách Khoa Đà Nẵng,PFIEV,Chương trình đào tạo kỹ sư chất lượng cao Việt - Pháp (PFIEV),A01,2025,21.38,,THPT
DDK,Trường Đại Học Bách Khoa Đà Nẵng,PFIEV,Chương trình đào tạo kỹ sư chất lượng cao Việt - Pháp (PFIEV),A01,2025,21.38,,THPT
DDK,Đại học Bách Khoa - Đại học Đà Nẵng,PFIEV,Chương trình tiên tiến ngành Hệ thống nhúng,A01,2025,21.38,,THPT
DDK,Trường Đại Học Bách Khoa Đà Nẵng,PFIEV,Chương trình đào tạo kỹ sư chất lượng cao Việt - Pháp (PFIEV),D07,2025,21.38,,THPT
DDK,Đại học Bách Khoa - Đại học Đà Nẵng,PFIEV,Chương trình tiên tiến ngành Hệ thống nhúng,D07,2025,21.38,,THPT
DDL,Đại học Điện lực,7220201,Ngôn ngữ Anh,D01,2025,22.67,,THPT
DDL,Trường Đại Học Điện Lực,7220201,Ngôn ngữ Anh,D01,2025,22.67,,THPT
DDL,Trường Đại Học Điện Lực,7220201,Ngôn ngữ Anh,D09,2025,22.67,,THPT
DDL,Đại học Điện lực,7220201,Ngôn ngữ Anh,D09,2025,22.67,,THPT
DDL,Trường Đại Học Điện Lực,7220201,Ngôn ngữ Anh,D10,2025,22.67,,THPT
DDL,Đại học Điện lực,7220201,Ngôn ngữ Anh,D10,2025,22.67,,THPT
DDL,Đại học Điện lực,7340101,Quản trị Kinh doanh,A00,2025,21.5,,THPT
DDL,Trường Đại Học Điện Lực,7340101,Quản trị kinh doanh,A00,2025,21.5,,THPT
DDL,Trường Đại Học Điện Lực,7340101,Quản trị kinh doanh,A01,2025,21.5,,THPT
DDL,Đại học Điện lực,7340101,Quản trị Kinh doanh,A01,2025,21.5,,THPT
DDL,Trường Đại Học Điện Lực,7340101,Quản trị kinh doanh,A01,2025,21.5,,THPT
DDL,Trường Đại Học Điện Lực,7340101,Quản trị kinh doanh,D01,2025,21.5,,THPT
DDL,Trường Đại Học Điện Lực,7340101,Quản trị kinh doanh,D01,2025,21.5,,THPT
DDL,Đại học Điện lực,7340101,Quản trị Kinh doanh,D01,2025,21.5,,THPT
DDL,Trường Đại Học Điện Lực,7340101,Quản trị kinh doanh,D07,2025,21.5,,THPT
DDL,Trường Đại Học Điện Lực,7340101,Quản trị kinh doanh,D07,2025,21.5,,THPT
DDL,Đại học Điện lực,7340101,Quản trị Kinh doanh,D07,2025,21.5,,THPT
DDL,Đại học Điện lực,7340115,Marketing,A00,2025,22.92,,THPT
DDL,Trường Đại Học Điện Lực,7340115,Marketing,A00,2025,22.92,,THPT
DDL,Trường Đại Học Điện Lực,7340115,Marketing,A01,2025,22.92,,THPT
DDL,Đại học Điện lực,7340115,Marketing,A01,2025,22.92,,THPT
DDL,Trường Đại Học Điện Lực,7340115,Marketing,A01,2025,22.92,,THPT
DDL,Trường Đại Học Điện Lực,7340115,Marketing,D01,2025,22.92,,THPT
DDL,Trường Đại Học Điện Lực,7340115,Marketing,D01,2025,22.92,,THPT
DDL,Đại học Điện lực,7340115,Marketing,D01,2025,22.92,,THPT
DDL,Trường Đại Học Điện Lực,7340115,Marketing,D07,2025,22.92,,THPT
DDL,Trường Đại Học Điện Lực,7340115,Marketing,D07,2025,22.92,,THPT
DDL,Đại học Điện lực,7340115,Marketing,D07,2025,22.92,,THPT
DDL,Đại học Điện lực,7340122,Thương mại điện tử,A00,2025,22.92,,THPT
DDL,Trường Đại Học Điện Lực,7340122,Thương mại Điện tử,A00,2025,22.92,,THPT
DDL,Trường Đại Học Điện Lực,7340122,Thương mại Điện tử,A01,2025,22.92,,THPT
DDL,Đại học Điện lực,7340122,Thương mại điện tử,A01,2025,22.92,,THPT
DDL,Trường Đại Học Điện Lực,7340122,Thương mại Điện tử,A01,2025,22.92,,THPT
DDL,Trường Đại Học Điện Lực,7340122,Thương mại Điện tử,D01,2025,22.92,,THPT
DDL,Trường Đại Học Điện Lực,7340122,Thương mại Điện tử,D01,2025,22.92,,THPT
DDL,Đại học Điện lực,7340122,Thương mại điện tử,D01,2025,22.92,,THPT
DDL,Trường Đại Học Điện Lực,7340122,Thương mại Điện tử,D07,2025,22.92,,THPT
DDL,Trường Đại Học Điện Lực,7340122,Thương mại Điện tử,D07,2025,22.92,,THPT
DDL,Đại học Điện lực,7340122,Thương mại điện tử,D07,2025,22.92,,THPT
DDL,Đại học Điện lực,7340201,Tài chính – Ngân hàng,A00,2025,21.83,,THPT
DDL,Trường Đại Học Điện Lực,7340201,Tài chính - Ngân hàng,A00,2025,21.83,,THPT
DDL,Trường Đại Học Điện Lực,7340201,Tài chính - Ngân hàng,A01,2025,21.83,,THPT
DDL,Đại học Điện lực,7340201,Tài chính – Ngân hàng,A01,2025,21.83,,THPT
DDL,Trường Đại Học Điện Lực,7340201,Tài chính - Ngân hàng,D01,2025,21.83,,THPT
DDL,Đại học Điện lực,7340201,Tài chính – Ngân hàng,D01,2025,21.83,,THPT
DDL,Trường Đại Học Điện Lực,7340201,Tài chính - Ngân hàng,D07,2025,21.83,,THPT
DDL,Đại học Điện lực,7340201,Tài chính – Ngân hàng,D07,2025,21.83,,THPT
DDL,Đại học Điện lực,7340205,Công nghệ tài chính,A00,2025,16.5,,THPT
DDL,Trường Đại Học Điện Lực,7340205,Công nghệ tài chính,A00,2025,16.5,,THPT
DDL,Trường Đại Học Điện Lực,7340205,Công nghệ tài chính,A01,2025,16.5,,THPT
DDL,Đại học Điện lực,7340205,Công nghệ tài chính,A01,2025,16.5,,THPT
DDL,Trường Đại Học Điện Lực,7340205,Công nghệ tài chính,A01,2025,16.5,,THPT
DDL,Trường Đại Học Điện Lực,7340205,Công nghệ tài chính,D01,2025,16.5,,THPT
DDL,Trường Đại Học Điện Lực,7340205,Công nghệ tài chính,D01,2025,16.5,,THPT
DDL,Đại học Điện lực,7340205,Công nghệ tài chính,D01,2025,16.5,,THPT
DDL,Trường Đại Học Điện Lực,7340205,Công nghệ tài chính,D07,2025,16.5,,THPT
DDL,Trường Đại Học Điện Lực,7340205,Công nghệ tài chính,D07,2025,16.5,,THPT
DDL,Đại học Điện lực,7340205,Công nghệ tài chính,D07,2025,16.5,,THPT
DDL,Đại học Điện lực,7340301,Kế toán,A00,2025,21.17,,THPT
DDL,Trường Đại Học Điện Lực,7340301,Kế toán,A00,2025,21.17,,THPT
DDL,Trường Đại Học Điện Lực,7340301,Kế toán,A01,2025,21.17,,THPT
DDL,Đại học Điện lực,7340301,Kế toán,A01,2025,21.17,,THPT
DDL,Trường Đại Học Điện Lực,7340301,Kế toán,A01,2025,21.17,,THPT
DDL,Trường Đại Học Điện Lực,7340301,Kế toán,D01,2025,21.17,,THPT
DDL,Trường Đại Học Điện Lực,7340301,Kế toán,D01,2025,21.17,,THPT
DDL,Đại học Điện lực,7340301,Kế toán,D01,2025,21.17,,THPT
DDL,Trường Đại Học Điện Lực,7340301,Kế toán,D07,2025,21.17,,THPT
DDL,Trường Đại Học Điện Lực,7340301,Kế toán,D07,2025,21.17,,THPT
DDL,Đại học Điện lực,7340301,Kế toán,D07,2025,21.17,,THPT
DDL,Đại học Điện lực,7340302,Kiểm toán,A00,2025,20.23,,THPT
DDL,Trường Đại Học Điện Lực,7340302,Kiểm toán,A00,2025,20.23,,THPT
DDL,Trường Đại Học Điện Lực,7340302,Kiểm toán,A01,2025,20.23,,THPT
DDL,Đại học Điện lực,7340302,Kiểm toán,A01,2025,20.23,,THPT
DDL,Trường Đại Học Điện Lực,7340302,Kiểm toán,A01,2025,20.23,,THPT
DDL,Trường Đại Học Điện Lực,7340302,Kiểm toán,D01,2025,20.23,,THPT
DDL,Trường Đại Học Điện Lực,7340302,Kiểm toán,D01,2025,20.23,,THPT
DDL,Đại học Điện lực,7340302,Kiểm toán,D01,2025,20.23,,THPT
DDL,Trường Đại Học Điện Lực,7340302,Kiểm toán,D07,2025,20.23,,THPT
DDL,Trường Đại Học Điện Lực,7340302,Kiểm toán,D07,2025,20.23,,THPT
DDL,Đại học Điện lực,7340302,Kiểm toán,D07,2025,20.23,,THPT
DDL,Đại học Điện lực,7380107,Luật kinh tế,D01,2025,21.17,,THPT
DDL,Trường Đại Học Điện Lực,7380107,Luật kinh tế,D01,2025,21.17,,THPT
DDL,Trường Đại Học Điện Lực,7380107,Luật kinh tế,D09,2025,21.17,,THPT
DDL,Đại học Điện lực,7380107,Luật kinh tế,D09,2025,21.17,,THPT
DDL,Trường Đại Học Điện Lực,7380107,Luật kinh tế,D10,2025,21.17,,THPT
DDL,Đại học Điện lực,7380107,Luật kinh tế,D10,2025,21.17,,THPT
DDL,Đại học Điện lực,7460108,Khoa học dữ liệu (Data Science),A00,2025,16.5,,THPT
DDL,Trường Đại Học Điện Lực,7460108,Khoa học dữ liệu,A00,2025,16.5,,THPT
DDL,Trường Đại Học Điện Lực,7460108,Khoa học dữ liệu,A01,2025,16.5,,THPT
DDL,Đại học Điện lực,7460108,Khoa học dữ liệu (Data Science),A01,2025,16.5,,THPT
DDL,Trường Đại Học Điện Lực,7460108,Khoa học dữ liệu,A01,2025,16.5,,THPT
DDL,Trường Đại Học Điện Lực,7460108,Khoa học dữ liệu,D01,2025,16.5,,THPT
DDL,Trường Đại Học Điện Lực,7460108,Khoa học dữ liệu,D01,2025,16.5,,THPT
DDL,Đại học Điện lực,7460108,Khoa học dữ liệu (Data Science),D01,2025,16.5,,THPT
DDL,Trường Đại Học Điện Lực,7460108,Khoa học dữ liệu,D07,2025,16.5,,THPT
DDL,Trường Đại Học Điện Lực,7460108,Khoa học dữ liệu,D07,2025,16.5,,THPT
DDL,Đại học Điện lực,7460108,Khoa học dữ liệu (Data Science),D07,2025,16.5,,THPT
DDL,Đại học Điện lực,7460117,Toán tin,A00,2025,16.5,,THPT
DDL,Trường Đại Học Điện Lực,7460117,Toán tin,A00,2025,16.5,,THPT
DDL,Trường Đại Học Điện Lực,7460117,Toán tin,A01,2025,16.5,,THPT
DDL,Đại học Điện lực,7460117,Toán tin,A01,2025,16.5,,THPT
DDL,Trường Đại Học Điện Lực,7460117,Toán tin,A01,2025,16.5,,THPT
DDL,Trường Đại Học Điện Lực,7460117,Toán tin,D01,2025,16.5,,THPT
DDL,Trường Đại Học Điện Lực,7460117,Toán tin,D01,2025,16.5,,THPT
DDL,Đại học Điện lực,7460117,Toán tin,D01,2025,16.5,,THPT
DDL,Trường Đại Học Điện Lực,7460117,Toán tin,D07,2025,16.5,,THPT
DDL,Trường Đại Học Điện Lực,7460117,Toán tin,D07,2025,16.5,,THPT
DDL,Đại học Điện lực,7460117,Toán tin,D07,2025,16.5,,THPT
DDL,Đại học Điện lực,7480106,Kỹ thuật máy tính,A00,2025,20.83,,THPT
DDL,Trường Đại Học Điện Lực,7480106,Kỹ thuật máy tính,A00,2025,20.83,,THPT
DDL,Trường Đại Học Điện Lực,7480106,Kỹ thuật máy tính,A01,2025,20.83,,THPT
DDL,Đại học Điện lực,7480106,Kỹ thuật máy tính,A01,2025,20.83,,THPT
DDL,Trường Đại Học Điện Lực,7480106,Kỹ thuật máy tính,A01,2025,20.83,,THPT
DDL,Trường Đại Học Điện Lực,7480106,Kỹ thuật máy tính,D01,2025,20.83,,THPT
DDL,Trường Đại Học Điện Lực,7480106,Kỹ thuật máy tính,D01,2025,20.83,,THPT
DDL,Đại học Điện lực,7480106,Kỹ thuật máy tính,D01,2025,20.83,,THPT
DDL,Trường Đại Học Điện Lực,7480106,Kỹ thuật máy tính,D07,2025,20.83,,THPT
DDL,Trường Đại Học Điện Lực,7480106,Kỹ thuật máy tính,D07,2025,20.83,,THPT
DDL,Đại học Điện lực,7480106,Kỹ thuật máy tính,D07,2025,20.83,,THPT
DDL,Đại học Điện lực,7480107,Trí tuệ nhân tạo,A00,2025,20.5,,THPT
DDL,Trường Đại Học Điện Lực,7480107,Trí tuệ nhân tạo,A00,2025,20.5,,THPT
DDL,Trường Đại Học Điện Lực,7480107,Trí tuệ nhân tạo,A01,2025,20.5,,THPT
DDL,Đại học Điện lực,7480107,Trí tuệ nhân tạo,A01,2025,20.5,,THPT
DDL,Trường Đại Học Điện Lực,7480107,Trí tuệ nhân tạo,A01,2025,20.5,,THPT
DDL,Trường Đại Học Điện Lực,7480107,Trí tuệ nhân tạo,D01,2025,20.5,,THPT
DDL,Trường Đại Học Điện Lực,7480107,Trí tuệ nhân tạo,D01,2025,20.5,,THPT
DDL,Đại học Điện lực,7480107,Trí tuệ nhân tạo,D01,2025,20.5,,THPT
DDL,Trường Đại Học Điện Lực,7480107,Trí tuệ nhân tạo,D07,2025,20.5,,THPT
DDL,Trường Đại Học Điện Lực,7480107,Trí tuệ nhân tạo,D07,2025,20.5,,THPT
DDL,Đại học Điện lực,7480107,Trí tuệ nhân tạo,D07,2025,20.5,,THPT
DDL,Đại học Điện lực,7480201,Công nghệ thông tin,A00,2025,21.9,,THPT
DDL,Trường Đại Học Điện Lực,7480201,Công nghệ thông tin,A00,2025,21.9,,THPT
DDL,Trường Đại Học Điện Lực,7480201,Công nghệ thông tin,A01,2025,21.9,,THPT
DDL,Đại học Điện lực,7480201,Công nghệ thông tin,A01,2025,21.9,,THPT
DDL,Trường Đại Học Điện Lực,7480201,Công nghệ thông tin,A01,2025,21.9,,THPT
DDL,Trường Đại Học Điện Lực,7480201,Công nghệ thông tin,D01,2025,21.9,,THPT
DDL,Trường Đại Học Điện Lực,7480201,Công nghệ thông tin,D01,2025,21.9,,THPT
DDL,Đại học Điện lực,7480201,Công nghệ thông tin,D01,2025,21.9,,THPT
DDL,Trường Đại Học Điện Lực,7480201,Công nghệ thông tin,D07,2025,21.9,,THPT
DDL,Trường Đại Học Điện Lực,7480201,Công nghệ thông tin,D07,2025,21.9,,THPT
DDL,Đại học Điện lực,7480201,Công nghệ thông tin,D07,2025,21.9,,THPT
DDL,Đại học Điện lực,7510102,Công nghệ kỹ thuật xây dựng dân dụng và công nghiệp,A00,2025,19.17,,THPT
DDL,Trường Đại Học Điện Lực,7510102,Công nghệ kỹ thuật công trình xây dựng,A00,2025,19.17,,THPT
DDL,Trường Đại Học Điện Lực,7510102,Công nghệ kỹ thuật công trình xây dựng,A01,2025,19.17,,THPT
DDL,Đại học Điện lực,7510102,Công nghệ kỹ thuật xây dựng dân dụng và công nghiệp,A01,2025,19.17,,THPT
DDL,Trường Đại Học Điện Lực,7510102,Công nghệ kỹ thuật công trình xây dựng,A01,2025,19.17,,THPT
DDL,Trường Đại Học Điện Lực,7510102,Công nghệ kỹ thuật công trình xây dựng,D01,2025,19.17,,THPT
DDL,Trường Đại Học Điện Lực,7510102,Công nghệ kỹ thuật công trình xây dựng,D01,2025,19.17,,THPT
DDL,Đại học Điện lực,7510102,Công nghệ kỹ thuật xây dựng dân dụng và công nghiệp,D01,2025,19.17,,THPT
DDL,Trường Đại Học Điện Lực,7510102,Công nghệ kỹ thuật công trình xây dựng,D07,2025,19.17,,THPT
DDL,Trường Đại Học Điện Lực,7510102,Công nghệ kỹ thuật công trình xây dựng,D07,2025,19.17,,THPT
DDL,Đại học Điện lực,7510102,Công nghệ kỹ thuật xây dựng dân dụng và công nghiệp,D07,2025,19.17,,THPT
DDL,Đại học Điện lực,7510201,Công nghệ kỹ thuật cơ khí (chuyên ngành Cơ khí chế tạo),A00,2025,22.58,,THPT
DDL,Trường Đại Học Điện Lực,7510201,Công nghệ kỹ thuật cơ khí,A00,2025,22.58,,THPT
DDL,Trường Đại Học Điện Lực,7510201,Công nghệ kỹ thuật cơ khí,A01,2025,22.58,,THPT
DDL,Đại học Điện lực,7510201,Công nghệ kỹ thuật cơ khí (chuyên ngành Cơ khí chế tạo),A01,2025,22.58,,THPT
DDL,Trường Đại Học Điện Lực,7510201,Công nghệ kỹ thuật cơ khí,A01,2025,22.58,,THPT
DDL,Trường Đại Học Điện Lực,7510201,Công nghệ kỹ thuật cơ khí,D01,2025,22.58,,THPT
DDL,Trường Đại Học Điện Lực,7510201,Công nghệ kỹ thuật cơ khí,D01,2025,22.58,,THPT
DDL,Đại học Điện lực,7510201,Công nghệ kỹ thuật cơ khí (chuyên ngành Cơ khí chế tạo),D01,2025,22.58,,THPT
DDL,Trường Đại Học Điện Lực,7510201,Công nghệ kỹ thuật cơ khí,D07,2025,22.58,,THPT
DDL,Trường Đại Học Điện Lực,7510201,Công nghệ kỹ thuật cơ khí,D07,2025,22.58,,THPT
DDL,Đại học Điện lực,7510201,Công nghệ kỹ thuật cơ khí (chuyên ngành Cơ khí chế tạo),D07,2025,22.58,,THPT
DDL,Đại học Điện lực,7510203,Công nghệ kỹ thuật cơ điện tử,A00,2025,23.13,,THPT
DDL,Trường Đại Học Điện Lực,7510203,Công nghệ kỹ thuật cơ điện tử,A00,2025,23.13,,THPT
DDL,Trường Đại Học Điện Lực,7510203,Công nghệ kỹ thuật cơ điện tử,A01,2025,23.13,,THPT
DDL,Đại học Điện lực,7510203,Công nghệ kỹ thuật cơ điện tử,A01,2025,23.13,,THPT
DDL,Trường Đại Học Điện Lực,7510203,Công nghệ kỹ thuật cơ điện tử,A01,2025,23.13,,THPT
DDL,Trường Đại Học Điện Lực,7510203,Công nghệ kỹ thuật cơ điện tử,D01,2025,23.13,,THPT
DDL,Trường Đại Học Điện Lực,7510203,Công nghệ kỹ thuật cơ điện tử,D01,2025,23.13,,THPT
DDL,Đại học Điện lực,7510203,Công nghệ kỹ thuật cơ điện tử,D01,2025,23.13,,THPT
DDL,Trường Đại Học Điện Lực,7510203,Công nghệ kỹ thuật cơ điện tử,D07,2025,23.13,,THPT
DDL,Trường Đại Học Điện Lực,7510203,Công nghệ kỹ thuật cơ điện tử,D07,2025,23.13,,THPT
DDL,Đại học Điện lực,7510203,Công nghệ kỹ thuật cơ điện tử,D07,2025,23.13,,THPT
DDL,Đại học Điện lực,7510205,Công nghệ kỹ thuật ô tô,A00,2025,22.75,,THPT
DDL,Trường Đại Học Điện Lực,7510205,Công nghệ kỹ thuật ô tô,A00,2025,22.75,,THPT
DDL,Trường Đại Học Điện Lực,7510205,Công nghệ kỹ thuật ô tô,A01,2025,22.75,,THPT
DDL,Đại học Điện lực,7510205,Công nghệ kỹ thuật ô tô,A01,2025,22.75,,THPT
DDL,Trường Đại Học Điện Lực,7510205,Công nghệ kỹ thuật ô tô,A01,2025,22.75,,THPT
DDL,Trường Đại Học Điện Lực,7510205,Công nghệ kỹ thuật ô tô,D01,2025,22.75,,THPT
DDL,Trường Đại Học Điện Lực,7510205,Công nghệ kỹ thuật ô tô,D01,2025,22.75,,THPT
DDL,Đại học Điện lực,7510205,Công nghệ kỹ thuật ô tô,D01,2025,22.75,,THPT
DDL,Trường Đại Học Điện Lực,7510205,Công nghệ kỹ thuật ô tô,D07,2025,22.75,,THPT
DDL,Trường Đại Học Điện Lực,7510205,Công nghệ kỹ thuật ô tô,D07,2025,22.75,,THPT
DDL,Đại học Điện lực,7510205,Công nghệ kỹ thuật ô tô,D07,2025,22.75,,THPT
DDL,Đại học Điện lực,7510301,"Công nghệ kỹ thuật điện, điện tử",A00,2025,22.92,,THPT
DDL,Trường Đại Học Điện Lực,7510301,"Công nghệ kỹ thuật điện, điện tử",A00,2025,22.92,,THPT
DDL,Trường Đại Học Điện Lực,7510301,"Công nghệ kỹ thuật điện, điện tử",A01,2025,22.92,,THPT
DDL,Đại học Điện lực,7510301,"Công nghệ kỹ thuật điện, điện tử",A01,2025,22.92,,THPT
DDL,Trường Đại Học Điện Lực,7510301,"Công nghệ kỹ thuật điện, điện tử",A01,2025,22.92,,THPT
DDL,Trường Đại Học Điện Lực,7510301,"Công nghệ kỹ thuật điện, điện tử",D01,2025,22.92,,THPT
DDL,Trường Đại Học Điện Lực,7510301,"Công nghệ kỹ thuật điện, điện tử",D01,2025,22.92,,THPT
DDL,Đại học Điện lực,7510301,"Công nghệ kỹ thuật điện, điện tử",D01,2025,22.92,,THPT
DDL,Trường Đại Học Điện Lực,7510301,"Công nghệ kỹ thuật điện, điện tử",D07,2025,22.92,,THPT
DDL,Trường Đại Học Điện Lực,7510301,"Công nghệ kỹ thuật điện, điện tử",D07,2025,22.92,,THPT
DDL,Đại học Điện lực,7510301,"Công nghệ kỹ thuật điện, điện tử",D07,2025,22.92,,THPT
DDL,Đại học Điện lực,7510302,Điện tử - viễn thông,A00,2025,21.83,,THPT
DDL,Trường Đại Học Điện Lực,7510302,Công nghệ kỹ thuật điện tử - viễn thông,A00,2025,21.83,,THPT
DDL,Trường Đại Học Điện Lực,7510302,Công nghệ kỹ thuật điện tử - viễn thông,A01,2025,21.83,,THPT
DDL,Đại học Điện lực,7510302,Điện tử - viễn thông,A01,2025,21.83,,THPT
DDL,Trường Đại Học Điện Lực,7510302,Công nghệ kỹ thuật điện tử - viễn thông,A01,2025,21.83,,THPT
DDL,Trường Đại Học Điện Lực,7510302,Công nghệ kỹ thuật điện tử - viễn thông,D01,2025,21.83,,THPT
DDL,Trường Đại Học Điện Lực,7510302,Công nghệ kỹ thuật điện tử - viễn thông,D01,2025,21.83,,THPT
DDL,Đại học Điện lực,7510302,Điện tử - viễn thông,D01,2025,21.83,,THPT
DDL,Trường Đại Học Điện Lực,7510302,Công nghệ kỹ thuật điện tử - viễn thông,D07,2025,21.83,,THPT
DDL,Trường Đại Học Điện Lực,7510302,Công nghệ kỹ thuật điện tử - viễn thông,D07,2025,21.83,,THPT
DDL,Đại học Điện lực,7510302,Điện tử - viễn thông,D07,2025,21.83,,THPT
DDL,Đại học Điện lực,7510303,Công nghệ kỹ thuật điều khiển và tự động hóa,A00,2025,23.33,,THPT
DDL,Trường Đại Học Điện Lực,7510303,Công nghệ kỹ thuật điều khiển và tự động hoá,A00,2025,23.33,,THPT
DDL,Trường Đại Học Điện Lực,7510303,Công nghệ kỹ thuật điều khiển và tự động hoá,A01,2025,23.33,,THPT
DDL,Đại học Điện lực,7510303,Công nghệ kỹ thuật điều khiển và tự động hóa,A01,2025,23.33,,THPT
DDL,Trường Đại Học Điện Lực,7510303,Công nghệ kỹ thuật điều khiển và tự động hoá,A01,2025,23.33,,THPT
DDL,Trường Đại Học Điện Lực,7510303,Công nghệ kỹ thuật điều khiển và tự động hoá,D01,2025,23.33,,THPT
DDL,Trường Đại Học Điện Lực,7510303,Công nghệ kỹ thuật điều khiển và tự động hoá,D01,2025,23.33,,THPT
DDL,Đại học Điện lực,7510303,Công nghệ kỹ thuật điều khiển và tự động hóa,D01,2025,23.33,,THPT
DDL,Trường Đại Học Điện Lực,7510303,Công nghệ kỹ thuật điều khiển và tự động hoá,D07,2025,23.33,,THPT
DDL,Trường Đại Học Điện Lực,7510303,Công nghệ kỹ thuật điều khiển và tự động hoá,D07,2025,23.33,,THPT
DDL,Đại học Điện lực,7510303,Công nghệ kỹ thuật điều khiển và tự động hóa,D07,2025,23.33,,THPT
DDL,Đại học Điện lực,7510402,Công nghệ vật liệu,A00,2025,21.35,,THPT
DDL,Trường Đại Học Điện Lực,7510402,Công nghệ vật liệu,A00,2025,21.35,,THPT
DDL,Trường Đại Học Điện Lực,7510402,Công nghệ vật liệu,A01,2025,21.35,,THPT
DDL,Đại học Điện lực,7510402,Công nghệ vật liệu,A01,2025,21.35,,THPT
DDL,Trường Đại Học Điện Lực,7510402,Công nghệ vật liệu,A01,2025,21.35,,THPT
DDL,Trường Đại Học Điện Lực,7510402,Công nghệ vật liệu,B00,2025,21.35,,THPT
DDL,Đại học Điện lực,7510402,Công nghệ vật liệu,B00,2025,21.35,,THPT
DDL,Trường Đại Học Điện Lực,7510402,Công nghệ vật liệu,D07,2025,21.35,,THPT
DDL,Trường Đại Học Điện Lực,7510402,Công nghệ vật liệu,D07,2025,21.35,,THPT
DDL,Đại học Điện lực,7510402,Công nghệ vật liệu,D07,2025,21.35,,THPT
DDL,Đại học Điện lực,7510403,Công nghệ kỹ thuật năng lượng,A00,2025,18.5,,THPT
DDL,Trường Đại Học Điện Lực,7510403,Công nghệ kỹ thuật năng lượng,A00,2025,18.5,,THPT
DDL,Trường Đại Học Điện Lực,7510403,Công nghệ kỹ thuật năng lượng,A01,2025,18.5,,THPT
DDL,Đại học Điện lực,7510403,Công nghệ kỹ thuật năng lượng,A01,2025,18.5,,THPT
DDL,Trường Đại Học Điện Lực,7510403,Công nghệ kỹ thuật năng lượng,A01,2025,18.5,,THPT
DDL,Trường Đại Học Điện Lực,7510403,Công nghệ kỹ thuật năng lượng,D01,2025,18.5,,THPT
DDL,Trường Đại Học Điện Lực,7510403,Công nghệ kỹ thuật năng lượng,D01,2025,18.5,,THPT
DDL,Đại học Điện lực,7510403,Công nghệ kỹ thuật năng lượng,D01,2025,18.5,,THPT
DDL,Trường Đại Học Điện Lực,7510403,Công nghệ kỹ thuật năng lượng,D07,2025,18.5,,THPT
DDL,Trường Đại Học Điện Lực,7510403,Công nghệ kỹ thuật năng lượng,D07,2025,18.5,,THPT
DDL,Đại học Điện lực,7510403,Công nghệ kỹ thuật năng lượng,D07,2025,18.5,,THPT
DDL,Đại học Điện lực,7510406,Công nghệ kỹ thuật Môi trường,A00,2025,18.17,,THPT
DDL,Trường Đại Học Điện Lực,7510406,Công nghệ kỹ thuật môi trường,A00,2025,18.17,,THPT
DDL,Trường Đại Học Điện Lực,7510406,Công nghệ kỹ thuật môi trường,A01,2025,18.17,,THPT
DDL,Đại học Điện lực,7510406,Công nghệ kỹ thuật Môi trường,A01,2025,18.17,,THPT
DDL,Trường Đại Học Điện Lực,7510406,Công nghệ kỹ thuật môi trường,A01,2025,18.17,,THPT
DDL,Trường Đại Học Điện Lực,7510406,Công nghệ kỹ thuật môi trường,D01,2025,18.17,,THPT
DDL,Trường Đại Học Điện Lực,7510406,Công nghệ kỹ thuật môi trường,D01,2025,18.17,,THPT
DDL,Đại học Điện lực,7510406,Công nghệ kỹ thuật Môi trường,D01,2025,18.17,,THPT
DDL,Trường Đại Học Điện Lực,7510406,Công nghệ kỹ thuật môi trường,D07,2025,18.17,,THPT
DDL,Trường Đại Học Điện Lực,7510406,Công nghệ kỹ thuật môi trường,D07,2025,18.17,,THPT
DDL,Đại học Điện lực,7510406,Công nghệ kỹ thuật Môi trường,D07,2025,18.17,,THPT
DDL,Đại học Điện lực,7510407,Công nghệ kỹ thuật hạt nhân,A00,2025,16.5,,THPT
DDL,Trường Đại Học Điện Lực,7510407,Công nghệ kỹ thuật hạt nhân,A00,2025,16.5,,THPT
DDL,Trường Đại Học Điện Lực,7510407,Công nghệ kỹ thuật hạt nhân,A01,2025,16.5,,THPT
DDL,Đại học Điện lực,7510407,Công nghệ kỹ thuật hạt nhân,A01,2025,16.5,,THPT
DDL,Trường Đại Học Điện Lực,7510407,Công nghệ kỹ thuật hạt nhân,A01,2025,16.5,,THPT
DDL,Trường Đại Học Điện Lực,7510407,Công nghệ kỹ thuật hạt nhân,D01,2025,16.5,,THPT
DDL,Trường Đại Học Điện Lực,7510407,Công nghệ kỹ thuật hạt nhân,D01,2025,16.5,,THPT
DDL,Đại học Điện lực,7510407,Công nghệ kỹ thuật hạt nhân,D01,2025,16.5,,THPT
DDL,Trường Đại Học Điện Lực,7510407,Công nghệ kỹ thuật hạt nhân,D07,2025,16.5,,THPT
DDL,Trường Đại Học Điện Lực,7510407,Công nghệ kỹ thuật hạt nhân,D07,2025,16.5,,THPT
DDL,Đại học Điện lực,7510407,Công nghệ kỹ thuật hạt nhân,D07,2025,16.5,,THPT
DDL,Đại học Điện lực,7510601,Quản lý công nghiệp,A00,2025,19.17,,THPT
DDL,Trường Đại Học Điện Lực,7510601,Quản lý công nghiệp,A00,2025,19.17,,THPT
DDL,Trường Đại Học Điện Lực,7510601,Quản lý công nghiệp,A01,2025,19.17,,THPT
DDL,Đại học Điện lực,7510601,Quản lý công nghiệp,A01,2025,19.17,,THPT
DDL,Trường Đại Học Điện Lực,7510601,Quản lý công nghiệp,A01,2025,19.17,,THPT
DDL,Trường Đại Học Điện Lực,7510601,Quản lý công nghiệp,D01,2025,19.17,,THPT
DDL,Trường Đại Học Điện Lực,7510601,Quản lý công nghiệp,D01,2025,19.17,,THPT
DDL,Đại học Điện lực,7510601,Quản lý công nghiệp,D01,2025,19.17,,THPT
DDL,Trường Đại Học Điện Lực,7510601,Quản lý công nghiệp,D07,2025,19.17,,THPT
DDL,Trường Đại Học Điện Lực,7510601,Quản lý công nghiệp,D07,2025,19.17,,THPT
DDL,Đại học Điện lực,7510601,Quản lý công nghiệp,D07,2025,19.17,,THPT
DDL,Đại học Điện lực,7510602,Quản lý năng lượng,A00,2025,18.17,,THPT
DDL,Trường Đại Học Điện Lực,7510602,Quản lý năng lượng,A00,2025,18.17,,THPT
DDL,Trường Đại Học Điện Lực,7510602,Quản lý năng lượng,A01,2025,18.17,,THPT
DDL,Đại học Điện lực,7510602,Quản lý năng lượng,A01,2025,18.17,,THPT
DDL,Trường Đại Học Điện Lực,7510602,Quản lý năng lượng,A01,2025,18.17,,THPT
DDL,Trường Đại Học Điện Lực,7510602,Quản lý năng lượng,D01,2025,18.17,,THPT
DDL,Trường Đại Học Điện Lực,7510602,Quản lý năng lượng,D01,2025,18.17,,THPT
DDL,Đại học Điện lực,7510602,Quản lý năng lượng,D01,2025,18.17,,THPT
DDL,Trường Đại Học Điện Lực,7510602,Quản lý năng lượng,D07,2025,18.17,,THPT
DDL,Trường Đại Học Điện Lực,7510602,Quản lý năng lượng,D07,2025,18.17,,THPT
DDL,Đại học Điện lực,7510602,Quản lý năng lượng,D07,2025,18.17,,THPT
DDL,Đại học Điện lực,7510605,Logistics và Quản lý chuỗi cung ứng,A00,2025,22.92,,THPT
DDL,Trường Đại Học Điện Lực,7510605,Logistics và Quản lý chuỗi cung ứng,A00,2025,22.92,,THPT
DDL,Trường Đại Học Điện Lực,7510605,Logistics và Quản lý chuỗi cung ứng,A01,2025,22.92,,THPT
DDL,Đại học Điện lực,7510605,Logistics và Quản lý chuỗi cung ứng,A01,2025,22.92,,THPT
DDL,Trường Đại Học Điện Lực,7510605,Logistics và Quản lý chuỗi cung ứng,A01,2025,22.92,,THPT
DDL,Trường Đại Học Điện Lực,7510605,Logistics và Quản lý chuỗi cung ứng,D01,2025,22.92,,THPT
DDL,Trường Đại Học Điện Lực,7510605,Logistics và Quản lý chuỗi cung ứng,D01,2025,22.92,,THPT
DDL,Đại học Điện lực,7510605,Logistics và Quản lý chuỗi cung ứng,D01,2025,22.92,,THPT
DDL,Trường Đại Học Điện Lực,7510605,Logistics và Quản lý chuỗi cung ứng,D07,2025,22.92,,THPT
DDL,Trường Đại Học Điện Lực,7510605,Logistics và Quản lý chuỗi cung ứng,D07,2025,22.92,,THPT
DDL,Đại học Điện lực,7510605,Logistics và Quản lý chuỗi cung ứng,D07,2025,22.92,,THPT
DDL,Đại học Điện lực,7520107,Kỹ thuật Robot,A00,2025,18.17,,THPT
DDL,Trường Đại Học Điện Lực,7520107,Kỹ thuật Robot,A00,2025,18.17,,THPT
DDL,Trường Đại Học Điện Lực,7520107,Kỹ thuật Robot,A01,2025,18.17,,THPT
DDL,Đại học Điện lực,7520107,Kỹ thuật Robot,A01,2025,18.17,,THPT
DDL,Trường Đại Học Điện Lực,7520107,Kỹ thuật Robot,A01,2025,18.17,,THPT
DDL,Trường Đại Học Điện Lực,7520107,Kỹ thuật Robot,D01,2025,18.17,,THPT
DDL,Trường Đại Học Điện Lực,7520107,Kỹ thuật Robot,D01,2025,18.17,,THPT
DDL,Đại học Điện lực,7520107,Kỹ thuật Robot,D01,2025,18.17,,THPT
DDL,Trường Đại Học Điện Lực,7520107,Kỹ thuật Robot,D07,2025,18.17,,THPT
DDL,Trường Đại Học Điện Lực,7520107,Kỹ thuật Robot,D07,2025,18.17,,THPT
DDL,Đại học Điện lực,7520107,Kỹ thuật Robot,D07,2025,18.17,,THPT
DDL,Đại học Điện lực,7520115,"Kỹ thuật nhiệt (3 chuyên ngành: Kỹ thuật điện lạnh; Máy lạnh, điều hòa không khí và thông gió; Máy lạnh và thiết bị thực phẩm)",A00,2025,19.97,,THPT
DDL,Trường Đại Học Điện Lực,7520115,Kỹ thuật nhiệt,A00,2025,19.97,,THPT
DDL,Trường Đại Học Điện Lực,7520115,Kỹ thuật nhiệt,A01,2025,19.97,,THPT
DDL,Đại học Điện lực,7520115,"Kỹ thuật nhiệt (3 chuyên ngành: Kỹ thuật điện lạnh; Máy lạnh, điều hòa không khí và thông gió; Máy lạnh và thiết bị thực phẩm)",A01,2025,19.97,,THPT
DDL,Trường Đại Học Điện Lực,7520115,Kỹ thuật nhiệt,A01,2025,19.97,,THPT
DDL,Trường Đại Học Điện Lực,7520115,Kỹ thuật nhiệt,D01,2025,19.97,,THPT
DDL,Trường Đại Học Điện Lực,7520115,Kỹ thuật nhiệt,D01,2025,19.97,,THPT
DDL,Đại học Điện lực,7520115,"Kỹ thuật nhiệt (3 chuyên ngành: Kỹ thuật điện lạnh; Máy lạnh, điều hòa không khí và thông gió; Máy lạnh và thiết bị thực phẩm)",D01,2025,19.97,,THPT
DDL,Trường Đại Học Điện Lực,7520115,Kỹ thuật nhiệt,D07,2025,19.97,,THPT
DDL,Trường Đại Học Điện Lực,7520115,Kỹ thuật nhiệt,D07,2025,19.97,,THPT
DDL,Đại học Điện lực,7520115,"Kỹ thuật nhiệt (3 chuyên ngành: Kỹ thuật điện lạnh; Máy lạnh, điều hòa không khí và thông gió; Máy lạnh và thiết bị thực phẩm)",D07,2025,19.97,,THPT
DDL,Đại học Điện lực,7810103,Quản trị dịch vụ du lịch và lữ hành,A00,2025,19.83,,THPT
DDL,Trường Đại Học Điện Lực,7810103,Quản trị dịch vụ Du lịch và Lữ hành,A00,2025,19.83,,THPT
DDL,Trường Đại Học Điện Lực,7810103,Quản trị dịch vụ Du lịch và Lữ hành,A01,2025,19.83,,THPT
DDL,Đại học Điện lực,7810103,Quản trị dịch vụ du lịch và lữ hành,A01,2025,19.83,,THPT
DDL,Trường Đại Học Điện Lực,7810103,Quản trị dịch vụ Du lịch và Lữ hành,A01,2025,19.83,,THPT
DDL,Trường Đại Học Điện Lực,7810103,Quản trị dịch vụ Du lịch và Lữ hành,D01,2025,19.83,,THPT
DDL,Trường Đại Học Điện Lực,7810103,Quản trị dịch vụ Du lịch và Lữ hành,D01,2025,19.83,,THPT
DDL,Đại học Điện lực,7810103,Quản trị dịch vụ du lịch và lữ hành,D01,2025,19.83,,THPT
DDL,Trường Đại Học Điện Lực,7810103,Quản trị dịch vụ Du lịch và Lữ hành,D07,2025,19.83,,THPT
DDL,Trường Đại Học Điện Lực,7810103,Quản trị dịch vụ Du lịch và Lữ hành,D07,2025,19.83,,THPT
DDL,Đại học Điện lực,7810103,Quản trị dịch vụ du lịch và lữ hành,D07,2025,19.83,,THPT
DDL,Đại học Điện lực,7810201,Quản trị khách sạn,A00,2025,19.83,,THPT
DDL,Trường Đại Học Điện Lực,7810201,Quản trị khách sạn,A00,2025,19.83,,THPT
DDL,Trường Đại Học Điện Lực,7810201,Quản trị khách sạn,A01,2025,19.83,,THPT
DDL,Đại học Điện lực,7810201,Quản trị khách sạn,A01,2025,19.83,,THPT
DDL,Trường Đại Học Điện Lực,7810201,Quản trị khách sạn,A01,2025,19.83,,THPT
DDL,Trường Đại Học Điện Lực,7810201,Quản trị khách sạn,D01,2025,19.83,,THPT
DDL,Trường Đại Học Điện Lực,7810201,Quản trị khách sạn,D01,2025,19.83,,THPT
DDL,Đại học Điện lực,7810201,Quản trị khách sạn,D01,2025,19.83,,THPT
DDL,Trường Đại Học Điện Lực,7810201,Quản trị khách sạn,D07,2025,19.83,,THPT
DDL,Trường Đại Học Điện Lực,7810201,Quản trị khách sạn,D07,2025,19.83,,THPT
DDL,Đại học Điện lực,7810201,Quản trị khách sạn,D07,2025,19.83,,THPT
DDM,Trường Đại Học Công Nghiệp Quảng Ninh,7340101,Quản trị kinh doanh,A00,2025,15.0,,THPT
DDM,Trường Đại Học Công Nghiệp Quảng Ninh,7340101,Quản trị kinh doanh,A01,2025,15.0,,THPT
DDM,Trường Đại Học Công Nghiệp Quảng Ninh,7340101,Quản trị kinh doanh,D01,2025,15.0,,THPT
DDM,Trường Đại Học Công Nghiệp Quảng Ninh,7340201,Tài chính ngân hàng,A00,2025,16.0,,THPT
DDM,Trường Đại Học Công Nghiệp Quảng Ninh,7340201,Tài chính ngân hàng,A01,2025,16.0,,THPT
DDM,Trường Đại Học Công Nghiệp Quảng Ninh,7340201,Tài chính ngân hàng,D01,2025,16.0,,THPT
DDM,Trường Đại Học Công Nghiệp Quảng Ninh,7340301,Kế toán,A00,2025,15.0,,THPT
DDM,Trường Đại Học Công Nghiệp Quảng Ninh,7340301,Kế toán,A01,2025,15.0,,THPT
DDM,Trường Đại Học Công Nghiệp Quảng Ninh,7340301,Kế toán,D01,2025,15.0,,THPT
DDM,Trường Đại Học Công Nghiệp Quảng Ninh,7480201,Công nghệ thông tin,A00,2025,15.2,,THPT
DDM,Trường Đại Học Công Nghiệp Quảng Ninh,7480201,Công nghệ thông tin,A01,2025,15.2,,THPT
DDM,Trường Đại Học Công Nghiệp Quảng Ninh,7480201,Công nghệ thông tin,D01,2025,15.2,,THPT
DDM,Trường Đại Học Công Nghiệp Quảng Ninh,7510102,Công nghệ kỹ thuật công trình xây dựng,A00,2025,18.0,,THPT
DDM,Trường Đại Học Công Nghiệp Quảng Ninh,7510102,Công nghệ kỹ thuật công trình xây dựng,A01,2025,18.0,,THPT
DDM,Trường Đại Học Công Nghiệp Quảng Ninh,7510102,Công nghệ kỹ thuật công trình xây dựng,D01,2025,18.0,,THPT
DDM,Trường Đại Học Công Nghiệp Quảng Ninh,7510201,Công nghệ kỹ thuật Cơ khí,A00,2025,15.0,,THPT
DDM,Trường Đại Học Công Nghiệp Quảng Ninh,7510201,Công nghệ kỹ thuật Cơ khí,A01,2025,15.0,,THPT
DDM,Trường Đại Học Công Nghiệp Quảng Ninh,7510201,Công nghệ kỹ thuật Cơ khí,D01,2025,15.0,,THPT
DDM,Trường Đại Học Công Nghiệp Quảng Ninh,7510205,Công nghệ kỹ thuật ô tô,A00,2025,15.0,,THPT
DDM,Trường Đại Học Công Nghiệp Quảng Ninh,7510205,Công nghệ kỹ thuật ô tô,A01,2025,15.0,,THPT
DDM,Trường Đại Học Công Nghiệp Quảng Ninh,7510205,Công nghệ kỹ thuật ô tô,D01,2025,15.0,,THPT
DDM,Trường Đại Học Công Nghiệp Quảng Ninh,7510301,"Công nghệ kỹ thuật điện, điện tử",A00,2025,15.0,,THPT
DDM,Trường Đại Học Công Nghiệp Quảng Ninh,7510301,"Công nghệ kỹ thuật điện, điện tử",A01,2025,15.0,,THPT
DDM,Trường Đại Học Công Nghiệp Quảng Ninh,7510301,"Công nghệ kỹ thuật điện, điện tử",D01,2025,15.0,,THPT
DDM,Trường Đại Học Công Nghiệp Quảng Ninh,7510303,Công nghệ kỹ thuật điêu khiển và tự động hoá,A00,2025,15.0,,THPT
DDM,Trường Đại Học Công Nghiệp Quảng Ninh,7510303,Công nghệ kỹ thuật điêu khiển và tự động hoá,A01,2025,15.0,,THPT
DDM,Trường Đại Học Công Nghiệp Quảng Ninh,7510303,Công nghệ kỹ thuật điêu khiển và tự động hoá,D01,2025,15.0,,THPT
DDM,Trường Đại Học Công Nghiệp Quảng Ninh,7520601,Kỹ thuật mỏ,A00,2025,15.0,,THPT
DDM,Trường Đại Học Công Nghiệp Quảng Ninh,7520601,Kỹ thuật mỏ,A01,2025,15.0,,THPT
DDM,Trường Đại Học Công Nghiệp Quảng Ninh,7520601,Kỹ thuật mỏ,D01,2025,15.0,,THPT
DDM,Trường Đại Học Công Nghiệp Quảng Ninh,7520607,Kỹ thuật tuyên khoáng,A00,2025,15.5,,THPT
DDM,Trường Đại Học Công Nghiệp Quảng Ninh,7520607,Kỹ thuật tuyên khoáng,A01,2025,15.5,,THPT
DDM,Trường Đại Học Công Nghiệp Quảng Ninh,7520607,Kỹ thuật tuyên khoáng,D01,2025,15.5,,THPT
DDN,Trường Đại Học Đại Nam,7210403,Thiết kế đồ hoạ,D01,2025,15.0,,THPT
DDN,Đại học Đại Nam,7210403,Thiết kế đồ họa,D01,2025,15.0,,THPT
DDN,Đại học Đại Nam,7220201,Ngôn ngữ Anh,C00,2025,15.0,,THPT
DDN,Trường Đại Học Đại Nam,7220201,Ngôn ngữ Anh,C00,2025,15.0,,THPT
DDN,Trường Đại Học Đại Nam,7220201,Ngôn ngữ Anh,D01,2025,15.0,,THPT
DDN,Đại học Đại Nam,7220201,Ngôn ngữ Anh,D01,2025,15.0,,THPT
DDN,Đại học Đại Nam,7220204,Ngôn ngữ Trung Quốc,C00,2025,15.0,,THPT
DDN,Trường Đại Học Đại Nam,7220204,Ngôn ngữ Trung Quốc,C00,2025,15.0,,THPT
DDN,Trường Đại Học Đại Nam,7220204,Ngôn ngữ Trung Quốc,D01,2025,15.0,,THPT
DDN,Đại học Đại Nam,7220204,Ngôn ngữ Trung Quốc,D01,2025,15.0,,THPT
DDN,Đại học Đại Nam,7220209,Ngôn ngữ Nhật,C00,2025,15.0,,THPT
DDN,Trường Đại Học Đại Nam,7220209,Ngôn ngữ Nhật,C00,2025,15.0,,THPT
DDN,Trường Đại Học Đại Nam,7220209,Ngôn ngữ Nhật,D01,2025,15.0,,THPT
DDN,Đại học Đại Nam,7220209,Ngôn ngữ Nhật,D01,2025,15.0,,THPT
DDN,Đại học Đại Nam,7220210,Ngôn ngữ Hàn Quốc,C00,2025,15.0,,THPT
DDN,Trường Đại Học Đại Nam,7220210,Ngôn ngữ Hàn Quốc,C00,2025,15.0,,THPT
DDN,Trường Đại Học Đại Nam,7220210,Ngôn ngữ Hàn Quốc,D01,2025,15.0,,THPT
DDN,Đại học Đại Nam,7220210,Ngôn ngữ Hàn Quốc,D01,2025,15.0,,THPT
DDN,Đại học Đại Nam,7310101,Kinh tế,A00,2025,15.0,,THPT
DDN,Trường Đại Học Đại Nam,7310101,Kinh tế,A00,2025,15.0,,THPT
DDN,Trường Đại Học Đại Nam,7310101,Kinh tế,A01,2025,15.0,,THPT
DDN,Đại học Đại Nam,7310101,Kinh tế,A01,2025,15.0,,THPT
DDN,Trường Đại Học Đại Nam,7310101,Kinh tế,D01,2025,15.0,,THPT
DDN,Đại học Đại Nam,7310101,Kinh tế,D01,2025,15.0,,THPT
DDN,Đại học Đại Nam,7310101,Kinh tế,D07,2025,15.0,,THPT
DDN,Đại học Đại Nam,7310109,Kinh tế số,A00,2025,15.0,,THPT
DDN,Trường Đại Học Đại Nam,7310109,Kinh tế số,A00,2025,15.0,,THPT
DDN,Trường Đại Học Đại Nam,7310109,Kinh tế số,A01,2025,15.0,,THPT
DDN,Đại học Đại Nam,7310109,Kinh tế số,A01,2025,15.0,,THPT
DDN,Trường Đại Học Đại Nam,7310109,Kinh tế số,D01,2025,15.0,,THPT
DDN,Đại học Đại Nam,7310109,Kinh tế số,D01,2025,15.0,,THPT
DDN,Đại học Đại Nam,7310109,Kinh tế số,D07,2025,15.0,,THPT
DDN,Trường Đại Học Đại Nam,7310401,Tâm lý học,C00,2025,15.0,,THPT
DDN,Đại học Đại Nam,7310401,Tâm lý học,C00,2025,15.0,,THPT
DDN,Trường Đại Học Đại Nam,7310401,Tâm lý học,D01,2025,15.0,,THPT
DDN,Đại học Đại Nam,7310401,Tâm lý học,D01,2025,15.0,,THPT
DDN,Đại học Đại Nam,7320104,Truyền thông đa phương tiện,C00,2025,15.0,,THPT
DDN,Trường Đại Học Đại Nam,7320104,Truyền thông đa phương tiện,C00,2025,15.0,,THPT
DDN,Trường Đại Học Đại Nam,7320104,Truyền thông đa phương tiện,D01,2025,15.0,,THPT
DDN,Đại học Đại Nam,7320104,Truyền thông đa phương tiện,D01,2025,15.0,,THPT
DDN,Đại học Đại Nam,7320108,Quan hệ công chúng,C00,2025,15.0,,THPT
DDN,Trường Đại Học Đại Nam,7320108,Quan hệ công chúng,C00,2025,15.0,,THPT
DDN,Trường Đại Học Đại Nam,7320108,Quan hệ công chúng,D01,2025,15.0,,THPT
DDN,Đại học Đại Nam,7320108,Quan hệ công chúng,D01,2025,15.0,,THPT
DDN,Đại học Đại Nam,7340101,Quản trị Kinh doanh,A00,2025,15.0,,THPT
DDN,Trường Đại Học Đại Nam,7340101,Quản trị kinh doanh,A00,2025,15.0,,THPT
DDN,Trường Đại Học Đại Nam,7340101,Quản trị kinh doanh,A01,2025,15.0,,THPT
DDN,Đại học Đại Nam,7340101,Quản trị Kinh doanh,A01,2025,15.0,,THPT
DDN,Trường Đại Học Đại Nam,7340101,Quản trị kinh doanh,D01,2025,15.0,,THPT
DDN,Đại học Đại Nam,7340101,Quản trị Kinh doanh,D01,2025,15.0,,THPT
DDN,Trường Đại Học Đại Nam,7340101,Quản trị kinh doanh,D07,2025,15.0,,THPT
DDN,Đại học Đại Nam,7340101,Quản trị Kinh doanh,D07,2025,15.0,,THPT
DDN,Trường Đại Học Đại Nam,7340101 LKDTNN-02,Quản trị kinh doanh (Liên kết Đài Loan),A00,2025,15.0,,THPT
DDN,Trường Đại Học Đại Nam,7340101 LKDTNN-02,Quản trị kinh doanh (Liên kết Đài Loan),A01,2025,15.0,,THPT
DDN,Trường Đại Học Đại Nam,7340101 LKDTNN-02,Quản trị kinh doanh (Liên kết Đài Loan),D01,2025,15.0,,THPT
DDN,Trường Đại Học Đại Nam,7340101 LKDTNN-02,Quản trị kinh doanh (Liên kết Đài Loan),D07,2025,15.0,,THPT
DDN,Đại học Đại Nam,7340115,Marketing,A00,2025,15.0,,THPT
DDN,Trường Đại Học Đại Nam,7340115,Marketing,A00,2025,15.0,,THPT
DDN,Trường Đại Học Đại Nam,7340115,Marketing,A01,2025,15.0,,THPT
DDN,Đại học Đại Nam,7340115,Marketing,A01,2025,15.0,,THPT
DDN,Trường Đại Học Đại Nam,7340115,Marketing,D01,2025,15.0,,THPT
DDN,Đại học Đại Nam,7340115,Marketing,D01,2025,15.0,,THPT
DDN,Trường Đại Học Đại Nam,7340115,Marketing,D07,2025,15.0,,THPT
DDN,Đại học Đại Nam,7340115,Marketing,D07,2025,15.0,,THPT
DDN,Đại học Đại Nam,7340120,Ngành Kinh doanh quốc tế,A00,2025,15.0,,THPT
DDN,Trường Đại Học Đại Nam,7340120,Kinh doanh quốc tế,A00,2025,15.0,,THPT
DDN,Trường Đại Học Đại Nam,7340120,Kinh doanh quốc tế,A01,2025,15.0,,THPT
DDN,Đại học Đại Nam,7340120,Ngành Kinh doanh quốc tế,A01,2025,15.0,,THPT
DDN,Trường Đại Học Đại Nam,7340120,Kinh doanh quốc tế,D01,2025,15.0,,THPT
DDN,Đại học Đại Nam,7340120,Ngành Kinh doanh quốc tế,D01,2025,15.0,,THPT
DDN,Trường Đại Học Đại Nam,7340120,Kinh doanh quốc tế,D07,2025,15.0,,THPT
DDN,Đại học Đại Nam,7340120,Ngành Kinh doanh quốc tế,D07,2025,15.0,,THPT
DDN,Đại học Đại Nam,7340122,Thương mại điện tử,A00,2025,15.0,,THPT
DDN,Trường Đại Học Đại Nam,7340122,Thương mại điện tử,A00,2025,15.0,,THPT
DDN,Trường Đại Học Đại Nam,7340122,Thương mại điện tử,A01,2025,15.0,,THPT
DDN,Đại học Đại Nam,7340122,Thương mại điện tử,A01,2025,15.0,,THPT
DDN,Trường Đại Học Đại Nam,7340122,Thương mại điện tử,D01,2025,15.0,,THPT
DDN,Đại học Đại Nam,7340122,Thương mại điện tử,D01,2025,15.0,,THPT
DDN,Đại học Đại Nam,7340122,Thương mại điện tử,D07,2025,15.0,,THPT
DDN,Đại học Đại Nam,7340201,Tài chính – Ngân hàng,A00,2025,15.0,,THPT
DDN,Trường Đại Học Đại Nam,7340201,Tài chính - Ngân hàng,A00,2025,15.0,,THPT
DDN,Trường Đại Học Đại Nam,7340201,Tài chính - Ngân hàng,A01,2025,15.0,,THPT
DDN,Đại học Đại Nam,7340201,Tài chính – Ngân hàng,A01,2025,15.0,,THPT
DDN,Trường Đại Học Đại Nam,7340201,Tài chính - Ngân hàng,D01,2025,15.0,,THPT
DDN,Đại học Đại Nam,7340201,Tài chính – Ngân hàng,D01,2025,15.0,,THPT
DDN,Đại học Đại Nam,7340201,Tài chính – Ngân hàng,D07,2025,15.0,,THPT
DDN,Đại học Đại Nam,7340205,Công nghệ tài chính,A00,2025,15.0,,THPT
DDN,Trường Đại Học Đại Nam,7340205,Công nghệ tài chính (Fintech),A00,2025,15.0,,THPT
DDN,Trường Đại Học Đại Nam,7340205,Công nghệ tài chính (Fintech),A01,2025,15.0,,THPT
DDN,Đại học Đại Nam,7340205,Công nghệ tài chính,A01,2025,15.0,,THPT
DDN,Trường Đại Học Đại Nam,7340205,Công nghệ tài chính (Fintech),D01,2025,15.0,,THPT
DDN,Đại học Đại Nam,7340205,Công nghệ tài chính,D01,2025,15.0,,THPT
DDN,Đại học Đại Nam,7340205,Công nghệ tài chính,D07,2025,15.0,,THPT
DDN,Đại học Đại Nam,7340301,Kế toán,A00,2025,15.0,,THPT
DDN,Trường Đại Học Đại Nam,7340301,Kế toán,A00,2025,15.0,,THPT
DDN,Trường Đại Học Đại Nam,7340301,Kế toán,A01,2025,15.0,,THPT
DDN,Đại học Đại Nam,7340301,Kế toán,A01,2025,15.0,,THPT
DDN,Trường Đại Học Đại Nam,7340301,Kế toán,D01,2025,15.0,,THPT
DDN,Đại học Đại Nam,7340301,Kế toán,D01,2025,15.0,,THPT
DDN,Đại học Đại Nam,7340404,Quản trị nhân lực,A00,2025,15.0,,THPT
DDN,Trường Đại Học Đại Nam,7340404,Quản trị nhân lực,A00,2025,15.0,,THPT
DDN,Trường Đại Học Đại Nam,7340404,Quản trị nhân lực,A01,2025,15.0,,THPT
DDN,Đại học Đại Nam,7340404,Quản trị nhân lực,A01,2025,15.0,,THPT
DDN,Trường Đại Học Đại Nam,7340404,Quản trị nhân lực,D01,2025,15.0,,THPT
DDN,Đại học Đại Nam,7340404,Quản trị nhân lực,D01,2025,15.0,,THPT
DDN,Trường Đại Học Đại Nam,7340404,Quản trị nhân lực,D07,2025,15.0,,THPT
DDN,Đại học Đại Nam,7340404,Quản trị nhân lực,D07,2025,15.0,,THPT
DDN,Đại học Đại Nam,7380101,Ngành Luật,C00,2025,15.0,,THPT
DDN,Trường Đại Học Đại Nam,7380101,Luật,C00,2025,15.0,,THPT
DDN,Trường Đại Học Đại Nam,7380101,Luật,D01,2025,15.0,,THPT
DDN,Đại học Đại Nam,7380101,Ngành Luật,D01,2025,15.0,,THPT
DDN,Đại học Đại Nam,7380107,Luật kinh tế,C00,2025,15.0,,THPT
DDN,Trường Đại Học Đại Nam,7380107,Luật kinh tế,C00,2025,15.0,,THPT
DDN,Trường Đại Học Đại Nam,7380107,Luật kinh tế,D01,2025,15.0,,THPT
DDN,Đại học Đại Nam,7380107,Luật kinh tế,D01,2025,15.0,,THPT
DDN,Đại học Đại Nam,7480101,Khoa học máy tính,A00,2025,15.0,,THPT
DDN,Trường Đại Học Đại Nam,7480101,Khoa học máy tính,A00,2025,15.0,,THPT
DDN,Trường Đại Học Đại Nam,7480101,Khoa học máy tính,A01,2025,15.0,,THPT
DDN,Đại học Đại Nam,7480101,Khoa học máy tính,A01,2025,15.0,,THPT
DDN,Trường Đại Học Đại Nam,7480101,Khoa học máy tính,D01,2025,15.0,,THPT
DDN,Đại học Đại Nam,7480101,Khoa học máy tính,D01,2025,15.0,,THPT
DDN,Trường Đại Học Đại Nam,7480101,Khoa học máy tính,D07,2025,15.0,,THPT
DDN,Đại học Đại Nam,7480101,Khoa học máy tính,D07,2025,15.0,,THPT
DDN,Đại học Đại Nam,7480104,Hệ thống thông tin,A00,2025,15.0,,THPT
DDN,Trường Đại Học Đại Nam,7480104,Hệ thống thông tin,A00,2025,15.0,,THPT
DDN,Trường Đại Học Đại Nam,7480104,Hệ thống thông tin,A01,2025,15.0,,THPT
DDN,Đại học Đại Nam,7480104,Hệ thống thông tin,A01,2025,15.0,,THPT
DDN,Trường Đại Học Đại Nam,7480104,Hệ thống thông tin,D01,2025,15.0,,THPT
DDN,Đại học Đại Nam,7480104,Hệ thống thông tin,D01,2025,15.0,,THPT
DDN,Trường Đại Học Đại Nam,7480104,Hệ thống thông tin,D07,2025,15.0,,THPT
DDN,Đại học Đại Nam,7480104,Hệ thống thông tin,D07,2025,15.0,,THPT
DDN,Đại học Đại Nam,7480201,Công nghệ thông tin,A00,2025,15.0,,THPT
DDN,Trường Đại Học Đại Nam,7480201,Công nghệ thông tin,A00,2025,15.0,,THPT
DDN,Trường Đại Học Đại Nam,7480201,Công nghệ thông tin,A01,2025,15.0,,THPT
DDN,Đại học Đại Nam,7480201,Công nghệ thông tin,A01,2025,15.0,,THPT
DDN,Trường Đại Học Đại Nam,7480201,Công nghệ thông tin,D01,2025,15.0,,THPT
DDN,Đại học Đại Nam,7480201,Công nghệ thông tin,D01,2025,15.0,,THPT
DDN,Trường Đại Học Đại Nam,7480201,Công nghệ thông tin,D07,2025,15.0,,THPT
DDN,Đại học Đại Nam,7480201,Công nghệ thông tin,D07,2025,15.0,,THPT
DDN,Trường Đại Học Đại Nam,7480201 LKDTNN,Công nghệ thông tin (Liên kết Đài Loan),A00,2025,15.0,,THPT
DDN,Trường Đại Học Đại Nam,7480201 LKDTNN,Công nghệ thông tin (Liên kết Đài Loan),A01,2025,15.0,,THPT
DDN,Trường Đại Học Đại Nam,7480201 LKDTNN,Công nghệ thông tin (Liên kết Đài Loan),D01,2025,15.0,,THPT
DDN,Trường Đại Học Đại Nam,7480201 LKDTNN,Công nghệ thông tin (Liên kết Đài Loan),D07,2025,15.0,,THPT
DDN,Đại học Đại Nam,7510203,Công nghệ kỹ thuật cơ điện tử,A00,2025,15.0,,THPT
DDN,Trường Đại Học Đại Nam,7510203,Công nghệ kỹ thuật cơ điện tử,A00,2025,15.0,,THPT
DDN,Trường Đại Học Đại Nam,7510203,Công nghệ kỹ thuật cơ điện tử,A01,2025,15.0,,THPT
DDN,Đại học Đại Nam,7510203,Công nghệ kỹ thuật cơ điện tử,A01,2025,15.0,,THPT
DDN,Trường Đại Học Đại Nam,7510203,Công nghệ kỹ thuật cơ điện tử,D01,2025,15.0,,THPT
DDN,Đại học Đại Nam,7510203,Công nghệ kỹ thuật cơ điện tử,D01,2025,15.0,,THPT
DDN,Trường Đại Học Đại Nam,7510203,Công nghệ kỹ thuật cơ điện tử,D07,2025,15.0,,THPT
DDN,Đại học Đại Nam,7510203,Công nghệ kỹ thuật cơ điện tử,D07,2025,15.0,,THPT
DDN,Đại học Đại Nam,7510205,Công nghệ kỹ thuật ô tô,A00,2025,15.0,,THPT
DDN,Trường Đại Học Đại Nam,7510205,Công nghệ kỹ thuật ô tô,A00,2025,15.0,,THPT
DDN,Trường Đại Học Đại Nam,7510205,Công nghệ kỹ thuật ô tô,A01,2025,15.0,,THPT
DDN,Đại học Đại Nam,7510205,Công nghệ kỹ thuật ô tô,A01,2025,15.0,,THPT
DDN,Trường Đại Học Đại Nam,7510205,Công nghệ kỹ thuật ô tô,D01,2025,15.0,,THPT
DDN,Đại học Đại Nam,7510205,Công nghệ kỹ thuật ô tô,D01,2025,15.0,,THPT
DDN,Trường Đại Học Đại Nam,7510205,Công nghệ kỹ thuật ô tô,D07,2025,15.0,,THPT
DDN,Đại học Đại Nam,7510205,Công nghệ kỹ thuật ô tô,D07,2025,15.0,,THPT
DDN,Đại học Đại Nam,7510301,"Công nghệ kỹ thuật điện, điện tử",A00,2025,15.0,,THPT
DDN,Trường Đại Học Đại Nam,7510301,"Công nghệ kỹ thuật điện, điện tử",A00,2025,15.0,,THPT
DDN,Trường Đại Học Đại Nam,7510301,"Công nghệ kỹ thuật điện, điện tử",A01,2025,15.0,,THPT
DDN,Đại học Đại Nam,7510301,"Công nghệ kỹ thuật điện, điện tử",A01,2025,15.0,,THPT
DDN,Trường Đại Học Đại Nam,7510301,"Công nghệ kỹ thuật điện, điện tử",D01,2025,15.0,,THPT
DDN,Đại học Đại Nam,7510301,"Công nghệ kỹ thuật điện, điện tử",D01,2025,15.0,,THPT
DDN,Trường Đại Học Đại Nam,7510301,"Công nghệ kỹ thuật điện, điện tử",D07,2025,15.0,,THPT
DDN,Đại học Đại Nam,7510301,"Công nghệ kỹ thuật điện, điện tử",D07,2025,15.0,,THPT
DDN,Đại học Đại Nam,7510303,Công nghệ kỹ thuật điều khiển và tự động hóa,A00,2025,15.0,,THPT
DDN,Trường Đại Học Đại Nam,7510303,Công nghệ kỹ thuật điều khiển & tự động hóa,A00,2025,15.0,,THPT
DDN,Trường Đại Học Đại Nam,7510303,Công nghệ kỹ thuật điều khiển & tự động hóa,A01,2025,15.0,,THPT
DDN,Đại học Đại Nam,7510303,Công nghệ kỹ thuật điều khiển và tự động hóa,A01,2025,15.0,,THPT
DDN,Trường Đại Học Đại Nam,7510303,Công nghệ kỹ thuật điều khiển & tự động hóa,D01,2025,15.0,,THPT
DDN,Đại học Đại Nam,7510303,Công nghệ kỹ thuật điều khiển và tự động hóa,D01,2025,15.0,,THPT
DDN,Trường Đại Học Đại Nam,7510303,Công nghệ kỹ thuật điều khiển & tự động hóa,D07,2025,15.0,,THPT
DDN,Đại học Đại Nam,7510303,Công nghệ kỹ thuật điều khiển và tự động hóa,D07,2025,15.0,,THPT
DDN,Trường Đại Học Đại Nam,7510303 LKDTNN,Công nghệ bán dẫn (Liên kết Đài Loan),A00,2025,15.0,,THPT
DDN,Trường Đại Học Đại Nam,7510303 LKDTNN,Công nghệ bán dẫn (Liên kết Đài Loan),A01,2025,15.0,,THPT
DDN,Trường Đại Học Đại Nam,7510303 LKDTNN,Công nghệ bán dẫn (Liên kết Đài Loan),D01,2025,15.0,,THPT
DDN,Trường Đại Học Đại Nam,7510303 LKDTNN,Công nghệ bán dẫn (Liên kết Đài Loan),D07,2025,15.0,,THPT
DDN,Trường Đại Học Đại Nam,7510303 LKDTNN-02,Công nghệ bán dẫn (Liên kết Hàn Quốc),A00,2025,15.0,,THPT
DDN,Trường Đại Học Đại Nam,7510303 LKDTNN-02,Công nghệ bán dẫn (Liên kết Hàn Quốc),A01,2025,15.0,,THPT
DDN,Trường Đại Học Đại Nam,7510303 LKDTNN-02,Công nghệ bán dẫn (Liên kết Hàn Quốc),D01,2025,15.0,,THPT
DDN,Trường Đại Học Đại Nam,7510303 LKDTNN-02,Công nghệ bán dẫn (Liên kết Hàn Quốc),D07,2025,15.0,,THPT
DDN,Đại học Đại Nam,7510605,Logistics và Quản lý chuỗi cung ứng,A00,2025,15.0,,THPT
DDN,Trường Đại Học Đại Nam,7510605,Logistics và quản lý chuỗi cung ứng,A00,2025,15.0,,THPT
DDN,Trường Đại Học Đại Nam,7510605,Logistics và quản lý chuỗi cung ứng,A01,2025,15.0,,THPT
DDN,Đại học Đại Nam,7510605,Logistics và Quản lý chuỗi cung ứng,A01,2025,15.0,,THPT
DDN,Trường Đại Học Đại Nam,7510605,Logistics và quản lý chuỗi cung ứng,D01,2025,15.0,,THPT
DDN,Đại học Đại Nam,7510605,Logistics và Quản lý chuỗi cung ứng,D01,2025,15.0,,THPT
DDN,Trường Đại Học Đại Nam,7510605 LKDTNN,Logistics và Quản lý chuỗi cung ứng (Liên kết Đài Loan),A00,2025,15.0,,THPT
DDN,Trường Đại Học Đại Nam,7510605 LKDTNN,Logistics và Quản lý chuỗi cung ứng (Liên kết Đài Loan),A01,2025,15.0,,THPT
DDN,Trường Đại Học Đại Nam,7510605 LKDTNN,Logistics và Quản lý chuỗi cung ứng (Liên kết Đài Loan),D01,2025,15.0,,THPT
DDN,Đại học Đại Nam,7580101,Kiến trúc,A00,2025,15.0,,THPT
DDN,Trường Đại Học Đại Nam,7580101,Kiến trúc,A00,2025,15.0,,THPT
DDN,Trường Đại Học Đại Nam,7580101,Kiến trúc,A01,2025,15.0,,THPT
DDN,Đại học Đại Nam,7580101,Kiến trúc,A01,2025,15.0,,THPT
DDN,Trường Đại Học Đại Nam,7580101,Kiến trúc,D01,2025,15.0,,THPT
DDN,Đại học Đại Nam,7580101,Kiến trúc,D01,2025,15.0,,THPT
DDN,Trường Đại Học Đại Nam,7580101,Kiến trúc,D07,2025,15.0,,THPT
DDN,Đại học Đại Nam,7580201,Kỹ thuật xây dựng,A00,2025,15.0,,THPT
DDN,Trường Đại Học Đại Nam,7580201,Kỹ thuật xây dựng,A00,2025,15.0,,THPT
DDN,Trường Đại Học Đại Nam,7580201,Kỹ thuật xây dựng,A01,2025,15.0,,THPT
DDN,Đại học Đại Nam,7580201,Kỹ thuật xây dựng,A01,2025,15.0,,THPT
DDN,Trường Đại Học Đại Nam,7580201,Kỹ thuật xây dựng,D01,2025,15.0,,THPT
DDN,Đại học Đại Nam,7580201,Kỹ thuật xây dựng,D01,2025,15.0,,THPT
DDN,Trường Đại Học Đại Nam,7580201,Kỹ thuật xây dựng,D07,2025,15.0,,THPT
DDN,Đại học Đại Nam,7580301,Kinh tế xây dựng,A00,2025,15.0,,THPT
DDN,Trường Đại Học Đại Nam,7580301,Kinh tế xây dựng,A00,2025,15.0,,THPT
DDN,Trường Đại Học Đại Nam,7580301,Kinh tế xây dựng,A01,2025,15.0,,THPT
DDN,Đại học Đại Nam,7580301,Kinh tế xây dựng,A01,2025,15.0,,THPT
DDN,Trường Đại Học Đại Nam,7580301,Kinh tế xây dựng,D01,2025,15.0,,THPT
DDN,Đại học Đại Nam,7580301,Kinh tế xây dựng,D01,2025,15.0,,THPT
DDN,Trường Đại Học Đại Nam,7580301,Kinh tế xây dựng,D07,2025,15.0,,THPT
DDN,Đại học Đại Nam,7720101,Y khoa,A00,2025,20.5,,THPT
DDN,Trường Đại Học Đại Nam,7720101,Y khoa,A00,2025,20.5,,THPT
DDN,Trường Đại Học Đại Nam,7720101,Y khoa,B00,2025,20.5,,THPT
DDN,Đại học Đại Nam,7720101,Y khoa,B00,2025,20.5,,THPT
DDN,Trường Đại Học Đại Nam,7720101,Y khoa,D07,2025,20.5,,THPT
DDN,Đại học Đại Nam,7720101,Y khoa,D07,2025,20.5,,THPT
DDN,Đại học Đại Nam,7720201,Dược học,A00,2025,19.0,,THPT
DDN,Trường Đại Học Đại Nam,7720201,Dược học,A00,2025,19.0,,THPT
DDN,Trường Đại Học Đại Nam,7720201,Dược học,B00,2025,19.0,,THPT
DDN,Đại học Đại Nam,7720201,Dược học,B00,2025,19.0,,THPT
DDN,Trường Đại Học Đại Nam,7720201,Dược học,D07,2025,19.0,,THPT
DDN,Đại học Đại Nam,7720201,Dược học,D07,2025,19.0,,THPT
DDN,Đại học Đại Nam,7720301,Điều dưỡng,A00,2025,17.0,,THPT
DDN,Trường Đại Học Đại Nam,7720301,Điều dưỡng,A00,2025,17.0,,THPT
DDN,Trường Đại Học Đại Nam,7720301,Điều dưỡng,B00,2025,17.0,,THPT
DDN,Đại học Đại Nam,7720301,Điều dưỡng,B00,2025,17.0,,THPT
DDN,Trường Đại Học Đại Nam,7720301,Điều dưỡng,D07,2025,17.0,,THPT
DDN,Đại học Đại Nam,7720301,Điều dưỡng,D07,2025,17.0,,THPT
DDN,Đại học Đại Nam,7810103,Quản trị dịch vụ du lịch và lữ hành,C00,2025,15.0,,THPT
DDN,Trường Đại Học Đại Nam,7810103,Quản trị dịch vụ du lịch và lữ hành,C00,2025,15.0,,THPT
DDN,Trường Đại Học Đại Nam,7810103,Quản trị dịch vụ du lịch và lữ hành,D01,2025,15.0,,THPT
DDN,Đại học Đại Nam,7810103,Quản trị dịch vụ du lịch và lữ hành,D01,2025,15.0,,THPT
DDN,Trường Đại Học Đại Nam,7810103 LKDTNN,Quản trị dịch vụ du lịch và lữ hành (Liên kết Đài Loan),C00,2025,15.0,,THPT
DDN,Trường Đại Học Đại Nam,7810103 LKDTNN,Quản trị dịch vụ du lịch và lữ hành (Liên kết Đài Loan),D01,2025,15.0,,THPT
DDN,Đại học Đại Nam,7810201,Quản trị khách sạn,C00,2025,15.0,,THPT
DDN,Trường Đại Học Đại Nam,7810201,Quản trị khách sạn,C00,2025,15.0,,THPT
DDN,Trường Đại Học Đại Nam,7810201,Quản trị khách sạn,D01,2025,15.0,,THPT
DDN,Đại học Đại Nam,7810201,Quản trị khách sạn,D01,2025,15.0,,THPT
DDP,Phân Hiệu Đại Học Đà Nẵng tại Kon Tum,7140202,Giáo dục tiểu học,D01,2025,22.7,,THPT
DDP,Phân Hiệu Đại học Đà Nẵng tại Kon Tum,7140202,Giáo dục Tiểu học,D01,2025,22.7,,THPT
DDP,Phân Hiệu Đại học Đà Nẵng tại Kon Tum,7340101,Quản trị Kinh doanh,D01,2025,15.0,,THPT
DDP,Phân Hiệu Đại Học Đà Nẵng tại Kon Tum,7340101,Quản trị kinh doanh,D01,2025,15.0,,THPT
DDP,Phân Hiệu Đại Học Đà Nẵng tại Kon Tum,7340101,Quản trị kinh doanh,D01,2025,15.0,,THPT
DDP,Phân Hiệu Đại Học Đà Nẵng tại Kon Tum,7340122,Thương mại điện tử,C00,2025,15.0,,THPT
DDP,Phân Hiệu Đại học Đà Nẵng tại Kon Tum,7340122,Thương mại điện tử,D01,2025,15.0,,THPT
DDP,Phân Hiệu Đại Học Đà Nẵng tại Kon Tum,7340122,Thương mại điện tử,D01,2025,15.0,,THPT
DDP,Phân Hiệu Đại Học Đà Nẵng tại Kon Tum,7340122,Thương mại điện tử,D01,2025,15.0,,THPT
DDP,Phân Hiệu Đại Học Đà Nẵng tại Kon Tum,7340301,Kế toán,C00,2025,15.0,,THPT
DDP,Phân Hiệu Đại học Đà Nẵng tại Kon Tum,7340301,Kế toán,D01,2025,15.0,,THPT
DDP,Phân Hiệu Đại Học Đà Nẵng tại Kon Tum,7340301,Kế toán,D01,2025,15.0,,THPT
DDP,Phân Hiệu Đại Học Đà Nẵng tại Kon Tum,7340301,Kế toán,D01,2025,15.0,,THPT
DDP,Phân Hiệu Đại Học Đà Nẵng tại Kon Tum,7380107,Luật kinh tế,C00,2025,18.0,,THPT
DDP,Phân Hiệu Đại Học Đà Nẵng tại Kon Tum,7380107,Luật kinh tế,C00,2025,18.0,,THPT
DDP,Phân Hiệu Đại học Đà Nẵng tại Kon Tum,7380107,Luật kinh tế,C00,2025,18.0,,THPT
DDP,Phân Hiệu Đại học Đà Nẵng tại Kon Tum,7480201,Công nghệ thông tin,A00,2025,15.0,,THPT
DDP,Phân Hiệu Đại Học Đà Nẵng tại Kon Tum,7480201,Công nghệ thông tin,A00,2025,15.0,,THPT
DDP,Phân Hiệu Đại Học Đà Nẵng tại Kon Tum,7480201,Công nghệ thông tin,A00,2025,15.0,,THPT
DDP,Phân Hiệu Đại học Đà Nẵng tại Kon Tum,7480201,Công nghệ thông tin,A01,2025,15.0,,THPT
DDP,Phân Hiệu Đại Học Đà Nẵng tại Kon Tum,7480201,Công nghệ thông tin,A01,2025,15.0,,THPT
DDP,Phân Hiệu Đại Học Đà Nẵng tại Kon Tum,7480201,Công nghệ thông tin,A01,2025,15.0,,THPT
DDP,Phân Hiệu Đại Học Đà Nẵng tại Kon Tum,7480201,Công nghệ thông tin,D07,2025,15.0,,THPT
DDP,Phân Hiệu Đại Học Đà Nẵng tại Kon Tum,7480201,Công nghệ thông tin,D07,2025,15.0,,THPT
DDP,Phân Hiệu Đại học Đà Nẵng tại Kon Tum,7480201,Công nghệ thông tin,D07,2025,15.0,,THPT
DDP,Phân Hiệu Đại học Đà Nẵng tại Kon Tum,7580201,Kỹ thuật xây dựng,A00,2025,15.0,,THPT
DDP,Phân Hiệu Đại Học Đà Nẵng tại Kon Tum,7580201,Kỹ thuật xây dựng,A00,2025,15.0,,THPT
DDP,Phân Hiệu Đại Học Đà Nẵng tại Kon Tum,7580201,Kỹ thuật xây dựng,A00,2025,15.0,,THPT
DDP,Phân Hiệu Đại học Đà Nẵng tại Kon Tum,7580201,Kỹ thuật xây dựng,A01,2025,15.0,,THPT
DDP,Phân Hiệu Đại Học Đà Nẵng tại Kon Tum,7580201,Kỹ thuật xây dựng,A01,2025,15.0,,THPT
DDP,Phân Hiệu Đại Học Đà Nẵng tại Kon Tum,7580201,Kỹ thuật xây dựng,A01,2025,15.0,,THPT
DDP,Phân Hiệu Đại Học Đà Nẵng tại Kon Tum,7580201,Kỹ thuật xây dựng,D07,2025,15.0,,THPT
DDP,Phân Hiệu Đại Học Đà Nẵng tại Kon Tum,7580201,Kỹ thuật xây dựng,D07,2025,15.0,,THPT
DDP,Phân Hiệu Đại học Đà Nẵng tại Kon Tum,7580201,Kỹ thuật xây dựng,D07,2025,15.0,,THPT
DDP,Phân Hiệu Đại Học Đà Nẵng tại Kon Tum,7810103,Quản trị dịch vụ du lịch & lữ hành,C00,2025,15.0,,THPT
DDP,Phân Hiệu Đại học Đà Nẵng tại Kon Tum,7810103,Quản trị dịch vụ du lịch và lữ hành,D01,2025,15.0,,THPT
DDP,Phân Hiệu Đại Học Đà Nẵng tại Kon Tum,7810103,Quản trị dịch vụ du lịch & lữ hành,D01,2025,15.0,,THPT
DDP,Phân Hiệu Đại Học Đà Nẵng tại Kon Tum,7810103,Quản trị dịch vụ du lịch & lữ hành,D01,2025,15.0,,THPT
DDQ,Đại học Kinh Tế - Đại học Đà Nẵng,7310101P,Kinh tế - Chương trình Kinh tế quốc tế (P - Bán phần tiếng Anh),A00,2025,23.0,,THPT
DDQ,Trường Đại Học Kinh Tế – Đại Học Đà Nẵng,7310101P,Kinh tế - Chương trình Kinh tế quốc tế (P - Bán phần tiếng Anh),A00,2025,0.0,,THPT
DDQ,Trường Đại Học Kinh Tế – Đại Học Đà Nẵng,7310101P,Kinh tế - Chương trình Kinh tế quốc tế (P - Bán phần tiếng Anh),A01,2025,0.0,,THPT
DDQ,Đại học Kinh Tế - Đại học Đà Nẵng,7310101P,Kinh tế - Chương trình Kinh tế quốc tế (P - Bán phần tiếng Anh),A01,2025,23.0,,THPT
DDQ,Trường Đại Học Kinh Tế – Đại Học Đà Nẵng,7310101P,Kinh tế - Chương trình Kinh tế quốc tế (P - Bán phần tiếng Anh),D01,2025,0.0,,THPT
DDQ,Đại học Kinh Tế - Đại học Đà Nẵng,7310101P,Kinh tế - Chương trình Kinh tế quốc tế (P - Bán phần tiếng Anh),D01,2025,23.0,,THPT
DDQ,Trường Đại Học Kinh Tế – Đại Học Đà Nẵng,7310101P,Kinh tế - Chương trình Kinh tế quốc tế (P - Bán phần tiếng Anh),D07,2025,0.0,,THPT
DDQ,Đại học Kinh Tế - Đại học Đà Nẵng,7310101P,Kinh tế - Chương trình Kinh tế quốc tế (P - Bán phần tiếng Anh),D07,2025,23.0,,THPT
DDQ,Đại học Kinh Tế - Đại học Đà Nẵng,7310101S,Kinh tế - Chương trình Kinh tế (S - Tiêu chuẩn),A00,2025,20.0,,THPT
DDQ,Trường Đại Học Kinh Tế – Đại Học Đà Nẵng,7310101S,Kinh tế - Chương trình Kinh tế (S - Tiêu chuẩn),A00,2025,20.0,,THPT
DDQ,Trường Đại Học Kinh Tế – Đại Học Đà Nẵng,7310101S,Kinh tế - Chương trình Kinh tế (S - Tiêu chuẩn),A01,2025,20.0,,THPT
DDQ,Đại học Kinh Tế - Đại học Đà Nẵng,7310101S,Kinh tế - Chương trình Kinh tế (S - Tiêu chuẩn),A01,2025,20.0,,THPT
DDQ,Trường Đại Học Kinh Tế – Đại Học Đà Nẵng,7310101S,Kinh tế - Chương trình Kinh tế (S - Tiêu chuẩn),D01,2025,20.0,,THPT
DDQ,Đại học Kinh Tế - Đại học Đà Nẵng,7310101S,Kinh tế - Chương trình Kinh tế (S - Tiêu chuẩn),D01,2025,20.0,,THPT
DDQ,Trường Đại Học Kinh Tế – Đại Học Đà Nẵng,7310101S,Kinh tế - Chương trình Kinh tế (S - Tiêu chuẩn),D07,2025,20.0,,THPT
DDQ,Đại học Kinh Tế - Đại học Đà Nẵng,7310101S,Kinh tế - Chương trình Kinh tế (S - Tiêu chuẩn),D07,2025,20.0,,THPT
DDQ,Đại học Kinh Tế - Đại học Đà Nẵng,7310107S,Thống kê kinh tế - Chương trình Thống kê kinh tế (S - Tiêu chuẩn),A00,2025,20.0,,THPT
DDQ,Trường Đại Học Kinh Tế – Đại Học Đà Nẵng,7310107S,Thống kê kinh tế - Chương trình Thống kê kinh tế (S - Tiêu chuẩn),A00,2025,20.0,,THPT
DDQ,Trường Đại Học Kinh Tế – Đại Học Đà Nẵng,7310107S,Thống kê kinh tế - Chương trình Thống kê kinh tế (S - Tiêu chuẩn),A01,2025,20.0,,THPT
DDQ,Đại học Kinh Tế - Đại học Đà Nẵng,7310107S,Thống kê kinh tế - Chương trình Thống kê kinh tế (S - Tiêu chuẩn),A01,2025,20.0,,THPT
DDQ,Trường Đại Học Kinh Tế – Đại Học Đà Nẵng,7310107S,Thống kê kinh tế - Chương trình Thống kê kinh tế (S - Tiêu chuẩn),D01,2025,20.0,,THPT
DDQ,Đại học Kinh Tế - Đại học Đà Nẵng,7310107S,Thống kê kinh tế - Chương trình Thống kê kinh tế (S - Tiêu chuẩn),D01,2025,20.0,,THPT
DDQ,Trường Đại Học Kinh Tế – Đại Học Đà Nẵng,7310107S,Thống kê kinh tế - Chương trình Thống kê kinh tế (S - Tiêu chuẩn),D07,2025,20.0,,THPT
DDQ,Đại học Kinh Tế - Đại học Đà Nẵng,7310107S,Thống kê kinh tế - Chương trình Thống kê kinh tế (S - Tiêu chuẩn),D07,2025,20.0,,THPT
DDQ,Đại học Kinh Tế - Đại học Đà Nẵng,7310205S,Quản lý nhà nước - Chương trình Quản lý nhà nước (S - Tiêu chuẩn),A00,2025,20.0,,THPT
DDQ,Trường Đại Học Kinh Tế – Đại Học Đà Nẵng,7310205S,Quản lý nhà nước - Chương trình Quản lý nhà nước (S - Tiêu chuẩn),A00,2025,20.0,,THPT
DDQ,Trường Đại Học Kinh Tế – Đại Học Đà Nẵng,7310205S,Quản lý nhà nước - Chương trình Quản lý nhà nước (S - Tiêu chuẩn),A01,2025,20.0,,THPT
DDQ,Đại học Kinh Tế - Đại học Đà Nẵng,7310205S,Quản lý nhà nước - Chương trình Quản lý nhà nước (S - Tiêu chuẩn),A01,2025,20.0,,THPT
DDQ,Trường Đại Học Kinh Tế – Đại Học Đà Nẵng,7310205S,Quản lý nhà nước - Chương trình Quản lý nhà nước (S - Tiêu chuẩn),D01,2025,20.0,,THPT
DDQ,Đại học Kinh Tế - Đại học Đà Nẵng,7310205S,Quản lý nhà nước - Chương trình Quản lý nhà nước (S - Tiêu chuẩn),D01,2025,20.0,,THPT
DDQ,Trường Đại Học Kinh Tế – Đại Học Đà Nẵng,7310205S,Quản lý nhà nước - Chương trình Quản lý nhà nước (S - Tiêu chuẩn),D07,2025,20.0,,THPT
DDQ,Đại học Kinh Tế - Đại học Đà Nẵng,7310205S,Quản lý nhà nước - Chương trình Quản lý nhà nước (S - Tiêu chuẩn),D07,2025,20.0,,THPT
DDQ,Đại học Kinh Tế - Đại học Đà Nẵng,7340101P,Quản trị kinh doanh (chương trình song ngữ Pháp-Việt),A00,2025,24.0,,THPT
DDQ,Trường Đại Học Kinh Tế – Đại Học Đà Nẵng,7340101P,Quản trị kinh doanh - Chương trình Quản trị kinh doanh (P - Bán phần tiếng Anh),A00,2025,0.0,,THPT
DDQ,Trường Đại Học Kinh Tế – Đại Học Đà Nẵng,7340101P,Quản trị kinh doanh - Chương trình Quản trị kinh doanh (P - Bán phần tiếng Anh),A01,2025,0.0,,THPT
DDQ,Đại học Kinh Tế - Đại học Đà Nẵng,7340101P,Quản trị kinh doanh (chương trình song ngữ Pháp-Việt),A01,2025,24.0,,THPT
DDQ,Trường Đại Học Kinh Tế – Đại Học Đà Nẵng,7340101P,Quản trị kinh doanh - Chương trình Quản trị kinh doanh (P - Bán phần tiếng Anh),D01,2025,0.0,,THPT
DDQ,Đại học Kinh Tế - Đại học Đà Nẵng,7340101P,Quản trị kinh doanh (chương trình song ngữ Pháp-Việt),D01,2025,24.0,,THPT
DDQ,Trường Đại Học Kinh Tế – Đại Học Đà Nẵng,7340101P,Quản trị kinh doanh - Chương trình Quản trị kinh doanh (P - Bán phần tiếng Anh),D07,2025,0.0,,THPT
DDQ,Đại học Kinh Tế - Đại học Đà Nẵng,7340101P,Quản trị kinh doanh (chương trình song ngữ Pháp-Việt),D07,2025,24.0,,THPT
DDQ,Đại học Kinh Tế - Đại học Đà Nẵng,7340101S,Quản trị kinh doanh - Chương trình Quản trị kinh doanh (S - Tiêu chuẩn),A00,2025,21.0,,THPT
DDQ,Trường Đại Học Kinh Tế – Đại Học Đà Nẵng,7340101S,Quản trị kinh doanh - Chương trình Quản trị kinh doanh (S - Tiêu chuẩn),A00,2025,21.0,,THPT
DDQ,Trường Đại Học Kinh Tế – Đại Học Đà Nẵng,7340101S,Quản trị kinh doanh - Chương trình Quản trị kinh doanh (S - Tiêu chuẩn),A01,2025,21.0,,THPT
DDQ,Đại học Kinh Tế - Đại học Đà Nẵng,7340101S,Quản trị kinh doanh - Chương trình Quản trị kinh doanh (S - Tiêu chuẩn),A01,2025,21.0,,THPT
DDQ,Trường Đại Học Kinh Tế – Đại Học Đà Nẵng,7340101S,Quản trị kinh doanh - Chương trình Quản trị kinh doanh (S - Tiêu chuẩn),D01,2025,21.0,,THPT
DDQ,Đại học Kinh Tế - Đại học Đà Nẵng,7340101S,Quản trị kinh doanh - Chương trình Quản trị kinh doanh (S - Tiêu chuẩn),D01,2025,21.0,,THPT
DDQ,Trường Đại Học Kinh Tế – Đại Học Đà Nẵng,7340101S,Quản trị kinh doanh - Chương trình Quản trị kinh doanh (S - Tiêu chuẩn),D07,2025,21.0,,THPT
DDQ,Đại học Kinh Tế - Đại học Đà Nẵng,7340101S,Quản trị kinh doanh - Chương trình Quản trị kinh doanh (S - Tiêu chuẩn),D07,2025,21.0,,THPT
DDQ,Đại học Kinh Tế - Đại học Đà Nẵng,7340115E,Marketing - Chương trình Marketing số (E - Toàn phần tiếng Anh),A00,2025,27.0,,THPT
DDQ,Trường Đại Học Kinh Tế – Đại Học Đà Nẵng,7340115E,Marketing - Chương trình Marketing số (E - Toàn phần tiếng Anh),A00,2025,0.0,,THPT
DDQ,Trường Đại Học Kinh Tế – Đại Học Đà Nẵng,7340115E,Marketing - Chương trình Marketing số (E - Toàn phần tiếng Anh),A01,2025,0.0,,THPT
DDQ,Đại học Kinh Tế - Đại học Đà Nẵng,7340115E,Marketing - Chương trình Marketing số (E - Toàn phần tiếng Anh),A01,2025,27.0,,THPT
DDQ,Trường Đại Học Kinh Tế – Đại Học Đà Nẵng,7340115E,Marketing - Chương trình Marketing số (E - Toàn phần tiếng Anh),D01,2025,0.0,,THPT
DDQ,Đại học Kinh Tế - Đại học Đà Nẵng,7340115E,Marketing - Chương trình Marketing số (E - Toàn phần tiếng Anh),D01,2025,27.0,,THPT
DDQ,Trường Đại Học Kinh Tế – Đại Học Đà Nẵng,7340115E,Marketing - Chương trình Marketing số (E - Toàn phần tiếng Anh),D07,2025,0.0,,THPT
DDQ,Đại học Kinh Tế - Đại học Đà Nẵng,7340115E,Marketing - Chương trình Marketing số (E - Toàn phần tiếng Anh),D07,2025,27.0,,THPT
DDQ,Đại học Kinh Tế - Đại học Đà Nẵng,7340115P,Marketing - Chương trình Marketing (P - Bán phần tiếng Anh),A00,2025,24.5,,THPT
DDQ,Trường Đại Học Kinh Tế – Đại Học Đà Nẵng,7340115P,Marketing - Chương trình Marketing (P - Bán phần tiếng Anh),A00,2025,0.0,,THPT
DDQ,Trường Đại Học Kinh Tế – Đại Học Đà Nẵng,7340115P,Marketing - Chương trình Marketing (P - Bán phần tiếng Anh),A01,2025,0.0,,THPT
DDQ,Đại học Kinh Tế - Đại học Đà Nẵng,7340115P,Marketing - Chương trình Marketing (P - Bán phần tiếng Anh),A01,2025,24.5,,THPT
DDQ,Trường Đại Học Kinh Tế – Đại Học Đà Nẵng,7340115P,Marketing - Chương trình Marketing (P - Bán phần tiếng Anh),D01,2025,0.0,,THPT
DDQ,Đại học Kinh Tế - Đại học Đà Nẵng,7340115P,Marketing - Chương trình Marketing (P - Bán phần tiếng Anh),D01,2025,24.5,,THPT
DDQ,Trường Đại Học Kinh Tế – Đại Học Đà Nẵng,7340115P,Marketing - Chương trình Marketing (P - Bán phần tiếng Anh),D07,2025,0.0,,THPT
DDQ,Đại học Kinh Tế - Đại học Đà Nẵng,7340115P,Marketing - Chương trình Marketing (P - Bán phần tiếng Anh),D07,2025,24.5,,THPT
DDQ,Đại học Kinh Tế - Đại học Đà Nẵng,7340115S,Marketing - Chương trình Marketing (S - Tiêu chuẩn),A00,2025,22.5,,THPT
DDQ,Trường Đại Học Kinh Tế – Đại Học Đà Nẵng,7340115S,Marketing - Chương trình Marketing (S - Tiêu chuẩn),A00,2025,22.5,,THPT
DDQ,Trường Đại Học Kinh Tế – Đại Học Đà Nẵng,7340115S,Marketing - Chương trình Marketing (S - Tiêu chuẩn),A01,2025,22.5,,THPT
DDQ,Đại học Kinh Tế - Đại học Đà Nẵng,7340115S,Marketing - Chương trình Marketing (S - Tiêu chuẩn),A01,2025,22.5,,THPT
DDQ,Trường Đại Học Kinh Tế – Đại Học Đà Nẵng,7340115S,Marketing - Chương trình Marketing (S - Tiêu chuẩn),D01,2025,22.5,,THPT
DDQ,Đại học Kinh Tế - Đại học Đà Nẵng,7340115S,Marketing - Chương trình Marketing (S - Tiêu chuẩn),D01,2025,22.5,,THPT
DDQ,Trường Đại Học Kinh Tế – Đại Học Đà Nẵng,7340115S,Marketing - Chương trình Marketing (S - Tiêu chuẩn),D07,2025,22.5,,THPT
DDQ,Đại học Kinh Tế - Đại học Đà Nẵng,7340115S,Marketing - Chương trình Marketing (S - Tiêu chuẩn),D07,2025,22.5,,THPT
DDQ,Đại học Kinh Tế - Đại học Đà Nẵng,7340120E,Kinh doanh quốc tế - Chương trình Ngoại thương (E - tiếng Anh toàn phần),A00,2025,27.0,,THPT
DDQ,Trường Đại Học Kinh Tế – Đại Học Đà Nẵng,7340120E,Kinh doanh quốc tế - Chương trình Ngoại thương (E - Toàn phần tiếng Anh),A00,2025,0.0,,THPT
DDQ,Trường Đại Học Kinh Tế – Đại Học Đà Nẵng,7340120E,Kinh doanh quốc tế - Chương trình Ngoại thương (E - Toàn phần tiếng Anh),A01,2025,0.0,,THPT
DDQ,Đại học Kinh Tế - Đại học Đà Nẵng,7340120E,Kinh doanh quốc tế - Chương trình Ngoại thương (E - tiếng Anh toàn phần),A01,2025,27.0,,THPT
DDQ,Trường Đại Học Kinh Tế – Đại Học Đà Nẵng,7340120E,Kinh doanh quốc tế - Chương trình Ngoại thương (E - Toàn phần tiếng Anh),D01,2025,0.0,,THPT
DDQ,Đại học Kinh Tế - Đại học Đà Nẵng,7340120E,Kinh doanh quốc tế - Chương trình Ngoại thương (E - tiếng Anh toàn phần),D01,2025,27.0,,THPT
DDQ,Trường Đại Học Kinh Tế – Đại Học Đà Nẵng,7340120E,Kinh doanh quốc tế - Chương trình Ngoại thương (E - Toàn phần tiếng Anh),D07,2025,0.0,,THPT
DDQ,Đại học Kinh Tế - Đại học Đà Nẵng,7340120E,Kinh doanh quốc tế - Chương trình Ngoại thương (E - tiếng Anh toàn phần),D07,2025,27.0,,THPT
DDQ,Đại học Kinh Tế - Đại học Đà Nẵng,7340120P,Kinh doanh quốc tế - Chương trình Kinh doanh ngoại giao nhận và vận tải quốc tế (P - tiếng Anh bán phần),A00,2025,26.0,,THPT
DDQ,Trường Đại Học Kinh Tế – Đại Học Đà Nẵng,7340120P,Kinh doanh quốc tế - Chương trình Kinh doanh giao nhận và vận tải quốc tế (P - Bán phần tiếng Anh),A00,2025,0.0,,THPT
DDQ,Trường Đại Học Kinh Tế – Đại Học Đà Nẵng,7340120P,Kinh doanh quốc tế - Chương trình Kinh doanh giao nhận và vận tải quốc tế (P - Bán phần tiếng Anh),A01,2025,0.0,,THPT
DDQ,Đại học Kinh Tế - Đại học Đà Nẵng,7340120P,Kinh doanh quốc tế - Chương trình Kinh doanh ngoại giao nhận và vận tải quốc tế (P - tiếng Anh bán phần),A01,2025,26.0,,THPT
DDQ,Trường Đại Học Kinh Tế – Đại Học Đà Nẵng,7340120P,Kinh doanh quốc tế - Chương trình Kinh doanh giao nhận và vận tải quốc tế (P - Bán phần tiếng Anh),D01,2025,0.0,,THPT
DDQ,Đại học Kinh Tế - Đại học Đà Nẵng,7340120P,Kinh doanh quốc tế - Chương trình Kinh doanh ngoại giao nhận và vận tải quốc tế (P - tiếng Anh bán phần),D01,2025,26.0,,THPT
DDQ,Trường Đại Học Kinh Tế – Đại Học Đà Nẵng,7340120P,Kinh doanh quốc tế - Chương trình Kinh doanh giao nhận và vận tải quốc tế (P - Bán phần tiếng Anh),D07,2025,0.0,,THPT
DDQ,Đại học Kinh Tế - Đại học Đà Nẵng,7340120P,Kinh doanh quốc tế - Chương trình Kinh doanh ngoại giao nhận và vận tải quốc tế (P - tiếng Anh bán phần),D07,2025,26.0,,THPT
DDQ,Đại học Kinh Tế - Đại học Đà Nẵng,7340120S,Kinh doanh quốc tế - Chương trình Kinh doanh quốc tế (S - Tiêu chuẩn),A00,2025,24.0,,THPT
DDQ,Trường Đại Học Kinh Tế – Đại Học Đà Nẵng,7340120S,Kinh doanh quốc tế - Chương trình Kinh doanh quốc tế (S - Tiêu chuẩn),A00,2025,24.0,,THPT
DDQ,Trường Đại Học Kinh Tế – Đại Học Đà Nẵng,7340120S,Kinh doanh quốc tế - Chương trình Kinh doanh quốc tế (S - Tiêu chuẩn),A01,2025,24.0,,THPT
DDQ,Đại học Kinh Tế - Đại học Đà Nẵng,7340120S,Kinh doanh quốc tế - Chương trình Kinh doanh quốc tế (S - Tiêu chuẩn),A01,2025,24.0,,THPT
DDQ,Trường Đại Học Kinh Tế – Đại Học Đà Nẵng,7340120S,Kinh doanh quốc tế - Chương trình Kinh doanh quốc tế (S - Tiêu chuẩn),D01,2025,24.0,,THPT
DDQ,Đại học Kinh Tế - Đại học Đà Nẵng,7340120S,Kinh doanh quốc tế - Chương trình Kinh doanh quốc tế (S - Tiêu chuẩn),D01,2025,24.0,,THPT
DDQ,Trường Đại Học Kinh Tế – Đại Học Đà Nẵng,7340120S,Kinh doanh quốc tế - Chương trình Kinh doanh quốc tế (S - Tiêu chuẩn),D07,2025,24.0,,THPT
DDQ,Đại học Kinh Tế - Đại học Đà Nẵng,7340120S,Kinh doanh quốc tế - Chương trình Kinh doanh quốc tế (S - Tiêu chuẩn),D07,2025,24.0,,THPT
DDQ,Đại học Kinh Tế - Đại học Đà Nẵng,7340121S,Kinh doanh thương mại - Chương trình Kinh doanh thương mại (S - Tiêu chuẩn),A00,2025,21.0,,THPT
DDQ,Trường Đại Học Kinh Tế – Đại Học Đà Nẵng,7340121S,Kinh doanh thương mại - Chương trình Kinh doanh thương mại (S - Tiêu chuẩn),A00,2025,21.0,,THPT
DDQ,Trường Đại Học Kinh Tế – Đại Học Đà Nẵng,7340121S,Kinh doanh thương mại - Chương trình Kinh doanh thương mại (S - Tiêu chuẩn),A01,2025,21.0,,THPT
DDQ,Đại học Kinh Tế - Đại học Đà Nẵng,7340121S,Kinh doanh thương mại - Chương trình Kinh doanh thương mại (S - Tiêu chuẩn),A01,2025,21.0,,THPT
DDQ,Trường Đại Học Kinh Tế – Đại Học Đà Nẵng,7340121S,Kinh doanh thương mại - Chương trình Kinh doanh thương mại (S - Tiêu chuẩn),D01,2025,21.0,,THPT
DDQ,Đại học Kinh Tế - Đại học Đà Nẵng,7340121S,Kinh doanh thương mại - Chương trình Kinh doanh thương mại (S - Tiêu chuẩn),D01,2025,21.0,,THPT
DDQ,Trường Đại Học Kinh Tế – Đại Học Đà Nẵng,7340121S,Kinh doanh thương mại - Chương trình Kinh doanh thương mại (S - Tiêu chuẩn),D07,2025,21.0,,THPT
DDQ,Đại học Kinh Tế - Đại học Đà Nẵng,7340121S,Kinh doanh thương mại - Chương trình Kinh doanh thương mại (S - Tiêu chuẩn),D07,2025,21.0,,THPT
DDQ,Đại học Kinh Tế - Đại học Đà Nẵng,7340122E,Thương mại điện tử - Chương trình Thương mại điện tử (E - Toàn phần tiếng Anh),A00,2025,26.0,,THPT
DDQ,Trường Đại Học Kinh Tế – Đại Học Đà Nẵng,7340122E,Thương mại điện tử - Chương trình Thương mại điện tử (E - Toàn phần tiếng Anh),A00,2025,0.0,,THPT
DDQ,Trường Đại Học Kinh Tế – Đại Học Đà Nẵng,7340122E,Thương mại điện tử - Chương trình Thương mại điện tử (E - Toàn phần tiếng Anh),A01,2025,0.0,,THPT
DDQ,Đại học Kinh Tế - Đại học Đà Nẵng,7340122E,Thương mại điện tử - Chương trình Thương mại điện tử (E - Toàn phần tiếng Anh),A01,2025,26.0,,THPT
DDQ,Trường Đại Học Kinh Tế – Đại Học Đà Nẵng,7340122E,Thương mại điện tử - Chương trình Thương mại điện tử (E - Toàn phần tiếng Anh),D01,2025,0.0,,THPT
DDQ,Đại học Kinh Tế - Đại học Đà Nẵng,7340122E,Thương mại điện tử - Chương trình Thương mại điện tử (E - Toàn phần tiếng Anh),D01,2025,26.0,,THPT
DDQ,Trường Đại Học Kinh Tế – Đại Học Đà Nẵng,7340122E,Thương mại điện tử - Chương trình Thương mại điện tử (E - Toàn phần tiếng Anh),D07,2025,0.0,,THPT
DDQ,Đại học Kinh Tế - Đại học Đà Nẵng,7340122E,Thương mại điện tử - Chương trình Thương mại điện tử (E - Toàn phần tiếng Anh),D07,2025,26.0,,THPT
DDQ,Đại học Kinh Tế - Đại học Đà Nẵng,7340122S,Thương mại điện tử - Chương trình Thương mại điện tử (S - Tiêu chuẩn),A00,2025,22.0,,THPT
DDQ,Trường Đại Học Kinh Tế – Đại Học Đà Nẵng,7340122S,Thương mại điện tử - Chương trình Thương mại điện tử (S - Tiêu chuẩn),A00,2025,22.0,,THPT
DDQ,Trường Đại Học Kinh Tế – Đại Học Đà Nẵng,7340122S,Thương mại điện tử - Chương trình Thương mại điện tử (S - Tiêu chuẩn),A01,2025,22.0,,THPT
DDQ,Đại học Kinh Tế - Đại học Đà Nẵng,7340122S,Thương mại điện tử - Chương trình Thương mại điện tử (S - Tiêu chuẩn),A01,2025,22.0,,THPT
DDQ,Trường Đại Học Kinh Tế – Đại Học Đà Nẵng,7340122S,Thương mại điện tử - Chương trình Thương mại điện tử (S - Tiêu chuẩn),D01,2025,22.0,,THPT
DDQ,Đại học Kinh Tế - Đại học Đà Nẵng,7340122S,Thương mại điện tử - Chương trình Thương mại điện tử (S - Tiêu chuẩn),D01,2025,22.0,,THPT
DDQ,Trường Đại Học Kinh Tế – Đại Học Đà Nẵng,7340122S,Thương mại điện tử - Chương trình Thương mại điện tử (S - Tiêu chuẩn),D07,2025,22.0,,THPT
DDQ,Đại học Kinh Tế - Đại học Đà Nẵng,7340122S,Thương mại điện tử - Chương trình Thương mại điện tử (S - Tiêu chuẩn),D07,2025,22.0,,THPT
DDQ,Đại học Kinh Tế - Đại học Đà Nẵng,7340201P,Tài chính - Ngân hàng - Chương trình Tài chính - Ngân hàng (P - Bán phần tiếng Anh),A00,2025,23.0,,THPT
DDQ,Trường Đại Học Kinh Tế – Đại Học Đà Nẵng,7340201P,Tài chính - Ngân hàng - Chương trình Tài chính - Ngân hàng (P - Bán phần tiếng Anh),A00,2025,0.0,,THPT
DDQ,Trường Đại Học Kinh Tế – Đại Học Đà Nẵng,7340201P,Tài chính - Ngân hàng - Chương trình Tài chính - Ngân hàng (P - Bán phần tiếng Anh),A01,2025,0.0,,THPT
DDQ,Đại học Kinh Tế - Đại học Đà Nẵng,7340201P,Tài chính - Ngân hàng - Chương trình Tài chính - Ngân hàng (P - Bán phần tiếng Anh),A01,2025,23.0,,THPT
DDQ,Trường Đại Học Kinh Tế – Đại Học Đà Nẵng,7340201P,Tài chính - Ngân hàng - Chương trình Tài chính - Ngân hàng (P - Bán phần tiếng Anh),D01,2025,0.0,,THPT
DDQ,Đại học Kinh Tế - Đại học Đà Nẵng,7340201P,Tài chính - Ngân hàng - Chương trình Tài chính - Ngân hàng (P - Bán phần tiếng Anh),D01,2025,23.0,,THPT
DDQ,Trường Đại Học Kinh Tế – Đại Học Đà Nẵng,7340201P,Tài chính - Ngân hàng - Chương trình Tài chính - Ngân hàng (P - Bán phần tiếng Anh),D07,2025,0.0,,THPT
DDQ,Đại học Kinh Tế - Đại học Đà Nẵng,7340201P,Tài chính - Ngân hàng - Chương trình Tài chính - Ngân hàng (P - Bán phần tiếng Anh),D07,2025,23.0,,THPT
DDQ,Đại học Kinh Tế - Đại học Đà Nẵng,7340201S,Tài chính - Ngân hàng - Chương trình Tài chính - Ngân hàng (S - Tiêu chuẩn),A00,2025,20.25,,THPT
DDQ,Trường Đại Học Kinh Tế – Đại Học Đà Nẵng,7340201S,Tài chính - Ngân hàng - Chương trình Tài chính - Ngân hàng (S - Tiêu chuẩn),A00,2025,20.25,,THPT
DDQ,Trường Đại Học Kinh Tế – Đại Học Đà Nẵng,7340201S,Tài chính - Ngân hàng - Chương trình Tài chính - Ngân hàng (S - Tiêu chuẩn),A01,2025,20.25,,THPT
DDQ,Đại học Kinh Tế - Đại học Đà Nẵng,7340201S,Tài chính - Ngân hàng - Chương trình Tài chính - Ngân hàng (S - Tiêu chuẩn),A01,2025,20.25,,THPT
DDQ,Trường Đại Học Kinh Tế – Đại Học Đà Nẵng,7340201S,Tài chính - Ngân hàng - Chương trình Tài chính - Ngân hàng (S - Tiêu chuẩn),D01,2025,20.25,,THPT
DDQ,Đại học Kinh Tế - Đại học Đà Nẵng,7340201S,Tài chính - Ngân hàng - Chương trình Tài chính - Ngân hàng (S - Tiêu chuẩn),D01,2025,20.25,,THPT
DDQ,Trường Đại Học Kinh Tế – Đại Học Đà Nẵng,7340201S,Tài chính - Ngân hàng - Chương trình Tài chính - Ngân hàng (S - Tiêu chuẩn),D07,2025,20.25,,THPT
DDQ,Đại học Kinh Tế - Đại học Đà Nẵng,7340201S,Tài chính - Ngân hàng - Chương trình Tài chính - Ngân hàng (S - Tiêu chuẩn),D07,2025,20.25,,THPT
DDQ,Đại học Kinh Tế - Đại học Đà Nẵng,7340205P,Công nghệ tài chính - Chương trình Công nghệ tài chính (P - Bán phần tiếng Anh),A00,2025,24.0,,THPT
DDQ,Trường Đại Học Kinh Tế – Đại Học Đà Nẵng,7340205P,Công nghệ tài chính - Chương trình Công nghệ tài chính (P - Bán phần tiếng Anh),A00,2025,0.0,,THPT
DDQ,Trường Đại Học Kinh Tế – Đại Học Đà Nẵng,7340205P,Công nghệ tài chính - Chương trình Công nghệ tài chính (P - Bán phần tiếng Anh),A01,2025,0.0,,THPT
DDQ,Đại học Kinh Tế - Đại học Đà Nẵng,7340205P,Công nghệ tài chính - Chương trình Công nghệ tài chính (P - Bán phần tiếng Anh),A01,2025,24.0,,THPT
DDQ,Trường Đại Học Kinh Tế – Đại Học Đà Nẵng,7340205P,Công nghệ tài chính - Chương trình Công nghệ tài chính (P - Bán phần tiếng Anh),D01,2025,0.0,,THPT
DDQ,Đại học Kinh Tế - Đại học Đà Nẵng,7340205P,Công nghệ tài chính - Chương trình Công nghệ tài chính (P - Bán phần tiếng Anh),D01,2025,24.0,,THPT
DDQ,Trường Đại Học Kinh Tế – Đại Học Đà Nẵng,7340205P,Công nghệ tài chính - Chương trình Công nghệ tài chính (P - Bán phần tiếng Anh),D07,2025,0.0,,THPT
DDQ,Đại học Kinh Tế - Đại học Đà Nẵng,7340205P,Công nghệ tài chính - Chương trình Công nghệ tài chính (P - Bán phần tiếng Anh),D07,2025,24.0,,THPT
DDQ,Đại học Kinh Tế - Đại học Đà Nẵng,7340205S,Công nghệ tài chính - Chương trình Công nghệ tài chính (S - Tiêu chuẩn),A00,2025,21.5,,THPT
DDQ,Trường Đại Học Kinh Tế – Đại Học Đà Nẵng,7340205S,Công nghệ tài chính - Chương trình Công nghệ tài chính (S - Tiêu chuẩn),A00,2025,21.5,,THPT
DDQ,Trường Đại Học Kinh Tế – Đại Học Đà Nẵng,7340205S,Công nghệ tài chính - Chương trình Công nghệ tài chính (S - Tiêu chuẩn),A01,2025,21.5,,THPT
DDQ,Đại học Kinh Tế - Đại học Đà Nẵng,7340205S,Công nghệ tài chính - Chương trình Công nghệ tài chính (S - Tiêu chuẩn),A01,2025,21.5,,THPT
DDQ,Trường Đại Học Kinh Tế – Đại Học Đà Nẵng,7340205S,Công nghệ tài chính - Chương trình Công nghệ tài chính (S - Tiêu chuẩn),D01,2025,21.5,,THPT
DDQ,Đại học Kinh Tế - Đại học Đà Nẵng,7340205S,Công nghệ tài chính - Chương trình Công nghệ tài chính (S - Tiêu chuẩn),D01,2025,21.5,,THPT
DDQ,Trường Đại Học Kinh Tế – Đại Học Đà Nẵng,7340205S,Công nghệ tài chính - Chương trình Công nghệ tài chính (S - Tiêu chuẩn),D07,2025,21.5,,THPT
DDQ,Đại học Kinh Tế - Đại học Đà Nẵng,7340205S,Công nghệ tài chính - Chương trình Công nghệ tài chính (S - Tiêu chuẩn),D07,2025,21.5,,THPT
DDQ,Đại học Kinh Tế - Đại học Đà Nẵng,7340301P,Kế toán (POHE),A00,2025,23.0,,THPT
DDQ,Trường Đại Học Kinh Tế – Đại Học Đà Nẵng,7340301P,Kế toán - Chương trình Kế toán tích hợp chương trình quốc tế ICAEW (P - Bán phần tiếng Anh),A00,2025,0.0,,THPT
DDQ,Trường Đại Học Kinh Tế – Đại Học Đà Nẵng,7340301P,Kế toán - Chương trình Kế toán tích hợp chương trình quốc tế ICAEW (P - Bán phần tiếng Anh),A01,2025,0.0,,THPT
DDQ,Đại học Kinh Tế - Đại học Đà Nẵng,7340301P,Kế toán (POHE),A01,2025,23.0,,THPT
DDQ,Trường Đại Học Kinh Tế – Đại Học Đà Nẵng,7340301P,Kế toán - Chương trình Kế toán tích hợp chương trình quốc tế ICAEW (P - Bán phần tiếng Anh),D01,2025,0.0,,THPT
DDQ,Đại học Kinh Tế - Đại học Đà Nẵng,7340301P,Kế toán (POHE),D01,2025,23.0,,THPT
DDQ,Trường Đại Học Kinh Tế – Đại Học Đà Nẵng,7340301P,Kế toán - Chương trình Kế toán tích hợp chương trình quốc tế ICAEW (P - Bán phần tiếng Anh),D07,2025,0.0,,THPT
DDQ,Đại học Kinh Tế - Đại học Đà Nẵng,7340301P,Kế toán (POHE),D07,2025,23.0,,THPT
DDQ,Đại học Kinh Tế - Đại học Đà Nẵng,7340301S,Kế toán (Học tại Sóc Trăng),A00,2025,20.25,,THPT
DDQ,Trường Đại Học Kinh Tế – Đại Học Đà Nẵng,7340301S,Kế toán - Chương trình Kế toán (S - Tiêu chuẩn),A00,2025,20.25,,THPT
DDQ,Trường Đại Học Kinh Tế – Đại Học Đà Nẵng,7340301S,Kế toán - Chương trình Kế toán (S - Tiêu chuẩn),A01,2025,20.25,,THPT
DDQ,Đại học Kinh Tế - Đại học Đà Nẵng,7340301S,Kế toán (Học tại Sóc Trăng),A01,2025,20.25,,THPT
DDQ,Trường Đại Học Kinh Tế – Đại Học Đà Nẵng,7340301S,Kế toán - Chương trình Kế toán (S - Tiêu chuẩn),D01,2025,20.25,,THPT
DDQ,Đại học Kinh Tế - Đại học Đà Nẵng,7340301S,Kế toán (Học tại Sóc Trăng),D01,2025,20.25,,THPT
DDQ,Trường Đại Học Kinh Tế – Đại Học Đà Nẵng,7340301S,Kế toán - Chương trình Kế toán (S - Tiêu chuẩn),D07,2025,20.25,,THPT
DDQ,Đại học Kinh Tế - Đại học Đà Nẵng,7340301S,Kế toán (Học tại Sóc Trăng),D07,2025,20.25,,THPT
DDQ,Đại học Kinh Tế - Đại học Đà Nẵng,7340302P,Kiểm toán - Chương trình Kiểm toán tích hợp chương trình quốc tế ACCA (P - Bán phần tiếng Anh),A00,2025,25.0,,THPT
DDQ,Trường Đại Học Kinh Tế – Đại Học Đà Nẵng,7340302P,Kiểm toán - Chương trình Kiểm toán tích hợp chương trình quốc tế ACCA (P - Bán phần tiếng Anh),A00,2025,0.0,,THPT
DDQ,Trường Đại Học Kinh Tế – Đại Học Đà Nẵng,7340302P,Kiểm toán - Chương trình Kiểm toán tích hợp chương trình quốc tế ACCA (P - Bán phần tiếng Anh),A01,2025,0.0,,THPT
DDQ,Đại học Kinh Tế - Đại học Đà Nẵng,7340302P,Kiểm toán - Chương trình Kiểm toán tích hợp chương trình quốc tế ACCA (P - Bán phần tiếng Anh),A01,2025,25.0,,THPT
DDQ,Trường Đại Học Kinh Tế – Đại Học Đà Nẵng,7340302P,Kiểm toán - Chương trình Kiểm toán tích hợp chương trình quốc tế ACCA (P - Bán phần tiếng Anh),D01,2025,0.0,,THPT
DDQ,Đại học Kinh Tế - Đại học Đà Nẵng,7340302P,Kiểm toán - Chương trình Kiểm toán tích hợp chương trình quốc tế ACCA (P - Bán phần tiếng Anh),D01,2025,25.0,,THPT
DDQ,Trường Đại Học Kinh Tế – Đại Học Đà Nẵng,7340302P,Kiểm toán - Chương trình Kiểm toán tích hợp chương trình quốc tế ACCA (P - Bán phần tiếng Anh),D07,2025,0.0,,THPT
DDQ,Đại học Kinh Tế - Đại học Đà Nẵng,7340302P,Kiểm toán - Chương trình Kiểm toán tích hợp chương trình quốc tế ACCA (P - Bán phần tiếng Anh),D07,2025,25.0,,THPT
DDQ,Đại học Kinh Tế - Đại học Đà Nẵng,7340302S,Kiểm toán - Chương trình Kiểm toán (S - Tiêu chuẩn),A00,2025,20.25,,THPT
DDQ,Trường Đại Học Kinh Tế – Đại Học Đà Nẵng,7340302S,Kiểm toán - Chương trình Kiểm toán (S - Tiêu chuẩn),A00,2025,20.25,,THPT
DDQ,Trường Đại Học Kinh Tế – Đại Học Đà Nẵng,7340302S,Kiểm toán - Chương trình Kiểm toán (S - Tiêu chuẩn),A01,2025,20.25,,THPT
DDQ,Đại học Kinh Tế - Đại học Đà Nẵng,7340302S,Kiểm toán - Chương trình Kiểm toán (S - Tiêu chuẩn),A01,2025,20.25,,THPT
DDQ,Trường Đại Học Kinh Tế – Đại Học Đà Nẵng,7340302S,Kiểm toán - Chương trình Kiểm toán (S - Tiêu chuẩn),D01,2025,20.25,,THPT
DDQ,Đại học Kinh Tế - Đại học Đà Nẵng,7340302S,Kiểm toán - Chương trình Kiểm toán (S - Tiêu chuẩn),D01,2025,20.25,,THPT
DDQ,Trường Đại Học Kinh Tế – Đại Học Đà Nẵng,7340302S,Kiểm toán - Chương trình Kiểm toán (S - Tiêu chuẩn),D07,2025,20.25,,THPT
DDQ,Đại học Kinh Tế - Đại học Đà Nẵng,7340302S,Kiểm toán - Chương trình Kiểm toán (S - Tiêu chuẩn),D07,2025,20.25,,THPT
DDQ,Đại học Kinh Tế - Đại học Đà Nẵng,7340404P,Quản trị nhân lực - Chương trình Quản trị nguồn nhân lực (P - Bán phần tiếng Anh),A00,2025,23.5,,THPT
DDQ,Trường Đại Học Kinh Tế – Đại Học Đà Nẵng,7340404P,Quản trị nhân lực - Chương trình Quản trị nguồn nhân lực (P - Bán phần tiếng Anh),A00,2025,0.0,,THPT
DDQ,Trường Đại Học Kinh Tế – Đại Học Đà Nẵng,7340404P,Quản trị nhân lực - Chương trình Quản trị nguồn nhân lực (P - Bán phần tiếng Anh),A01,2025,0.0,,THPT
DDQ,Đại học Kinh Tế - Đại học Đà Nẵng,7340404P,Quản trị nhân lực - Chương trình Quản trị nguồn nhân lực (P - Bán phần tiếng Anh),A01,2025,23.5,,THPT
DDQ,Trường Đại Học Kinh Tế – Đại Học Đà Nẵng,7340404P,Quản trị nhân lực - Chương trình Quản trị nguồn nhân lực (P - Bán phần tiếng Anh),D01,2025,0.0,,THPT
DDQ,Đại học Kinh Tế - Đại học Đà Nẵng,7340404P,Quản trị nhân lực - Chương trình Quản trị nguồn nhân lực (P - Bán phần tiếng Anh),D01,2025,23.5,,THPT
DDQ,Trường Đại Học Kinh Tế – Đại Học Đà Nẵng,7340404P,Quản trị nhân lực - Chương trình Quản trị nguồn nhân lực (P - Bán phần tiếng Anh),D07,2025,0.0,,THPT
DDQ,Đại học Kinh Tế - Đại học Đà Nẵng,7340404P,Quản trị nhân lực - Chương trình Quản trị nguồn nhân lực (P - Bán phần tiếng Anh),D07,2025,23.5,,THPT
DDQ,Đại học Kinh Tế - Đại học Đà Nẵng,7340404S,Quản trị nhân lực - Chương trình Quản trị nguồn nhân lực (S - Tiêu chuẩn),A00,2025,20.5,,THPT
DDQ,Trường Đại Học Kinh Tế – Đại Học Đà Nẵng,7340404S,Quản trị nhân lực - Chương trình Quản trị nguồn nhân lực (S - Tiêu chuẩn),A00,2025,20.5,,THPT
DDQ,Trường Đại Học Kinh Tế – Đại Học Đà Nẵng,7340404S,Quản trị nhân lực - Chương trình Quản trị nguồn nhân lực (S - Tiêu chuẩn),A01,2025,20.5,,THPT
DDQ,Đại học Kinh Tế - Đại học Đà Nẵng,7340404S,Quản trị nhân lực - Chương trình Quản trị nguồn nhân lực (S - Tiêu chuẩn),A01,2025,20.5,,THPT
DDQ,Trường Đại Học Kinh Tế – Đại Học Đà Nẵng,7340404S,Quản trị nhân lực - Chương trình Quản trị nguồn nhân lực (S - Tiêu chuẩn),D01,2025,20.5,,THPT
DDQ,Đại học Kinh Tế - Đại học Đà Nẵng,7340404S,Quản trị nhân lực - Chương trình Quản trị nguồn nhân lực (S - Tiêu chuẩn),D01,2025,20.5,,THPT
DDQ,Trường Đại Học Kinh Tế – Đại Học Đà Nẵng,7340404S,Quản trị nhân lực - Chương trình Quản trị nguồn nhân lực (S - Tiêu chuẩn),D07,2025,20.5,,THPT
DDQ,Đại học Kinh Tế - Đại học Đà Nẵng,7340404S,Quản trị nhân lực - Chương trình Quản trị nguồn nhân lực (S - Tiêu chuẩn),D07,2025,20.5,,THPT
DDQ,Đại học Kinh Tế - Đại học Đà Nẵng,7340405P,Hệ thống thông tin quản lý - Chương trình Trí tuệ nhân tạo trong kinh doanh (P - Bán phần tiếng Anh),A00,2025,23.0,,THPT
DDQ,Trường Đại Học Kinh Tế – Đại Học Đà Nẵng,7340405P,Hệ thống thông tin quản lý - Chương trình Trí tuệ nhân tạo trong kinh doanh (P - Bán phần tiếng Anh),A00,2025,0.0,,THPT
DDQ,Trường Đại Học Kinh Tế – Đại Học Đà Nẵng,7340405P,Hệ thống thông tin quản lý - Chương trình Trí tuệ nhân tạo trong kinh doanh (P - Bán phần tiếng Anh),A01,2025,0.0,,THPT
DDQ,Đại học Kinh Tế - Đại học Đà Nẵng,7340405P,Hệ thống thông tin quản lý - Chương trình Trí tuệ nhân tạo trong kinh doanh (P - Bán phần tiếng Anh),A01,2025,23.0,,THPT
DDQ,Trường Đại Học Kinh Tế – Đại Học Đà Nẵng,7340405P,Hệ thống thông tin quản lý - Chương trình Trí tuệ nhân tạo trong kinh doanh (P - Bán phần tiếng Anh),D01,2025,0.0,,THPT
DDQ,Đại học Kinh Tế - Đại học Đà Nẵng,7340405P,Hệ thống thông tin quản lý - Chương trình Trí tuệ nhân tạo trong kinh doanh (P - Bán phần tiếng Anh),D01,2025,23.0,,THPT
DDQ,Trường Đại Học Kinh Tế – Đại Học Đà Nẵng,7340405P,Hệ thống thông tin quản lý - Chương trình Trí tuệ nhân tạo trong kinh doanh (P - Bán phần tiếng Anh),D07,2025,0.0,,THPT
DDQ,Đại học Kinh Tế - Đại học Đà Nẵng,7340405P,Hệ thống thông tin quản lý - Chương trình Trí tuệ nhân tạo trong kinh doanh (P - Bán phần tiếng Anh),D07,2025,23.0,,THPT
DDQ,Đại học Kinh Tế - Đại học Đà Nẵng,7340405S,Hệ thống thông tin quản lý - Chương trình Hệ thống thông tin quản lý (S - Tiêu chuẩn),A00,2025,20.0,,THPT
DDQ,Trường Đại Học Kinh Tế – Đại Học Đà Nẵng,7340405S,Hệ thống thông tin quản lý - Chương trình Hệ thống thông tin quản lý (S - Tiêu chuẩn),A00,2025,20.0,,THPT
DDQ,Trường Đại Học Kinh Tế – Đại Học Đà Nẵng,7340405S,Hệ thống thông tin quản lý - Chương trình Hệ thống thông tin quản lý (S - Tiêu chuẩn),A01,2025,20.0,,THPT
DDQ,Đại học Kinh Tế - Đại học Đà Nẵng,7340405S,Hệ thống thông tin quản lý - Chương trình Hệ thống thông tin quản lý (S - Tiêu chuẩn),A01,2025,20.0,,THPT
DDQ,Trường Đại Học Kinh Tế – Đại Học Đà Nẵng,7340405S,Hệ thống thông tin quản lý - Chương trình Hệ thống thông tin quản lý (S - Tiêu chuẩn),D01,2025,20.0,,THPT
DDQ,Đại học Kinh Tế - Đại học Đà Nẵng,7340405S,Hệ thống thông tin quản lý - Chương trình Hệ thống thông tin quản lý (S - Tiêu chuẩn),D01,2025,20.0,,THPT
DDQ,Trường Đại Học Kinh Tế – Đại Học Đà Nẵng,7340405S,Hệ thống thông tin quản lý - Chương trình Hệ thống thông tin quản lý (S - Tiêu chuẩn),D07,2025,20.0,,THPT
DDQ,Đại học Kinh Tế - Đại học Đà Nẵng,7340405S,Hệ thống thông tin quản lý - Chương trình Hệ thống thông tin quản lý (S - Tiêu chuẩn),D07,2025,20.0,,THPT
DDQ,Đại học Kinh Tế - Đại học Đà Nẵng,7380101S,Luật (Chuyên ngành Luật Hành chính); Học tại khu Sóc Trăng,A00,2025,20.0,,THPT
DDQ,Trường Đại Học Kinh Tế – Đại Học Đà Nẵng,7380101S,Luật - Chương trình Luật (S - Tiêu chuẩn),A00,2025,20.0,,THPT
DDQ,Trường Đại Học Kinh Tế – Đại Học Đà Nẵng,7380101S,Luật - Chương trình Luật (S - Tiêu chuẩn),A01,2025,20.0,,THPT
DDQ,Đại học Kinh Tế - Đại học Đà Nẵng,7380101S,Luật (Chuyên ngành Luật Hành chính); Học tại khu Sóc Trăng,A01,2025,20.0,,THPT
DDQ,Trường Đại Học Kinh Tế – Đại Học Đà Nẵng,7380101S,Luật - Chương trình Luật (S - Tiêu chuẩn),D01,2025,20.0,,THPT
DDQ,Đại học Kinh Tế - Đại học Đà Nẵng,7380101S,Luật (Chuyên ngành Luật Hành chính); Học tại khu Sóc Trăng,D01,2025,20.0,,THPT
DDQ,Trường Đại Học Kinh Tế – Đại Học Đà Nẵng,7380101S,Luật - Chương trình Luật (S - Tiêu chuẩn),D07,2025,20.0,,THPT
DDQ,Đại học Kinh Tế - Đại học Đà Nẵng,7380101S,Luật (Chuyên ngành Luật Hành chính); Học tại khu Sóc Trăng,D07,2025,20.0,,THPT
DDQ,Đại học Kinh Tế - Đại học Đà Nẵng,7380107P,Luật kinh tế - Chương trình Luật thương mại quốc tế (P - Bán phần tiếng Anh),A00,2025,25.0,,THPT
DDQ,Trường Đại Học Kinh Tế – Đại Học Đà Nẵng,7380107P,Luật kinh tế - Chương trình Luật thương mại quốc tế (P - Bán phần tiếng Anh),A00,2025,0.0,,THPT
DDQ,Trường Đại Học Kinh Tế – Đại Học Đà Nẵng,7380107P,Luật kinh tế - Chương trình Luật thương mại quốc tế (P - Bán phần tiếng Anh),A01,2025,0.0,,THPT
DDQ,Đại học Kinh Tế - Đại học Đà Nẵng,7380107P,Luật kinh tế - Chương trình Luật thương mại quốc tế (P - Bán phần tiếng Anh),A01,2025,25.0,,THPT
DDQ,Trường Đại Học Kinh Tế – Đại Học Đà Nẵng,7380107P,Luật kinh tế - Chương trình Luật thương mại quốc tế (P - Bán phần tiếng Anh),D01,2025,0.0,,THPT
DDQ,Đại học Kinh Tế - Đại học Đà Nẵng,7380107P,Luật kinh tế - Chương trình Luật thương mại quốc tế (P - Bán phần tiếng Anh),D01,2025,25.0,,THPT
DDQ,Trường Đại Học Kinh Tế – Đại Học Đà Nẵng,7380107P,Luật kinh tế - Chương trình Luật thương mại quốc tế (P - Bán phần tiếng Anh),D07,2025,0.0,,THPT
DDQ,Đại học Kinh Tế - Đại học Đà Nẵng,7380107P,Luật kinh tế - Chương trình Luật thương mại quốc tế (P - Bán phần tiếng Anh),D07,2025,25.0,,THPT
DDQ,Đại học Kinh Tế - Đại học Đà Nẵng,7380107S,Luật kinh tế - Chương trình Luật Kinh tế (S - Tiêu chuẩn),A00,2025,20.0,,THPT
DDQ,Trường Đại Học Kinh Tế – Đại Học Đà Nẵng,7380107S,Luật kinh tế - Chương trình Luật Kinh tế (S - Tiêu chuẩn),A00,2025,20.0,,THPT
DDQ,Trường Đại Học Kinh Tế – Đại Học Đà Nẵng,7380107S,Luật kinh tế - Chương trình Luật Kinh tế (S - Tiêu chuẩn),A01,2025,20.0,,THPT
DDQ,Đại học Kinh Tế - Đại học Đà Nẵng,7380107S,Luật kinh tế - Chương trình Luật Kinh tế (S - Tiêu chuẩn),A01,2025,20.0,,THPT
DDQ,Trường Đại Học Kinh Tế – Đại Học Đà Nẵng,7380107S,Luật kinh tế - Chương trình Luật Kinh tế (S - Tiêu chuẩn),D01,2025,20.0,,THPT
DDQ,Đại học Kinh Tế - Đại học Đà Nẵng,7380107S,Luật kinh tế - Chương trình Luật Kinh tế (S - Tiêu chuẩn),D01,2025,20.0,,THPT
DDQ,Trường Đại Học Kinh Tế – Đại Học Đà Nẵng,7380107S,Luật kinh tế - Chương trình Luật Kinh tế (S - Tiêu chuẩn),D07,2025,20.0,,THPT
DDQ,Đại học Kinh Tế - Đại học Đà Nẵng,7380107S,Luật kinh tế - Chương trình Luật Kinh tế (S - Tiêu chuẩn),D07,2025,20.0,,THPT
DDQ,Đại học Kinh Tế - Đại học Đà Nẵng,7460108S,Khoa học dữ liệu - Chương trình Khoa học dữ liệu (S - Tiêu chuẩn),A00,2025,21.0,,THPT
DDQ,Trường Đại Học Kinh Tế – Đại Học Đà Nẵng,7460108S,Khoa học dữ liệu - Chương trình Khoa học dữ liệu (S - Tiêu chuẩn),A00,2025,21.0,,THPT
DDQ,Trường Đại Học Kinh Tế – Đại Học Đà Nẵng,7460108S,Khoa học dữ liệu - Chương trình Khoa học dữ liệu (S - Tiêu chuẩn),A01,2025,21.0,,THPT
DDQ,Đại học Kinh Tế - Đại học Đà Nẵng,7460108S,Khoa học dữ liệu - Chương trình Khoa học dữ liệu (S - Tiêu chuẩn),A01,2025,21.0,,THPT
DDQ,Trường Đại Học Kinh Tế – Đại Học Đà Nẵng,7460108S,Khoa học dữ liệu - Chương trình Khoa học dữ liệu (S - Tiêu chuẩn),D01,2025,21.0,,THPT
DDQ,Đại học Kinh Tế - Đại học Đà Nẵng,7460108S,Khoa học dữ liệu - Chương trình Khoa học dữ liệu (S - Tiêu chuẩn),D01,2025,21.0,,THPT
DDQ,Trường Đại Học Kinh Tế – Đại Học Đà Nẵng,7460108S,Khoa học dữ liệu - Chương trình Khoa học dữ liệu (S - Tiêu chuẩn),D07,2025,21.0,,THPT
DDQ,Đại học Kinh Tế - Đại học Đà Nẵng,7460108S,Khoa học dữ liệu - Chương trình Khoa học dữ liệu (S - Tiêu chuẩn),D07,2025,21.0,,THPT
DDQ,Đại học Kinh Tế - Đại học Đà Nẵng,7810103P,Quản trị dịch vụ du lịch và lữ hành (chương trình song ngữ Pháp-Việt),A00,2025,23.0,,THPT
DDQ,Trường Đại Học Kinh Tế – Đại Học Đà Nẵng,7810103P,Quản trị dịch vụ du lịch và lữ hành - Chương trình Quản trị kinh doanh du lịch (P - Bán phần tiếng Anh),A00,2025,0.0,,THPT
DDQ,Trường Đại Học Kinh Tế – Đại Học Đà Nẵng,7810103P,Quản trị dịch vụ du lịch và lữ hành - Chương trình Quản trị kinh doanh du lịch (P - Bán phần tiếng Anh),A01,2025,0.0,,THPT
DDQ,Đại học Kinh Tế - Đại học Đà Nẵng,7810103P,Quản trị dịch vụ du lịch và lữ hành (chương trình song ngữ Pháp-Việt),A01,2025,23.0,,THPT
DDQ,Trường Đại Học Kinh Tế – Đại Học Đà Nẵng,7810103P,Quản trị dịch vụ du lịch và lữ hành - Chương trình Quản trị kinh doanh du lịch (P - Bán phần tiếng Anh),D01,2025,0.0,,THPT
DDQ,Đại học Kinh Tế - Đại học Đà Nẵng,7810103P,Quản trị dịch vụ du lịch và lữ hành (chương trình song ngữ Pháp-Việt),D01,2025,23.0,,THPT
DDQ,Trường Đại Học Kinh Tế – Đại Học Đà Nẵng,7810103P,Quản trị dịch vụ du lịch và lữ hành - Chương trình Quản trị kinh doanh du lịch (P - Bán phần tiếng Anh),D07,2025,0.0,,THPT
DDQ,Đại học Kinh Tế - Đại học Đà Nẵng,7810103P,Quản trị dịch vụ du lịch và lữ hành (chương trình song ngữ Pháp-Việt),D07,2025,23.0,,THPT
DDQ,Đại học Kinh Tế - Đại học Đà Nẵng,7810103S,Quản trị dịch vụ du lịch và lữ hành - Chương trình Quản trị dịch vụ du lịch và lữ hành (S - Tiêu chuẩn),A00,2025,20.0,,THPT
DDQ,Trường Đại Học Kinh Tế – Đại Học Đà Nẵng,7810103S,Quản trị dịch vụ du lịch và lữ hành - Chương trình Quản trị dịch vụ du lịch và lữ hành (S - Tiêu chuẩn),A00,2025,20.0,,THPT
DDQ,Trường Đại Học Kinh Tế – Đại Học Đà Nẵng,7810103S,Quản trị dịch vụ du lịch và lữ hành - Chương trình Quản trị dịch vụ du lịch và lữ hành (S - Tiêu chuẩn),A01,2025,20.0,,THPT
DDQ,Đại học Kinh Tế - Đại học Đà Nẵng,7810103S,Quản trị dịch vụ du lịch và lữ hành - Chương trình Quản trị dịch vụ du lịch và lữ hành (S - Tiêu chuẩn),A01,2025,20.0,,THPT
DDQ,Trường Đại Học Kinh Tế – Đại Học Đà Nẵng,7810103S,Quản trị dịch vụ du lịch và lữ hành - Chương trình Quản trị dịch vụ du lịch và lữ hành (S - Tiêu chuẩn),D01,2025,20.0,,THPT
DDQ,Đại học Kinh Tế - Đại học Đà Nẵng,7810103S,Quản trị dịch vụ du lịch và lữ hành - Chương trình Quản trị dịch vụ du lịch và lữ hành (S - Tiêu chuẩn),D01,2025,20.0,,THPT
DDQ,Trường Đại Học Kinh Tế – Đại Học Đà Nẵng,7810103S,Quản trị dịch vụ du lịch và lữ hành - Chương trình Quản trị dịch vụ du lịch và lữ hành (S - Tiêu chuẩn),D07,2025,20.0,,THPT
DDQ,Đại học Kinh Tế - Đại học Đà Nẵng,7810103S,Quản trị dịch vụ du lịch và lữ hành - Chương trình Quản trị dịch vụ du lịch và lữ hành (S - Tiêu chuẩn),D07,2025,20.0,,THPT
DDQ,Đại học Kinh Tế - Đại học Đà Nẵng,7810201P,Quản trị khách sạn - Chương trình Quản trị khách sạn (P - Bán phần tiếng Anh),A00,2025,23.0,,THPT
DDQ,Trường Đại Học Kinh Tế – Đại Học Đà Nẵng,7810201P,Quản trị khách sạn - Chương trình Quản trị khách sạn (P - Bán phần tiếng Anh),A00,2025,0.0,,THPT
DDQ,Trường Đại Học Kinh Tế – Đại Học Đà Nẵng,7810201P,Quản trị khách sạn - Chương trình Quản trị khách sạn (P - Bán phần tiếng Anh),A01,2025,0.0,,THPT
DDQ,Đại học Kinh Tế - Đại học Đà Nẵng,7810201P,Quản trị khách sạn - Chương trình Quản trị khách sạn (P - Bán phần tiếng Anh),A01,2025,23.0,,THPT
DDQ,Trường Đại Học Kinh Tế – Đại Học Đà Nẵng,7810201P,Quản trị khách sạn - Chương trình Quản trị khách sạn (P - Bán phần tiếng Anh),D01,2025,0.0,,THPT
DDQ,Đại học Kinh Tế - Đại học Đà Nẵng,7810201P,Quản trị khách sạn - Chương trình Quản trị khách sạn (P - Bán phần tiếng Anh),D01,2025,23.0,,THPT
DDQ,Trường Đại Học Kinh Tế – Đại Học Đà Nẵng,7810201P,Quản trị khách sạn - Chương trình Quản trị khách sạn (P - Bán phần tiếng Anh),D07,2025,0.0,,THPT
DDQ,Đại học Kinh Tế - Đại học Đà Nẵng,7810201P,Quản trị khách sạn - Chương trình Quản trị khách sạn (P - Bán phần tiếng Anh),D07,2025,23.0,,THPT
DDQ,Đại học Kinh Tế - Đại học Đà Nẵng,7810201S,Quản trị khách sạn - Chương trình Quản trị khách sạn (S - Tiêu chuẩn),A00,2025,20.0,,THPT
DDQ,Trường Đại Học Kinh Tế – Đại Học Đà Nẵng,7810201S,Quản trị khách sạn - Chương trình Quản trị khách sạn (S - Tiêu chuẩn),A00,2025,20.0,,THPT
DDQ,Trường Đại Học Kinh Tế – Đại Học Đà Nẵng,7810201S,Quản trị khách sạn - Chương trình Quản trị khách sạn (S - Tiêu chuẩn),A01,2025,20.0,,THPT
DDQ,Đại học Kinh Tế - Đại học Đà Nẵng,7810201S,Quản trị khách sạn - Chương trình Quản trị khách sạn (S - Tiêu chuẩn),A01,2025,20.0,,THPT
DDQ,Trường Đại Học Kinh Tế – Đại Học Đà Nẵng,7810201S,Quản trị khách sạn - Chương trình Quản trị khách sạn (S - Tiêu chuẩn),D01,2025,20.0,,THPT
DDQ,Đại học Kinh Tế - Đại học Đà Nẵng,7810201S,Quản trị khách sạn - Chương trình Quản trị khách sạn (S - Tiêu chuẩn),D01,2025,20.0,,THPT
DDQ,Trường Đại Học Kinh Tế – Đại Học Đà Nẵng,7810201S,Quản trị khách sạn - Chương trình Quản trị khách sạn (S - Tiêu chuẩn),D07,2025,20.0,,THPT
DDQ,Đại học Kinh Tế - Đại học Đà Nẵng,7810201S,Quản trị khách sạn - Chương trình Quản trị khách sạn (S - Tiêu chuẩn),D07,2025,20.0,,THPT
DDS,Đại học Sư Phạm - Đại học Đà Nẵng,7140202,Giáo dục Tiểu học,D01,2025,24.88,,THPT
DDS,Trường Đại Học Sư Phạm - Đại Học Đà Nẵng,7140202,Giáo dục Tiểu học,D01,2025,24.88,,THPT
DDS,Đại học Sư Phạm - Đại học Đà Nẵng,7140204,Giáo dục Công dân,C00,2025,27.79,,THPT
DDS,Đại học Sư Phạm - Đại học Đà Nẵng,7140205,Giáo dục Chính trị,C00,2025,28.33,,THPT
DDS,Trường Đại Học Sư Phạm - Đại Học Đà Nẵng,7140205,Giáo dục Chính trị,C00,2025,28.33,,THPT
DDS,Đại học Sư Phạm - Đại học Đà Nẵng,7140209,Sư phạm Toán học,A00,2025,28.07,,THPT
DDS,Trường Đại Học Sư Phạm - Đại Học Đà Nẵng,7140209,Sư phạm Toán học,A00,2025,28.07,,THPT
DDS,Trường Đại Học Sư Phạm - Đại Học Đà Nẵng,7140209,Sư phạm Toán học,A01,2025,28.07,,THPT
DDS,Đại học Sư Phạm - Đại học Đà Nẵng,7140209,Sư phạm Toán học,A01,2025,28.07,,THPT
DDS,Đại học Sư Phạm - Đại học Đà Nẵng,7140210,Sư phạm Tin học (Chuyên ngành Tin học – Công nghệ Tiểu học),A00,2025,25.99,,THPT
DDS,Trường Đại Học Sư Phạm - Đại Học Đà Nẵng,7140210,Sư phạm Tin học,A01,2025,25.99,,THPT
DDS,Trường Đại Học Sư Phạm - Đại Học Đà Nẵng,7140210,Sư phạm Tin học,A01,2025,25.99,,THPT
DDS,Đại học Sư Phạm - Đại học Đà Nẵng,7140210,Sư phạm Tin học (Chuyên ngành Tin học – Công nghệ Tiểu học),A01,2025,25.99,,THPT
DDS,Đại học Sư Phạm - Đại học Đà Nẵng,7140211,Sư phạm Vật lý,A00,2025,28.06,,THPT
DDS,Đại học Sư Phạm - Đại học Đà Nẵng,7140211,Sư phạm Vật lý,A01,2025,28.06,,THPT
DDS,Đại học Sư Phạm - Đại học Đà Nẵng,7140212,Sư phạm Hóa học,A00,2025,27.53,,THPT
DDS,Đại học Sư Phạm - Đại học Đà Nẵng,7140212,Sư phạm Hóa học,B00,2025,27.53,,THPT
DDS,Đại học Sư Phạm - Đại học Đà Nẵng,7140212,Sư phạm Hóa học,D07,2025,27.53,,THPT
DDS,Đại học Sư Phạm - Đại học Đà Nẵng,7140213,Sư phạm Sinh học,B00,2025,24.87,,THPT
DDS,Đại học Sư Phạm - Đại học Đà Nẵng,7140217,Sư phạm Ngữ văn,C00,2025,28.84,,THPT
DDS,Đại học Sư Phạm - Đại học Đà Nẵng,7140218,Sư phạm Lịch sử,C00,2025,28.76,,THPT
DDS,Đại học Sư Phạm - Đại học Đà Nẵng,7140219,Sư phạm Địa lý,C00,2025,28.61,,THPT
DDS,Đại học Sư Phạm - Đại học Đà Nẵng,7140247,Sư phạm khoa học tự nhiên,A00,2025,26.81,,THPT
DDS,Đại học Sư Phạm - Đại học Đà Nẵng,7140247,Sư phạm khoa học tự nhiên,B00,2025,26.81,,THPT
DDS,Đại học Sư Phạm - Đại học Đà Nẵng,7140247,Sư phạm khoa học tự nhiên,D07,2025,26.81,,THPT
DDS,Đại học Sư Phạm - Đại học Đà Nẵng,7140249,Sư phạm Lịch sử - Địa lý,C00,2025,28.2,,THPT
DDS,Đại học Sư Phạm - Đại học Đà Nẵng,7140250,Sư phạm Tin học và Công nghệ Tiểu học,D01,2025,22.25,,THPT
DDS,Đại học Sư Phạm - Đại học Đà Nẵng,7229010,Lịch sử,C00,2025,27.0,,THPT
DDS,Đại học Sư Phạm - Đại học Đà Nẵng,7229030,Văn học,C00,2025,27.38,,THPT
DDS,Đại học Sư Phạm - Đại học Đà Nẵng,7229040,Văn hoá học,C00,2025,26.52,,THPT
DDS,Đại học Sư Phạm - Đại học Đà Nẵng,7310401,Tâm lý học,D01,2025,22.7,,THPT
DDS,Đại học Sư Phạm - Đại học Đà Nẵng,7310501,Địa lý học,C00,2025,26.98,,THPT
DDS,Đại học Sư Phạm - Đại học Đà Nẵng,7310630,Việt Nam học,C00,2025,26.87,,THPT
DDS,Đại học Sư Phạm - Đại học Đà Nẵng,7320101,Báo chí,C00,2025,27.16,,THPT
DDS,Trường Đại Học Sư Phạm - Đại Học Đà Nẵng,7320101,Báo chí,C00,2025,27.16,,THPT
DDS,Đại học Sư Phạm - Đại học Đà Nẵng,7320108,Quan hệ công chúng,D01,2025,22.0,,THPT
DDS,Trường Đại Học Sư Phạm - Đại Học Đà Nẵng,7320108,Quan hệ công chúng,D01,2025,22.0,,THPT
DDS,Trường Đại Học Sư Phạm - Đại Học Đà Nẵng,7320108,Quan hệ công chúng,D01,2025,22.0,,THPT
DDS,Đại học Sư Phạm - Đại học Đà Nẵng,7420201,Công nghệ sinh học,B00,2025,16.71,,THPT
DDS,Đại học Sư Phạm - Đại học Đà Nẵng,7440112,Hóa học,A00,2025,21.25,,THPT
DDS,Đại học Sư Phạm - Đại học Đà Nẵng,7440112,Hóa học,B00,2025,21.25,,THPT
DDS,Đại học Sư Phạm - Đại học Đà Nẵng,7440112,Hóa học,D07,2025,21.25,,THPT
DDS,Đại học Sư Phạm - Đại học Đà Nẵng,7460108,Khoa học dữ liệu (Data Science),D01,2025,19.25,,THPT
DDS,Đại học Sư Phạm - Đại học Đà Nẵng,7480201,Công nghệ thông tin,A00,2025,17.5,,THPT
DDS,Trường Đại Học Sư Phạm - Đại Học Đà Nẵng,7480201,Công nghệ thông tin,A01,2025,17.5,,THPT
DDS,Trường Đại Học Sư Phạm - Đại Học Đà Nẵng,7480201,Công nghệ thông tin,A01,2025,17.5,,THPT
DDS,Đại học Sư Phạm - Đại học Đà Nẵng,7480201,Công nghệ thông tin,A01,2025,17.5,,THPT
DDS,Đại học Sư Phạm - Đại học Đà Nẵng,7520401,Vật lý kỹ thuật,A00,2025,21.0,,THPT
DDS,Đại học Sư Phạm - Đại học Đà Nẵng,7520401,Vật lý kỹ thuật,A01,2025,21.0,,THPT
DDS,Đại học Sư Phạm - Đại học Đà Nẵng,7760101,Công tác xã hội,D01,2025,21.35,,THPT
DDS,Đại học Sư Phạm - Đại học Đà Nẵng,7850101,Quản lý tài nguyên và môi trường,D01,2025,20.0,,THPT
DDT,Đại học Dân Lập Duy Tân,7210403,Thiết kế đồ họa,A00,2025,15.0,,THPT
DDT,Đại học Dân Lập Duy Tân,7210403,Thiết kế đồ họa,A01,2025,15.0,,THPT
DDT,Đại học Dân Lập Duy Tân,7210403,Thiết kế đồ họa,D01,2025,15.0,,THPT
DDT,Đại Học Duy Tân,7210403_1,Ngành Thiết kế Đồ họa,A00,2025,15.0,,THPT
DDT,Đại Học Duy Tân,7210403_1,Ngành Thiết kế Đồ họa,A01,2025,15.0,,THPT
DDT,Đại Học Duy Tân,7210403_1,Ngành Thiết kế Đồ họa,D01,2025,15.0,,THPT
DDT,Đại Học Duy Tân,7210403_9,Ngành Thiết kế đồ họa - Chương trình Việt - Nhật,A00,2025,15.0,,THPT
DDT,Đại Học Duy Tân,7210403_9,Ngành Thiết kế đồ họa - Chương trình Việt - Nhật,A01,2025,15.0,,THPT
DDT,Đại Học Duy Tân,7210403_9,Ngành Thiết kế đồ họa - Chương trình Việt - Nhật,D01,2025,15.0,,THPT
DDT,Đại học Dân Lập Duy Tân,7210404,Thiết kế thời trang,A00,2025,15.0,,THPT
DDT,Đại Học Duy Tân,7210404,Ngành Thiết kế Thời trang,A00,2025,15.0,,THPT
DDT,Đại Học Duy Tân,7210404,Ngành Thiết kế Thời trang,A01,2025,15.0,,THPT
DDT,Đại học Dân Lập Duy Tân,7210404,Thiết kế thời trang,A01,2025,15.0,,THPT
DDT,Đại Học Duy Tân,7210404,Ngành Thiết kế Thời trang,D01,2025,15.0,,THPT
DDT,Đại học Dân Lập Duy Tân,7210404,Thiết kế thời trang,D01,2025,15.0,,THPT
DDT,Đại học Dân Lập Duy Tân,7220201,Ngôn ngữ Anh,A01,2025,15.0,,THPT
DDT,Đại Học Duy Tân,7220201,Ngành Ngôn ngữ Anh,A01,2025,15.0,,THPT
DDT,Đại Học Duy Tân,7220201,Ngành Ngôn ngữ Anh,D01,2025,15.0,,THPT
DDT,Đại học Dân Lập Duy Tân,7220201,Ngôn ngữ Anh,D01,2025,15.0,,THPT
DDT,Đại Học Duy Tân,7220201,Ngành Ngôn ngữ Anh,D09,2025,15.0,,THPT
DDT,Đại học Dân Lập Duy Tân,7220201,Ngôn ngữ Anh,D09,2025,15.0,,THPT
DDT,Đại Học Duy Tân,7220201,Ngành Ngôn ngữ Anh,D10,2025,15.0,,THPT
DDT,Đại học Dân Lập Duy Tân,7220201,Ngôn ngữ Anh,D10,2025,15.0,,THPT
DDT,Đại học Dân Lập Duy Tân,7220204,Ngôn ngữ Trung Quốc,A01,2025,15.0,,THPT
DDT,Đại Học Duy Tân,7220204,Ngành Ngôn Ngữ Trung Quốc,A01,2025,15.0,,THPT
DDT,Đại Học Duy Tân,7220204,Ngành Ngôn Ngữ Trung Quốc,D01,2025,15.0,,THPT
DDT,Đại học Dân Lập Duy Tân,7220204,Ngôn ngữ Trung Quốc,D01,2025,15.0,,THPT
DDT,Đại Học Duy Tân,7220204,Ngành Ngôn Ngữ Trung Quốc,D09,2025,15.0,,THPT
DDT,Đại học Dân Lập Duy Tân,7220204,Ngôn ngữ Trung Quốc,D09,2025,15.0,,THPT
DDT,Đại Học Duy Tân,7220204,Ngành Ngôn Ngữ Trung Quốc,D10,2025,15.0,,THPT
DDT,Đại học Dân Lập Duy Tân,7220204,Ngôn ngữ Trung Quốc,D10,2025,15.0,,THPT
DDT,Đại học Dân Lập Duy Tân,7220209,Ngôn ngữ Nhật,A01,2025,15.0,,THPT
DDT,Đại Học Duy Tân,7220209,Ngành Ngôn ngữ Nhật,A01,2025,15.0,,THPT
DDT,Đại Học Duy Tân,7220209,Ngành Ngôn ngữ Nhật,D01,2025,15.0,,THPT
DDT,Đại học Dân Lập Duy Tân,7220209,Ngôn ngữ Nhật,D01,2025,15.0,,THPT
DDT,Đại Học Duy Tân,7220209,Ngành Ngôn ngữ Nhật,D09,2025,15.0,,THPT
DDT,Đại học Dân Lập Duy Tân,7220209,Ngôn ngữ Nhật,D09,2025,15.0,,THPT
DDT,Đại Học Duy Tân,7220209,Ngành Ngôn ngữ Nhật,D10,2025,15.0,,THPT
DDT,Đại học Dân Lập Duy Tân,7220209,Ngôn ngữ Nhật,D10,2025,15.0,,THPT
DDT,Đại học Dân Lập Duy Tân,7220210,Ngôn ngữ Hàn Quốc,A01,2025,15.0,,THPT
DDT,Đại Học Duy Tân,7220210,Ngành Ngôn Ngữ Hàn Quốc,A01,2025,15.0,,THPT
DDT,Đại Học Duy Tân,7220210,Ngành Ngôn Ngữ Hàn Quốc,D01,2025,15.0,,THPT
DDT,Đại học Dân Lập Duy Tân,7220210,Ngôn ngữ Hàn Quốc,D01,2025,15.0,,THPT
DDT,Đại Học Duy Tân,7220210,Ngành Ngôn Ngữ Hàn Quốc,D09,2025,15.0,,THPT
DDT,Đại học Dân Lập Duy Tân,7220210,Ngôn ngữ Hàn Quốc,D09,2025,15.0,,THPT
DDT,Đại Học Duy Tân,7220210,Ngành Ngôn Ngữ Hàn Quốc,D10,2025,15.0,,THPT
DDT,Đại học Dân Lập Duy Tân,7220210,Ngôn ngữ Hàn Quốc,D10,2025,15.0,,THPT
DDT,Đại học Dân Lập Duy Tân,7229030,Văn học,C00,2025,15.0,,THPT
DDT,Đại Học Duy Tân,7229030,Ngành Văn học,C00,2025,15.0,,THPT
DDT,Đại Học Duy Tân,7229030,Ngành Văn học,D01,2025,15.0,,THPT
DDT,Đại học Dân Lập Duy Tân,7229030,Văn học,D01,2025,15.0,,THPT
DDT,Đại học Dân Lập Duy Tân,7310104,Kinh tế đầu tư,A00,2025,15.0,,THPT
DDT,Đại Học Duy Tân,7310104,Ngành Kinh tế Đầu tư có chuyên ngành: Kinh tế đầu tư; Kinh tế quốc tế,A00,2025,15.0,,THPT
DDT,Đại Học Duy Tân,7310104,Ngành Kinh tế Đầu tư có chuyên ngành: Kinh tế đầu tư; Kinh tế quốc tế,A01,2025,15.0,,THPT
DDT,Đại học Dân Lập Duy Tân,7310104,Kinh tế đầu tư,A01,2025,15.0,,THPT
DDT,Đại Học Duy Tân,7310104,Ngành Kinh tế Đầu tư có chuyên ngành: Kinh tế đầu tư; Kinh tế quốc tế,D01,2025,15.0,,THPT
DDT,Đại học Dân Lập Duy Tân,7310104,Kinh tế đầu tư,D01,2025,15.0,,THPT
DDT,Đại học Dân Lập Duy Tân,7310206,Quan hệ quốc tế,C00,2025,15.0,,THPT
DDT,Đại Học Duy Tân,7310206,Ngành Quan hệ Quốc tế,C00,2025,15.0,,THPT
DDT,Đại Học Duy Tân,7310206,Ngành Quan hệ Quốc tế,D01,2025,15.0,,THPT
DDT,Đại học Dân Lập Duy Tân,7310206,Quan hệ quốc tế,D01,2025,15.0,,THPT
DDT,Đại học Dân Lập Duy Tân,7310630,Việt Nam học,C00,2025,15.0,,THPT
DDT,Đại Học Duy Tân,7310630,Ngành Việt Nam học,C00,2025,15.0,,THPT
DDT,Đại Học Duy Tân,7310630,Ngành Việt Nam học,D01,2025,15.0,,THPT
DDT,Đại học Dân Lập Duy Tân,7310630,Việt Nam học,D01,2025,15.0,,THPT
DDT,Đại học Dân Lập Duy Tân,7320104,Truyền thông đa phương tiện,C00,2025,15.0,,THPT
DDT,Đại Học Duy Tân,7320104,Ngành Truyền thông Đa phương tiện,C00,2025,15.0,,THPT
DDT,Đại Học Duy Tân,7320104,Ngành Truyền thông Đa phương tiện,D01,2025,15.0,,THPT
DDT,Đại học Dân Lập Duy Tân,7320104,Truyền thông đa phương tiện,D01,2025,15.0,,THPT
DDT,Đại học Dân Lập Duy Tân,7320108,Quan hệ công chúng,C00,2025,15.0,,THPT
DDT,Đại Học Duy Tân,7320108,Ngành Quan hệ Công chúng,C00,2025,15.0,,THPT
DDT,Đại Học Duy Tân,7320108,Ngành Quan hệ Công chúng,D01,2025,15.0,,THPT
DDT,Đại học Dân Lập Duy Tân,7320108,Quan hệ công chúng,D01,2025,15.0,,THPT
DDT,Đại học Dân Lập Duy Tân,7340101,Quản trị Kinh doanh,A00,2025,15.0,,THPT
DDT,Đại học Dân Lập Duy Tân,7340101,Quản trị Kinh doanh,A01,2025,15.0,,THPT
DDT,Đại học Dân Lập Duy Tân,7340101,Quản trị Kinh doanh,D01,2025,15.0,,THPT
DDT,Đại Học Duy Tân,7340101 (HP),Ngành Quản trị Kinh doanh - Chương trình tài năng,A00,2025,15.0,,THPT
DDT,Đại Học Duy Tân,7340101 (HP),Ngành Quản trị Kinh doanh - Chương trình tài năng,A01,2025,15.0,,THPT
DDT,Đại Học Duy Tân,7340101 (HP),Ngành Quản trị Kinh doanh - Chương trình tài năng,D01,2025,15.0,,THPT
DDT,Đại Học Duy Tân,7340101 (LK),Ngành Quản trị Kinh doanh - Chương trình du học tại chỗ lấy bằng Mỹ,A00,2025,15.0,,THPT
DDT,Đại Học Duy Tân,7340101 (LK),Ngành Quản trị Kinh doanh - Chương trình du học tại chỗ lấy bằng Mỹ,A01,2025,15.0,,THPT
DDT,Đại Học Duy Tân,7340101 (LK),Ngành Quản trị Kinh doanh - Chương trình du học tại chỗ lấy bằng Mỹ,D01,2025,15.0,,THPT
DDT,Đại Học Duy Tân,7340101_2,Ngành Quản trị Kinh doanh,A00,2025,15.0,,THPT
DDT,Đại Học Duy Tân,7340101_2,Ngành Quản trị Kinh doanh,A01,2025,15.0,,THPT
DDT,Đại Học Duy Tân,7340101_2,Ngành Quản trị Kinh doanh,D01,2025,15.0,,THPT
DDT,Đại Học Duy Tân,7340101_6,Ngành Quản trị Kinh doanh - Chương trình Tiên tiến và Quốc tế,A00,2025,15.0,,THPT
DDT,Đại Học Duy Tân,7340101_6,Ngành Quản trị Kinh doanh - Chương trình Tiên tiến và Quốc tế,A01,2025,15.0,,THPT
DDT,Đại Học Duy Tân,7340101_6,Ngành Quản trị Kinh doanh - Chương trình Tiên tiến và Quốc tế,D01,2025,15.0,,THPT
DDT,Đại học Dân Lập Duy Tân,7340115,Marketing,A00,2025,15.0,,THPT
DDT,Đại Học Duy Tân,7340115,"Ngành Marketing có các chuyên ngành: Quản trị kinh doanh Marketing, Digital Marketing",A00,2025,15.0,,THPT
DDT,Đại Học Duy Tân,7340115,"Ngành Marketing có các chuyên ngành: Quản trị kinh doanh Marketing, Digital Marketing",A01,2025,15.0,,THPT
DDT,Đại học Dân Lập Duy Tân,7340115,Marketing,A01,2025,15.0,,THPT
DDT,Đại Học Duy Tân,7340115,"Ngành Marketing có các chuyên ngành: Quản trị kinh doanh Marketing, Digital Marketing",D01,2025,15.0,,THPT
DDT,Đại học Dân Lập Duy Tân,7340115,Marketing,D01,2025,15.0,,THPT
DDT,Đại Học Duy Tân,7340115 (HP),Ngành Marketing - Chương trình Tài năng,A00,2025,15.0,,THPT
DDT,Đại Học Duy Tân,7340115 (HP),Ngành Marketing - Chương trình Tài năng,A01,2025,15.0,,THPT
DDT,Đại Học Duy Tân,7340115 (HP),Ngành Marketing - Chương trình Tài năng,D01,2025,15.0,,THPT
DDT,Đại học Dân Lập Duy Tân,7340121,Kinh doanh thương mại,A00,2025,15.0,,THPT
DDT,Đại Học Duy Tân,7340121,Ngành Kinh doanh Thương mại,A00,2025,15.0,,THPT
DDT,Đại Học Duy Tân,7340121,Ngành Kinh doanh Thương mại,A01,2025,15.0,,THPT
DDT,Đại học Dân Lập Duy Tân,7340121,Kinh doanh thương mại,A01,2025,15.0,,THPT
DDT,Đại Học Duy Tân,7340121,Ngành Kinh doanh Thương mại,D01,2025,15.0,,THPT
DDT,Đại học Dân Lập Duy Tân,7340121,Kinh doanh thương mại,D01,2025,15.0,,THPT
DDT,Đại học Dân Lập Duy Tân,7340122,Thương mại điện tử,A00,2025,15.0,,THPT
DDT,Đại Học Duy Tân,7340122,Ngành Thương mại Điện tử,A00,2025,15.0,,THPT
DDT,Đại Học Duy Tân,7340122,Ngành Thương mại Điện tử,A01,2025,15.0,,THPT
DDT,Đại học Dân Lập Duy Tân,7340122,Thương mại điện tử,A01,2025,15.0,,THPT
DDT,Đại Học Duy Tân,7340122,Ngành Thương mại Điện tử,D01,2025,15.0,,THPT
DDT,Đại học Dân Lập Duy Tân,7340122,Thương mại điện tử,D01,2025,15.0,,THPT
DDT,Đại học Dân Lập Duy Tân,7340201,Tài chính – Ngân hàng,A00,2025,15.0,,THPT
DDT,Đại Học Duy Tân,7340201,"Ngành Tài chính - Ngân hàng có các chuyên ngành: Tài chính Doanh nghiệp, Ngân hàng",A00,2025,15.0,,THPT
DDT,Đại Học Duy Tân,7340201,"Ngành Tài chính - Ngân hàng có các chuyên ngành: Tài chính Doanh nghiệp, Ngân hàng",A01,2025,15.0,,THPT
DDT,Đại học Dân Lập Duy Tân,7340201,Tài chính – Ngân hàng,A01,2025,15.0,,THPT
DDT,Đại Học Duy Tân,7340201,"Ngành Tài chính - Ngân hàng có các chuyên ngành: Tài chính Doanh nghiệp, Ngân hàng",D01,2025,15.0,,THPT
DDT,Đại học Dân Lập Duy Tân,7340201,Tài chính – Ngân hàng,D01,2025,15.0,,THPT
DDT,Đại Học Duy Tân,7340201 (HP),Ngành Tài chính-Ngân hành - Chương trình tài năng,A00,2025,15.0,,THPT
DDT,Đại Học Duy Tân,7340201 (HP),Ngành Tài chính-Ngân hành - Chương trình tài năng,A01,2025,15.0,,THPT
DDT,Đại Học Duy Tân,7340201 (HP),Ngành Tài chính-Ngân hành - Chương trình tài năng,D01,2025,15.0,,THPT
DDT,Đại học Dân Lập Duy Tân,7340205,Công nghệ tài chính,A00,2025,15.0,,THPT
DDT,Đại Học Duy Tân,7340205,Ngành Công nghệ Tài chính,A00,2025,15.0,,THPT
DDT,Đại Học Duy Tân,7340205,Ngành Công nghệ Tài chính,A01,2025,15.0,,THPT
DDT,Đại học Dân Lập Duy Tân,7340205,Công nghệ tài chính,A01,2025,15.0,,THPT
DDT,Đại Học Duy Tân,7340205,Ngành Công nghệ Tài chính,D01,2025,15.0,,THPT
DDT,Đại học Dân Lập Duy Tân,7340205,Công nghệ tài chính,D01,2025,15.0,,THPT
DDT,Đại học Dân Lập Duy Tân,7340301,Kế toán,A00,2025,15.0,,THPT
DDT,Đại Học Duy Tân,7340301,Ngành Kế toán có các chuyên ngành: Kế toán Doanh nghiệp; Kế toán Quản trị,A00,2025,15.0,,THPT
DDT,Đại Học Duy Tân,7340301,Ngành Kế toán có các chuyên ngành: Kế toán Doanh nghiệp; Kế toán Quản trị,A01,2025,15.0,,THPT
DDT,Đại học Dân Lập Duy Tân,7340301,Kế toán,A01,2025,15.0,,THPT
DDT,Đại Học Duy Tân,7340301,Ngành Kế toán có các chuyên ngành: Kế toán Doanh nghiệp; Kế toán Quản trị,D01,2025,15.0,,THPT
DDT,Đại học Dân Lập Duy Tân,7340301,Kế toán,D01,2025,15.0,,THPT
DDT,Đại học Dân Lập Duy Tân,7340302,Kiểm toán,A00,2025,15.0,,THPT
DDT,Đại Học Duy Tân,7340302,Ngành Kiểm toán,A00,2025,15.0,,THPT
DDT,Đại Học Duy Tân,7340302,Ngành Kiểm toán,A01,2025,15.0,,THPT
DDT,Đại học Dân Lập Duy Tân,7340302,Kiểm toán,A01,2025,15.0,,THPT
DDT,Đại Học Duy Tân,7340302,Ngành Kiểm toán,D01,2025,15.0,,THPT
DDT,Đại học Dân Lập Duy Tân,7340302,Kiểm toán,D01,2025,15.0,,THPT
DDT,Đại học Dân Lập Duy Tân,7340404,Quản trị nhân lực,A00,2025,15.0,,THPT
DDT,Đại Học Duy Tân,7340404,Ngành Quản trị Nhân lực,A00,2025,15.0,,THPT
DDT,Đại Học Duy Tân,7340404,Ngành Quản trị Nhân lực,A01,2025,15.0,,THPT
DDT,Đại học Dân Lập Duy Tân,7340404,Quản trị nhân lực,A01,2025,15.0,,THPT
DDT,Đại Học Duy Tân,7340404,Ngành Quản trị Nhân lực,D01,2025,15.0,,THPT
DDT,Đại học Dân Lập Duy Tân,7340404,Quản trị nhân lực,D01,2025,15.0,,THPT
DDT,Đại học Dân Lập Duy Tân,7340405,Hệ thống thông tin,A00,2025,15.0,,THPT
DDT,Đại Học Duy Tân,7340405,Ngành Hệ thống Thông tin Quản lý - Chương trình Tiên tiến và Quốc tế,A00,2025,15.0,,THPT
DDT,Đại Học Duy Tân,7340405,Ngành Hệ thống Thông tin Quản lý - Chương trình Tiên tiến và Quốc tế,A01,2025,15.0,,THPT
DDT,Đại học Dân Lập Duy Tân,7340405,Hệ thống thông tin,A01,2025,15.0,,THPT
DDT,Đại Học Duy Tân,7340405,Ngành Hệ thống Thông tin Quản lý - Chương trình Tiên tiến và Quốc tế,D01,2025,15.0,,THPT
DDT,Đại học Dân Lập Duy Tân,7340405,Hệ thống thông tin,D01,2025,15.0,,THPT
DDT,Đại học Dân Lập Duy Tân,7340412,Quản trị sự kiện,A01,2025,15.0,,THPT
DDT,Đại Học Duy Tân,7340412,Ngành Quản trị Sự kiện,A01,2025,15.0,,THPT
DDT,Đại Học Duy Tân,7340412,Ngành Quản trị Sự kiện,C00,2025,15.0,,THPT
DDT,Đại học Dân Lập Duy Tân,7340412,Quản trị sự kiện,C00,2025,15.0,,THPT
DDT,Đại Học Duy Tân,7340412,Ngành Quản trị Sự kiện,D01,2025,15.0,,THPT
DDT,Đại học Dân Lập Duy Tân,7340412,Quản trị sự kiện,D01,2025,15.0,,THPT
DDT,Đại học Dân Lập Duy Tân,7380101,Ngành Luật,C00,2025,15.0,,THPT
DDT,Đại Học Duy Tân,7380101,Ngành Luật,C00,2025,15.0,,THPT
DDT,Đại Học Duy Tân,7380101,Ngành Luật,D01,2025,15.0,,THPT
DDT,Đại học Dân Lập Duy Tân,7380101,Ngành Luật,D01,2025,15.0,,THPT
DDT,Đại học Dân Lập Duy Tân,7380107,Luật kinh tế,C00,2025,15.0,,THPT
DDT,Đại Học Duy Tân,7380107,Ngành Luật kinh tế,C00,2025,15.0,,THPT
DDT,Đại Học Duy Tân,7380107,Ngành Luật kinh tế,D01,2025,15.0,,THPT
DDT,Đại học Dân Lập Duy Tân,7380107,Luật kinh tế,D01,2025,15.0,,THPT
DDT,Đại học Dân Lập Duy Tân,7420201,Công nghệ sinh học,A00,2025,15.0,,THPT
DDT,Đại Học Duy Tân,7420201,Ngành Công nghệ Sinh học,A00,2025,15.0,,THPT
DDT,Đại Học Duy Tân,7420201,Ngành Công nghệ Sinh học,B00,2025,15.0,,THPT
DDT,Đại học Dân Lập Duy Tân,7420201,Công nghệ sinh học,B00,2025,15.0,,THPT
DDT,Đại Học Duy Tân,7420201,Ngành Công nghệ Sinh học,D08,2025,15.0,,THPT
DDT,Đại học Dân Lập Duy Tân,7420201,Công nghệ sinh học,D08,2025,15.0,,THPT
DDT,Đại học Dân Lập Duy Tân,7460108,Khoa học dữ liệu (Data Science),A00,2025,15.0,,THPT
DDT,Đại Học Duy Tân,7460108,Ngành Khoa học Dữ liệu,A00,2025,15.0,,THPT
DDT,Đại Học Duy Tân,7460108,Ngành Khoa học Dữ liệu,A01,2025,15.0,,THPT
DDT,Đại học Dân Lập Duy Tân,7460108,Khoa học dữ liệu (Data Science),A01,2025,15.0,,THPT
DDT,Đại Học Duy Tân,7460108,Ngành Khoa học Dữ liệu,D01,2025,15.0,,THPT
DDT,Đại học Dân Lập Duy Tân,7460108,Khoa học dữ liệu (Data Science),D01,2025,15.0,,THPT
DDT,Đại học Dân Lập Duy Tân,7480101,Khoa học máy tính,A00,2025,15.0,,THPT
DDT,Đại Học Duy Tân,7480101,"Ngành Khoa học Máy tính có các chuyên ngành Khoa học máy tính, Kỹ thuật máy tính",A00,2025,15.0,,THPT
DDT,Đại Học Duy Tân,7480101,"Ngành Khoa học Máy tính có các chuyên ngành Khoa học máy tính, Kỹ thuật máy tính",A01,2025,15.0,,THPT
DDT,Đại học Dân Lập Duy Tân,7480101,Khoa học máy tính,A01,2025,15.0,,THPT
DDT,Đại Học Duy Tân,7480101,"Ngành Khoa học Máy tính có các chuyên ngành Khoa học máy tính, Kỹ thuật máy tính",D01,2025,15.0,,THPT
DDT,Đại học Dân Lập Duy Tân,7480101,Khoa học máy tính,D01,2025,15.0,,THPT
DDT,Đại Học Duy Tân,7480101 (LK),Ngành Khoa học Máy tính - Chương trình Du học tại chỗ lấy bằng Mỹ,A00,2025,15.0,,THPT
DDT,Đại Học Duy Tân,7480101 (LK),Ngành Khoa học Máy tính - Chương trình Du học tại chỗ lấy bằng Mỹ,A01,2025,15.0,,THPT
DDT,Đại Học Duy Tân,7480101 (LK),Ngành Khoa học Máy tính - Chương trình Du học tại chỗ lấy bằng Mỹ,D01,2025,15.0,,THPT
DDT,Đại học Dân Lập Duy Tân,7480102,Mạng máy tính và truyền thông dữ liệu,A00,2025,15.0,,THPT
DDT,Đại Học Duy Tân,7480102,Ngành Mạng Máy tính & Truyền thông Dữ liệu,A00,2025,15.0,,THPT
DDT,Đại Học Duy Tân,7480102,Ngành Mạng Máy tính & Truyền thông Dữ liệu,A01,2025,15.0,,THPT
DDT,Đại học Dân Lập Duy Tân,7480102,Mạng máy tính và truyền thông dữ liệu,A01,2025,15.0,,THPT
DDT,Đại Học Duy Tân,7480102,Ngành Mạng Máy tính & Truyền thông Dữ liệu,D01,2025,15.0,,THPT
DDT,Đại học Dân Lập Duy Tân,7480102,Mạng máy tính và truyền thông dữ liệu,D01,2025,15.0,,THPT
DDT,Đại học Dân Lập Duy Tân,7480103,Kỹ thuật phần mềm,A00,2025,15.0,,THPT
DDT,Đại học Dân Lập Duy Tân,7480103,Kỹ thuật phần mềm,A01,2025,15.0,,THPT
DDT,Đại học Dân Lập Duy Tân,7480103,Kỹ thuật phần mềm,D01,2025,15.0,,THPT
DDT,Đại Học Duy Tân,7480103_1,Ngành Kỹ thuật Phần mềm có các chuyên ngành Công nghệ Phần mềm; Thiết kế Games và Multimedia),A00,2025,15.0,,THPT
DDT,Đại Học Duy Tân,7480103_1,Ngành Kỹ thuật Phần mềm có các chuyên ngành Công nghệ Phần mềm; Thiết kế Games và Multimedia),A01,2025,15.0,,THPT
DDT,Đại Học Duy Tân,7480103_1,Ngành Kỹ thuật Phần mềm có các chuyên ngành Công nghệ Phần mềm; Thiết kế Games và Multimedia),D01,2025,15.0,,THPT
DDT,Đại Học Duy Tân,7480103_6,Ngành Kỹ thuật Phần mềm - Chương trình Tiên tiến và Quốc tế,A00,2025,15.0,,THPT
DDT,Đại Học Duy Tân,7480103_6,Ngành Kỹ thuật Phần mềm - Chương trình Tiên tiến và Quốc tế,A01,2025,15.0,,THPT
DDT,Đại Học Duy Tân,7480103_6,Ngành Kỹ thuật Phần mềm - Chương trình Tiên tiến và Quốc tế,D01,2025,15.0,,THPT
DDT,Đại Học Duy Tân,7480103_9,Ngành Kỹ thuật Phần mềm - Chương trình Việt Nhật,A00,2025,15.0,,THPT
DDT,Đại Học Duy Tân,7480103_9,Ngành Kỹ thuật Phần mềm - Chương trình Việt Nhật,A01,2025,15.0,,THPT
DDT,Đại Học Duy Tân,7480103_9,Ngành Kỹ thuật Phần mềm - Chương trình Việt Nhật,D01,2025,15.0,,THPT
DDT,Đại học Dân Lập Duy Tân,7480107,Trí tuệ nhân tạo,A00,2025,15.0,,THPT
DDT,Đại Học Duy Tân,7480107,Ngành Trí tuệ Nhân tạo,A00,2025,15.0,,THPT
DDT,Đại Học Duy Tân,7480107,Ngành Trí tuệ Nhân tạo,A01,2025,15.0,,THPT
DDT,Đại học Dân Lập Duy Tân,7480107,Trí tuệ nhân tạo,A01,2025,15.0,,THPT
DDT,Đại Học Duy Tân,7480107,Ngành Trí tuệ Nhân tạo,D01,2025,15.0,,THPT
DDT,Đại học Dân Lập Duy Tân,7480107,Trí tuệ nhân tạo,D01,2025,15.0,,THPT
DDT,Đại học Dân Lập Duy Tân,7480202,An toàn thông tin,A00,2025,15.0,,THPT
DDT,Đại học Dân Lập Duy Tân,7480202,An toàn thông tin,A01,2025,15.0,,THPT
DDT,Đại học Dân Lập Duy Tân,7480202,An toàn thông tin,D01,2025,15.0,,THPT
DDT,Đại Học Duy Tân,7480202_1,Ngành An toàn Thông tin,A00,2025,15.0,,THPT
DDT,Đại Học Duy Tân,7480202_1,Ngành An toàn Thông tin,A01,2025,15.0,,THPT
DDT,Đại Học Duy Tân,7480202_1,Ngành An toàn Thông tin,D01,2025,15.0,,THPT
DDT,Đại Học Duy Tân,7480202_6,Ngành An toàn Thông tin - Chương trình Tiên tiến&Quốc tế,A00,2025,15.0,,THPT
DDT,Đại Học Duy Tân,7480202_6,Ngành An toàn Thông tin - Chương trình Tiên tiến&Quốc tế,A01,2025,15.0,,THPT
DDT,Đại Học Duy Tân,7480202_6,Ngành An toàn Thông tin - Chương trình Tiên tiến&Quốc tế,D01,2025,15.0,,THPT
DDT,Đại học Dân Lập Duy Tân,7510102,Công nghệ kỹ thuật xây dựng dân dụng và công nghiệp,A00,2025,15.0,,THPT
DDT,Đại Học Duy Tân,7510102,Ngành Công nghệ Kỹ thuật Công trình Xây dựng,A00,2025,15.0,,THPT
DDT,Đại Học Duy Tân,7510102,Ngành Công nghệ Kỹ thuật Công trình Xây dựng,A01,2025,15.0,,THPT
DDT,Đại học Dân Lập Duy Tân,7510102,Công nghệ kỹ thuật xây dựng dân dụng và công nghiệp,A01,2025,15.0,,THPT
DDT,Đại Học Duy Tân,7510102,Ngành Công nghệ Kỹ thuật Công trình Xây dựng,D01,2025,15.0,,THPT
DDT,Đại học Dân Lập Duy Tân,7510102,Công nghệ kỹ thuật xây dựng dân dụng và công nghiệp,D01,2025,15.0,,THPT
DDT,Đại học Dân Lập Duy Tân,7510202,Công nghệ chế tạo máy,A00,2025,15.0,,THPT
DDT,Đại Học Duy Tân,7510202,Ngành Công nghệ Chế tạo Máy,A00,2025,15.0,,THPT
DDT,Đại Học Duy Tân,7510202,Ngành Công nghệ Chế tạo Máy,A01,2025,15.0,,THPT
DDT,Đại học Dân Lập Duy Tân,7510202,Công nghệ chế tạo máy,A01,2025,15.0,,THPT
DDT,Đại Học Duy Tân,7510202,Ngành Công nghệ Chế tạo Máy,D01,2025,15.0,,THPT
DDT,Đại học Dân Lập Duy Tân,7510202,Công nghệ chế tạo máy,D01,2025,15.0,,THPT
DDT,Đại học Dân Lập Duy Tân,7510205,Công nghệ kỹ thuật ô tô,A00,2025,15.0,,THPT
DDT,Đại học Dân Lập Duy Tân,7510205,Công nghệ kỹ thuật ô tô,A01,2025,15.0,,THPT
DDT,Đại học Dân Lập Duy Tân,7510205,Công nghệ kỹ thuật ô tô,D01,2025,15.0,,THPT
DDT,Đại Học Duy Tân,7510205_1,Ngành Công nghệ Kỹ thuật Ô tô,A00,2025,15.0,,THPT
DDT,Đại Học Duy Tân,7510205_1,Ngành Công nghệ Kỹ thuật Ô tô,A01,2025,15.0,,THPT
DDT,Đại Học Duy Tân,7510205_1,Ngành Công nghệ Kỹ thuật Ô tô,D01,2025,15.0,,THPT
DDT,Đại Học Duy Tân,7510205_9,Ngành Công nghệ Kỹ thuật Ô tô - Chương trình Việt Nhật,A00,2025,15.0,,THPT
DDT,Đại Học Duy Tân,7510205_9,Ngành Công nghệ Kỹ thuật Ô tô - Chương trình Việt Nhật,A01,2025,15.0,,THPT
DDT,Đại Học Duy Tân,7510205_9,Ngành Công nghệ Kỹ thuật Ô tô - Chương trình Việt Nhật,D01,2025,15.0,,THPT
DDT,Đại học Dân Lập Duy Tân,7510301,"Công nghệ kỹ thuật điện, điện tử",A00,2025,15.0,,THPT
DDT,Đại Học Duy Tân,7510301,"Ngành Công nghệ Kỹ thuật Điện, Điện tử",A00,2025,15.0,,THPT
DDT,Đại Học Duy Tân,7510301,"Ngành Công nghệ Kỹ thuật Điện, Điện tử",A01,2025,15.0,,THPT
DDT,Đại Học Duy Tân,7510301,"Ngành Công nghệ Kỹ thuật Điện, Điện tử",A01,2025,15.0,,THPT
DDT,Đại học Dân Lập Duy Tân,7510301,"Công nghệ kỹ thuật điện, điện tử",A01,2025,15.0,,THPT
DDT,Đại Học Duy Tân,7510301,"Ngành Công nghệ Kỹ thuật Điện, Điện tử",D01,2025,15.0,,THPT
DDT,Đại Học Duy Tân,7510301,"Ngành Công nghệ Kỹ thuật Điện, Điện tử",D01,2025,15.0,,THPT
DDT,Đại học Dân Lập Duy Tân,7510301,"Công nghệ kỹ thuật điện, điện tử",D01,2025,15.0,,THPT
DDT,Đại học Dân Lập Duy Tân,7510406,Công nghệ kỹ thuật Môi trường,A00,2025,15.0,,THPT
DDT,Đại Học Duy Tân,7510406,Ngành Công nghệ Kỹ thuật Môi trường,A00,2025,15.0,,THPT
DDT,Đại Học Duy Tân,7510406,Ngành Công nghệ Kỹ thuật Môi trường,B00,2025,15.0,,THPT
DDT,Đại học Dân Lập Duy Tân,7510406,Công nghệ kỹ thuật Môi trường,B00,2025,15.0,,THPT
DDT,Đại học Dân Lập Duy Tân,7510605,Logistics và Quản lý chuỗi cung ứng,A00,2025,15.0,,THPT
DDT,Đại Học Duy Tân,7510605,Ngành Logistics & Quản lý Chuỗi cung ứng,A00,2025,15.0,,THPT
DDT,Đại Học Duy Tân,7510605,Ngành Logistics & Quản lý Chuỗi cung ứng,A01,2025,15.0,,THPT
DDT,Đại học Dân Lập Duy Tân,7510605,Logistics và Quản lý chuỗi cung ứng,A01,2025,15.0,,THPT
DDT,Đại Học Duy Tân,7510605,Ngành Logistics & Quản lý Chuỗi cung ứng,D01,2025,15.0,,THPT
DDT,Đại học Dân Lập Duy Tân,7510605,Logistics và Quản lý chuỗi cung ứng,D01,2025,15.0,,THPT
DDT,Đại Học Duy Tân,7510605 (HP),Ngành Logistics & Quản lý Chuỗi cung ứng - Chương trình Tài năng,A00,2025,15.0,,THPT
DDT,Đại Học Duy Tân,7510605 (HP),Ngành Logistics & Quản lý Chuỗi cung ứng - Chương trình Tài năng,A01,2025,15.0,,THPT
DDT,Đại Học Duy Tân,7510605 (HP),Ngành Logistics & Quản lý Chuỗi cung ứng - Chương trình Tài năng,D01,2025,15.0,,THPT
DDT,Đại học Dân Lập Duy Tân,7520201,Kỹ thuật điện,A00,2025,15.0,,THPT
DDT,Đại Học Duy Tân,7520201,Ngành Kỹ thuật Điện,A00,2025,15.0,,THPT
DDT,Đại Học Duy Tân,7520201,Ngành Kỹ thuật Điện,A01,2025,15.0,,THPT
DDT,Đại học Dân Lập Duy Tân,7520201,Kỹ thuật điện,A01,2025,15.0,,THPT
DDT,Đại Học Duy Tân,7520201,Ngành Kỹ thuật Điện,D01,2025,15.0,,THPT
DDT,Đại học Dân Lập Duy Tân,7520201,Kỹ thuật điện,D01,2025,15.0,,THPT
DDT,Đại học Dân Lập Duy Tân,7520212,Kỹ thuật y sinh,A00,2025,15.0,,THPT
DDT,Đại Học Duy Tân,7520212,Ngành Kỹ thuật Y sinh,A00,2025,15.0,,THPT
DDT,Đại Học Duy Tân,7520212,Ngành Kỹ thuật Y sinh,B00,2025,15.0,,THPT
DDT,Đại học Dân Lập Duy Tân,7520212,Kỹ thuật y sinh,B00,2025,15.0,,THPT
DDT,Đại Học Duy Tân,7520212,Ngành Kỹ thuật Y sinh,D08,2025,15.0,,THPT
DDT,Đại học Dân Lập Duy Tân,7520212,Kỹ thuật y sinh,D08,2025,15.0,,THPT
DDT,Đại học Dân Lập Duy Tân,7520216,Ngành Kỹ thuật điều khiển & Tự động hóa,A00,2025,15.0,,THPT
DDT,Đại học Dân Lập Duy Tân,7520216,Ngành Kỹ thuật điều khiển & Tự động hóa,A01,2025,15.0,,THPT
DDT,Đại học Dân Lập Duy Tân,7520216,Ngành Kỹ thuật điều khiển & Tự động hóa,D01,2025,15.0,,THPT
DDT,Đại Học Duy Tân,7520216_1,Ngành Kỹ thuật Điều khiển & Tự động hóa,A00,2025,15.0,,THPT
DDT,Đại Học Duy Tân,7520216_1,Ngành Kỹ thuật Điều khiển & Tự động hóa,A01,2025,15.0,,THPT
DDT,Đại Học Duy Tân,7520216_1,Ngành Kỹ thuật Điều khiển & Tự động hóa,D01,2025,15.0,,THPT
DDT,Đại Học Duy Tân,7520216_9,Ngành Kỹ thuật Điều khiển & Tự động hóa - Chương trình Việt Nhật,A00,2025,15.0,,THPT
DDT,Đại Học Duy Tân,7520216_9,Ngành Kỹ thuật Điều khiển & Tự động hóa - Chương trình Việt Nhật,A01,2025,15.0,,THPT
DDT,Đại Học Duy Tân,7520216_9,Ngành Kỹ thuật Điều khiển & Tự động hóa - Chương trình Việt Nhật,D01,2025,15.0,,THPT
DDT,Đại học Dân Lập Duy Tân,7540101,Công nghệ thực phẩm,A00,2025,15.0,,THPT
DDT,Đại học Dân Lập Duy Tân,7540101,Công nghệ thực phẩm,B00,2025,15.0,,THPT
DDT,Đại Học Duy Tân,7540101_1,Ngành Công nghệ Thực phẩm,A00,2025,15.0,,THPT
DDT,Đại Học Duy Tân,7540101_1,Ngành Công nghệ Thực phẩm,B00,2025,15.0,,THPT
DDT,Đại Học Duy Tân,7540101_9,Ngành Công nghệ Thực phẩm - Chương trình Việt Nhật,A00,2025,15.0,,THPT
DDT,Đại Học Duy Tân,7540101_9,Ngành Công nghệ Thực phẩm - Chương trình Việt Nhật,B00,2025,15.0,,THPT
DDT,Đại học Dân Lập Duy Tân,7580201,Kỹ thuật xây dựng,A00,2025,15.0,,THPT
DDT,Đại học Dân Lập Duy Tân,7580201,Kỹ thuật xây dựng,A01,2025,15.0,,THPT
DDT,Đại học Dân Lập Duy Tân,7580201,Kỹ thuật xây dựng,D01,2025,15.0,,THPT
DDT,Đại Học Duy Tân,7580201_1,Ngành Kỹ thuật Xây dựng,A00,2025,15.0,,THPT
DDT,Đại Học Duy Tân,7580201_1,Ngành Kỹ thuật Xây dựng,A01,2025,15.0,,THPT
DDT,Đại Học Duy Tân,7580201_1,Ngành Kỹ thuật Xây dựng,D01,2025,15.0,,THPT
DDT,Đại Học Duy Tân,7580201_6,Ngành Kỹ thuật Xây dựng - Chương trình Tiên tiến và Quốc tế,A00,2025,15.0,,THPT
DDT,Đại Học Duy Tân,7580201_6,Ngành Kỹ thuật Xây dựng - Chương trình Tiên tiến và Quốc tế,A01,2025,15.0,,THPT
DDT,Đại Học Duy Tân,7580201_6,Ngành Kỹ thuật Xây dựng - Chương trình Tiên tiến và Quốc tế,D01,2025,15.0,,THPT
DDT,Đại Học Duy Tân,7580201_9,Ngành Kỹ thuật Xây dựng  - Chương trình Việt Nhật,A00,2025,15.0,,THPT
DDT,Đại Học Duy Tân,7580201_9,Ngành Kỹ thuật Xây dựng  - Chương trình Việt Nhật,A01,2025,15.0,,THPT
DDT,Đại Học Duy Tân,7580201_9,Ngành Kỹ thuật Xây dựng  - Chương trình Việt Nhật,D01,2025,15.0,,THPT
DDT,Đại học Dân Lập Duy Tân,7720101,Y khoa,A00,2025,20.5,,THPT
DDT,Đại Học Duy Tân,7720101,Ngành Y Khoa,A00,2025,20.5,,THPT
DDT,Đại Học Duy Tân,7720101,Ngành Y Khoa,B00,2025,20.5,,THPT
DDT,Đại học Dân Lập Duy Tân,7720101,Y khoa,B00,2025,20.5,,THPT
DDT,Đại Học Duy Tân,7720101,Ngành Y Khoa,D08,2025,20.5,,THPT
DDT,Đại học Dân Lập Duy Tân,7720101,Y khoa,D08,2025,20.5,,THPT
DDT,Đại học Dân Lập Duy Tân,7720201,Dược học,A00,2025,19.0,,THPT
DDT,Đại Học Duy Tân,7720201,Ngành Dược,A00,2025,19.0,,THPT
DDT,Đại Học Duy Tân,7720201,Ngành Dược,B00,2025,19.0,,THPT
DDT,Đại học Dân Lập Duy Tân,7720201,Dược học,B00,2025,19.0,,THPT
DDT,Đại Học Duy Tân,7720201,Ngành Dược,D08,2025,19.0,,THPT
DDT,Đại học Dân Lập Duy Tân,7720201,Dược học,D08,2025,19.0,,THPT
DDT,Đại học Dân Lập Duy Tân,7720301,Điều dưỡng,A00,2025,17.0,,THPT
DDT,Đại học Dân Lập Duy Tân,7720301,Điều dưỡng,B00,2025,17.0,,THPT
DDT,Đại học Dân Lập Duy Tân,7720301,Điều dưỡng,D08,2025,17.0,,THPT
DDT,Đại Học Duy Tân,7720301_5,Ngành Điều dưỡng,A00,2025,17.0,,THPT
DDT,Đại Học Duy Tân,7720301_5,Ngành Điều dưỡng,B00,2025,17.0,,THPT
DDT,Đại Học Duy Tân,7720301_5,Ngành Điều dưỡng,D08,2025,17.0,,THPT
DDT,Đại Học Duy Tân,7720301_9,Ngành Điều dưỡng - Chương trình Việt Nhật,A00,2025,17.0,,THPT
DDT,Đại Học Duy Tân,7720301_9,Ngành Điều dưỡng - Chương trình Việt Nhật,B00,2025,17.0,,THPT
DDT,Đại Học Duy Tân,7720301_9,Ngành Điều dưỡng - Chương trình Việt Nhật,D08,2025,17.0,,THPT
DDT,Đại học Dân Lập Duy Tân,7720501,Răng- Hàm -Mặt,A00,2025,20.5,,THPT
DDT,Đại Học Duy Tân,7720501,Ngành Răng-Hàm-Mặt,A00,2025,20.5,,THPT
DDT,Đại Học Duy Tân,7720501,Ngành Răng-Hàm-Mặt,B00,2025,20.5,,THPT
DDT,Đại học Dân Lập Duy Tân,7720501,Răng- Hàm -Mặt,B00,2025,20.5,,THPT
DDT,Đại Học Duy Tân,7720501,Ngành Răng-Hàm-Mặt,D08,2025,20.5,,THPT
DDT,Đại học Dân Lập Duy Tân,7720501,Răng- Hàm -Mặt,D08,2025,20.5,,THPT
DDT,Đại học Dân Lập Duy Tân,7720601,Kỹ thuật xét nghiệm y học,A00,2025,17.0,,THPT
DDT,Đại Học Duy Tân,7720601,Ngành Kỹ thuật Xét nghiệm Y học,A00,2025,17.0,,THPT
DDT,Đại Học Duy Tân,7720601,Ngành Kỹ thuật Xét nghiệm Y học,B00,2025,17.0,,THPT
DDT,Đại học Dân Lập Duy Tân,7720601,Kỹ thuật xét nghiệm y học,B00,2025,17.0,,THPT
DDT,Đại Học Duy Tân,7720601,Ngành Kỹ thuật Xét nghiệm Y học,D08,2025,17.0,,THPT
DDT,Đại học Dân Lập Duy Tân,7720601,Kỹ thuật xét nghiệm y học,D08,2025,17.0,,THPT
DDT,Đại học Dân Lập Duy Tân,7810101,Du lịch,A01,2025,15.0,,THPT
DDT,Đại Học Duy Tân,7810101,Ngành Du lịch,A01,2025,15.0,,THPT
DDT,Đại Học Duy Tân,7810101,Ngành Du lịch,C00,2025,15.0,,THPT
DDT,Đại học Dân Lập Duy Tân,7810101,Du lịch,C00,2025,15.0,,THPT
DDT,Đại Học Duy Tân,7810101,Ngành Du lịch,D01,2025,15.0,,THPT
DDT,Đại học Dân Lập Duy Tân,7810101,Du lịch,D01,2025,15.0,,THPT
DDT,Đại học Dân Lập Duy Tân,7810103,Quản trị dịch vụ du lịch và lữ hành,A01,2025,15.0,,THPT
DDT,Đại Học Duy Tân,7810103,Ngành Quản trị Dịch vụ Du lịch & Lữ hành,A01,2025,15.0,,THPT
DDT,Đại Học Duy Tân,7810103,Ngành Quản trị Dịch vụ Du lịch & Lữ hành,C00,2025,15.0,,THPT
DDT,Đại học Dân Lập Duy Tân,7810103,Quản trị dịch vụ du lịch và lữ hành,C00,2025,15.0,,THPT
DDT,Đại Học Duy Tân,7810103,Ngành Quản trị Dịch vụ Du lịch & Lữ hành,D01,2025,15.0,,THPT
DDT,Đại học Dân Lập Duy Tân,7810103,Quản trị dịch vụ du lịch và lữ hành,D01,2025,15.0,,THPT
DDT,Đại học Dân Lập Duy Tân,7810201,Quản trị khách sạn,A01,2025,15.0,,THPT
DDT,Đại Học Duy Tân,7810201,Ngành Quản trị Khách sạn,A01,2025,15.0,,THPT
DDT,Đại Học Duy Tân,7810201,Ngành Quản trị Khách sạn,C00,2025,15.0,,THPT
DDT,Đại học Dân Lập Duy Tân,7810201,Quản trị khách sạn,C00,2025,15.0,,THPT
DDT,Đại Học Duy Tân,7810201,Ngành Quản trị Khách sạn,D01,2025,15.0,,THPT
DDT,Đại học Dân Lập Duy Tân,7810201,Quản trị khách sạn,D01,2025,15.0,,THPT
DDT,Đại Học Duy Tân,7810201 (LK),Ngành Quản trị Khách sạn - Chương trình du học tại chỗ lấy bằng Mỹ,A01,2025,15.0,,THPT
DDT,Đại Học Duy Tân,7810201 (LK),Ngành Quản trị Khách sạn - Chương trình du học tại chỗ lấy bằng Mỹ,C00,2025,15.0,,THPT
DDT,Đại Học Duy Tân,7810201 (LK),Ngành Quản trị Khách sạn - Chương trình du học tại chỗ lấy bằng Mỹ,D01,2025,15.0,,THPT
DDT,Đại học Dân Lập Duy Tân,7810202,Quản trị nhà hàng và dịch vụ ăn uống,A01,2025,15.0,,THPT
DDT,Đại Học Duy Tân,7810202,Ngành Quản trị Nhà hàng & Dịch vụ Ăn uống,A01,2025,15.0,,THPT
DDT,Đại Học Duy Tân,7810202,Ngành Quản trị Nhà hàng & Dịch vụ Ăn uống,C00,2025,15.0,,THPT
DDT,Đại học Dân Lập Duy Tân,7810202,Quản trị nhà hàng và dịch vụ ăn uống,C00,2025,15.0,,THPT
DDT,Đại Học Duy Tân,7810202,Ngành Quản trị Nhà hàng & Dịch vụ Ăn uống,D01,2025,15.0,,THPT
DDT,Đại học Dân Lập Duy Tân,7810202,Quản trị nhà hàng và dịch vụ ăn uống,D01,2025,15.0,,THPT
DDT,Đại học Dân Lập Duy Tân,7810501,Kinh tế gia đình,A01,2025,15.0,,THPT
DDT,Đại Học Duy Tân,7810501,Ngành Kinh tế Gia đình,A01,2025,15.0,,THPT
DDT,Đại Học Duy Tân,7810501,Ngành Kinh tế Gia đình,C00,2025,15.0,,THPT
DDT,Đại học Dân Lập Duy Tân,7810501,Kinh tế gia đình,C00,2025,15.0,,THPT
DDT,Đại Học Duy Tân,7810501,Ngành Kinh tế Gia đình,D01,2025,15.0,,THPT
DDT,Đại học Dân Lập Duy Tân,7810501,Kinh tế gia đình,D01,2025,15.0,,THPT
DDT,Đại học Dân Lập Duy Tân,7850101,Quản lý tài nguyên và môi trường,A00,2025,15.0,,THPT
DDT,Đại Học Duy Tân,7850101,Ngành Quản lý Tài nguyên & Môi trường,A00,2025,15.0,,THPT
DDT,Đại Học Duy Tân,7850101,Ngành Quản lý Tài nguyên & Môi trường,B00,2025,15.0,,THPT
DDT,Đại học Dân Lập Duy Tân,7850101,Quản lý tài nguyên và môi trường,B00,2025,15.0,,THPT
DDU,Đại Học Đông Đô,7220204,Ngôn ngữ Trung Quốc,A01,2025,14.0,,THPT
DDU,Trường Đại Học Đông Đô,7220204,Ngôn ngữ Trung Quốc,A01,2025,14.0,,THPT
DDU,Trường Đại Học Đông Đô,7220204,Ngôn ngữ Trung Quốc,C00,2025,14.0,,THPT
DDU,Đại Học Đông Đô,7220204,Ngôn ngữ Trung Quốc,C00,2025,14.0,,THPT
DDU,Trường Đại Học Đông Đô,7220204,Ngôn ngữ Trung Quốc,D01,2025,14.0,,THPT
DDU,Đại Học Đông Đô,7220204,Ngôn ngữ Trung Quốc,D01,2025,14.0,,THPT
DDU,Đại Học Đông Đô,7220209,Ngôn ngữ Nhật,A01,2025,14.0,,THPT
DDU,Trường Đại Học Đông Đô,7220209,Ngôn ngữ Nhật,A01,2025,14.0,,THPT
DDU,Đại Học Đông Đô,7220209,Ngôn ngữ Nhật,C00,2025,14.0,,THPT
DDU,Trường Đại Học Đông Đô,7220209,Ngôn ngữ Nhật,C00,2025,14.0,,THPT
DDU,Đại Học Đông Đô,7220209,Ngôn ngữ Nhật,D01,2025,14.0,,THPT
DDU,Trường Đại Học Đông Đô,7220209,Ngôn ngữ Nhật,D01,2025,14.0,,THPT
DDU,Đại Học Đông Đô,7220210,Ngôn ngữ Hàn Quốc,A01,2025,14.0,,THPT
DDU,Trường Đại Học Đông Đô,7220210,Ngôn Ngữ Hàn Quốc,A01,2025,14.0,,THPT
DDU,Trường Đại Học Đông Đô,7220210,Ngôn Ngữ Hàn Quốc,C00,2025,14.0,,THPT
DDU,Đại Học Đông Đô,7220210,Ngôn ngữ Hàn Quốc,C00,2025,14.0,,THPT
DDU,Trường Đại Học Đông Đô,7220210,Ngôn Ngữ Hàn Quốc,D01,2025,14.0,,THPT
DDU,Đại Học Đông Đô,7220210,Ngôn ngữ Hàn Quốc,D01,2025,14.0,,THPT
DDU,Đại Học Đông Đô,7310205,Quản lý nhà nước,A00,2025,14.0,,THPT
DDU,Trường Đại Học Đông Đô,7310205,Quản lý nhà nước,A00,2025,14.0,,THPT
DDU,Trường Đại Học Đông Đô,7310205,Quản lý nhà nước,A01,2025,14.0,,THPT
DDU,Đại Học Đông Đô,7310205,Quản lý nhà nước,A01,2025,14.0,,THPT
DDU,Trường Đại Học Đông Đô,7310205,Quản lý nhà nước,C00,2025,14.0,,THPT
DDU,Đại Học Đông Đô,7310205,Quản lý nhà nước,C00,2025,14.0,,THPT
DDU,Trường Đại Học Đông Đô,7310205,Quản lý nhà nước,D01,2025,14.0,,THPT
DDU,Đại Học Đông Đô,7310205,Quản lý nhà nước,D01,2025,14.0,,THPT
DDU,Đại Học Đông Đô,7340101,Quản trị Kinh doanh,A00,2025,14.0,,THPT
DDU,Trường Đại Học Đông Đô,7340101,Quản trị kinh doanh,A00,2025,14.0,,THPT
DDU,Trường Đại Học Đông Đô,7340101,Quản trị kinh doanh,A01,2025,14.0,,THPT
DDU,Đại Học Đông Đô,7340101,Quản trị Kinh doanh,A01,2025,14.0,,THPT
DDU,Trường Đại Học Đông Đô,7340101,Quản trị kinh doanh,C00,2025,14.0,,THPT
DDU,Đại Học Đông Đô,7340101,Quản trị Kinh doanh,C00,2025,14.0,,THPT
DDU,Trường Đại Học Đông Đô,7340101,Quản trị kinh doanh,D01,2025,14.0,,THPT
DDU,Đại Học Đông Đô,7340101,Quản trị Kinh doanh,D01,2025,14.0,,THPT
DDU,Đại Học Đông Đô,7340122,Thương mại điện tử,A00,2025,14.0,,THPT
DDU,Trường Đại Học Đông Đô,7340122,Thương mại điện tử,A00,2025,14.0,,THPT
DDU,Trường Đại Học Đông Đô,7340122,Thương mại điện tử,A01,2025,14.0,,THPT
DDU,Đại Học Đông Đô,7340122,Thương mại điện tử,A01,2025,14.0,,THPT
DDU,Trường Đại Học Đông Đô,7340122,Thương mại điện tử,C00,2025,14.0,,THPT
DDU,Đại Học Đông Đô,7340122,Thương mại điện tử,C00,2025,14.0,,THPT
DDU,Trường Đại Học Đông Đô,7340122,Thương mại điện tử,D01,2025,14.0,,THPT
DDU,Đại Học Đông Đô,7340122,Thương mại điện tử,D01,2025,14.0,,THPT
DDU,Đại Học Đông Đô,7340201,Tài chính – Ngân hàng,A00,2025,14.0,,THPT
DDU,Trường Đại Học Đông Đô,7340201,Tài chính - Ngân hàng,A00,2025,14.0,,THPT
DDU,Trường Đại Học Đông Đô,7340201,Tài chính - Ngân hàng,A01,2025,14.0,,THPT
DDU,Đại Học Đông Đô,7340201,Tài chính – Ngân hàng,A01,2025,14.0,,THPT
DDU,Trường Đại Học Đông Đô,7340201,Tài chính - Ngân hàng,C00,2025,14.0,,THPT
DDU,Đại Học Đông Đô,7340201,Tài chính – Ngân hàng,C00,2025,14.0,,THPT
DDU,Trường Đại Học Đông Đô,7340201,Tài chính - Ngân hàng,D01,2025,14.0,,THPT
DDU,Đại Học Đông Đô,7340201,Tài chính – Ngân hàng,D01,2025,14.0,,THPT
DDU,Đại Học Đông Đô,7340301,Kế toán,A00,2025,14.0,,THPT
DDU,Trường Đại Học Đông Đô,7340301,Kế toán,A00,2025,14.0,,THPT
DDU,Trường Đại Học Đông Đô,7340301,Kế toán,A01,2025,14.0,,THPT
DDU,Đại Học Đông Đô,7340301,Kế toán,A01,2025,14.0,,THPT
DDU,Trường Đại Học Đông Đô,7340301,Kế toán,C00,2025,14.0,,THPT
DDU,Đại Học Đông Đô,7340301,Kế toán,C00,2025,14.0,,THPT
DDU,Trường Đại Học Đông Đô,7340301,Kế toán,D01,2025,14.0,,THPT
DDU,Đại Học Đông Đô,7340301,Kế toán,D01,2025,14.0,,THPT
DDU,Đại Học Đông Đô,7380107,Luật kinh tế,A00,2025,18.0,,THPT
DDU,Trường Đại Học Đông Đô,7380107,Luật kinh tế,A00,2025,18.0,,THPT
DDU,Trường Đại Học Đông Đô,7380107,Luật kinh tế,A01,2025,18.0,,THPT
DDU,Đại Học Đông Đô,7380107,Luật kinh tế,A01,2025,18.0,,THPT
DDU,Trường Đại Học Đông Đô,7380107,Luật kinh tế,C00,2025,18.0,,THPT
DDU,Đại Học Đông Đô,7380107,Luật kinh tế,C00,2025,18.0,,THPT
DDU,Trường Đại Học Đông Đô,7380107,Luật kinh tế,D01,2025,18.0,,THPT
DDU,Đại Học Đông Đô,7380107,Luật kinh tế,D01,2025,18.0,,THPT
DDU,Đại Học Đông Đô,7480201,Công nghệ thông tin,A00,2025,14.0,,THPT
DDU,Trường Đại Học Đông Đô,7480201,Công nghệ thông tin,A00,2025,14.0,,THPT
DDU,Trường Đại Học Đông Đô,7480201,Công nghệ thông tin,A01,2025,14.0,,THPT
DDU,Đại Học Đông Đô,7480201,Công nghệ thông tin,A01,2025,14.0,,THPT
DDU,Trường Đại Học Đông Đô,7480201,Công nghệ thông tin,D01,2025,14.0,,THPT
DDU,Đại Học Đông Đô,7480201,Công nghệ thông tin,D01,2025,14.0,,THPT
DDU,Đại Học Đông Đô,7510205,Công nghệ kỹ thuật ô tô,A00,2025,14.0,,THPT
DDU,Trường Đại Học Đông Đô,7510205,Công nghệ kỹ thuật ô tô,A00,2025,14.0,,THPT
DDU,Trường Đại Học Đông Đô,7510205,Công nghệ kỹ thuật ô tô,A01,2025,14.0,,THPT
DDU,Đại Học Đông Đô,7510205,Công nghệ kỹ thuật ô tô,A01,2025,14.0,,THPT
DDU,Trường Đại Học Đông Đô,7510205,Công nghệ kỹ thuật ô tô,D01,2025,14.0,,THPT
DDU,Đại Học Đông Đô,7510205,Công nghệ kỹ thuật ô tô,D01,2025,14.0,,THPT
DDU,Đại Học Đông Đô,7640101,Thú y,A00,2025,14.0,,THPT
DDU,Trường Đại Học Đông Đô,7640101,Thú y,A00,2025,14.0,,THPT
DDU,Trường Đại Học Đông Đô,7640101,Thú y,A01,2025,14.0,,THPT
DDU,Đại Học Đông Đô,7640101,Thú y,A01,2025,14.0,,THPT
DDU,Trường Đại Học Đông Đô,7640101,Thú y,B00,2025,14.0,,THPT
DDU,Đại Học Đông Đô,7640101,Thú y,B00,2025,14.0,,THPT
DDU,Trường Đại Học Đông Đô,7640101,Thú y,D01,2025,14.0,,THPT
DDU,Đại Học Đông Đô,7640101,Thú y,D01,2025,14.0,,THPT
DDU,Đại Học Đông Đô,7720201,Dược học,A00,2025,19.0,,THPT
DDU,Trường Đại Học Đông Đô,7720201,Dược học,A00,2025,19.0,,THPT
DDU,Trường Đại Học Đông Đô,7720201,Dược học,B00,2025,19.0,,THPT
DDU,Đại Học Đông Đô,7720201,Dược học,B00,2025,19.0,,THPT
DDU,Trường Đại Học Đông Đô,7720201,Dược học,D07,2025,19.0,,THPT
DDU,Đại Học Đông Đô,7720201,Dược học,D07,2025,19.0,,THPT
DDU,Đại Học Đông Đô,7720301,Điều dưỡng,A00,2025,17.0,,THPT
DDU,Trường Đại Học Đông Đô,7720301,Điều dưỡng,A00,2025,17.0,,THPT
DDU,Trường Đại Học Đông Đô,7720301,Điều dưỡng,A01,2025,17.0,,THPT
DDU,Đại Học Đông Đô,7720301,Điều dưỡng,A01,2025,17.0,,THPT
DDU,Trường Đại Học Đông Đô,7720301,Điều dưỡng,B00,2025,17.0,,THPT
DDU,Đại Học Đông Đô,7720301,Điều dưỡng,B00,2025,17.0,,THPT
DDU,Trường Đại Học Đông Đô,7720301,Điều dưỡng,D07,2025,17.0,,THPT
DDU,Đại Học Đông Đô,7720301,Điều dưỡng,D07,2025,17.0,,THPT
DDU,Đại Học Đông Đô,7720601,Kỹ thuật xét nghiệm y học,A00,2025,17.0,,THPT
DDU,Trường Đại Học Đông Đô,7720601,Kỹ thuật xét nghiệm y học,A00,2025,17.0,,THPT
DDU,Trường Đại Học Đông Đô,7720601,Kỹ thuật xét nghiệm y học,A01,2025,17.0,,THPT
DDU,Đại Học Đông Đô,7720601,Kỹ thuật xét nghiệm y học,A01,2025,17.0,,THPT
DDU,Trường Đại Học Đông Đô,7720601,Kỹ thuật xét nghiệm y học,B00,2025,17.0,,THPT
DDU,Đại Học Đông Đô,7720601,Kỹ thuật xét nghiệm y học,B00,2025,17.0,,THPT
DDU,Trường Đại Học Đông Đô,7720601,Kỹ thuật xét nghiệm y học,D07,2025,17.0,,THPT
DDU,Đại Học Đông Đô,7720601,Kỹ thuật xét nghiệm y học,D07,2025,17.0,,THPT
DDV,Viện Nghiên cứu và Đào tạo Việt - Anh - Đại học Đà Nẵng,7340120,Ngành Kinh doanh quốc tế,A01,2025,15.25,,THPT
DDV,Viện Nghiên cứu và Đào tạo Việt - Anh - Đại học Đà Nẵng,7340120,Ngành Kinh doanh quốc tế,D01,2025,15.25,,THPT
DDV,Viện Nghiên cứu và Đào tạo Việt - Anh - Đại học Đà Nẵng,7340120,Ngành Kinh doanh quốc tế,D07,2025,15.25,,THPT
DDV,Viện Nghiên cứu và Đào tạo Việt - Anh - Đại học Đà Nẵng,7340120,Ngành Kinh doanh quốc tế,D09,2025,15.25,,THPT
DDV,Viện Nghiên cứu và Đào tạo Việt - Anh - Đại học Đà Nẵng,7340120,Ngành Kinh doanh quốc tế,D10,2025,15.25,,THPT
DDV,Viện Nghiên cứu và Đào tạo Việt - Anh - Đại học Đà Nẵng,7420201,Công nghệ sinh học,A00,2025,15.25,,THPT
DDV,Viện Nghiên cứu và Đào tạo Việt - Anh - Đại học Đà Nẵng,7420201,Công nghệ sinh học,B00,2025,15.25,,THPT
DDV,Viện Nghiên cứu và Đào tạo Việt - Anh - Đại học Đà Nẵng,7420201,Công nghệ sinh học,D01,2025,15.25,,THPT
DDV,Viện Nghiên cứu và Đào tạo Việt - Anh - Đại học Đà Nẵng,7420201,Công nghệ sinh học,D07,2025,15.25,,THPT
DDV,Viện Nghiên cứu và Đào tạo Việt - Anh - Đại học Đà Nẵng,7420204,Khoa học Y sinh,A00,2025,16.0,,THPT
DDV,Viện Nghiên cứu và Đào tạo Việt - Anh - Đại học Đà Nẵng,7420204,Khoa học Y sinh,B00,2025,16.0,,THPT
DDV,Viện Nghiên cứu và Đào tạo Việt - Anh - Đại học Đà Nẵng,7420204,Khoa học Y sinh,D01,2025,16.0,,THPT
DDV,Viện Nghiên cứu và Đào tạo Việt - Anh - Đại học Đà Nẵng,7420204,Khoa học Y sinh,D07,2025,16.0,,THPT
DDV,Viện Nghiên cứu và Đào tạo Việt - Anh - Đại học Đà Nẵng,7480101-CSE,Khoa học Máy tính,A00,2025,15.5,,THPT
DDV,Viện Nghiên cứu và Đào tạo Việt - Anh - Đại học Đà Nẵng,7480101-CSE,Khoa học Máy tính,A01,2025,15.5,,THPT
DDV,Viện Nghiên cứu và Đào tạo Việt - Anh - Đại học Đà Nẵng,7480101-CSE,Khoa học Máy tính,D01,2025,15.5,,THPT
DDV,Viện Nghiên cứu và Đào tạo Việt - Anh - Đại học Đà Nẵng,7480101-SE,Khoa học Máy tính - Chuyên ngành Công nghệ phần mềm,A00,2025,15.5,,THPT
DDV,Viện Nghiên cứu và Đào tạo Việt - Anh - Đại học Đà Nẵng,7480101-SE,Khoa học Máy tính - Chuyên ngành Công nghệ phần mềm,A01,2025,15.5,,THPT
DDV,Viện Nghiên cứu và Đào tạo Việt - Anh - Đại học Đà Nẵng,7480101-SE,Khoa học Máy tính - Chuyên ngành Công nghệ phần mềm,D01,2025,15.5,,THPT
DDV,Viện Nghiên cứu và Đào tạo Việt - Anh - Đại học Đà Nẵng,7480106,Kỹ thuật máy tính,A00,2025,15.15,,THPT
DDV,Viện Nghiên cứu và Đào tạo Việt - Anh - Đại học Đà Nẵng,7480106,Kỹ thuật máy tính,A01,2025,15.15,,THPT
DDV,Viện Nghiên cứu và Đào tạo Việt - Anh - Đại học Đà Nẵng,7480106,Kỹ thuật máy tính,D01,2025,15.15,,THPT
DDV,Viện Nghiên cứu và Đào tạo Việt - Anh - Đại học Đà Nẵng,7510402,Công nghệ vật liệu,A00,2025,15.5,,THPT
DDV,Viện Nghiên cứu và Đào tạo Việt - Anh - Đại học Đà Nẵng,7510402,Công nghệ vật liệu,A01,2025,15.5,,THPT
DDV,Viện Nghiên cứu và Đào tạo Việt - Anh - Đại học Đà Nẵng,7510402,Công nghệ vật liệu,B00,2025,15.5,,THPT
DDV,Viện Nghiên cứu và Đào tạo Việt - Anh - Đại học Đà Nẵng,7510402,Công nghệ vật liệu,D01,2025,15.5,,THPT
DDV,Viện Nghiên cứu và Đào tạo Việt - Anh - Đại học Đà Nẵng,7810201,Quản trị khách sạn,A01,2025,15.5,,THPT
DDV,Viện Nghiên cứu và Đào tạo Việt - Anh - Đại học Đà Nẵng,7810201,Quản trị khách sạn,D01,2025,15.5,,THPT
DDV,Viện Nghiên cứu và Đào tạo Việt - Anh - Đại học Đà Nẵng,7810201,Quản trị khách sạn,D07,2025,15.5,,THPT
DDV,Viện Nghiên cứu và Đào tạo Việt - Anh - Đại học Đà Nẵng,7810201,Quản trị khách sạn,D09,2025,15.5,,THPT
DDV,Viện Nghiên cứu và Đào tạo Việt - Anh - Đại học Đà Nẵng,7810201,Quản trị khách sạn,D10,2025,15.5,,THPT
DDY,Khoa Y Dược - Đại học Đà Nẵng,7310401,Tâm lý học,B00,2025,17.7,,THPT
DDY,Trường Y Dược Đà Nẵng,7310401,Tâm lí học (Định hướng lâm sàng),B00,2025,17.7,,THPT
DDY,Trường Y Dược Đà Nẵng,7310401,Tâm lí học (Định hướng lâm sàng),D01,2025,17.7,,THPT
DDY,Khoa Y Dược - Đại học Đà Nẵng,7310401,Tâm lý học,D01,2025,17.7,,THPT
DDY,Khoa Y Dược - Đại học Đà Nẵng,7720101,Y khoa,B00,2025,23.0,,THPT
DDY,Trường Y Dược Đà Nẵng,7720101,Y khoa,B00,2025,23.0,,THPT
DDY,Khoa Y Dược - Đại học Đà Nẵng,7720201,Dược học,A00,2025,19.5,,THPT
DDY,Trường Y Dược Đà Nẵng,7720201,Dược học,A00,2025,19.5,,THPT
DDY,Khoa Y Dược - Đại học Đà Nẵng,7720201,Dược học,B00,2025,19.5,,THPT
DDY,Trường Y Dược Đà Nẵng,7720201,Dược học,B00,2025,19.5,,THPT
DDY,Trường Y Dược Đà Nẵng,7720201,Dược học,D07,2025,19.5,,THPT
DDY,Khoa Y Dược - Đại học Đà Nẵng,7720201,Dược học,D07,2025,19.5,,THPT
DDY,Khoa Y Dược - Đại học Đà Nẵng,7720203,Hoá dược,A00,2025,16.5,,THPT
DDY,Trường Y Dược Đà Nẵng,7720203,Hóa dược,A00,2025,16.5,,THPT
DDY,Khoa Y Dược - Đại học Đà Nẵng,7720203,Hoá dược,A01,2025,16.5,,THPT
DDY,Trường Y Dược Đà Nẵng,7720203,Hóa dược,A01,2025,16.5,,THPT
DDY,Khoa Y Dược - Đại học Đà Nẵng,7720203,Hoá dược,B00,2025,16.5,,THPT
DDY,Trường Y Dược Đà Nẵng,7720203,Hóa dược,B00,2025,16.5,,THPT
DDY,Trường Y Dược Đà Nẵng,7720203,Hóa dược,D07,2025,16.5,,THPT
DDY,Khoa Y Dược - Đại học Đà Nẵng,7720203,Hoá dược,D07,2025,16.5,,THPT
DDY,Khoa Y Dược - Đại học Đà Nẵng,7720301,Điều dưỡng,A00,2025,28.8,,THPT
DDY,Trường Y Dược Đà Nẵng,7720301,Điều dưỡng,A00,2025,18.8,,THPT
DDY,Khoa Y Dược - Đại học Đà Nẵng,7720301,Điều dưỡng,B00,2025,28.8,,THPT
DDY,Trường Y Dược Đà Nẵng,7720301,Điều dưỡng,B00,2025,18.8,,THPT
DDY,Trường Y Dược Đà Nẵng,7720301,Điều dưỡng,D07,2025,18.8,,THPT
DDY,Khoa Y Dược - Đại học Đà Nẵng,7720301,Điều dưỡng,D07,2025,28.8,,THPT
DDY,Khoa Y Dược - Đại học Đà Nẵng,7720501,Răng- Hàm -Mặt,B00,2025,23.23,,THPT
DDY,Trường Y Dược Đà Nẵng,7720501,Răng - Hàm - Mặt,B00,2025,23.23,,THPT
DDY,Khoa Y Dược - Đại học Đà Nẵng,7720601,Kỹ thuật xét nghiệm y học,A00,2025,19.85,,THPT
DDY,Trường Y Dược Đà Nẵng,7720601,Kỹ thuật xét nghiệm y học,A00,2025,19.85,,THPT
DDY,Khoa Y Dược - Đại học Đà Nẵng,7720601,Kỹ thuật xét nghiệm y học,B00,2025,19.85,,THPT
DDY,Trường Y Dược Đà Nẵng,7720601,Kỹ thuật xét nghiệm y học,B00,2025,19.85,,THPT
DDY,Khoa Y Dược - Đại học Đà Nẵng,7720601,Kỹ thuật xét nghiệm y học,D07,2025,19.85,,THPT
DFA,Trường Đại học Tài chính Quản trị kinh doanh,7310101,Kinh tế,A00,2025,19.0,,THPT
DFA,Trường Đại học Tài chính Quản trị kinh doanh,7310101,Kinh tế,A01,2025,19.0,,THPT
DFA,Trường Đại học Tài chính Quản trị kinh doanh,7310101,Kinh tế,D01,2025,19.0,,THPT
DFA,Trường Đại học Tài chính Quản trị kinh doanh,7340101,Quản trị kinh doanh,A00,2025,15.0,,THPT
DFA,Trường Đại học Tài chính Quản trị kinh doanh,7340101,Quản trị kinh doanh,A01,2025,15.0,,THPT
DFA,Trường Đại học Tài chính Quản trị kinh doanh,7340101,Quản trị kinh doanh,D01,2025,15.0,,THPT
DFA,Trường Đại học Tài chính Quản trị kinh doanh,7340120,Kinh doanh quốc tế,A00,2025,15.0,,THPT
DFA,Trường Đại học Tài chính Quản trị kinh doanh,7340120,Kinh doanh quốc tế,A01,2025,15.0,,THPT
DFA,Trường Đại học Tài chính Quản trị kinh doanh,7340120,Kinh doanh quốc tế,D01,2025,15.0,,THPT
DFA,Trường Đại học Tài chính Quản trị kinh doanh,7340201,Tài chính - Ngân hàng,A00,2025,15.0,,THPT
DFA,Trường Đại học Tài chính Quản trị kinh doanh,7340201,Tài chính - Ngân hàng,A01,2025,15.0,,THPT
DFA,Trường Đại học Tài chính Quản trị kinh doanh,7340201,Tài chính - Ngân hàng,D01,2025,15.0,,THPT
DFA,Trường Đại học Tài chính Quản trị kinh doanh,7340301,Kế toán,A00,2025,15.0,,THPT
DFA,Trường Đại học Tài chính Quản trị kinh doanh,7340301,Kế toán,A01,2025,15.0,,THPT
DFA,Trường Đại học Tài chính Quản trị kinh doanh,7340301,Kế toán,D01,2025,15.0,,THPT
DFA,Trường Đại học Tài chính Quản trị kinh doanh,7340302,Kiểm toán,A00,2025,15.0,,THPT
DFA,Trường Đại học Tài chính Quản trị kinh doanh,7340302,Kiểm toán,A01,2025,15.0,,THPT
DFA,Trường Đại học Tài chính Quản trị kinh doanh,7340302,Kiểm toán,D01,2025,15.0,,THPT
DFA,Trường Đại học Tài chính Quản trị kinh doanh,7340405,Hệ thống thông tin quản lý,A00,2025,15.0,,THPT
DFA,Trường Đại học Tài chính Quản trị kinh doanh,7340405,Hệ thống thông tin quản lý,A01,2025,15.0,,THPT
DFA,Trường Đại học Tài chính Quản trị kinh doanh,7340405,Hệ thống thông tin quản lý,D01,2025,15.0,,THPT
DHA,Đại học Luật - Đại học Huế,7380101,Ngành Luật,A00,2025,22.0,,THPT
DHA,Trường Đại học Luật Huế,7380101,Luật,A00,2025,22.0,,THPT
DHA,Trường Đại học Luật Huế,7380101,Luật Kinh tế,A00,2025,22.0,,THPT
DHA,Trường Đại học Luật Huế,7380101,Luật,C00,2025,22.0,,THPT
DHA,Trường Đại học Luật Huế,7380101,Luật Kinh tế,C00,2025,22.0,,THPT
DHA,Đại học Luật - Đại học Huế,7380101,Ngành Luật,C00,2025,22.0,,THPT
DHA,Trường Đại học Luật Huế,7380101,Luật,D01,2025,22.0,,THPT
DHA,Trường Đại học Luật Huế,7380101,Luật Kinh tế,D01,2025,22.0,,THPT
DHA,Đại học Luật - Đại học Huế,7380101,Ngành Luật,D01,2025,22.0,,THPT
DHA,Đại học Luật - Đại học Huế,7380107,Luật kinh tế,A00,2025,22.0,,THPT
DHA,Đại học Luật - Đại học Huế,7380107,Luật kinh tế,C00,2025,22.0,,THPT
DHA,Đại học Luật - Đại học Huế,7380107,Luật kinh tế,D01,2025,22.0,,THPT
DHD,Khoa Du Lịch - Đại học Huế,7340101,Quản trị Kinh doanh,A00,2025,19.5,,THPT
DHD,Trường Du Lịch - Đại Học Huế,7340101,Quản trị kinh doanh,A00,2025,19.5,,THPT
DHD,Trường Du Lịch - Đại Học Huế,7340101,Quản trị kinh doanh,C00,2025,19.5,,THPT
DHD,Khoa Du Lịch - Đại học Huế,7340101,Quản trị Kinh doanh,C00,2025,19.5,,THPT
DHD,Trường Du Lịch - Đại Học Huế,7340101,Quản trị kinh doanh,D01,2025,19.5,,THPT
DHD,Khoa Du Lịch - Đại học Huế,7340101,Quản trị Kinh doanh,D01,2025,19.5,,THPT
DHD,Trường Du Lịch - Đại Học Huế,7340101,Quản trị kinh doanh,D10,2025,19.5,,THPT
DHD,Khoa Du Lịch - Đại học Huế,7340101,Quản trị Kinh doanh,D10,2025,19.5,,THPT
DHD,Khoa Du Lịch - Đại học Huế,7810101,Du lịch,A00,2025,19.5,,THPT
DHD,Trường Du Lịch - Đại Học Huế,7810101,Du lịch,A00,2025,19.5,,THPT
DHD,Trường Du Lịch - Đại Học Huế,7810101,Du lịch,C00,2025,19.5,,THPT
DHD,Khoa Du Lịch - Đại học Huế,7810101,Du lịch,C00,2025,19.5,,THPT
DHD,Trường Du Lịch - Đại Học Huế,7810101,Du lịch,D01,2025,19.5,,THPT
DHD,Khoa Du Lịch - Đại học Huế,7810101,Du lịch,D01,2025,19.5,,THPT
DHD,Trường Du Lịch - Đại Học Huế,7810101,Du lịch,D10,2025,19.5,,THPT
DHD,Khoa Du Lịch - Đại học Huế,7810101,Du lịch,D10,2025,19.5,,THPT
DHD,Khoa Du Lịch - Đại học Huế,7810102,Du lịch điện tử,A00,2025,15.0,,THPT
DHD,Trường Du Lịch - Đại Học Huế,7810102,Du lịch điện tử,A00,2025,15.0,,THPT
DHD,Trường Du Lịch - Đại Học Huế,7810102,Du lịch điện tử,A01,2025,15.0,,THPT
DHD,Khoa Du Lịch - Đại học Huế,7810102,Du lịch điện tử,A01,2025,15.0,,THPT
DHD,Trường Du Lịch - Đại Học Huế,7810102,Du lịch điện tử,D01,2025,15.0,,THPT
DHD,Khoa Du Lịch - Đại học Huế,7810102,Du lịch điện tử,D01,2025,15.0,,THPT
DHD,Trường Du Lịch - Đại Học Huế,7810102,Du lịch điện tử,D10,2025,15.0,,THPT
DHD,Khoa Du Lịch - Đại học Huế,7810102,Du lịch điện tử,D10,2025,15.0,,THPT
DHD,Khoa Du Lịch - Đại học Huế,7810103,Quản trị dịch vụ du lịch và lữ hành,A00,2025,19.75,,THPT
DHD,Trường Du Lịch - Đại Học Huế,7810103,Quản trị dịch vụ du lịch và lữ hành,A00,2025,19.75,,THPT
DHD,Trường Du Lịch - Đại Học Huế,7810103,Quản trị dịch vụ du lịch và lữ hành,C00,2025,19.75,,THPT
DHD,Khoa Du Lịch - Đại học Huế,7810103,Quản trị dịch vụ du lịch và lữ hành,C00,2025,19.75,,THPT
DHD,Trường Du Lịch - Đại Học Huế,7810103,Quản trị dịch vụ du lịch và lữ hành,D01,2025,19.75,,THPT
DHD,Khoa Du Lịch - Đại học Huế,7810103,Quản trị dịch vụ du lịch và lữ hành,D01,2025,19.75,,THPT
DHD,Trường Du Lịch - Đại Học Huế,7810103,Quản trị dịch vụ du lịch và lữ hành,D10,2025,19.75,,THPT
DHD,Khoa Du Lịch - Đại học Huế,7810103,Quản trị dịch vụ du lịch và lữ hành,D10,2025,19.75,,THPT
DHD,Khoa Du Lịch - Đại học Huế,7810104,Quản trị du lịch và khách sạn,A00,2025,21.5,,THPT
DHD,Trường Du Lịch - Đại Học Huế,7810104,Quản trị du lịch và khách sạn,A00,2025,21.5,,THPT
DHD,Trường Du Lịch - Đại Học Huế,7810104,Quản trị du lịch và khách sạn,C00,2025,21.5,,THPT
DHD,Khoa Du Lịch - Đại học Huế,7810104,Quản trị du lịch và khách sạn,C00,2025,21.5,,THPT
DHD,Trường Du Lịch - Đại Học Huế,7810104,Quản trị du lịch và khách sạn,D01,2025,21.5,,THPT
DHD,Khoa Du Lịch - Đại học Huế,7810104,Quản trị du lịch và khách sạn,D01,2025,21.5,,THPT
DHD,Trường Du Lịch - Đại Học Huế,7810104,Quản trị du lịch và khách sạn,D10,2025,21.5,,THPT
DHD,Khoa Du Lịch - Đại học Huế,7810104,Quản trị du lịch và khách sạn,D10,2025,21.5,,THPT
DHD,Khoa Du Lịch - Đại học Huế,7810201,Quản trị khách sạn,A00,2025,18.5,,THPT
DHD,Trường Du Lịch - Đại Học Huế,7810201,Quản trị khách sạn,A00,2025,18.5,,THPT
DHD,Trường Du Lịch - Đại Học Huế,7810201,Quản trị khách sạn,C00,2025,18.5,,THPT
DHD,Khoa Du Lịch - Đại học Huế,7810201,Quản trị khách sạn,C00,2025,18.5,,THPT
DHD,Trường Du Lịch - Đại Học Huế,7810201,Quản trị khách sạn,D01,2025,18.5,,THPT
DHD,Khoa Du Lịch - Đại học Huế,7810201,Quản trị khách sạn,D01,2025,18.5,,THPT
DHD,Trường Du Lịch - Đại Học Huế,7810201,Quản trị khách sạn,D10,2025,18.5,,THPT
DHD,Khoa Du Lịch - Đại học Huế,7810201,Quản trị khách sạn,D10,2025,18.5,,THPT
DHD,Khoa Du Lịch - Đại học Huế,7810202,Quản trị nhà hàng và dịch vụ ăn uống,A00,2025,16.75,,THPT
DHD,Trường Du Lịch - Đại Học Huế,7810202,Quản trị nhà hàng và dịch vụ ăn uống,A00,2025,16.75,,THPT
DHD,Trường Du Lịch - Đại Học Huế,7810202,Quản trị nhà hàng và dịch vụ ăn uống,C00,2025,16.75,,THPT
DHD,Khoa Du Lịch - Đại học Huế,7810202,Quản trị nhà hàng và dịch vụ ăn uống,C00,2025,16.75,,THPT
DHD,Trường Du Lịch - Đại Học Huế,7810202,Quản trị nhà hàng và dịch vụ ăn uống,D01,2025,16.75,,THPT
DHD,Khoa Du Lịch - Đại học Huế,7810202,Quản trị nhà hàng và dịch vụ ăn uống,D01,2025,16.75,,THPT
DHD,Trường Du Lịch - Đại Học Huế,7810202,Quản trị nhà hàng và dịch vụ ăn uống,D10,2025,16.75,,THPT
DHD,Khoa Du Lịch - Đại học Huế,7810202,Quản trị nhà hàng và dịch vụ ăn uống,D10,2025,16.75,,THPT
DHE,Khoa Kỹ thuật và Công Nghệ - ĐH Huế,7480112KS,Khoa học dữ liệu và trí tuệ nhân tạo (hệ kỹ sư),A00,2025,19.6,,THPT
DHE,Khoa Kỹ thuật và Công nghệ - Đại học Huế,7480112KS,Khoa học dữ liệu và trí tuệ nhân tạo,A00,2025,19.6,,THPT
DHE,Khoa Kỹ thuật và Công nghệ - Đại học Huế,7480112KS,Khoa học dữ liệu và trí tuệ nhân tạo,A01,2025,19.6,,THPT
DHE,Khoa Kỹ thuật và Công Nghệ - ĐH Huế,7480112KS,Khoa học dữ liệu và trí tuệ nhân tạo (hệ kỹ sư),A01,2025,19.6,,THPT
DHE,Khoa Kỹ thuật và Công nghệ - Đại học Huế,7480112KS,Khoa học dữ liệu và trí tuệ nhân tạo,D01,2025,19.6,,THPT
DHE,Khoa Kỹ thuật và Công Nghệ - ĐH Huế,7480112KS,Khoa học dữ liệu và trí tuệ nhân tạo (hệ kỹ sư),D01,2025,19.6,,THPT
DHE,Khoa Kỹ thuật và Công Nghệ - ĐH Huế,7510205,Công nghệ kỹ thuật ô tô,A00,2025,20.0,,THPT
DHE,Khoa Kỹ thuật và Công nghệ - Đại học Huế,7510205,Công nghệ kỹ thuật ô tô,A00,2025,20.0,,THPT
DHE,Khoa Kỹ thuật và Công nghệ - Đại học Huế,7510205,Công nghệ kỹ thuật ô tô,A01,2025,20.0,,THPT
DHE,Khoa Kỹ thuật và Công Nghệ - ĐH Huế,7510205,Công nghệ kỹ thuật ô tô,A01,2025,20.0,,THPT
DHE,Khoa Kỹ thuật và Công nghệ - Đại học Huế,7510205,Công nghệ kỹ thuật ô tô,D01,2025,20.0,,THPT
DHE,Khoa Kỹ thuật và Công Nghệ - ĐH Huế,7510205,Công nghệ kỹ thuật ô tô,D01,2025,20.0,,THPT
DHE,Khoa Kỹ thuật và Công Nghệ - ĐH Huế,7510301,"Công nghệ kỹ thuật điện, điện tử",A00,2025,24.05,,THPT
DHE,Khoa Kỹ thuật và Công Nghệ - ĐH Huế,7510301,"Công nghệ kỹ thuật điện, điện tử",A00,2025,18.2,,THPT
DHE,Khoa Kỹ thuật và Công nghệ - Đại học Huế,7510301,"Công nghệ kỹ thuật điện, điện tử",A00,2025,18.2,,THPT
DHE,Khoa Kỹ thuật và Công nghệ - Đại học Huế,7510301,"Công nghệ kỹ thuật điện, điện tử",A01,2025,18.2,,THPT
DHE,Khoa Kỹ thuật và Công Nghệ - ĐH Huế,7510301,"Công nghệ kỹ thuật điện, điện tử",A01,2025,24.05,,THPT
DHE,Khoa Kỹ thuật và Công Nghệ - ĐH Huế,7510301,"Công nghệ kỹ thuật điện, điện tử",A01,2025,18.2,,THPT
DHE,Khoa Kỹ thuật và Công nghệ - Đại học Huế,7510301,"Công nghệ kỹ thuật điện, điện tử",D01,2025,18.2,,THPT
DHE,Khoa Kỹ thuật và Công Nghệ - ĐH Huế,7510301,"Công nghệ kỹ thuật điện, điện tử",D01,2025,24.05,,THPT
DHE,Khoa Kỹ thuật và Công Nghệ - ĐH Huế,7510301,"Công nghệ kỹ thuật điện, điện tử",D01,2025,18.2,,THPT
DHE,Khoa Kỹ thuật và Công nghệ - Đại học Huế,7510301_CNTKVM,"Công nghệ kỹ thuật điện, điện tử (Chương trình đào tạo Công nghệ thiết kế vi mạch)",A00,2025,24.05,,THPT
DHE,Khoa Kỹ thuật và Công nghệ - Đại học Huế,7510301_CNTKVM,"Công nghệ kỹ thuật điện, điện tử (Chương trình đào tạo Công nghệ thiết kế vi mạch)",A01,2025,24.05,,THPT
DHE,Khoa Kỹ thuật và Công nghệ - Đại học Huế,7510301_CNTKVM,"Công nghệ kỹ thuật điện, điện tử (Chương trình đào tạo Công nghệ thiết kế vi mạch)",D01,2025,24.05,,THPT
DHE,Khoa Kỹ thuật và Công Nghệ - ĐH Huế,7520201,Kỹ thuật điện,A00,2025,17.2,,THPT
DHE,Khoa Kỹ thuật và Công nghệ - Đại học Huế,7520201,Kỹ thuật điện,A00,2025,17.2,,THPT
DHE,Khoa Kỹ thuật và Công nghệ - Đại học Huế,7520201,Kỹ thuật điện,A01,2025,17.2,,THPT
DHE,Khoa Kỹ thuật và Công Nghệ - ĐH Huế,7520201,Kỹ thuật điện,A01,2025,17.2,,THPT
DHE,Khoa Kỹ thuật và Công nghệ - Đại học Huế,7520201,Kỹ thuật điện,D01,2025,17.2,,THPT
DHE,Khoa Kỹ thuật và Công Nghệ - ĐH Huế,7520201,Kỹ thuật điện,D01,2025,17.2,,THPT
DHE,Khoa Kỹ thuật và Công Nghệ - ĐH Huế,7520216,Ngành Kỹ thuật điều khiển & Tự động hóa,A00,2025,18.5,,THPT
DHE,Khoa Kỹ thuật và Công nghệ - Đại học Huế,7520216,Kỹ thuật điều kiển và tự động hoá,A00,2025,18.5,,THPT
DHE,Khoa Kỹ thuật và Công nghệ - Đại học Huế,7520216,Kỹ thuật điều kiển và tự động hoá,A01,2025,18.5,,THPT
DHE,Khoa Kỹ thuật và Công Nghệ - ĐH Huế,7520216,Ngành Kỹ thuật điều khiển & Tự động hóa,A01,2025,18.5,,THPT
DHE,Khoa Kỹ thuật và Công nghệ - Đại học Huế,7520216,Kỹ thuật điều kiển và tự động hoá,D01,2025,18.5,,THPT
DHE,Khoa Kỹ thuật và Công Nghệ - ĐH Huế,7520216,Ngành Kỹ thuật điều khiển & Tự động hóa,D01,2025,18.5,,THPT
DHE,Khoa Kỹ thuật và Công Nghệ - ĐH Huế,7580201,Kỹ thuật xây dựng,A00,2025,16.0,,THPT
DHE,Khoa Kỹ thuật và Công nghệ - Đại học Huế,7580201,Kỹ thuật xây dựng,A00,2025,16.0,,THPT
DHE,Khoa Kỹ thuật và Công nghệ - Đại học Huế,7580201,Kỹ thuật xây dựng,A01,2025,16.0,,THPT
DHE,Khoa Kỹ thuật và Công Nghệ - ĐH Huế,7580201,Kỹ thuật xây dựng,A01,2025,16.0,,THPT
DHE,Khoa Kỹ thuật và Công nghệ - Đại học Huế,7580201,Kỹ thuật xây dựng,D01,2025,16.0,,THPT
DHE,Khoa Kỹ thuật và Công Nghệ - ĐH Huế,7580201,Kỹ thuật xây dựng,D01,2025,16.0,,THPT
DHF,Đại học Ngoại Ngữ - Đại học Huế,7140231,Sư phạm Tiếng Anh,D01,2025,30.0,,THPT
DHF,Trường Đại Học Ngoại Ngữ Huế,7140231,Sư phạm Tiếng Anh,D01,2025,30.0,,THPT
DHF,Đại học Ngoại Ngữ - Đại học Huế,7140233,Sư phạm Tiếng Pháp,D01,2025,27.4,,THPT
DHF,Trường Đại Học Ngoại Ngữ Huế,7140233,Sư phạm Tiếng Pháp,D01,2025,27.4,,THPT
DHF,Đại học Ngoại Ngữ - Đại học Huế,7140234,Sư phạm Tiếng Trung Quốc,D01,2025,30.0,,THPT
DHF,Trường Đại Học Ngoại Ngữ Huế,7140234,Sư phạm Tiếng Trung Quốc,D01,2025,30.0,,THPT
DHF,Đại học Ngoại Ngữ - Đại học Huế,7220201,Ngôn ngữ Anh,D01,2025,23.0,,THPT
DHF,Trường Đại Học Ngoại Ngữ Huế,7220201,Ngôn ngữ Anh,D01,2025,23.0,,THPT
DHF,Đại học Ngoại Ngữ - Đại học Huế,7220202,Ngôn ngữ Nga,D01,2025,15.0,,THPT
DHF,Trường Đại Học Ngoại Ngữ Huế,7220202,Ngôn ngữ Nga,D01,2025,15.0,,THPT
DHF,Đại học Ngoại Ngữ - Đại học Huế,7220203,Ngôn ngữ Pháp,D01,2025,15.0,,THPT
DHF,Trường Đại Học Ngoại Ngữ Huế,7220203,Ngôn ngữ Pháp,D01,2025,15.0,,THPT
DHF,Đại học Ngoại Ngữ - Đại học Huế,7220204,Ngôn ngữ Trung Quốc,D01,2025,26.6,,THPT
DHF,Trường Đại Học Ngoại Ngữ Huế,7220204,Ngôn ngữ Trung Quốc,D01,2025,26.6,,THPT
DHF,Đại học Ngoại Ngữ - Đại học Huế,7220209,Ngôn ngữ Nhật,D01,2025,16.25,,THPT
DHF,Trường Đại Học Ngoại Ngữ Huế,7220209,Ngôn ngữ Nhật,D01,2025,16.25,,THPT
DHF,Trường Đại Học Ngoại Ngữ Huế,7220210,Ngôn ngữ Hàn Quốc,D01,2025,23.6,,THPT
DHF,Đại học Ngoại Ngữ - Đại học Huế,7220220,Ngôn ngữ Hàn Quốc,D01,2025,23.6,,THPT
DHF,Đại học Ngoại Ngữ - Đại học Huế,7310601,Quốc tế học,D01,2025,15.0,,THPT
DHF,Trường Đại Học Ngoại Ngữ Huế,7310601,Quốc tế học,D01,2025,15.0,,THPT
DHF,Đại học Ngoại Ngữ - Đại học Huế,7310630,Việt Nam học,C00,2025,15.0,,THPT
DHF,Trường Đại Học Ngoại Ngữ Huế,7310630,Việt Nam học,C00,2025,15.0,,THPT
DHF,Trường Đại Học Ngoại Ngữ Huế,7310630,Việt Nam học,D01,2025,15.0,,THPT
DHF,Đại học Ngoại Ngữ - Đại học Huế,7310630,Việt Nam học,D01,2025,15.0,,THPT
DHF,Đại học Ngoại Ngữ - Đại học Huế,7310640,Hoa Kỳ học,D01,2025,15.0,,THPT
DHF,Trường Đại Học Ngoại Ngữ Huế,7310640,Hoa Kỳ học,D01,2025,15.0,,THPT
DHI,Khoa Quốc tế - Đại học Huế,7310206,Quan hệ quốc tế,D01,2025,19.0,,THPT
DHI,Khoa Quốc Tế - ĐH Huế,7310206,Quan hệ quốc tế,D01,2025,19.0,,THPT
DHI,Khoa Quốc tế - Đại học Huế,7310206,Quan hệ quốc tế,D09,2025,19.0,,THPT
DHI,Khoa Quốc Tế - ĐH Huế,7310206,Quan hệ quốc tế,D09,2025,19.0,,THPT
DHI,Khoa Quốc tế - Đại học Huế,7310206,Quan hệ quốc tế,D10,2025,19.0,,THPT
DHI,Khoa Quốc Tế - ĐH Huế,7310206,Quan hệ quốc tế,D10,2025,19.0,,THPT
DHI,Khoa Quốc tế - Đại học Huế,7320104,Truyền thông đa phương tiện,D01,2025,21.5,,THPT
DHI,Khoa Quốc Tế - ĐH Huế,7320104,Truyền thông đa phương tiện,D01,2025,21.5,,THPT
DHI,Khoa Quốc tế - Đại học Huế,7320104,Truyền thông đa phương tiện,D09,2025,21.5,,THPT
DHI,Khoa Quốc Tế - ĐH Huế,7320104,Truyền thông đa phương tiện,D09,2025,21.5,,THPT
DHI,Khoa Quốc tế - Đại học Huế,7320104,Truyền thông đa phương tiện,D10,2025,21.5,,THPT
DHI,Khoa Quốc Tế - ĐH Huế,7320104,Truyền thông đa phương tiện,D10,2025,21.5,,THPT
DHI,Khoa Quốc tế - Đại học Huế,7510406,Công nghệ kỹ thuật môi trường,D01,2025,15.0,,THPT
DHI,Khoa Quốc Tế - ĐH Huế,7510406,Công nghệ kỹ thuật Môi trường,D01,2025,15.0,,THPT
DHI,Khoa Quốc tế - Đại học Huế,7510406,Công nghệ kỹ thuật môi trường,D09,2025,15.0,,THPT
DHI,Khoa Quốc Tế - ĐH Huế,7510406,Công nghệ kỹ thuật Môi trường,D09,2025,15.0,,THPT
DHI,Khoa Quốc tế - Đại học Huế,7510406,Công nghệ kỹ thuật môi trường,D10,2025,15.0,,THPT
DHI,Khoa Quốc Tế - ĐH Huế,7510406,Công nghệ kỹ thuật Môi trường,D10,2025,15.0,,THPT
DHI,Khoa Quốc tế - Đại học Huế,7580301,Kinh tế xây dựng,D01,2025,15.0,,THPT
DHI,Khoa Quốc Tế - ĐH Huế,7580301,Kinh tế xây dựng,D01,2025,15.0,,THPT
DHI,Khoa Quốc tế - Đại học Huế,7580301,Kinh tế xây dựng,D09,2025,15.0,,THPT
DHI,Khoa Quốc Tế - ĐH Huế,7580301,Kinh tế xây dựng,D09,2025,15.0,,THPT
DHI,Khoa Quốc tế - Đại học Huế,7580301,Kinh tế xây dựng,D10,2025,15.0,,THPT
DHI,Khoa Quốc Tế - ĐH Huế,7580301,Kinh tế xây dựng,D10,2025,15.0,,THPT
DHI,Khoa Quốc tế - Đại học Huế,7850102,Kinh tế tài nguyên thiên nhiên,D01,2025,15.0,,THPT
DHI,Khoa Quốc Tế - ĐH Huế,7850102,Kinh tế tài nguyên thiên nhiên,D01,2025,15.0,,THPT
DHI,Khoa Quốc tế - Đại học Huế,7850102,Kinh tế tài nguyên thiên nhiên,D09,2025,15.0,,THPT
DHI,Khoa Quốc Tế - ĐH Huế,7850102,Kinh tế tài nguyên thiên nhiên,D09,2025,15.0,,THPT
DHI,Khoa Quốc tế - Đại học Huế,7850102,Kinh tế tài nguyên thiên nhiên,D10,2025,15.0,,THPT
DHI,Khoa Quốc Tế - ĐH Huế,7850102,Kinh tế tài nguyên thiên nhiên,D10,2025,15.0,,THPT
DHK,Đại học Kinh Tế - Đại học Huế,7310101,Kinh tế,A00,2025,15.0,,THPT
DHK,Trường Đại Học Kinh Tế - Đại Học Huế,7310101,Kinh tế,A00,2025,15.0,,THPT
DHK,Trường Đại Học Kinh Tế - Đại Học Huế,7310101,Kinh tế,A01,2025,15.0,,THPT
DHK,Đại học Kinh Tế - Đại học Huế,7310101,Kinh tế,A01,2025,15.0,,THPT
DHK,Trường Đại Học Kinh Tế - Đại Học Huế,7310101,Kinh tế,D01,2025,15.0,,THPT
DHK,Đại học Kinh Tế - Đại học Huế,7310101,Kinh tế,D01,2025,15.0,,THPT
DHK,Trường Đại Học Kinh Tế - Đại Học Huế,7310101,Kinh tế,D07,2025,15.0,,THPT
DHK,Đại học Kinh Tế - Đại học Huế,7310101,Kinh tế,D07,2025,15.0,,THPT
DHK,Trường Đại Học Kinh Tế - Đại Học Huế,7310101,Kinh tế,D09,2025,15.0,,THPT
DHK,Đại học Kinh Tế - Đại học Huế,7310101,Kinh tế,D09,2025,15.0,,THPT
DHK,Trường Đại Học Kinh Tế - Đại Học Huế,7310101,Kinh tế,D10,2025,15.0,,THPT
DHK,Đại học Kinh Tế - Đại học Huế,7310101,Kinh tế,D10,2025,15.0,,THPT
DHK,Đại học Kinh Tế - Đại học Huế,7310101TA,Kinh tế (Kế hoạch - Đầu tư) đào tạo bằng tiếng ANh,A00,2025,16.0,,THPT
DHK,Trường Đại Học Kinh Tế - Đại Học Huế,7310101TA,Kinh tế (Đào tạo bằng Tiếng Anh),A00,2025,16.0,,THPT
DHK,Trường Đại Học Kinh Tế - Đại Học Huế,7310101TA,Kinh tế (Đào tạo bằng Tiếng Anh),A01,2025,16.0,,THPT
DHK,Đại học Kinh Tế - Đại học Huế,7310101TA,Kinh tế (Kế hoạch - Đầu tư) đào tạo bằng tiếng ANh,A01,2025,16.0,,THPT
DHK,Trường Đại Học Kinh Tế - Đại Học Huế,7310101TA,Kinh tế (Đào tạo bằng Tiếng Anh),D01,2025,16.0,,THPT
DHK,Đại học Kinh Tế - Đại học Huế,7310101TA,Kinh tế (Kế hoạch - Đầu tư) đào tạo bằng tiếng ANh,D01,2025,16.0,,THPT
DHK,Trường Đại Học Kinh Tế - Đại Học Huế,7310101TA,Kinh tế (Đào tạo bằng Tiếng Anh),D07,2025,16.0,,THPT
DHK,Đại học Kinh Tế - Đại học Huế,7310101TA,Kinh tế (Kế hoạch - Đầu tư) đào tạo bằng tiếng ANh,D07,2025,16.0,,THPT
DHK,Trường Đại Học Kinh Tế - Đại Học Huế,7310101TA,Kinh tế (Đào tạo bằng Tiếng Anh),D09,2025,16.0,,THPT
DHK,Đại học Kinh Tế - Đại học Huế,7310101TA,Kinh tế (Kế hoạch - Đầu tư) đào tạo bằng tiếng ANh,D09,2025,16.0,,THPT
DHK,Trường Đại Học Kinh Tế - Đại Học Huế,7310101TA,Kinh tế (Đào tạo bằng Tiếng Anh),D10,2025,16.0,,THPT
DHK,Đại học Kinh Tế - Đại học Huế,7310101TA,Kinh tế (Kế hoạch - Đầu tư) đào tạo bằng tiếng ANh,D10,2025,16.0,,THPT
DHK,Đại học Kinh Tế - Đại học Huế,7310102,Kinh tế chính trị,A00,2025,15.0,,THPT
DHK,Trường Đại Học Kinh Tế - Đại Học Huế,7310102,Kinh tế chính trị,A00,2025,15.0,,THPT
DHK,Trường Đại Học Kinh Tế - Đại Học Huế,7310102,Kinh tế chính trị,A01,2025,15.0,,THPT
DHK,Đại học Kinh Tế - Đại học Huế,7310102,Kinh tế chính trị,A01,2025,15.0,,THPT
DHK,Trường Đại Học Kinh Tế - Đại Học Huế,7310102,Kinh tế chính trị,D01,2025,15.0,,THPT
DHK,Đại học Kinh Tế - Đại học Huế,7310102,Kinh tế chính trị,D01,2025,15.0,,THPT
DHK,Trường Đại Học Kinh Tế - Đại Học Huế,7310102,Kinh tế chính trị,D07,2025,15.0,,THPT
DHK,Đại học Kinh Tế - Đại học Huế,7310102,Kinh tế chính trị,D07,2025,15.0,,THPT
DHK,Trường Đại Học Kinh Tế - Đại Học Huế,7310102,Kinh tế chính trị,D09,2025,15.0,,THPT
DHK,Đại học Kinh Tế - Đại học Huế,7310102,Kinh tế chính trị,D09,2025,15.0,,THPT
DHK,Trường Đại Học Kinh Tế - Đại Học Huế,7310102,Kinh tế chính trị,D10,2025,15.0,,THPT
DHK,Đại học Kinh Tế - Đại học Huế,7310102,Kinh tế chính trị,D10,2025,15.0,,THPT
DHK,Đại học Kinh Tế - Đại học Huế,7310106,Kinh tế quốc tế,A00,2025,15.0,,THPT
DHK,Trường Đại Học Kinh Tế - Đại Học Huế,7310106,Kinh tế quốc tế,A00,2025,15.0,,THPT
DHK,Trường Đại Học Kinh Tế - Đại Học Huế,7310106,Kinh tế quốc tế,A01,2025,15.0,,THPT
DHK,Đại học Kinh Tế - Đại học Huế,7310106,Kinh tế quốc tế,A01,2025,15.0,,THPT
DHK,Trường Đại Học Kinh Tế - Đại Học Huế,7310106,Kinh tế quốc tế,D01,2025,15.0,,THPT
DHK,Đại học Kinh Tế - Đại học Huế,7310106,Kinh tế quốc tế,D01,2025,15.0,,THPT
DHK,Trường Đại Học Kinh Tế - Đại Học Huế,7310106,Kinh tế quốc tế,D07,2025,15.0,,THPT
DHK,Đại học Kinh Tế - Đại học Huế,7310106,Kinh tế quốc tế,D07,2025,15.0,,THPT
DHK,Trường Đại Học Kinh Tế - Đại Học Huế,7310106,Kinh tế quốc tế,D09,2025,15.0,,THPT
DHK,Đại học Kinh Tế - Đại học Huế,7310106,Kinh tế quốc tế,D09,2025,15.0,,THPT
DHK,Trường Đại Học Kinh Tế - Đại Học Huế,7310106,Kinh tế quốc tế,D10,2025,15.0,,THPT
DHK,Đại học Kinh Tế - Đại học Huế,7310106,Kinh tế quốc tế,D10,2025,15.0,,THPT
DHK,Đại học Kinh Tế - Đại học Huế,7310107,Thống kê kinh tế,A00,2025,15.0,,THPT
DHK,Trường Đại Học Kinh Tế - Đại Học Huế,7310107,Thống kê kinh tế,A00,2025,15.0,,THPT
DHK,Trường Đại Học Kinh Tế - Đại Học Huế,7310107,Thống kê kinh tế,A01,2025,15.0,,THPT
DHK,Đại học Kinh Tế - Đại học Huế,7310107,Thống kê kinh tế,A01,2025,15.0,,THPT
DHK,Trường Đại Học Kinh Tế - Đại Học Huế,7310107,Thống kê kinh tế,D01,2025,15.0,,THPT
DHK,Đại học Kinh Tế - Đại học Huế,7310107,Thống kê kinh tế,D01,2025,15.0,,THPT
DHK,Trường Đại Học Kinh Tế - Đại Học Huế,7310107,Thống kê kinh tế,D07,2025,15.0,,THPT
DHK,Đại học Kinh Tế - Đại học Huế,7310107,Thống kê kinh tế,D07,2025,15.0,,THPT
DHK,Trường Đại Học Kinh Tế - Đại Học Huế,7310107,Thống kê kinh tế,D09,2025,15.0,,THPT
DHK,Đại học Kinh Tế - Đại học Huế,7310107,Thống kê kinh tế,D09,2025,15.0,,THPT
DHK,Trường Đại Học Kinh Tế - Đại Học Huế,7310107,Thống kê kinh tế,D10,2025,15.0,,THPT
DHK,Đại học Kinh Tế - Đại học Huế,7310107,Thống kê kinh tế,D10,2025,15.0,,THPT
DHK,Đại học Kinh Tế - Đại học Huế,7310109,Kinh tế số,A00,2025,15.0,,THPT
DHK,Trường Đại Học Kinh Tế - Đại Học Huế,7310109,Kinh tế số,A00,2025,15.0,,THPT
DHK,Trường Đại Học Kinh Tế - Đại Học Huế,7310109,Kinh tế số,A01,2025,15.0,,THPT
DHK,Đại học Kinh Tế - Đại học Huế,7310109,Kinh tế số,A01,2025,15.0,,THPT
DHK,Trường Đại Học Kinh Tế - Đại Học Huế,7310109,Kinh tế số,D01,2025,15.0,,THPT
DHK,Đại học Kinh Tế - Đại học Huế,7310109,Kinh tế số,D01,2025,15.0,,THPT
DHK,Trường Đại Học Kinh Tế - Đại Học Huế,7310109,Kinh tế số,D07,2025,15.0,,THPT
DHK,Đại học Kinh Tế - Đại học Huế,7310109,Kinh tế số,D07,2025,15.0,,THPT
DHK,Trường Đại Học Kinh Tế - Đại Học Huế,7310109,Kinh tế số,D09,2025,15.0,,THPT
DHK,Đại học Kinh Tế - Đại học Huế,7310109,Kinh tế số,D09,2025,15.0,,THPT
DHK,Trường Đại Học Kinh Tế - Đại Học Huế,7310109,Kinh tế số,D10,2025,15.0,,THPT
DHK,Đại học Kinh Tế - Đại học Huế,7310109,Kinh tế số,D10,2025,15.0,,THPT
DHK,Đại học Kinh Tế - Đại học Huế,7340101,Quản trị Kinh doanh,A00,2025,16.0,,THPT
DHK,Trường Đại Học Kinh Tế - Đại Học Huế,7340101,Quản trị kinh doanh,A00,2025,16.0,,THPT
DHK,Trường Đại Học Kinh Tế - Đại Học Huế,7340101,Quản trị kinh doanh,A01,2025,16.0,,THPT
DHK,Đại học Kinh Tế - Đại học Huế,7340101,Quản trị Kinh doanh,A01,2025,16.0,,THPT
DHK,Trường Đại Học Kinh Tế - Đại Học Huế,7340101,Quản trị kinh doanh,D01,2025,16.0,,THPT
DHK,Đại học Kinh Tế - Đại học Huế,7340101,Quản trị Kinh doanh,D01,2025,16.0,,THPT
DHK,Trường Đại Học Kinh Tế - Đại Học Huế,7340101,Quản trị kinh doanh,D07,2025,16.0,,THPT
DHK,Đại học Kinh Tế - Đại học Huế,7340101,Quản trị Kinh doanh,D07,2025,16.0,,THPT
DHK,Trường Đại Học Kinh Tế - Đại Học Huế,7340101,Quản trị kinh doanh,D09,2025,16.0,,THPT
DHK,Đại học Kinh Tế - Đại học Huế,7340101,Quản trị Kinh doanh,D09,2025,16.0,,THPT
DHK,Trường Đại Học Kinh Tế - Đại Học Huế,7340101,Quản trị kinh doanh,D10,2025,16.0,,THPT
DHK,Đại học Kinh Tế - Đại học Huế,7340101,Quản trị Kinh doanh,D10,2025,16.0,,THPT
DHK,Đại học Kinh Tế - Đại học Huế,7340101TA,Quản trị kinh doanh (Đào tạo bằng tiếng Anh),A00,2025,16.0,,THPT
DHK,Trường Đại Học Kinh Tế - Đại Học Huế,7340101TA,Quản trị kinh doanh (Đào tạo bằng Tiếng Anh),A00,2025,16.0,,THPT
DHK,Trường Đại Học Kinh Tế - Đại Học Huế,7340101TA,Quản trị kinh doanh (Đào tạo bằng Tiếng Anh),A01,2025,16.0,,THPT
DHK,Đại học Kinh Tế - Đại học Huế,7340101TA,Quản trị kinh doanh (Đào tạo bằng tiếng Anh),A01,2025,16.0,,THPT
DHK,Trường Đại Học Kinh Tế - Đại Học Huế,7340101TA,Quản trị kinh doanh (Đào tạo bằng Tiếng Anh),D01,2025,16.0,,THPT
DHK,Đại học Kinh Tế - Đại học Huế,7340101TA,Quản trị kinh doanh (Đào tạo bằng tiếng Anh),D01,2025,16.0,,THPT
DHK,Trường Đại Học Kinh Tế - Đại Học Huế,7340101TA,Quản trị kinh doanh (Đào tạo bằng Tiếng Anh),D07,2025,16.0,,THPT
DHK,Đại học Kinh Tế - Đại học Huế,7340101TA,Quản trị kinh doanh (Đào tạo bằng tiếng Anh),D07,2025,16.0,,THPT
DHK,Trường Đại Học Kinh Tế - Đại Học Huế,7340101TA,Quản trị kinh doanh (Đào tạo bằng Tiếng Anh),D09,2025,16.0,,THPT
DHK,Đại học Kinh Tế - Đại học Huế,7340101TA,Quản trị kinh doanh (Đào tạo bằng tiếng Anh),D09,2025,16.0,,THPT
DHK,Trường Đại Học Kinh Tế - Đại Học Huế,7340101TA,Quản trị kinh doanh (Đào tạo bằng Tiếng Anh),D10,2025,16.0,,THPT
DHK,Đại học Kinh Tế - Đại học Huế,7340101TA,Quản trị kinh doanh (Đào tạo bằng tiếng Anh),D10,2025,16.0,,THPT
DHK,Đại học Kinh Tế - Đại học Huế,7340115,Marketing,A00,2025,20.0,,THPT
DHK,Trường Đại Học Kinh Tế - Đại Học Huế,7340115,Marketing,A00,2025,20.0,,THPT
DHK,Trường Đại Học Kinh Tế - Đại Học Huế,7340115,Marketing,A01,2025,20.0,,THPT
DHK,Đại học Kinh Tế - Đại học Huế,7340115,Marketing,A01,2025,20.0,,THPT
DHK,Trường Đại Học Kinh Tế - Đại Học Huế,7340115,Marketing,D01,2025,20.0,,THPT
DHK,Đại học Kinh Tế - Đại học Huế,7340115,Marketing,D01,2025,20.0,,THPT
DHK,Trường Đại Học Kinh Tế - Đại Học Huế,7340115,Marketing,D07,2025,20.0,,THPT
DHK,Đại học Kinh Tế - Đại học Huế,7340115,Marketing,D07,2025,20.0,,THPT
DHK,Trường Đại Học Kinh Tế - Đại Học Huế,7340115,Marketing,D09,2025,20.0,,THPT
DHK,Đại học Kinh Tế - Đại học Huế,7340115,Marketing,D09,2025,20.0,,THPT
DHK,Trường Đại Học Kinh Tế - Đại Học Huế,7340115,Marketing,D10,2025,20.0,,THPT
DHK,Đại học Kinh Tế - Đại học Huế,7340115,Marketing,D10,2025,20.0,,THPT
DHK,Đại học Kinh Tế - Đại học Huế,7340121,Kinh doanh thương mại,A00,2025,16.0,,THPT
DHK,Trường Đại Học Kinh Tế - Đại Học Huế,7340121,Kinh doanh thương mại,A00,2025,16.0,,THPT
DHK,Trường Đại Học Kinh Tế - Đại Học Huế,7340121,Kinh doanh thương mại,A01,2025,16.0,,THPT
DHK,Đại học Kinh Tế - Đại học Huế,7340121,Kinh doanh thương mại,A01,2025,16.0,,THPT
DHK,Trường Đại Học Kinh Tế - Đại Học Huế,7340121,Kinh doanh thương mại,D01,2025,16.0,,THPT
DHK,Đại học Kinh Tế - Đại học Huế,7340121,Kinh doanh thương mại,D01,2025,16.0,,THPT
DHK,Trường Đại Học Kinh Tế - Đại Học Huế,7340121,Kinh doanh thương mại,D07,2025,16.0,,THPT
DHK,Đại học Kinh Tế - Đại học Huế,7340121,Kinh doanh thương mại,D07,2025,16.0,,THPT
DHK,Trường Đại Học Kinh Tế - Đại Học Huế,7340121,Kinh doanh thương mại,D09,2025,16.0,,THPT
DHK,Đại học Kinh Tế - Đại học Huế,7340121,Kinh doanh thương mại,D09,2025,16.0,,THPT
DHK,Trường Đại Học Kinh Tế - Đại Học Huế,7340121,Kinh doanh thương mại,D10,2025,16.0,,THPT
DHK,Đại học Kinh Tế - Đại học Huế,7340121,Kinh doanh thương mại,D10,2025,16.0,,THPT
DHK,Đại học Kinh Tế - Đại học Huế,7340122,Thương mại điện tử,A00,2025,17.0,,THPT
DHK,Trường Đại Học Kinh Tế - Đại Học Huế,7340122,Thương mại điện tử,A00,2025,17.0,,THPT
DHK,Trường Đại Học Kinh Tế - Đại Học Huế,7340122,Thương mại điện tử,A01,2025,17.0,,THPT
DHK,Đại học Kinh Tế - Đại học Huế,7340122,Thương mại điện tử,A01,2025,17.0,,THPT
DHK,Trường Đại Học Kinh Tế - Đại Học Huế,7340122,Thương mại điện tử,D01,2025,17.0,,THPT
DHK,Đại học Kinh Tế - Đại học Huế,7340122,Thương mại điện tử,D01,2025,17.0,,THPT
DHK,Trường Đại Học Kinh Tế - Đại Học Huế,7340122,Thương mại điện tử,D07,2025,17.0,,THPT
DHK,Đại học Kinh Tế - Đại học Huế,7340122,Thương mại điện tử,D07,2025,17.0,,THPT
DHK,Trường Đại Học Kinh Tế - Đại Học Huế,7340122,Thương mại điện tử,D09,2025,17.0,,THPT
DHK,Đại học Kinh Tế - Đại học Huế,7340122,Thương mại điện tử,D09,2025,17.0,,THPT
DHK,Trường Đại Học Kinh Tế - Đại Học Huế,7340122,Thương mại điện tử,D10,2025,17.0,,THPT
DHK,Đại học Kinh Tế - Đại học Huế,7340122,Thương mại điện tử,D10,2025,17.0,,THPT
DHK,Đại học Kinh Tế - Đại học Huế,7340201,Tài chính – Ngân hàng,A00,2025,16.0,,THPT
DHK,Trường Đại Học Kinh Tế - Đại Học Huế,7340201,Tài chính - Ngân hàng,A00,2025,16.0,,THPT
DHK,Trường Đại Học Kinh Tế - Đại Học Huế,7340201,Tài chính - Ngân hàng,A01,2025,16.0,,THPT
DHK,Đại học Kinh Tế - Đại học Huế,7340201,Tài chính – Ngân hàng,A01,2025,16.0,,THPT
DHK,Trường Đại Học Kinh Tế - Đại Học Huế,7340201,Tài chính - Ngân hàng,D01,2025,16.0,,THPT
DHK,Đại học Kinh Tế - Đại học Huế,7340201,Tài chính – Ngân hàng,D01,2025,16.0,,THPT
DHK,Trường Đại Học Kinh Tế - Đại Học Huế,7340201,Tài chính - Ngân hàng,D07,2025,16.0,,THPT
DHK,Đại học Kinh Tế - Đại học Huế,7340201,Tài chính – Ngân hàng,D07,2025,16.0,,THPT
DHK,Trường Đại Học Kinh Tế - Đại Học Huế,7340201,Tài chính - Ngân hàng,D09,2025,16.0,,THPT
DHK,Đại học Kinh Tế - Đại học Huế,7340201,Tài chính – Ngân hàng,D09,2025,16.0,,THPT
DHK,Trường Đại Học Kinh Tế - Đại Học Huế,7340201,Tài chính - Ngân hàng,D10,2025,16.0,,THPT
DHK,Đại học Kinh Tế - Đại học Huế,7340201,Tài chính – Ngân hàng,D10,2025,16.0,,THPT
DHK,Đại học Kinh Tế - Đại học Huế,7340301,Kế toán,A00,2025,16.0,,THPT
DHK,Trường Đại Học Kinh Tế - Đại Học Huế,7340301,Kế toán,A00,2025,16.0,,THPT
DHK,Trường Đại Học Kinh Tế - Đại Học Huế,7340301,Kế toán,A01,2025,16.0,,THPT
DHK,Đại học Kinh Tế - Đại học Huế,7340301,Kế toán,A01,2025,16.0,,THPT
DHK,Trường Đại Học Kinh Tế - Đại Học Huế,7340301,Kế toán,D01,2025,16.0,,THPT
DHK,Đại học Kinh Tế - Đại học Huế,7340301,Kế toán,D01,2025,16.0,,THPT
DHK,Trường Đại Học Kinh Tế - Đại Học Huế,7340301,Kế toán,D07,2025,16.0,,THPT
DHK,Đại học Kinh Tế - Đại học Huế,7340301,Kế toán,D07,2025,16.0,,THPT
DHK,Trường Đại Học Kinh Tế - Đại Học Huế,7340301,Kế toán,D09,2025,16.0,,THPT
DHK,Đại học Kinh Tế - Đại học Huế,7340301,Kế toán,D09,2025,16.0,,THPT
DHK,Trường Đại Học Kinh Tế - Đại Học Huế,7340301,Kế toán,D10,2025,16.0,,THPT
DHK,Đại học Kinh Tế - Đại học Huế,7340301,Kế toán,D10,2025,16.0,,THPT
DHK,Đại học Kinh Tế - Đại học Huế,7340301TA,Kế toán đào tạo bằng tiếng Anh,A00,2025,16.0,,THPT
DHK,Trường Đại Học Kinh Tế - Đại Học Huế,7340301TA,Kế toán (Đào tạo bằng Tiếng Anh),A00,2025,16.0,,THPT
DHK,Trường Đại Học Kinh Tế - Đại Học Huế,7340301TA,Kế toán (Đào tạo bằng Tiếng Anh),A01,2025,16.0,,THPT
DHK,Đại học Kinh Tế - Đại học Huế,7340301TA,Kế toán đào tạo bằng tiếng Anh,A01,2025,16.0,,THPT
DHK,Trường Đại Học Kinh Tế - Đại Học Huế,7340301TA,Kế toán (Đào tạo bằng Tiếng Anh),D01,2025,16.0,,THPT
DHK,Đại học Kinh Tế - Đại học Huế,7340301TA,Kế toán đào tạo bằng tiếng Anh,D01,2025,16.0,,THPT
DHK,Trường Đại Học Kinh Tế - Đại Học Huế,7340301TA,Kế toán (Đào tạo bằng Tiếng Anh),D07,2025,16.0,,THPT
DHK,Đại học Kinh Tế - Đại học Huế,7340301TA,Kế toán đào tạo bằng tiếng Anh,D07,2025,16.0,,THPT
DHK,Trường Đại Học Kinh Tế - Đại Học Huế,7340301TA,Kế toán (Đào tạo bằng Tiếng Anh),D09,2025,16.0,,THPT
DHK,Đại học Kinh Tế - Đại học Huế,7340301TA,Kế toán đào tạo bằng tiếng Anh,D09,2025,16.0,,THPT
DHK,Trường Đại Học Kinh Tế - Đại Học Huế,7340301TA,Kế toán (Đào tạo bằng Tiếng Anh),D10,2025,16.0,,THPT
DHK,Đại học Kinh Tế - Đại học Huế,7340301TA,Kế toán đào tạo bằng tiếng Anh,D10,2025,16.0,,THPT
DHK,Đại học Kinh Tế - Đại học Huế,7340302,Kiểm toán,A00,2025,15.0,,THPT
DHK,Trường Đại Học Kinh Tế - Đại Học Huế,7340302,Kiểm toán,A00,2025,15.0,,THPT
DHK,Trường Đại Học Kinh Tế - Đại Học Huế,7340302,Kiểm toán,A01,2025,15.0,,THPT
DHK,Đại học Kinh Tế - Đại học Huế,7340302,Kiểm toán,A01,2025,15.0,,THPT
DHK,Trường Đại Học Kinh Tế - Đại Học Huế,7340302,Kiểm toán,D01,2025,15.0,,THPT
DHK,Đại học Kinh Tế - Đại học Huế,7340302,Kiểm toán,D01,2025,15.0,,THPT
DHK,Trường Đại Học Kinh Tế - Đại Học Huế,7340302,Kiểm toán,D07,2025,15.0,,THPT
DHK,Đại học Kinh Tế - Đại học Huế,7340302,Kiểm toán,D07,2025,15.0,,THPT
DHK,Trường Đại Học Kinh Tế - Đại Học Huế,7340302,Kiểm toán,D09,2025,15.0,,THPT
DHK,Đại học Kinh Tế - Đại học Huế,7340302,Kiểm toán,D09,2025,15.0,,THPT
DHK,Trường Đại Học Kinh Tế - Đại Học Huế,7340302,Kiểm toán,D10,2025,15.0,,THPT
DHK,Đại học Kinh Tế - Đại học Huế,7340302,Kiểm toán,D10,2025,15.0,,THPT
DHK,Đại học Kinh Tế - Đại học Huế,7340404,Quản trị nhân lực,A00,2025,16.0,,THPT
DHK,Trường Đại Học Kinh Tế - Đại Học Huế,7340404,Quản trị nhân lực,A00,2025,16.0,,THPT
DHK,Trường Đại Học Kinh Tế - Đại Học Huế,7340404,Quản trị nhân lực,A01,2025,16.0,,THPT
DHK,Đại học Kinh Tế - Đại học Huế,7340404,Quản trị nhân lực,A01,2025,16.0,,THPT
DHK,Trường Đại Học Kinh Tế - Đại Học Huế,7340404,Quản trị nhân lực,D01,2025,16.0,,THPT
DHK,Đại học Kinh Tế - Đại học Huế,7340404,Quản trị nhân lực,D01,2025,16.0,,THPT
DHK,Trường Đại Học Kinh Tế - Đại Học Huế,7340404,Quản trị nhân lực,D07,2025,16.0,,THPT
DHK,Đại học Kinh Tế - Đại học Huế,7340404,Quản trị nhân lực,D07,2025,16.0,,THPT
DHK,Trường Đại Học Kinh Tế - Đại Học Huế,7340404,Quản trị nhân lực,D09,2025,16.0,,THPT
DHK,Đại học Kinh Tế - Đại học Huế,7340404,Quản trị nhân lực,D09,2025,16.0,,THPT
DHK,Trường Đại Học Kinh Tế - Đại Học Huế,7340404,Quản trị nhân lực,D10,2025,16.0,,THPT
DHK,Đại học Kinh Tế - Đại học Huế,7340404,Quản trị nhân lực,D10,2025,16.0,,THPT
DHK,Đại học Kinh Tế - Đại học Huế,7340405,Hệ thống thông tin,A00,2025,15.0,,THPT
DHK,Trường Đại Học Kinh Tế - Đại Học Huế,7340405,Hệ thống thông tin quản lý,A00,2025,15.0,,THPT
DHK,Trường Đại Học Kinh Tế - Đại Học Huế,7340405,Hệ thống thông tin quản lý,A01,2025,15.0,,THPT
DHK,Đại học Kinh Tế - Đại học Huế,7340405,Hệ thống thông tin,A01,2025,15.0,,THPT
DHK,Trường Đại Học Kinh Tế - Đại Học Huế,7340405,Hệ thống thông tin quản lý,D01,2025,15.0,,THPT
DHK,Đại học Kinh Tế - Đại học Huế,7340405,Hệ thống thông tin,D01,2025,15.0,,THPT
DHK,Trường Đại Học Kinh Tế - Đại Học Huế,7340405,Hệ thống thông tin quản lý,D07,2025,15.0,,THPT
DHK,Đại học Kinh Tế - Đại học Huế,7340405,Hệ thống thông tin,D07,2025,15.0,,THPT
DHK,Trường Đại Học Kinh Tế - Đại Học Huế,7340405,Hệ thống thông tin quản lý,D09,2025,15.0,,THPT
DHK,Đại học Kinh Tế - Đại học Huế,7340405,Hệ thống thông tin,D09,2025,15.0,,THPT
DHK,Trường Đại Học Kinh Tế - Đại Học Huế,7340405,Hệ thống thông tin quản lý,D10,2025,15.0,,THPT
DHK,Đại học Kinh Tế - Đại học Huế,7340405,Hệ thống thông tin,D10,2025,15.0,,THPT
DHK,Đại học Kinh Tế - Đại học Huế,7349001,Tài chính - Ngân hàng (liên kết),A00,2025,16.0,,THPT
DHK,Trường Đại Học Kinh Tế - Đại Học Huế,7349001,Tài chính - Ngân hàng (Liên kết),A00,2025,16.0,,THPT
DHK,Trường Đại Học Kinh Tế - Đại Học Huế,7349001,Tài chính - Ngân hàng (Liên kết),A01,2025,16.0,,THPT
DHK,Đại học Kinh Tế - Đại học Huế,7349001,Tài chính - Ngân hàng (liên kết),A01,2025,16.0,,THPT
DHK,Trường Đại Học Kinh Tế - Đại Học Huế,7349001,Tài chính - Ngân hàng (Liên kết),D01,2025,16.0,,THPT
DHK,Đại học Kinh Tế - Đại học Huế,7349001,Tài chính - Ngân hàng (liên kết),D01,2025,16.0,,THPT
DHK,Trường Đại Học Kinh Tế - Đại Học Huế,7349001,Tài chính - Ngân hàng (Liên kết),D07,2025,16.0,,THPT
DHK,Đại học Kinh Tế - Đại học Huế,7349001,Tài chính - Ngân hàng (liên kết),D07,2025,16.0,,THPT
DHK,Trường Đại Học Kinh Tế - Đại Học Huế,7349001,Tài chính - Ngân hàng (Liên kết),D09,2025,16.0,,THPT
DHK,Đại học Kinh Tế - Đại học Huế,7349001,Tài chính - Ngân hàng (liên kết),D09,2025,16.0,,THPT
DHK,Trường Đại Học Kinh Tế - Đại Học Huế,7349001,Tài chính - Ngân hàng (Liên kết),D10,2025,16.0,,THPT
DHK,Đại học Kinh Tế - Đại học Huế,7349001,Tài chính - Ngân hàng (liên kết),D10,2025,16.0,,THPT
DHK,Đại học Kinh Tế - Đại học Huế,7510605,Logistics và Quản lý chuỗi cung ứng,A00,2025,18.0,,THPT
DHK,Trường Đại Học Kinh Tế - Đại Học Huế,7510605,Logistics và Quản lý chuỗi cung ứng,A00,2025,18.0,,THPT
DHK,Trường Đại Học Kinh Tế - Đại Học Huế,7510605,Logistics và Quản lý chuỗi cung ứng,A01,2025,18.0,,THPT
DHK,Đại học Kinh Tế - Đại học Huế,7510605,Logistics và Quản lý chuỗi cung ứng,A01,2025,18.0,,THPT
DHK,Trường Đại Học Kinh Tế - Đại Học Huế,7510605,Logistics và Quản lý chuỗi cung ứng,D01,2025,18.0,,THPT
DHK,Đại học Kinh Tế - Đại học Huế,7510605,Logistics và Quản lý chuỗi cung ứng,D01,2025,18.0,,THPT
DHK,Trường Đại Học Kinh Tế - Đại Học Huế,7510605,Logistics và Quản lý chuỗi cung ứng,D07,2025,18.0,,THPT
DHK,Đại học Kinh Tế - Đại học Huế,7510605,Logistics và Quản lý chuỗi cung ứng,D07,2025,18.0,,THPT
DHK,Trường Đại Học Kinh Tế - Đại Học Huế,7510605,Logistics và Quản lý chuỗi cung ứng,D09,2025,18.0,,THPT
DHK,Đại học Kinh Tế - Đại học Huế,7510605,Logistics và Quản lý chuỗi cung ứng,D09,2025,18.0,,THPT
DHK,Trường Đại Học Kinh Tế - Đại Học Huế,7510605,Logistics và Quản lý chuỗi cung ứng,D10,2025,18.0,,THPT
DHK,Đại học Kinh Tế - Đại học Huế,7510605,Logistics và Quản lý chuỗi cung ứng,D10,2025,18.0,,THPT
DHK,Đại học Kinh Tế - Đại học Huế,7620115,Kinh tế nông nghiệp,A00,2025,15.0,,THPT
DHK,Trường Đại Học Kinh Tế - Đại Học Huế,7620115,Kinh tế nông nghiệp,A00,2025,15.0,,THPT
DHK,Trường Đại Học Kinh Tế - Đại Học Huế,7620115,Kinh tế nông nghiệp,A01,2025,15.0,,THPT
DHK,Đại học Kinh Tế - Đại học Huế,7620115,Kinh tế nông nghiệp,A01,2025,15.0,,THPT
DHK,Trường Đại Học Kinh Tế - Đại Học Huế,7620115,Kinh tế nông nghiệp,D01,2025,15.0,,THPT
DHK,Đại học Kinh Tế - Đại học Huế,7620115,Kinh tế nông nghiệp,D01,2025,15.0,,THPT
DHK,Trường Đại Học Kinh Tế - Đại Học Huế,7620115,Kinh tế nông nghiệp,D07,2025,15.0,,THPT
DHK,Đại học Kinh Tế - Đại học Huế,7620115,Kinh tế nông nghiệp,D07,2025,15.0,,THPT
DHK,Trường Đại Học Kinh Tế - Đại Học Huế,7620115,Kinh tế nông nghiệp,D09,2025,15.0,,THPT
DHK,Đại học Kinh Tế - Đại học Huế,7620115,Kinh tế nông nghiệp,D09,2025,15.0,,THPT
DHK,Trường Đại Học Kinh Tế - Đại Học Huế,7620115,Kinh tế nông nghiệp,D10,2025,15.0,,THPT
DHK,Đại học Kinh Tế - Đại học Huế,7620115,Kinh tế nông nghiệp,D10,2025,15.0,,THPT
DHK,Đại học Kinh Tế - Đại học Huế,7903124,Song ngành Kinh tế - Tài chính,A00,2025,16.0,,THPT
DHK,Trường Đại Học Kinh Tế - Đại Học Huế,7903124,Song ngành Kinh tế - Tài chính,A00,2025,16.0,,THPT
DHK,Trường Đại Học Kinh Tế - Đại Học Huế,7903124,Song ngành Kinh tế - Tài chính,A01,2025,16.0,,THPT
DHK,Đại học Kinh Tế - Đại học Huế,7903124,Song ngành Kinh tế - Tài chính,A01,2025,16.0,,THPT
DHK,Trường Đại Học Kinh Tế - Đại Học Huế,7903124,Song ngành Kinh tế - Tài chính,D01,2025,16.0,,THPT
DHK,Đại học Kinh Tế - Đại học Huế,7903124,Song ngành Kinh tế - Tài chính,D01,2025,16.0,,THPT
DHK,Trường Đại Học Kinh Tế - Đại Học Huế,7903124,Song ngành Kinh tế - Tài chính,D07,2025,16.0,,THPT
DHK,Đại học Kinh Tế - Đại học Huế,7903124,Song ngành Kinh tế - Tài chính,D07,2025,16.0,,THPT
DHK,Trường Đại Học Kinh Tế - Đại Học Huế,7903124,Song ngành Kinh tế - Tài chính,D09,2025,16.0,,THPT
DHK,Đại học Kinh Tế - Đại học Huế,7903124,Song ngành Kinh tế - Tài chính,D09,2025,16.0,,THPT
DHK,Trường Đại Học Kinh Tế - Đại Học Huế,7903124,Song ngành Kinh tế - Tài chính,D10,2025,16.0,,THPT
DHK,Đại học Kinh Tế - Đại học Huế,7903124,Song ngành Kinh tế - Tài chính,D10,2025,16.0,,THPT
DHL,Đại học Nông Lâm - Đại học Huế,7340116,Bất động sản,A01,2025,15.0,,THPT
DHL,Trường Đại Học Nông Lâm Huế,7340116,Bất động sản,A01,2025,15.0,,THPT
DHL,Trường Đại Học Nông Lâm Huế,7340116,Bất động sản,C00,2025,15.0,,THPT
DHL,Đại học Nông Lâm - Đại học Huế,7340116,Bất động sản,C00,2025,15.0,,THPT
DHL,Trường Đại Học Nông Lâm Huế,7340116,Bất động sản,D01,2025,15.0,,THPT
DHL,Đại học Nông Lâm - Đại học Huế,7340116,Bất động sản,D01,2025,15.0,,THPT
DHL,Đại học Nông Lâm - Đại học Huế,7510201,Công nghệ kỹ thuật cơ khí (chuyên ngành Cơ khí chế tạo),A00,2025,18.5,,THPT
DHL,Trường Đại Học Nông Lâm Huế,7510201,Công nghệ kỹ thuật cơ khí,A00,2025,18.5,,THPT
DHL,Trường Đại Học Nông Lâm Huế,7510201,Công nghệ kỹ thuật cơ khí,A01,2025,18.5,,THPT
DHL,Đại học Nông Lâm - Đại học Huế,7510201,Công nghệ kỹ thuật cơ khí (chuyên ngành Cơ khí chế tạo),A01,2025,18.5,,THPT
DHL,Trường Đại Học Nông Lâm Huế,7510201,Công nghệ kỹ thuật cơ khí,D01,2025,18.5,,THPT
DHL,Đại học Nông Lâm - Đại học Huế,7510201,Công nghệ kỹ thuật cơ khí (chuyên ngành Cơ khí chế tạo),D01,2025,18.5,,THPT
DHL,Đại học Nông Lâm - Đại học Huế,7520114,Kỹ thuật cơ điện tử,A00,2025,16.0,,THPT
DHL,Trường Đại Học Nông Lâm Huế,7520114,Kỹ thuật cơ điện tử,A00,2025,16.0,,THPT
DHL,Trường Đại Học Nông Lâm Huế,7520114,Kỹ thuật cơ điện tử,A01,2025,16.0,,THPT
DHL,Đại học Nông Lâm - Đại học Huế,7520114,Kỹ thuật cơ điện tử,A01,2025,16.0,,THPT
DHL,Trường Đại Học Nông Lâm Huế,7520114,Kỹ thuật cơ điện tử,D01,2025,16.0,,THPT
DHL,Đại học Nông Lâm - Đại học Huế,7520114,Kỹ thuật cơ điện tử,D01,2025,16.0,,THPT
DHL,Đại học Nông Lâm - Đại học Huế,7540101,Công nghệ thực phẩm,A00,2025,17.0,,THPT
DHL,Trường Đại Học Nông Lâm Huế,7540101,Công nghệ thực phẩm,A00,2025,17.0,,THPT
DHL,Trường Đại Học Nông Lâm Huế,7540101,Công nghệ thực phẩm,D01,2025,17.0,,THPT
DHL,Đại học Nông Lâm - Đại học Huế,7540101,Công nghệ thực phẩm,D01,2025,17.0,,THPT
DHL,Đại học Nông Lâm - Đại học Huế,7540106,Đảm bảo chất lượng và an toàn thực phẩm,A00,2025,15.0,,THPT
DHL,Trường Đại Học Nông Lâm Huế,7540106,Đảm bảo chất lượng và an toàn thực phẩm,A00,2025,15.0,,THPT
DHL,Trường Đại Học Nông Lâm Huế,7540106,Đảm bảo chất lượng và an toàn thực phẩm,D01,2025,15.0,,THPT
DHL,Đại học Nông Lâm - Đại học Huế,7540106,Đảm bảo chất lượng và an toàn thực phẩm,D01,2025,15.0,,THPT
DHL,Đại học Nông Lâm - Đại học Huế,7580210,Kỹ thuật cơ sở hạ tầng,A00,2025,15.0,,THPT
DHL,Trường Đại Học Nông Lâm Huế,7580210,Kỹ thuật cơ sở hạ tầng,A00,2025,15.0,,THPT
DHL,Trường Đại Học Nông Lâm Huế,7580210,Kỹ thuật cơ sở hạ tầng,A01,2025,15.0,,THPT
DHL,Đại học Nông Lâm - Đại học Huế,7580210,Kỹ thuật cơ sở hạ tầng,A01,2025,15.0,,THPT
DHL,Trường Đại Học Nông Lâm Huế,7580210,Kỹ thuật cơ sở hạ tầng,D01,2025,15.0,,THPT
DHL,Đại học Nông Lâm - Đại học Huế,7580210,Kỹ thuật cơ sở hạ tầng,D01,2025,15.0,,THPT
DHL,Trường Đại Học Nông Lâm Huế,7620102,Khuyến nông,C00,2025,15.0,,THPT
DHL,Đại học Nông Lâm - Đại học Huế,7620102,Khuyến nông,C00,2025,15.0,,THPT
DHL,Trường Đại Học Nông Lâm Huế,7620102,Khuyến nông,D01,2025,15.0,,THPT
DHL,Đại học Nông Lâm - Đại học Huế,7620102,Khuyến nông,D01,2025,15.0,,THPT
DHL,Đại học Nông Lâm - Đại học Huế,7620105,Chăn nuôi,A00,2025,16.0,,THPT
DHL,Trường Đại Học Nông Lâm Huế,7620105,Chăn nuôi,A00,2025,16.0,,THPT
DHL,Trường Đại Học Nông Lâm Huế,7620105,Chăn nuôi,B00,2025,16.0,,THPT
DHL,Đại học Nông Lâm - Đại học Huế,7620105,Chăn nuôi,B00,2025,16.0,,THPT
DHL,Trường Đại Học Nông Lâm Huế,7620105,Chăn nuôi,D01,2025,16.0,,THPT
DHL,Đại học Nông Lâm - Đại học Huế,7620105,Chăn nuôi,D01,2025,16.0,,THPT
DHL,Trường Đại Học Nông Lâm Huế,7620110,Khoa học cây trồng,B00,2025,15.0,,THPT
DHL,Đại học Nông Lâm - Đại học Huế,7620110,Khoa học cây trồng,B00,2025,15.0,,THPT
DHL,Trường Đại Học Nông Lâm Huế,7620110,Khoa học cây trồng,D01,2025,15.0,,THPT
DHL,Đại học Nông Lâm - Đại học Huế,7620110,Khoa học cây trồng,D01,2025,15.0,,THPT
DHL,Trường Đại Học Nông Lâm Huế,7620112,Bảo vệ thực vật,B00,2025,15.0,,THPT
DHL,Đại học Nông Lâm - Đại học Huế,7620112,Bảo vệ thực vật,B00,2025,15.0,,THPT
DHL,Trường Đại Học Nông Lâm Huế,7620112,Bảo vệ thực vật,D01,2025,15.0,,THPT
DHL,Đại học Nông Lâm - Đại học Huế,7620112,Bảo vệ thực vật,D01,2025,15.0,,THPT
DHL,Trường Đại Học Nông Lâm Huế,7620116,Phát triển nông thôn,C00,2025,15.0,,THPT
DHL,Đại học Nông Lâm - Đại học Huế,7620116,Phát triển nông thôn,C00,2025,15.0,,THPT
DHL,Trường Đại Học Nông Lâm Huế,7620116,Phát triển nông thôn,D01,2025,15.0,,THPT
DHL,Đại học Nông Lâm - Đại học Huế,7620116,Phát triển nông thôn,D01,2025,15.0,,THPT
DHL,Trường Đại Học Nông Lâm Huế,7620118,Nông nghiệp công nghệ cao,B00,2025,15.0,,THPT
DHL,Đại học Nông Lâm - Đại học Huế,7620118,Nông nghiệp công nghệ cao,B00,2025,15.0,,THPT
DHL,Trường Đại Học Nông Lâm Huế,7620118,Nông nghiệp công nghệ cao,D01,2025,15.0,,THPT
DHL,Đại học Nông Lâm - Đại học Huế,7620118,Nông nghiệp công nghệ cao,D01,2025,15.0,,THPT
DHL,Trường Đại Học Nông Lâm Huế,7620119,Kinh doanh và khởi nghiệp nông thôn,C00,2025,15.0,,THPT
DHL,Đại học Nông Lâm - Đại học Huế,7620119,Kinh doanh và khởi nghiệp nông thôn,C00,2025,15.0,,THPT
DHL,Trường Đại Học Nông Lâm Huế,7620119,Kinh doanh và khởi nghiệp nông thôn,D01,2025,15.0,,THPT
DHL,Đại học Nông Lâm - Đại học Huế,7620119,Kinh doanh và khởi nghiệp nông thôn,D01,2025,15.0,,THPT
DHL,Đại học Nông Lâm - Đại học Huế,7620210,Lâm nghiệp,A00,2025,15.0,,THPT
DHL,Trường Đại Học Nông Lâm Huế,7620210,Lâm nghiệp,A00,2025,15.0,,THPT
DHL,Trường Đại Học Nông Lâm Huế,7620210,Lâm nghiệp,B00,2025,15.0,,THPT
DHL,Đại học Nông Lâm - Đại học Huế,7620210,Lâm nghiệp,B00,2025,15.0,,THPT
DHL,Đại học Nông Lâm - Đại học Huế,7620211,Quản lý tài nguyên rừng,A00,2025,15.0,,THPT
DHL,Trường Đại Học Nông Lâm Huế,7620211,Quản lý tài nguyên rừng,A00,2025,15.0,,THPT
DHL,Trường Đại Học Nông Lâm Huế,7620211,Quản lý tài nguyên rừng,B00,2025,15.0,,THPT
DHL,Đại học Nông Lâm - Đại học Huế,7620211,Quản lý tài nguyên rừng,B00,2025,15.0,,THPT
DHL,Đại học Nông Lâm - Đại học Huế,7620301,ĐH Nuôi trồng thủy sản,A00,2025,15.0,,THPT
DHL,Trường Đại Học Nông Lâm Huế,7620301,Nuôi trồng thủy sản,A00,2025,15.0,,THPT
DHL,Trường Đại Học Nông Lâm Huế,7620301,Nuôi trồng thủy sản,B00,2025,15.0,,THPT
DHL,Đại học Nông Lâm - Đại học Huế,7620301,ĐH Nuôi trồng thủy sản,B00,2025,15.0,,THPT
DHL,Trường Đại Học Nông Lâm Huế,7620301,Nuôi trồng thủy sản,D01,2025,15.0,,THPT
DHL,Đại học Nông Lâm - Đại học Huế,7620301,ĐH Nuôi trồng thủy sản,D01,2025,15.0,,THPT
DHL,Đại học Nông Lâm - Đại học Huế,7620302,Bệnh học thủy sản,A00,2025,15.0,,THPT
DHL,Trường Đại Học Nông Lâm Huế,7620302,Bệnh học thủy sản,A00,2025,15.0,,THPT
DHL,Trường Đại Học Nông Lâm Huế,7620302,Bệnh học thủy sản,B00,2025,15.0,,THPT
DHL,Đại học Nông Lâm - Đại học Huế,7620302,Bệnh học thủy sản,B00,2025,15.0,,THPT
DHL,Trường Đại Học Nông Lâm Huế,7620302,Bệnh học thủy sản,D01,2025,15.0,,THPT
DHL,Đại học Nông Lâm - Đại học Huế,7620302,Bệnh học thủy sản,D01,2025,15.0,,THPT
DHL,Đại học Nông Lâm - Đại học Huế,7620305,Quản lý thủy sản,A00,2025,15.0,,THPT
DHL,Trường Đại Học Nông Lâm Huế,7620305,Quản lý thủy sản,A00,2025,15.0,,THPT
DHL,Trường Đại Học Nông Lâm Huế,7620305,Quản lý thủy sản,B00,2025,15.0,,THPT
DHL,Đại học Nông Lâm - Đại học Huế,7620305,Quản lý thủy sản,B00,2025,15.0,,THPT
DHL,Trường Đại Học Nông Lâm Huế,7620305,Quản lý thủy sản,D01,2025,15.0,,THPT
DHL,Đại học Nông Lâm - Đại học Huế,7620305,Quản lý thủy sản,D01,2025,15.0,,THPT
DHL,Đại học Nông Lâm - Đại học Huế,7640101,Thú y,A00,2025,19.5,,THPT
DHL,Trường Đại Học Nông Lâm Huế,7640101,Thú y,A00,2025,19.5,,THPT
DHL,Trường Đại Học Nông Lâm Huế,7640101,Thú y,B00,2025,19.5,,THPT
DHL,Đại học Nông Lâm - Đại học Huế,7640101,Thú y,B00,2025,19.5,,THPT
DHL,Trường Đại Học Nông Lâm Huế,7640101,Thú y,D01,2025,19.5,,THPT
DHL,Đại học Nông Lâm - Đại học Huế,7640101,Thú y,D01,2025,19.5,,THPT
DHL,Đại học Nông Lâm - Đại học Huế,7850103,Quản lý đất đai,A01,2025,15.0,,THPT
DHL,Trường Đại Học Nông Lâm Huế,7850103,Quản lý đất đai,A01,2025,15.0,,THPT
DHL,Trường Đại Học Nông Lâm Huế,7850103,Quản lý đất đai,C00,2025,15.0,,THPT
DHL,Đại học Nông Lâm - Đại học Huế,7850103,Quản lý đất đai,C00,2025,15.0,,THPT
DHL,Trường Đại Học Nông Lâm Huế,7850103,Quản lý đất đai,D01,2025,15.0,,THPT
DHL,Đại học Nông Lâm - Đại học Huế,7850103,Quản lý đất đai,D01,2025,15.0,,THPT
DHQ,Phân Hiệu Đại học Huế tại Quảng Trị,7520201,Kỹ thuật điện,A00,2025,15.0,,THPT
DHQ,Phân Hiệu Đại Học Huế tại Quảng Trị,7520201,Kỹ thuật điện,A00,2025,15.0,,THPT
DHQ,Phân Hiệu Đại Học Huế tại Quảng Trị,7520201,Kỹ thuật điện,A01,2025,15.0,,THPT
DHQ,Phân Hiệu Đại học Huế tại Quảng Trị,7520201,Kỹ thuật điện,A01,2025,15.0,,THPT
DHQ,Phân Hiệu Đại Học Huế tại Quảng Trị,7520201,Kỹ thuật điện,D01,2025,15.0,,THPT
DHQ,Phân Hiệu Đại học Huế tại Quảng Trị,7520201,Kỹ thuật điện,D01,2025,15.0,,THPT
DHQ,Phân Hiệu Đại học Huế tại Quảng Trị,7520216,Ngành Kỹ thuật điều khiển & Tự động hóa,A00,2025,15.0,,THPT
DHQ,Phân Hiệu Đại Học Huế tại Quảng Trị,7520216,Kỹ thuật điều kiển và tự động hoá,A00,2025,15.0,,THPT
DHQ,Phân Hiệu Đại Học Huế tại Quảng Trị,7520216,Kỹ thuật điều kiển và tự động hoá,A01,2025,15.0,,THPT
DHQ,Phân Hiệu Đại học Huế tại Quảng Trị,7520216,Ngành Kỹ thuật điều khiển & Tự động hóa,A01,2025,15.0,,THPT
DHQ,Phân Hiệu Đại Học Huế tại Quảng Trị,7520216,Kỹ thuật điều kiển và tự động hoá,D01,2025,15.0,,THPT
DHQ,Phân Hiệu Đại học Huế tại Quảng Trị,7520216,Ngành Kỹ thuật điều khiển & Tự động hóa,D01,2025,15.0,,THPT
DHQ,Phân Hiệu Đại học Huế tại Quảng Trị,7580201,Kỹ thuật xây dựng,A00,2025,15.0,,THPT
DHQ,Phân Hiệu Đại Học Huế tại Quảng Trị,7580201,Kỹ thuật xây dựng,A00,2025,15.0,,THPT
DHQ,Phân Hiệu Đại Học Huế tại Quảng Trị,7580201,Kỹ thuật xây dựng,A01,2025,15.0,,THPT
DHQ,Phân Hiệu Đại học Huế tại Quảng Trị,7580201,Kỹ thuật xây dựng,A01,2025,15.0,,THPT
DHQ,Phân Hiệu Đại Học Huế tại Quảng Trị,7580201,Kỹ thuật xây dựng,D01,2025,15.0,,THPT
DHQ,Phân Hiệu Đại học Huế tại Quảng Trị,7580201,Kỹ thuật xây dựng,D01,2025,15.0,,THPT
DHS,Trường Đại Học Sư Phạm Huế,7140202,Giáo dục Tiểu học,C00,2025,27.82,,THPT
DHS,Đại học Sư Phạm - Đại học Huế,7140202,Giáo dục Tiểu học,C00,2025,27.82,,THPT
DHS,Trường Đại Học Sư Phạm Huế,7140202,Giáo dục Tiểu học,D01,2025,27.82,,THPT
DHS,Đại học Sư Phạm - Đại học Huế,7140202,Giáo dục Tiểu học,D01,2025,27.82,,THPT
DHS,Trường Đại Học Sư Phạm Huế,7140202TA,Giáo dục Tiểu học (Đào tạo bằng Tiếng Anh),C00,2025,27.0,,THPT
DHS,Đại học Sư Phạm - Đại học Huế,7140202TA,Giáo dục Tiểu học,C00,2025,27.0,,THPT
DHS,Trường Đại Học Sư Phạm Huế,7140202TA,Giáo dục Tiểu học (Đào tạo bằng Tiếng Anh),D01,2025,27.0,,THPT
DHS,Đại học Sư Phạm - Đại học Huế,7140202TA,Giáo dục Tiểu học,D01,2025,27.0,,THPT
DHS,Đại học Sư Phạm - Đại học Huế,7140204,Giáo dục Công dân,C00,2025,26.55,,THPT
DHS,Trường Đại Học Sư Phạm Huế,7140204,Giáo dục Công dân,C00,2025,26.55,,THPT
DHS,Đại học Sư Phạm - Đại học Huế,7140205,Giáo dục Chính trị,C00,2025,27.3,,THPT
DHS,Trường Đại Học Sư Phạm Huế,7140205,Giáo dục Chính trị,C00,2025,27.3,,THPT
DHS,Đại học Sư Phạm - Đại học Huế,7140208,Giáo dục Quốc phòng - An ninh,C00,2025,26.55,,THPT
DHS,Trường Đại Học Sư Phạm Huế,7140208,Giáo dục Quốc phòng - An ninh,C00,2025,26.55,,THPT
DHS,Đại học Sư Phạm - Đại học Huế,7140209,Sư phạm Toán học,A00,2025,26.1,,THPT
DHS,Trường Đại Học Sư Phạm Huế,7140209,Sư phạm Toán học,A00,2025,26.1,,THPT
DHS,Trường Đại Học Sư Phạm Huế,7140209,Sư phạm Toán học,A01,2025,26.1,,THPT
DHS,Đại học Sư Phạm - Đại học Huế,7140209,Sư phạm Toán học,A01,2025,26.1,,THPT
DHS,Đại học Sư Phạm - Đại học Huế,7140209TA,Sư phạm Toán học,A00,2025,26.1,,THPT
DHS,Trường Đại Học Sư Phạm Huế,7140209TA,Sư phạm Toán học (Đào tạo bằng Tiếng Anh),A00,2025,26.1,,THPT
DHS,Trường Đại Học Sư Phạm Huế,7140209TA,Sư phạm Toán học (Đào tạo bằng Tiếng Anh),A01,2025,26.1,,THPT
DHS,Đại học Sư Phạm - Đại học Huế,7140209TA,Sư phạm Toán học,A01,2025,26.1,,THPT
DHS,Đại học Sư Phạm - Đại học Huế,7140210,Sư phạm Tin học (Chuyên ngành Tin học – Công nghệ Tiểu học),A00,2025,22.3,,THPT
DHS,Trường Đại Học Sư Phạm Huế,7140210,Sư phạm Tin học,A00,2025,22.3,,THPT
DHS,Trường Đại Học Sư Phạm Huế,7140210,Sư phạm Tin học,D01,2025,22.3,,THPT
DHS,Đại học Sư Phạm - Đại học Huế,7140210,Sư phạm Tin học (Chuyên ngành Tin học – Công nghệ Tiểu học),D01,2025,22.3,,THPT
DHS,Đại học Sư Phạm - Đại học Huế,7140211,Sư phạm Vật lý,A00,2025,26.08,,THPT
DHS,Trường Đại Học Sư Phạm Huế,7140211,Sư phạm Vật lý,A00,2025,26.08,,THPT
DHS,Trường Đại Học Sư Phạm Huế,7140211,Sư phạm Vật lý,A01,2025,26.08,,THPT
DHS,Đại học Sư Phạm - Đại học Huế,7140211,Sư phạm Vật lý,A01,2025,26.08,,THPT
DHS,Đại học Sư Phạm - Đại học Huế,7140212,Sư phạm Hóa học,A00,2025,26.88,,THPT
DHS,Trường Đại Học Sư Phạm Huế,7140212,Sư phạm Hóa học,A00,2025,26.88,,THPT
DHS,Trường Đại Học Sư Phạm Huế,7140212,Sư phạm Hóa học,B00,2025,26.88,,THPT
DHS,Đại học Sư Phạm - Đại học Huế,7140212,Sư phạm Hóa học,B00,2025,26.88,,THPT
DHS,Trường Đại Học Sư Phạm Huế,7140212,Sư phạm Hóa học,D07,2025,26.88,,THPT
DHS,Đại học Sư Phạm - Đại học Huế,7140212,Sư phạm Hóa học,D07,2025,26.88,,THPT
DHS,Trường Đại Học Sư Phạm Huế,7140213,Sư phạm Sinh học,B00,2025,23.08,,THPT
DHS,Đại học Sư Phạm - Đại học Huế,7140213,Sư phạm Sinh học,B00,2025,23.08,,THPT
DHS,Đại học Sư Phạm - Đại học Huế,7140217,Sư phạm Ngữ văn,C00,2025,28.9,,THPT
DHS,Trường Đại Học Sư Phạm Huế,7140217,Sư phạm Ngữ văn,C00,2025,28.9,,THPT
DHS,Trường Đại Học Sư Phạm Huế,7140217,Sư phạm Ngữ văn,D01,2025,28.9,,THPT
DHS,Đại học Sư Phạm - Đại học Huế,7140217,Sư phạm Ngữ văn,D01,2025,28.9,,THPT
DHS,Trường Đại Học Sư Phạm Huế,7140218,Sư phạm Lịch sử,C00,2025,27.63,,THPT
DHS,Đại học Sư Phạm - Đại học Huế,7140218,Sư phạm Lịch sử,C00,2025,27.63,,THPT
DHS,Đại học Sư Phạm - Đại học Huế,7140219,Sư phạm Địa lý,C00,2025,27.71,,THPT
DHS,Trường Đại Học Sư Phạm Huế,7140219,Sư phạm Địa lý,C00,2025,27.71,,THPT
DHS,Đại học Sư Phạm - Đại học Huế,7140246,Sư phạm công nghệ,A00,2025,20.0,,THPT
DHS,Trường Đại Học Sư Phạm Huế,7140246,Sư phạm công nghệ,A00,2025,20.0,,THPT
DHS,Trường Đại Học Sư Phạm Huế,7140246,Sư phạm công nghệ,A01,2025,20.0,,THPT
DHS,Đại học Sư Phạm - Đại học Huế,7140246,Sư phạm công nghệ,A01,2025,20.0,,THPT
DHS,Đại học Sư Phạm - Đại học Huế,7140247,Sư phạm khoa học tự nhiên,A00,2025,23.5,,THPT
DHS,Trường Đại Học Sư Phạm Huế,7140247,Sư phạm khoa học tự nhiên,A00,2025,23.5,,THPT
DHS,Trường Đại Học Sư Phạm Huế,7140247,Sư phạm khoa học tự nhiên,A01,2025,23.5,,THPT
DHS,Đại học Sư Phạm - Đại học Huế,7140247,Sư phạm khoa học tự nhiên,A01,2025,23.5,,THPT
DHS,Trường Đại Học Sư Phạm Huế,7140247,Sư phạm khoa học tự nhiên,B00,2025,23.5,,THPT
DHS,Đại học Sư Phạm - Đại học Huế,7140247,Sư phạm khoa học tự nhiên,B00,2025,23.5,,THPT
DHS,Trường Đại Học Sư Phạm Huế,7140247,Sư phạm khoa học tự nhiên,D07,2025,23.5,,THPT
DHS,Đại học Sư Phạm - Đại học Huế,7140247,Sư phạm khoa học tự nhiên,D07,2025,23.5,,THPT
DHS,Đại học Sư Phạm - Đại học Huế,7140248,Giáo dục Pháp luật,C00,2025,26.52,,THPT
DHS,Trường Đại Học Sư Phạm Huế,7140248,Giáo dục pháp luật,C00,2025,26.52,,THPT
DHS,Trường Đại Học Sư Phạm Huế,7140249,Sư phạm Lịch sử - Địa lý,C00,2025,27.25,,THPT
DHS,Đại học Sư Phạm - Đại học Huế,7140249,Sư phạm Lịch sử - Địa lý,C00,2025,27.25,,THPT
DHS,Đại học Sư Phạm - Đại học Huế,7310403,Tâm lý học giáo dục,B00,2025,25.9,,THPT
DHS,Trường Đại Học Sư Phạm Huế,7310403,Tâm lý học giáo dục,B00,2025,25.9,,THPT
DHS,Trường Đại Học Sư Phạm Huế,7310403,Tâm lý học giáo dục,C00,2025,25.9,,THPT
DHS,Đại học Sư Phạm - Đại học Huế,7310403,Tâm lý học giáo dục,C00,2025,25.9,,THPT
DHS,Trường Đại Học Sư Phạm Huế,7310403,Tâm lý học giáo dục,D01,2025,25.9,,THPT
DHS,Đại học Sư Phạm - Đại học Huế,7310403,Tâm lý học giáo dục,D01,2025,25.9,,THPT
DHS,Đại học Sư Phạm - Đại học Huế,7480104,Hệ thống thông tin,A00,2025,17.5,,THPT
DHS,Trường Đại Học Sư Phạm Huế,7480104,Hệ thống thông tin,A00,2025,17.5,,THPT
DHS,Trường Đại Học Sư Phạm Huế,7480104,Hệ thống thông tin,D01,2025,17.5,,THPT
DHS,Đại học Sư Phạm - Đại học Huế,7480104,Hệ thống thông tin,D01,2025,17.5,,THPT
DHT,Đại học Khoa Học - Đại học Huế,7220104,Hán - Nôm,C00,2025,16.0,,THPT
DHT,Trường Đại Học Khoa Học Huế,7220104,Hán Nôm,C00,2025,16.0,,THPT
DHT,Trường Đại Học Khoa Học Huế,7220104,Hán Nôm,D01,2025,16.0,,THPT
DHT,Đại học Khoa Học - Đại học Huế,7220104,Hán - Nôm,D01,2025,16.0,,THPT
DHT,Đại học Khoa Học - Đại học Huế,7229001,Triết học,A00,2025,16.0,,THPT
DHT,Trường Đại Học Khoa Học Huế,7229001,Triết học,A00,2025,16.0,,THPT
DHT,Trường Đại Học Khoa Học Huế,7229001,Triết học,D01,2025,16.0,,THPT
DHT,Đại học Khoa Học - Đại học Huế,7229001,Triết học,D01,2025,16.0,,THPT
DHT,Đại học Khoa Học - Đại học Huế,7229010,Lịch sử,C00,2025,22.0,,THPT
DHT,Trường Đại Học Khoa Học Huế,7229010,Lịch sử,C00,2025,22.0,,THPT
DHT,Đại học Khoa Học - Đại học Huế,7229030,Văn học,C00,2025,22.0,,THPT
DHT,Trường Đại Học Khoa Học Huế,7229030,Văn học,C00,2025,22.0,,THPT
DHT,Trường Đại Học Khoa Học Huế,7229030,Văn học,D01,2025,22.0,,THPT
DHT,Đại học Khoa Học - Đại học Huế,7229030,Văn học,D01,2025,22.0,,THPT
DHT,Đại học Khoa Học - Đại học Huế,7229042,Quản lý văn hoá,C00,2025,16.0,,THPT
DHT,Trường Đại Học Khoa Học Huế,7229042,Quản lý văn hóa,C00,2025,16.0,,THPT
DHT,Đại học Khoa Học - Đại học Huế,7310205,Quản lý nhà nước,A00,2025,15.5,,THPT
DHT,Trường Đại Học Khoa Học Huế,7310205,Quản lý nhà nước,A00,2025,15.5,,THPT
DHT,Trường Đại Học Khoa Học Huế,7310205,Quản lý nhà nước,D01,2025,15.5,,THPT
DHT,Đại học Khoa Học - Đại học Huế,7310205,Quản lý nhà nước,D01,2025,15.5,,THPT
DHT,Đại học Khoa Học - Đại học Huế,7310301,Xã hội học,C00,2025,15.5,,THPT
DHT,Trường Đại Học Khoa Học Huế,7310301,Xã hội học,C00,2025,15.5,,THPT
DHT,Trường Đại Học Khoa Học Huế,7310301,Xã hội học,D01,2025,15.5,,THPT
DHT,Đại học Khoa Học - Đại học Huế,7310301,Xã hội học,D01,2025,15.5,,THPT
DHT,Đại học Khoa Học - Đại học Huế,7310608,Đông phương học,C00,2025,15.5,,THPT
DHT,Trường Đại Học Khoa Học Huế,7310608,Đông phương học,C00,2025,15.5,,THPT
DHT,Trường Đại Học Khoa Học Huế,7310608,Đông phương học,D01,2025,15.5,,THPT
DHT,Đại học Khoa Học - Đại học Huế,7310608,Đông phương học,D01,2025,15.5,,THPT
DHT,Đại học Khoa Học - Đại học Huế,7320101,Báo chí,C00,2025,19.0,,THPT
DHT,Trường Đại Học Khoa Học Huế,7320101,Báo chí,C00,2025,19.0,,THPT
DHT,Trường Đại Học Khoa Học Huế,7320101,Báo chí,D01,2025,19.0,,THPT
DHT,Đại học Khoa Học - Đại học Huế,7320101,Báo chí,D01,2025,19.0,,THPT
DHT,Đại học Khoa Học - Đại học Huế,7320111,Truyền thông số,C00,2025,20.0,,THPT
DHT,Trường Đại Học Khoa Học Huế,7320111,Truyền thông số,C00,2025,20.0,,THPT
DHT,Trường Đại Học Khoa Học Huế,7320111,Truyền thông số,D01,2025,20.0,,THPT
DHT,Đại học Khoa Học - Đại học Huế,7320111,Truyền thông số,D01,2025,20.0,,THPT
DHT,Trường Đại Học Khoa Học Huế,7420201,Công nghệ sinh học,B00,2025,17.0,,THPT
DHT,Đại học Khoa Học - Đại học Huế,7420201,Công nghệ sinh học,B00,2025,17.0,,THPT
DHT,Đại học Khoa Học - Đại học Huế,7440102,Vật lý học,A00,2025,16.0,,THPT
DHT,Trường Đại Học Khoa Học Huế,7440102,Vật lý học,A00,2025,16.0,,THPT
DHT,Trường Đại Học Khoa Học Huế,7440102,Vật lý học,A01,2025,16.0,,THPT
DHT,Đại học Khoa Học - Đại học Huế,7440102,Vật lý học,A01,2025,16.0,,THPT
DHT,Đại học Khoa Học - Đại học Huế,7440112,Hóa học,A00,2025,16.0,,THPT
DHT,Trường Đại Học Khoa Học Huế,7440112,Hóa học,A00,2025,16.0,,THPT
DHT,Trường Đại Học Khoa Học Huế,7440112,Hóa học,B00,2025,16.0,,THPT
DHT,Đại học Khoa Học - Đại học Huế,7440112,Hóa học,B00,2025,16.0,,THPT
DHT,Trường Đại Học Khoa Học Huế,7440112,Hóa học,D07,2025,16.0,,THPT
DHT,Đại học Khoa Học - Đại học Huế,7440112,Hóa học,D07,2025,16.0,,THPT
DHT,Đại học Khoa Học - Đại học Huế,7440301,Khoa học môi trường,A00,2025,15.0,,THPT
DHT,Trường Đại Học Khoa Học Huế,7440301,Khoa học môi trường,A00,2025,15.0,,THPT
DHT,Trường Đại Học Khoa Học Huế,7440301,Khoa học môi trường,B00,2025,15.0,,THPT
DHT,Đại học Khoa Học - Đại học Huế,7440301,Khoa học môi trường,B00,2025,15.0,,THPT
DHT,Trường Đại Học Khoa Học Huế,7440301,Khoa học môi trường,D10,2025,15.0,,THPT
DHT,Đại học Khoa Học - Đại học Huế,7440301,Khoa học môi trường,D10,2025,15.0,,THPT
DHT,Đại học Khoa Học - Đại học Huế,7480103,Kỹ thuật phần mềm,A00,2025,17.5,,THPT
DHT,Trường Đại Học Khoa Học Huế,7480103,Kỹ thuật phần mềm,A00,2025,17.5,,THPT
DHT,Trường Đại Học Khoa Học Huế,7480103,Kỹ thuật phần mềm,A01,2025,17.5,,THPT
DHT,Đại học Khoa Học - Đại học Huế,7480103,Kỹ thuật phần mềm,A01,2025,17.5,,THPT
DHT,Trường Đại Học Khoa Học Huế,7480103,Kỹ thuật phần mềm,D01,2025,17.5,,THPT
DHT,Đại học Khoa Học - Đại học Huế,7480103,Kỹ thuật phần mềm,D01,2025,17.5,,THPT
DHT,Đại học Khoa Học - Đại học Huế,7480107TD,Quản trị và phân tích dữ liệu,A01,2025,16.0,,THPT
DHT,Trường Đại Học Khoa Học Huế,7480107TD,Quản trị và phân tích dữ liệu,A01,2025,16.0,,THPT
DHT,Trường Đại Học Khoa Học Huế,7480107TD,Quản trị và phân tích dữ liệu,D01,2025,16.0,,THPT
DHT,Đại học Khoa Học - Đại học Huế,7480107TD,Quản trị và phân tích dữ liệu,D01,2025,16.0,,THPT
DHT,Đại học Khoa Học - Đại học Huế,7480201,Công nghệ thông tin,A00,2025,17.5,,THPT
DHT,Trường Đại Học Khoa Học Huế,7480201,Công nghệ thông tin,A00,2025,17.5,,THPT
DHT,Trường Đại Học Khoa Học Huế,7480201,Công nghệ thông tin,A01,2025,17.5,,THPT
DHT,Đại học Khoa Học - Đại học Huế,7480201,Công nghệ thông tin,A01,2025,17.5,,THPT
DHT,Trường Đại Học Khoa Học Huế,7480201,Công nghệ thông tin,D01,2025,17.5,,THPT
DHT,Đại học Khoa Học - Đại học Huế,7480201,Công nghệ thông tin,D01,2025,17.5,,THPT
DHT,Đại học Khoa Học - Đại học Huế,7480201VJ,Công nghệ thông tin (Kỹ sư Việt - Nhật),A00,2025,17.75,,THPT
DHT,Trường Đại Học Khoa Học Huế,7480201VJ,Công nghệ thông tin (Chương trình đào tạo Kỹ sư Việt-Nhật),A00,2025,17.75,,THPT
DHT,Trường Đại Học Khoa Học Huế,7480201VJ,Công nghệ thông tin (Chương trình đào tạo Kỹ sư Việt-Nhật),A01,2025,17.75,,THPT
DHT,Đại học Khoa Học - Đại học Huế,7480201VJ,Công nghệ thông tin (Kỹ sư Việt - Nhật),A01,2025,17.75,,THPT
DHT,Trường Đại Học Khoa Học Huế,7480201VJ,Công nghệ thông tin (Chương trình đào tạo Kỹ sư Việt-Nhật),D01,2025,17.75,,THPT
DHT,Đại học Khoa Học - Đại học Huế,7480201VJ,Công nghệ thông tin (Kỹ sư Việt - Nhật),D01,2025,17.75,,THPT
DHT,Đại học Khoa Học - Đại học Huế,7510302,Điện tử - viễn thông,A00,2025,17.5,,THPT
DHT,Trường Đại Học Khoa Học Huế,7510302,Công nghệ kỹ thuật điện tử - Viễn thông,A00,2025,17.5,,THPT
DHT,Trường Đại Học Khoa Học Huế,7510302,Công nghệ kỹ thuật điện tử - Viễn thông,A01,2025,17.5,,THPT
DHT,Đại học Khoa Học - Đại học Huế,7510302,Điện tử - viễn thông,A01,2025,17.5,,THPT
DHT,Đại học Khoa Học - Đại học Huế,7510401,Công nghệ kỹ thuật hoá học,A00,2025,17.0,,THPT
DHT,Trường Đại Học Khoa Học Huế,7510401,Công nghệ kỹ thuật hóa học,A00,2025,17.0,,THPT
DHT,Trường Đại Học Khoa Học Huế,7510401,Công nghệ kỹ thuật hóa học,B00,2025,17.0,,THPT
DHT,Đại học Khoa Học - Đại học Huế,7510401,Công nghệ kỹ thuật hoá học,B00,2025,17.0,,THPT
DHT,Trường Đại Học Khoa Học Huế,7510401,Công nghệ kỹ thuật hóa học,D07,2025,17.0,,THPT
DHT,Đại học Khoa Học - Đại học Huế,7510401,Công nghệ kỹ thuật hoá học,D07,2025,17.0,,THPT
DHT,Đại học Khoa Học - Đại học Huế,7520503,Kỹ thuật trắc địa – bản đồ,A00,2025,15.5,,THPT
DHT,Trường Đại Học Khoa Học Huế,7520503,Kỹ thuật trắc địa - bản đồ,A00,2025,15.5,,THPT
DHT,Trường Đại Học Khoa Học Huế,7520503,Kỹ thuật trắc địa - bản đồ,D01,2025,15.5,,THPT
DHT,Đại học Khoa Học - Đại học Huế,7520503,Kỹ thuật trắc địa – bản đồ,D01,2025,15.5,,THPT
DHT,Đại học Khoa Học - Đại học Huế,7580211,Kỹ thuật cơ sở hạ tầng,A00,2025,15.5,,THPT
DHT,Trường Đại Học Khoa Học Huế,7580211,Địa kỹ thuật xây dựng,A00,2025,15.5,,THPT
DHT,Trường Đại Học Khoa Học Huế,7580211,Địa kỹ thuật xây dựng,D01,2025,15.5,,THPT
DHT,Đại học Khoa Học - Đại học Huế,7580211,Kỹ thuật cơ sở hạ tầng,D01,2025,15.5,,THPT
DHT,Đại học Khoa Học - Đại học Huế,7760101,Công tác xã hội,C00,2025,19.0,,THPT
DHT,Trường Đại Học Khoa Học Huế,7760101,Công tác xã hội,C00,2025,19.0,,THPT
DHT,Trường Đại Học Khoa Học Huế,7760101,Công tác xã hội,D01,2025,19.0,,THPT
DHT,Đại học Khoa Học - Đại học Huế,7760101,Công tác xã hội,D01,2025,19.0,,THPT
DHT,Trường Đại Học Khoa Học Huế,7850101,Quản lý tài nguyên và môi trường,D01,2025,15.5,,THPT
DHT,Đại học Khoa Học - Đại học Huế,7850101,Quản lý tài nguyên và môi trường,D01,2025,15.5,,THPT
DHT,Đại học Khoa Học - Đại học Huế,7850105,"Quản lý an toàn, sức khỏe và môi trường",A00,2025,15.5,,THPT
DHT,Trường Đại Học Khoa Học Huế,7850105,"Quản lý an toàn, sức khỏe và môi trường",A00,2025,15.5,,THPT
DHT,Trường Đại Học Khoa Học Huế,7850105,"Quản lý an toàn, sức khỏe và môi trường",B00,2025,15.5,,THPT
DHT,Đại học Khoa Học - Đại học Huế,7850105,"Quản lý an toàn, sức khỏe và môi trường",B00,2025,15.5,,THPT
DHT,Trường Đại Học Khoa Học Huế,7850105,"Quản lý an toàn, sức khỏe và môi trường",D10,2025,15.5,,THPT
DHT,Đại học Khoa Học - Đại học Huế,7850105,"Quản lý an toàn, sức khỏe và môi trường",D10,2025,15.5,,THPT
DHV,Đại học Hùng Vương TP HCM,7220201,Ngôn ngữ Anh,A01,2025,15.0,,THPT
DHV,Trường Đại học Hùng Vương TPHCM,7220201,Ngôn ngữ Anh,A01,2025,15.0,,THPT
DHV,Đại học Hùng Vương TP HCM,7220201,Ngôn ngữ Anh,D01,2025,15.0,,THPT
DHV,Trường Đại học Hùng Vương TPHCM,7220201,Ngôn ngữ Anh,D01,2025,15.0,,THPT
DHV,Trường Đại học Hùng Vương TPHCM,7220201,Ngôn ngữ Anh,D09,2025,15.0,,THPT
DHV,Đại học Hùng Vương TP HCM,7220201,Ngôn ngữ Anh,D09,2025,15.0,,THPT
DHV,Đại học Hùng Vương TP HCM,7220204,Ngôn ngữ Trung Quốc,A01,2025,15.0,,THPT
DHV,Trường Đại học Hùng Vương TPHCM,7220204,Ngôn ngữ Trung Quốc,A01,2025,15.0,,THPT
DHV,Đại học Hùng Vương TP HCM,7220204,Ngôn ngữ Trung Quốc,C00,2025,15.0,,THPT
DHV,Trường Đại học Hùng Vương TPHCM,7220204,Ngôn ngữ Trung Quốc,C00,2025,15.0,,THPT
DHV,Đại học Hùng Vương TP HCM,7220204,Ngôn ngữ Trung Quốc,D01,2025,15.0,,THPT
DHV,Trường Đại học Hùng Vương TPHCM,7220204,Ngôn ngữ Trung Quốc,D01,2025,15.0,,THPT
DHV,Đại học Hùng Vương TP HCM,7220209,Ngôn ngữ Nhật,A01,2025,15.0,,THPT
DHV,Trường Đại học Hùng Vương TPHCM,7220209,Ngôn ngữ Nhật,A01,2025,15.0,,THPT
DHV,Đại học Hùng Vương TP HCM,7220209,Ngôn ngữ Nhật,C00,2025,15.0,,THPT
DHV,Trường Đại học Hùng Vương TPHCM,7220209,Ngôn ngữ Nhật,C00,2025,15.0,,THPT
DHV,Đại học Hùng Vương TP HCM,7220209,Ngôn ngữ Nhật,D01,2025,15.0,,THPT
DHV,Trường Đại học Hùng Vương TPHCM,7220209,Ngôn ngữ Nhật,D01,2025,15.0,,THPT
DHV,Đại học Hùng Vương TP HCM,7220210,Ngôn ngữ Hàn Quốc,A01,2025,15.0,,THPT
DHV,Trường Đại học Hùng Vương TPHCM,7220210,Ngôn ngữ Hàn Quốc,A01,2025,15.0,,THPT
DHV,Đại học Hùng Vương TP HCM,7220210,Ngôn ngữ Hàn Quốc,C00,2025,15.0,,THPT
DHV,Trường Đại học Hùng Vương TPHCM,7220210,Ngôn ngữ Hàn Quốc,C00,2025,15.0,,THPT
DHV,Đại học Hùng Vương TP HCM,7220210,Ngôn ngữ Hàn Quốc,D01,2025,15.0,,THPT
DHV,Trường Đại học Hùng Vương TPHCM,7220210,Ngôn ngữ Hàn Quốc,D01,2025,15.0,,THPT
DHV,Đại học Hùng Vương TP HCM,7310106,Kinh tế quốc tế,A01,2025,15.0,,THPT
DHV,Trường Đại học Hùng Vương TPHCM,7310106,Kinh tế quốc tế,A01,2025,15.0,,THPT
DHV,Đại học Hùng Vương TP HCM,7310106,Kinh tế quốc tế,C00,2025,15.0,,THPT
DHV,Trường Đại học Hùng Vương TPHCM,7310106,Kinh tế quốc tế,C00,2025,15.0,,THPT
DHV,Đại học Hùng Vương TP HCM,7310106,Kinh tế quốc tế,D01,2025,15.0,,THPT
DHV,Trường Đại học Hùng Vương TPHCM,7310106,Kinh tế quốc tế,D01,2025,15.0,,THPT
DHV,Đại học Hùng Vương TP HCM,7310401,Tâm lý học,A01,2025,20.0,,THPT
DHV,Trường Đại học Hùng Vương TPHCM,7310401,Tâm lý học,A01,2025,20.0,,THPT
DHV,Đại học Hùng Vương TP HCM,7310401,Tâm lý học,C00,2025,20.0,,THPT
DHV,Trường Đại học Hùng Vương TPHCM,7310401,Tâm lý học,C00,2025,20.0,,THPT
DHV,Đại học Hùng Vương TP HCM,7310401,Tâm lý học,D01,2025,20.0,,THPT
DHV,Trường Đại học Hùng Vương TPHCM,7310401,Tâm lý học,D01,2025,20.0,,THPT
DHV,Đại học Hùng Vương TP HCM,7340101,Quản trị Kinh doanh,A01,2025,15.0,,THPT
DHV,Trường Đại học Hùng Vương TPHCM,7340101,Quản trị kinh doanh,A01,2025,15.0,,THPT
DHV,Đại học Hùng Vương TP HCM,7340101,Quản trị Kinh doanh,C00,2025,15.0,,THPT
DHV,Trường Đại học Hùng Vương TPHCM,7340101,Quản trị kinh doanh,C00,2025,15.0,,THPT
DHV,Đại học Hùng Vương TP HCM,7340101,Quản trị Kinh doanh,D01,2025,15.0,,THPT
DHV,Trường Đại học Hùng Vương TPHCM,7340101,Quản trị kinh doanh,D01,2025,15.0,,THPT
DHV,Đại học Hùng Vương TP HCM,7340115,Marketing,A01,2025,15.0,,THPT
DHV,Trường Đại học Hùng Vương TPHCM,7340115,Marketing,A01,2025,15.0,,THPT
DHV,Đại học Hùng Vương TP HCM,7340115,Marketing,C00,2025,15.0,,THPT
DHV,Trường Đại học Hùng Vương TPHCM,7340115,Marketing,C00,2025,15.0,,THPT
DHV,Đại học Hùng Vương TP HCM,7340115,Marketing,D01,2025,15.0,,THPT
DHV,Trường Đại học Hùng Vương TPHCM,7340115,Marketing,D01,2025,15.0,,THPT
DHV,Đại học Hùng Vương TP HCM,7340122,Thương mại điện tử,A01,2025,15.0,,THPT
DHV,Trường Đại học Hùng Vương TPHCM,7340122,Thương mại điện tử,A01,2025,15.0,,THPT
DHV,Đại học Hùng Vương TP HCM,7340122,Thương mại điện tử,C00,2025,15.0,,THPT
DHV,Trường Đại học Hùng Vương TPHCM,7340122,Thương mại điện tử,C00,2025,15.0,,THPT
DHV,Đại học Hùng Vương TP HCM,7340122,Thương mại điện tử,D01,2025,15.0,,THPT
DHV,Trường Đại học Hùng Vương TPHCM,7340122,Thương mại điện tử,D01,2025,15.0,,THPT
DHV,Đại học Hùng Vương TP HCM,7340201,Tài chính – Ngân hàng,A01,2025,15.0,,THPT
DHV,Trường Đại học Hùng Vương TPHCM,7340201,Tài chính ngân hàng,A01,2025,15.0,,THPT
DHV,Đại học Hùng Vương TP HCM,7340201,Tài chính – Ngân hàng,C00,2025,15.0,,THPT
DHV,Trường Đại học Hùng Vương TPHCM,7340201,Tài chính ngân hàng,C00,2025,15.0,,THPT
DHV,Đại học Hùng Vương TP HCM,7340201,Tài chính – Ngân hàng,D01,2025,15.0,,THPT
DHV,Trường Đại học Hùng Vương TPHCM,7340201,Tài chính ngân hàng,D01,2025,15.0,,THPT
DHV,Đại học Hùng Vương TP HCM,7340205,Công nghệ tài chính,A01,2025,15.0,,THPT
DHV,Trường Đại học Hùng Vương TPHCM,7340205,Công nghệ tài chính,A01,2025,15.0,,THPT
DHV,Đại học Hùng Vương TP HCM,7340205,Công nghệ tài chính,C00,2025,15.0,,THPT
DHV,Trường Đại học Hùng Vương TPHCM,7340205,Công nghệ tài chính,C00,2025,15.0,,THPT
DHV,Đại học Hùng Vương TP HCM,7340205,Công nghệ tài chính,D01,2025,15.0,,THPT
DHV,Trường Đại học Hùng Vương TPHCM,7340205,Công nghệ tài chính,D01,2025,15.0,,THPT
DHV,Đại học Hùng Vương TP HCM,7340301,Kế toán,A01,2025,15.0,,THPT
DHV,Trường Đại học Hùng Vương TPHCM,7340301,Kế toán,A01,2025,15.0,,THPT
DHV,Đại học Hùng Vương TP HCM,7340301,Kế toán,C00,2025,15.0,,THPT
DHV,Trường Đại học Hùng Vương TPHCM,7340301,Kế toán,C00,2025,15.0,,THPT
DHV,Đại học Hùng Vương TP HCM,7340301,Kế toán,D01,2025,15.0,,THPT
DHV,Trường Đại học Hùng Vương TPHCM,7340301,Kế toán,D01,2025,15.0,,THPT
DHV,Đại học Hùng Vương TP HCM,7380101,Ngành Luật,A01,2025,18.0,,THPT
DHV,Trường Đại học Hùng Vương TPHCM,7380101,Luật,A01,2025,18.0,,THPT
DHV,Đại học Hùng Vương TP HCM,7380101,Ngành Luật,C00,2025,18.0,,THPT
DHV,Trường Đại học Hùng Vương TPHCM,7380101,Luật,C00,2025,18.0,,THPT
DHV,Đại học Hùng Vương TP HCM,7380101,Ngành Luật,D01,2025,18.0,,THPT
DHV,Trường Đại học Hùng Vương TPHCM,7380101,Luật,D01,2025,18.0,,THPT
DHV,Đại học Hùng Vương TP HCM,7380107,Luật kinh tế,A01,2025,18.0,,THPT
DHV,Trường Đại học Hùng Vương TPHCM,7380107,Luật kinh tế,A01,2025,18.0,,THPT
DHV,Đại học Hùng Vương TP HCM,7380107,Luật kinh tế,C00,2025,18.0,,THPT
DHV,Trường Đại học Hùng Vương TPHCM,7380107,Luật kinh tế,C00,2025,18.0,,THPT
DHV,Đại học Hùng Vương TP HCM,7380107,Luật kinh tế,D01,2025,18.0,,THPT
DHV,Trường Đại học Hùng Vương TPHCM,7380107,Luật kinh tế,D01,2025,18.0,,THPT
DHV,Đại học Hùng Vương TP HCM,7480106,Kỹ thuật máy tính,A00,2025,15.0,,THPT
DHV,Trường Đại học Hùng Vương TPHCM,7480106,Kỹ thuật máy tính,A00,2025,15.0,,THPT
DHV,Đại học Hùng Vương TP HCM,7480106,Kỹ thuật máy tính,A01,2025,15.0,,THPT
DHV,Trường Đại học Hùng Vương TPHCM,7480106,Kỹ thuật máy tính,A01,2025,15.0,,THPT
DHV,Đại học Hùng Vương TP HCM,7480106,Kỹ thuật máy tính,D01,2025,15.0,,THPT
DHV,Trường Đại học Hùng Vương TPHCM,7480106,Kỹ thuật máy tính,D01,2025,15.0,,THPT
DHV,Đại học Hùng Vương TP HCM,7480201,Công nghệ thông tin,A00,2025,15.0,,THPT
DHV,Trường Đại học Hùng Vương TPHCM,7480201,Công nghệ thông tin,A00,2025,15.0,,THPT
DHV,Đại học Hùng Vương TP HCM,7480201,Công nghệ thông tin,A01,2025,15.0,,THPT
DHV,Trường Đại học Hùng Vương TPHCM,7480201,Công nghệ thông tin,A01,2025,15.0,,THPT
DHV,Đại học Hùng Vương TP HCM,7480201,Công nghệ thông tin,D01,2025,15.0,,THPT
DHV,Trường Đại học Hùng Vương TPHCM,7480201,Công nghệ thông tin,D01,2025,15.0,,THPT
DHV,Đại học Hùng Vương TP HCM,7720802,Quản lý bệnh viện,A01,2025,15.0,,THPT
DHV,Trường Đại học Hùng Vương TPHCM,7720802,Quản lý bệnh viện,A01,2025,15.0,,THPT
DHV,Đại học Hùng Vương TP HCM,7720802,Quản lý bệnh viện,C00,2025,15.0,,THPT
DHV,Trường Đại học Hùng Vương TPHCM,7720802,Quản lý bệnh viện,C00,2025,15.0,,THPT
DHV,Đại học Hùng Vương TP HCM,7720802,Quản lý bệnh viện,D01,2025,15.0,,THPT
DHV,Trường Đại học Hùng Vương TPHCM,7720802,Quản lý bệnh viện,D01,2025,15.0,,THPT
DHV,Đại học Hùng Vương TP HCM,7810103,Quản trị dịch vụ du lịch và lữ hành,A01,2025,15.0,,THPT
DHV,Trường Đại học Hùng Vương TPHCM,7810103,Quản trị dịch vụ du lịch và lữ hành,A01,2025,15.0,,THPT
DHV,Đại học Hùng Vương TP HCM,7810103,Quản trị dịch vụ du lịch và lữ hành,C00,2025,15.0,,THPT
DHV,Trường Đại học Hùng Vương TPHCM,7810103,Quản trị dịch vụ du lịch và lữ hành,C00,2025,15.0,,THPT
DHV,Đại học Hùng Vương TP HCM,7810103,Quản trị dịch vụ du lịch và lữ hành,D01,2025,15.0,,THPT
DHV,Trường Đại học Hùng Vương TPHCM,7810103,Quản trị dịch vụ du lịch và lữ hành,D01,2025,15.0,,THPT
DHV,Đại học Hùng Vương TP HCM,7810201,Quản trị khách sạn,A01,2025,15.0,,THPT
DHV,Trường Đại học Hùng Vương TPHCM,7810201,Quản trị khách sạn,A01,2025,15.0,,THPT
DHV,Đại học Hùng Vương TP HCM,7810201,Quản trị khách sạn,C00,2025,15.0,,THPT
DHV,Trường Đại học Hùng Vương TPHCM,7810201,Quản trị khách sạn,C00,2025,15.0,,THPT
DHV,Đại học Hùng Vương TP HCM,7810201,Quản trị khách sạn,D01,2025,15.0,,THPT
DHV,Trường Đại học Hùng Vương TPHCM,7810201,Quản trị khách sạn,D01,2025,15.0,,THPT
DHY,Đại học Y Dược - Đại học Huế,7720101,Y khoa,B00,2025,25.17,,THPT
DHY,Trường Đại Học Y Dược Huế,7720101,Y khoa,B00,2025,25.17,,THPT
DHY,Trường Đại Học Y Dược Huế,7720101,Y khoa,D07,2025,25.17,,THPT
DHY,Đại học Y Dược - Đại học Huế,7720101,Y khoa,D07,2025,25.17,,THPT
DHY,Đại học Y Dược - Đại học Huế,7720110,Y học dự phòng,B00,2025,17.0,,THPT
DHY,Trường Đại Học Y Dược Huế,7720110,Y học dự phòng,B00,2025,17.0,,THPT
DHY,Trường Đại Học Y Dược Huế,7720110,Y học dự phòng,D07,2025,17.0,,THPT
DHY,Đại học Y Dược - Đại học Huế,7720110,Y học dự phòng,D07,2025,17.0,,THPT
DHY,Đại học Y Dược - Đại học Huế,7720115,Y học cổ truyền,B00,2025,19.6,,THPT
DHY,Trường Đại Học Y Dược Huế,7720115,Y học cổ truyền,B00,2025,19.6,,THPT
DHY,Trường Đại Học Y Dược Huế,7720115,Y học cổ truyền,D07,2025,19.6,,THPT
DHY,Đại học Y Dược - Đại học Huế,7720115,Y học cổ truyền,D07,2025,19.6,,THPT
DHY,Đại học Y Dược - Đại học Huế,7720201,Dược học,A00,2025,21.25,,THPT
DHY,Trường Đại Học Y Dược Huế,7720201,Dược học,A00,2025,21.25,,THPT
DHY,Trường Đại Học Y Dược Huế,7720201,Dược học,B00,2025,21.25,,THPT
DHY,Đại học Y Dược - Đại học Huế,7720201,Dược học,B00,2025,21.25,,THPT
DHY,Trường Đại Học Y Dược Huế,7720201,Dược học,D07,2025,21.25,,THPT
DHY,Đại học Y Dược - Đại học Huế,7720201,Dược học,D07,2025,21.25,,THPT
DHY,Đại học Y Dược - Đại học Huế,7720301,Điều dưỡng,B00,2025,17.0,,THPT
DHY,Trường Đại Học Y Dược Huế,7720301,Điều dưỡng,B00,2025,17.0,,THPT
DHY,Trường Đại Học Y Dược Huế,7720301,Điều dưỡng,D07,2025,17.0,,THPT
DHY,Đại học Y Dược - Đại học Huế,7720301,Điều dưỡng,D07,2025,17.0,,THPT
DHY,Đại học Y Dược - Đại học Huế,7720302,Hộ sinh,B00,2025,17.0,,THPT
DHY,Trường Đại Học Y Dược Huế,7720302,Hộ sinh,B00,2025,17.0,,THPT
DHY,Trường Đại Học Y Dược Huế,7720302,Hộ sinh,D07,2025,17.0,,THPT
DHY,Đại học Y Dược - Đại học Huế,7720302,Hộ sinh,D07,2025,17.0,,THPT
DHY,Đại học Y Dược - Đại học Huế,7720401,Dinh dưỡng,B00,2025,17.0,,THPT
DHY,Trường Đại Học Y Dược Huế,7720401,Dinh dưỡng,B00,2025,17.0,,THPT
DHY,Trường Đại Học Y Dược Huế,7720401,Dinh dưỡng,D07,2025,17.0,,THPT
DHY,Đại học Y Dược - Đại học Huế,7720401,Dinh dưỡng,D07,2025,17.0,,THPT
DHY,Đại học Y Dược - Đại học Huế,7720501,Răng- Hàm -Mặt,B00,2025,24.4,,THPT
DHY,Trường Đại Học Y Dược Huế,7720501,Răng - Hàm - Mặt,B00,2025,24.4,,THPT
DHY,Trường Đại Học Y Dược Huế,7720501,Răng - Hàm - Mặt,D07,2025,24.4,,THPT
DHY,Đại học Y Dược - Đại học Huế,7720501,Răng- Hàm -Mặt,D07,2025,24.4,,THPT
DHY,Đại học Y Dược - Đại học Huế,7720601,Kỹ thuật xét nghiệm y học,B00,2025,17.25,,THPT
DHY,Trường Đại Học Y Dược Huế,7720601,Kỹ thuật xét nghiệm y học,B00,2025,17.25,,THPT
DHY,Trường Đại Học Y Dược Huế,7720601,Kỹ thuật xét nghiệm y học,D07,2025,17.25,,THPT
DHY,Đại học Y Dược - Đại học Huế,7720601,Kỹ thuật xét nghiệm y học,D07,2025,17.25,,THPT
DHY,Đại học Y Dược - Đại học Huế,7720602,Kỹ thuật hình ảnh y học,A00,2025,19.0,,THPT
DHY,Trường Đại Học Y Dược Huế,7720602,Kỹ thuật hình ảnh y học,A00,2025,19.0,,THPT
DHY,Trường Đại Học Y Dược Huế,7720602,Kỹ thuật hình ảnh y học,B00,2025,19.0,,THPT
DHY,Đại học Y Dược - Đại học Huế,7720602,Kỹ thuật hình ảnh y học,B00,2025,19.0,,THPT
DHY,Trường Đại Học Y Dược Huế,7720602,Kỹ thuật hình ảnh y học,D07,2025,19.0,,THPT
DHY,Đại học Y Dược - Đại học Huế,7720602,Kỹ thuật hình ảnh y học,D07,2025,19.0,,THPT
DHY,Đại học Y Dược - Đại học Huế,7720701,Y tế công cộng,B00,2025,17.0,,THPT
DHY,Trường Đại Học Y Dược Huế,7720701,Y tế công cộng,B00,2025,17.0,,THPT
DHY,Trường Đại Học Y Dược Huế,7720701,Y tế công cộng,D07,2025,17.0,,THPT
DHY,Đại học Y Dược - Đại học Huế,7720701,Y tế công cộng,D07,2025,17.0,,THPT
DKB,Đại học Kinh tế Kỹ thuật Bình Dương,7220201,Ngôn ngữ Anh,C00,2025,14.0,,THPT
DKB,Trường Đại Học Kinh Tế Kỹ Thuật Bình Dương,7220201,Ngôn ngữ Anh,C00,2025,14.0,,THPT
DKB,Trường Đại Học Kinh Tế Kỹ Thuật Bình Dương,7220201,Ngôn ngữ Anh,D01,2025,14.0,,THPT
DKB,Đại học Kinh tế Kỹ thuật Bình Dương,7220201,Ngôn ngữ Anh,D01,2025,14.0,,THPT
DKB,Trường Đại Học Kinh Tế Kỹ Thuật Bình Dương,7220201,Ngôn ngữ Anh,D10,2025,14.0,,THPT
DKB,Đại học Kinh tế Kỹ thuật Bình Dương,7220201,Ngôn ngữ Anh,D10,2025,14.0,,THPT
DKB,Đại học Kinh tế Kỹ thuật Bình Dương,7220210,Ngôn ngữ Hàn Quốc,C00,2025,14.0,,THPT
DKB,Trường Đại Học Kinh Tế Kỹ Thuật Bình Dương,7220210,Ngôn ngữ Hàn Quốc,C00,2025,14.0,,THPT
DKB,Trường Đại Học Kinh Tế Kỹ Thuật Bình Dương,7220210,Ngôn ngữ Hàn Quốc,D01,2025,14.0,,THPT
DKB,Đại học Kinh tế Kỹ thuật Bình Dương,7220210,Ngôn ngữ Hàn Quốc,D01,2025,14.0,,THPT
DKB,Đại học Kinh tế Kỹ thuật Bình Dương,7320108,Quan hệ công chúng,C00,2025,14.0,,THPT
DKB,Trường Đại Học Kinh Tế Kỹ Thuật Bình Dương,7320108,Quan hệ công chúng,C00,2025,14.0,,THPT
DKB,Trường Đại Học Kinh Tế Kỹ Thuật Bình Dương,7320108,Quan hệ công chúng,D01,2025,14.0,,THPT
DKB,Đại học Kinh tế Kỹ thuật Bình Dương,7320108,Quan hệ công chúng,D01,2025,14.0,,THPT
DKB,Đại học Kinh tế Kỹ thuật Bình Dương,7340101,Quản trị Kinh doanh,A00,2025,14.0,,THPT
DKB,Trường Đại Học Kinh Tế Kỹ Thuật Bình Dương,7340101,Quản trị kinh doanh,A00,2025,14.0,,THPT
DKB,Trường Đại Học Kinh Tế Kỹ Thuật Bình Dương,7340101,Quản trị kinh doanh,A01,2025,14.0,,THPT
DKB,Đại học Kinh tế Kỹ thuật Bình Dương,7340101,Quản trị Kinh doanh,A01,2025,14.0,,THPT
DKB,Trường Đại Học Kinh Tế Kỹ Thuật Bình Dương,7340101,Quản trị kinh doanh,D01,2025,14.0,,THPT
DKB,Đại học Kinh tế Kỹ thuật Bình Dương,7340101,Quản trị Kinh doanh,D01,2025,14.0,,THPT
DKB,Trường Đại Học Kinh Tế Kỹ Thuật Bình Dương,7340101,Quản trị kinh doanh,D07,2025,14.0,,THPT
DKB,Đại học Kinh tế Kỹ thuật Bình Dương,7340101,Quản trị Kinh doanh,D07,2025,14.0,,THPT
DKB,Trường Đại Học Kinh Tế Kỹ Thuật Bình Dương,7340101,Quản trị kinh doanh,D10,2025,14.0,,THPT
DKB,Đại học Kinh tế Kỹ thuật Bình Dương,7340101,Quản trị Kinh doanh,D10,2025,14.0,,THPT
DKB,Đại học Kinh tế Kỹ thuật Bình Dương,7340115,Marketing,A00,2025,14.0,,THPT
DKB,Trường Đại Học Kinh Tế Kỹ Thuật Bình Dương,7340115,Marketing,A00,2025,14.0,,THPT
DKB,Trường Đại Học Kinh Tế Kỹ Thuật Bình Dương,7340115,Marketing,A01,2025,14.0,,THPT
DKB,Đại học Kinh tế Kỹ thuật Bình Dương,7340115,Marketing,A01,2025,14.0,,THPT
DKB,Trường Đại Học Kinh Tế Kỹ Thuật Bình Dương,7340115,Marketing,D01,2025,14.0,,THPT
DKB,Đại học Kinh tế Kỹ thuật Bình Dương,7340115,Marketing,D01,2025,14.0,,THPT
DKB,Trường Đại Học Kinh Tế Kỹ Thuật Bình Dương,7340115,Marketing,D07,2025,14.0,,THPT
DKB,Đại học Kinh tế Kỹ thuật Bình Dương,7340115,Marketing,D07,2025,14.0,,THPT
DKB,Trường Đại Học Kinh Tế Kỹ Thuật Bình Dương,7340115,Marketing,D10,2025,14.0,,THPT
DKB,Đại học Kinh tế Kỹ thuật Bình Dương,7340115,Marketing,D10,2025,14.0,,THPT
DKB,Đại học Kinh tế Kỹ thuật Bình Dương,7340122,Thương mại điện tử,A00,2025,14.0,,THPT
DKB,Trường Đại Học Kinh Tế Kỹ Thuật Bình Dương,7340122,Thương mại điện tử,A00,2025,14.0,,THPT
DKB,Trường Đại Học Kinh Tế Kỹ Thuật Bình Dương,7340122,Thương mại điện tử,A01,2025,14.0,,THPT
DKB,Đại học Kinh tế Kỹ thuật Bình Dương,7340122,Thương mại điện tử,A01,2025,14.0,,THPT
DKB,Trường Đại Học Kinh Tế Kỹ Thuật Bình Dương,7340122,Thương mại điện tử,D01,2025,14.0,,THPT
DKB,Đại học Kinh tế Kỹ thuật Bình Dương,7340122,Thương mại điện tử,D01,2025,14.0,,THPT
DKB,Trường Đại Học Kinh Tế Kỹ Thuật Bình Dương,7340122,Thương mại điện tử,D07,2025,14.0,,THPT
DKB,Đại học Kinh tế Kỹ thuật Bình Dương,7340122,Thương mại điện tử,D07,2025,14.0,,THPT
DKB,Trường Đại Học Kinh Tế Kỹ Thuật Bình Dương,7340122,Thương mại điện tử,D10,2025,14.0,,THPT
DKB,Đại học Kinh tế Kỹ thuật Bình Dương,7340122,Thương mại điện tử,D10,2025,14.0,,THPT
DKB,Đại học Kinh tế Kỹ thuật Bình Dương,7340201,Tài chính – Ngân hàng,A00,2025,14.0,,THPT
DKB,Trường Đại Học Kinh Tế Kỹ Thuật Bình Dương,7340201,Tài chính Ngân hàng,A00,2025,14.0,,THPT
DKB,Trường Đại Học Kinh Tế Kỹ Thuật Bình Dương,7340201,Tài chính Ngân hàng,A01,2025,14.0,,THPT
DKB,Đại học Kinh tế Kỹ thuật Bình Dương,7340201,Tài chính – Ngân hàng,A01,2025,14.0,,THPT
DKB,Trường Đại Học Kinh Tế Kỹ Thuật Bình Dương,7340201,Tài chính Ngân hàng,D01,2025,14.0,,THPT
DKB,Đại học Kinh tế Kỹ thuật Bình Dương,7340201,Tài chính – Ngân hàng,D01,2025,14.0,,THPT
DKB,Trường Đại Học Kinh Tế Kỹ Thuật Bình Dương,7340201,Tài chính Ngân hàng,D07,2025,14.0,,THPT
DKB,Đại học Kinh tế Kỹ thuật Bình Dương,7340201,Tài chính – Ngân hàng,D07,2025,14.0,,THPT
DKB,Trường Đại Học Kinh Tế Kỹ Thuật Bình Dương,7340201,Tài chính Ngân hàng,D10,2025,14.0,,THPT
DKB,Đại học Kinh tế Kỹ thuật Bình Dương,7340201,Tài chính – Ngân hàng,D10,2025,14.0,,THPT
DKB,Đại học Kinh tế Kỹ thuật Bình Dương,7340301,Kế toán,A00,2025,14.0,,THPT
DKB,Trường Đại Học Kinh Tế Kỹ Thuật Bình Dương,7340301,Kế toán,A00,2025,14.0,,THPT
DKB,Trường Đại Học Kinh Tế Kỹ Thuật Bình Dương,7340301,Kế toán,A01,2025,14.0,,THPT
DKB,Đại học Kinh tế Kỹ thuật Bình Dương,7340301,Kế toán,A01,2025,14.0,,THPT
DKB,Trường Đại Học Kinh Tế Kỹ Thuật Bình Dương,7340301,Kế toán,D01,2025,14.0,,THPT
DKB,Đại học Kinh tế Kỹ thuật Bình Dương,7340301,Kế toán,D01,2025,14.0,,THPT
DKB,Trường Đại Học Kinh Tế Kỹ Thuật Bình Dương,7340301,Kế toán,D07,2025,14.0,,THPT
DKB,Đại học Kinh tế Kỹ thuật Bình Dương,7340301,Kế toán,D07,2025,14.0,,THPT
DKB,Trường Đại Học Kinh Tế Kỹ Thuật Bình Dương,7340301,Kế toán,D10,2025,14.0,,THPT
DKB,Đại học Kinh tế Kỹ thuật Bình Dương,7340301,Kế toán,D10,2025,14.0,,THPT
DKB,Đại học Kinh tế Kỹ thuật Bình Dương,7340406,Quản trị văn phòng,C00,2025,14.0,,THPT
DKB,Trường Đại Học Kinh Tế Kỹ Thuật Bình Dương,7340406,Quản trị văn phòng,C00,2025,14.0,,THPT
DKB,Trường Đại Học Kinh Tế Kỹ Thuật Bình Dương,7340406,Quản trị văn phòng,D01,2025,14.0,,THPT
DKB,Đại học Kinh tế Kỹ thuật Bình Dương,7340406,Quản trị văn phòng,D01,2025,14.0,,THPT
DKB,Trường Đại Học Kinh Tế Kỹ Thuật Bình Dương,7380101,Luật,C00,2025,14.0,,THPT
DKB,Đại học Kinh tế Kỹ thuật Bình Dương,7380101,Ngành Luật,C00,2025,14.0,,THPT
DKB,Trường Đại Học Kinh Tế Kỹ Thuật Bình Dương,7380101,Luật,D01,2025,14.0,,THPT
DKB,Đại học Kinh tế Kỹ thuật Bình Dương,7380101,Ngành Luật,D01,2025,14.0,,THPT
DKB,Trường Đại Học Kinh Tế Kỹ Thuật Bình Dương,7380101,Luật,D09,2025,14.0,,THPT
DKB,Đại học Kinh tế Kỹ thuật Bình Dương,7380101,Ngành Luật,D09,2025,14.0,,THPT
DKB,Trường Đại Học Kinh Tế Kỹ Thuật Bình Dương,7380101,Luật,D10,2025,14.0,,THPT
DKB,Đại học Kinh tế Kỹ thuật Bình Dương,7380101,Ngành Luật,D10,2025,14.0,,THPT
DKB,Trường Đại Học Kinh Tế Kỹ Thuật Bình Dương,7380107,Luật kinh tế,C00,2025,14.0,,THPT
DKB,Đại học Kinh tế Kỹ thuật Bình Dương,7380107,Luật kinh tế,C00,2025,14.0,,THPT
DKB,Trường Đại Học Kinh Tế Kỹ Thuật Bình Dương,7380107,Luật kinh tế,D01,2025,14.0,,THPT
DKB,Đại học Kinh tế Kỹ thuật Bình Dương,7380107,Luật kinh tế,D01,2025,14.0,,THPT
DKB,Trường Đại Học Kinh Tế Kỹ Thuật Bình Dương,7380107,Luật kinh tế,D09,2025,14.0,,THPT
DKB,Đại học Kinh tế Kỹ thuật Bình Dương,7380107,Luật kinh tế,D09,2025,14.0,,THPT
DKB,Trường Đại Học Kinh Tế Kỹ Thuật Bình Dương,7380107,Luật kinh tế,D10,2025,14.0,,THPT
DKB,Đại học Kinh tế Kỹ thuật Bình Dương,7380107,Luật kinh tế,D10,2025,14.0,,THPT
DKB,Đại học Kinh tế Kỹ thuật Bình Dương,7480103,Kỹ thuật phần mềm,A00,2025,14.0,,THPT
DKB,Trường Đại Học Kinh Tế Kỹ Thuật Bình Dương,7480103,Kỹ thuật phần mềm,A00,2025,14.0,,THPT
DKB,Trường Đại Học Kinh Tế Kỹ Thuật Bình Dương,7480103,Kỹ thuật phần mềm,A01,2025,14.0,,THPT
DKB,Đại học Kinh tế Kỹ thuật Bình Dương,7480103,Kỹ thuật phần mềm,A01,2025,14.0,,THPT
DKB,Trường Đại Học Kinh Tế Kỹ Thuật Bình Dương,7480103,Kỹ thuật phần mềm,D01,2025,14.0,,THPT
DKB,Đại học Kinh tế Kỹ thuật Bình Dương,7480103,Kỹ thuật phần mềm,D01,2025,14.0,,THPT
DKB,Đại học Kinh tế Kỹ thuật Bình Dương,7480201,Công nghệ thông tin,A00,2025,14.0,,THPT
DKB,Trường Đại Học Kinh Tế Kỹ Thuật Bình Dương,7480201,Công nghệ thông tin,A00,2025,14.0,,THPT
DKB,Trường Đại Học Kinh Tế Kỹ Thuật Bình Dương,7480201,Công nghệ thông tin,A01,2025,14.0,,THPT
DKB,Đại học Kinh tế Kỹ thuật Bình Dương,7480201,Công nghệ thông tin,A01,2025,14.0,,THPT
DKB,Trường Đại Học Kinh Tế Kỹ Thuật Bình Dương,7480201,Công nghệ thông tin,D01,2025,14.0,,THPT
DKB,Đại học Kinh tế Kỹ thuật Bình Dương,7480201,Công nghệ thông tin,D01,2025,14.0,,THPT
DKB,Đại học Kinh tế Kỹ thuật Bình Dương,7510205,Công nghệ kỹ thuật ô tô,A00,2025,14.0,,THPT
DKB,Trường Đại Học Kinh Tế Kỹ Thuật Bình Dương,7510205,Logistics và quản lý chuỗi cung ứng,A00,2025,14.0,,THPT
DKB,Trường Đại Học Kinh Tế Kỹ Thuật Bình Dương,7510205,Công nghệ Kỹ thuật ô tô,A00,2025,14.0,,THPT
DKB,Trường Đại Học Kinh Tế Kỹ Thuật Bình Dương,7510205,Logistics và quản lý chuỗi cung ứng,A01,2025,14.0,,THPT
DKB,Trường Đại Học Kinh Tế Kỹ Thuật Bình Dương,7510205,Công nghệ Kỹ thuật ô tô,A01,2025,14.0,,THPT
DKB,Đại học Kinh tế Kỹ thuật Bình Dương,7510205,Công nghệ kỹ thuật ô tô,A01,2025,14.0,,THPT
DKB,Trường Đại Học Kinh Tế Kỹ Thuật Bình Dương,7510205,Logistics và quản lý chuỗi cung ứng,D01,2025,14.0,,THPT
DKB,Trường Đại Học Kinh Tế Kỹ Thuật Bình Dương,7510205,Công nghệ Kỹ thuật ô tô,D01,2025,14.0,,THPT
DKB,Đại học Kinh tế Kỹ thuật Bình Dương,7510205,Công nghệ kỹ thuật ô tô,D01,2025,14.0,,THPT
DKB,Đại học Kinh tế Kỹ thuật Bình Dương,7510301,"Công nghệ kỹ thuật điện, điện tử",A00,2025,14.0,,THPT
DKB,Trường Đại Học Kinh Tế Kỹ Thuật Bình Dương,7510301,"Công nghệ kỹ thuật điện, điện tử",A00,2025,14.0,,THPT
DKB,Trường Đại Học Kinh Tế Kỹ Thuật Bình Dương,7510301,"Công nghệ kỹ thuật điện, điện tử",A01,2025,14.0,,THPT
DKB,Đại học Kinh tế Kỹ thuật Bình Dương,7510301,"Công nghệ kỹ thuật điện, điện tử",A01,2025,14.0,,THPT
DKB,Trường Đại Học Kinh Tế Kỹ Thuật Bình Dương,7510301,"Công nghệ kỹ thuật điện, điện tử",D01,2025,14.0,,THPT
DKB,Đại học Kinh tế Kỹ thuật Bình Dương,7510301,"Công nghệ kỹ thuật điện, điện tử",D01,2025,14.0,,THPT
DKB,Đại học Kinh tế Kỹ thuật Bình Dương,7510605,Logistics và Quản lý chuỗi cung ứng,A00,2025,14.0,,THPT
DKB,Đại học Kinh tế Kỹ thuật Bình Dương,7510605,Logistics và Quản lý chuỗi cung ứng,A01,2025,14.0,,THPT
DKB,Đại học Kinh tế Kỹ thuật Bình Dương,7510605,Logistics và Quản lý chuỗi cung ứng,D01,2025,14.0,,THPT
DKB,Đại học Kinh tế Kỹ thuật Bình Dương,7720201,Dược học,A00,2025,19.0,,THPT
DKB,Trường Đại Học Kinh Tế Kỹ Thuật Bình Dương,7720201,Dược học,A00,2025,19.0,,THPT
DKB,Trường Đại Học Kinh Tế Kỹ Thuật Bình Dương,7720201,Dược học,B00,2025,19.0,,THPT
DKB,Đại học Kinh tế Kỹ thuật Bình Dương,7720201,Dược học,B00,2025,19.0,,THPT
DKB,Trường Đại Học Kinh Tế Kỹ Thuật Bình Dương,7720201,Dược học,D01,2025,19.0,,THPT
DKB,Đại học Kinh tế Kỹ thuật Bình Dương,7720201,Dược học,D01,2025,19.0,,THPT
DKB,Trường Đại Học Kinh Tế Kỹ Thuật Bình Dương,7720201,Dược học,D07,2025,19.0,,THPT
DKB,Đại học Kinh tế Kỹ thuật Bình Dương,7720201,Dược học,D07,2025,19.0,,THPT
DKB,Đại học Kinh tế Kỹ thuật Bình Dương,7810202,Quản trị nhà hàng và dịch vụ ăn uống,C00,2025,14.0,,THPT
DKB,Trường Đại Học Kinh Tế Kỹ Thuật Bình Dương,7810202,Quản trị nhà hàng và dịch vụ ăn uống,C00,2025,14.0,,THPT
DKB,Trường Đại Học Kinh Tế Kỹ Thuật Bình Dương,7810202,Quản trị nhà hàng và dịch vụ ăn uống,D01,2025,14.0,,THPT
DKB,Đại học Kinh tế Kỹ thuật Bình Dương,7810202,Quản trị nhà hàng và dịch vụ ăn uống,D01,2025,14.0,,THPT
DKB,Trường Đại Học Kinh Tế Kỹ Thuật Bình Dương,7810202,Quản trị nhà hàng và dịch vụ ăn uống,D09,2025,14.0,,THPT
DKB,Đại học Kinh tế Kỹ thuật Bình Dương,7810202,Quản trị nhà hàng và dịch vụ ăn uống,D09,2025,14.0,,THPT
DKB,Trường Đại Học Kinh Tế Kỹ Thuật Bình Dương,7810202,Quản trị nhà hàng và dịch vụ ăn uống,D10,2025,14.0,,THPT
DKB,Đại học Kinh tế Kỹ thuật Bình Dương,7810202,Quản trị nhà hàng và dịch vụ ăn uống,D10,2025,14.0,,THPT
DKC,Trường Đại học Công Nghệ TPHCM,7210205,Thanh nhạc,D01,2025,15.0,,THPT
DKC,Trường Đại học Công Nghệ TPHCM,7210205,Thanh nhạc,D01,2025,15.0,,THPT
DKC,Đại học Công nghệ TP HCM,7210205,Thanh nhạc,D01,2025,15.0,,THPT
DKC,Trường Đại học Công Nghệ TPHCM,7210205,Thanh nhạc,D01,2025,15.0,,THPT
DKC,Trường Đại học Công Nghệ TPHCM,7210302,"Công nghệ điện ảnh, truyền hình",D01,2025,15.0,,THPT
DKC,Trường Đại học Công Nghệ TPHCM,7210302,"Công nghệ điện ảnh, truyền hình",D01,2025,15.0,,THPT
DKC,Trường Đại học Công Nghệ TPHCM,7210302,"Công nghệ điện ảnh, truyền hình",D01,2025,15.0,,THPT
DKC,Đại học Công nghệ TP HCM,7210302,Công nghệ điện ảnh. truyền hình,D01,2025,15.0,,THPT
DKC,Trường Đại học Công Nghệ TPHCM,7210403,Thiết kế đồ họa,D01,2025,15.0,,THPT
DKC,Trường Đại học Công Nghệ TPHCM,7210403,Thiết kế đồ họa,D01,2025,15.0,,THPT
DKC,Đại học Công nghệ TP HCM,7210403,Thiết kế đồ họa,D01,2025,15.0,,THPT
DKC,Trường Đại học Công Nghệ TPHCM,7210403,Thiết kế đồ họa,D01,2025,15.0,,THPT
DKC,Trường Đại học Công Nghệ TPHCM,7210404,Thiết kế thời trang,D01,2025,15.0,,THPT
DKC,Trường Đại học Công Nghệ TPHCM,7210404,Thiết kế thời trang,D01,2025,15.0,,THPT
DKC,Đại học Công nghệ TP HCM,7210404,Thiết kế thời trang,D01,2025,15.0,,THPT
DKC,Trường Đại học Công Nghệ TPHCM,7210404,Thiết kế thời trang,D01,2025,15.0,,THPT
DKC,Trường Đại học Công Nghệ TPHCM,7210408,Nghệ thuật số,D01,2025,15.0,,THPT
DKC,Trường Đại học Công Nghệ TPHCM,7210408,Nghệ thuật số,D01,2025,15.0,,THPT
DKC,Trường Đại học Công Nghệ TPHCM,7210408,Nghệ thuật số,D01,2025,15.0,,THPT
DKC,Đại học Công nghệ TP HCM,7210408,Nghệ thuật số,D01,2025,15.0,,THPT
DKC,Đại học Công nghệ TP HCM,7220201,Ngôn ngữ Anh,C00,2025,15.0,,THPT
DKC,Trường Đại học Công Nghệ TPHCM,7220201,Ngôn ngữ Anh,C00,2025,15.0,,THPT
DKC,Trường Đại học Công Nghệ TPHCM,7220201,Ngôn ngữ Anh,C00,2025,15.0,,THPT
DKC,Trường Đại học Công Nghệ TPHCM,7220201,Ngôn ngữ Anh,D01,2025,15.0,,THPT
DKC,Trường Đại học Công Nghệ TPHCM,7220201,Ngôn ngữ Anh,D01,2025,15.0,,THPT
DKC,Đại học Công nghệ TP HCM,7220204,Ngôn ngữ Trung Quốc,C00,2025,15.0,,THPT
DKC,Trường Đại học Công Nghệ TPHCM,7220204,Ngôn ngữ Trung Quốc,C00,2025,15.0,,THPT
DKC,Trường Đại học Công Nghệ TPHCM,7220204,Ngôn ngữ Trung Quốc,C00,2025,15.0,,THPT
DKC,Trường Đại học Công Nghệ TPHCM,7220204,Ngôn ngữ Trung Quốc,D01,2025,15.0,,THPT
DKC,Trường Đại học Công Nghệ TPHCM,7220204,Ngôn ngữ Trung Quốc,D01,2025,15.0,,THPT
DKC,Đại học Công nghệ TP HCM,7220209,Ngôn ngữ Nhật,C00,2025,15.0,,THPT
DKC,Trường Đại học Công Nghệ TPHCM,7220209,Ngôn ngữ Nhật,C00,2025,15.0,,THPT
DKC,Trường Đại học Công Nghệ TPHCM,7220209,Ngôn ngữ Nhật,C00,2025,15.0,,THPT
DKC,Trường Đại học Công Nghệ TPHCM,7220209,Ngôn ngữ Nhật,D01,2025,15.0,,THPT
DKC,Trường Đại học Công Nghệ TPHCM,7220209,Ngôn ngữ Nhật,D01,2025,15.0,,THPT
DKC,Đại học Công nghệ TP HCM,7220210,Ngôn ngữ Hàn Quốc,C00,2025,15.0,,THPT
DKC,Trường Đại học Công Nghệ TPHCM,7220210,Ngôn ngữ Hàn Quốc,C00,2025,15.0,,THPT
DKC,Trường Đại học Công Nghệ TPHCM,7220210,Ngôn ngữ Hàn Quốc,C00,2025,15.0,,THPT
DKC,Trường Đại học Công Nghệ TPHCM,7220210,Ngôn ngữ Hàn Quốc,D01,2025,15.0,,THPT
DKC,Trường Đại học Công Nghệ TPHCM,7220210,Ngôn ngữ Hàn Quốc,D01,2025,15.0,,THPT
DKC,Trường Đại học Công Nghệ TPHCM,7310106,Kinh tế quốc tế,D01,2025,15.0,,THPT
DKC,Trường Đại học Công Nghệ TPHCM,7310106,Kinh tế quốc tế,D01,2025,15.0,,THPT
DKC,Đại học Công nghệ TP HCM,7310106,Kinh tế quốc tế,D01,2025,15.0,,THPT
DKC,Trường Đại học Công Nghệ TPHCM,7310109,Kinh tế số,D01,2025,15.0,,THPT
DKC,Trường Đại học Công Nghệ TPHCM,7310109,Kinh tế số,D01,2025,15.0,,THPT
DKC,Đại học Công nghệ TP HCM,7310109,Kinh tế số,D01,2025,15.0,,THPT
DKC,Trường Đại học Công Nghệ TPHCM,7310401,Tâm lý học,D01,2025,15.0,,THPT
DKC,Trường Đại học Công Nghệ TPHCM,7310401,Tâm lý học,D01,2025,15.0,,THPT
DKC,Đại học Công nghệ TP HCM,7310401,Tâm lý học,D01,2025,15.0,,THPT
DKC,Trường Đại học Công Nghệ TPHCM,7320104,Truyền thông đa phương tiện,D01,2025,15.0,,THPT
DKC,Trường Đại học Công Nghệ TPHCM,7320104,Truyền thông đa phương tiện,D01,2025,15.0,,THPT
DKC,Đại học Công nghệ TP HCM,7320104,Truyền thông đa phương tiện,D01,2025,15.0,,THPT
DKC,Trường Đại học Công Nghệ TPHCM,7320108,Quan hệ công chúng,D01,2025,15.0,,THPT
DKC,Trường Đại học Công Nghệ TPHCM,7320108,Quan hệ công chúng,D01,2025,15.0,,THPT
DKC,Đại học Công nghệ TP HCM,7320108,Quan hệ công chúng,D01,2025,15.0,,THPT
DKC,Trường Đại học Công Nghệ TPHCM,7340101,Quản trị kinh doanh,D01,2025,15.0,,THPT
DKC,Trường Đại học Công Nghệ TPHCM,7340101,Quản trị kinh doanh,D01,2025,15.0,,THPT
DKC,Đại học Công nghệ TP HCM,7340101,Quản trị Kinh doanh,D01,2025,15.0,,THPT
DKC,Trường Đại học Công Nghệ TPHCM,7340114,Digital Marketing,D01,2025,15.0,,THPT
DKC,Trường Đại học Công Nghệ TPHCM,7340114,Digital Marketing,D01,2025,15.0,,THPT
DKC,Đại học Công nghệ TP HCM,7340114,Marketing kỹ thuật số,D01,2025,15.0,,THPT
DKC,Trường Đại học Công Nghệ TPHCM,7340115,Marketing,D01,2025,15.0,,THPT
DKC,Trường Đại học Công Nghệ TPHCM,7340115,Marketing,D01,2025,15.0,,THPT
DKC,Đại học Công nghệ TP HCM,7340115,Marketing,D01,2025,15.0,,THPT
DKC,Trường Đại học Công Nghệ TPHCM,7340116,Bất động sản,D01,2025,15.0,,THPT
DKC,Trường Đại học Công Nghệ TPHCM,7340116,Bất động sản,D01,2025,15.0,,THPT
DKC,Đại học Công nghệ TP HCM,7340116,Bất động sản,D01,2025,15.0,,THPT
DKC,Trường Đại học Công Nghệ TPHCM,7340120,Kinh doanh quốc tế,D01,2025,15.0,,THPT
DKC,Trường Đại học Công Nghệ TPHCM,7340120,Kinh doanh quốc tế,D01,2025,15.0,,THPT
DKC,Đại học Công nghệ TP HCM,7340120,Ngành Kinh doanh quốc tế,D01,2025,15.0,,THPT
DKC,Trường Đại học Công Nghệ TPHCM,7340121,Kinh doanh thương mại,D01,2025,15.0,,THPT
DKC,Trường Đại học Công Nghệ TPHCM,7340121,Kinh doanh thương mại,D01,2025,15.0,,THPT
DKC,Đại học Công nghệ TP HCM,7340121,Kinh doanh thương mại,D01,2025,15.0,,THPT
DKC,Trường Đại học Công Nghệ TPHCM,7340122,Thương mại điện tử,D01,2025,15.0,,THPT
DKC,Trường Đại học Công Nghệ TPHCM,7340122,Thương mại điện tử,D01,2025,15.0,,THPT
DKC,Đại học Công nghệ TP HCM,7340122,Thương mại điện tử,D01,2025,15.0,,THPT
DKC,Trường Đại học Công Nghệ TPHCM,7340201,Tài chính - Ngân hàng,D01,2025,15.0,,THPT
DKC,Trường Đại học Công Nghệ TPHCM,7340201,Tài chính - Ngân hàng,D01,2025,15.0,,THPT
DKC,Đại học Công nghệ TP HCM,7340201,Tài chính – Ngân hàng,D01,2025,15.0,,THPT
DKC,Trường Đại học Công Nghệ TPHCM,7340205,Công nghệ tài chính,D01,2025,15.0,,THPT
DKC,Trường Đại học Công Nghệ TPHCM,7340205,Công nghệ tài chính,D01,2025,15.0,,THPT
DKC,Đại học Công nghệ TP HCM,7340205,Công nghệ tài chính,D01,2025,15.0,,THPT
DKC,Trường Đại học Công Nghệ TPHCM,7340301,Kế toán,D01,2025,15.0,,THPT
DKC,Trường Đại học Công Nghệ TPHCM,7340301,Kế toán,D01,2025,15.0,,THPT
DKC,Đại học Công nghệ TP HCM,7340301,Kế toán,D01,2025,15.0,,THPT
DKC,Trường Đại học Công Nghệ TPHCM,7340404,Quản trị nhân lực,D01,2025,15.0,,THPT
DKC,Trường Đại học Công Nghệ TPHCM,7340404,Quản trị nhân lực,D01,2025,15.0,,THPT
DKC,Đại học Công nghệ TP HCM,7340404,Quản trị nhân lực,D01,2025,15.0,,THPT
DKC,Trường Đại học Công Nghệ TPHCM,7340405,Hệ thống thông tin quản lý,D01,2025,15.0,,THPT
DKC,Trường Đại học Công Nghệ TPHCM,7340405,Hệ thống thông tin quản lý,D01,2025,15.0,,THPT
DKC,Đại học Công nghệ TP HCM,7340405,Hệ thống thông tin,D01,2025,15.0,,THPT
DKC,Trường Đại học Công Nghệ TPHCM,7340412,Quản trị sự kiện,D01,2025,15.0,,THPT
DKC,Trường Đại học Công Nghệ TPHCM,7340412,Quản trị sự kiện,D01,2025,15.0,,THPT
DKC,Đại học Công nghệ TP HCM,7340412,Quản trị sự kiện,D01,2025,15.0,,THPT
DKC,Trường Đại học Công Nghệ TPHCM,7380101,Luật,D01,2025,15.0,,THPT
DKC,Trường Đại học Công Nghệ TPHCM,7380101,Luật,D01,2025,15.0,,THPT
DKC,Đại học Công nghệ TP HCM,7380101,Ngành Luật,D01,2025,15.0,,THPT
DKC,Trường Đại học Công Nghệ TPHCM,7380107,Luật kinh tế,D01,2025,15.0,,THPT
DKC,Trường Đại học Công Nghệ TPHCM,7380107,Luật kinh tế,D01,2025,15.0,,THPT
DKC,Đại học Công nghệ TP HCM,7380107,Luật kinh tế,D01,2025,15.0,,THPT
DKC,Trường Đại học Công Nghệ TPHCM,7380109,Luật thương mại quốc tế,D01,2025,15.0,,THPT
DKC,Trường Đại học Công Nghệ TPHCM,7380109,Luật thương mại quốc tế,D01,2025,15.0,,THPT
DKC,Đại học Công nghệ TP HCM,7380109,Luật Thương mại Quốc tế,D01,2025,15.0,,THPT
DKC,Trường Đại học Công Nghệ TPHCM,7420201,Công nghệ sinh học,D01,2025,15.0,,THPT
DKC,Trường Đại học Công Nghệ TPHCM,7420201,Công nghệ sinh học,D01,2025,15.0,,THPT
DKC,Đại học Công nghệ TP HCM,7420201,Công nghệ sinh học,D01,2025,15.0,,THPT
DKC,Trường Đại học Công Nghệ TPHCM,7420207,Công nghệ thẩm mỹ,D01,2025,15.0,,THPT
DKC,Trường Đại học Công Nghệ TPHCM,7420207,Công nghệ thẩm mỹ,D01,2025,15.0,,THPT
DKC,Đại học Công nghệ TP HCM,7420207,Công nghệ thẩm mỹ,D01,2025,15.0,,THPT
DKC,Trường Đại học Công Nghệ TPHCM,7460108,Khoa học dữ liệu,D01,2025,15.0,,THPT
DKC,Trường Đại học Công Nghệ TPHCM,7460108,Khoa học dữ liệu,D01,2025,15.0,,THPT
DKC,Đại học Công nghệ TP HCM,7460108,Khoa học dữ liệu (Data Science),D01,2025,15.0,,THPT
DKC,Trường Đại học Công Nghệ TPHCM,7480101,Khoa học máy tính,D01,2025,15.0,,THPT
DKC,Trường Đại học Công Nghệ TPHCM,7480101,Khoa học máy tính,D01,2025,15.0,,THPT
DKC,Đại học Công nghệ TP HCM,7480101,Khoa học máy tính,D01,2025,15.0,,THPT
DKC,Trường Đại học Công Nghệ TPHCM,7480106,Kỹ thuật máy tính,D01,2025,15.0,,THPT
DKC,Trường Đại học Công Nghệ TPHCM,7480106,Kỹ thuật máy tính,D01,2025,15.0,,THPT
DKC,Đại học Công nghệ TP HCM,7480106,Kỹ thuật máy tính,D01,2025,15.0,,THPT
DKC,Trường Đại học Công Nghệ TPHCM,7480107,Trí tuệ nhân tạo,D01,2025,15.0,,THPT
DKC,Trường Đại học Công Nghệ TPHCM,7480107,Trí tuệ nhân tạo,D01,2025,15.0,,THPT
DKC,Đại học Công nghệ TP HCM,7480107,Trí tuệ nhân tạo,D01,2025,15.0,,THPT
DKC,Trường Đại học Công Nghệ TPHCM,7480201,Công nghệ thông tin,D01,2025,15.0,,THPT
DKC,Trường Đại học Công Nghệ TPHCM,7480201,Công nghệ thông tin,D01,2025,15.0,,THPT
DKC,Đại học Công nghệ TP HCM,7480201,Công nghệ thông tin,D01,2025,15.0,,THPT
DKC,Trường Đại học Công Nghệ TPHCM,7480202,An toàn thông tin,D01,2025,15.0,,THPT
DKC,Trường Đại học Công Nghệ TPHCM,7480202,An toàn thông tin,D01,2025,15.0,,THPT
DKC,Đại học Công nghệ TP HCM,7480202,An toàn thông tin,D01,2025,15.0,,THPT
DKC,Trường Đại học Công Nghệ TPHCM,7510205,Công nghệ kỹ thuật ô tô,D01,2025,15.0,,THPT
DKC,Trường Đại học Công Nghệ TPHCM,7510205,Công nghệ kỹ thuật ô tô,D01,2025,15.0,,THPT
DKC,Đại học Công nghệ TP HCM,7510205,Công nghệ kỹ thuật ô tô,D01,2025,15.0,,THPT
DKC,Trường Đại học Công Nghệ TPHCM,7510209,Robot và trí tuệ nhân tạo,D01,2025,15.0,,THPT
DKC,Trường Đại học Công Nghệ TPHCM,7510209,Robot và trí tuệ nhân tạo,D01,2025,15.0,,THPT
DKC,Đại học Công nghệ TP HCM,7510209,Robot và trí tuệ nhân tạo,D01,2025,15.0,,THPT
DKC,Trường Đại học Công Nghệ TPHCM,7510605,Logistics và Quản lý chuỗi cung ứng,D01,2025,15.0,,THPT
DKC,Trường Đại học Công Nghệ TPHCM,7510605,Logistics và Quản lý chuỗi cung ứng,D01,2025,15.0,,THPT
DKC,Đại học Công nghệ TP HCM,7510605,Logistics và Quản lý chuỗi cung ứng,D01,2025,15.0,,THPT
DKC,Trường Đại học Công Nghệ TPHCM,7520103,Kỹ thuật cơ khí,D01,2025,15.0,,THPT
DKC,Trường Đại học Công Nghệ TPHCM,7520103,Kỹ thuật cơ khí,D01,2025,15.0,,THPT
DKC,Đại học Công nghệ TP HCM,7520103,Kỹ thuật cơ khí,D01,2025,15.0,,THPT
DKC,Trường Đại học Công Nghệ TPHCM,7520114,Kỹ thuật cơ điện tử,D01,2025,15.0,,THPT
DKC,Trường Đại học Công Nghệ TPHCM,7520114,Kỹ thuật cơ điện tử,D01,2025,15.0,,THPT
DKC,Đại học Công nghệ TP HCM,7520114,Kỹ thuật cơ điện tử,D01,2025,15.0,,THPT
DKC,Trường Đại học Công Nghệ TPHCM,7520141,Công nghệ ô tô điện,D01,2025,15.0,,THPT
DKC,Trường Đại học Công Nghệ TPHCM,7520141,Công nghệ ô tô điện,D01,2025,15.0,,THPT
DKC,Đại học Công nghệ TP HCM,7520141,Công nghệ Ô tô điện,D01,2025,15.0,,THPT
DKC,Trường Đại học Công Nghệ TPHCM,7520201,Kỹ thuật điện,D01,2025,15.0,,THPT
DKC,Trường Đại học Công Nghệ TPHCM,7520201,Kỹ thuật điện,D01,2025,15.0,,THPT
DKC,Đại học Công nghệ TP HCM,7520201,Kỹ thuật điện,D01,2025,15.0,,THPT
DKC,Trường Đại học Công Nghệ TPHCM,7520207,Kỹ thuật điện tử - viễn thông,D01,2025,15.0,,THPT
DKC,Trường Đại học Công Nghệ TPHCM,7520207,Kỹ thuật điện tử - viễn thông,D01,2025,15.0,,THPT
DKC,Đại học Công nghệ TP HCM,7520207,Ngành Kỹ thuật điện tử truyền thông,D01,2025,15.0,,THPT
DKC,Trường Đại học Công Nghệ TPHCM,7520216,Kỹ thuật điều khiển và tự động hóa,D01,2025,15.0,,THPT
DKC,Trường Đại học Công Nghệ TPHCM,7520216,Kỹ thuật điều khiển và tự động hóa,D01,2025,15.0,,THPT
DKC,Đại học Công nghệ TP HCM,7520216,Ngành Kỹ thuật điều khiển & Tự động hóa,D01,2025,15.0,,THPT
DKC,Trường Đại học Công Nghệ TPHCM,7540101,Công nghệ thực phẩm,D01,2025,15.0,,THPT
DKC,Trường Đại học Công Nghệ TPHCM,7540101,Công nghệ thực phẩm,D01,2025,15.0,,THPT
DKC,Đại học Công nghệ TP HCM,7540101,Công nghệ thực phẩm,D01,2025,15.0,,THPT
DKC,Trường Đại học Công Nghệ TPHCM,7580101,Kiến trúc,D01,2025,15.0,,THPT
DKC,Trường Đại học Công Nghệ TPHCM,7580101,Kiến trúc,D01,2025,15.0,,THPT
DKC,Trường Đại học Công Nghệ TPHCM,7580101,Kiến trúc,D01,2025,15.0,,THPT
DKC,Đại học Công nghệ TP HCM,7580101,Kiến trúc,D01,2025,15.0,,THPT
DKC,Trường Đại học Công Nghệ TPHCM,7580108,Thiết kế nội thất,D01,2025,15.0,,THPT
DKC,Trường Đại học Công Nghệ TPHCM,7580108,Thiết kế nội thất,D01,2025,15.0,,THPT
DKC,Đại học Công nghệ TP HCM,7580108,Thiết kế nội thất,D01,2025,15.0,,THPT
DKC,Trường Đại học Công Nghệ TPHCM,7580108,Thiết kế nội thất,D01,2025,15.0,,THPT
DKC,Trường Đại học Công Nghệ TPHCM,7580201,Kỹ thuật xây dựng,D01,2025,15.0,,THPT
DKC,Trường Đại học Công Nghệ TPHCM,7580201,Kỹ thuật xây dựng,D01,2025,15.0,,THPT
DKC,Đại học Công nghệ TP HCM,7580201,Kỹ thuật xây dựng,D01,2025,15.0,,THPT
DKC,Trường Đại học Công Nghệ TPHCM,7580302,Quản lý xây dựng,D01,2025,15.0,,THPT
DKC,Trường Đại học Công Nghệ TPHCM,7580302,Quản lý xây dựng,D01,2025,15.0,,THPT
DKC,Đại học Công nghệ TP HCM,7580302,Quản lý xây dựng,D01,2025,15.0,,THPT
DKC,Đại học Công nghệ TP HCM,7640101,Thú y,A00,2025,15.0,,THPT
DKC,Trường Đại học Công Nghệ TPHCM,7640101,Thú y,A00,2025,15.0,,THPT
DKC,Trường Đại học Công Nghệ TPHCM,7640101,Thú y,A00,2025,15.0,,THPT
DKC,Trường Đại học Công Nghệ TPHCM,7640101,Thú y,B00,2025,15.0,,THPT
DKC,Trường Đại học Công Nghệ TPHCM,7640101,Thú y,B00,2025,15.0,,THPT
DKC,Đại học Công nghệ TP HCM,7640101,Thú y,B00,2025,15.0,,THPT
DKC,Trường Đại học Công Nghệ TPHCM,7640101,Thú y,D07,2025,15.0,,THPT
DKC,Trường Đại học Công Nghệ TPHCM,7640101,Thú y,D07,2025,15.0,,THPT
DKC,Đại học Công nghệ TP HCM,7640101,Thú y,D07,2025,15.0,,THPT
DKC,Đại học Công nghệ TP HCM,7720201,Dược học,A00,2025,19.0,,THPT
DKC,Trường Đại học Công Nghệ TPHCM,7720201,Dược học,A00,2025,19.0,,THPT
DKC,Trường Đại học Công Nghệ TPHCM,7720201,Dược học,A00,2025,19.0,,THPT
DKC,Trường Đại học Công Nghệ TPHCM,7720201,Dược học,B00,2025,19.0,,THPT
DKC,Trường Đại học Công Nghệ TPHCM,7720201,Dược học,B00,2025,19.0,,THPT
DKC,Đại học Công nghệ TP HCM,7720201,Dược học,B00,2025,19.0,,THPT
DKC,Trường Đại học Công Nghệ TPHCM,7720201,Dược học,D07,2025,19.0,,THPT
DKC,Trường Đại học Công Nghệ TPHCM,7720201,Dược học,D07,2025,19.0,,THPT
DKC,Đại học Công nghệ TP HCM,7720201,Dược học,D07,2025,19.0,,THPT
DKC,Đại học Công nghệ TP HCM,7720301,Điều dưỡng,A00,2025,17.0,,THPT
DKC,Trường Đại học Công Nghệ TPHCM,7720301,Điều dưỡng,A00,2025,17.0,,THPT
DKC,Trường Đại học Công Nghệ TPHCM,7720301,Điều dưỡng,A00,2025,17.0,,THPT
DKC,Trường Đại học Công Nghệ TPHCM,7720301,Điều dưỡng,B00,2025,17.0,,THPT
DKC,Trường Đại học Công Nghệ TPHCM,7720301,Điều dưỡng,B00,2025,17.0,,THPT
DKC,Đại học Công nghệ TP HCM,7720301,Điều dưỡng,B00,2025,17.0,,THPT
DKC,Trường Đại học Công Nghệ TPHCM,7720301,Điều dưỡng,D07,2025,17.0,,THPT
DKC,Trường Đại học Công Nghệ TPHCM,7720301,Điều dưỡng,D07,2025,17.0,,THPT
DKC,Đại học Công nghệ TP HCM,7720301,Điều dưỡng,D07,2025,17.0,,THPT
DKC,Đại học Công nghệ TP HCM,7720601,Kỹ thuật xét nghiệm y học,A00,2025,17.0,,THPT
DKC,Trường Đại học Công Nghệ TPHCM,7720601,Kỹ thuật xét nghiệm y học,A00,2025,17.0,,THPT
DKC,Trường Đại học Công Nghệ TPHCM,7720601,Kỹ thuật xét nghiệm y học,A00,2025,17.0,,THPT
DKC,Trường Đại học Công Nghệ TPHCM,7720601,Kỹ thuật xét nghiệm y học,B00,2025,17.0,,THPT
DKC,Trường Đại học Công Nghệ TPHCM,7720601,Kỹ thuật xét nghiệm y học,B00,2025,17.0,,THPT
DKC,Đại học Công nghệ TP HCM,7720601,Kỹ thuật xét nghiệm y học,B00,2025,17.0,,THPT
DKC,Trường Đại học Công Nghệ TPHCM,7720601,Kỹ thuật xét nghiệm y học,D07,2025,17.0,,THPT
DKC,Trường Đại học Công Nghệ TPHCM,7720601,Kỹ thuật xét nghiệm y học,D07,2025,17.0,,THPT
DKC,Đại học Công nghệ TP HCM,7720601,Kỹ thuật xét nghiệm y học,D07,2025,17.0,,THPT
DKC,Trường Đại học Công Nghệ TPHCM,7810103,Quản trị dịch vụ du lịch và lữ hành,D01,2025,15.0,,THPT
DKC,Trường Đại học Công Nghệ TPHCM,7810103,Quản trị dịch vụ du lịch và lữ hành,D01,2025,15.0,,THPT
DKC,Đại học Công nghệ TP HCM,7810103,Quản trị dịch vụ du lịch và lữ hành,D01,2025,15.0,,THPT
DKC,Trường Đại học Công Nghệ TPHCM,7810201,Quản trị khách sạn,D01,2025,15.0,,THPT
DKC,Trường Đại học Công Nghệ TPHCM,7810201,Quản trị khách sạn,D01,2025,15.0,,THPT
DKC,Đại học Công nghệ TP HCM,7810201,Quản trị khách sạn,D01,2025,15.0,,THPT
DKC,Trường Đại học Công Nghệ TPHCM,7810202,Quản trị nhà hàng và dịch vụ ăn uống,D01,2025,15.0,,THPT
DKC,Trường Đại học Công Nghệ TPHCM,7810202,Quản trị nhà hàng và dịch vụ ăn uống,D01,2025,15.0,,THPT
DKC,Đại học Công nghệ TP HCM,7810202,Quản trị nhà hàng và dịch vụ ăn uống,D01,2025,15.0,,THPT
DKC,Trường Đại học Công Nghệ TPHCM,7810301,Quản lý thể dục thể thao,D01,2025,15.0,,THPT
DKC,Trường Đại học Công Nghệ TPHCM,7810301,Quản lý thể dục thể thao,D01,2025,15.0,,THPT
DKC,Đại học Công nghệ TP HCM,7810301,Quản lý thể dục thể thao,D01,2025,15.0,,THPT
DKC,Trường Đại học Công Nghệ TPHCM,7850101,Quản lý tài nguyên và môi trường,D01,2025,15.0,,THPT
DKC,Trường Đại học Công Nghệ TPHCM,7850101,Quản lý tài nguyên và môi trường,D01,2025,15.0,,THPT
DKC,Đại học Công nghệ TP HCM,7850101,Quản lý tài nguyên và môi trường,D01,2025,15.0,,THPT
DKD,Đại học Kinh tế Kỹ thuật công nghiệp Nam Định,7220201,Ngôn ngữ Anh,A01,2025,22.0,,THPT
DKD,Đại học Kinh tế Kỹ thuật công nghiệp Nam Định,7220201,Ngôn ngữ Anh,D01,2025,22.0,,THPT
DKD,Đại học Kinh tế Kỹ thuật công nghiệp Nam Định,7220201,Ngôn ngữ Anh,D07,2025,22.0,,THPT
DKD,Đại học Kinh tế Kỹ thuật công nghiệp Nam Định,7220201,Ngôn ngữ Anh,D09,2025,22.0,,THPT
DKD,Đại học Kinh tế Kỹ thuật công nghiệp Nam Định,7220201,Ngôn ngữ Anh,D10,2025,22.0,,THPT
DKD,Đại học Kinh tế Kỹ thuật công nghiệp Nam Định,7340101,Quản trị Kinh doanh,A00,2025,22.0,,THPT
DKD,Đại học Kinh tế Kỹ thuật công nghiệp Nam Định,7340101,Quản trị Kinh doanh,A01,2025,22.0,,THPT
DKD,Đại học Kinh tế Kỹ thuật công nghiệp Nam Định,7340101,Quản trị Kinh doanh,D01,2025,22.0,,THPT
DKD,Đại học Kinh tế Kỹ thuật công nghiệp Nam Định,7340101,Quản trị Kinh doanh,D07,2025,22.0,,THPT
DKD,Đại học Kinh tế Kỹ thuật công nghiệp Nam Định,7340101,Quản trị Kinh doanh,D09,2025,22.0,,THPT
DKD,Đại học Kinh tế Kỹ thuật công nghiệp Nam Định,7340101,Quản trị Kinh doanh,D10,2025,22.0,,THPT
DKD,Đại học Kinh tế Kỹ thuật công nghiệp Nam Định,7340115,Marketing,A00,2025,23.0,,THPT
DKD,Đại học Kinh tế Kỹ thuật công nghiệp Nam Định,7340115,Marketing,A01,2025,23.0,,THPT
DKD,Đại học Kinh tế Kỹ thuật công nghiệp Nam Định,7340115,Marketing,D01,2025,23.0,,THPT
DKD,Đại học Kinh tế Kỹ thuật công nghiệp Nam Định,7340115,Marketing,D07,2025,23.0,,THPT
DKD,Đại học Kinh tế Kỹ thuật công nghiệp Nam Định,7340115,Marketing,D09,2025,23.0,,THPT
DKD,Đại học Kinh tế Kỹ thuật công nghiệp Nam Định,7340115,Marketing,D10,2025,23.0,,THPT
DKD,Đại học Kinh tế Kỹ thuật công nghiệp Nam Định,7340121,Kinh doanh thương mại,A00,2025,21.2,,THPT
DKD,Đại học Kinh tế Kỹ thuật công nghiệp Nam Định,7340121,Kinh doanh thương mại,A01,2025,21.2,,THPT
DKD,Đại học Kinh tế Kỹ thuật công nghiệp Nam Định,7340121,Kinh doanh thương mại,D01,2025,21.2,,THPT
DKD,Đại học Kinh tế Kỹ thuật công nghiệp Nam Định,7340121,Kinh doanh thương mại,D07,2025,21.2,,THPT
DKD,Đại học Kinh tế Kỹ thuật công nghiệp Nam Định,7340121,Kinh doanh thương mại,D09,2025,21.2,,THPT
DKD,Đại học Kinh tế Kỹ thuật công nghiệp Nam Định,7340121,Kinh doanh thương mại,D10,2025,21.2,,THPT
DKD,Đại học Kinh tế Kỹ thuật công nghiệp Nam Định,7340201,Tài chính – Ngân hàng,A00,2025,20.2,,THPT
DKD,Đại học Kinh tế Kỹ thuật công nghiệp Nam Định,7340201,Tài chính – Ngân hàng,A01,2025,20.2,,THPT
DKD,Đại học Kinh tế Kỹ thuật công nghiệp Nam Định,7340201,Tài chính – Ngân hàng,D01,2025,20.2,,THPT
DKD,Đại học Kinh tế Kỹ thuật công nghiệp Nam Định,7340201,Tài chính – Ngân hàng,D07,2025,20.2,,THPT
DKD,Đại học Kinh tế Kỹ thuật công nghiệp Nam Định,7340201,Tài chính – Ngân hàng,D09,2025,20.2,,THPT
DKD,Đại học Kinh tế Kỹ thuật công nghiệp Nam Định,7340201,Tài chính – Ngân hàng,D10,2025,20.2,,THPT
DKD,Đại học Kinh tế Kỹ thuật công nghiệp Nam Định,7340204,Bảo hiểm,A00,2025,20.8,,THPT
DKD,Đại học Kinh tế Kỹ thuật công nghiệp Nam Định,7340204,Bảo hiểm,A01,2025,20.8,,THPT
DKD,Đại học Kinh tế Kỹ thuật công nghiệp Nam Định,7340204,Bảo hiểm,D01,2025,20.8,,THPT
DKD,Đại học Kinh tế Kỹ thuật công nghiệp Nam Định,7340204,Bảo hiểm,D07,2025,20.8,,THPT
DKD,Đại học Kinh tế Kỹ thuật công nghiệp Nam Định,7340204,Bảo hiểm,D09,2025,20.8,,THPT
DKD,Đại học Kinh tế Kỹ thuật công nghiệp Nam Định,7340204,Bảo hiểm,D10,2025,20.8,,THPT
DKD,Đại học Kinh tế Kỹ thuật công nghiệp Nam Định,7340301,Kế toán,A00,2025,20.0,,THPT
DKD,Đại học Kinh tế Kỹ thuật công nghiệp Nam Định,7340301,Kế toán,A01,2025,20.0,,THPT
DKD,Đại học Kinh tế Kỹ thuật công nghiệp Nam Định,7340301,Kế toán,D01,2025,20.0,,THPT
DKD,Đại học Kinh tế Kỹ thuật công nghiệp Nam Định,7340301,Kế toán,D07,2025,20.0,,THPT
DKD,Đại học Kinh tế Kỹ thuật công nghiệp Nam Định,7340301,Kế toán,D09,2025,20.0,,THPT
DKD,Đại học Kinh tế Kỹ thuật công nghiệp Nam Định,7340301,Kế toán,D10,2025,20.0,,THPT
DKD,Đại học Kinh tế Kỹ thuật công nghiệp Nam Định,7340302,Kiểm toán,A00,2025,20.0,,THPT
DKD,Đại học Kinh tế Kỹ thuật công nghiệp Nam Định,7340302,Kiểm toán,A01,2025,20.0,,THPT
DKD,Đại học Kinh tế Kỹ thuật công nghiệp Nam Định,7340302,Kiểm toán,D01,2025,20.0,,THPT
DKD,Đại học Kinh tế Kỹ thuật công nghiệp Nam Định,7340302,Kiểm toán,D07,2025,20.0,,THPT
DKD,Đại học Kinh tế Kỹ thuật công nghiệp Nam Định,7340302,Kiểm toán,D09,2025,20.0,,THPT
DKD,Đại học Kinh tế Kỹ thuật công nghiệp Nam Định,7340302,Kiểm toán,D10,2025,20.0,,THPT
DKD,Đại học Kinh tế Kỹ thuật công nghiệp Nam Định,7460108,Khoa học dữ liệu (Data Science),A00,2025,21.0,,THPT
DKD,Đại học Kinh tế Kỹ thuật công nghiệp Nam Định,7460108,Khoa học dữ liệu (Data Science),A01,2025,21.0,,THPT
DKD,Đại học Kinh tế Kỹ thuật công nghiệp Nam Định,7460108,Khoa học dữ liệu (Data Science),B00,2025,21.0,,THPT
DKD,Đại học Kinh tế Kỹ thuật công nghiệp Nam Định,7460108,Khoa học dữ liệu (Data Science),D01,2025,21.0,,THPT
DKD,Đại học Kinh tế Kỹ thuật công nghiệp Nam Định,7460108,Khoa học dữ liệu (Data Science),D07,2025,21.0,,THPT
DKD,Đại học Kinh tế Kỹ thuật công nghiệp Nam Định,7480102,Mạng máy tính và truyền thông dữ liệu,A00,2025,20.0,,THPT
DKD,Đại học Kinh tế Kỹ thuật công nghiệp Nam Định,7480102,Mạng máy tính và truyền thông dữ liệu,A01,2025,20.0,,THPT
DKD,Đại học Kinh tế Kỹ thuật công nghiệp Nam Định,7480102,Mạng máy tính và truyền thông dữ liệu,B00,2025,20.0,,THPT
DKD,Đại học Kinh tế Kỹ thuật công nghiệp Nam Định,7480102,Mạng máy tính và truyền thông dữ liệu,D01,2025,20.0,,THPT
DKD,Đại học Kinh tế Kỹ thuật công nghiệp Nam Định,7480102,Mạng máy tính và truyền thông dữ liệu,D07,2025,20.0,,THPT
DKD,Đại học Kinh tế Kỹ thuật công nghiệp Nam Định,7480108,Công nghệ kỹ thuật máy tính,A00,2025,20.5,,THPT
DKD,Đại học Kinh tế Kỹ thuật công nghiệp Nam Định,7480108,Công nghệ kỹ thuật máy tính,A01,2025,20.5,,THPT
DKD,Đại học Kinh tế Kỹ thuật công nghiệp Nam Định,7480108,Công nghệ kỹ thuật máy tính,B00,2025,20.5,,THPT
DKD,Đại học Kinh tế Kỹ thuật công nghiệp Nam Định,7480108,Công nghệ kỹ thuật máy tính,D01,2025,20.5,,THPT
DKD,Đại học Kinh tế Kỹ thuật công nghiệp Nam Định,7480108,Công nghệ kỹ thuật máy tính,D07,2025,20.5,,THPT
DKD,Đại học Kinh tế Kỹ thuật công nghiệp Nam Định,7480201,Công nghệ thông tin,A00,2025,22.5,,THPT
DKD,Đại học Kinh tế Kỹ thuật công nghiệp Nam Định,7480201,Công nghệ thông tin,A01,2025,22.5,,THPT
DKD,Đại học Kinh tế Kỹ thuật công nghiệp Nam Định,7480201,Công nghệ thông tin,B00,2025,22.5,,THPT
DKD,Đại học Kinh tế Kỹ thuật công nghiệp Nam Định,7480201,Công nghệ thông tin,D01,2025,22.5,,THPT
DKD,Đại học Kinh tế Kỹ thuật công nghiệp Nam Định,7480201,Công nghệ thông tin,D07,2025,22.5,,THPT
DKD,Đại học Kinh tế Kỹ thuật công nghiệp Nam Định,7510201,Công nghệ kỹ thuật cơ khí (chuyên ngành Cơ khí chế tạo),A00,2025,22.0,,THPT
DKD,Đại học Kinh tế Kỹ thuật công nghiệp Nam Định,7510201,Công nghệ kỹ thuật cơ khí (chuyên ngành Cơ khí chế tạo),A01,2025,22.0,,THPT
DKD,Đại học Kinh tế Kỹ thuật công nghiệp Nam Định,7510201,Công nghệ kỹ thuật cơ khí (chuyên ngành Cơ khí chế tạo),B00,2025,22.0,,THPT
DKD,Đại học Kinh tế Kỹ thuật công nghiệp Nam Định,7510201,Công nghệ kỹ thuật cơ khí (chuyên ngành Cơ khí chế tạo),D01,2025,22.0,,THPT
DKD,Đại học Kinh tế Kỹ thuật công nghiệp Nam Định,7510201,Công nghệ kỹ thuật cơ khí (chuyên ngành Cơ khí chế tạo),D07,2025,22.0,,THPT
DKD,Đại học Kinh tế Kỹ thuật công nghiệp Nam Định,7510203,Công nghệ kỹ thuật cơ điện tử,A00,2025,22.0,,THPT
DKD,Đại học Kinh tế Kỹ thuật công nghiệp Nam Định,7510203,Công nghệ kỹ thuật cơ điện tử,A01,2025,22.0,,THPT
DKD,Đại học Kinh tế Kỹ thuật công nghiệp Nam Định,7510203,Công nghệ kỹ thuật cơ điện tử,B00,2025,22.0,,THPT
DKD,Đại học Kinh tế Kỹ thuật công nghiệp Nam Định,7510203,Công nghệ kỹ thuật cơ điện tử,D01,2025,22.0,,THPT
DKD,Đại học Kinh tế Kỹ thuật công nghiệp Nam Định,7510203,Công nghệ kỹ thuật cơ điện tử,D07,2025,22.0,,THPT
DKD,Đại học Kinh tế Kỹ thuật công nghiệp Nam Định,7510205,Công nghệ kỹ thuật ô tô,A00,2025,22.5,,THPT
DKD,Đại học Kinh tế Kỹ thuật công nghiệp Nam Định,7510205,Công nghệ kỹ thuật ô tô,A01,2025,22.5,,THPT
DKD,Đại học Kinh tế Kỹ thuật công nghiệp Nam Định,7510205,Công nghệ kỹ thuật ô tô,B00,2025,22.5,,THPT
DKD,Đại học Kinh tế Kỹ thuật công nghiệp Nam Định,7510205,Công nghệ kỹ thuật ô tô,D01,2025,22.5,,THPT
DKD,Đại học Kinh tế Kỹ thuật công nghiệp Nam Định,7510205,Công nghệ kỹ thuật ô tô,D07,2025,22.5,,THPT
DKD,Đại học Kinh tế Kỹ thuật công nghiệp Nam Định,7510301,"Công nghệ kỹ thuật điện, điện tử",A00,2025,22.0,,THPT
DKD,Đại học Kinh tế Kỹ thuật công nghiệp Nam Định,7510301,"Công nghệ kỹ thuật điện, điện tử",A01,2025,22.0,,THPT
DKD,Đại học Kinh tế Kỹ thuật công nghiệp Nam Định,7510301,"Công nghệ kỹ thuật điện, điện tử",B00,2025,22.0,,THPT
DKD,Đại học Kinh tế Kỹ thuật công nghiệp Nam Định,7510301,"Công nghệ kỹ thuật điện, điện tử",D01,2025,22.0,,THPT
DKD,Đại học Kinh tế Kỹ thuật công nghiệp Nam Định,7510301,"Công nghệ kỹ thuật điện, điện tử",D07,2025,22.0,,THPT
DKD,Đại học Kinh tế Kỹ thuật công nghiệp Nam Định,7510302,Điện tử - viễn thông,A00,2025,20.5,,THPT
DKD,Đại học Kinh tế Kỹ thuật công nghiệp Nam Định,7510302,Điện tử - viễn thông,A01,2025,20.5,,THPT
DKD,Đại học Kinh tế Kỹ thuật công nghiệp Nam Định,7510302,Điện tử - viễn thông,B00,2025,20.5,,THPT
DKD,Đại học Kinh tế Kỹ thuật công nghiệp Nam Định,7510302,Điện tử - viễn thông,D01,2025,20.5,,THPT
DKD,Đại học Kinh tế Kỹ thuật công nghiệp Nam Định,7510302,Điện tử - viễn thông,D07,2025,20.5,,THPT
DKD,Đại học Kinh tế Kỹ thuật công nghiệp Nam Định,7510303,Công nghệ kỹ thuật điều khiển và tự động hóa,A00,2025,22.5,,THPT
DKD,Đại học Kinh tế Kỹ thuật công nghiệp Nam Định,7510303,Công nghệ kỹ thuật điều khiển và tự động hóa,A01,2025,22.5,,THPT
DKD,Đại học Kinh tế Kỹ thuật công nghiệp Nam Định,7510303,Công nghệ kỹ thuật điều khiển và tự động hóa,B00,2025,22.5,,THPT
DKD,Đại học Kinh tế Kỹ thuật công nghiệp Nam Định,7510303,Công nghệ kỹ thuật điều khiển và tự động hóa,D01,2025,22.5,,THPT
DKD,Đại học Kinh tế Kỹ thuật công nghiệp Nam Định,7510303,Công nghệ kỹ thuật điều khiển và tự động hóa,D07,2025,22.5,,THPT
DKD,Đại học Kinh tế Kỹ thuật công nghiệp Nam Định,7510605,Logistics và Quản lý chuỗi cung ứng,A00,2025,23.0,,THPT
DKD,Đại học Kinh tế Kỹ thuật công nghiệp Nam Định,7510605,Logistics và Quản lý chuỗi cung ứng,A01,2025,23.0,,THPT
DKD,Đại học Kinh tế Kỹ thuật công nghiệp Nam Định,7510605,Logistics và Quản lý chuỗi cung ứng,D01,2025,23.0,,THPT
DKD,Đại học Kinh tế Kỹ thuật công nghiệp Nam Định,7510605,Logistics và Quản lý chuỗi cung ứng,D07,2025,23.0,,THPT
DKD,Đại học Kinh tế Kỹ thuật công nghiệp Nam Định,7510605,Logistics và Quản lý chuỗi cung ứng,D09,2025,23.0,,THPT
DKD,Đại học Kinh tế Kỹ thuật công nghiệp Nam Định,7510605,Logistics và Quản lý chuỗi cung ứng,D10,2025,23.0,,THPT
DKD,Đại học Kinh tế Kỹ thuật công nghiệp Nam Định,7540101,Công nghệ thực phẩm,A00,2025,19.0,,THPT
DKD,Đại học Kinh tế Kỹ thuật công nghiệp Nam Định,7540101,Công nghệ thực phẩm,A01,2025,19.0,,THPT
DKD,Đại học Kinh tế Kỹ thuật công nghiệp Nam Định,7540101,Công nghệ thực phẩm,B00,2025,19.0,,THPT
DKD,Đại học Kinh tế Kỹ thuật công nghiệp Nam Định,7540101,Công nghệ thực phẩm,D01,2025,19.0,,THPT
DKD,Đại học Kinh tế Kỹ thuật công nghiệp Nam Định,7540101,Công nghệ thực phẩm,D07,2025,19.0,,THPT
DKD,Đại học Kinh tế Kỹ thuật công nghiệp Nam Định,7540106,Đảm bảo chất lượng và an toàn thực phẩm,A00,2025,20.0,,THPT
DKD,Đại học Kinh tế Kỹ thuật công nghiệp Nam Định,7540106,Đảm bảo chất lượng và an toàn thực phẩm,A01,2025,20.0,,THPT
DKD,Đại học Kinh tế Kỹ thuật công nghiệp Nam Định,7540106,Đảm bảo chất lượng và an toàn thực phẩm,B00,2025,20.0,,THPT
DKD,Đại học Kinh tế Kỹ thuật công nghiệp Nam Định,7540106,Đảm bảo chất lượng và an toàn thực phẩm,D01,2025,20.0,,THPT
DKD,Đại học Kinh tế Kỹ thuật công nghiệp Nam Định,7540106,Đảm bảo chất lượng và an toàn thực phẩm,D07,2025,20.0,,THPT
DKD,Đại học Kinh tế Kỹ thuật công nghiệp Nam Định,7540203,Công nghệ vật liệu dệt. may,A00,2025,20.0,,THPT
DKD,Đại học Kinh tế Kỹ thuật công nghiệp Nam Định,7540203,Công nghệ vật liệu dệt. may,A01,2025,20.0,,THPT
DKD,Đại học Kinh tế Kỹ thuật công nghiệp Nam Định,7540203,Công nghệ vật liệu dệt. may,B00,2025,20.0,,THPT
DKD,Đại học Kinh tế Kỹ thuật công nghiệp Nam Định,7540203,Công nghệ vật liệu dệt. may,D01,2025,20.0,,THPT
DKD,Đại học Kinh tế Kỹ thuật công nghiệp Nam Định,7540203,Công nghệ vật liệu dệt. may,D07,2025,20.0,,THPT
DKD,Đại học Kinh tế Kỹ thuật công nghiệp Nam Định,7540204,Công nghệ may,A00,2025,21.0,,THPT
DKD,Đại học Kinh tế Kỹ thuật công nghiệp Nam Định,7540204,Công nghệ may,A01,2025,21.0,,THPT
DKD,Đại học Kinh tế Kỹ thuật công nghiệp Nam Định,7540204,Công nghệ may,B00,2025,21.0,,THPT
DKD,Đại học Kinh tế Kỹ thuật công nghiệp Nam Định,7540204,Công nghệ may,D01,2025,21.0,,THPT
DKD,Đại học Kinh tế Kỹ thuật công nghiệp Nam Định,7540204,Công nghệ may,D07,2025,21.0,,THPT
DKD,Đại học Kinh tế Kỹ thuật công nghiệp Nam Định,7810103,Quản trị dịch vụ du lịch và lữ hành,C00,2025,23.5,,THPT
DKD,Đại học Kinh tế Kỹ thuật công nghiệp Nam Định,7810103,Quản trị dịch vụ du lịch và lữ hành,D01,2025,23.5,,THPT
DKD,Đại học Kinh tế Kỹ thuật công nghiệp Nam Định,7810201,Quản trị khách sạn,C00,2025,23.5,,THPT
DKD,Đại học Kinh tế Kỹ thuật công nghiệp Nam Định,7810201,Quản trị khách sạn,D01,2025,23.5,,THPT
DKH,Đại học Dược Hà Nội,7420201,Công nghệ sinh học,B00,2025,20.0,,THPT
DKH,Đại học Dược Hà Nội,7440112,Hóa học,A00,2025,20.85,,THPT
DKH,Đại học Dược Hà Nội,7720201,Dược học,A00,2025,24.5,,THPT
DKH,Trường Đại Học Dược Hà Nội,7720201,Dược học,A00,2025,24.5,,THPT
DKH,Trường Đại Học Dược Hà Nội,7720201,Dược học,B00,2025,24.5,,THPT
DKH,Đại học Dược Hà Nội,7720201,Dược học,B00,2025,24.5,,THPT
DKH,Đại học Dược Hà Nội,7720203,Hoá dược,A00,2025,23.56,,THPT
DKK,Đại học Kinh tế Kỹ thuật Công nghiệp Hà Nội,7220201,Ngôn ngữ Anh,A01,2025,24.0,,THPT
DKK,Đại học Kinh tế Kỹ thuật Công nghiệp Hà Nội,7220201,Ngôn ngữ Anh,D01,2025,24.0,,THPT
DKK,Đại học Kinh tế Kỹ thuật Công nghiệp Hà Nội,7220201,Ngôn ngữ Anh,D07,2025,24.0,,THPT
DKK,Đại học Kinh tế Kỹ thuật Công nghiệp Hà Nội,7220201,Ngôn ngữ Anh,D09,2025,24.0,,THPT
DKK,Đại học Kinh tế Kỹ thuật Công nghiệp Hà Nội,7220201,Ngôn ngữ Anh,D10,2025,24.0,,THPT
DKK,Trường Đại Học Kinh Tế Kỹ Thuật Công Nghiệp,7220201DKD,Ngôn ngữ Anh (CS Nam Định),A01,2025,22.0,,THPT
DKK,Trường Đại Học Kinh Tế Kỹ Thuật Công Nghiệp,7220201DKD,Ngôn ngữ Anh (CS Nam Định),D01,2025,22.0,,THPT
DKK,Trường Đại Học Kinh Tế Kỹ Thuật Công Nghiệp,7220201DKD,Ngôn ngữ Anh (CS Nam Định),D07,2025,22.0,,THPT
DKK,Trường Đại Học Kinh Tế Kỹ Thuật Công Nghiệp,7220201DKD,Ngôn ngữ Anh (CS Nam Định),D09,2025,22.0,,THPT
DKK,Trường Đại Học Kinh Tế Kỹ Thuật Công Nghiệp,7220201DKD,Ngôn ngữ Anh (CS Nam Định),D10,2025,22.0,,THPT
DKK,Trường Đại Học Kinh Tế Kỹ Thuật Công Nghiệp,7220201DKK,Ngôn ngữ Anh (CS Hà Nội),A01,2025,24.0,,THPT
DKK,Trường Đại Học Kinh Tế Kỹ Thuật Công Nghiệp,7220201DKK,Ngôn ngữ Anh (CS Hà Nội),D01,2025,24.0,,THPT
DKK,Trường Đại Học Kinh Tế Kỹ Thuật Công Nghiệp,7220201DKK,Ngôn ngữ Anh (CS Hà Nội),D07,2025,24.0,,THPT
DKK,Trường Đại Học Kinh Tế Kỹ Thuật Công Nghiệp,7220201DKK,Ngôn ngữ Anh (CS Hà Nội),D09,2025,24.0,,THPT
DKK,Trường Đại Học Kinh Tế Kỹ Thuật Công Nghiệp,7220201DKK,Ngôn ngữ Anh (CS Hà Nội),D10,2025,24.0,,THPT
DKK,Đại học Kinh tế Kỹ thuật Công nghiệp Hà Nội,7340101,Quản trị Kinh doanh,A00,2025,24.0,,THPT
DKK,Đại học Kinh tế Kỹ thuật Công nghiệp Hà Nội,7340101,Quản trị Kinh doanh,A01,2025,24.0,,THPT
DKK,Đại học Kinh tế Kỹ thuật Công nghiệp Hà Nội,7340101,Quản trị Kinh doanh,D01,2025,24.0,,THPT
DKK,Đại học Kinh tế Kỹ thuật Công nghiệp Hà Nội,7340101,Quản trị Kinh doanh,D07,2025,24.0,,THPT
DKK,Đại học Kinh tế Kỹ thuật Công nghiệp Hà Nội,7340101,Quản trị Kinh doanh,D09,2025,24.0,,THPT
DKK,Đại học Kinh tế Kỹ thuật Công nghiệp Hà Nội,7340101,Quản trị Kinh doanh,D10,2025,24.0,,THPT
DKK,Trường Đại Học Kinh Tế Kỹ Thuật Công Nghiệp,7340101DKD,Quản trị kinh doanh (CS Nam Định),A00,2025,22.0,,THPT
DKK,Trường Đại Học Kinh Tế Kỹ Thuật Công Nghiệp,7340101DKD,Quản trị kinh doanh (CS Nam Định),A01,2025,22.0,,THPT
DKK,Trường Đại Học Kinh Tế Kỹ Thuật Công Nghiệp,7340101DKD,Quản trị kinh doanh (CS Nam Định),D01,2025,22.0,,THPT
DKK,Trường Đại Học Kinh Tế Kỹ Thuật Công Nghiệp,7340101DKD,Quản trị kinh doanh (CS Nam Định),D07,2025,22.0,,THPT
DKK,Trường Đại Học Kinh Tế Kỹ Thuật Công Nghiệp,7340101DKD,Quản trị kinh doanh (CS Nam Định),D09,2025,22.0,,THPT
DKK,Trường Đại Học Kinh Tế Kỹ Thuật Công Nghiệp,7340101DKD,Quản trị kinh doanh (CS Nam Định),D10,2025,22.0,,THPT
DKK,Trường Đại Học Kinh Tế Kỹ Thuật Công Nghiệp,7340101DKK,Quản trị kinh doanh (CS Hà Nội),A00,2025,24.0,,THPT
DKK,Trường Đại Học Kinh Tế Kỹ Thuật Công Nghiệp,7340101DKK,Quản trị kinh doanh (CS Hà Nội),A01,2025,24.0,,THPT
DKK,Trường Đại Học Kinh Tế Kỹ Thuật Công Nghiệp,7340101DKK,Quản trị kinh doanh (CS Hà Nội),D01,2025,24.0,,THPT
DKK,Trường Đại Học Kinh Tế Kỹ Thuật Công Nghiệp,7340101DKK,Quản trị kinh doanh (CS Hà Nội),D07,2025,24.0,,THPT
DKK,Trường Đại Học Kinh Tế Kỹ Thuật Công Nghiệp,7340101DKK,Quản trị kinh doanh (CS Hà Nội),D09,2025,24.0,,THPT
DKK,Trường Đại Học Kinh Tế Kỹ Thuật Công Nghiệp,7340101DKK,Quản trị kinh doanh (CS Hà Nội),D10,2025,24.0,,THPT
DKK,Đại học Kinh tế Kỹ thuật Công nghiệp Hà Nội,7340115,Marketing,A00,2025,25.0,,THPT
DKK,Đại học Kinh tế Kỹ thuật Công nghiệp Hà Nội,7340115,Marketing,A01,2025,25.0,,THPT
DKK,Đại học Kinh tế Kỹ thuật Công nghiệp Hà Nội,7340115,Marketing,D01,2025,25.0,,THPT
DKK,Đại học Kinh tế Kỹ thuật Công nghiệp Hà Nội,7340115,Marketing,D07,2025,25.0,,THPT
DKK,Đại học Kinh tế Kỹ thuật Công nghiệp Hà Nội,7340115,Marketing,D09,2025,25.0,,THPT
DKK,Đại học Kinh tế Kỹ thuật Công nghiệp Hà Nội,7340115,Marketing,D10,2025,25.0,,THPT
DKK,Trường Đại Học Kinh Tế Kỹ Thuật Công Nghiệp,7340115DKD,Marketing (CS Nam Định),A00,2025,23.0,,THPT
DKK,Trường Đại Học Kinh Tế Kỹ Thuật Công Nghiệp,7340115DKD,Marketing (CS Nam Định),A01,2025,23.0,,THPT
DKK,Trường Đại Học Kinh Tế Kỹ Thuật Công Nghiệp,7340115DKD,Marketing (CS Nam Định),D01,2025,23.0,,THPT
DKK,Trường Đại Học Kinh Tế Kỹ Thuật Công Nghiệp,7340115DKD,Marketing (CS Nam Định),D07,2025,23.0,,THPT
DKK,Trường Đại Học Kinh Tế Kỹ Thuật Công Nghiệp,7340115DKD,Marketing (CS Nam Định),D09,2025,23.0,,THPT
DKK,Trường Đại Học Kinh Tế Kỹ Thuật Công Nghiệp,7340115DKD,Marketing (CS Nam Định),D10,2025,23.0,,THPT
DKK,Trường Đại Học Kinh Tế Kỹ Thuật Công Nghiệp,7340115DKK,Marketing (CS Hà Nội),A00,2025,25.0,,THPT
DKK,Trường Đại Học Kinh Tế Kỹ Thuật Công Nghiệp,7340115DKK,Marketing (CS Hà Nội),A01,2025,25.0,,THPT
DKK,Trường Đại Học Kinh Tế Kỹ Thuật Công Nghiệp,7340115DKK,Marketing (CS Hà Nội),D01,2025,25.0,,THPT
DKK,Trường Đại Học Kinh Tế Kỹ Thuật Công Nghiệp,7340115DKK,Marketing (CS Hà Nội),D07,2025,25.0,,THPT
DKK,Trường Đại Học Kinh Tế Kỹ Thuật Công Nghiệp,7340115DKK,Marketing (CS Hà Nội),D09,2025,25.0,,THPT
DKK,Trường Đại Học Kinh Tế Kỹ Thuật Công Nghiệp,7340115DKK,Marketing (CS Hà Nội),D10,2025,25.0,,THPT
DKK,Đại học Kinh tế Kỹ thuật Công nghiệp Hà Nội,7340121,Kinh doanh thương mại,A00,2025,24.0,,THPT
DKK,Đại học Kinh tế Kỹ thuật Công nghiệp Hà Nội,7340121,Kinh doanh thương mại,A01,2025,24.0,,THPT
DKK,Đại học Kinh tế Kỹ thuật Công nghiệp Hà Nội,7340121,Kinh doanh thương mại,D01,2025,24.0,,THPT
DKK,Đại học Kinh tế Kỹ thuật Công nghiệp Hà Nội,7340121,Kinh doanh thương mại,D07,2025,24.0,,THPT
DKK,Đại học Kinh tế Kỹ thuật Công nghiệp Hà Nội,7340121,Kinh doanh thương mại,D09,2025,24.0,,THPT
DKK,Đại học Kinh tế Kỹ thuật Công nghiệp Hà Nội,7340121,Kinh doanh thương mại,D10,2025,24.0,,THPT
DKK,Trường Đại Học Kinh Tế Kỹ Thuật Công Nghiệp,7340121DKD,Kinh doanh thương mại (CS Nam Định),A00,2025,21.2,,THPT
DKK,Trường Đại Học Kinh Tế Kỹ Thuật Công Nghiệp,7340121DKD,Kinh doanh thương mại (CS Nam Định),A01,2025,21.2,,THPT
DKK,Trường Đại Học Kinh Tế Kỹ Thuật Công Nghiệp,7340121DKD,Kinh doanh thương mại (CS Nam Định),D01,2025,21.2,,THPT
DKK,Trường Đại Học Kinh Tế Kỹ Thuật Công Nghiệp,7340121DKD,Kinh doanh thương mại (CS Nam Định),D07,2025,21.2,,THPT
DKK,Trường Đại Học Kinh Tế Kỹ Thuật Công Nghiệp,7340121DKD,Kinh doanh thương mại (CS Nam Định),D09,2025,21.2,,THPT
DKK,Trường Đại Học Kinh Tế Kỹ Thuật Công Nghiệp,7340121DKD,Kinh doanh thương mại (CS Nam Định),D10,2025,21.2,,THPT
DKK,Trường Đại Học Kinh Tế Kỹ Thuật Công Nghiệp,7340121DKK,Kinh doanh thương mại (CS Hà Nội),A00,2025,24.0,,THPT
DKK,Trường Đại Học Kinh Tế Kỹ Thuật Công Nghiệp,7340121DKK,Kinh doanh thương mại (CS Hà Nội),A01,2025,24.0,,THPT
DKK,Trường Đại Học Kinh Tế Kỹ Thuật Công Nghiệp,7340121DKK,Kinh doanh thương mại (CS Hà Nội),D01,2025,24.0,,THPT
DKK,Trường Đại Học Kinh Tế Kỹ Thuật Công Nghiệp,7340121DKK,Kinh doanh thương mại (CS Hà Nội),D07,2025,24.0,,THPT
DKK,Trường Đại Học Kinh Tế Kỹ Thuật Công Nghiệp,7340121DKK,Kinh doanh thương mại (CS Hà Nội),D09,2025,24.0,,THPT
DKK,Trường Đại Học Kinh Tế Kỹ Thuật Công Nghiệp,7340121DKK,Kinh doanh thương mại (CS Hà Nội),D10,2025,24.0,,THPT
DKK,Đại học Kinh tế Kỹ thuật Công nghiệp Hà Nội,7340201,Tài chính – Ngân hàng,A00,2025,23.5,,THPT
DKK,Đại học Kinh tế Kỹ thuật Công nghiệp Hà Nội,7340201,Tài chính – Ngân hàng,A01,2025,23.5,,THPT
DKK,Đại học Kinh tế Kỹ thuật Công nghiệp Hà Nội,7340201,Tài chính – Ngân hàng,D01,2025,23.5,,THPT
DKK,Đại học Kinh tế Kỹ thuật Công nghiệp Hà Nội,7340201,Tài chính – Ngân hàng,D07,2025,23.5,,THPT
DKK,Đại học Kinh tế Kỹ thuật Công nghiệp Hà Nội,7340201,Tài chính – Ngân hàng,D09,2025,23.5,,THPT
DKK,Đại học Kinh tế Kỹ thuật Công nghiệp Hà Nội,7340201,Tài chính – Ngân hàng,D10,2025,23.5,,THPT
DKK,Trường Đại Học Kinh Tế Kỹ Thuật Công Nghiệp,7340201DKD,Tài chính – Ngân hàng (CS Nam Định),A00,2025,20.2,,THPT
DKK,Trường Đại Học Kinh Tế Kỹ Thuật Công Nghiệp,7340201DKD,Tài chính – Ngân hàng (CS Nam Định),A01,2025,20.2,,THPT
DKK,Trường Đại Học Kinh Tế Kỹ Thuật Công Nghiệp,7340201DKD,Tài chính – Ngân hàng (CS Nam Định),D01,2025,20.2,,THPT
DKK,Trường Đại Học Kinh Tế Kỹ Thuật Công Nghiệp,7340201DKD,Tài chính – Ngân hàng (CS Nam Định),D07,2025,20.2,,THPT
DKK,Trường Đại Học Kinh Tế Kỹ Thuật Công Nghiệp,7340201DKD,Tài chính – Ngân hàng (CS Nam Định),D09,2025,20.2,,THPT
DKK,Trường Đại Học Kinh Tế Kỹ Thuật Công Nghiệp,7340201DKD,Tài chính – Ngân hàng (CS Nam Định),D10,2025,20.2,,THPT
DKK,Trường Đại Học Kinh Tế Kỹ Thuật Công Nghiệp,7340201DKK,Tài chính – Ngân hàng (CS Hà Nội),A00,2025,23.5,,THPT
DKK,Trường Đại Học Kinh Tế Kỹ Thuật Công Nghiệp,7340201DKK,Tài chính – Ngân hàng (CS Hà Nội),A01,2025,23.5,,THPT
DKK,Trường Đại Học Kinh Tế Kỹ Thuật Công Nghiệp,7340201DKK,Tài chính – Ngân hàng (CS Hà Nội),D01,2025,23.5,,THPT
DKK,Trường Đại Học Kinh Tế Kỹ Thuật Công Nghiệp,7340201DKK,Tài chính – Ngân hàng (CS Hà Nội),D07,2025,23.5,,THPT
DKK,Trường Đại Học Kinh Tế Kỹ Thuật Công Nghiệp,7340201DKK,Tài chính – Ngân hàng (CS Hà Nội),D09,2025,23.5,,THPT
DKK,Trường Đại Học Kinh Tế Kỹ Thuật Công Nghiệp,7340201DKK,Tài chính – Ngân hàng (CS Hà Nội),D10,2025,23.5,,THPT
DKK,Đại học Kinh tế Kỹ thuật Công nghiệp Hà Nội,7340204,Bảo hiểm,A00,2025,20.8,,THPT
DKK,Đại học Kinh tế Kỹ thuật Công nghiệp Hà Nội,7340204,Bảo hiểm,A01,2025,20.8,,THPT
DKK,Đại học Kinh tế Kỹ thuật Công nghiệp Hà Nội,7340204,Bảo hiểm,D01,2025,20.8,,THPT
DKK,Đại học Kinh tế Kỹ thuật Công nghiệp Hà Nội,7340204,Bảo hiểm,D07,2025,20.8,,THPT
DKK,Đại học Kinh tế Kỹ thuật Công nghiệp Hà Nội,7340204,Bảo hiểm,D09,2025,20.8,,THPT
DKK,Đại học Kinh tế Kỹ thuật Công nghiệp Hà Nội,7340204,Bảo hiểm,D10,2025,20.8,,THPT
DKK,Trường Đại Học Kinh Tế Kỹ Thuật Công Nghiệp,7340204DKD,Bảo hiểm (CS Nam Định),A00,2025,20.8,,THPT
DKK,Trường Đại Học Kinh Tế Kỹ Thuật Công Nghiệp,7340204DKD,Bảo hiểm (CS Nam Định),A01,2025,20.8,,THPT
DKK,Trường Đại Học Kinh Tế Kỹ Thuật Công Nghiệp,7340204DKD,Bảo hiểm (CS Nam Định),D01,2025,20.8,,THPT
DKK,Trường Đại Học Kinh Tế Kỹ Thuật Công Nghiệp,7340204DKD,Bảo hiểm (CS Nam Định),D07,2025,20.8,,THPT
DKK,Trường Đại Học Kinh Tế Kỹ Thuật Công Nghiệp,7340204DKD,Bảo hiểm (CS Nam Định),D09,2025,20.8,,THPT
DKK,Trường Đại Học Kinh Tế Kỹ Thuật Công Nghiệp,7340204DKD,Bảo hiểm (CS Nam Định),D10,2025,20.8,,THPT
DKK,Trường Đại Học Kinh Tế Kỹ Thuật Công Nghiệp,7340204DKK,Bảo hiểm (CS Hà Nội),A00,2025,20.8,,THPT
DKK,Trường Đại Học Kinh Tế Kỹ Thuật Công Nghiệp,7340204DKK,Bảo hiểm (CS Hà Nội),A01,2025,20.8,,THPT
DKK,Trường Đại Học Kinh Tế Kỹ Thuật Công Nghiệp,7340204DKK,Bảo hiểm (CS Hà Nội),D01,2025,20.8,,THPT
DKK,Trường Đại Học Kinh Tế Kỹ Thuật Công Nghiệp,7340204DKK,Bảo hiểm (CS Hà Nội),D07,2025,20.8,,THPT
DKK,Trường Đại Học Kinh Tế Kỹ Thuật Công Nghiệp,7340204DKK,Bảo hiểm (CS Hà Nội),D09,2025,20.8,,THPT
DKK,Trường Đại Học Kinh Tế Kỹ Thuật Công Nghiệp,7340204DKK,Bảo hiểm (CS Hà Nội),D10,2025,20.8,,THPT
DKK,Đại học Kinh tế Kỹ thuật Công nghiệp Hà Nội,7340301,Kế toán,A00,2025,23.0,,THPT
DKK,Đại học Kinh tế Kỹ thuật Công nghiệp Hà Nội,7340301,Kế toán,A01,2025,23.0,,THPT
DKK,Đại học Kinh tế Kỹ thuật Công nghiệp Hà Nội,7340301,Kế toán,D01,2025,23.0,,THPT
DKK,Đại học Kinh tế Kỹ thuật Công nghiệp Hà Nội,7340301,Kế toán,D07,2025,23.0,,THPT
DKK,Đại học Kinh tế Kỹ thuật Công nghiệp Hà Nội,7340301,Kế toán,D09,2025,23.0,,THPT
DKK,Đại học Kinh tế Kỹ thuật Công nghiệp Hà Nội,7340301,Kế toán,D10,2025,23.0,,THPT
DKK,Trường Đại Học Kinh Tế Kỹ Thuật Công Nghiệp,7340301DKD,Kế toán (CS Nam Định),A00,2025,20.0,,THPT
DKK,Trường Đại Học Kinh Tế Kỹ Thuật Công Nghiệp,7340301DKD,Kế toán (CS Nam Định),A01,2025,20.0,,THPT
DKK,Trường Đại Học Kinh Tế Kỹ Thuật Công Nghiệp,7340301DKD,Kế toán (CS Nam Định),D01,2025,20.0,,THPT
DKK,Trường Đại Học Kinh Tế Kỹ Thuật Công Nghiệp,7340301DKD,Kế toán (CS Nam Định),D07,2025,20.0,,THPT
DKK,Trường Đại Học Kinh Tế Kỹ Thuật Công Nghiệp,7340301DKD,Kế toán (CS Nam Định),D09,2025,20.0,,THPT
DKK,Trường Đại Học Kinh Tế Kỹ Thuật Công Nghiệp,7340301DKD,Kế toán (CS Nam Định),D10,2025,20.0,,THPT
DKK,Trường Đại Học Kinh Tế Kỹ Thuật Công Nghiệp,7340301DKK,Kế toán (CS Hà Nội),A00,2025,23.0,,THPT
DKK,Trường Đại Học Kinh Tế Kỹ Thuật Công Nghiệp,7340301DKK,Kế toán (CS Hà Nội),A01,2025,23.0,,THPT
DKK,Trường Đại Học Kinh Tế Kỹ Thuật Công Nghiệp,7340301DKK,Kế toán (CS Hà Nội),D01,2025,23.0,,THPT
DKK,Trường Đại Học Kinh Tế Kỹ Thuật Công Nghiệp,7340301DKK,Kế toán (CS Hà Nội),D07,2025,23.0,,THPT
DKK,Trường Đại Học Kinh Tế Kỹ Thuật Công Nghiệp,7340301DKK,Kế toán (CS Hà Nội),D09,2025,23.0,,THPT
DKK,Trường Đại Học Kinh Tế Kỹ Thuật Công Nghiệp,7340301DKK,Kế toán (CS Hà Nội),D10,2025,23.0,,THPT
DKK,Đại học Kinh tế Kỹ thuật Công nghiệp Hà Nội,7340302,Kiểm toán,A00,2025,23.0,,THPT
DKK,Đại học Kinh tế Kỹ thuật Công nghiệp Hà Nội,7340302,Kiểm toán,A01,2025,23.0,,THPT
DKK,Đại học Kinh tế Kỹ thuật Công nghiệp Hà Nội,7340302,Kiểm toán,D01,2025,23.0,,THPT
DKK,Đại học Kinh tế Kỹ thuật Công nghiệp Hà Nội,7340302,Kiểm toán,D07,2025,23.0,,THPT
DKK,Đại học Kinh tế Kỹ thuật Công nghiệp Hà Nội,7340302,Kiểm toán,D09,2025,23.0,,THPT
DKK,Đại học Kinh tế Kỹ thuật Công nghiệp Hà Nội,7340302,Kiểm toán,D10,2025,23.0,,THPT
DKK,Trường Đại Học Kinh Tế Kỹ Thuật Công Nghiệp,7340302DKD,Kiểm toán (CS Nam Định),A00,2025,20.0,,THPT
DKK,Trường Đại Học Kinh Tế Kỹ Thuật Công Nghiệp,7340302DKD,Kiểm toán (CS Nam Định),A01,2025,20.0,,THPT
DKK,Trường Đại Học Kinh Tế Kỹ Thuật Công Nghiệp,7340302DKD,Kiểm toán (CS Nam Định),D01,2025,20.0,,THPT
DKK,Trường Đại Học Kinh Tế Kỹ Thuật Công Nghiệp,7340302DKD,Kiểm toán (CS Nam Định),D07,2025,20.0,,THPT
DKK,Trường Đại Học Kinh Tế Kỹ Thuật Công Nghiệp,7340302DKD,Kiểm toán (CS Nam Định),D09,2025,20.0,,THPT
DKK,Trường Đại Học Kinh Tế Kỹ Thuật Công Nghiệp,7340302DKD,Kiểm toán (CS Nam Định),D10,2025,20.0,,THPT
DKK,Trường Đại Học Kinh Tế Kỹ Thuật Công Nghiệp,7340302DKK,Kiểm toán (CS Hà Nội),A00,2025,23.0,,THPT
DKK,Trường Đại Học Kinh Tế Kỹ Thuật Công Nghiệp,7340302DKK,Kiểm toán (CS Hà Nội),A01,2025,23.0,,THPT
DKK,Trường Đại Học Kinh Tế Kỹ Thuật Công Nghiệp,7340302DKK,Kiểm toán (CS Hà Nội),D01,2025,23.0,,THPT
DKK,Trường Đại Học Kinh Tế Kỹ Thuật Công Nghiệp,7340302DKK,Kiểm toán (CS Hà Nội),D07,2025,23.0,,THPT
DKK,Trường Đại Học Kinh Tế Kỹ Thuật Công Nghiệp,7340302DKK,Kiểm toán (CS Hà Nội),D09,2025,23.0,,THPT
DKK,Trường Đại Học Kinh Tế Kỹ Thuật Công Nghiệp,7340302DKK,Kiểm toán (CS Hà Nội),D10,2025,23.0,,THPT
DKK,Đại học Kinh tế Kỹ thuật Công nghiệp Hà Nội,7460108,Khoa học dữ liệu (Data Science),A00,2025,22.2,,THPT
DKK,Đại học Kinh tế Kỹ thuật Công nghiệp Hà Nội,7460108,Khoa học dữ liệu (Data Science),A01,2025,22.2,,THPT
DKK,Đại học Kinh tế Kỹ thuật Công nghiệp Hà Nội,7460108,Khoa học dữ liệu (Data Science),B00,2025,22.2,,THPT
DKK,Đại học Kinh tế Kỹ thuật Công nghiệp Hà Nội,7460108,Khoa học dữ liệu (Data Science),D01,2025,22.2,,THPT
DKK,Đại học Kinh tế Kỹ thuật Công nghiệp Hà Nội,7460108,Khoa học dữ liệu (Data Science),D07,2025,22.2,,THPT
DKK,Trường Đại Học Kinh Tế Kỹ Thuật Công Nghiệp,7460108DKD,Khoa học dữ liệu (CS Nam Định),A00,2025,21.0,,THPT
DKK,Trường Đại Học Kinh Tế Kỹ Thuật Công Nghiệp,7460108DKD,Khoa học dữ liệu (CS Nam Định),A01,2025,21.0,,THPT
DKK,Trường Đại Học Kinh Tế Kỹ Thuật Công Nghiệp,7460108DKD,Khoa học dữ liệu (CS Nam Định),B00,2025,21.0,,THPT
DKK,Trường Đại Học Kinh Tế Kỹ Thuật Công Nghiệp,7460108DKD,Khoa học dữ liệu (CS Nam Định),D01,2025,21.0,,THPT
DKK,Trường Đại Học Kinh Tế Kỹ Thuật Công Nghiệp,7460108DKD,Khoa học dữ liệu (CS Nam Định),D07,2025,21.0,,THPT
DKK,Trường Đại Học Kinh Tế Kỹ Thuật Công Nghiệp,7460108DKK,Khoa học dữ liệu (CS Hà Nội),A00,2025,22.2,,THPT
DKK,Trường Đại Học Kinh Tế Kỹ Thuật Công Nghiệp,7460108DKK,Khoa học dữ liệu (CS Hà Nội),A01,2025,22.2,,THPT
DKK,Trường Đại Học Kinh Tế Kỹ Thuật Công Nghiệp,7460108DKK,Khoa học dữ liệu (CS Hà Nội),B00,2025,22.2,,THPT
DKK,Trường Đại Học Kinh Tế Kỹ Thuật Công Nghiệp,7460108DKK,Khoa học dữ liệu (CS Hà Nội),D01,2025,22.2,,THPT
DKK,Trường Đại Học Kinh Tế Kỹ Thuật Công Nghiệp,7460108DKK,Khoa học dữ liệu (CS Hà Nội),D07,2025,22.2,,THPT
DKK,Đại học Kinh tế Kỹ thuật Công nghiệp Hà Nội,7480102,Mạng máy tính và truyền thông dữ liệu,A00,2025,22.5,,THPT
DKK,Đại học Kinh tế Kỹ thuật Công nghiệp Hà Nội,7480102,Mạng máy tính và truyền thông dữ liệu,A01,2025,22.5,,THPT
DKK,Đại học Kinh tế Kỹ thuật Công nghiệp Hà Nội,7480102,Mạng máy tính và truyền thông dữ liệu,B00,2025,22.5,,THPT
DKK,Đại học Kinh tế Kỹ thuật Công nghiệp Hà Nội,7480102,Mạng máy tính và truyền thông dữ liệu,D01,2025,22.5,,THPT
DKK,Đại học Kinh tế Kỹ thuật Công nghiệp Hà Nội,7480102,Mạng máy tính và truyền thông dữ liệu,D07,2025,22.5,,THPT
DKK,Trường Đại Học Kinh Tế Kỹ Thuật Công Nghiệp,7480102DKD,Mạng máy tính và truyền thông dữ liệu (CS Nam Định),A00,2025,20.0,,THPT
DKK,Trường Đại Học Kinh Tế Kỹ Thuật Công Nghiệp,7480102DKD,Mạng máy tính và truyền thông dữ liệu (CS Nam Định),A01,2025,20.0,,THPT
DKK,Trường Đại Học Kinh Tế Kỹ Thuật Công Nghiệp,7480102DKD,Mạng máy tính và truyền thông dữ liệu (CS Nam Định),B00,2025,20.0,,THPT
DKK,Trường Đại Học Kinh Tế Kỹ Thuật Công Nghiệp,7480102DKD,Mạng máy tính và truyền thông dữ liệu (CS Nam Định),D01,2025,20.0,,THPT
DKK,Trường Đại Học Kinh Tế Kỹ Thuật Công Nghiệp,7480102DKD,Mạng máy tính và truyền thông dữ liệu (CS Nam Định),D07,2025,20.0,,THPT
DKK,Trường Đại Học Kinh Tế Kỹ Thuật Công Nghiệp,7480102DKK,Mạng máy tính và truyền thông dữ liệu (CS Hà Nội),A00,2025,22.5,,THPT
DKK,Trường Đại Học Kinh Tế Kỹ Thuật Công Nghiệp,7480102DKK,Mạng máy tính và truyền thông dữ liệu (CS Hà Nội),A01,2025,22.5,,THPT
DKK,Trường Đại Học Kinh Tế Kỹ Thuật Công Nghiệp,7480102DKK,Mạng máy tính và truyền thông dữ liệu (CS Hà Nội),B00,2025,22.5,,THPT
DKK,Trường Đại Học Kinh Tế Kỹ Thuật Công Nghiệp,7480102DKK,Mạng máy tính và truyền thông dữ liệu (CS Hà Nội),D01,2025,22.5,,THPT
DKK,Trường Đại Học Kinh Tế Kỹ Thuật Công Nghiệp,7480102DKK,Mạng máy tính và truyền thông dữ liệu (CS Hà Nội),D07,2025,22.5,,THPT
DKK,Đại học Kinh tế Kỹ thuật Công nghiệp Hà Nội,7480108,Công nghệ kỹ thuật máy tính,A00,2025,23.2,,THPT
DKK,Đại học Kinh tế Kỹ thuật Công nghiệp Hà Nội,7480108,Công nghệ kỹ thuật máy tính,A01,2025,23.2,,THPT
DKK,Đại học Kinh tế Kỹ thuật Công nghiệp Hà Nội,7480108,Công nghệ kỹ thuật máy tính,B00,2025,23.2,,THPT
DKK,Đại học Kinh tế Kỹ thuật Công nghiệp Hà Nội,7480108,Công nghệ kỹ thuật máy tính,D01,2025,23.2,,THPT
DKK,Đại học Kinh tế Kỹ thuật Công nghiệp Hà Nội,7480108,Công nghệ kỹ thuật máy tính,D07,2025,23.2,,THPT
DKK,Trường Đại Học Kinh Tế Kỹ Thuật Công Nghiệp,7480108DKD,Công nghệ kỹ thuật máy tính (CS Nam Định),A00,2025,20.5,,THPT
DKK,Trường Đại Học Kinh Tế Kỹ Thuật Công Nghiệp,7480108DKD,Công nghệ kỹ thuật máy tính (CS Nam Định),A01,2025,20.5,,THPT
DKK,Trường Đại Học Kinh Tế Kỹ Thuật Công Nghiệp,7480108DKD,Công nghệ kỹ thuật máy tính (CS Nam Định),B00,2025,20.5,,THPT
DKK,Trường Đại Học Kinh Tế Kỹ Thuật Công Nghiệp,7480108DKD,Công nghệ kỹ thuật máy tính (CS Nam Định),D01,2025,20.5,,THPT
DKK,Trường Đại Học Kinh Tế Kỹ Thuật Công Nghiệp,7480108DKD,Công nghệ kỹ thuật máy tính (CS Nam Định),D07,2025,20.5,,THPT
DKK,Trường Đại Học Kinh Tế Kỹ Thuật Công Nghiệp,7480108DKK,Công nghệ kỹ thuật máy tính (CS Hà Nội),A00,2025,23.2,,THPT
DKK,Trường Đại Học Kinh Tế Kỹ Thuật Công Nghiệp,7480108DKK,Công nghệ kỹ thuật máy tính (CS Hà Nội),A01,2025,23.2,,THPT
DKK,Trường Đại Học Kinh Tế Kỹ Thuật Công Nghiệp,7480108DKK,Công nghệ kỹ thuật máy tính (CS Hà Nội),B00,2025,23.2,,THPT
DKK,Trường Đại Học Kinh Tế Kỹ Thuật Công Nghiệp,7480108DKK,Công nghệ kỹ thuật máy tính (CS Hà Nội),D01,2025,23.2,,THPT
DKK,Trường Đại Học Kinh Tế Kỹ Thuật Công Nghiệp,7480108DKK,Công nghệ kỹ thuật máy tính (CS Hà Nội),D07,2025,23.2,,THPT
DKK,Đại học Kinh tế Kỹ thuật Công nghiệp Hà Nội,7480201,Công nghệ thông tin,A00,2025,24.0,,THPT
DKK,Đại học Kinh tế Kỹ thuật Công nghiệp Hà Nội,7480201,Công nghệ thông tin,A01,2025,24.0,,THPT
DKK,Đại học Kinh tế Kỹ thuật Công nghiệp Hà Nội,7480201,Công nghệ thông tin,B00,2025,24.0,,THPT
DKK,Đại học Kinh tế Kỹ thuật Công nghiệp Hà Nội,7480201,Công nghệ thông tin,D01,2025,24.0,,THPT
DKK,Đại học Kinh tế Kỹ thuật Công nghiệp Hà Nội,7480201,Công nghệ thông tin,D07,2025,24.0,,THPT
DKK,Trường Đại Học Kinh Tế Kỹ Thuật Công Nghiệp,7480201DKD,Công nghệ thông tin (CS Nam Định),A00,2025,22.5,,THPT
DKK,Trường Đại Học Kinh Tế Kỹ Thuật Công Nghiệp,7480201DKD,Công nghệ thông tin (CS Nam Định),A01,2025,22.5,,THPT
DKK,Trường Đại Học Kinh Tế Kỹ Thuật Công Nghiệp,7480201DKD,Công nghệ thông tin (CS Nam Định),B00,2025,22.5,,THPT
DKK,Trường Đại Học Kinh Tế Kỹ Thuật Công Nghiệp,7480201DKD,Công nghệ thông tin (CS Nam Định),D01,2025,22.5,,THPT
DKK,Trường Đại Học Kinh Tế Kỹ Thuật Công Nghiệp,7480201DKD,Công nghệ thông tin (CS Nam Định),D07,2025,22.5,,THPT
DKK,Trường Đại Học Kinh Tế Kỹ Thuật Công Nghiệp,7480201DKK,Công nghệ thông tin (CS Hà Nội),A00,2025,24.0,,THPT
DKK,Trường Đại Học Kinh Tế Kỹ Thuật Công Nghiệp,7480201DKK,Công nghệ thông tin (CS Hà Nội),A01,2025,24.0,,THPT
DKK,Trường Đại Học Kinh Tế Kỹ Thuật Công Nghiệp,7480201DKK,Công nghệ thông tin (CS Hà Nội),B00,2025,24.0,,THPT
DKK,Trường Đại Học Kinh Tế Kỹ Thuật Công Nghiệp,7480201DKK,Công nghệ thông tin (CS Hà Nội),D01,2025,24.0,,THPT
DKK,Trường Đại Học Kinh Tế Kỹ Thuật Công Nghiệp,7480201DKK,Công nghệ thông tin (CS Hà Nội),D07,2025,24.0,,THPT
DKK,Đại học Kinh tế Kỹ thuật Công nghiệp Hà Nội,7510201,Công nghệ kỹ thuật cơ khí (chuyên ngành Cơ khí chế tạo),A00,2025,23.5,,THPT
DKK,Đại học Kinh tế Kỹ thuật Công nghiệp Hà Nội,7510201,Công nghệ kỹ thuật cơ khí (chuyên ngành Cơ khí chế tạo),A01,2025,23.5,,THPT
DKK,Đại học Kinh tế Kỹ thuật Công nghiệp Hà Nội,7510201,Công nghệ kỹ thuật cơ khí (chuyên ngành Cơ khí chế tạo),B00,2025,23.5,,THPT
DKK,Đại học Kinh tế Kỹ thuật Công nghiệp Hà Nội,7510201,Công nghệ kỹ thuật cơ khí (chuyên ngành Cơ khí chế tạo),D01,2025,23.5,,THPT
DKK,Đại học Kinh tế Kỹ thuật Công nghiệp Hà Nội,7510201,Công nghệ kỹ thuật cơ khí (chuyên ngành Cơ khí chế tạo),D07,2025,23.5,,THPT
DKK,Trường Đại Học Kinh Tế Kỹ Thuật Công Nghiệp,7510201DKD,Công nghệ kỹ thuật cơ khí (CS Nam Định),A00,2025,22.0,,THPT
DKK,Trường Đại Học Kinh Tế Kỹ Thuật Công Nghiệp,7510201DKD,Công nghệ kỹ thuật cơ khí (CS Nam Định),A01,2025,22.0,,THPT
DKK,Trường Đại Học Kinh Tế Kỹ Thuật Công Nghiệp,7510201DKD,Công nghệ kỹ thuật cơ khí (CS Nam Định),B00,2025,22.0,,THPT
DKK,Trường Đại Học Kinh Tế Kỹ Thuật Công Nghiệp,7510201DKD,Công nghệ kỹ thuật cơ khí (CS Nam Định),D01,2025,22.0,,THPT
DKK,Trường Đại Học Kinh Tế Kỹ Thuật Công Nghiệp,7510201DKD,Công nghệ kỹ thuật cơ khí (CS Nam Định),D07,2025,22.0,,THPT
DKK,Trường Đại Học Kinh Tế Kỹ Thuật Công Nghiệp,7510201DKK,Công nghệ kỹ thuật cơ khí (CS Hà Nội),A00,2025,23.5,,THPT
DKK,Trường Đại Học Kinh Tế Kỹ Thuật Công Nghiệp,7510201DKK,Công nghệ kỹ thuật cơ khí (CS Hà Nội),A01,2025,23.5,,THPT
DKK,Trường Đại Học Kinh Tế Kỹ Thuật Công Nghiệp,7510201DKK,Công nghệ kỹ thuật cơ khí (CS Hà Nội),B00,2025,23.5,,THPT
DKK,Trường Đại Học Kinh Tế Kỹ Thuật Công Nghiệp,7510201DKK,Công nghệ kỹ thuật cơ khí (CS Hà Nội),D01,2025,23.5,,THPT
DKK,Trường Đại Học Kinh Tế Kỹ Thuật Công Nghiệp,7510201DKK,Công nghệ kỹ thuật cơ khí (CS Hà Nội),D07,2025,23.5,,THPT
DKK,Đại học Kinh tế Kỹ thuật Công nghiệp Hà Nội,7510203,Công nghệ kỹ thuật cơ điện tử,A00,2025,24.0,,THPT
DKK,Đại học Kinh tế Kỹ thuật Công nghiệp Hà Nội,7510203,Công nghệ kỹ thuật cơ điện tử,A01,2025,24.0,,THPT
DKK,Đại học Kinh tế Kỹ thuật Công nghiệp Hà Nội,7510203,Công nghệ kỹ thuật cơ điện tử,B00,2025,24.0,,THPT
DKK,Đại học Kinh tế Kỹ thuật Công nghiệp Hà Nội,7510203,Công nghệ kỹ thuật cơ điện tử,D01,2025,24.0,,THPT
DKK,Đại học Kinh tế Kỹ thuật Công nghiệp Hà Nội,7510203,Công nghệ kỹ thuật cơ điện tử,D07,2025,24.0,,THPT
DKK,Trường Đại Học Kinh Tế Kỹ Thuật Công Nghiệp,7510203DKD,Công nghệ kỹ thuật cơ điện tử (CS Nam Định),A00,2025,22.0,,THPT
DKK,Trường Đại Học Kinh Tế Kỹ Thuật Công Nghiệp,7510203DKD,Công nghệ kỹ thuật cơ điện tử (CS Nam Định),A01,2025,22.0,,THPT
DKK,Trường Đại Học Kinh Tế Kỹ Thuật Công Nghiệp,7510203DKD,Công nghệ kỹ thuật cơ điện tử (CS Nam Định),B00,2025,22.0,,THPT
DKK,Trường Đại Học Kinh Tế Kỹ Thuật Công Nghiệp,7510203DKD,Công nghệ kỹ thuật cơ điện tử (CS Nam Định),D01,2025,22.0,,THPT
DKK,Trường Đại Học Kinh Tế Kỹ Thuật Công Nghiệp,7510203DKD,Công nghệ kỹ thuật cơ điện tử (CS Nam Định),D07,2025,22.0,,THPT
DKK,Trường Đại Học Kinh Tế Kỹ Thuật Công Nghiệp,7510203DKK,Công nghệ kỹ thuật cơ điện tử (CS Hà Nội),A00,2025,24.0,,THPT
DKK,Trường Đại Học Kinh Tế Kỹ Thuật Công Nghiệp,7510203DKK,Công nghệ kỹ thuật cơ điện tử (CS Hà Nội),A01,2025,24.0,,THPT
DKK,Trường Đại Học Kinh Tế Kỹ Thuật Công Nghiệp,7510203DKK,Công nghệ kỹ thuật cơ điện tử (CS Hà Nội),B00,2025,24.0,,THPT
DKK,Trường Đại Học Kinh Tế Kỹ Thuật Công Nghiệp,7510203DKK,Công nghệ kỹ thuật cơ điện tử (CS Hà Nội),D01,2025,24.0,,THPT
DKK,Trường Đại Học Kinh Tế Kỹ Thuật Công Nghiệp,7510203DKK,Công nghệ kỹ thuật cơ điện tử (CS Hà Nội),D07,2025,24.0,,THPT
DKK,Đại học Kinh tế Kỹ thuật Công nghiệp Hà Nội,7510205,Công nghệ kỹ thuật ô tô,A00,2025,24.5,,THPT
DKK,Đại học Kinh tế Kỹ thuật Công nghiệp Hà Nội,7510205,Công nghệ kỹ thuật ô tô,A01,2025,24.5,,THPT
DKK,Đại học Kinh tế Kỹ thuật Công nghiệp Hà Nội,7510205,Công nghệ kỹ thuật ô tô,B00,2025,24.5,,THPT
DKK,Đại học Kinh tế Kỹ thuật Công nghiệp Hà Nội,7510205,Công nghệ kỹ thuật ô tô,D01,2025,24.5,,THPT
DKK,Đại học Kinh tế Kỹ thuật Công nghiệp Hà Nội,7510205,Công nghệ kỹ thuật ô tô,D07,2025,24.5,,THPT
DKK,Trường Đại Học Kinh Tế Kỹ Thuật Công Nghiệp,7510205DKD,Công nghệ kỹ thuật ô tô (CS Nam Định),A00,2025,22.5,,THPT
DKK,Trường Đại Học Kinh Tế Kỹ Thuật Công Nghiệp,7510205DKD,Công nghệ kỹ thuật ô tô (CS Nam Định),A01,2025,22.5,,THPT
DKK,Trường Đại Học Kinh Tế Kỹ Thuật Công Nghiệp,7510205DKD,Công nghệ kỹ thuật ô tô (CS Nam Định),B00,2025,22.5,,THPT
DKK,Trường Đại Học Kinh Tế Kỹ Thuật Công Nghiệp,7510205DKD,Công nghệ kỹ thuật ô tô (CS Nam Định),D01,2025,22.5,,THPT
DKK,Trường Đại Học Kinh Tế Kỹ Thuật Công Nghiệp,7510205DKD,Công nghệ kỹ thuật ô tô (CS Nam Định),D07,2025,22.5,,THPT
DKK,Trường Đại Học Kinh Tế Kỹ Thuật Công Nghiệp,7510205DKK,Công nghệ kỹ thuật ô tô (CS Hà Nội),A00,2025,24.5,,THPT
DKK,Trường Đại Học Kinh Tế Kỹ Thuật Công Nghiệp,7510205DKK,Công nghệ kỹ thuật ô tô (CS Hà Nội),A01,2025,24.5,,THPT
DKK,Trường Đại Học Kinh Tế Kỹ Thuật Công Nghiệp,7510205DKK,Công nghệ kỹ thuật ô tô (CS Hà Nội),B00,2025,24.5,,THPT
DKK,Trường Đại Học Kinh Tế Kỹ Thuật Công Nghiệp,7510205DKK,Công nghệ kỹ thuật ô tô (CS Hà Nội),D01,2025,24.5,,THPT
DKK,Trường Đại Học Kinh Tế Kỹ Thuật Công Nghiệp,7510205DKK,Công nghệ kỹ thuật ô tô (CS Hà Nội),D07,2025,24.5,,THPT
DKK,Đại học Kinh tế Kỹ thuật Công nghiệp Hà Nội,7510301,"Công nghệ kỹ thuật điện, điện tử",A00,2025,23.8,,THPT
DKK,Đại học Kinh tế Kỹ thuật Công nghiệp Hà Nội,7510301,"Công nghệ kỹ thuật điện, điện tử",A01,2025,23.8,,THPT
DKK,Đại học Kinh tế Kỹ thuật Công nghiệp Hà Nội,7510301,"Công nghệ kỹ thuật điện, điện tử",B00,2025,23.8,,THPT
DKK,Đại học Kinh tế Kỹ thuật Công nghiệp Hà Nội,7510301,"Công nghệ kỹ thuật điện, điện tử",D01,2025,23.8,,THPT
DKK,Đại học Kinh tế Kỹ thuật Công nghiệp Hà Nội,7510301,"Công nghệ kỹ thuật điện, điện tử",D07,2025,23.8,,THPT
DKK,Trường Đại Học Kinh Tế Kỹ Thuật Công Nghiệp,7510301DKD,"Công nghệ kỹ thuật điện, điện tử (CS Nam Định)",A00,2025,22.0,,THPT
DKK,Trường Đại Học Kinh Tế Kỹ Thuật Công Nghiệp,7510301DKD,"Công nghệ kỹ thuật điện, điện tử (CS Nam Định)",A01,2025,22.0,,THPT
DKK,Trường Đại Học Kinh Tế Kỹ Thuật Công Nghiệp,7510301DKD,"Công nghệ kỹ thuật điện, điện tử (CS Nam Định)",B00,2025,22.0,,THPT
DKK,Trường Đại Học Kinh Tế Kỹ Thuật Công Nghiệp,7510301DKD,"Công nghệ kỹ thuật điện, điện tử (CS Nam Định)",D01,2025,22.0,,THPT
DKK,Trường Đại Học Kinh Tế Kỹ Thuật Công Nghiệp,7510301DKD,"Công nghệ kỹ thuật điện, điện tử (CS Nam Định)",D07,2025,22.0,,THPT
DKK,Trường Đại Học Kinh Tế Kỹ Thuật Công Nghiệp,7510301DKK,"Công nghệ kỹ thuật điện, điện tử (CS Hà Nội)",A00,2025,23.8,,THPT
DKK,Trường Đại Học Kinh Tế Kỹ Thuật Công Nghiệp,7510301DKK,"Công nghệ kỹ thuật điện, điện tử (CS Hà Nội)",A01,2025,23.8,,THPT
DKK,Trường Đại Học Kinh Tế Kỹ Thuật Công Nghiệp,7510301DKK,"Công nghệ kỹ thuật điện, điện tử (CS Hà Nội)",B00,2025,23.8,,THPT
DKK,Trường Đại Học Kinh Tế Kỹ Thuật Công Nghiệp,7510301DKK,"Công nghệ kỹ thuật điện, điện tử (CS Hà Nội)",D01,2025,23.8,,THPT
DKK,Trường Đại Học Kinh Tế Kỹ Thuật Công Nghiệp,7510301DKK,"Công nghệ kỹ thuật điện, điện tử (CS Hà Nội)",D07,2025,23.8,,THPT
DKK,Đại học Kinh tế Kỹ thuật Công nghiệp Hà Nội,7510302,Điện tử - viễn thông,A00,2025,23.0,,THPT
DKK,Đại học Kinh tế Kỹ thuật Công nghiệp Hà Nội,7510302,Điện tử - viễn thông,A01,2025,23.0,,THPT
DKK,Đại học Kinh tế Kỹ thuật Công nghiệp Hà Nội,7510302,Điện tử - viễn thông,B00,2025,23.0,,THPT
DKK,Đại học Kinh tế Kỹ thuật Công nghiệp Hà Nội,7510302,Điện tử - viễn thông,D01,2025,23.0,,THPT
DKK,Đại học Kinh tế Kỹ thuật Công nghiệp Hà Nội,7510302,Điện tử - viễn thông,D07,2025,23.0,,THPT
DKK,Trường Đại Học Kinh Tế Kỹ Thuật Công Nghiệp,7510302DKD,Công nghệ kỹ thuật điện tử - viễn thông (CS Nam Định),A00,2025,20.5,,THPT
DKK,Trường Đại Học Kinh Tế Kỹ Thuật Công Nghiệp,7510302DKD,Công nghệ kỹ thuật điện tử - viễn thông (CS Nam Định),A01,2025,20.5,,THPT
DKK,Trường Đại Học Kinh Tế Kỹ Thuật Công Nghiệp,7510302DKD,Công nghệ kỹ thuật điện tử - viễn thông (CS Nam Định),B00,2025,20.5,,THPT
DKK,Trường Đại Học Kinh Tế Kỹ Thuật Công Nghiệp,7510302DKD,Công nghệ kỹ thuật điện tử - viễn thông (CS Nam Định),D01,2025,20.5,,THPT
DKK,Trường Đại Học Kinh Tế Kỹ Thuật Công Nghiệp,7510302DKD,Công nghệ kỹ thuật điện tử - viễn thông (CS Nam Định),D07,2025,20.5,,THPT
DKK,Trường Đại Học Kinh Tế Kỹ Thuật Công Nghiệp,7510302DKK,Công nghệ kỹ thuật điện tử - viễn thông (CS Hà Nội),A00,2025,23.0,,THPT
DKK,Trường Đại Học Kinh Tế Kỹ Thuật Công Nghiệp,7510302DKK,Công nghệ kỹ thuật điện tử - viễn thông (CS Hà Nội),A01,2025,23.0,,THPT
DKK,Trường Đại Học Kinh Tế Kỹ Thuật Công Nghiệp,7510302DKK,Công nghệ kỹ thuật điện tử - viễn thông (CS Hà Nội),B00,2025,23.0,,THPT
DKK,Trường Đại Học Kinh Tế Kỹ Thuật Công Nghiệp,7510302DKK,Công nghệ kỹ thuật điện tử - viễn thông (CS Hà Nội),D01,2025,23.0,,THPT
DKK,Trường Đại Học Kinh Tế Kỹ Thuật Công Nghiệp,7510302DKK,Công nghệ kỹ thuật điện tử - viễn thông (CS Hà Nội),D07,2025,23.0,,THPT
DKK,Đại học Kinh tế Kỹ thuật Công nghiệp Hà Nội,7510303,Công nghệ kỹ thuật điều khiển và tự động hóa,A00,2025,24.8,,THPT
DKK,Đại học Kinh tế Kỹ thuật Công nghiệp Hà Nội,7510303,Công nghệ kỹ thuật điều khiển và tự động hóa,A01,2025,24.8,,THPT
DKK,Đại học Kinh tế Kỹ thuật Công nghiệp Hà Nội,7510303,Công nghệ kỹ thuật điều khiển và tự động hóa,B00,2025,24.8,,THPT
DKK,Đại học Kinh tế Kỹ thuật Công nghiệp Hà Nội,7510303,Công nghệ kỹ thuật điều khiển và tự động hóa,D01,2025,24.8,,THPT
DKK,Đại học Kinh tế Kỹ thuật Công nghiệp Hà Nội,7510303,Công nghệ kỹ thuật điều khiển và tự động hóa,D07,2025,24.8,,THPT
DKK,Trường Đại Học Kinh Tế Kỹ Thuật Công Nghiệp,7510303DKD,Công nghệ kỹ thuật điều khiển và tự động hóa (CS Nam Định),A00,2025,22.5,,THPT
DKK,Trường Đại Học Kinh Tế Kỹ Thuật Công Nghiệp,7510303DKD,Công nghệ kỹ thuật điều khiển và tự động hóa (CS Nam Định),A01,2025,22.5,,THPT
DKK,Trường Đại Học Kinh Tế Kỹ Thuật Công Nghiệp,7510303DKD,Công nghệ kỹ thuật điều khiển và tự động hóa (CS Nam Định),B00,2025,22.5,,THPT
DKK,Trường Đại Học Kinh Tế Kỹ Thuật Công Nghiệp,7510303DKD,Công nghệ kỹ thuật điều khiển và tự động hóa (CS Nam Định),D01,2025,22.5,,THPT
DKK,Trường Đại Học Kinh Tế Kỹ Thuật Công Nghiệp,7510303DKD,Công nghệ kỹ thuật điều khiển và tự động hóa (CS Nam Định),D07,2025,22.5,,THPT
DKK,Trường Đại Học Kinh Tế Kỹ Thuật Công Nghiệp,7510303DKK,Công nghệ kỹ thuật điều khiển và tự động hóa (CS Hà Nội),A00,2025,24.8,,THPT
DKK,Trường Đại Học Kinh Tế Kỹ Thuật Công Nghiệp,7510303DKK,Công nghệ kỹ thuật điều khiển và tự động hóa (CS Hà Nội),A01,2025,24.8,,THPT
DKK,Trường Đại Học Kinh Tế Kỹ Thuật Công Nghiệp,7510303DKK,Công nghệ kỹ thuật điều khiển và tự động hóa (CS Hà Nội),B00,2025,24.8,,THPT
DKK,Trường Đại Học Kinh Tế Kỹ Thuật Công Nghiệp,7510303DKK,Công nghệ kỹ thuật điều khiển và tự động hóa (CS Hà Nội),D01,2025,24.8,,THPT
DKK,Trường Đại Học Kinh Tế Kỹ Thuật Công Nghiệp,7510303DKK,Công nghệ kỹ thuật điều khiển và tự động hóa (CS Hà Nội),D07,2025,24.8,,THPT
DKK,Đại học Kinh tế Kỹ thuật Công nghiệp Hà Nội,7510605,Logistics và Quản lý chuỗi cung ứng,A00,2025,25.0,,THPT
DKK,Đại học Kinh tế Kỹ thuật Công nghiệp Hà Nội,7510605,Logistics và Quản lý chuỗi cung ứng,A01,2025,25.0,,THPT
DKK,Đại học Kinh tế Kỹ thuật Công nghiệp Hà Nội,7510605,Logistics và Quản lý chuỗi cung ứng,D01,2025,25.0,,THPT
DKK,Đại học Kinh tế Kỹ thuật Công nghiệp Hà Nội,7510605,Logistics và Quản lý chuỗi cung ứng,D07,2025,25.0,,THPT
DKK,Đại học Kinh tế Kỹ thuật Công nghiệp Hà Nội,7510605,Logistics và Quản lý chuỗi cung ứng,D09,2025,25.0,,THPT
DKK,Đại học Kinh tế Kỹ thuật Công nghiệp Hà Nội,7510605,Logistics và Quản lý chuỗi cung ứng,D10,2025,25.0,,THPT
DKK,Trường Đại Học Kinh Tế Kỹ Thuật Công Nghiệp,7510605DKD,Logistics và Quản lý chuỗi cung ứng (CS Nam Định),A00,2025,23.0,,THPT
DKK,Trường Đại Học Kinh Tế Kỹ Thuật Công Nghiệp,7510605DKD,Logistics và Quản lý chuỗi cung ứng (CS Nam Định),A01,2025,23.0,,THPT
DKK,Trường Đại Học Kinh Tế Kỹ Thuật Công Nghiệp,7510605DKD,Logistics và Quản lý chuỗi cung ứng (CS Nam Định),D01,2025,23.0,,THPT
DKK,Trường Đại Học Kinh Tế Kỹ Thuật Công Nghiệp,7510605DKD,Logistics và Quản lý chuỗi cung ứng (CS Nam Định),D07,2025,23.0,,THPT
DKK,Trường Đại Học Kinh Tế Kỹ Thuật Công Nghiệp,7510605DKD,Logistics và Quản lý chuỗi cung ứng (CS Nam Định),D09,2025,23.0,,THPT
DKK,Trường Đại Học Kinh Tế Kỹ Thuật Công Nghiệp,7510605DKD,Logistics và Quản lý chuỗi cung ứng (CS Nam Định),D10,2025,23.0,,THPT
DKK,Trường Đại Học Kinh Tế Kỹ Thuật Công Nghiệp,7510605DKK,Logistics và Quản lý chuỗi cung ứng (CS Hà Nội),A00,2025,25.0,,THPT
DKK,Trường Đại Học Kinh Tế Kỹ Thuật Công Nghiệp,7510605DKK,Logistics và Quản lý chuỗi cung ứng (CS Hà Nội),A01,2025,25.0,,THPT
DKK,Trường Đại Học Kinh Tế Kỹ Thuật Công Nghiệp,7510605DKK,Logistics và Quản lý chuỗi cung ứng (CS Hà Nội),D01,2025,25.0,,THPT
DKK,Trường Đại Học Kinh Tế Kỹ Thuật Công Nghiệp,7510605DKK,Logistics và Quản lý chuỗi cung ứng (CS Hà Nội),D07,2025,25.0,,THPT
DKK,Trường Đại Học Kinh Tế Kỹ Thuật Công Nghiệp,7510605DKK,Logistics và Quản lý chuỗi cung ứng (CS Hà Nội),D09,2025,25.0,,THPT
DKK,Trường Đại Học Kinh Tế Kỹ Thuật Công Nghiệp,7510605DKK,Logistics và Quản lý chuỗi cung ứng (CS Hà Nội),D10,2025,25.0,,THPT
DKK,Đại học Kinh tế Kỹ thuật Công nghiệp Hà Nội,7540101,Công nghệ thực phẩm,A00,2025,21.5,,THPT
DKK,Đại học Kinh tế Kỹ thuật Công nghiệp Hà Nội,7540101,Công nghệ thực phẩm,A01,2025,21.5,,THPT
DKK,Đại học Kinh tế Kỹ thuật Công nghiệp Hà Nội,7540101,Công nghệ thực phẩm,B00,2025,21.5,,THPT
DKK,Đại học Kinh tế Kỹ thuật Công nghiệp Hà Nội,7540101,Công nghệ thực phẩm,D01,2025,21.5,,THPT
DKK,Đại học Kinh tế Kỹ thuật Công nghiệp Hà Nội,7540101,Công nghệ thực phẩm,D07,2025,21.5,,THPT
DKK,Trường Đại Học Kinh Tế Kỹ Thuật Công Nghiệp,7540101DKD,Công nghệ thực phẩm (CS Nam Định),A00,2025,19.0,,THPT
DKK,Trường Đại Học Kinh Tế Kỹ Thuật Công Nghiệp,7540101DKD,Công nghệ thực phẩm (CS Nam Định),A01,2025,19.0,,THPT
DKK,Trường Đại Học Kinh Tế Kỹ Thuật Công Nghiệp,7540101DKD,Công nghệ thực phẩm (CS Nam Định),B00,2025,19.0,,THPT
DKK,Trường Đại Học Kinh Tế Kỹ Thuật Công Nghiệp,7540101DKD,Công nghệ thực phẩm (CS Nam Định),D01,2025,19.0,,THPT
DKK,Trường Đại Học Kinh Tế Kỹ Thuật Công Nghiệp,7540101DKD,Công nghệ thực phẩm (CS Nam Định),D07,2025,19.0,,THPT
DKK,Trường Đại Học Kinh Tế Kỹ Thuật Công Nghiệp,7540101DKK,Công nghệ thực phẩm (CS Hà Nội),A00,2025,21.5,,THPT
DKK,Trường Đại Học Kinh Tế Kỹ Thuật Công Nghiệp,7540101DKK,Công nghệ thực phẩm (CS Hà Nội),A01,2025,21.5,,THPT
DKK,Trường Đại Học Kinh Tế Kỹ Thuật Công Nghiệp,7540101DKK,Công nghệ thực phẩm (CS Hà Nội),B00,2025,21.5,,THPT
DKK,Trường Đại Học Kinh Tế Kỹ Thuật Công Nghiệp,7540101DKK,Công nghệ thực phẩm (CS Hà Nội),D01,2025,21.5,,THPT
DKK,Trường Đại Học Kinh Tế Kỹ Thuật Công Nghiệp,7540101DKK,Công nghệ thực phẩm (CS Hà Nội),D07,2025,21.5,,THPT
DKK,Đại học Kinh tế Kỹ thuật Công nghiệp Hà Nội,7540106,Đảm bảo chất lượng và an toàn thực phẩm,A00,2025,20.0,,THPT
DKK,Đại học Kinh tế Kỹ thuật Công nghiệp Hà Nội,7540106,Đảm bảo chất lượng và an toàn thực phẩm,A01,2025,20.0,,THPT
DKK,Đại học Kinh tế Kỹ thuật Công nghiệp Hà Nội,7540106,Đảm bảo chất lượng và an toàn thực phẩm,B00,2025,20.0,,THPT
DKK,Đại học Kinh tế Kỹ thuật Công nghiệp Hà Nội,7540106,Đảm bảo chất lượng và an toàn thực phẩm,D01,2025,20.0,,THPT
DKK,Đại học Kinh tế Kỹ thuật Công nghiệp Hà Nội,7540106,Đảm bảo chất lượng và an toàn thực phẩm,D07,2025,20.0,,THPT
DKK,Trường Đại Học Kinh Tế Kỹ Thuật Công Nghiệp,7540106DKD,Đảm bảo chất lượng và an toàn thực phẩm (CS Nam Định),A00,2025,20.0,,THPT
DKK,Trường Đại Học Kinh Tế Kỹ Thuật Công Nghiệp,7540106DKD,Đảm bảo chất lượng và an toàn thực phẩm (CS Nam Định),A01,2025,20.0,,THPT
DKK,Trường Đại Học Kinh Tế Kỹ Thuật Công Nghiệp,7540106DKD,Đảm bảo chất lượng và an toàn thực phẩm (CS Nam Định),B00,2025,20.0,,THPT
DKK,Trường Đại Học Kinh Tế Kỹ Thuật Công Nghiệp,7540106DKD,Đảm bảo chất lượng và an toàn thực phẩm (CS Nam Định),D01,2025,20.0,,THPT
DKK,Trường Đại Học Kinh Tế Kỹ Thuật Công Nghiệp,7540106DKD,Đảm bảo chất lượng và an toàn thực phẩm (CS Nam Định),D07,2025,20.0,,THPT
DKK,Trường Đại Học Kinh Tế Kỹ Thuật Công Nghiệp,7540106DKK,Đảm bảo chất lượng và an toàn thực phẩm (CS Hà Nội),A00,2025,20.0,,THPT
DKK,Trường Đại Học Kinh Tế Kỹ Thuật Công Nghiệp,7540106DKK,Đảm bảo chất lượng và an toàn thực phẩm (CS Hà Nội),A01,2025,20.0,,THPT
DKK,Trường Đại Học Kinh Tế Kỹ Thuật Công Nghiệp,7540106DKK,Đảm bảo chất lượng và an toàn thực phẩm (CS Hà Nội),B00,2025,20.0,,THPT
DKK,Trường Đại Học Kinh Tế Kỹ Thuật Công Nghiệp,7540106DKK,Đảm bảo chất lượng và an toàn thực phẩm (CS Hà Nội),D01,2025,20.0,,THPT
DKK,Trường Đại Học Kinh Tế Kỹ Thuật Công Nghiệp,7540106DKK,Đảm bảo chất lượng và an toàn thực phẩm (CS Hà Nội),D07,2025,20.0,,THPT
DKK,Đại học Kinh tế Kỹ thuật Công nghiệp Hà Nội,7540203,Công nghệ vật liệu dệt. may,A00,2025,20.0,,THPT
DKK,Đại học Kinh tế Kỹ thuật Công nghiệp Hà Nội,7540203,Công nghệ vật liệu dệt. may,A01,2025,20.0,,THPT
DKK,Đại học Kinh tế Kỹ thuật Công nghiệp Hà Nội,7540203,Công nghệ vật liệu dệt. may,B00,2025,20.0,,THPT
DKK,Đại học Kinh tế Kỹ thuật Công nghiệp Hà Nội,7540203,Công nghệ vật liệu dệt. may,D01,2025,20.0,,THPT
DKK,Đại học Kinh tế Kỹ thuật Công nghiệp Hà Nội,7540203,Công nghệ vật liệu dệt. may,D07,2025,20.0,,THPT
DKK,Trường Đại Học Kinh Tế Kỹ Thuật Công Nghiệp,7540203DKD,"Công nghệ vật liệu dệt, may (CS Nam Định)",A00,2025,20.0,,THPT
DKK,Trường Đại Học Kinh Tế Kỹ Thuật Công Nghiệp,7540203DKD,"Công nghệ vật liệu dệt, may (CS Nam Định)",A01,2025,20.0,,THPT
DKK,Trường Đại Học Kinh Tế Kỹ Thuật Công Nghiệp,7540203DKD,"Công nghệ vật liệu dệt, may (CS Nam Định)",B00,2025,20.0,,THPT
DKK,Trường Đại Học Kinh Tế Kỹ Thuật Công Nghiệp,7540203DKD,"Công nghệ vật liệu dệt, may (CS Nam Định)",D01,2025,20.0,,THPT
DKK,Trường Đại Học Kinh Tế Kỹ Thuật Công Nghiệp,7540203DKD,"Công nghệ vật liệu dệt, may (CS Nam Định)",D07,2025,20.0,,THPT
DKK,Trường Đại Học Kinh Tế Kỹ Thuật Công Nghiệp,7540203DKK,"Công nghệ vật liệu dệt, may (CS Hà Nội)",A00,2025,20.0,,THPT
DKK,Trường Đại Học Kinh Tế Kỹ Thuật Công Nghiệp,7540203DKK,"Công nghệ vật liệu dệt, may (CS Hà Nội)",A01,2025,20.0,,THPT
DKK,Trường Đại Học Kinh Tế Kỹ Thuật Công Nghiệp,7540203DKK,"Công nghệ vật liệu dệt, may (CS Hà Nội)",B00,2025,20.0,,THPT
DKK,Trường Đại Học Kinh Tế Kỹ Thuật Công Nghiệp,7540203DKK,"Công nghệ vật liệu dệt, may (CS Hà Nội)",D01,2025,20.0,,THPT
DKK,Trường Đại Học Kinh Tế Kỹ Thuật Công Nghiệp,7540203DKK,"Công nghệ vật liệu dệt, may (CS Hà Nội)",D07,2025,20.0,,THPT
DKK,Đại học Kinh tế Kỹ thuật Công nghiệp Hà Nội,7540204,Công nghệ may,A00,2025,21.5,,THPT
DKK,Đại học Kinh tế Kỹ thuật Công nghiệp Hà Nội,7540204,Công nghệ may,A01,2025,21.5,,THPT
DKK,Đại học Kinh tế Kỹ thuật Công nghiệp Hà Nội,7540204,Công nghệ may,B00,2025,21.5,,THPT
DKK,Đại học Kinh tế Kỹ thuật Công nghiệp Hà Nội,7540204,Công nghệ may,D01,2025,21.5,,THPT
DKK,Đại học Kinh tế Kỹ thuật Công nghiệp Hà Nội,7540204,Công nghệ may,D07,2025,21.5,,THPT
DKK,Trường Đại Học Kinh Tế Kỹ Thuật Công Nghiệp,7540204DKD,"Công nghệ dệt, may (CS Nam Định)",A00,2025,21.0,,THPT
DKK,Trường Đại Học Kinh Tế Kỹ Thuật Công Nghiệp,7540204DKD,"Công nghệ dệt, may (CS Nam Định)",A01,2025,21.0,,THPT
DKK,Trường Đại Học Kinh Tế Kỹ Thuật Công Nghiệp,7540204DKD,"Công nghệ dệt, may (CS Nam Định)",B00,2025,21.0,,THPT
DKK,Trường Đại Học Kinh Tế Kỹ Thuật Công Nghiệp,7540204DKD,"Công nghệ dệt, may (CS Nam Định)",D01,2025,21.0,,THPT
DKK,Trường Đại Học Kinh Tế Kỹ Thuật Công Nghiệp,7540204DKD,"Công nghệ dệt, may (CS Nam Định)",D07,2025,21.0,,THPT
DKK,Trường Đại Học Kinh Tế Kỹ Thuật Công Nghiệp,7540204DKK,"Công nghệ dệt, may (CS Hà Nội)",A00,2025,21.5,,THPT
DKK,Trường Đại Học Kinh Tế Kỹ Thuật Công Nghiệp,7540204DKK,"Công nghệ dệt, may (CS Hà Nội)",A01,2025,21.5,,THPT
DKK,Trường Đại Học Kinh Tế Kỹ Thuật Công Nghiệp,7540204DKK,"Công nghệ dệt, may (CS Hà Nội)",B00,2025,21.5,,THPT
DKK,Trường Đại Học Kinh Tế Kỹ Thuật Công Nghiệp,7540204DKK,"Công nghệ dệt, may (CS Hà Nội)",D01,2025,21.5,,THPT
DKK,Trường Đại Học Kinh Tế Kỹ Thuật Công Nghiệp,7540204DKK,"Công nghệ dệt, may (CS Hà Nội)",D07,2025,21.5,,THPT
DKK,Đại học Kinh tế Kỹ thuật Công nghiệp Hà Nội,7810103,Quản trị dịch vụ du lịch và lữ hành,C00,2025,25.0,,THPT
DKK,Đại học Kinh tế Kỹ thuật Công nghiệp Hà Nội,7810103,Quản trị dịch vụ du lịch và lữ hành,D01,2025,25.0,,THPT
DKK,Trường Đại Học Kinh Tế Kỹ Thuật Công Nghiệp,7810103DKD,Quản trị dịch vụ du lịch và lữ hành (CS Nam Định),C00,2025,23.5,,THPT
DKK,Trường Đại Học Kinh Tế Kỹ Thuật Công Nghiệp,7810103DKD,Quản trị dịch vụ du lịch và lữ hành (CS Nam Định),D01,2025,23.5,,THPT
DKK,Trường Đại Học Kinh Tế Kỹ Thuật Công Nghiệp,7810103DKK,Quản trị dịch vụ du lịch và lữ hành (CS Hà Nội),C00,2025,25.0,,THPT
DKK,Trường Đại Học Kinh Tế Kỹ Thuật Công Nghiệp,7810103DKK,Quản trị dịch vụ du lịch và lữ hành (CS Hà Nội),D01,2025,25.0,,THPT
DKK,Đại học Kinh tế Kỹ thuật Công nghiệp Hà Nội,7810201,Quản trị khách sạn,C00,2025,24.5,,THPT
DKK,Đại học Kinh tế Kỹ thuật Công nghiệp Hà Nội,7810201,Quản trị khách sạn,D01,2025,24.5,,THPT
DKK,Trường Đại Học Kinh Tế Kỹ Thuật Công Nghiệp,7810201DKD,Quản trị khách sạn (CS Nam Định),C00,2025,23.5,,THPT
DKK,Trường Đại Học Kinh Tế Kỹ Thuật Công Nghiệp,7810201DKD,Quản trị khách sạn (CS Nam Định),D01,2025,23.5,,THPT
DKK,Trường Đại Học Kinh Tế Kỹ Thuật Công Nghiệp,7810201DKK,Quản trị khách sạn (CS Hà Nội),C00,2025,24.5,,THPT
DKK,Trường Đại Học Kinh Tế Kỹ Thuật Công Nghiệp,7810201DKK,Quản trị khách sạn (CS Hà Nội),D01,2025,24.5,,THPT
DKS,Đại học Kiểm sát Hà Nội,7380101|00C03,Ngành Luật,A00,2025,23.55,,THPT
DKS,Đại học Kiểm sát Hà Nội,7380101|00C03,Ngành Luật,A01,2025,23.55,,THPT
DKS,Đại học Kiểm sát Hà Nội,7380101|00C03,Ngành Luật,D01,2025,23.55,,THPT
DKS,Đại học Kiểm sát Hà Nội,7380101|00C03,Ngành Luật,D07,2025,23.55,,THPT
DKS,Đại học Kiểm sát Hà Nội,7380101|00C03,Ngành Luật,D09,2025,23.55,,THPT
DKS,Đại học Kiểm sát Hà Nội,7380101|11A00,Luật (Nữ - Phía Bắc),A00,2025,25.5,,THPT
DKS,Đại học Kiểm sát Hà Nội,7380101|11A00,Luật (Nữ - Phía Bắc),A01,2025,25.5,,THPT
DKS,Đại học Kiểm sát Hà Nội,7380101|11A00,Luật (Nữ - Phía Bắc),D01,2025,25.5,,THPT
DKS,Đại học Kiểm sát Hà Nội,7380101|11A00,Luật (Nữ - Phía Bắc),D07,2025,25.5,,THPT
DKS,Đại học Kiểm sát Hà Nội,7380101|11A00,Luật (Nữ - Phía Bắc),D09,2025,25.5,,THPT
DKS,Đại học Kiểm sát Hà Nội,7380101|12A00,Luật (Nữ - Phía Nam),A00,2025,22.0,,THPT
DKS,Đại học Kiểm sát Hà Nội,7380101|12A00,Luật (Nữ - Phía Nam),A01,2025,22.0,,THPT
DKS,Đại học Kiểm sát Hà Nội,7380101|12A00,Luật (Nữ - Phía Nam),D01,2025,22.0,,THPT
DKS,Đại học Kiểm sát Hà Nội,7380101|12A00,Luật (Nữ - Phía Nam),D07,2025,22.0,,THPT
DKS,Đại học Kiểm sát Hà Nội,7380101|12A00,Luật (Nữ - Phía Nam),D09,2025,22.0,,THPT
DKS,Đại học Kiểm sát Hà Nội,7380101|21A00,Luật (Nam - Phía Bắc),A00,2025,23.96,,THPT
DKS,Đại học Kiểm sát Hà Nội,7380101|21A00,Luật (Nam - Phía Bắc),A01,2025,23.96,,THPT
DKS,Đại học Kiểm sát Hà Nội,7380101|21A00,Luật (Nam - Phía Bắc),D01,2025,23.96,,THPT
DKS,Đại học Kiểm sát Hà Nội,7380101|21A00,Luật (Nam - Phía Bắc),D07,2025,23.96,,THPT
DKS,Đại học Kiểm sát Hà Nội,7380101|21A00,Luật (Nam - Phía Bắc),D09,2025,23.96,,THPT
DKS,Đại học Kiểm sát Hà Nội,7380101|22A00,Luật (Nam - Phía Nam),A00,2025,20.5,,THPT
DKS,Đại học Kiểm sát Hà Nội,7380101|22A00,Luật (Nam - Phía Nam),A01,2025,20.5,,THPT
DKS,Đại học Kiểm sát Hà Nội,7380101|22A00,Luật (Nam - Phía Nam),D01,2025,20.5,,THPT
DKS,Đại học Kiểm sát Hà Nội,7380101|22A00,Luật (Nam - Phía Nam),D07,2025,20.5,,THPT
DKS,Đại học Kiểm sát Hà Nội,7380101|22A00,Luật (Nam - Phía Nam),D09,2025,20.5,,THPT
DKS,Đại học Kiểm sát Hà Nội,7380107|00A01,Luật kinh tế,A00,2025,23.42,,THPT
DKS,Đại học Kiểm sát Hà Nội,7380107|00A01,Luật kinh tế,A01,2025,23.42,,THPT
DKS,Đại học Kiểm sát Hà Nội,7380107|00A01,Luật kinh tế,D01,2025,23.42,,THPT
DKS,Đại học Kiểm sát Hà Nội,7380107|00A01,Luật kinh tế,D07,2025,23.42,,THPT
DKS,Đại học Kiểm sát Hà Nội,7380107|00A01,Luật kinh tế,D09,2025,23.42,,THPT
DKS,Trường Đại học Kiểm Sát ,DKS-KS1,"Luật Kiểm Sát (GT: Nam, miền Bắc)",A00,2025,25.33,,THPT
DKS,Trường Đại học Kiểm Sát ,DKS-KS1,"Luật Kiểm Sát (GT: Nam, miền Bắc)",A00,2025,25.33,,THPT
DKS,Trường Đại học Kiểm Sát ,DKS-KS1,"Luật Kiểm Sát (GT: Nam, miền Bắc)",A01,2025,25.33,,THPT
DKS,Trường Đại học Kiểm Sát ,DKS-KS1,"Luật Kiểm Sát (GT: Nam, miền Bắc)",A01,2025,25.33,,THPT
DKS,Trường Đại học Kiểm Sát ,DKS-KS1,"Luật Kiểm Sát (GT: Nam, miền Bắc)",D01,2025,25.33,,THPT
DKS,Trường Đại học Kiểm Sát ,DKS-KS1,"Luật Kiểm Sát (GT: Nam, miền Bắc)",D01,2025,25.33,,THPT
DKS,Trường Đại học Kiểm Sát ,DKS-KS1,"Luật Kiểm Sát (GT: Nam, miền Bắc)",D07,2025,25.33,,THPT
DKS,Trường Đại học Kiểm Sát ,DKS-KS1,"Luật Kiểm Sát (GT: Nam, miền Bắc)",D07,2025,25.33,,THPT
DKS,Trường Đại học Kiểm Sát ,DKS-KS1,"Luật Kiểm Sát (GT: Nam, miền Bắc)",D09,2025,25.33,,THPT
DKS,Trường Đại học Kiểm Sát ,DKS-KS1,"Luật Kiểm Sát (GT: Nam, miền Bắc)",D09,2025,25.33,,THPT
DKS,Trường Đại học Kiểm Sát ,DKS-KS2,"Luật Kiểm Sát (GT: Nữ, miền Bắc)",A00,2025,27.2,,THPT
DKS,Trường Đại học Kiểm Sát ,DKS-KS2,"Luật Kiểm Sát (GT: Nữ, miền Bắc)",A00,2025,27.2,,THPT
DKS,Trường Đại học Kiểm Sát ,DKS-KS2,"Luật Kiểm Sát (GT: Nữ, miền Bắc)",A01,2025,27.2,,THPT
DKS,Trường Đại học Kiểm Sát ,DKS-KS2,"Luật Kiểm Sát (GT: Nữ, miền Bắc)",A01,2025,27.2,,THPT
DKS,Trường Đại học Kiểm Sát ,DKS-KS2,"Luật Kiểm Sát (GT: Nữ, miền Bắc)",D01,2025,27.2,,THPT
DKS,Trường Đại học Kiểm Sát ,DKS-KS2,"Luật Kiểm Sát (GT: Nữ, miền Bắc)",D01,2025,27.2,,THPT
DKS,Trường Đại học Kiểm Sát ,DKS-KS2,"Luật Kiểm Sát (GT: Nữ, miền Bắc)",D07,2025,27.2,,THPT
DKS,Trường Đại học Kiểm Sát ,DKS-KS2,"Luật Kiểm Sát (GT: Nữ, miền Bắc)",D07,2025,27.2,,THPT
DKS,Trường Đại học Kiểm Sát ,DKS-KS2,"Luật Kiểm Sát (GT: Nữ, miền Bắc)",D09,2025,27.2,,THPT
DKS,Trường Đại học Kiểm Sát ,DKS-KS2,"Luật Kiểm Sát (GT: Nữ, miền Bắc)",D09,2025,27.2,,THPT
DKS,Trường Đại học Kiểm Sát ,DKS-KS3,"Luật Kiểm Sát (GT: Nam, miền Nam)",A00,2025,20.78,,THPT
DKS,Trường Đại học Kiểm Sát ,DKS-KS3,"Luật Kiểm Sát (GT: Nam, miền Nam)",A00,2025,20.78,,THPT
DKS,Trường Đại học Kiểm Sát ,DKS-KS3,"Luật Kiểm Sát (GT: Nam, miền Nam)",A01,2025,20.78,,THPT
DKS,Trường Đại học Kiểm Sát ,DKS-KS3,"Luật Kiểm Sát (GT: Nam, miền Nam)",A01,2025,20.78,,THPT
DKS,Trường Đại học Kiểm Sát ,DKS-KS3,"Luật Kiểm Sát (GT: Nam, miền Nam)",D01,2025,20.78,,THPT
DKS,Trường Đại học Kiểm Sát ,DKS-KS3,"Luật Kiểm Sát (GT: Nam, miền Nam)",D01,2025,20.78,,THPT
DKS,Trường Đại học Kiểm Sát ,DKS-KS3,"Luật Kiểm Sát (GT: Nam, miền Nam)",D07,2025,20.78,,THPT
DKS,Trường Đại học Kiểm Sát ,DKS-KS3,"Luật Kiểm Sát (GT: Nam, miền Nam)",D07,2025,20.78,,THPT
DKS,Trường Đại học Kiểm Sát ,DKS-KS3,"Luật Kiểm Sát (GT: Nam, miền Nam)",D09,2025,20.78,,THPT
DKS,Trường Đại học Kiểm Sát ,DKS-KS3,"Luật Kiểm Sát (GT: Nam, miền Nam)",D09,2025,20.78,,THPT
DKS,Trường Đại học Kiểm Sát ,DKS-KS4,"Luật Kiểm Sát (GT: Nữ, miền Nam)",A00,2025,23.7,,THPT
DKS,Trường Đại học Kiểm Sát ,DKS-KS4,"Luật Kiểm Sát (GT: Nữ, miền Nam)",A00,2025,23.7,,THPT
DKS,Trường Đại học Kiểm Sát ,DKS-KS4,"Luật Kiểm Sát (GT: Nữ, miền Nam)",A01,2025,23.7,,THPT
DKS,Trường Đại học Kiểm Sát ,DKS-KS4,"Luật Kiểm Sát (GT: Nữ, miền Nam)",A01,2025,23.7,,THPT
DKS,Trường Đại học Kiểm Sát ,DKS-KS4,"Luật Kiểm Sát (GT: Nữ, miền Nam)",D01,2025,23.7,,THPT
DKS,Trường Đại học Kiểm Sát ,DKS-KS4,"Luật Kiểm Sát (GT: Nữ, miền Nam)",D01,2025,23.7,,THPT
DKS,Trường Đại học Kiểm Sát ,DKS-KS4,"Luật Kiểm Sát (GT: Nữ, miền Nam)",D07,2025,23.7,,THPT
DKS,Trường Đại học Kiểm Sát ,DKS-KS4,"Luật Kiểm Sát (GT: Nữ, miền Nam)",D07,2025,23.7,,THPT
DKS,Trường Đại học Kiểm Sát ,DKS-KS4,"Luật Kiểm Sát (GT: Nữ, miền Nam)",D09,2025,23.7,,THPT
DKS,Trường Đại học Kiểm Sát ,DKS-KS4,"Luật Kiểm Sát (GT: Nữ, miền Nam)",D09,2025,23.7,,THPT
DKS,Trường Đại học Kiểm Sát ,DKS-LKT,Luật Kinh Tế,A00,2025,23.09,,THPT
DKS,Trường Đại học Kiểm Sát ,DKS-LKT,Luật Kinh Tế,A00,2025,23.09,,THPT
DKS,Trường Đại học Kiểm Sát ,DKS-LKT,Luật Kinh Tế,A01,2025,23.09,,THPT
DKS,Trường Đại học Kiểm Sát ,DKS-LKT,Luật Kinh Tế,A01,2025,23.09,,THPT
DKS,Trường Đại học Kiểm Sát ,DKS-LKT,Luật Kinh Tế,D01,2025,23.09,,THPT
DKS,Trường Đại học Kiểm Sát ,DKS-LKT,Luật Kinh Tế,D01,2025,23.09,,THPT
DKS,Trường Đại học Kiểm Sát ,DKS-LKT,Luật Kinh Tế,D07,2025,23.09,,THPT
DKS,Trường Đại học Kiểm Sát ,DKS-LKT,Luật Kinh Tế,D07,2025,23.09,,THPT
DKS,Trường Đại học Kiểm Sát ,DKS-LKT,Luật Kinh Tế,D09,2025,23.09,,THPT
DKS,Trường Đại học Kiểm Sát ,DKS-LKT,Luật Kinh Tế,D09,2025,23.09,,THPT
DKS,Trường Đại học Kiểm Sát ,DKS-LUAT,Luật,A00,2025,25.25,,THPT
DKS,Trường Đại học Kiểm Sát ,DKS-LUAT,Luật,A00,2025,25.25,,THPT
DKS,Trường Đại học Kiểm Sát ,DKS-LUAT,Luật,A01,2025,25.25,,THPT
DKS,Trường Đại học Kiểm Sát ,DKS-LUAT,Luật,A01,2025,25.25,,THPT
DKS,Trường Đại học Kiểm Sát ,DKS-LUAT,Luật,D01,2025,25.25,,THPT
DKS,Trường Đại học Kiểm Sát ,DKS-LUAT,Luật,D01,2025,25.25,,THPT
DKS,Trường Đại học Kiểm Sát ,DKS-LUAT,Luật,D07,2025,25.25,,THPT
DKS,Trường Đại học Kiểm Sát ,DKS-LUAT,Luật,D07,2025,25.25,,THPT
DKS,Trường Đại học Kiểm Sát ,DKS-LUAT,Luật,D09,2025,25.25,,THPT
DKS,Trường Đại học Kiểm Sát ,DKS-LUAT,Luật,D09,2025,25.25,,THPT
DKT,Đại Học Hải Dương,51140201,Giáo dục Mầm non,C00,2025,24.03,,THPT
DKT,Trường Đại Học Hải Dương,51140201,Giáo dục Mầm non (CĐ),C00,2025,24.03,,THPT
DKT,Trường Đại Học Hải Dương,51140201,Giáo dục Mầm non (CĐ),D01,2025,24.03,,THPT
DKT,Đại Học Hải Dương,51140201,Giáo dục Mầm non,D01,2025,24.03,,THPT
DKT,Đại Học Hải Dương,7140201,Giáo dục Mầm non,C00,2025,25.73,,THPT
DKT,Trường Đại Học Hải Dương,7140201,Giáo dục Mầm non (ĐH),C00,2025,25.73,,THPT
DKT,Trường Đại Học Hải Dương,7140201,Giáo dục Mầm non (ĐH),D01,2025,25.73,,THPT
DKT,Đại Học Hải Dương,7140201,Giáo dục Mầm non,D01,2025,25.73,,THPT
DKT,Đại Học Hải Dương,7140202,Giáo dục Tiểu học,A00,2025,23.85,,THPT
DKT,Trường Đại Học Hải Dương,7140202,Giáo dục Tiểu học,A00,2025,23.85,,THPT
DKT,Trường Đại Học Hải Dương,7140202,Giáo dục Tiểu học,A00,2025,23.85,,THPT
DKT,Trường Đại Học Hải Dương,7140202,Giáo dục Tiểu học,A01,2025,23.85,,THPT
DKT,Trường Đại Học Hải Dương,7140202,Giáo dục Tiểu học,A01,2025,23.85,,THPT
DKT,Đại Học Hải Dương,7140202,Giáo dục Tiểu học,A01,2025,23.85,,THPT
DKT,Trường Đại Học Hải Dương,7140202,Giáo dục Tiểu học,D01,2025,23.85,,THPT
DKT,Trường Đại Học Hải Dương,7140202,Giáo dục Tiểu học,D01,2025,23.85,,THPT
DKT,Đại Học Hải Dương,7140202,Giáo dục Tiểu học,D01,2025,23.85,,THPT
DKT,Trường Đại Học Hải Dương,7140205,Giáo dục Chính trị,A00,2025,25.73,,THPT
DKT,Trường Đại Học Hải Dương,7140205,Giáo dục Chính trị,C00,2025,25.73,,THPT
DKT,Trường Đại Học Hải Dương,7140205,Giáo dục Chính trị,D01,2025,25.73,,THPT
DKT,Đại Học Hải Dương,7140209,Sư phạm Toán học,A00,2025,23.77,,THPT
DKT,Trường Đại Học Hải Dương,7140209,Sư phạm Toán học,A00,2025,23.77,,THPT
DKT,Trường Đại Học Hải Dương,7140209,Sư phạm Toán học,A00,2025,23.77,,THPT
DKT,Trường Đại Học Hải Dương,7140209,Sư phạm Toán học,A01,2025,23.77,,THPT
DKT,Trường Đại Học Hải Dương,7140209,Sư phạm Toán học,A01,2025,23.77,,THPT
DKT,Đại Học Hải Dương,7140209,Sư phạm Toán học,A01,2025,23.77,,THPT
DKT,Trường Đại Học Hải Dương,7140209,Sư phạm Toán học,B00,2025,23.77,,THPT
DKT,Trường Đại Học Hải Dương,7140209,Sư phạm Toán học,B00,2025,23.77,,THPT
DKT,Đại Học Hải Dương,7140209,Sư phạm Toán học,B00,2025,23.77,,THPT
DKT,Trường Đại Học Hải Dương,7140209,Sư phạm Toán học,D01,2025,23.77,,THPT
DKT,Trường Đại Học Hải Dương,7140209,Sư phạm Toán học,D01,2025,23.77,,THPT
DKT,Đại Học Hải Dương,7140209,Sư phạm Toán học,D01,2025,23.77,,THPT
DKT,Trường Đại Học Hải Dương,7140209,Sư phạm Toán học,D07,2025,23.77,,THPT
DKT,Trường Đại Học Hải Dương,7140209,Sư phạm Toán học,D07,2025,23.77,,THPT
DKT,Đại Học Hải Dương,7140209,Sư phạm Toán học,D07,2025,23.77,,THPT
DKT,Đại Học Hải Dương,7140210,Sư phạm Tin học (Chuyên ngành Tin học – Công nghệ Tiểu học),A00,2025,22.2,,THPT
DKT,Trường Đại Học Hải Dương,7140210,Sư phạm Tin học,A00,2025,22.2,,THPT
DKT,Trường Đại Học Hải Dương,7140210,Sư phạm Tin học,A00,2025,22.2,,THPT
DKT,Trường Đại Học Hải Dương,7140210,Sư phạm Tin học,A01,2025,22.2,,THPT
DKT,Trường Đại Học Hải Dương,7140210,Sư phạm Tin học,A01,2025,22.2,,THPT
DKT,Đại Học Hải Dương,7140210,Sư phạm Tin học (Chuyên ngành Tin học – Công nghệ Tiểu học),A01,2025,22.2,,THPT
DKT,Trường Đại Học Hải Dương,7140210,Sư phạm Tin học,B00,2025,22.2,,THPT
DKT,Trường Đại Học Hải Dương,7140210,Sư phạm Tin học,B00,2025,22.2,,THPT
DKT,Đại Học Hải Dương,7140210,Sư phạm Tin học (Chuyên ngành Tin học – Công nghệ Tiểu học),B00,2025,22.2,,THPT
DKT,Trường Đại Học Hải Dương,7140210,Sư phạm Tin học,D01,2025,22.2,,THPT
DKT,Trường Đại Học Hải Dương,7140210,Sư phạm Tin học,D01,2025,22.2,,THPT
DKT,Đại Học Hải Dương,7140210,Sư phạm Tin học (Chuyên ngành Tin học – Công nghệ Tiểu học),D01,2025,22.2,,THPT
DKT,Đại Học Hải Dương,7140211,Sư phạm Vật lý,A00,2025,23.21,,THPT
DKT,Trường Đại Học Hải Dương,7140211,Sư phạm Vật lý,A00,2025,23.21,,THPT
DKT,Trường Đại Học Hải Dương,7140211,Sư phạm Vật lý,A00,2025,23.21,,THPT
DKT,Trường Đại Học Hải Dương,7140211,Sư phạm Vật lý,A01,2025,23.21,,THPT
DKT,Trường Đại Học Hải Dương,7140211,Sư phạm Vật lý,A01,2025,23.21,,THPT
DKT,Đại Học Hải Dương,7140211,Sư phạm Vật lý,A01,2025,23.21,,THPT
DKT,Đại Học Hải Dương,7140212,Sư phạm Hóa học,A00,2025,21.8,,THPT
DKT,Trường Đại Học Hải Dương,7140212,Sư phạm Hoá học,A00,2025,21.8,,THPT
DKT,Trường Đại Học Hải Dương,7140212,Sư phạm Hoá học,B00,2025,21.8,,THPT
DKT,Đại Học Hải Dương,7140212,Sư phạm Hóa học,B00,2025,21.8,,THPT
DKT,Trường Đại Học Hải Dương,7140212,Sư phạm Hoá học,D07,2025,21.8,,THPT
DKT,Đại Học Hải Dương,7140212,Sư phạm Hóa học,D07,2025,21.8,,THPT
DKT,Trường Đại Học Hải Dương,7140213,Sư phạm Sinh học,B00,2025,19.75,,THPT
DKT,Đại Học Hải Dương,7140213,Sư phạm Sinh học,B00,2025,19.75,,THPT
DKT,Đại Học Hải Dương,7140217,Sư phạm Ngữ văn,C00,2025,26.47,,THPT
DKT,Trường Đại Học Hải Dương,7140217,Sư phạm Ngữ văn,C00,2025,26.47,,THPT
DKT,Trường Đại Học Hải Dương,7140217,Sư phạm Ngữ văn,C00,2025,26.47,,THPT
DKT,Trường Đại Học Hải Dương,7140217,Sư phạm Ngữ văn,D01,2025,26.47,,THPT
DKT,Trường Đại Học Hải Dương,7140217,Sư phạm Ngữ văn,D01,2025,26.47,,THPT
DKT,Đại Học Hải Dương,7140217,Sư phạm Ngữ văn,D01,2025,26.47,,THPT
DKT,Trường Đại Học Hải Dương,7140218,Sư phạm Lịch sử,C00,2025,26.83,,THPT
DKT,Trường Đại Học Hải Dương,7140218,Sư phạm Lịch sử,C00,2025,26.83,,THPT
DKT,Đại Học Hải Dương,7140218,Sư phạm Lịch sử,C00,2025,26.83,,THPT
DKT,Trường Đại Học Hải Dương,7140218,Sư phạm Lịch sử,D09,2025,26.83,,THPT
DKT,Trường Đại Học Hải Dương,7140218,Sư phạm Lịch sử,D09,2025,26.83,,THPT
DKT,Đại Học Hải Dương,7140218,Sư phạm Lịch sử,D09,2025,26.83,,THPT
DKT,Trường Đại Học Hải Dương,7140219,Sư phạm Địa lý,C00,2025,26.67,,THPT
DKT,Đại Học Hải Dương,7140219,Sư phạm Địa lý,C00,2025,26.67,,THPT
DKT,Trường Đại Học Hải Dương,7140219,Sư phạm Địa lý,D10,2025,26.67,,THPT
DKT,Đại Học Hải Dương,7140219,Sư phạm Địa lý,D10,2025,26.67,,THPT
DKT,Đại Học Hải Dương,7140231,Sư phạm Tiếng Anh,A01,2025,24.44,,THPT
DKT,Trường Đại Học Hải Dương,7140231,Sư phạm Tiếng Anh,A01,2025,24.44,,THPT
DKT,Trường Đại Học Hải Dương,7140231,Sư phạm Tiếng Anh,A01,2025,24.44,,THPT
DKT,Trường Đại Học Hải Dương,7140231,Sư phạm Tiếng Anh,D01,2025,24.44,,THPT
DKT,Trường Đại Học Hải Dương,7140231,Sư phạm Tiếng Anh,D01,2025,24.44,,THPT
DKT,Đại Học Hải Dương,7140231,Sư phạm Tiếng Anh,D01,2025,24.44,,THPT
DKT,Trường Đại Học Hải Dương,7140231,Sư phạm Tiếng Anh,D07,2025,24.44,,THPT
DKT,Trường Đại Học Hải Dương,7140231,Sư phạm Tiếng Anh,D07,2025,24.44,,THPT
DKT,Đại Học Hải Dương,7140231,Sư phạm Tiếng Anh,D07,2025,24.44,,THPT
DKT,Đại Học Hải Dương,7140246,Sư phạm công nghệ,A00,2025,19.5,,THPT
DKT,Trường Đại Học Hải Dương,7140246,Sư phạm công nghệ,A00,2025,19.5,,THPT
DKT,Trường Đại Học Hải Dương,7140246,Sư phạm công nghệ,A00,2025,19.5,,THPT
DKT,Trường Đại Học Hải Dương,7140246,Sư phạm công nghệ,A01,2025,19.5,,THPT
DKT,Trường Đại Học Hải Dương,7140246,Sư phạm công nghệ,A01,2025,19.5,,THPT
DKT,Đại Học Hải Dương,7140246,Sư phạm công nghệ,A01,2025,19.5,,THPT
DKT,Trường Đại Học Hải Dương,7140246,Sư phạm công nghệ,B00,2025,19.5,,THPT
DKT,Trường Đại Học Hải Dương,7140246,Sư phạm công nghệ,B00,2025,19.5,,THPT
DKT,Đại Học Hải Dương,7140246,Sư phạm công nghệ,B00,2025,19.5,,THPT
DKT,Trường Đại Học Hải Dương,7140246,Sư phạm công nghệ,D01,2025,19.5,,THPT
DKT,Trường Đại Học Hải Dương,7140246,Sư phạm công nghệ,D01,2025,19.5,,THPT
DKT,Đại Học Hải Dương,7140246,Sư phạm công nghệ,D01,2025,19.5,,THPT
DKT,Trường Đại Học Hải Dương,7140246,Sư phạm công nghệ,D07,2025,19.5,,THPT
DKT,Đại Học Hải Dương,7140246,Sư phạm công nghệ,D07,2025,19.5,,THPT
DKT,Đại Học Hải Dương,7140247,Sư phạm khoa học tự nhiên,A00,2025,22.55,,THPT
DKT,Trường Đại Học Hải Dương,7140247,Sư phạm khoa học tự nhiên,A00,2025,22.55,,THPT
DKT,Trường Đại Học Hải Dương,7140247,Sư phạm khoa học tự nhiên,A00,2025,22.55,,THPT
DKT,Trường Đại Học Hải Dương,7140247,Sư phạm khoa học tự nhiên,A01,2025,22.55,,THPT
DKT,Trường Đại Học Hải Dương,7140247,Sư phạm khoa học tự nhiên,A01,2025,22.55,,THPT
DKT,Đại Học Hải Dương,7140247,Sư phạm khoa học tự nhiên,A01,2025,22.55,,THPT
DKT,Trường Đại Học Hải Dương,7140247,Sư phạm khoa học tự nhiên,B00,2025,22.55,,THPT
DKT,Trường Đại Học Hải Dương,7140247,Sư phạm khoa học tự nhiên,B00,2025,22.55,,THPT
DKT,Đại Học Hải Dương,7140247,Sư phạm khoa học tự nhiên,B00,2025,22.55,,THPT
DKT,Trường Đại Học Hải Dương,7140247,Sư phạm khoa học tự nhiên,D01,2025,22.55,,THPT
DKT,Trường Đại Học Hải Dương,7140247,Sư phạm khoa học tự nhiên,D01,2025,22.55,,THPT
DKT,Đại Học Hải Dương,7140247,Sư phạm khoa học tự nhiên,D01,2025,22.55,,THPT
DKT,Trường Đại Học Hải Dương,7140247,Sư phạm khoa học tự nhiên,D07,2025,22.55,,THPT
DKT,Trường Đại Học Hải Dương,7140247,Sư phạm khoa học tự nhiên,D07,2025,22.55,,THPT
DKT,Đại Học Hải Dương,7140247,Sư phạm khoa học tự nhiên,D07,2025,22.55,,THPT
DKT,Đại Học Hải Dương,7220201,Ngôn ngữ Anh,A01,2025,15.0,,THPT
DKT,Trường Đại Học Hải Dương,7220201,Ngôn ngữ Anh,A01,2025,15.0,,THPT
DKT,Trường Đại Học Hải Dương,7220201,Ngôn ngữ Anh,D01,2025,15.0,,THPT
DKT,Đại Học Hải Dương,7220201,Ngôn ngữ Anh,D01,2025,15.0,,THPT
DKT,Trường Đại Học Hải Dương,7220201,Ngôn ngữ Anh,D09,2025,15.0,,THPT
DKT,Đại Học Hải Dương,7220201,Ngôn ngữ Anh,D09,2025,15.0,,THPT
DKT,Trường Đại Học Hải Dương,7220201,Ngôn ngữ Anh,D10,2025,15.0,,THPT
DKT,Đại Học Hải Dương,7220201,Ngôn ngữ Anh,D10,2025,15.0,,THPT
DKT,Đại Học Hải Dương,7229030,Văn học,C00,2025,21.15,,THPT
DKT,Trường Đại Học Hải Dương,7229030,Văn học,C00,2025,21.15,,THPT
DKT,Trường Đại Học Hải Dương,7229030,Văn học,C00,2025,21.15,,THPT
DKT,Trường Đại Học Hải Dương,7229030,Văn học,D01,2025,21.15,,THPT
DKT,Trường Đại Học Hải Dương,7229030,Văn học,D01,2025,21.15,,THPT
DKT,Đại Học Hải Dương,7229030,Văn học,D01,2025,21.15,,THPT
DKT,Đại Học Hải Dương,7310101,Kinh tế,A00,2025,15.0,,THPT
DKT,Trường Đại Học Hải Dương,7310101,Kinh tế,A00,2025,15.0,,THPT
DKT,Trường Đại Học Hải Dương,7310101,Kinh tế,A00,2025,15.0,,THPT
DKT,Trường Đại Học Hải Dương,7310101,Kinh tế,A01,2025,15.0,,THPT
DKT,Trường Đại Học Hải Dương,7310101,Kinh tế,A01,2025,15.0,,THPT
DKT,Đại Học Hải Dương,7310101,Kinh tế,A01,2025,15.0,,THPT
DKT,Trường Đại Học Hải Dương,7310101,Kinh tế,D01,2025,15.0,,THPT
DKT,Trường Đại Học Hải Dương,7310101,Kinh tế,D01,2025,15.0,,THPT
DKT,Đại Học Hải Dương,7310101,Kinh tế,D01,2025,15.0,,THPT
DKT,Đại Học Hải Dương,7340101,Quản trị Kinh doanh,A00,2025,15.0,,THPT
DKT,Trường Đại Học Hải Dương,7340101,Quản trị kinh doanh,A00,2025,15.0,,THPT
DKT,Trường Đại Học Hải Dương,7340101,Quản trị kinh doanh,A00,2025,15.0,,THPT
DKT,Trường Đại Học Hải Dương,7340101,Quản trị kinh doanh,A01,2025,15.0,,THPT
DKT,Trường Đại Học Hải Dương,7340101,Quản trị kinh doanh,A01,2025,15.0,,THPT
DKT,Đại Học Hải Dương,7340101,Quản trị Kinh doanh,A01,2025,15.0,,THPT
DKT,Trường Đại Học Hải Dương,7340101,Quản trị kinh doanh,D01,2025,15.0,,THPT
DKT,Trường Đại Học Hải Dương,7340101,Quản trị kinh doanh,D01,2025,15.0,,THPT
DKT,Đại Học Hải Dương,7340101,Quản trị Kinh doanh,D01,2025,15.0,,THPT
DKT,Đại Học Hải Dương,7340115,Marketing,A00,2025,15.0,,THPT
DKT,Trường Đại Học Hải Dương,7340115,Marketing,A00,2025,15.0,,THPT
DKT,Trường Đại Học Hải Dương,7340115,Marketing,A00,2025,15.0,,THPT
DKT,Trường Đại Học Hải Dương,7340115,Marketing,A01,2025,15.0,,THPT
DKT,Trường Đại Học Hải Dương,7340115,Marketing,A01,2025,15.0,,THPT
DKT,Đại Học Hải Dương,7340115,Marketing,A01,2025,15.0,,THPT
DKT,Trường Đại Học Hải Dương,7340115,Marketing,D01,2025,15.0,,THPT
DKT,Trường Đại Học Hải Dương,7340115,Marketing,D01,2025,15.0,,THPT
DKT,Đại Học Hải Dương,7340115,Marketing,D01,2025,15.0,,THPT
DKT,Đại Học Hải Dương,7340201,Tài chính – Ngân hàng,A00,2025,15.0,,THPT
DKT,Trường Đại Học Hải Dương,7340201,Tài chính - Ngân hàng,A00,2025,15.0,,THPT
DKT,Trường Đại Học Hải Dương,7340201,Tài chính - Ngân hàng,A00,2025,15.0,,THPT
DKT,Trường Đại Học Hải Dương,7340201,Tài chính - Ngân hàng,A01,2025,15.0,,THPT
DKT,Trường Đại Học Hải Dương,7340201,Tài chính - Ngân hàng,A01,2025,15.0,,THPT
DKT,Đại Học Hải Dương,7340201,Tài chính – Ngân hàng,A01,2025,15.0,,THPT
DKT,Trường Đại Học Hải Dương,7340201,Tài chính - Ngân hàng,D01,2025,15.0,,THPT
DKT,Trường Đại Học Hải Dương,7340201,Tài chính - Ngân hàng,D01,2025,15.0,,THPT
DKT,Đại Học Hải Dương,7340201,Tài chính – Ngân hàng,D01,2025,15.0,,THPT
DKT,Đại Học Hải Dương,7340301,Kế toán,A00,2025,15.0,,THPT
DKT,Trường Đại Học Hải Dương,7340301,Kế toán,A00,2025,15.0,,THPT
DKT,Trường Đại Học Hải Dương,7340301,Kế toán,A00,2025,15.0,,THPT
DKT,Trường Đại Học Hải Dương,7340301,Kế toán,A01,2025,15.0,,THPT
DKT,Trường Đại Học Hải Dương,7340301,Kế toán,A01,2025,15.0,,THPT
DKT,Đại Học Hải Dương,7340301,Kế toán,A01,2025,15.0,,THPT
DKT,Trường Đại Học Hải Dương,7340301,Kế toán,D01,2025,15.0,,THPT
DKT,Trường Đại Học Hải Dương,7340301,Kế toán,D01,2025,15.0,,THPT
DKT,Đại Học Hải Dương,7340301,Kế toán,D01,2025,15.0,,THPT
DKT,Đại Học Hải Dương,7340406,Quản trị văn phòng,A00,2025,15.0,,THPT
DKT,Trường Đại Học Hải Dương,7340406,Quản trị văn phòng,A00,2025,15.0,,THPT
DKT,Trường Đại Học Hải Dương,7340406,Quản trị văn phòng,A00,2025,15.0,,THPT
DKT,Trường Đại Học Hải Dương,7340406,Quản trị văn phòng,A01,2025,15.0,,THPT
DKT,Trường Đại Học Hải Dương,7340406,Quản trị văn phòng,A01,2025,15.0,,THPT
DKT,Đại Học Hải Dương,7340406,Quản trị văn phòng,A01,2025,15.0,,THPT
DKT,Trường Đại Học Hải Dương,7340406,Quản trị văn phòng,D01,2025,15.0,,THPT
DKT,Trường Đại Học Hải Dương,7340406,Quản trị văn phòng,D01,2025,15.0,,THPT
DKT,Đại Học Hải Dương,7340406,Quản trị văn phòng,D01,2025,15.0,,THPT
DKT,Đại Học Hải Dương,7460101,Toán học,A00,2025,20.5,,THPT
DKT,Trường Đại Học Hải Dương,7460101,Toán học,A00,2025,20.5,,THPT
DKT,Trường Đại Học Hải Dương,7460101,Toán học,A00,2025,20.5,,THPT
DKT,Trường Đại Học Hải Dương,7460101,Toán học,A01,2025,20.5,,THPT
DKT,Trường Đại Học Hải Dương,7460101,Toán học,A01,2025,20.5,,THPT
DKT,Đại Học Hải Dương,7460101,Toán học,A01,2025,20.5,,THPT
DKT,Trường Đại Học Hải Dương,7460101,Toán học,B00,2025,20.5,,THPT
DKT,Trường Đại Học Hải Dương,7460101,Toán học,B00,2025,20.5,,THPT
DKT,Đại Học Hải Dương,7460101,Toán học,B00,2025,20.5,,THPT
DKT,Trường Đại Học Hải Dương,7460101,Toán học,D01,2025,20.5,,THPT
DKT,Trường Đại Học Hải Dương,7460101,Toán học,D01,2025,20.5,,THPT
DKT,Đại Học Hải Dương,7460101,Toán học,D01,2025,20.5,,THPT
DKT,Trường Đại Học Hải Dương,7460101,Toán học,D07,2025,20.5,,THPT
DKT,Trường Đại Học Hải Dương,7460101,Toán học,D07,2025,20.5,,THPT
DKT,Đại Học Hải Dương,7460101,Toán học,D07,2025,20.5,,THPT
DKT,Đại Học Hải Dương,7480201,Công nghệ thông tin,A00,2025,15.0,,THPT
DKT,Trường Đại Học Hải Dương,7480201,Công nghệ thông tin,A00,2025,15.0,,THPT
DKT,Trường Đại Học Hải Dương,7480201,Công nghệ thông tin,A00,2025,15.0,,THPT
DKT,Trường Đại Học Hải Dương,7480201,Công nghệ thông tin,A01,2025,15.0,,THPT
DKT,Trường Đại Học Hải Dương,7480201,Công nghệ thông tin,A01,2025,15.0,,THPT
DKT,Đại Học Hải Dương,7480201,Công nghệ thông tin,A01,2025,15.0,,THPT
DKT,Trường Đại Học Hải Dương,7480201,Công nghệ thông tin,D01,2025,15.0,,THPT
DKT,Trường Đại Học Hải Dương,7480201,Công nghệ thông tin,D01,2025,15.0,,THPT
DKT,Đại Học Hải Dương,7480201,Công nghệ thông tin,D01,2025,15.0,,THPT
DKT,Đại Học Hải Dương,7510203,Công nghệ kỹ thuật cơ điện tử,A00,2025,15.0,,THPT
DKT,Trường Đại Học Hải Dương,7510203,Công nghệ kỹ thuật cơ - điện tử,A00,2025,15.0,,THPT
DKT,Trường Đại Học Hải Dương,7510203,Công nghệ kỹ thuật cơ - điện tử,A00,2025,15.0,,THPT
DKT,Trường Đại Học Hải Dương,7510203,Công nghệ kỹ thuật cơ - điện tử,A01,2025,15.0,,THPT
DKT,Trường Đại Học Hải Dương,7510203,Công nghệ kỹ thuật cơ - điện tử,A01,2025,15.0,,THPT
DKT,Đại Học Hải Dương,7510203,Công nghệ kỹ thuật cơ điện tử,A01,2025,15.0,,THPT
DKT,Trường Đại Học Hải Dương,7510203,Công nghệ kỹ thuật cơ - điện tử,D07,2025,15.0,,THPT
DKT,Trường Đại Học Hải Dương,7510203,Công nghệ kỹ thuật cơ - điện tử,D07,2025,15.0,,THPT
DKT,Đại Học Hải Dương,7510203,Công nghệ kỹ thuật cơ điện tử,D07,2025,15.0,,THPT
DKT,Đại Học Hải Dương,7510302,Điện tử - viễn thông,A00,2025,15.0,,THPT
DKT,Trường Đại Học Hải Dương,7510302,Công nghệ Kỹ thuật Điện tử - Viễn thông,A00,2025,15.0,,THPT
DKT,Trường Đại Học Hải Dương,7510302,Công nghệ Kỹ thuật Điện tử - Viễn thông,A00,2025,15.0,,THPT
DKT,Trường Đại Học Hải Dương,7510302,Công nghệ Kỹ thuật Điện tử - Viễn thông,A01,2025,15.0,,THPT
DKT,Trường Đại Học Hải Dương,7510302,Công nghệ Kỹ thuật Điện tử - Viễn thông,A01,2025,15.0,,THPT
DKT,Đại Học Hải Dương,7510302,Điện tử - viễn thông,A01,2025,15.0,,THPT
DKT,Trường Đại Học Hải Dương,7510302,Công nghệ Kỹ thuật Điện tử - Viễn thông,D01,2025,15.0,,THPT
DKT,Trường Đại Học Hải Dương,7510302,Công nghệ Kỹ thuật Điện tử - Viễn thông,D01,2025,15.0,,THPT
DKT,Đại Học Hải Dương,7510302,Điện tử - viễn thông,D01,2025,15.0,,THPT
DKT,Đại Học Hải Dương,7520201,Kỹ thuật điện,A00,2025,15.0,,THPT
DKT,Trường Đại Học Hải Dương,7520201,Kỹ thuật điện,A00,2025,15.0,,THPT
DKT,Trường Đại Học Hải Dương,7520201,Kỹ thuật điện,A00,2025,15.0,,THPT
DKT,Trường Đại Học Hải Dương,7520201,Kỹ thuật điện,A01,2025,15.0,,THPT
DKT,Trường Đại Học Hải Dương,7520201,Kỹ thuật điện,A01,2025,15.0,,THPT
DKT,Đại Học Hải Dương,7520201,Kỹ thuật điện,A01,2025,15.0,,THPT
DKT,Trường Đại Học Hải Dương,7520201,Kỹ thuật điện,D01,2025,15.0,,THPT
DKT,Trường Đại Học Hải Dương,7520201,Kỹ thuật điện,D01,2025,15.0,,THPT
DKT,Đại Học Hải Dương,7520201,Kỹ thuật điện,D01,2025,15.0,,THPT
DKT,Đại Học Hải Dương,7760103,Hỗ trợ giáo dục người khuyết tật,A00,2025,15.0,,THPT
DKT,Trường Đại Học Hải Dương,7760103,Hỗ trợ giáo dục người khuyết tật,A00,2025,15.0,,THPT
DKT,Trường Đại Học Hải Dương,7760103,Hỗ trợ giáo dục người khuyết tật,B00,2025,15.0,,THPT
DKT,Đại Học Hải Dương,7760103,Hỗ trợ giáo dục người khuyết tật,B00,2025,15.0,,THPT
DKT,Trường Đại Học Hải Dương,7760103,Hỗ trợ giáo dục người khuyết tật,C00,2025,15.0,,THPT
DKT,Đại Học Hải Dương,7760103,Hỗ trợ giáo dục người khuyết tật,C00,2025,15.0,,THPT
DKT,Trường Đại Học Hải Dương,7760103,Hỗ trợ giáo dục người khuyết tật,D01,2025,15.0,,THPT
DKT,Đại Học Hải Dương,7760103,Hỗ trợ giáo dục người khuyết tật,D01,2025,15.0,,THPT
DKT,Đại Học Hải Dương,7810103,Quản trị dịch vụ du lịch và lữ hành,A00,2025,15.0,,THPT
DKT,Trường Đại Học Hải Dương,7810103,Quản trị dịch vụ Du lịch và Lữ hành,A00,2025,15.0,,THPT
DKT,Trường Đại Học Hải Dương,7810103,Quản trị dịch vụ Du lịch và Lữ hành,A01,2025,15.0,,THPT
DKT,Đại Học Hải Dương,7810103,Quản trị dịch vụ du lịch và lữ hành,A01,2025,15.0,,THPT
DKT,Trường Đại Học Hải Dương,7810103,Quản trị dịch vụ Du lịch và Lữ hành,C00,2025,15.0,,THPT
DKT,Đại Học Hải Dương,7810103,Quản trị dịch vụ du lịch và lữ hành,C00,2025,15.0,,THPT
DKT,Trường Đại Học Hải Dương,7810103,Quản trị dịch vụ Du lịch và Lữ hành,D01,2025,15.0,,THPT
DKT,Đại Học Hải Dương,7810103,Quản trị dịch vụ du lịch và lữ hành,D01,2025,15.0,,THPT
DKY,Đại học Kỹ thuật Y tế Hải Dương,7720101,Y khoa,A00,2025,23.8,,THPT
DKY,Trường Đại Học Kỹ Thuật Y Tế Hải Dương,7720101,Y khoa,A00,2025,23.8,,THPT
DKY,Đại học Kỹ thuật Y tế Hải Dương,7720101,Y khoa,B00,2025,23.8,,THPT
DKY,Trường Đại Học Kỹ Thuật Y Tế Hải Dương,7720101,Y khoa,B00,2025,23.8,,THPT
DKY,Trường Đại Học Kỹ Thuật Y Tế Hải Dương,7720101,Y khoa,D07,2025,23.8,,THPT
DKY,Đại học Kỹ thuật Y tế Hải Dương,7720101,Y khoa,D07,2025,23.8,,THPT
DKY,Đại học Kỹ thuật Y tế Hải Dương,7720101,Y khoa,D08,2025,23.8,,THPT
DKY,Đại học Kỹ thuật Y tế Hải Dương,7720301,Điều dưỡng,A00,2025,21.0,,THPT
DKY,Trường Đại Học Kỹ Thuật Y Tế Hải Dương,7720301,Điều dưỡng,A00,2025,21.0,,THPT
DKY,Đại học Kỹ thuật Y tế Hải Dương,7720301,Điều dưỡng,B00,2025,21.0,,THPT
DKY,Trường Đại Học Kỹ Thuật Y Tế Hải Dương,7720301,Điều dưỡng,B00,2025,21.0,,THPT
DKY,Trường Đại Học Kỹ Thuật Y Tế Hải Dương,7720301,Điều dưỡng,D07,2025,21.0,,THPT
DKY,Đại học Kỹ thuật Y tế Hải Dương,7720301,Điều dưỡng,D07,2025,21.0,,THPT
DKY,Đại học Kỹ thuật Y tế Hải Dương,7720301,Điều dưỡng,D08,2025,21.0,,THPT
DKY,Đại học Kỹ thuật Y tế Hải Dương,7720601,Kỹ thuật xét nghiệm y học,A00,2025,22.6,,THPT
DKY,Trường Đại Học Kỹ Thuật Y Tế Hải Dương,7720601,Kỹ thuật Xét nghiệm y học,A00,2025,22.6,,THPT
DKY,Đại học Kỹ thuật Y tế Hải Dương,7720601,Kỹ thuật xét nghiệm y học,B00,2025,22.6,,THPT
DKY,Trường Đại Học Kỹ Thuật Y Tế Hải Dương,7720601,Kỹ thuật Xét nghiệm y học,B00,2025,22.6,,THPT
DKY,Trường Đại Học Kỹ Thuật Y Tế Hải Dương,7720601,Kỹ thuật Xét nghiệm y học,D07,2025,22.6,,THPT
DKY,Đại học Kỹ thuật Y tế Hải Dương,7720601,Kỹ thuật xét nghiệm y học,D07,2025,22.6,,THPT
DKY,Đại học Kỹ thuật Y tế Hải Dương,7720601,Kỹ thuật xét nghiệm y học,D08,2025,22.6,,THPT
DKY,Đại học Kỹ thuật Y tế Hải Dương,7720602,Kỹ thuật hình ảnh y học,A00,2025,22.5,,THPT
DKY,Trường Đại Học Kỹ Thuật Y Tế Hải Dương,7720602,Kỹ thuật hình ảnh y học,A00,2025,22.5,,THPT
DKY,Đại học Kỹ thuật Y tế Hải Dương,7720602,Kỹ thuật hình ảnh y học,B00,2025,22.5,,THPT
DKY,Trường Đại Học Kỹ Thuật Y Tế Hải Dương,7720602,Kỹ thuật hình ảnh y học,B00,2025,22.5,,THPT
DKY,Trường Đại Học Kỹ Thuật Y Tế Hải Dương,7720602,Kỹ thuật hình ảnh y học,D07,2025,22.5,,THPT
DKY,Đại học Kỹ thuật Y tế Hải Dương,7720602,Kỹ thuật hình ảnh y học,D07,2025,22.5,,THPT
DKY,Đại học Kỹ thuật Y tế Hải Dương,7720602,Kỹ thuật hình ảnh y học,D08,2025,22.5,,THPT
DKY,Đại học Kỹ thuật Y tế Hải Dương,7720603,Kỹ thuật phục hồi chức năng,A00,2025,23.0,,THPT
DKY,Trường Đại Học Kỹ Thuật Y Tế Hải Dương,7720603,Kỹ thuật Phục hồi chức năng,A00,2025,23.0,,THPT
DKY,Đại học Kỹ thuật Y tế Hải Dương,7720603,Kỹ thuật phục hồi chức năng,B00,2025,23.0,,THPT
DKY,Trường Đại Học Kỹ Thuật Y Tế Hải Dương,7720603,Kỹ thuật Phục hồi chức năng,B00,2025,23.0,,THPT
DKY,Trường Đại Học Kỹ Thuật Y Tế Hải Dương,7720603,Kỹ thuật Phục hồi chức năng,D07,2025,23.0,,THPT
DKY,Đại học Kỹ thuật Y tế Hải Dương,7720603,Kỹ thuật phục hồi chức năng,D07,2025,23.0,,THPT
DKY,Đại học Kỹ thuật Y tế Hải Dương,7720603,Kỹ thuật phục hồi chức năng,D08,2025,23.0,,THPT
DLA,Đại học Kinh tế Công nghiệp Long An,7220201,Ngôn ngữ Anh,D01,2025,15.0,,THPT
DLA,Trường Đại Học Kinh Tế Công Nghiệp Long An,7220201,Ngôn ngữ Anh,D01,2025,15.0,,THPT
DLA,Trường Đại Học Kinh Tế Công Nghiệp Long An,7220201,Ngôn ngữ Anh,D07,2025,15.0,,THPT
DLA,Đại học Kinh tế Công nghiệp Long An,7340101,Quản trị Kinh doanh,A01,2025,15.0,,THPT
DLA,Trường Đại Học Kinh Tế Công Nghiệp Long An,7340101,Quản trị Kinh doanh,A01,2025,15.0,,THPT
DLA,Đại học Kinh tế Công nghiệp Long An,7340115,Marketing,A01,2025,15.0,,THPT
DLA,Trường Đại Học Kinh Tế Công Nghiệp Long An,7340115,Marketing,A01,2025,15.0,,THPT
DLA,Đại học Kinh tế Công nghiệp Long An,7340201,Tài chính – Ngân hàng,B00,2025,15.0,,THPT
DLA,Trường Đại Học Kinh Tế Công Nghiệp Long An,7340201,Tài chính - Ngân hàng,B00,2025,15.0,,THPT
DLA,Trường Đại Học Kinh Tế Công Nghiệp Long An,7340201,Tài chính - Ngân hàng,D07,2025,15.0,,THPT
DLA,Đại học Kinh tế Công nghiệp Long An,7340201,Tài chính – Ngân hàng,D07,2025,15.0,,THPT
DLA,Đại học Kinh tế Công nghiệp Long An,7340301,Kế toán,A00,2025,15.0,,THPT
DLA,Trường Đại Học Kinh Tế Công Nghiệp Long An,7340301,Kế toán,A00,2025,15.0,,THPT
DLA,Trường Đại Học Kinh Tế Công Nghiệp Long An,7340301,Kế toán,D10,2025,15.0,,THPT
DLA,Đại học Kinh tế Công nghiệp Long An,7340301,Kế toán,D10,2025,15.0,,THPT
DLA,Đại học Kinh tế Công nghiệp Long An,7380107,Luật kinh tế,A00,2025,15.0,,THPT
DLA,Trường Đại Học Kinh Tế Công Nghiệp Long An,7380107,Luật Kinh tế,A00,2025,15.0,,THPT
DLA,Trường Đại Học Kinh Tế Công Nghiệp Long An,7380107,Luật Kinh tế,C00,2025,15.0,,THPT
DLA,Đại học Kinh tế Công nghiệp Long An,7380107,Luật kinh tế,C00,2025,15.0,,THPT
DLA,Đại học Kinh tế Công nghiệp Long An,7480201,Công nghệ thông tin,A00,2025,19.75,,THPT
DLA,Trường Đại Học Kinh Tế Công Nghiệp Long An,7480201,Công nghệ thông tin,A00,2025,18.56,,THPT
DLA,Đại học Kinh tế Công nghiệp Long An,7510103,Công nghệ kỹ thuật xây dựng (chuyên ngành Xây dựng dân dụng & Công nghiệp),A00,2025,15.0,,THPT
DLA,Trường Đại Học Kinh Tế Công Nghiệp Long An,7510103,Công nghệ Kỹ thuật Xây dựng,A00,2025,15.0,,THPT
DLA,Trường Đại Học Kinh Tế Công Nghiệp Long An,7810103,Quản trị dịch vụ du lịch và lữ hành,D01,2025,15.0,,THPT
DLH,Đại học Lạc Hồng,7220201,Ngôn ngữ Anh,D01,2025,15.1,,THPT
DLH,Trường Đại Học Lạc Hồng,7220201,Ngôn ngữ Anh,D01,2025,15.1,,THPT
DLH,Trường Đại Học Lạc Hồng,7220201,Ngôn ngữ Anh,D09,2025,15.1,,THPT
DLH,Đại học Lạc Hồng,7220201,Ngôn ngữ Anh,D09,2025,15.1,,THPT
DLH,Trường Đại Học Lạc Hồng,7220201,Ngôn ngữ Anh,D10,2025,15.1,,THPT
DLH,Đại học Lạc Hồng,7220201,Ngôn ngữ Anh,D10,2025,15.1,,THPT
DLH,Đại học Lạc Hồng,7220204,Ngôn ngữ Trung Quốc,C00,2025,15.1,,THPT
DLH,Trường Đại Học Lạc Hồng,7220204,Ngôn ngữ Trung Quốc,C00,2025,15.1,,THPT
DLH,Đại học Lạc Hồng,7310120,Kinh doanh quốc tế,D01,2025,15.0,,THPT
DLH,Trường Đại Học Lạc Hồng,7310120,Kinh doanh quốc tế,D01,2025,15.0,,THPT
DLH,Đại học Lạc Hồng,7310608,Đông phương học,C00,2025,15.25,,THPT
DLH,Trường Đại Học Lạc Hồng,7310608,Đông phương học \r\n- Nhật Bản học \r\n- Hàn Quốc học,C00,2025,15.25,,THPT
DLH,Đại học Lạc Hồng,7320104,Truyền thông đa phương tiện,C00,2025,15.1,,THPT
DLH,Trường Đại Học Lạc Hồng,7320104,Truyền thông đa phương tiện,C00,2025,15.1,,THPT
DLH,Trường Đại Học Lạc Hồng,7320104,Truyền thông đa phương tiện,D01,2025,15.1,,THPT
DLH,Đại học Lạc Hồng,7320104,Truyền thông đa phương tiện,D01,2025,15.1,,THPT
DLH,Đại học Lạc Hồng,7320108,Quan hệ công chúng,C00,2025,15.25,,THPT
DLH,Trường Đại Học Lạc Hồng,7320108,Quan hệ công chúng,C00,2025,15.25,,THPT
DLH,Trường Đại Học Lạc Hồng,7320108,Quan hệ công chúng,D01,2025,15.25,,THPT
DLH,Đại học Lạc Hồng,7320108,Quan hệ công chúng,D01,2025,15.25,,THPT
DLH,Đại học Lạc Hồng,7340101,Quản trị Kinh doanh,D01,2025,15.0,,THPT
DLH,Trường Đại Học Lạc Hồng,7340101,Quản trị kinh doanh,D01,2025,15.0,,THPT
DLH,Đại học Lạc Hồng,7340115,Marketing,D01,2025,15.0,,THPT
DLH,Trường Đại Học Lạc Hồng,7340115,Marketing,D01,2025,15.0,,THPT
DLH,Đại học Lạc Hồng,7340122,Thương mại điện tử,D01,2025,15.1,,THPT
DLH,Trường Đại Học Lạc Hồng,7340122,Thương mại điện tử,D01,2025,15.1,,THPT
DLH,Đại học Lạc Hồng,7340201,Tài chính – Ngân hàng,D01,2025,15.0,,THPT
DLH,Trường Đại Học Lạc Hồng,7340201,Tài chính - Ngân hàng,D01,2025,15.0,,THPT
DLH,Đại học Lạc Hồng,7340301,Kế toán,D01,2025,15.0,,THPT
DLH,Trường Đại Học Lạc Hồng,7340301,Kế toán,D01,2025,15.0,,THPT
DLH,Đại học Lạc Hồng,7380101,Ngành Luật,D01,2025,15.1,,THPT
DLH,Trường Đại Học Lạc Hồng,7380101,Luật,D01,2025,15.1,,THPT
DLH,Đại học Lạc Hồng,7380107,Luật kinh tế,D01,2025,15.0,,THPT
DLH,Trường Đại Học Lạc Hồng,7380107,Luật kinh tế,D01,2025,15.0,,THPT
DLH,Đại học Lạc Hồng,7440301,Khoa học môi trường,A00,2025,15.75,,THPT
DLH,Trường Đại Học Lạc Hồng,7440301,"Khoa học môi trường (03 Chuyên ngành) - Công nghệ môi trường - An toàn, sức khỏe và Môi trường - Năng lượng xanh và Sinh thái môi trường",A00,2025,15.75,,THPT
DLH,Trường Đại Học Lạc Hồng,7440301,"Khoa học môi trường (03 Chuyên ngành) - Công nghệ môi trường - An toàn, sức khỏe và Môi trường - Năng lượng xanh và Sinh thái môi trường",B00,2025,15.75,,THPT
DLH,Đại học Lạc Hồng,7440301,Khoa học môi trường,D01,2025,15.75,,THPT
DLH,Trường Đại Học Lạc Hồng,7440301,"Khoa học môi trường (03 Chuyên ngành) - Công nghệ môi trường - An toàn, sức khỏe và Môi trường - Năng lượng xanh và Sinh thái môi trường",D01,2025,15.75,,THPT
DLH,Trường Đại Học Lạc Hồng,7440301,"Khoa học môi trường (03 Chuyên ngành) - Công nghệ môi trường - An toàn, sức khỏe và Môi trường - Năng lượng xanh và Sinh thái môi trường",D07,2025,15.75,,THPT
DLH,Đại học Lạc Hồng,7440301,Khoa học môi trường,D07,2025,15.75,,THPT
DLH,Đại học Lạc Hồng,7480107,Trí tuệ nhân tạo,A00,2025,16.5,,THPT
DLH,Trường Đại Học Lạc Hồng,7480107,Trí tuệ nhân tạo,A00,2025,16.5,,THPT
DLH,Đại học Lạc Hồng,7480107,Trí tuệ nhân tạo,D01,2025,16.5,,THPT
DLH,Trường Đại Học Lạc Hồng,7480107,Trí tuệ nhân tạo,D01,2025,16.5,,THPT
DLH,Đại học Lạc Hồng,7480201,Công nghệ thông tin,A00,2025,15.0,,THPT
DLH,Trường Đại Học Lạc Hồng,7480201,Công nghệ thông tin,A00,2025,15.0,,THPT
DLH,Đại học Lạc Hồng,7480201,Công nghệ thông tin,D01,2025,15.0,,THPT
DLH,Trường Đại Học Lạc Hồng,7480201,Công nghệ thông tin,D01,2025,15.0,,THPT
DLH,Đại học Lạc Hồng,7510102,Công nghệ kỹ thuật xây dựng dân dụng và công nghiệp,D01,2025,15.6,,THPT
DLH,Trường Đại Học Lạc Hồng,7510102,Công nghệ kỹ thuật công trình xây dựng (02 Chuyên ngành) - Xây dựng cầu đường - Xây dựng dân dụng và công nghiệp,D01,2025,15.6,,THPT
DLH,Đại học Lạc Hồng,7510201,Công nghệ kỹ thuật cơ khí (chuyên ngành Cơ khí chế tạo),D01,2025,15.25,,THPT
DLH,Trường Đại Học Lạc Hồng,7510201,Công nghệ kỹ thuật Cơ khí,D01,2025,15.25,,THPT
DLH,Đại học Lạc Hồng,7510203,Công nghệ kỹ thuật cơ điện tử,D01,2025,15.0,,THPT
DLH,Trường Đại Học Lạc Hồng,7510203,Công nghệ kỹ thuật Cơ điện tử,D01,2025,15.0,,THPT
DLH,Trường Đại Học Lạc Hồng,7510205,Công nghệ kỹ thuật ôtô - Công nghệ kỹ thuật ô tô - Công nghệ kỹ thuật ô tô điện,D01,2025,15.0,,THPT
DLH,Trường Đại Học Lạc Hồng,7510301,"Công nghệ kỹ thuật điện, điện tử - Công nghệ kỹ thuật diện, diện tử - Công nghệ kỹ thuật vi mạch",D01,2025,15.0,,THPT
DLH,Trường Đại Học Lạc Hồng,7510303,CNKT điều khiển và tự động hóa,D01,2025,15.0,,THPT
DLH,Đại học Lạc Hồng,7510605,Logistics và Quản lý chuỗi cung ứng,D01,2025,15.0,,THPT
DLH,Trường Đại Học Lạc Hồng,7510605,Logistics và Quản lý chuỗi cung ứng,D01,2025,15.0,,THPT
DLH,Đại học Lạc Hồng,7540101,Công nghệ thực phẩm,B00,2025,15.0,,THPT
DLH,Trường Đại Học Lạc Hồng,7540101,Công nghệ thực phẩm (03 Chuyên ngành) - Công nghệ thực phẩm - Quản lý chất lượng và An toàn thực phẩm - Khoa học thực phẩm và Dinh dưỡng,B00,2025,15.0,,THPT
DLH,Đại học Lạc Hồng,7540101,Công nghệ thực phẩm,D01,2025,15.0,,THPT
DLH,Trường Đại Học Lạc Hồng,7540101,Công nghệ thực phẩm (03 Chuyên ngành) - Công nghệ thực phẩm - Quản lý chất lượng và An toàn thực phẩm - Khoa học thực phẩm và Dinh dưỡng,D01,2025,15.0,,THPT
DLH,Trường Đại Học Lạc Hồng,7540101,Công nghệ thực phẩm (03 Chuyên ngành) - Công nghệ thực phẩm - Quản lý chất lượng và An toàn thực phẩm - Khoa học thực phẩm và Dinh dưỡng,D07,2025,15.0,,THPT
DLH,Đại học Lạc Hồng,7720201,Dược học,B00,2025,19.5,,THPT
DLH,Trường Đại Học Lạc Hồng,7720201,Dược học (Dược sĩ),B00,2025,19.5,,THPT
DLH,Đại học Lạc Hồng,7720201,Dược học,D01,2025,19.5,,THPT
DLH,Trường Đại Học Lạc Hồng,7720201,Dược học (Dược sĩ),D01,2025,19.5,,THPT
DLH,Trường Đại Học Lạc Hồng,7720201,Dược học (Dược sĩ),D07,2025,19.5,,THPT
DLH,Đại học Lạc Hồng,7720201,Dược học,D07,2025,19.5,,THPT
DLH,Đại học Lạc Hồng,7810103,Quản trị dịch vụ du lịch và lữ hành,D01,2025,19.0,,THPT
DLH,Trường Đại Học Lạc Hồng,7810103,Quản trị dịch vụ du lịch và lữ hành,D01,2025,19.0,,THPT
DLS,Đại học Lao động - Xã hội (Cơ sở phía Nam),7220201,Ngôn ngữ Anh,A00,2025,18.0,,THPT
DLS,Đại học Lao động - Xã hội (Cơ sở phía Nam),7220201,Ngôn ngữ Anh,A01,2025,18.0,,THPT
DLS,Trường Đại Học Lao Động – Xã Hội (Cơ sở II),7220201,Ngôn ngữ Anh,A01,2025,18.5,,THPT
DLS,Trường Đại Học Lao Động – Xã Hội (Cơ sở II),7220201,Ngôn ngữ Anh,D01,2025,18.5,,THPT
DLS,Đại học Lao động - Xã hội (Cơ sở phía Nam),7220201,Ngôn ngữ Anh,D01,2025,18.0,,THPT
DLS,Trường Đại Học Lao Động – Xã Hội (Cơ sở II),7220201,Ngôn ngữ Anh,D07,2025,18.5,,THPT
DLS,Đại học Lao động - Xã hội (Cơ sở phía Nam),7310101,Kinh tế,A00,2025,14.0,,THPT
DLS,Trường Đại Học Lao Động – Xã Hội (Cơ sở II),7310101,Kinh tế,A00,2025,14.0,,THPT
DLS,Trường Đại Học Lao Động – Xã Hội (Cơ sở II),7310101,Kinh tế,A01,2025,14.0,,THPT
DLS,Đại học Lao động - Xã hội (Cơ sở phía Nam),7310101,Kinh tế,A01,2025,14.0,,THPT
DLS,Trường Đại Học Lao Động – Xã Hội (Cơ sở II),7310101,Kinh tế,D01,2025,14.0,,THPT
DLS,Đại học Lao động - Xã hội (Cơ sở phía Nam),7310101,Kinh tế,D01,2025,14.0,,THPT
DLS,Đại học Lao động - Xã hội (Cơ sở phía Nam),7310401,Tâm lý học,A00,2025,23.25,,THPT
DLS,Trường Đại Học Lao Động – Xã Hội (Cơ sở II),7310401,Tâm lý học,A00,2025,24.75,,THPT
DLS,Trường Đại Học Lao Động – Xã Hội (Cơ sở II),7310401,Tâm lý học,A01,2025,24.75,,THPT
DLS,Đại học Lao động - Xã hội (Cơ sở phía Nam),7310401,Tâm lý học,A01,2025,23.25,,THPT
DLS,Đại học Lao động - Xã hội (Cơ sở phía Nam),7310401,Tâm lý học,C00,2025,24.75,,THPT
DLS,Trường Đại Học Lao Động – Xã Hội (Cơ sở II),7310401,Tâm lý học,D01,2025,24.75,,THPT
DLS,Đại học Lao động - Xã hội (Cơ sở phía Nam),7310401,Tâm lý học,D01,2025,23.25,,THPT
DLS,Đại học Lao động - Xã hội (Cơ sở phía Nam),7340101,Quản trị Kinh doanh,A00,2025,14.0,,THPT
DLS,Trường Đại Học Lao Động – Xã Hội (Cơ sở II),7340101,Quản trị kinh doanh,A00,2025,14.0,,THPT
DLS,Trường Đại Học Lao Động – Xã Hội (Cơ sở II),7340101,Quản trị kinh doanh,A01,2025,14.0,,THPT
DLS,Đại học Lao động - Xã hội (Cơ sở phía Nam),7340101,Quản trị Kinh doanh,A01,2025,14.0,,THPT
DLS,Trường Đại Học Lao Động – Xã Hội (Cơ sở II),7340101,Quản trị kinh doanh,D01,2025,14.0,,THPT
DLS,Đại học Lao động - Xã hội (Cơ sở phía Nam),7340101,Quản trị Kinh doanh,D01,2025,14.0,,THPT
DLS,Đại học Lao động - Xã hội (Cơ sở phía Nam),7340201,Tài chính – Ngân hàng,A00,2025,14.0,,THPT
DLS,Trường Đại Học Lao Động – Xã Hội (Cơ sở II),7340201,Tài chính - Ngân hàng,A00,2025,14.0,,THPT
DLS,Trường Đại Học Lao Động – Xã Hội (Cơ sở II),7340201,Tài chính - Ngân hàng,A01,2025,14.0,,THPT
DLS,Đại học Lao động - Xã hội (Cơ sở phía Nam),7340201,Tài chính – Ngân hàng,A01,2025,14.0,,THPT
DLS,Trường Đại Học Lao Động – Xã Hội (Cơ sở II),7340201,Tài chính - Ngân hàng,D01,2025,14.0,,THPT
DLS,Đại học Lao động - Xã hội (Cơ sở phía Nam),7340201,Tài chính – Ngân hàng,D01,2025,14.0,,THPT
DLS,Đại học Lao động - Xã hội (Cơ sở phía Nam),7340207,Bảo hiểm - Tài chính,A00,2025,14.0,,THPT
DLS,Trường Đại Học Lao Động – Xã Hội (Cơ sở II),7340207,Bảo hiểm - Tài chính,A00,2025,14.0,,THPT
DLS,Trường Đại Học Lao Động – Xã Hội (Cơ sở II),7340207,Bảo hiểm - Tài chính,A01,2025,14.0,,THPT
DLS,Đại học Lao động - Xã hội (Cơ sở phía Nam),7340207,Bảo hiểm - Tài chính,A01,2025,14.0,,THPT
DLS,Trường Đại Học Lao Động – Xã Hội (Cơ sở II),7340207,Bảo hiểm - Tài chính,D01,2025,14.0,,THPT
DLS,Đại học Lao động - Xã hội (Cơ sở phía Nam),7340207,Bảo hiểm - Tài chính,D01,2025,14.0,,THPT
DLS,Đại học Lao động - Xã hội (Cơ sở phía Nam),7340301,Kế toán,A00,2025,14.0,,THPT
DLS,Trường Đại Học Lao Động – Xã Hội (Cơ sở II),7340301,Kế toán,A00,2025,14.0,,THPT
DLS,Trường Đại Học Lao Động – Xã Hội (Cơ sở II),7340301,Kế toán,A01,2025,14.0,,THPT
DLS,Đại học Lao động - Xã hội (Cơ sở phía Nam),7340301,Kế toán,A01,2025,14.0,,THPT
DLS,Trường Đại Học Lao Động – Xã Hội (Cơ sở II),7340301,Kế toán,D01,2025,14.0,,THPT
DLS,Đại học Lao động - Xã hội (Cơ sở phía Nam),7340301,Kế toán,D01,2025,14.0,,THPT
DLS,Đại học Lao động - Xã hội (Cơ sở phía Nam),7340404,Quản trị nhân lực,A00,2025,16.5,,THPT
DLS,Trường Đại Học Lao Động – Xã Hội (Cơ sở II),7340404,Quản trị nhân lực,A00,2025,16.5,,THPT
DLS,Trường Đại Học Lao Động – Xã Hội (Cơ sở II),7340404,Quản trị nhân lực,A01,2025,16.5,,THPT
DLS,Đại học Lao động - Xã hội (Cơ sở phía Nam),7340404,Quản trị nhân lực,A01,2025,16.5,,THPT
DLS,Trường Đại Học Lao Động – Xã Hội (Cơ sở II),7340404,Quản trị nhân lực,D01,2025,16.5,,THPT
DLS,Đại học Lao động - Xã hội (Cơ sở phía Nam),7340404,Quản trị nhân lực,D01,2025,16.5,,THPT
DLS,Đại học Lao động - Xã hội (Cơ sở phía Nam),7340405,Hệ thống thông tin,A00,2025,14.0,,THPT
DLS,Trường Đại Học Lao Động – Xã Hội (Cơ sở II),7340405,Hệ thống thông tin quản lý,A00,2025,14.0,,THPT
DLS,Trường Đại Học Lao Động – Xã Hội (Cơ sở II),7340405,Hệ thống thông tin quản lý,A01,2025,14.0,,THPT
DLS,Đại học Lao động - Xã hội (Cơ sở phía Nam),7340405,Hệ thống thông tin,A01,2025,14.0,,THPT
DLS,Trường Đại Học Lao Động – Xã Hội (Cơ sở II),7340405,Hệ thống thông tin quản lý,D01,2025,14.0,,THPT
DLS,Đại học Lao động - Xã hội (Cơ sở phía Nam),7340405,Hệ thống thông tin,D01,2025,14.0,,THPT
DLS,Đại học Lao động - Xã hội (Cơ sở phía Nam),7380107,Luật kinh tế,A00,2025,18.0,,THPT
DLS,Trường Đại Học Lao Động – Xã Hội (Cơ sở II),7380107,Luật kinh tế,A00,2025,18.0,,THPT
DLS,Trường Đại Học Lao Động – Xã Hội (Cơ sở II),7380107,Luật kinh tế,A01,2025,18.0,,THPT
DLS,Đại học Lao động - Xã hội (Cơ sở phía Nam),7380107,Luật kinh tế,A01,2025,18.0,,THPT
DLS,Trường Đại Học Lao Động – Xã Hội (Cơ sở II),7380107,Luật kinh tế,D01,2025,18.0,,THPT
DLS,Đại học Lao động - Xã hội (Cơ sở phía Nam),7380107,Luật kinh tế,D01,2025,18.0,,THPT
DLS,Đại học Lao động - Xã hội (Cơ sở phía Nam),7760101,Công tác xã hội,A00,2025,21.25,,THPT
DLS,Trường Đại Học Lao Động – Xã Hội (Cơ sở II),7760101,Công tác xã hội,A00,2025,22.75,,THPT
DLS,Trường Đại Học Lao Động – Xã Hội (Cơ sở II),7760101,Công tác xã hội,A01,2025,22.75,,THPT
DLS,Đại học Lao động - Xã hội (Cơ sở phía Nam),7760101,Công tác xã hội,A01,2025,21.25,,THPT
DLS,Đại học Lao động - Xã hội (Cơ sở phía Nam),7760101,Công tác xã hội,C00,2025,22.75,,THPT
DLS,Trường Đại Học Lao Động – Xã Hội (Cơ sở II),7760101,Công tác xã hội,D01,2025,22.75,,THPT
DLS,Đại học Lao động - Xã hội (Cơ sở phía Nam),7760101,Công tác xã hội,D01,2025,21.25,,THPT
DLX,Đại học Lao động - Xã hội (Cơ sở Hà Nội),7220201,Ngôn ngữ Anh,A01,2025,20.5,,THPT
DLX,Trường Đại Học Lao Động – Xã Hội,7220201,Ngôn ngữ Anh,A01,2025,20.5,,THPT
DLX,Trường Đại Học Lao Động – Xã Hội,7220201,Ngôn ngữ Anh,D01,2025,20.5,,THPT
DLX,Đại học Lao động - Xã hội (Cơ sở Hà Nội),7220201,Ngôn ngữ Anh,D01,2025,20.5,,THPT
DLX,Trường Đại Học Lao Động – Xã Hội,7220201,Ngôn ngữ Anh,D07,2025,20.5,,THPT
DLX,Đại học Lao động - Xã hội (Cơ sở Hà Nội),7220201,Ngôn ngữ Anh,D07,2025,20.5,,THPT
DLX,Đại học Lao động - Xã hội (Cơ sở Hà Nội),7310101,Kinh tế,A00,2025,18.2,,THPT
DLX,Trường Đại Học Lao Động – Xã Hội,7310101,Kinh tế,A00,2025,18.2,,THPT
DLX,Trường Đại Học Lao Động – Xã Hội,7310101,Kinh tế,A01,2025,18.2,,THPT
DLX,Đại học Lao động - Xã hội (Cơ sở Hà Nội),7310101,Kinh tế,A01,2025,18.2,,THPT
DLX,Trường Đại Học Lao Động – Xã Hội,7310101,Kinh tế,D01,2025,18.2,,THPT
DLX,Đại học Lao động - Xã hội (Cơ sở Hà Nội),7310101,Kinh tế,D01,2025,18.2,,THPT
DLX,Đại học Lao động - Xã hội (Cơ sở Hà Nội),7310401,Tâm lý học,A00,2025,22.8,,THPT
DLX,Trường Đại Học Lao Động – Xã Hội,7310401,Tâm lý học,A00,2025,24.3,,THPT
DLX,Trường Đại Học Lao Động – Xã Hội,7310401,Tâm lý học,A01,2025,24.3,,THPT
DLX,Đại học Lao động - Xã hội (Cơ sở Hà Nội),7310401,Tâm lý học,A01,2025,22.8,,THPT
DLX,Đại học Lao động - Xã hội (Cơ sở Hà Nội),7310401,Tâm lý học,C00,2025,24.3,,THPT
DLX,Trường Đại Học Lao Động – Xã Hội,7310401,Tâm lý học,D01,2025,24.3,,THPT
DLX,Đại học Lao động - Xã hội (Cơ sở Hà Nội),7310401,Tâm lý học,D01,2025,22.8,,THPT
DLX,Đại học Lao động - Xã hội (Cơ sở Hà Nội),7340101,Quản trị Kinh doanh,A00,2025,14.0,,THPT
DLX,Trường Đại Học Lao Động – Xã Hội,7340101,Quản trị kinh doanh,A00,2025,14.0,,THPT
DLX,Trường Đại Học Lao Động – Xã Hội,7340101,Quản trị kinh doanh,A01,2025,14.0,,THPT
DLX,Đại học Lao động - Xã hội (Cơ sở Hà Nội),7340101,Quản trị Kinh doanh,A01,2025,14.0,,THPT
DLX,Trường Đại Học Lao Động – Xã Hội,7340101,Quản trị kinh doanh,D01,2025,14.0,,THPT
DLX,Đại học Lao động - Xã hội (Cơ sở Hà Nội),7340101,Quản trị Kinh doanh,D01,2025,14.0,,THPT
DLX,Đại học Lao động - Xã hội (Cơ sở Hà Nội),7340201,Tài chính – Ngân hàng,A00,2025,14.0,,THPT
DLX,Trường Đại Học Lao Động – Xã Hội,7340201,Tài chính - Ngân hàng,A00,2025,14.0,,THPT
DLX,Trường Đại Học Lao Động – Xã Hội,7340201,Tài chính - Ngân hàng,A01,2025,14.0,,THPT
DLX,Đại học Lao động - Xã hội (Cơ sở Hà Nội),7340201,Tài chính – Ngân hàng,A01,2025,14.0,,THPT
DLX,Trường Đại Học Lao Động – Xã Hội,7340201,Tài chính - Ngân hàng,D01,2025,14.0,,THPT
DLX,Đại học Lao động - Xã hội (Cơ sở Hà Nội),7340201,Tài chính – Ngân hàng,D01,2025,14.0,,THPT
DLX,Đại học Lao động - Xã hội (Cơ sở Hà Nội),7340204,Bảo hiểm,A00,2025,14.0,,THPT
DLX,Trường Đại Học Lao Động – Xã Hội,7340204,Bảo hiểm,A00,2025,14.0,,THPT
DLX,Trường Đại Học Lao Động – Xã Hội,7340204,Bảo hiểm,A01,2025,14.0,,THPT
DLX,Đại học Lao động - Xã hội (Cơ sở Hà Nội),7340204,Bảo hiểm,A01,2025,14.0,,THPT
DLX,Trường Đại Học Lao Động – Xã Hội,7340204,Bảo hiểm,D01,2025,14.0,,THPT
DLX,Đại học Lao động - Xã hội (Cơ sở Hà Nội),7340204,Bảo hiểm,D01,2025,14.0,,THPT
DLX,Đại học Lao động - Xã hội (Cơ sở Hà Nội),7340207,Bảo hiểm - Tài chính,A00,2025,14.0,,THPT
DLX,Trường Đại Học Lao Động – Xã Hội,7340207,Bảo hiểm - Tài chính,A00,2025,14.0,,THPT
DLX,Trường Đại Học Lao Động – Xã Hội,7340207,Bảo hiểm - Tài chính,A01,2025,14.0,,THPT
DLX,Đại học Lao động - Xã hội (Cơ sở Hà Nội),7340207,Bảo hiểm - Tài chính,A01,2025,14.0,,THPT
DLX,Trường Đại Học Lao Động – Xã Hội,7340207,Bảo hiểm - Tài chính,D01,2025,14.0,,THPT
DLX,Đại học Lao động - Xã hội (Cơ sở Hà Nội),7340207,Bảo hiểm - Tài chính,D01,2025,14.0,,THPT
DLX,Đại học Lao động - Xã hội (Cơ sở Hà Nội),7340301,Kế toán,A00,2025,14.0,,THPT
DLX,Trường Đại Học Lao Động – Xã Hội,7340301,Kế toán,A00,2025,14.0,,THPT
DLX,Trường Đại Học Lao Động – Xã Hội,7340301,Kế toán,A01,2025,14.0,,THPT
DLX,Đại học Lao động - Xã hội (Cơ sở Hà Nội),7340301,Kế toán,A01,2025,14.0,,THPT
DLX,Trường Đại Học Lao Động – Xã Hội,7340301,Kế toán,D01,2025,14.0,,THPT
DLX,Đại học Lao động - Xã hội (Cơ sở Hà Nội),7340301,Kế toán,D01,2025,14.0,,THPT
DLX,Đại học Lao động - Xã hội (Cơ sở Hà Nội),7340302,Kiểm toán,A00,2025,14.0,,THPT
DLX,Trường Đại Học Lao Động – Xã Hội,7340302,Kiểm toán,A00,2025,14.0,,THPT
DLX,Trường Đại Học Lao Động – Xã Hội,7340302,Kiểm toán,A01,2025,14.0,,THPT
DLX,Đại học Lao động - Xã hội (Cơ sở Hà Nội),7340302,Kiểm toán,A01,2025,14.0,,THPT
DLX,Trường Đại Học Lao Động – Xã Hội,7340302,Kiểm toán,D01,2025,14.0,,THPT
DLX,Đại học Lao động - Xã hội (Cơ sở Hà Nội),7340302,Kiểm toán,D01,2025,14.0,,THPT
DLX,Đại học Lao động - Xã hội (Cơ sở Hà Nội),7340404,Quản trị nhân lực,A00,2025,15.0,,THPT
DLX,Trường Đại Học Lao Động – Xã Hội,7340404,Quản trị nhân lực,A00,2025,15.0,,THPT
DLX,Trường Đại Học Lao Động – Xã Hội,7340404,Quản trị nhân lực,A01,2025,15.0,,THPT
DLX,Đại học Lao động - Xã hội (Cơ sở Hà Nội),7340404,Quản trị nhân lực,A01,2025,15.0,,THPT
DLX,Trường Đại Học Lao Động – Xã Hội,7340404,Quản trị nhân lực,D01,2025,15.0,,THPT
DLX,Đại học Lao động - Xã hội (Cơ sở Hà Nội),7340404,Quản trị nhân lực,D01,2025,15.0,,THPT
DLX,Đại học Lao động - Xã hội (Cơ sở Hà Nội),7340405,Hệ thống thông tin,A00,2025,15.0,,THPT
DLX,Trường Đại Học Lao Động – Xã Hội,7340405,Hệ thống thông tin quản lý,A00,2025,14.0,,THPT
DLX,Trường Đại Học Lao Động – Xã Hội,7340405,Hệ thống thông tin quản lý,A01,2025,14.0,,THPT
DLX,Đại học Lao động - Xã hội (Cơ sở Hà Nội),7340405,Hệ thống thông tin,A01,2025,15.0,,THPT
DLX,Trường Đại Học Lao Động – Xã Hội,7340405,Hệ thống thông tin quản lý,D01,2025,14.0,,THPT
DLX,Đại học Lao động - Xã hội (Cơ sở Hà Nội),7340405,Hệ thống thông tin,D01,2025,15.0,,THPT
DLX,Đại học Lao động - Xã hội (Cơ sở Hà Nội),7380107,Luật kinh tế,A00,2025,18.0,,THPT
DLX,Trường Đại Học Lao Động – Xã Hội,7380107,Luật kinh tế,A00,2025,18.0,,THPT
DLX,Trường Đại Học Lao Động – Xã Hội,7380107,Luật kinh tế,A01,2025,18.0,,THPT
DLX,Đại học Lao động - Xã hội (Cơ sở Hà Nội),7380107,Luật kinh tế,A01,2025,18.0,,THPT
DLX,Trường Đại Học Lao Động – Xã Hội,7380107,Luật kinh tế,D01,2025,18.0,,THPT
DLX,Đại học Lao động - Xã hội (Cơ sở Hà Nội),7380107,Luật kinh tế,D01,2025,18.0,,THPT
DLX,Đại học Lao động - Xã hội (Cơ sở Hà Nội),7480201,Công nghệ thông tin,A00,2025,14.0,,THPT
DLX,Trường Đại Học Lao Động – Xã Hội,7480201,Công nghệ thông tin,A00,2025,14.0,,THPT
DLX,Trường Đại Học Lao Động – Xã Hội,7480201,Công nghệ thông tin,A01,2025,14.0,,THPT
DLX,Đại học Lao động - Xã hội (Cơ sở Hà Nội),7480201,Công nghệ thông tin,A01,2025,14.0,,THPT
DLX,Trường Đại Học Lao Động – Xã Hội,7480201,Công nghệ thông tin,D01,2025,14.0,,THPT
DLX,Đại học Lao động - Xã hội (Cơ sở Hà Nội),7480201,Công nghệ thông tin,D01,2025,14.0,,THPT
DLX,Đại học Lao động - Xã hội (Cơ sở Hà Nội),7760101,Công tác xã hội,A00,2025,22.1,,THPT
DLX,Trường Đại Học Lao Động – Xã Hội,7760101,Công tác xã hội,A00,2025,23.6,,THPT
DLX,Trường Đại Học Lao Động – Xã Hội,7760101,Công tác xã hội,A01,2025,23.6,,THPT
DLX,Đại học Lao động - Xã hội (Cơ sở Hà Nội),7760101,Công tác xã hội,A01,2025,22.1,,THPT
DLX,Đại học Lao động - Xã hội (Cơ sở Hà Nội),7760101,Công tác xã hội,C00,2025,23.6,,THPT
DLX,Trường Đại Học Lao Động – Xã Hội,7760101,Công tác xã hội,D01,2025,23.6,,THPT
DLX,Đại học Lao động - Xã hội (Cơ sở Hà Nội),7760101,Công tác xã hội,D01,2025,22.1,,THPT
DLX,Đại học Lao động - Xã hội (Cơ sở Hà Nội),7810103,Quản trị dịch vụ du lịch và lữ hành,A00,2025,17.78,,THPT
DLX,Trường Đại Học Lao Động – Xã Hội,7810103,Quản trị dịch vụ du lịch và lữ hành,A00,2025,17.78,,THPT
DLX,Trường Đại Học Lao Động – Xã Hội,7810103,Quản trị dịch vụ du lịch và lữ hành,A01,2025,17.78,,THPT
DLX,Đại học Lao động - Xã hội (Cơ sở Hà Nội),7810103,Quản trị dịch vụ du lịch và lữ hành,A01,2025,17.78,,THPT
DLX,Trường Đại Học Lao Động – Xã Hội,7810103,Quản trị dịch vụ du lịch và lữ hành,D01,2025,17.78,,THPT
DLX,Đại học Lao động - Xã hội (Cơ sở Hà Nội),7810103,Quản trị dịch vụ du lịch và lữ hành,D01,2025,17.78,,THPT
DMD,Đại học Công nghệ Miền Đông,7210403,Thiết kế đồ họa,A00,2025,15.0,,THPT
DMD,Đại học Công nghệ Miền Đông,7210403,Thiết kế đồ họa,A01,2025,15.0,,THPT
DMD,Đại học Công nghệ Miền Đông,7210403,Thiết kế đồ họa,D01,2025,15.0,,THPT
DMD,Đại học Công nghệ Miền Đông,7220201,Ngôn ngữ Anh,D01,2025,15.0,,THPT
DMD,Đại học Công nghệ Miền Đông,7220204,Ngôn ngữ Trung Quốc,D01,2025,15.0,,THPT
DMD,Đại học Công nghệ Miền Đông,7310608,Đông phương học,D01,2025,15.0,,THPT
DMD,Đại học Công nghệ Miền Đông,7320104,Truyền thông đa phương tiện,A00,2025,15.0,,THPT
DMD,Đại học Công nghệ Miền Đông,7320104,Truyền thông đa phương tiện,A01,2025,15.0,,THPT
DMD,Đại học Công nghệ Miền Đông,7320104,Truyền thông đa phương tiện,C00,2025,15.0,,THPT
DMD,Đại học Công nghệ Miền Đông,7320104,Truyền thông đa phương tiện,D01,2025,15.0,,THPT
DMD,Đại học Công nghệ Miền Đông,7340101,Quản trị Kinh doanh,A00,2025,15.0,,THPT
DMD,Đại học Công nghệ Miền Đông,7340101,Quản trị Kinh doanh,A01,2025,15.0,,THPT
DMD,Đại học Công nghệ Miền Đông,7340101,Quản trị Kinh doanh,C00,2025,15.0,,THPT
DMD,Đại học Công nghệ Miền Đông,7340101,Quản trị Kinh doanh,D01,2025,15.0,,THPT
DMD,Đại học Công nghệ Miền Đông,7340114,Marketing kỹ thuật số,A00,2025,15.0,,THPT
DMD,Đại học Công nghệ Miền Đông,7340114,Marketing kỹ thuật số,A01,2025,15.0,,THPT
DMD,Đại học Công nghệ Miền Đông,7340114,Marketing kỹ thuật số,D01,2025,15.0,,THPT
DMD,Đại học Công nghệ Miền Đông,7340120,Ngành Kinh doanh quốc tế,A00,2025,15.0,,THPT
DMD,Đại học Công nghệ Miền Đông,7340120,Ngành Kinh doanh quốc tế,A01,2025,15.0,,THPT
DMD,Đại học Công nghệ Miền Đông,7340120,Ngành Kinh doanh quốc tế,D01,2025,15.0,,THPT
DMD,Đại học Công nghệ Miền Đông,7340122,Thương mại điện tử,A00,2025,15.0,,THPT
DMD,Đại học Công nghệ Miền Đông,7340122,Thương mại điện tử,A01,2025,15.0,,THPT
DMD,Đại học Công nghệ Miền Đông,7340122,Thương mại điện tử,D01,2025,15.0,,THPT
DMD,Đại học Công nghệ Miền Đông,7340201,Tài chính – Ngân hàng,A00,2025,15.0,,THPT
DMD,Đại học Công nghệ Miền Đông,7340201,Tài chính – Ngân hàng,A01,2025,15.0,,THPT
DMD,Đại học Công nghệ Miền Đông,7340201,Tài chính – Ngân hàng,D01,2025,15.0,,THPT
DMD,Đại học Công nghệ Miền Đông,7340201,Tài chính – Ngân hàng,D07,2025,15.0,,THPT
DMD,Đại học Công nghệ Miền Đông,7340205,Công nghệ tài chính,A00,2025,15.0,,THPT
DMD,Đại học Công nghệ Miền Đông,7340205,Công nghệ tài chính,A01,2025,15.0,,THPT
DMD,Đại học Công nghệ Miền Đông,7340205,Công nghệ tài chính,D01,2025,15.0,,THPT
DMD,Đại học Công nghệ Miền Đông,7340301,Kế toán,A00,2025,15.0,,THPT
DMD,Đại học Công nghệ Miền Đông,7340301,Kế toán,A01,2025,15.0,,THPT
DMD,Đại học Công nghệ Miền Đông,7340301,Kế toán,D01,2025,15.0,,THPT
DMD,Đại học Công nghệ Miền Đông,7380107,Luật kinh tế,A00,2025,18.0,,THPT
DMD,Đại học Công nghệ Miền Đông,7380107,Luật kinh tế,A01,2025,18.0,,THPT
DMD,Đại học Công nghệ Miền Đông,7380107,Luật kinh tế,C00,2025,18.0,,THPT
DMD,Đại học Công nghệ Miền Đông,7380107,Luật kinh tế,D01,2025,18.0,,THPT
DMD,Đại học Công nghệ Miền Đông,7480201,Công nghệ thông tin,A00,2025,15.0,,THPT
DMD,Đại học Công nghệ Miền Đông,7480201,Công nghệ thông tin,A01,2025,15.0,,THPT
DMD,Đại học Công nghệ Miền Đông,7480201,Công nghệ thông tin,D01,2025,15.0,,THPT
DMD,Đại học Công nghệ Miền Đông,7510205,Công nghệ kỹ thuật ô tô,A00,2025,15.0,,THPT
DMD,Đại học Công nghệ Miền Đông,7510205,Công nghệ kỹ thuật ô tô,A01,2025,15.0,,THPT
DMD,Đại học Công nghệ Miền Đông,7510205,Công nghệ kỹ thuật ô tô,D01,2025,15.0,,THPT
DMD,Đại học Công nghệ Miền Đông,7510601,Quản lý công nghiệp,A00,2025,15.0,,THPT
DMD,Đại học Công nghệ Miền Đông,7510601,Quản lý công nghiệp,A01,2025,15.0,,THPT
DMD,Đại học Công nghệ Miền Đông,7510601,Quản lý công nghiệp,D01,2025,15.0,,THPT
DMD,Đại học Công nghệ Miền Đông,7510605,Logistics và Quản lý chuỗi cung ứng,A00,2025,15.0,,THPT
DMD,Đại học Công nghệ Miền Đông,7510605,Logistics và Quản lý chuỗi cung ứng,A01,2025,15.0,,THPT
DMD,Đại học Công nghệ Miền Đông,7510605,Logistics và Quản lý chuỗi cung ứng,D01,2025,15.0,,THPT
DMD,Đại học Công nghệ Miền Đông,7640101,Thú y,A00,2025,15.0,,THPT
DMD,Đại học Công nghệ Miền Đông,7640101,Thú y,B00,2025,15.0,,THPT
DMD,Đại học Công nghệ Miền Đông,7640101,Thú y,D07,2025,15.0,,THPT
DMD,Đại học Công nghệ Miền Đông,7720201,Dược học,A00,2025,19.0,,THPT
DMD,Đại học Công nghệ Miền Đông,7720201,Dược học,B00,2025,19.0,,THPT
DMD,Đại học Công nghệ Miền Đông,7720201,Dược học,D07,2025,19.0,,THPT
DMS,Trường Đại Học Tài Chính Marketing,7220201,Ngôn ngữ Anh (chương trình chuẩn),A01,2025,23.75,,THPT
DMS,Trường Đại Học Tài Chính Marketing,7220201,Ngôn ngữ Anh (chương trình chuẩn),D01,2025,23.75,,THPT
DMS,Trường Đại Học Tài Chính Marketing,7220201,Ngôn ngữ Anh (chương trình chuẩn),D07,2025,23.75,,THPT
DMS,Trường Đại Học Tài Chính Marketing,7220201,Ngôn ngữ Anh (chương trình chuẩn),D09,2025,23.75,,THPT
DMS,Trường Đại Học Tài Chính Marketing,7220201,Ngôn ngữ Anh (chương trình chuẩn),D10,2025,23.75,,THPT
DMS,Trường Đại Học Tài Chính Marketing,7310101,Kinh tế (chương trình chuẩn),A00,2025,25.63,,THPT
DMS,Trường Đại Học Tài Chính Marketing,7310101,Kinh tế (chương trình chuẩn),A01,2025,25.63,,THPT
DMS,Trường Đại Học Tài Chính Marketing,7310101,Kinh tế (chương trình chuẩn),D01,2025,25.63,,THPT
DMS,Trường Đại Học Tài Chính Marketing,7310101,Kinh tế (chương trình chuẩn),D07,2025,25.63,,THPT
DMS,Trường Đại Học Tài Chính Marketing,7310101,Kinh tế (chương trình chuẩn),D09,2025,25.63,,THPT
DMS,Trường Đại Học Tài Chính Marketing,7310101,Kinh tế (chương trình chuẩn),D10,2025,25.63,,THPT
DMS,Trường Đại Học Tài Chính Marketing,7310108,Toán kinh tế (chương trình chuẩn),A00,2025,23.0,,THPT
DMS,Trường Đại Học Tài Chính Marketing,7310108,Toán kinh tế (chương trình chuẩn),A01,2025,23.0,,THPT
DMS,Trường Đại Học Tài Chính Marketing,7310108,Toán kinh tế (chương trình chuẩn),D01,2025,23.0,,THPT
DMS,Trường Đại Học Tài Chính Marketing,7310108,Toán kinh tế (chương trình chuẩn),D07,2025,23.0,,THPT
DMS,Trường Đại Học Tài Chính Marketing,7310108,Toán kinh tế (chương trình chuẩn),D09,2025,23.0,,THPT
DMS,Trường Đại Học Tài Chính Marketing,7310108,Toán kinh tế (chương trình chuẩn),D10,2025,23.0,,THPT
DMS,Trường Đại Học Tài Chính Marketing,7310110,Quản lý kinh tế (chương trình chuẩn),A00,2025,23.96,,THPT
DMS,Trường Đại Học Tài Chính Marketing,7310110,Quản lý kinh tế (chương trình chuẩn),A01,2025,23.96,,THPT
DMS,Trường Đại Học Tài Chính Marketing,7310110,Quản lý kinh tế (chương trình chuẩn),D01,2025,23.96,,THPT
DMS,Trường Đại Học Tài Chính Marketing,7310110,Quản lý kinh tế (chương trình chuẩn),D07,2025,23.96,,THPT
DMS,Trường Đại Học Tài Chính Marketing,7310110,Quản lý kinh tế (chương trình chuẩn),D09,2025,23.96,,THPT
DMS,Trường Đại Học Tài Chính Marketing,7310110,Quản lý kinh tế (chương trình chuẩn),D10,2025,23.96,,THPT
DMS,Trường Đại Học Tài Chính Marketing,7340101_TATP,Quản trị kinh doanh (Chương trình Tiếng Anh toàn phần (Định hướng quốc tế)),A01,2025,24.11,,THPT
DMS,Trường Đại Học Tài Chính Marketing,7340101_TATP,Quản trị kinh doanh (Chương trình Tiếng Anh toàn phần (Định hướng quốc tế)),D01,2025,24.11,,THPT
DMS,Trường Đại Học Tài Chính Marketing,7340101_TATP,Quản trị kinh doanh (Chương trình Tiếng Anh toàn phần (Định hướng quốc tế)),D07,2025,24.11,,THPT
DMS,Trường Đại Học Tài Chính Marketing,7340101_TATP,Quản trị kinh doanh (Chương trình Tiếng Anh toàn phần (Định hướng quốc tế)),D09,2025,24.11,,THPT
DMS,Trường Đại Học Tài Chính Marketing,7340101_TATP,Quản trị kinh doanh (Chương trình Tiếng Anh toàn phần (Định hướng quốc tế)),D10,2025,24.11,,THPT
DMS,Trường Đại Học Tài Chính Marketing,7340101_TH,Quản trị kinh doanh (chương trình tích hợp),A00,2025,22.8,,THPT
DMS,Trường Đại Học Tài Chính Marketing,7340101_TH,Quản trị kinh doanh (chương trình tích hợp),A01,2025,22.8,,THPT
DMS,Trường Đại Học Tài Chính Marketing,7340101_TH,Quản trị kinh doanh (chương trình tích hợp),D01,2025,22.8,,THPT
DMS,Trường Đại Học Tài Chính Marketing,7340101_TH,Quản trị kinh doanh (chương trình tích hợp),D07,2025,22.8,,THPT
DMS,Trường Đại Học Tài Chính Marketing,7340101_TH,Quản trị kinh doanh (chương trình tích hợp),D09,2025,22.8,,THPT
DMS,Trường Đại Học Tài Chính Marketing,7340101_TH,Quản trị kinh doanh (chương trình tích hợp),D10,2025,22.8,,THPT
DMS,Trường Đại Học Tài Chính Marketing,7340115_TATP,Marketing (Chương trình Tiếng Anh toàn phần (Định hướng quốc tế)),A01,2025,29.21,,THPT
DMS,Trường Đại Học Tài Chính Marketing,7340115_TATP,Marketing (Chương trình Tiếng Anh toàn phần (Định hướng quốc tế)),D01,2025,29.21,,THPT
DMS,Trường Đại Học Tài Chính Marketing,7340115_TATP,Marketing (Chương trình Tiếng Anh toàn phần (Định hướng quốc tế)),D07,2025,29.21,,THPT
DMS,Trường Đại Học Tài Chính Marketing,7340115_TATP,Marketing (Chương trình Tiếng Anh toàn phần (Định hướng quốc tế)),D09,2025,29.21,,THPT
DMS,Trường Đại Học Tài Chính Marketing,7340115_TATP,Marketing (Chương trình Tiếng Anh toàn phần (Định hướng quốc tế)),D10,2025,29.21,,THPT
DMS,Trường Đại Học Tài Chính Marketing,7340115_TH,Marketing (chương trình tích hợp),A00,2025,25.01,,THPT
DMS,Trường Đại Học Tài Chính Marketing,7340115_TH,Marketing (chương trình tích hợp),A01,2025,25.01,,THPT
DMS,Trường Đại Học Tài Chính Marketing,7340115_TH,Marketing (chương trình tích hợp),D01,2025,25.01,,THPT
DMS,Trường Đại Học Tài Chính Marketing,7340115_TH,Marketing (chương trình tích hợp),D07,2025,25.01,,THPT
DMS,Trường Đại Học Tài Chính Marketing,7340115_TH,Marketing (chương trình tích hợp),D09,2025,25.01,,THPT
DMS,Trường Đại Học Tài Chính Marketing,7340115_TH,Marketing (chương trình tích hợp),D10,2025,25.01,,THPT
DMS,Trường Đại Học Tài Chính Marketing,7340116,Bất động sản (chương trình chuẩn),A00,2025,22.1,,THPT
DMS,Trường Đại Học Tài Chính Marketing,7340116,Bất động sản (chương trình chuẩn),A01,2025,22.1,,THPT
DMS,Trường Đại Học Tài Chính Marketing,7340116,Bất động sản (chương trình chuẩn),D01,2025,22.1,,THPT
DMS,Trường Đại Học Tài Chính Marketing,7340116,Bất động sản (chương trình chuẩn),D07,2025,22.1,,THPT
DMS,Trường Đại Học Tài Chính Marketing,7340116,Bất động sản (chương trình chuẩn),D09,2025,22.1,,THPT
DMS,Trường Đại Học Tài Chính Marketing,7340116,Bất động sản (chương trình chuẩn),D10,2025,22.1,,THPT
DMS,Trường Đại Học Tài Chính Marketing,7340120_TATP,Kinh doanh quốc tế (Chương trình Tiếng Anh toàn phần (Định hướng quốc tế)),A01,2025,27.79,,THPT
DMS,Trường Đại Học Tài Chính Marketing,7340120_TATP,Kinh doanh quốc tế (Chương trình Tiếng Anh toàn phần (Định hướng quốc tế)),D01,2025,27.79,,THPT
DMS,Trường Đại Học Tài Chính Marketing,7340120_TATP,Kinh doanh quốc tế (Chương trình Tiếng Anh toàn phần (Định hướng quốc tế)),D07,2025,27.79,,THPT
DMS,Trường Đại Học Tài Chính Marketing,7340120_TATP,Kinh doanh quốc tế (Chương trình Tiếng Anh toàn phần (Định hướng quốc tế)),D09,2025,27.79,,THPT
DMS,Trường Đại Học Tài Chính Marketing,7340120_TATP,Kinh doanh quốc tế (Chương trình Tiếng Anh toàn phần (Định hướng quốc tế)),D10,2025,27.79,,THPT
DMS,Trường Đại Học Tài Chính Marketing,7340120_TH,Kinh doanh quốc tế (chương trình tích hợp),A00,2025,23.79,,THPT
DMS,Trường Đại Học Tài Chính Marketing,7340120_TH,Kinh doanh quốc tế (chương trình tích hợp),A01,2025,23.79,,THPT
DMS,Trường Đại Học Tài Chính Marketing,7340120_TH,Kinh doanh quốc tế (chương trình tích hợp),D01,2025,23.79,,THPT
DMS,Trường Đại Học Tài Chính Marketing,7340120_TH,Kinh doanh quốc tế (chương trình tích hợp),D07,2025,23.79,,THPT
DMS,Trường Đại Học Tài Chính Marketing,7340120_TH,Kinh doanh quốc tế (chương trình tích hợp),D09,2025,23.79,,THPT
DMS,Trường Đại Học Tài Chính Marketing,7340120_TH,Kinh doanh quốc tế (chương trình tích hợp),D10,2025,23.79,,THPT
DMS,Trường Đại Học Tài Chính Marketing,7340201_TATP,Tài chính - Ngân hàng (Chương trình Tiếng Anh toàn phần (Định hướng quốc tế)),A01,2025,24.09,,THPT
DMS,Trường Đại Học Tài Chính Marketing,7340201_TATP,Tài chính - Ngân hàng (Chương trình Tiếng Anh toàn phần (Định hướng quốc tế)),D01,2025,24.09,,THPT
DMS,Trường Đại Học Tài Chính Marketing,7340201_TATP,Tài chính - Ngân hàng (Chương trình Tiếng Anh toàn phần (Định hướng quốc tế)),D07,2025,24.09,,THPT
DMS,Trường Đại Học Tài Chính Marketing,7340201_TATP,Tài chính - Ngân hàng (Chương trình Tiếng Anh toàn phần (Định hướng quốc tế)),D09,2025,24.09,,THPT
DMS,Trường Đại Học Tài Chính Marketing,7340201_TATP,Tài chính - Ngân hàng (Chương trình Tiếng Anh toàn phần (Định hướng quốc tế)),D10,2025,24.09,,THPT
DMS,Trường Đại Học Tài Chính Marketing,7340201_TH,Tài chính - Ngân hàng (chương trình tích hợp),A00,2025,22.55,,THPT
DMS,Trường Đại Học Tài Chính Marketing,7340201_TH,Tài chính - Ngân hàng (chương trình tích hợp),A01,2025,22.55,,THPT
DMS,Trường Đại Học Tài Chính Marketing,7340201_TH,Tài chính - Ngân hàng (chương trình tích hợp),D01,2025,22.55,,THPT
DMS,Trường Đại Học Tài Chính Marketing,7340201_TH,Tài chính - Ngân hàng (chương trình tích hợp),D07,2025,22.55,,THPT
DMS,Trường Đại Học Tài Chính Marketing,7340201_TH,Tài chính - Ngân hàng (chương trình tích hợp),D09,2025,22.55,,THPT
DMS,Trường Đại Học Tài Chính Marketing,7340201_TH,Tài chính - Ngân hàng (chương trình tích hợp),D10,2025,22.55,,THPT
DMS,Trường Đại Học Tài Chính Marketing,7340205_TH,Công nghệ tài chính (chương trình tích hợp),A00,2025,22.99,,THPT
DMS,Trường Đại Học Tài Chính Marketing,7340205_TH,Công nghệ tài chính (chương trình tích hợp),A01,2025,22.99,,THPT
DMS,Trường Đại Học Tài Chính Marketing,7340205_TH,Công nghệ tài chính (chương trình tích hợp),D01,2025,22.99,,THPT
DMS,Trường Đại Học Tài Chính Marketing,7340205_TH,Công nghệ tài chính (chương trình tích hợp),D07,2025,22.99,,THPT
DMS,Trường Đại Học Tài Chính Marketing,7340205_TH,Công nghệ tài chính (chương trình tích hợp),D09,2025,22.99,,THPT
DMS,Trường Đại Học Tài Chính Marketing,7340205_TH,Công nghệ tài chính (chương trình tích hợp),D10,2025,22.99,,THPT
DMS,Trường Đại Học Tài Chính Marketing,7340301_TH,Kế toán (chương trình tích hợp),A00,2025,23.09,,THPT
DMS,Trường Đại Học Tài Chính Marketing,7340301_TH,Kế toán (chương trình tích hợp),A01,2025,23.09,,THPT
DMS,Trường Đại Học Tài Chính Marketing,7340301_TH,Kế toán (chương trình tích hợp),D01,2025,23.09,,THPT
DMS,Trường Đại Học Tài Chính Marketing,7340301_TH,Kế toán (chương trình tích hợp),D07,2025,23.09,,THPT
DMS,Trường Đại Học Tài Chính Marketing,7340301_TH,Kế toán (chương trình tích hợp),D09,2025,23.09,,THPT
DMS,Trường Đại Học Tài Chính Marketing,7340301_TH,Kế toán (chương trình tích hợp),D10,2025,23.09,,THPT
DMS,Trường Đại Học Tài Chính Marketing,7340302_TH,Kiểm toán (chương trình tích hợp),A00,2025,24.69,,THPT
DMS,Trường Đại Học Tài Chính Marketing,7340302_TH,Kiểm toán (chương trình tích hợp),A01,2025,24.69,,THPT
DMS,Trường Đại Học Tài Chính Marketing,7340302_TH,Kiểm toán (chương trình tích hợp),D01,2025,24.69,,THPT
DMS,Trường Đại Học Tài Chính Marketing,7340302_TH,Kiểm toán (chương trình tích hợp),D07,2025,24.69,,THPT
DMS,Trường Đại Học Tài Chính Marketing,7340302_TH,Kiểm toán (chương trình tích hợp),D09,2025,24.69,,THPT
DMS,Trường Đại Học Tài Chính Marketing,7340302_TH,Kiểm toán (chương trình tích hợp),D10,2025,24.69,,THPT
DMS,Trường Đại Học Tài Chính Marketing,7340405,Hệ thống thông tin quản lý (chương trình chuẩn),A00,2025,24.88,,THPT
DMS,Trường Đại Học Tài Chính Marketing,7340405,Hệ thống thông tin quản lý (chương trình chuẩn),A01,2025,24.88,,THPT
DMS,Trường Đại Học Tài Chính Marketing,7340405,Hệ thống thông tin quản lý (chương trình chuẩn),D01,2025,24.88,,THPT
DMS,Trường Đại Học Tài Chính Marketing,7340405,Hệ thống thông tin quản lý (chương trình chuẩn),D07,2025,24.88,,THPT
DMS,Trường Đại Học Tài Chính Marketing,7340405,Hệ thống thông tin quản lý (chương trình chuẩn),D09,2025,24.88,,THPT
DMS,Trường Đại Học Tài Chính Marketing,7340405,Hệ thống thông tin quản lý (chương trình chuẩn),D10,2025,24.88,,THPT
DMS,Trường Đại Học Tài Chính Marketing,7380107,Luật kinh tế (chương trình chuẩn),A00,2025,25.39,,THPT
DMS,Trường Đại Học Tài Chính Marketing,7380107,Luật kinh tế (chương trình chuẩn),A01,2025,25.39,,THPT
DMS,Trường Đại Học Tài Chính Marketing,7380107,Luật kinh tế (chương trình chuẩn),D01,2025,25.39,,THPT
DMS,Trường Đại Học Tài Chính Marketing,7380107,Luật kinh tế (chương trình chuẩn),D07,2025,25.39,,THPT
DMS,Trường Đại Học Tài Chính Marketing,7380107,Luật kinh tế (chương trình chuẩn),D09,2025,25.39,,THPT
DMS,Trường Đại Học Tài Chính Marketing,7380107,Luật kinh tế (chương trình chuẩn),D10,2025,25.39,,THPT
DMS,Trường Đại Học Tài Chính Marketing,7460108,Khoa học dữ liệu (chương trình chuẩn),A00,2025,24.01,,THPT
DMS,Trường Đại Học Tài Chính Marketing,7460108,Khoa học dữ liệu (chương trình chuẩn),A01,2025,24.01,,THPT
DMS,Trường Đại Học Tài Chính Marketing,7460108,Khoa học dữ liệu (chương trình chuẩn),D01,2025,24.01,,THPT
DMS,Trường Đại Học Tài Chính Marketing,7460108,Khoa học dữ liệu (chương trình chuẩn),D07,2025,24.01,,THPT
DMS,Trường Đại Học Tài Chính Marketing,7460108,Khoa học dữ liệu (chương trình chuẩn),D09,2025,24.01,,THPT
DMS,Trường Đại Học Tài Chính Marketing,7460108,Khoa học dữ liệu (chương trình chuẩn),D10,2025,24.01,,THPT
DMS,Trường Đại Học Tài Chính Marketing,7810103_DT,Quản trị dịch vụ du lịch và lữ hành (chương trình đặc thù),A00,2025,24.16,,THPT
DMS,Trường Đại Học Tài Chính Marketing,7810103_DT,Quản trị dịch vụ du lịch và lữ hành (chương trình đặc thù),A01,2025,24.16,,THPT
DMS,Trường Đại Học Tài Chính Marketing,7810103_DT,Quản trị dịch vụ du lịch và lữ hành (chương trình đặc thù),D01,2025,24.16,,THPT
DMS,Trường Đại Học Tài Chính Marketing,7810103_DT,Quản trị dịch vụ du lịch và lữ hành (chương trình đặc thù),D07,2025,24.16,,THPT
DMS,Trường Đại Học Tài Chính Marketing,7810103_DT,Quản trị dịch vụ du lịch và lữ hành (chương trình đặc thù),D09,2025,24.16,,THPT
DMS,Trường Đại Học Tài Chính Marketing,7810103_DT,Quản trị dịch vụ du lịch và lữ hành (chương trình đặc thù),D10,2025,24.16,,THPT
DMS,Trường Đại Học Tài Chính Marketing,7810201_DT,Quản trị khách sạn (chương trình đặc thù),A00,2025,23.94,,THPT
DMS,Trường Đại Học Tài Chính Marketing,7810201_DT,Quản trị khách sạn (chương trình đặc thù),A01,2025,23.94,,THPT
DMS,Trường Đại Học Tài Chính Marketing,7810201_DT,Quản trị khách sạn (chương trình đặc thù),D01,2025,23.94,,THPT
DMS,Trường Đại Học Tài Chính Marketing,7810201_DT,Quản trị khách sạn (chương trình đặc thù),D07,2025,23.94,,THPT
DMS,Trường Đại Học Tài Chính Marketing,7810201_DT,Quản trị khách sạn (chương trình đặc thù),D09,2025,23.94,,THPT
DMS,Trường Đại Học Tài Chính Marketing,7810201_DT,Quản trị khách sạn (chương trình đặc thù),D10,2025,23.94,,THPT
DMS,Trường Đại Học Tài Chính Marketing,7810202_DT,Quản trị nhà hàng và dịch vụ ăn uống (chương trình đặc thù),A00,2025,23.19,,THPT
DMS,Trường Đại Học Tài Chính Marketing,7810202_DT,Quản trị nhà hàng và dịch vụ ăn uống (chương trình đặc thù),A01,2025,23.19,,THPT
DMS,Trường Đại Học Tài Chính Marketing,7810202_DT,Quản trị nhà hàng và dịch vụ ăn uống (chương trình đặc thù),D01,2025,23.19,,THPT
DMS,Trường Đại Học Tài Chính Marketing,7810202_DT,Quản trị nhà hàng và dịch vụ ăn uống (chương trình đặc thù),D07,2025,23.19,,THPT
DMS,Trường Đại Học Tài Chính Marketing,7810202_DT,Quản trị nhà hàng và dịch vụ ăn uống (chương trình đặc thù),D09,2025,23.19,,THPT
DMS,Trường Đại Học Tài Chính Marketing,7810202_DT,Quản trị nhà hàng và dịch vụ ăn uống (chương trình đặc thù),D10,2025,23.19,,THPT
DMT,Đại học Tài nguyên và Môi trường Hà Nội,7220201,Ngôn ngữ Anh,A01,2025,26.4,,THPT
DMT,Trường Đại học Tài Nguyên và Môi Trường Hà Nội,7220201,Ngôn ngữ Anh,A01,2025,26.4,,THPT
DMT,Trường Đại học Tài Nguyên và Môi Trường Hà Nội,7220201,Ngôn ngữ Anh,D01,2025,26.4,,THPT
DMT,Đại học Tài nguyên và Môi trường Hà Nội,7220201,Ngôn ngữ Anh,D01,2025,26.4,,THPT
DMT,Trường Đại học Tài Nguyên và Môi Trường Hà Nội,7220201,Ngôn ngữ Anh,D07,2025,26.4,,THPT
DMT,Đại học Tài nguyên và Môi trường Hà Nội,7220201,Ngôn ngữ Anh,D07,2025,26.4,,THPT
DMT,Trường Đại học Tài Nguyên và Môi Trường Hà Nội,7220201,Ngôn ngữ Anh,D08,2025,26.4,,THPT
DMT,Đại học Tài nguyên và Môi trường Hà Nội,7220201,Ngôn ngữ Anh,D08,2025,26.4,,THPT
DMT,Đại học Tài nguyên và Môi trường Hà Nội,7220201,Ngôn ngữ Anh,D10,2025,26.4,,THPT
DMT,Đại học Tài nguyên và Môi trường Hà Nội,7340101,Quản trị Kinh doanh,A00,2025,26.0,,THPT
DMT,Trường Đại học Tài Nguyên và Môi Trường Hà Nội,7340101,Quản trị kinh doanh,A00,2025,26.0,,THPT
DMT,Trường Đại học Tài Nguyên và Môi Trường Hà Nội,7340101,Quản trị kinh doanh,A01,2025,26.0,,THPT
DMT,Đại học Tài nguyên và Môi trường Hà Nội,7340101,Quản trị Kinh doanh,A01,2025,26.0,,THPT
DMT,Đại học Tài nguyên và Môi trường Hà Nội,7340101,Quản trị Kinh doanh,B00,2025,26.0,,THPT
DMT,Trường Đại học Tài Nguyên và Môi Trường Hà Nội,7340101,Quản trị kinh doanh,C00,2025,26.0,,THPT
DMT,Đại học Tài nguyên và Môi trường Hà Nội,7340101,Quản trị Kinh doanh,C00,2025,26.0,,THPT
DMT,Trường Đại học Tài Nguyên và Môi Trường Hà Nội,7340101,Quản trị kinh doanh,D01,2025,26.0,,THPT
DMT,Đại học Tài nguyên và Môi trường Hà Nội,7340101,Quản trị Kinh doanh,D01,2025,26.0,,THPT
DMT,Đại học Tài nguyên và Môi trường Hà Nội,7340115,Marketing,A00,2025,26.65,,THPT
DMT,Trường Đại học Tài Nguyên và Môi Trường Hà Nội,7340115,Marketing,A00,2025,26.65,,THPT
DMT,Trường Đại học Tài Nguyên và Môi Trường Hà Nội,7340115,Marketing,A01,2025,26.65,,THPT
DMT,Đại học Tài nguyên và Môi trường Hà Nội,7340115,Marketing,A01,2025,26.65,,THPT
DMT,Đại học Tài nguyên và Môi trường Hà Nội,7340115,Marketing,B00,2025,26.65,,THPT
DMT,Trường Đại học Tài Nguyên và Môi Trường Hà Nội,7340115,Marketing,C00,2025,26.65,,THPT
DMT,Đại học Tài nguyên và Môi trường Hà Nội,7340115,Marketing,C00,2025,26.65,,THPT
DMT,Trường Đại học Tài Nguyên và Môi Trường Hà Nội,7340115,Marketing,D01,2025,26.65,,THPT
DMT,Đại học Tài nguyên và Môi trường Hà Nội,7340115,Marketing,D01,2025,26.65,,THPT
DMT,Đại học Tài nguyên và Môi trường Hà Nội,7340116,Bất động sản,A00,2025,23.85,,THPT
DMT,Trường Đại học Tài Nguyên và Môi Trường Hà Nội,7340116,Bất động sản,A00,2025,23.85,,THPT
DMT,Trường Đại học Tài Nguyên và Môi Trường Hà Nội,7340116,Bất động sản,A01,2025,23.85,,THPT
DMT,Đại học Tài nguyên và Môi trường Hà Nội,7340116,Bất động sản,A01,2025,23.85,,THPT
DMT,Đại học Tài nguyên và Môi trường Hà Nội,7340116,Bất động sản,B00,2025,23.85,,THPT
DMT,Trường Đại học Tài Nguyên và Môi Trường Hà Nội,7340116,Bất động sản,C00,2025,23.85,,THPT
DMT,Đại học Tài nguyên và Môi trường Hà Nội,7340116,Bất động sản,C00,2025,23.85,,THPT
DMT,Trường Đại học Tài Nguyên và Môi Trường Hà Nội,7340116,Bất động sản,D01,2025,23.85,,THPT
DMT,Đại học Tài nguyên và Môi trường Hà Nội,7340116,Bất động sản,D01,2025,23.85,,THPT
DMT,Trường Đại học Tài Nguyên và Môi Trường Hà Nội,7340301,Kế toán,A00,2025,25.25,,THPT
DMT,Trường Đại học Tài Nguyên và Môi Trường Hà Nội,7340301,Kế toán,A01,2025,25.25,,THPT
DMT,Trường Đại học Tài Nguyên và Môi Trường Hà Nội,7340301,Kế toán,D01,2025,25.25,,THPT
DMT,Đại học Tài nguyên và Môi trường Hà Nội,7340301PH,Kế toán,A00,2025,25.25,,THPT
DMT,Đại học Tài nguyên và Môi trường Hà Nội,7340301PH,Kế toán,A01,2025,25.25,,THPT
DMT,Đại học Tài nguyên và Môi trường Hà Nội,7340301PH,Kế toán,B00,2025,25.25,,THPT
DMT,Đại học Tài nguyên và Môi trường Hà Nội,7340301PH,Kế toán,C00,2025,25.25,,THPT
DMT,Đại học Tài nguyên và Môi trường Hà Nội,7340301PH,Kế toán,D01,2025,25.25,,THPT
DMT,Đại học Tài nguyên và Môi trường Hà Nội,7380101,Ngành Luật,A00,2025,25.5,,THPT
DMT,Trường Đại học Tài Nguyên và Môi Trường Hà Nội,7380101,Luật,A00,2025,25.5,,THPT
DMT,Trường Đại học Tài Nguyên và Môi Trường Hà Nội,7380101,Luật,A01,2025,25.5,,THPT
DMT,Đại học Tài nguyên và Môi trường Hà Nội,7380101,Ngành Luật,A01,2025,25.5,,THPT
DMT,Đại học Tài nguyên và Môi trường Hà Nội,7380101,Ngành Luật,B00,2025,25.5,,THPT
DMT,Trường Đại học Tài Nguyên và Môi Trường Hà Nội,7380101,Luật,C00,2025,25.5,,THPT
DMT,Đại học Tài nguyên và Môi trường Hà Nội,7380101,Ngành Luật,C00,2025,25.5,,THPT
DMT,Trường Đại học Tài Nguyên và Môi Trường Hà Nội,7380101,Luật,D01,2025,25.5,,THPT
DMT,Đại học Tài nguyên và Môi trường Hà Nội,7380101,Ngành Luật,D01,2025,25.5,,THPT
DMT,Đại học Tài nguyên và Môi trường Hà Nội,7440222,Khí tượng và Khí hậu học,A00,2025,15.0,,THPT
DMT,Trường Đại học Tài Nguyên và Môi Trường Hà Nội,7440222,Khí tượng và khí hậu học,A00,2025,15.0,,THPT
DMT,Trường Đại học Tài Nguyên và Môi Trường Hà Nội,7440222,Khí tượng và khí hậu học,A01,2025,15.0,,THPT
DMT,Đại học Tài nguyên và Môi trường Hà Nội,7440222,Khí tượng và Khí hậu học,A01,2025,15.0,,THPT
DMT,Trường Đại học Tài Nguyên và Môi Trường Hà Nội,7440222,Khí tượng và khí hậu học,B00,2025,15.0,,THPT
DMT,Đại học Tài nguyên và Môi trường Hà Nội,7440222,Khí tượng và Khí hậu học,B00,2025,15.0,,THPT
DMT,Trường Đại học Tài Nguyên và Môi Trường Hà Nội,7440222,Khí tượng và khí hậu học,D01,2025,15.0,,THPT
DMT,Đại học Tài nguyên và Môi trường Hà Nội,7440222,Khí tượng và Khí hậu học,D01,2025,15.0,,THPT
DMT,Đại học Tài nguyên và Môi trường Hà Nội,7440224,Thủy văn học,A00,2025,15.0,,THPT
DMT,Trường Đại học Tài Nguyên và Môi Trường Hà Nội,7440224,Thủy văn học,A00,2025,15.0,,THPT
DMT,Trường Đại học Tài Nguyên và Môi Trường Hà Nội,7440224,Thủy văn học,A01,2025,15.0,,THPT
DMT,Đại học Tài nguyên và Môi trường Hà Nội,7440224,Thủy văn học,A01,2025,15.0,,THPT
DMT,Trường Đại học Tài Nguyên và Môi Trường Hà Nội,7440224,Thủy văn học,B00,2025,15.0,,THPT
DMT,Đại học Tài nguyên và Môi trường Hà Nội,7440224,Thủy văn học,B00,2025,15.0,,THPT
DMT,Trường Đại học Tài Nguyên và Môi Trường Hà Nội,7440224,Thủy văn học,D01,2025,15.0,,THPT
DMT,Đại học Tài nguyên và Môi trường Hà Nội,7440224,Thủy văn học,D01,2025,15.0,,THPT
DMT,Đại học Tài nguyên và Môi trường Hà Nội,7440298,Biến đổi khí hậu và phát triển bền vững,A00,2025,15.0,,THPT
DMT,Trường Đại học Tài Nguyên và Môi Trường Hà Nội,7440298,Biến đổi khí hậu và phát triển bền vững,A00,2025,15.0,,THPT
DMT,Trường Đại học Tài Nguyên và Môi Trường Hà Nội,7440298,Biến đổi khí hậu và phát triển bền vững,C00,2025,15.0,,THPT
DMT,Đại học Tài nguyên và Môi trường Hà Nội,7440298,Biến đổi khí hậu và phát triển bền vững,C00,2025,15.0,,THPT
DMT,Trường Đại học Tài Nguyên và Môi Trường Hà Nội,7440298,Biến đổi khí hậu và phát triển bền vững,D01,2025,15.0,,THPT
DMT,Đại học Tài nguyên và Môi trường Hà Nội,7440298,Biến đổi khí hậu và phát triển bền vững,D01,2025,15.0,,THPT
DMT,Đại học Tài nguyên và Môi trường Hà Nội,7440298,Biến đổi khí hậu và phát triển bền vững,D10,2025,15.0,,THPT
DMT,Đại học Tài nguyên và Môi trường Hà Nội,7480201,Công nghệ thông tin,A00,2025,24.35,,THPT
DMT,Trường Đại học Tài Nguyên và Môi Trường Hà Nội,7480201,Công nghệ thông tin,A00,2025,24.35,,THPT
DMT,Trường Đại học Tài Nguyên và Môi Trường Hà Nội,7480201,Công nghệ thông tin,A01,2025,24.35,,THPT
DMT,Đại học Tài nguyên và Môi trường Hà Nội,7480201,Công nghệ thông tin,A01,2025,24.35,,THPT
DMT,Trường Đại học Tài Nguyên và Môi Trường Hà Nội,7480201,Công nghệ thông tin,B00,2025,24.35,,THPT
DMT,Đại học Tài nguyên và Môi trường Hà Nội,7480201,Công nghệ thông tin,B00,2025,24.35,,THPT
DMT,Trường Đại học Tài Nguyên và Môi Trường Hà Nội,7480201,Công nghệ thông tin,D01,2025,24.35,,THPT
DMT,Đại học Tài nguyên và Môi trường Hà Nội,7480201,Công nghệ thông tin,D01,2025,24.35,,THPT
DMT,Đại học Tài nguyên và Môi trường Hà Nội,7510406,Công nghệ kỹ thuật Môi trường,A00,2025,15.5,,THPT
DMT,Trường Đại học Tài Nguyên và Môi Trường Hà Nội,7510406,Công nghệ kỹ thuật môi trường,A00,2025,15.5,,THPT
DMT,Trường Đại học Tài Nguyên và Môi Trường Hà Nội,7510406,Công nghệ kỹ thuật môi trường,A01,2025,15.5,,THPT
DMT,Trường Đại học Tài Nguyên và Môi Trường Hà Nội,7510406,Công nghệ kỹ thuật môi trường,B00,2025,15.5,,THPT
DMT,Đại học Tài nguyên và Môi trường Hà Nội,7510406,Công nghệ kỹ thuật Môi trường,B00,2025,15.5,,THPT
DMT,Trường Đại học Tài Nguyên và Môi Trường Hà Nội,7510406,Công nghệ kỹ thuật môi trường,D01,2025,15.5,,THPT
DMT,Đại học Tài nguyên và Môi trường Hà Nội,7510406,Công nghệ kỹ thuật Môi trường,D01,2025,15.5,,THPT
DMT,Trường Đại học Tài Nguyên và Môi Trường Hà Nội,7510406,Công nghệ kỹ thuật môi trường,D07,2025,15.5,,THPT
DMT,Đại học Tài nguyên và Môi trường Hà Nội,7510406,Công nghệ kỹ thuật Môi trường,D07,2025,15.5,,THPT
DMT,Trường Đại học Tài Nguyên và Môi Trường Hà Nội,7510406,Công nghệ kỹ thuật môi trường,D08,2025,15.5,,THPT
DMT,Đại học Tài nguyên và Môi trường Hà Nội,7510406,Công nghệ kỹ thuật Môi trường,D10,2025,15.5,,THPT
DMT,Đại học Tài nguyên và Môi trường Hà Nội,7510605,Logistics và Quản lý chuỗi cung ứng,A00,2025,26.5,,THPT
DMT,Trường Đại học Tài Nguyên và Môi Trường Hà Nội,7510605,Logistics và Quản ký chuỗi cung ứng,A00,2025,26.5,,THPT
DMT,Trường Đại học Tài Nguyên và Môi Trường Hà Nội,7510605,Logistics và Quản ký chuỗi cung ứng,A01,2025,26.5,,THPT
DMT,Đại học Tài nguyên và Môi trường Hà Nội,7510605,Logistics và Quản lý chuỗi cung ứng,A01,2025,26.5,,THPT
DMT,Đại học Tài nguyên và Môi trường Hà Nội,7510605,Logistics và Quản lý chuỗi cung ứng,B00,2025,26.5,,THPT
DMT,Trường Đại học Tài Nguyên và Môi Trường Hà Nội,7510605,Logistics và Quản ký chuỗi cung ứng,C00,2025,26.5,,THPT
DMT,Đại học Tài nguyên và Môi trường Hà Nội,7510605,Logistics và Quản lý chuỗi cung ứng,C00,2025,26.5,,THPT
DMT,Trường Đại học Tài Nguyên và Môi Trường Hà Nội,7510605,Logistics và Quản ký chuỗi cung ứng,D01,2025,26.5,,THPT
DMT,Đại học Tài nguyên và Môi trường Hà Nội,7510605,Logistics và Quản lý chuỗi cung ứng,D01,2025,26.5,,THPT
DMT,Đại học Tài nguyên và Môi trường Hà Nội,7520501,Kỹ thuật địa chất,A00,2025,15.0,,THPT
DMT,Trường Đại học Tài Nguyên và Môi Trường Hà Nội,7520501,Kỹ thuật địa chất,A00,2025,15.0,,THPT
DMT,Trường Đại học Tài Nguyên và Môi Trường Hà Nội,7520501,Kỹ thuật địa chất,A01,2025,15.0,,THPT
DMT,Đại học Tài nguyên và Môi trường Hà Nội,7520501,Kỹ thuật địa chất,A01,2025,15.0,,THPT
DMT,Trường Đại học Tài Nguyên và Môi Trường Hà Nội,7520501,Kỹ thuật địa chất,D01,2025,15.0,,THPT
DMT,Đại học Tài nguyên và Môi trường Hà Nội,7520501,Kỹ thuật địa chất,D01,2025,15.0,,THPT
DMT,Đại học Tài nguyên và Môi trường Hà Nội,7520501,Kỹ thuật địa chất,D10,2025,15.0,,THPT
DMT,Đại học Tài nguyên và Môi trường Hà Nội,7520503,Kỹ thuật trắc địa – bản đồ,A00,2025,15.0,,THPT
DMT,Trường Đại học Tài Nguyên và Môi Trường Hà Nội,7520503,Ký thuật trắc địa - bản đồ,A00,2025,15.0,,THPT
DMT,Trường Đại học Tài Nguyên và Môi Trường Hà Nội,7520503,Ký thuật trắc địa - bản đồ,A01,2025,15.0,,THPT
DMT,Đại học Tài nguyên và Môi trường Hà Nội,7520503,Kỹ thuật trắc địa – bản đồ,A01,2025,15.0,,THPT
DMT,Trường Đại học Tài Nguyên và Môi Trường Hà Nội,7520503,Ký thuật trắc địa - bản đồ,D01,2025,15.0,,THPT
DMT,Đại học Tài nguyên và Môi trường Hà Nội,7520503,Kỹ thuật trắc địa – bản đồ,D01,2025,15.0,,THPT
DMT,Đại học Tài nguyên và Môi trường Hà Nội,7520503,Kỹ thuật trắc địa – bản đồ,D10,2025,15.0,,THPT
DMT,Phân hiệu ĐH Tài nguyên và Môi trường tại Thanh Hoá,7520503PH,Kỹ thuật trắc địa – bản đồ,A00,2025,15.0,,THPT
DMT,Trường Đại học Tài Nguyên và Môi Trường Hà Nội,7520503PH,Kỹ thuật trắc địa - bản đồ,A00,2025,15.0,,THPT
DMT,Trường Đại học Tài Nguyên và Môi Trường Hà Nội,7520503PH,Kỹ thuật trắc địa - bản đồ,A01,2025,15.0,,THPT
DMT,Phân hiệu ĐH Tài nguyên và Môi trường tại Thanh Hoá,7520503PH,Kỹ thuật trắc địa – bản đồ,A01,2025,15.0,,THPT
DMT,Trường Đại học Tài Nguyên và Môi Trường Hà Nội,7520503PH,Kỹ thuật trắc địa - bản đồ,D01,2025,15.0,,THPT
DMT,Phân hiệu ĐH Tài nguyên và Môi trường tại Thanh Hoá,7520503PH,Kỹ thuật trắc địa – bản đồ,D01,2025,15.0,,THPT
DMT,Đại học Tài nguyên và Môi trường Hà Nội,7540106,Đảm bảo chất lượng và an toàn thực phẩm,A00,2025,15.0,,THPT
DMT,Trường Đại học Tài Nguyên và Môi Trường Hà Nội,7540106,Đảm bảo chất lượng và an toàn thực phẩm,A00,2025,15.0,,THPT
DMT,Trường Đại học Tài Nguyên và Môi Trường Hà Nội,7540106,Đảm bảo chất lượng và an toàn thực phẩm,A01,2025,15.0,,THPT
DMT,Đại học Tài nguyên và Môi trường Hà Nội,7540106,Đảm bảo chất lượng và an toàn thực phẩm,A01,2025,15.0,,THPT
DMT,Trường Đại học Tài Nguyên và Môi Trường Hà Nội,7540106,Đảm bảo chất lượng và an toàn thực phẩm,B00,2025,15.0,,THPT
DMT,Đại học Tài nguyên và Môi trường Hà Nội,7540106,Đảm bảo chất lượng và an toàn thực phẩm,B00,2025,15.0,,THPT
DMT,Trường Đại học Tài Nguyên và Môi Trường Hà Nội,7540106,Đảm bảo chất lượng và an toàn thực phẩm,D01,2025,15.0,,THPT
DMT,Đại học Tài nguyên và Môi trường Hà Nội,7540106,Đảm bảo chất lượng và an toàn thực phẩm,D01,2025,15.0,,THPT
DMT,Trường Đại học Tài Nguyên và Môi Trường Hà Nội,7540106,Đảm bảo chất lượng và an toàn thực phẩm,D07,2025,15.0,,THPT
DMT,Đại học Tài nguyên và Môi trường Hà Nội,7540106,Đảm bảo chất lượng và an toàn thực phẩm,D07,2025,15.0,,THPT
DMT,Trường Đại học Tài Nguyên và Môi Trường Hà Nội,7540106,Đảm bảo chất lượng và an toàn thực phẩm,D08,2025,15.0,,THPT
DMT,Đại học Tài nguyên và Môi trường Hà Nội,7540106,Đảm bảo chất lượng và an toàn thực phẩm,D10,2025,15.0,,THPT
DMT,Đại học Tài nguyên và Môi trường Hà Nội,7810103,Quản trị dịch vụ du lịch và lữ hành,A00,2025,25.6,,THPT
DMT,Trường Đại học Tài Nguyên và Môi Trường Hà Nội,7810103,Quản trị dịch vụ du lịch và lữ hành,A00,2025,25.6,,THPT
DMT,Trường Đại học Tài Nguyên và Môi Trường Hà Nội,7810103,Quản trị dịch vụ du lịch và lữ hành,A01,2025,25.6,,THPT
DMT,Đại học Tài nguyên và Môi trường Hà Nội,7810103,Quản trị dịch vụ du lịch và lữ hành,A01,2025,25.6,,THPT
DMT,Đại học Tài nguyên và Môi trường Hà Nội,7810103,Quản trị dịch vụ du lịch và lữ hành,B00,2025,25.6,,THPT
DMT,Trường Đại học Tài Nguyên và Môi Trường Hà Nội,7810103,Quản trị dịch vụ du lịch và lữ hành,C00,2025,25.6,,THPT
DMT,Đại học Tài nguyên và Môi trường Hà Nội,7810103,Quản trị dịch vụ du lịch và lữ hành,C00,2025,25.6,,THPT
DMT,Trường Đại học Tài Nguyên và Môi Trường Hà Nội,7810103,Quản trị dịch vụ du lịch và lữ hành,D01,2025,25.6,,THPT
DMT,Đại học Tài nguyên và Môi trường Hà Nội,7810103,Quản trị dịch vụ du lịch và lữ hành,D01,2025,25.6,,THPT
DMT,Đại học Tài nguyên và Môi trường Hà Nội,7810201,Quản trị khách sạn,A00,2025,25.6,,THPT
DMT,Trường Đại học Tài Nguyên và Môi Trường Hà Nội,7810201,Quản trị khách sạn,A00,2025,25.6,,THPT
DMT,Trường Đại học Tài Nguyên và Môi Trường Hà Nội,7810201,Quản trị khách sạn,A01,2025,25.6,,THPT
DMT,Đại học Tài nguyên và Môi trường Hà Nội,7810201,Quản trị khách sạn,A01,2025,25.6,,THPT
DMT,Đại học Tài nguyên và Môi trường Hà Nội,7810201,Quản trị khách sạn,B00,2025,25.6,,THPT
DMT,Trường Đại học Tài Nguyên và Môi Trường Hà Nội,7810201,Quản trị khách sạn,C00,2025,25.6,,THPT
DMT,Đại học Tài nguyên và Môi trường Hà Nội,7810201,Quản trị khách sạn,C00,2025,25.6,,THPT
DMT,Trường Đại học Tài Nguyên và Môi Trường Hà Nội,7810201,Quản trị khách sạn,D01,2025,25.6,,THPT
DMT,Đại học Tài nguyên và Môi trường Hà Nội,7810201,Quản trị khách sạn,D01,2025,25.6,,THPT
DMT,Đại học Tài nguyên và Môi trường Hà Nội,7850101,Quản lý tài nguyên và môi trường,A00,2025,21.25,,THPT
DMT,Trường Đại học Tài Nguyên và Môi Trường Hà Nội,7850101,Quản lý tài nguyên và môi trường,A00,2025,21.25,,THPT
DMT,Trường Đại học Tài Nguyên và Môi Trường Hà Nội,7850101,Quản lý tài nguyên và môi trường,B00,2025,21.25,,THPT
DMT,Đại học Tài nguyên và Môi trường Hà Nội,7850101,Quản lý tài nguyên và môi trường,B00,2025,21.25,,THPT
DMT,Trường Đại học Tài Nguyên và Môi Trường Hà Nội,7850101,Quản lý tài nguyên và môi trường,D01,2025,21.25,,THPT
DMT,Đại học Tài nguyên và Môi trường Hà Nội,7850101,Quản lý tài nguyên và môi trường,D01,2025,21.25,,THPT
DMT,Đại học Tài nguyên và Môi trường Hà Nội,7850101,Quản lý tài nguyên và môi trường,D07,2025,21.25,,THPT
DMT,Đại học Tài nguyên và Môi trường Hà Nội,7850102,Kinh tế tài nguyên thiên nhiên,A00,2025,15.0,,THPT
DMT,Trường Đại học Tài Nguyên và Môi Trường Hà Nội,7850102,Kinh tế tài nguyên thiên nhiên,A00,2025,15.0,,THPT
DMT,Trường Đại học Tài Nguyên và Môi Trường Hà Nội,7850102,Kinh tế tài nguyên thiên nhiên,A01,2025,15.0,,THPT
DMT,Đại học Tài nguyên và Môi trường Hà Nội,7850102,Kinh tế tài nguyên thiên nhiên,C00,2025,15.0,,THPT
DMT,Trường Đại học Tài Nguyên và Môi Trường Hà Nội,7850102,Kinh tế tài nguyên thiên nhiên,D01,2025,15.0,,THPT
DMT,Đại học Tài nguyên và Môi trường Hà Nội,7850102,Kinh tế tài nguyên thiên nhiên,D01,2025,15.0,,THPT
DMT,Đại học Tài nguyên và Môi trường Hà Nội,7850102,Kinh tế tài nguyên thiên nhiên,D07,2025,15.0,,THPT
DMT,Đại học Tài nguyên và Môi trường Hà Nội,7850103,Quản lý đất đai,A00,2025,23.5,,THPT
DMT,Trường Đại học Tài Nguyên và Môi Trường Hà Nội,7850103,Quản lý đất đai,A00,2025,23.5,,THPT
DMT,Trường Đại học Tài Nguyên và Môi Trường Hà Nội,7850103,Quản lý đất đai,B00,2025,23.5,,THPT
DMT,Đại học Tài nguyên và Môi trường Hà Nội,7850103,Quản lý đất đai,B00,2025,23.5,,THPT
DMT,Trường Đại học Tài Nguyên và Môi Trường Hà Nội,7850103,Quản lý đất đai,C00,2025,23.5,,THPT
DMT,Đại học Tài nguyên và Môi trường Hà Nội,7850103,Quản lý đất đai,C00,2025,23.5,,THPT
DMT,Trường Đại học Tài Nguyên và Môi Trường Hà Nội,7850103,Quản lý đất đai,D01,2025,23.5,,THPT
DMT,Đại học Tài nguyên và Môi trường Hà Nội,7850103,Quản lý đất đai,D01,2025,23.5,,THPT
DMT,Phân hiệu ĐH Tài nguyên và Môi trường tại Thanh Hoá,7850103PH,Quản lý đất đai,A00,2025,15.0,,THPT
DMT,Trường Đại học Tài Nguyên và Môi Trường Hà Nội,7850103PH,Quản lý đất đai,A00,2025,15.0,,THPT
DMT,Trường Đại học Tài Nguyên và Môi Trường Hà Nội,7850103PH,Quản lý đất đai,B00,2025,15.0,,THPT
DMT,Phân hiệu ĐH Tài nguyên và Môi trường tại Thanh Hoá,7850103PH,Quản lý đất đai,B00,2025,15.0,,THPT
DMT,Trường Đại học Tài Nguyên và Môi Trường Hà Nội,7850103PH,Quản lý đất đai,C00,2025,15.0,,THPT
DMT,Phân hiệu ĐH Tài nguyên và Môi trường tại Thanh Hoá,7850103PH,Quản lý đất đai,C00,2025,15.0,,THPT
DMT,Trường Đại học Tài Nguyên và Môi Trường Hà Nội,7850103PH,Quản lý đất đai,D01,2025,15.0,,THPT
DMT,Phân hiệu ĐH Tài nguyên và Môi trường tại Thanh Hoá,7850103PH,Quản lý đất đai,D01,2025,15.0,,THPT
DMT,Đại học Tài nguyên và Môi trường Hà Nội,7850198,Quản lý tài nguyên nước,A00,2025,15.0,,THPT
DMT,Trường Đại học Tài Nguyên và Môi Trường Hà Nội,7850198,Quản lý tài nguyên nước,A00,2025,15.0,,THPT
DMT,Trường Đại học Tài Nguyên và Môi Trường Hà Nội,7850198,Quản lý tài nguyên nước,A01,2025,15.0,,THPT
DMT,Đại học Tài nguyên và Môi trường Hà Nội,7850198,Quản lý tài nguyên nước,A01,2025,15.0,,THPT
DMT,Trường Đại học Tài Nguyên và Môi Trường Hà Nội,7850198,Quản lý tài nguyên nước,B00,2025,15.0,,THPT
DMT,Đại học Tài nguyên và Môi trường Hà Nội,7850198,Quản lý tài nguyên nước,B00,2025,15.0,,THPT
DMT,Trường Đại học Tài Nguyên và Môi Trường Hà Nội,7850198,Quản lý tài nguyên nước,D01,2025,15.0,,THPT
DMT,Đại học Tài nguyên và Môi trường Hà Nội,7850198,Quản lý tài nguyên nước,D01,2025,15.0,,THPT
DMT,Đại học Tài nguyên và Môi trường Hà Nội,7850199,Quản lý biển,A00,2025,15.0,,THPT
DMT,Trường Đại học Tài Nguyên và Môi Trường Hà Nội,7850199,Quản lý biển,A00,2025,15.0,,THPT
DMT,Trường Đại học Tài Nguyên và Môi Trường Hà Nội,7850199,Quản lý biển,A01,2025,15.0,,THPT
DMT,Đại học Tài nguyên và Môi trường Hà Nội,7850199,Quản lý biển,A01,2025,15.0,,THPT
DMT,Trường Đại học Tài Nguyên và Môi Trường Hà Nội,7850199,Quản lý biển,B00,2025,15.0,,THPT
DMT,Đại học Tài nguyên và Môi trường Hà Nội,7850199,Quản lý biển,B00,2025,15.0,,THPT
DMT,Trường Đại học Tài Nguyên và Môi Trường Hà Nội,7850199,Quản lý biển,D01,2025,15.0,,THPT
DMT,Đại học Tài nguyên và Môi trường Hà Nội,7850199,Quản lý biển,D01,2025,15.0,,THPT
DNB,Đại học Hoa Lư,7140202,Giáo dục Tiểu học,D01,2025,23.0,,THPT
DNB,Trường Đại Học Hoa Lư,7140202,Giáo dục Tiểu học,D01,2025,23.0,,THPT
DNB,Đại học Hoa Lư,7140209,Sư phạm Toán học,A00,2025,24.02,,THPT
DNB,Trường Đại Học Hoa Lư,7140209,Sư phạm Toán học,A00,2025,24.02,,THPT
DNB,Trường Đại Học Hoa Lư,7140209,Sư phạm Toán học,A01,2025,24.02,,THPT
DNB,Đại học Hoa Lư,7140209,Sư phạm Toán học,A01,2025,24.02,,THPT
DNB,Đại học Hoa Lư,7140247,Sư phạm khoa học tự nhiên,A00,2025,20.1,,THPT
DNB,Trường Đại Học Hoa Lư,7140247,Sư phạm Khoa học tự nhiên,A00,2025,20.1,,THPT
DNB,Trường Đại Học Hoa Lư,7140247,Sư phạm Khoa học tự nhiên,A01,2025,20.1,,THPT
DNB,Đại học Hoa Lư,7140247,Sư phạm khoa học tự nhiên,A01,2025,20.1,,THPT
DNB,Đại học Hoa Lư,7140249,Sư phạm Lịch sử - Địa lý,C00,2025,27.07,,THPT
DNB,Trường Đại Học Hoa Lư,7140249,Sư phạm Lịch sử - Địa lý,C00,2025,27.07,,THPT
DNB,Đại học Hoa Lư,7340101,Quản trị Kinh doanh,D01,2025,16.0,,THPT
DNB,Trường Đại Học Hoa Lư,7340101,Quản trị kinh doanh,D01,2025,16.0,,THPT
DNB,Đại học Hoa Lư,7340301,Kế toán,D01,2025,16.0,,THPT
DNB,Trường Đại Học Hoa Lư,7340301,Kế toán,D01,2025,16.0,,THPT
DNB,Đại học Hoa Lư,7480201,Công nghệ thông tin,A00,2025,16.0,,THPT
DNB,Trường Đại Học Hoa Lư,7480201,Công nghệ thông tin,A00,2025,16.0,,THPT
DNB,Trường Đại Học Hoa Lư,7480201,Công nghệ thông tin,A01,2025,16.0,,THPT
DNB,Đại học Hoa Lư,7480201,Công nghệ thông tin,A01,2025,16.0,,THPT
DNB,Trường Đại Học Hoa Lư,7480201,Công nghệ thông tin,D01,2025,16.0,,THPT
DNB,Đại học Hoa Lư,7480201,Công nghệ thông tin,D01,2025,16.0,,THPT
DNB,Đại học Hoa Lư,7810101,Du lịch,D01,2025,18.0,,THPT
DNB,Trường Đại Học Hoa Lư,7810101,Du lịch,D01,2025,18.0,,THPT
DNC,Đại học Nam Cần Thơ,7220201,Ngôn ngữ Anh,A01,2025,15.0,,THPT
DNC,Trường Đại học Nam Cần Thơ,7220201,Ngôn ngữ Anh,A01,2025,15.0,,THPT
DNC,Trường Đại học Nam Cần Thơ,7220201,Ngôn ngữ Anh,D01,2025,15.0,,THPT
DNC,Đại học Nam Cần Thơ,7220201,Ngôn ngữ Anh,D01,2025,15.0,,THPT
DNC,Đại học Nam Cần Thơ,7320104,Truyền thông đa phương tiện,C00,2025,15.0,,THPT
DNC,Trường Đại học Nam Cần Thơ,7320104,Truyền thông đa phương tiện,C00,2025,15.0,,THPT
DNC,Trường Đại học Nam Cần Thơ,7320104,Truyền thông đa phương tiện,D01,2025,15.0,,THPT
DNC,Đại học Nam Cần Thơ,7320104,Truyền thông đa phương tiện,D01,2025,15.0,,THPT
DNC,Đại học Nam Cần Thơ,7320108,Quan hệ công chúng,C00,2025,15.0,,THPT
DNC,Trường Đại học Nam Cần Thơ,7320108,Quan hệ công chúng (PR),C00,2025,15.0,,THPT
DNC,Trường Đại học Nam Cần Thơ,7320108,Quan hệ công chúng (PR),D01,2025,15.0,,THPT
DNC,Đại học Nam Cần Thơ,7320108,Quan hệ công chúng,D01,2025,15.0,,THPT
DNC,Đại học Nam Cần Thơ,7340101,Quản trị Kinh doanh,A00,2025,15.0,,THPT
DNC,Trường Đại học Nam Cần Thơ,7340101,Quản trị kinh doanh,A00,2025,15.0,,THPT
DNC,Trường Đại học Nam Cần Thơ,7340101,Quản trị kinh doanh,A01,2025,15.0,,THPT
DNC,Đại học Nam Cần Thơ,7340101,Quản trị Kinh doanh,A01,2025,15.0,,THPT
DNC,Trường Đại học Nam Cần Thơ,7340101,Quản trị kinh doanh,D01,2025,15.0,,THPT
DNC,Đại học Nam Cần Thơ,7340101,Quản trị Kinh doanh,D01,2025,15.0,,THPT
DNC,Trường Đại học Nam Cần Thơ,7340101,Quản trị kinh doanh,D10,2025,15.0,,THPT
DNC,Đại học Nam Cần Thơ,7340101,Quản trị Kinh doanh,D10,2025,15.0,,THPT
DNC,Đại học Nam Cần Thơ,7340115,Marketing,A00,2025,15.0,,THPT
DNC,Trường Đại học Nam Cần Thơ,7340115,Marketing,A00,2025,15.0,,THPT
DNC,Trường Đại học Nam Cần Thơ,7340115,Marketing,A01,2025,15.0,,THPT
DNC,Đại học Nam Cần Thơ,7340115,Marketing,A01,2025,15.0,,THPT
DNC,Trường Đại học Nam Cần Thơ,7340115,Marketing,D01,2025,15.0,,THPT
DNC,Đại học Nam Cần Thơ,7340115,Marketing,D01,2025,15.0,,THPT
DNC,Trường Đại học Nam Cần Thơ,7340115,Marketing,D10,2025,15.0,,THPT
DNC,Đại học Nam Cần Thơ,7340115,Marketing,D10,2025,15.0,,THPT
DNC,Đại học Nam Cần Thơ,7340116,Bất động sản,A00,2025,15.0,,THPT
DNC,Trường Đại học Nam Cần Thơ,7340116,Bất động sản,A00,2025,15.0,,THPT
DNC,Trường Đại học Nam Cần Thơ,7340116,Bất động sản,B00,2025,15.0,,THPT
DNC,Đại học Nam Cần Thơ,7340116,Bất động sản,B00,2025,15.0,,THPT
DNC,Trường Đại học Nam Cần Thơ,7340116,Bất động sản,D01,2025,15.0,,THPT
DNC,Đại học Nam Cần Thơ,7340116,Bất động sản,D01,2025,15.0,,THPT
DNC,Đại học Nam Cần Thơ,7340120,Ngành Kinh doanh quốc tế,A00,2025,15.0,,THPT
DNC,Trường Đại học Nam Cần Thơ,7340120,Kinh doanh quốc tế,A00,2025,15.0,,THPT
DNC,Trường Đại học Nam Cần Thơ,7340120,Kinh doanh quốc tế,A01,2025,15.0,,THPT
DNC,Đại học Nam Cần Thơ,7340120,Ngành Kinh doanh quốc tế,A01,2025,15.0,,THPT
DNC,Trường Đại học Nam Cần Thơ,7340120,Kinh doanh quốc tế,D01,2025,15.0,,THPT
DNC,Đại học Nam Cần Thơ,7340120,Ngành Kinh doanh quốc tế,D01,2025,15.0,,THPT
DNC,Trường Đại học Nam Cần Thơ,7340120,Kinh doanh quốc tế,D10,2025,15.0,,THPT
DNC,Đại học Nam Cần Thơ,7340120,Ngành Kinh doanh quốc tế,D10,2025,15.0,,THPT
DNC,Đại học Nam Cần Thơ,7340122,Thương mại điện tử,A00,2025,15.0,,THPT
DNC,Trường Đại học Nam Cần Thơ,7340122,Thương mại điện tử,A00,2025,15.0,,THPT
DNC,Trường Đại học Nam Cần Thơ,7340122,Thương mại điện tử,A01,2025,15.0,,THPT
DNC,Đại học Nam Cần Thơ,7340122,Thương mại điện tử,A01,2025,15.0,,THPT
DNC,Trường Đại học Nam Cần Thơ,7340122,Thương mại điện tử,D01,2025,15.0,,THPT
DNC,Đại học Nam Cần Thơ,7340122,Thương mại điện tử,D01,2025,15.0,,THPT
DNC,Trường Đại học Nam Cần Thơ,7340122,Thương mại điện tử,D10,2025,15.0,,THPT
DNC,Đại học Nam Cần Thơ,7340122,Thương mại điện tử,D10,2025,15.0,,THPT
DNC,Đại học Nam Cần Thơ,7340201,Tài chính – Ngân hàng,A00,2025,15.0,,THPT
DNC,Trường Đại học Nam Cần Thơ,7340201,Tài chính – ngân hàng,A00,2025,15.0,,THPT
DNC,Trường Đại học Nam Cần Thơ,7340201,Tài chính – ngân hàng,A01,2025,15.0,,THPT
DNC,Đại học Nam Cần Thơ,7340201,Tài chính – Ngân hàng,A01,2025,15.0,,THPT
DNC,Trường Đại học Nam Cần Thơ,7340201,Tài chính – ngân hàng,D01,2025,15.0,,THPT
DNC,Đại học Nam Cần Thơ,7340201,Tài chính – Ngân hàng,D01,2025,15.0,,THPT
DNC,Trường Đại học Nam Cần Thơ,7340201,Tài chính – ngân hàng,D10,2025,15.0,,THPT
DNC,Đại học Nam Cần Thơ,7340201,Tài chính – Ngân hàng,D10,2025,15.0,,THPT
DNC,Đại học Nam Cần Thơ,7340301,Kế toán,A00,2025,15.0,,THPT
DNC,Trường Đại học Nam Cần Thơ,7340301,Kế toán,A00,2025,15.0,,THPT
DNC,Trường Đại học Nam Cần Thơ,7340301,Kế toán,A01,2025,15.0,,THPT
DNC,Đại học Nam Cần Thơ,7340301,Kế toán,A01,2025,15.0,,THPT
DNC,Trường Đại học Nam Cần Thơ,7340301,Kế toán,D01,2025,15.0,,THPT
DNC,Đại học Nam Cần Thơ,7340301,Kế toán,D01,2025,15.0,,THPT
DNC,Trường Đại học Nam Cần Thơ,7340301,Kế toán,D10,2025,15.0,,THPT
DNC,Đại học Nam Cần Thơ,7340301,Kế toán,D10,2025,15.0,,THPT
DNC,Đại học Nam Cần Thơ,7340412,Quản trị sự kiện,A00,2025,15.0,,THPT
DNC,Trường Đại học Nam Cần Thơ,7340412,Kinh tế số,A00,2025,15.0,,THPT
DNC,Trường Đại học Nam Cần Thơ,7340412,Kinh tế số,A01,2025,15.0,,THPT
DNC,Đại học Nam Cần Thơ,7340412,Quản trị sự kiện,A01,2025,15.0,,THPT
DNC,Trường Đại học Nam Cần Thơ,7340412,Kinh tế số,D01,2025,15.0,,THPT
DNC,Đại học Nam Cần Thơ,7340412,Quản trị sự kiện,D01,2025,15.0,,THPT
DNC,Trường Đại học Nam Cần Thơ,7340412,Kinh tế số,D10,2025,15.0,,THPT
DNC,Đại học Nam Cần Thơ,7340412,Quản trị sự kiện,D10,2025,15.0,,THPT
DNC,Đại học Nam Cần Thơ,7380101,Ngành Luật,C00,2025,15.0,,THPT
DNC,Trường Đại học Nam Cần Thơ,7380101,Luật,C00,2025,15.0,,THPT
DNC,Trường Đại học Nam Cần Thơ,7380101,Luật,D01,2025,15.0,,THPT
DNC,Đại học Nam Cần Thơ,7380101,Ngành Luật,D01,2025,15.0,,THPT
DNC,Đại học Nam Cần Thơ,7380107,Luật kinh tế,C00,2025,15.0,,THPT
DNC,Trường Đại học Nam Cần Thơ,7380107,Luật Kinh tế,C00,2025,15.0,,THPT
DNC,Trường Đại học Nam Cần Thơ,7380107,Luật Kinh tế,D01,2025,15.0,,THPT
DNC,Đại học Nam Cần Thơ,7380107,Luật kinh tế,D01,2025,15.0,,THPT
DNC,Đại học Nam Cần Thơ,7480101,Khoa học máy tính,A00,2025,15.0,,THPT
DNC,Trường Đại học Nam Cần Thơ,7480101,Khoa học máy tính,A00,2025,15.0,,THPT
DNC,Trường Đại học Nam Cần Thơ,7480101,Khoa học máy tính,A01,2025,15.0,,THPT
DNC,Đại học Nam Cần Thơ,7480101,Khoa học máy tính,A01,2025,15.0,,THPT
DNC,Trường Đại học Nam Cần Thơ,7480101,Khoa học máy tính,D01,2025,15.0,,THPT
DNC,Đại học Nam Cần Thơ,7480101,Khoa học máy tính,D01,2025,15.0,,THPT
DNC,Trường Đại học Nam Cần Thơ,7480101-01,Khoa học máy tính (Chuyên ngành Thiết kế vi mạch bán dẫn),A00,2025,15.0,,THPT
DNC,Trường Đại học Nam Cần Thơ,7480101-01,Khoa học máy tính (Chuyên ngành Thiết kế vi mạch bán dẫn),A01,2025,15.0,,THPT
DNC,Trường Đại học Nam Cần Thơ,7480101-01,Khoa học máy tính (Chuyên ngành Thiết kế vi mạch bán dẫn),D01,2025,15.0,,THPT
DNC,Đại học Nam Cần Thơ,7480102,Mạng máy tính và truyền thông dữ liệu,A00,2025,15.0,,THPT
DNC,Trường Đại học Nam Cần Thơ,7480102,Mạng máy tính và truyền thông dữ liệu,A00,2025,15.0,,THPT
DNC,Trường Đại học Nam Cần Thơ,7480102,Mạng máy tính và truyền thông dữ liệu,A01,2025,15.0,,THPT
DNC,Đại học Nam Cần Thơ,7480102,Mạng máy tính và truyền thông dữ liệu,A01,2025,15.0,,THPT
DNC,Trường Đại học Nam Cần Thơ,7480102,Mạng máy tính và truyền thông dữ liệu,D01,2025,15.0,,THPT
DNC,Đại học Nam Cần Thơ,7480102,Mạng máy tính và truyền thông dữ liệu,D01,2025,15.0,,THPT
DNC,Đại học Nam Cần Thơ,7480103,Kỹ thuật phần mềm,A00,2025,15.0,,THPT
DNC,Trường Đại học Nam Cần Thơ,7480103,Kỹ thuật phần mềm,A00,2025,15.0,,THPT
DNC,Trường Đại học Nam Cần Thơ,7480103,Kỹ thuật phần mềm,A01,2025,15.0,,THPT
DNC,Đại học Nam Cần Thơ,7480103,Kỹ thuật phần mềm,A01,2025,15.0,,THPT
DNC,Trường Đại học Nam Cần Thơ,7480103,Kỹ thuật phần mềm,D01,2025,15.0,,THPT
DNC,Đại học Nam Cần Thơ,7480103,Kỹ thuật phần mềm,D01,2025,15.0,,THPT
DNC,Đại học Nam Cần Thơ,7480201,Công nghệ thông tin,A00,2025,15.0,,THPT
DNC,Trường Đại học Nam Cần Thơ,7480201,Công nghệ thông tin,A00,2025,15.0,,THPT
DNC,Trường Đại học Nam Cần Thơ,7480201,Trí tuệ nhân tạo,A00,2025,15.0,,THPT
DNC,Trường Đại học Nam Cần Thơ,7480201,Công nghệ thông tin,A01,2025,15.0,,THPT
DNC,Trường Đại học Nam Cần Thơ,7480201,Trí tuệ nhân tạo,A01,2025,15.0,,THPT
DNC,Đại học Nam Cần Thơ,7480201,Công nghệ thông tin,A01,2025,15.0,,THPT
DNC,Trường Đại học Nam Cần Thơ,7480201,Công nghệ thông tin,D01,2025,15.0,,THPT
DNC,Trường Đại học Nam Cần Thơ,7480201,Trí tuệ nhân tạo,D01,2025,15.0,,THPT
DNC,Đại học Nam Cần Thơ,7480201,Công nghệ thông tin,D01,2025,15.0,,THPT
DNC,Đại học Nam Cần Thơ,7510205,Công nghệ kỹ thuật ô tô,A00,2025,15.0,,THPT
DNC,Trường Đại học Nam Cần Thơ,7510205,Công nghệ kỹ thuật ô tô,A00,2025,15.0,,THPT
DNC,Trường Đại học Nam Cần Thơ,7510205,Công nghệ kỹ thuật ô tô,A01,2025,15.0,,THPT
DNC,Đại học Nam Cần Thơ,7510205,Công nghệ kỹ thuật ô tô,A01,2025,15.0,,THPT
DNC,Trường Đại học Nam Cần Thơ,7510205,Công nghệ kỹ thuật ô tô,D01,2025,15.0,,THPT
DNC,Đại học Nam Cần Thơ,7510205,Công nghệ kỹ thuật ô tô,D01,2025,15.0,,THPT
DNC,Trường Đại học Nam Cần Thơ,7510205,Công nghệ kỹ thuật ô tô,D07,2025,15.0,,THPT
DNC,Đại học Nam Cần Thơ,7510205,Công nghệ kỹ thuật ô tô,D07,2025,15.0,,THPT
DNC,Trường Đại học Nam Cần Thơ,7510205-01,Công nghệ kỹ thuật ô tô (Chuyên ngành Ô tô điện),A00,2025,15.0,,THPT
DNC,Trường Đại học Nam Cần Thơ,7510205-01,Công nghệ kỹ thuật ô tô (Chuyên ngành Ô tô điện),A01,2025,15.0,,THPT
DNC,Trường Đại học Nam Cần Thơ,7510205-01,Công nghệ kỹ thuật ô tô (Chuyên ngành Ô tô điện),D01,2025,15.0,,THPT
DNC,Trường Đại học Nam Cần Thơ,7510205-01,Công nghệ kỹ thuật ô tô (Chuyên ngành Ô tô điện),D07,2025,15.0,,THPT
DNC,Đại học Nam Cần Thơ,7510301,"Công nghệ kỹ thuật điện, điện tử",A00,2025,15.0,,THPT
DNC,Trường Đại học Nam Cần Thơ,7510301,"Công nghệ kỹ thuật điện, điện tử",A00,2025,15.0,,THPT
DNC,Trường Đại học Nam Cần Thơ,7510301,"Công nghệ kỹ thuật điện, điện tử",A01,2025,15.0,,THPT
DNC,Đại học Nam Cần Thơ,7510301,"Công nghệ kỹ thuật điện, điện tử",A01,2025,15.0,,THPT
DNC,Trường Đại học Nam Cần Thơ,7510301,"Công nghệ kỹ thuật điện, điện tử",D01,2025,15.0,,THPT
DNC,Đại học Nam Cần Thơ,7510301,"Công nghệ kỹ thuật điện, điện tử",D01,2025,15.0,,THPT
DNC,Đại học Nam Cần Thơ,7510401,Công nghệ kỹ thuật hoá học,A00,2025,15.0,,THPT
DNC,Trường Đại học Nam Cần Thơ,7510401,Công nghệ kỹ thuật hoá học,A00,2025,15.0,,THPT
DNC,Trường Đại học Nam Cần Thơ,7510401,Công nghệ kỹ thuật hoá học,B00,2025,15.0,,THPT
DNC,Đại học Nam Cần Thơ,7510401,Công nghệ kỹ thuật hoá học,B00,2025,15.0,,THPT
DNC,Trường Đại học Nam Cần Thơ,7510401,Công nghệ kỹ thuật hoá học,D01,2025,15.0,,THPT
DNC,Đại học Nam Cần Thơ,7510401,Công nghệ kỹ thuật hoá học,D01,2025,15.0,,THPT
DNC,Trường Đại học Nam Cần Thơ,7510401,Công nghệ kỹ thuật hoá học,D07,2025,15.0,,THPT
DNC,Đại học Nam Cần Thơ,7510401,Công nghệ kỹ thuật hoá học,D07,2025,15.0,,THPT
DNC,Trường Đại học Nam Cần Thơ,7510401,Công nghệ kỹ thuật hoá học,D08,2025,15.0,,THPT
DNC,Đại học Nam Cần Thơ,7510401,Công nghệ kỹ thuật hoá học,D08,2025,15.0,,THPT
DNC,Đại học Nam Cần Thơ,7510601,Quản lý công nghiệp,A00,2025,15.0,,THPT
DNC,Trường Đại học Nam Cần Thơ,7510601,Quản lý công nghiệp,A00,2025,15.0,,THPT
DNC,Trường Đại học Nam Cần Thơ,7510601,Quản lý công nghiệp,A01,2025,15.0,,THPT
DNC,Đại học Nam Cần Thơ,7510601,Quản lý công nghiệp,A01,2025,15.0,,THPT
DNC,Trường Đại học Nam Cần Thơ,7510601,Quản lý công nghiệp,D01,2025,15.0,,THPT
DNC,Đại học Nam Cần Thơ,7510601,Quản lý công nghiệp,D01,2025,15.0,,THPT
DNC,Trường Đại học Nam Cần Thơ,7510601,Quản lý công nghiệp,D07,2025,15.0,,THPT
DNC,Đại học Nam Cần Thơ,7510601,Quản lý công nghiệp,D07,2025,15.0,,THPT
DNC,Đại học Nam Cần Thơ,7510605,Logistics và Quản lý chuỗi cung ứng,A00,2025,15.0,,THPT
DNC,Trường Đại học Nam Cần Thơ,7510605,Logistics và quản lý chuỗi cung ứng,A00,2025,15.0,,THPT
DNC,Trường Đại học Nam Cần Thơ,7510605,Logistics và quản lý chuỗi cung ứng,A01,2025,15.0,,THPT
DNC,Đại học Nam Cần Thơ,7510605,Logistics và Quản lý chuỗi cung ứng,A01,2025,15.0,,THPT
DNC,Trường Đại học Nam Cần Thơ,7510605,Logistics và quản lý chuỗi cung ứng,D01,2025,15.0,,THPT
DNC,Đại học Nam Cần Thơ,7510605,Logistics và Quản lý chuỗi cung ứng,D01,2025,15.0,,THPT
DNC,Trường Đại học Nam Cần Thơ,7510605,Logistics và quản lý chuỗi cung ứng,D07,2025,15.0,,THPT
DNC,Đại học Nam Cần Thơ,7510605,Logistics và Quản lý chuỗi cung ứng,D07,2025,15.0,,THPT
DNC,Đại học Nam Cần Thơ,7520116,Kỹ thuật cơ khí động lực,A00,2025,15.0,,THPT
DNC,Trường Đại học Nam Cần Thơ,7520116,Kỹ thuật cơ khí động lực,A00,2025,15.0,,THPT
DNC,Trường Đại học Nam Cần Thơ,7520116,Kỹ thuật cơ khí động lực,A01,2025,15.0,,THPT
DNC,Đại học Nam Cần Thơ,7520116,Kỹ thuật cơ khí động lực,A01,2025,15.0,,THPT
DNC,Trường Đại học Nam Cần Thơ,7520116,Kỹ thuật cơ khí động lực,D01,2025,15.0,,THPT
DNC,Đại học Nam Cần Thơ,7520116,Kỹ thuật cơ khí động lực,D01,2025,15.0,,THPT
DNC,Trường Đại học Nam Cần Thơ,7520116,Kỹ thuật cơ khí động lực,D07,2025,15.0,,THPT
DNC,Đại học Nam Cần Thơ,7520116,Kỹ thuật cơ khí động lực,D07,2025,15.0,,THPT
DNC,Đại học Nam Cần Thơ,7520122,Ngành Kỹ thuật tàu thủy,A00,2025,15.0,,THPT
DNC,Trường Đại học Nam Cần Thơ,7520122,Kỹ thuật y sinh (Khoa học và công nghệ y khoa),A00,2025,15.0,,THPT
DNC,Trường Đại học Nam Cần Thơ,7520122,Kỹ thuật y sinh (Khoa học và công nghệ y khoa),A01,2025,15.0,,THPT
DNC,Đại học Nam Cần Thơ,7520122,Ngành Kỹ thuật tàu thủy,A01,2025,15.0,,THPT
DNC,Trường Đại học Nam Cần Thơ,7520122,Kỹ thuật y sinh (Khoa học và công nghệ y khoa),B00,2025,15.0,,THPT
DNC,Đại học Nam Cần Thơ,7520122,Ngành Kỹ thuật tàu thủy,B00,2025,15.0,,THPT
DNC,Trường Đại học Nam Cần Thơ,7520122,Kỹ thuật y sinh (Khoa học và công nghệ y khoa),D01,2025,15.0,,THPT
DNC,Đại học Nam Cần Thơ,7520122,Ngành Kỹ thuật tàu thủy,D01,2025,15.0,,THPT
DNC,Đại học Nam Cần Thơ,7540101,Công nghệ thực phẩm,A00,2025,15.0,,THPT
DNC,Trường Đại học Nam Cần Thơ,7540101,Công nghệ thực phẩm,A00,2025,15.0,,THPT
DNC,Trường Đại học Nam Cần Thơ,7540101,Công nghệ thực phẩm,B00,2025,15.0,,THPT
DNC,Đại học Nam Cần Thơ,7540101,Công nghệ thực phẩm,B00,2025,15.0,,THPT
DNC,Trường Đại học Nam Cần Thơ,7540101,Công nghệ thực phẩm,D01,2025,15.0,,THPT
DNC,Đại học Nam Cần Thơ,7540101,Công nghệ thực phẩm,D01,2025,15.0,,THPT
DNC,Trường Đại học Nam Cần Thơ,7540101,Công nghệ thực phẩm,D07,2025,15.0,,THPT
DNC,Đại học Nam Cần Thơ,7540101,Công nghệ thực phẩm,D07,2025,15.0,,THPT
DNC,Trường Đại học Nam Cần Thơ,7540101,Công nghệ thực phẩm,D08,2025,15.0,,THPT
DNC,Đại học Nam Cần Thơ,7540101,Công nghệ thực phẩm,D08,2025,15.0,,THPT
DNC,Đại học Nam Cần Thơ,7580101,Kiến trúc,A00,2025,15.0,,THPT
DNC,Trường Đại học Nam Cần Thơ,7580101,Kiến trúc,A00,2025,15.0,,THPT
DNC,Trường Đại học Nam Cần Thơ,7580101,Kiến trúc,D01,2025,15.0,,THPT
DNC,Đại học Nam Cần Thơ,7580101,Kiến trúc,D01,2025,15.0,,THPT
DNC,Đại học Nam Cần Thơ,7580201,Kỹ thuật xây dựng,A00,2025,15.0,,THPT
DNC,Trường Đại học Nam Cần Thơ,7580201,Kỹ thuật xây dựng,A00,2025,15.0,,THPT
DNC,Trường Đại học Nam Cần Thơ,7580201,Kỹ thuật xây dựng,A01,2025,15.0,,THPT
DNC,Đại học Nam Cần Thơ,7580201,Kỹ thuật xây dựng,A01,2025,15.0,,THPT
DNC,Trường Đại học Nam Cần Thơ,7580201,Kỹ thuật xây dựng,D01,2025,15.0,,THPT
DNC,Đại học Nam Cần Thơ,7580201,Kỹ thuật xây dựng,D01,2025,15.0,,THPT
DNC,Trường Đại học Nam Cần Thơ,7580201,Kỹ thuật xây dựng,D07,2025,15.0,,THPT
DNC,Đại học Nam Cần Thơ,7580201,Kỹ thuật xây dựng,D07,2025,15.0,,THPT
DNC,Đại học Nam Cần Thơ,7580205,Kỹ thuật xây dựng công trình giao thông,A00,2025,15.0,,THPT
DNC,Trường Đại học Nam Cần Thơ,7580205,Kỹ thuật xây dựng công trình giao thông,A00,2025,15.0,,THPT
DNC,Trường Đại học Nam Cần Thơ,7580205,Kỹ thuật xây dựng công trình giao thông,A01,2025,15.0,,THPT
DNC,Đại học Nam Cần Thơ,7580205,Kỹ thuật xây dựng công trình giao thông,A01,2025,15.0,,THPT
DNC,Trường Đại học Nam Cần Thơ,7580205,Kỹ thuật xây dựng công trình giao thông,D01,2025,15.0,,THPT
DNC,Đại học Nam Cần Thơ,7580205,Kỹ thuật xây dựng công trình giao thông,D01,2025,15.0,,THPT
DNC,Trường Đại học Nam Cần Thơ,7580205,Kỹ thuật xây dựng công trình giao thông,D07,2025,15.0,,THPT
DNC,Đại học Nam Cần Thơ,7580205,Kỹ thuật xây dựng công trình giao thông,D07,2025,15.0,,THPT
DNC,Đại học Nam Cần Thơ,7580302,Quản lý xây dựng,A00,2025,15.0,,THPT
DNC,Trường Đại học Nam Cần Thơ,7580302,Quản lý xây dựng,A00,2025,15.0,,THPT
DNC,Trường Đại học Nam Cần Thơ,7580302,Quản lý xây dựng,A01,2025,15.0,,THPT
DNC,Đại học Nam Cần Thơ,7580302,Quản lý xây dựng,A01,2025,15.0,,THPT
DNC,Trường Đại học Nam Cần Thơ,7580302,Quản lý xây dựng,D01,2025,15.0,,THPT
DNC,Đại học Nam Cần Thơ,7580302,Quản lý xây dựng,D01,2025,15.0,,THPT
DNC,Trường Đại học Nam Cần Thơ,7580302,Quản lý xây dựng,D07,2025,15.0,,THPT
DNC,Đại học Nam Cần Thơ,7580302,Quản lý xây dựng,D07,2025,15.0,,THPT
DNC,Đại học Nam Cần Thơ,7720101,Y khoa,A00,2025,20.5,,THPT
DNC,Trường Đại học Nam Cần Thơ,7720101,Y khoa,A00,2025,20.5,,THPT
DNC,Trường Đại học Nam Cần Thơ,7720101,Y khoa,B00,2025,20.5,,THPT
DNC,Đại học Nam Cần Thơ,7720101,Y khoa,B00,2025,20.5,,THPT
DNC,Trường Đại học Nam Cần Thơ,7720101,Y khoa,D07,2025,20.5,,THPT
DNC,Đại học Nam Cần Thơ,7720101,Y khoa,D07,2025,20.5,,THPT
DNC,Trường Đại học Nam Cần Thơ,7720101,Y khoa,D08,2025,20.5,,THPT
DNC,Đại học Nam Cần Thơ,7720101,Y khoa,D08,2025,20.5,,THPT
DNC,Đại học Nam Cần Thơ,7720110,Y học dự phòng,A00,2025,17.0,,THPT
DNC,Trường Đại học Nam Cần Thơ,7720110,Y học dự phòng,A00,2025,17.0,,THPT
DNC,Trường Đại học Nam Cần Thơ,7720110,Y học dự phòng,B00,2025,17.0,,THPT
DNC,Đại học Nam Cần Thơ,7720110,Y học dự phòng,B00,2025,17.0,,THPT
DNC,Trường Đại học Nam Cần Thơ,7720110,Y học dự phòng,D07,2025,17.0,,THPT
DNC,Đại học Nam Cần Thơ,7720110,Y học dự phòng,D07,2025,17.0,,THPT
DNC,Trường Đại học Nam Cần Thơ,7720110,Y học dự phòng,D08,2025,17.0,,THPT
DNC,Đại học Nam Cần Thơ,7720110,Y học dự phòng,D08,2025,17.0,,THPT
DNC,Đại học Nam Cần Thơ,7720201,Dược học,A00,2025,19.0,,THPT
DNC,Trường Đại học Nam Cần Thơ,7720201,Dược học,A00,2025,19.0,,THPT
DNC,Trường Đại học Nam Cần Thơ,7720201,Dược học,B00,2025,19.0,,THPT
DNC,Đại học Nam Cần Thơ,7720201,Dược học,B00,2025,19.0,,THPT
DNC,Trường Đại học Nam Cần Thơ,7720201,Dược học,D07,2025,19.0,,THPT
DNC,Đại học Nam Cần Thơ,7720201,Dược học,D07,2025,19.0,,THPT
DNC,Trường Đại học Nam Cần Thơ,7720201,Dược học,D08,2025,19.0,,THPT
DNC,Đại học Nam Cần Thơ,7720201,Dược học,D08,2025,19.0,,THPT
DNC,Đại học Nam Cần Thơ,7720301,Điều dưỡng,A00,2025,17.0,,THPT
DNC,Trường Đại học Nam Cần Thơ,7720301,Điều dưỡng,A00,2025,17.0,,THPT
DNC,Trường Đại học Nam Cần Thơ,7720301,Điều dưỡng,B00,2025,17.0,,THPT
DNC,Đại học Nam Cần Thơ,7720301,Điều dưỡng,B00,2025,17.0,,THPT
DNC,Trường Đại học Nam Cần Thơ,7720301,Điều dưỡng,D01,2025,17.0,,THPT
DNC,Đại học Nam Cần Thơ,7720301,Điều dưỡng,D01,2025,17.0,,THPT
DNC,Trường Đại học Nam Cần Thơ,7720301,Điều dưỡng,D07,2025,17.0,,THPT
DNC,Đại học Nam Cần Thơ,7720301,Điều dưỡng,D07,2025,17.0,,THPT
DNC,Trường Đại học Nam Cần Thơ,7720301,Điều dưỡng,D08,2025,17.0,,THPT
DNC,Đại học Nam Cần Thơ,7720301,Điều dưỡng,D08,2025,17.0,,THPT
DNC,Đại học Nam Cần Thơ,7720501,Răng- Hàm -Mặt,A00,2025,20.5,,THPT
DNC,Trường Đại học Nam Cần Thơ,7720501,Răng - Hàm - Mặt,A00,2025,20.5,,THPT
DNC,Trường Đại học Nam Cần Thơ,7720501,Răng - Hàm - Mặt,B00,2025,20.5,,THPT
DNC,Đại học Nam Cần Thơ,7720501,Răng- Hàm -Mặt,B00,2025,20.5,,THPT
DNC,Trường Đại học Nam Cần Thơ,7720501,Răng - Hàm - Mặt,D07,2025,20.5,,THPT
DNC,Đại học Nam Cần Thơ,7720501,Răng- Hàm -Mặt,D07,2025,20.5,,THPT
DNC,Trường Đại học Nam Cần Thơ,7720501,Răng - Hàm - Mặt,D08,2025,20.5,,THPT
DNC,Đại học Nam Cần Thơ,7720501,Răng- Hàm -Mặt,D08,2025,20.5,,THPT
DNC,Đại học Nam Cần Thơ,7720601,Kỹ thuật xét nghiệm y học,A00,2025,17.0,,THPT
DNC,Trường Đại học Nam Cần Thơ,7720601,Kỹ thuật xét nghiệm y học,A00,2025,17.0,,THPT
DNC,Trường Đại học Nam Cần Thơ,7720601,Kỹ thuật xét nghiệm y học,B00,2025,17.0,,THPT
DNC,Đại học Nam Cần Thơ,7720601,Kỹ thuật xét nghiệm y học,B00,2025,17.0,,THPT
DNC,Trường Đại học Nam Cần Thơ,7720601,Kỹ thuật xét nghiệm y học,D01,2025,17.0,,THPT
DNC,Đại học Nam Cần Thơ,7720601,Kỹ thuật xét nghiệm y học,D01,2025,17.0,,THPT
DNC,Trường Đại học Nam Cần Thơ,7720601,Kỹ thuật xét nghiệm y học,D07,2025,17.0,,THPT
DNC,Đại học Nam Cần Thơ,7720601,Kỹ thuật xét nghiệm y học,D07,2025,17.0,,THPT
DNC,Trường Đại học Nam Cần Thơ,7720601,Kỹ thuật xét nghiệm y học,D08,2025,17.0,,THPT
DNC,Đại học Nam Cần Thơ,7720601,Kỹ thuật xét nghiệm y học,D08,2025,17.0,,THPT
DNC,Đại học Nam Cần Thơ,7720602,Kỹ thuật hình ảnh y học,A00,2025,17.0,,THPT
DNC,Trường Đại học Nam Cần Thơ,7720602,Kỹ thuật hình ảnh y học,A00,2025,17.0,,THPT
DNC,Trường Đại học Nam Cần Thơ,7720602,Kỹ thuật hình ảnh y học,B00,2025,17.0,,THPT
DNC,Đại học Nam Cần Thơ,7720602,Kỹ thuật hình ảnh y học,B00,2025,17.0,,THPT
DNC,Trường Đại học Nam Cần Thơ,7720602,Kỹ thuật hình ảnh y học,D01,2025,17.0,,THPT
DNC,Đại học Nam Cần Thơ,7720602,Kỹ thuật hình ảnh y học,D01,2025,17.0,,THPT
DNC,Trường Đại học Nam Cần Thơ,7720602,Kỹ thuật hình ảnh y học,D07,2025,17.0,,THPT
DNC,Đại học Nam Cần Thơ,7720602,Kỹ thuật hình ảnh y học,D07,2025,17.0,,THPT
DNC,Trường Đại học Nam Cần Thơ,7720602,Kỹ thuật hình ảnh y học,D08,2025,17.0,,THPT
DNC,Đại học Nam Cần Thơ,7720602,Kỹ thuật hình ảnh y học,D08,2025,17.0,,THPT
DNC,Đại học Nam Cần Thơ,7720802,Quản lý bệnh viện,B00,2025,15.0,,THPT
DNC,Trường Đại học Nam Cần Thơ,7720802,Quản lý bệnh viện,B00,2025,15.0,,THPT
DNC,Trường Đại học Nam Cần Thơ,7720802,Quản lý bệnh viện,D01,2025,15.0,,THPT
DNC,Đại học Nam Cần Thơ,7720802,Quản lý bệnh viện,D01,2025,15.0,,THPT
DNC,Đại học Nam Cần Thơ,7810103,Quản trị dịch vụ du lịch và lữ hành,A00,2025,15.0,,THPT
DNC,Trường Đại học Nam Cần Thơ,7810103,Quản trị dịch vụ du lịch và lữ hành,A00,2025,15.0,,THPT
DNC,Trường Đại học Nam Cần Thơ,7810103,Quản trị dịch vụ du lịch và lữ hành,A01,2025,15.0,,THPT
DNC,Đại học Nam Cần Thơ,7810103,Quản trị dịch vụ du lịch và lữ hành,A01,2025,15.0,,THPT
DNC,Trường Đại học Nam Cần Thơ,7810103,Quản trị dịch vụ du lịch và lữ hành,C00,2025,15.0,,THPT
DNC,Đại học Nam Cần Thơ,7810103,Quản trị dịch vụ du lịch và lữ hành,C00,2025,15.0,,THPT
DNC,Trường Đại học Nam Cần Thơ,7810103,Quản trị dịch vụ du lịch và lữ hành,D01,2025,15.0,,THPT
DNC,Đại học Nam Cần Thơ,7810103,Quản trị dịch vụ du lịch và lữ hành,D01,2025,15.0,,THPT
DNC,Đại học Nam Cần Thơ,7810201,Quản trị khách sạn,A00,2025,15.0,,THPT
DNC,Trường Đại học Nam Cần Thơ,7810201,Quản trị khách sạn,A00,2025,15.0,,THPT
DNC,Trường Đại học Nam Cần Thơ,7810201,Quản trị khách sạn,A01,2025,15.0,,THPT
DNC,Đại học Nam Cần Thơ,7810201,Quản trị khách sạn,A01,2025,15.0,,THPT
DNC,Trường Đại học Nam Cần Thơ,7810201,Quản trị khách sạn,C00,2025,15.0,,THPT
DNC,Đại học Nam Cần Thơ,7810201,Quản trị khách sạn,C00,2025,15.0,,THPT
DNC,Trường Đại học Nam Cần Thơ,7810201,Quản trị khách sạn,D01,2025,15.0,,THPT
DNC,Đại học Nam Cần Thơ,7810201,Quản trị khách sạn,D01,2025,15.0,,THPT
DNC,Đại học Nam Cần Thơ,7810202,Quản trị nhà hàng và dịch vụ ăn uống,A00,2025,15.0,,THPT
DNC,Trường Đại học Nam Cần Thơ,7810202,Quản trị nhà hàng và dịch vụ ăn uống,A00,2025,15.0,,THPT
DNC,Trường Đại học Nam Cần Thơ,7810202,Quản trị nhà hàng và dịch vụ ăn uống,A01,2025,15.0,,THPT
DNC,Đại học Nam Cần Thơ,7810202,Quản trị nhà hàng và dịch vụ ăn uống,A01,2025,15.0,,THPT
DNC,Trường Đại học Nam Cần Thơ,7810202,Quản trị nhà hàng và dịch vụ ăn uống,C00,2025,15.0,,THPT
DNC,Đại học Nam Cần Thơ,7810202,Quản trị nhà hàng và dịch vụ ăn uống,C00,2025,15.0,,THPT
DNC,Trường Đại học Nam Cần Thơ,7810202,Quản trị nhà hàng và dịch vụ ăn uống,D01,2025,15.0,,THPT
DNC,Đại học Nam Cần Thơ,7810202,Quản trị nhà hàng và dịch vụ ăn uống,D01,2025,15.0,,THPT
DNC,Đại học Nam Cần Thơ,7850101,Quản lý tài nguyên và môi trường,A00,2025,15.0,,THPT
DNC,Trường Đại học Nam Cần Thơ,7850101,Quản lý tài nguyên và môi trường,A00,2025,15.0,,THPT
DNC,Trường Đại học Nam Cần Thơ,7850101,Quản lý tài nguyên và môi trường,B00,2025,15.0,,THPT
DNC,Đại học Nam Cần Thơ,7850101,Quản lý tài nguyên và môi trường,B00,2025,15.0,,THPT
DNC,Trường Đại học Nam Cần Thơ,7850101,Quản lý tài nguyên và môi trường,D01,2025,15.0,,THPT
DNC,Đại học Nam Cần Thơ,7850101,Quản lý tài nguyên và môi trường,D01,2025,15.0,,THPT
DNC,Đại học Nam Cần Thơ,7850103,Quản lý đất đai,A00,2025,15.0,,THPT
DNC,Trường Đại học Nam Cần Thơ,7850103,Quản lý đất đai,A00,2025,15.0,,THPT
DNC,Trường Đại học Nam Cần Thơ,7850103,Quản lý đất đai,B00,2025,15.0,,THPT
DNC,Đại học Nam Cần Thơ,7850103,Quản lý đất đai,B00,2025,15.0,,THPT
DNC,Trường Đại học Nam Cần Thơ,7850103,Quản lý đất đai,D01,2025,15.0,,THPT
DNC,Đại học Nam Cần Thơ,7850103,Quản lý đất đai,D01,2025,15.0,,THPT
DNH,Học Viện Khoa Học Quân Sự - Hệ Dân sự,7220201,Ngôn ngữ Anh,D01,2025,19.0,,THPT
DNH,Học Viện Khoa Học Quân Sự - Hệ Dân sự,7220202,Ngôn ngữ Nga\t,D01,2025,19.38,,THPT
DNH,Học Viện Khoa Học Quân Sự - Hệ Dân sự,7220204,Ngôn ngữ Trung Quốc,D01,2025,20.81,,THPT
DNT,Đại học Ngoại ngữ - Tin học TP HCM,7220201,Ngôn ngữ Anh,D01,2025,17.0,,THPT
DNT,Trường Đại Học Ngoại Ngữ Tin Học TPHCM,7220201,Ngôn ngữ Anh,D01,2025,17.0,,THPT
DNT,Đại học Ngoại ngữ - Tin học TP HCM,7220204,Ngôn ngữ Trung Quốc,D01,2025,17.0,,THPT
DNT,Trường Đại Học Ngoại Ngữ Tin Học TPHCM,7220204,Ngôn ngữ Trung Quốc,D01,2025,17.0,,THPT
DNT,Đại học Ngoại ngữ - Tin học TP HCM,7220209,Ngôn ngữ Nhật,D01,2025,15.0,,THPT
DNT,Trường Đại Học Ngoại Ngữ Tin Học TPHCM,7220209,Ngôn ngữ Nhật,D01,2025,15.0,,THPT
DNT,Trường Đại Học Ngoại Ngữ Tin Học TPHCM,7220210,Ngôn ngữ Hàn Quốc,A01,2025,15.0,,THPT
DNT,Đại học Ngoại ngữ - Tin học TP HCM,7220210,Ngôn ngữ Hàn Quốc,D01,2025,15.0,,THPT
DNT,Trường Đại Học Ngoại Ngữ Tin Học TPHCM,7220210,Ngôn ngữ Hàn Quốc,D01,2025,15.0,,THPT
DNT,Đại học Ngoại ngữ - Tin học TP HCM,7310206,Quan hệ quốc tế,D01,2025,15.0,,THPT
DNT,Trường Đại Học Ngoại Ngữ Tin Học TPHCM,7310206,Quan hệ quốc tế,D01,2025,15.0,,THPT
DNT,Trường Đại Học Ngoại Ngữ Tin Học TPHCM,7310206,Quan hệ quốc tế,D09,2025,15.0,,THPT
DNT,Đại học Ngoại ngữ - Tin học TP HCM,7310206,Quan hệ quốc tế,D09,2025,15.0,,THPT
DNT,Trường Đại Học Ngoại Ngữ Tin Học TPHCM,7310206,Quan hệ quốc tế,D10,2025,15.0,,THPT
DNT,Đại học Ngoại ngữ - Tin học TP HCM,7310206,Quan hệ quốc tế,D10,2025,15.0,,THPT
DNT,Đại học Ngoại ngữ - Tin học TP HCM,7310608,Đông phương học,A01,2025,15.0,,THPT
DNT,Trường Đại Học Ngoại Ngữ Tin Học TPHCM,7310608,Đông phương học,A01,2025,15.0,,THPT
DNT,Đại học Ngoại ngữ - Tin học TP HCM,7310608,Đông phương học,D01,2025,15.0,,THPT
DNT,Trường Đại Học Ngoại Ngữ Tin Học TPHCM,7310608,Đông phương học,D01,2025,15.0,,THPT
DNT,Đại học Ngoại ngữ - Tin học TP HCM,7320104,Truyền thông đa phương tiện,D01,2025,17.0,,THPT
DNT,Trường Đại Học Ngoại Ngữ Tin Học TPHCM,7320104,Truyền thông đa phương tiện,D01,2025,17.0,,THPT
DNT,Trường Đại Học Ngoại Ngữ Tin Học TPHCM,7320104,Truyền thông đa phương tiện,D09,2025,17.0,,THPT
DNT,Đại học Ngoại ngữ - Tin học TP HCM,7320104,Truyền thông đa phương tiện,D09,2025,17.0,,THPT
DNT,Trường Đại Học Ngoại Ngữ Tin Học TPHCM,7320104,Truyền thông đa phương tiện,D10,2025,17.0,,THPT
DNT,Đại học Ngoại ngữ - Tin học TP HCM,7320104,Truyền thông đa phương tiện,D10,2025,17.0,,THPT
DNT,Đại học Ngoại ngữ - Tin học TP HCM,7320108,Quan hệ công chúng,D01,2025,15.0,,THPT
DNT,Trường Đại Học Ngoại Ngữ Tin Học TPHCM,7320108,Quan hệ công chúng,D01,2025,15.0,,THPT
DNT,Trường Đại Học Ngoại Ngữ Tin Học TPHCM,7320108,Quan hệ công chúng,D09,2025,15.0,,THPT
DNT,Đại học Ngoại ngữ - Tin học TP HCM,7320108,Quan hệ công chúng,D09,2025,15.0,,THPT
DNT,Trường Đại Học Ngoại Ngữ Tin Học TPHCM,7320108,Quan hệ công chúng,D10,2025,15.0,,THPT
DNT,Đại học Ngoại ngữ - Tin học TP HCM,7320108,Quan hệ công chúng,D10,2025,15.0,,THPT
DNT,Đại học Ngoại ngữ - Tin học TP HCM,7340101,Quản trị Kinh doanh,A01,2025,15.0,,THPT
DNT,Trường Đại Học Ngoại Ngữ Tin Học TPHCM,7340101,Quản trị kinh doanh,A01,2025,15.0,,THPT
DNT,Đại học Ngoại ngữ - Tin học TP HCM,7340101,Quản trị Kinh doanh,D01,2025,15.0,,THPT
DNT,Trường Đại Học Ngoại Ngữ Tin Học TPHCM,7340101,Quản trị kinh doanh,D01,2025,15.0,,THPT
DNT,Trường Đại Học Ngoại Ngữ Tin Học TPHCM,7340101,Quản trị kinh doanh,D07,2025,15.0,,THPT
DNT,Đại học Ngoại ngữ - Tin học TP HCM,7340101,Quản trị Kinh doanh,D07,2025,15.0,,THPT
DNT,Trường Đại Học Ngoại Ngữ Tin Học TPHCM,7340101,Quản trị kinh doanh,D08,2025,15.0,,THPT
DNT,Trường Đại Học Ngoại Ngữ Tin Học TPHCM,7340101,Quản trị kinh doanh,D10,2025,15.0,,THPT
DNT,Đại học Ngoại ngữ - Tin học TP HCM,7340115,Marketing,A01,2025,17.0,,THPT
DNT,Trường Đại Học Ngoại Ngữ Tin Học TPHCM,7340115,Marketing,A01,2025,17.0,,THPT
DNT,Đại học Ngoại ngữ - Tin học TP HCM,7340115,Marketing,D01,2025,17.0,,THPT
DNT,Trường Đại Học Ngoại Ngữ Tin Học TPHCM,7340115,Marketing,D01,2025,17.0,,THPT
DNT,Trường Đại Học Ngoại Ngữ Tin Học TPHCM,7340115,Marketing,D07,2025,17.0,,THPT
DNT,Đại học Ngoại ngữ - Tin học TP HCM,7340115,Marketing,D07,2025,17.0,,THPT
DNT,Trường Đại Học Ngoại Ngữ Tin Học TPHCM,7340115,Marketing,D08,2025,17.0,,THPT
DNT,Trường Đại Học Ngoại Ngữ Tin Học TPHCM,7340115,Marketing,D10,2025,17.0,,THPT
DNT,Đại học Ngoại ngữ - Tin học TP HCM,7340120,Ngành Kinh doanh quốc tế,A01,2025,15.0,,THPT
DNT,Trường Đại Học Ngoại Ngữ Tin Học TPHCM,7340120,Kinh doanh quốc tế,A01,2025,15.0,,THPT
DNT,Đại học Ngoại ngữ - Tin học TP HCM,7340120,Ngành Kinh doanh quốc tế,D01,2025,15.0,,THPT
DNT,Trường Đại Học Ngoại Ngữ Tin Học TPHCM,7340120,Kinh doanh quốc tế,D01,2025,15.0,,THPT
DNT,Trường Đại Học Ngoại Ngữ Tin Học TPHCM,7340120,Kinh doanh quốc tế,D07,2025,15.0,,THPT
DNT,Đại học Ngoại ngữ - Tin học TP HCM,7340120,Ngành Kinh doanh quốc tế,D07,2025,15.0,,THPT
DNT,Trường Đại Học Ngoại Ngữ Tin Học TPHCM,7340120,Kinh doanh quốc tế,D08,2025,15.0,,THPT
DNT,Trường Đại Học Ngoại Ngữ Tin Học TPHCM,7340120,Kinh doanh quốc tế,D10,2025,15.0,,THPT
DNT,Đại học Ngoại ngữ - Tin học TP HCM,7340122,Thương mại điện tử,A00,2025,15.0,,THPT
DNT,Trường Đại Học Ngoại Ngữ Tin Học TPHCM,7340122,Thương mại điện tử,A00,2025,15.0,,THPT
DNT,Đại học Ngoại ngữ - Tin học TP HCM,7340122,Thương mại điện tử,A01,2025,15.0,,THPT
DNT,Trường Đại Học Ngoại Ngữ Tin Học TPHCM,7340122,Thương mại điện tử,A01,2025,15.0,,THPT
DNT,Trường Đại Học Ngoại Ngữ Tin Học TPHCM,7340122,Thương mại điện tử,D01,2025,15.0,,THPT
DNT,Đại học Ngoại ngữ - Tin học TP HCM,7340122,Thương mại điện tử,D01,2025,15.0,,THPT
DNT,Trường Đại Học Ngoại Ngữ Tin Học TPHCM,7340122,Thương mại điện tử,D07,2025,15.0,,THPT
DNT,Đại học Ngoại ngữ - Tin học TP HCM,7340122,Thương mại điện tử,D07,2025,15.0,,THPT
DNT,Đại học Ngoại ngữ - Tin học TP HCM,7340201,Tài chính – Ngân hàng,A01,2025,15.0,,THPT
DNT,Đại học Ngoại ngữ - Tin học TP HCM,7340201,Tài chính – Ngân hàng,D01,2025,15.0,,THPT
DNT,Đại học Ngoại ngữ - Tin học TP HCM,7340201,Tài chính – Ngân hàng,D07,2025,15.0,,THPT
DNT,Đại học Ngoại ngữ - Tin học TP HCM,7340301,Kế toán,A01,2025,15.0,,THPT
DNT,Đại học Ngoại ngữ - Tin học TP HCM,7340301,Kế toán,D01,2025,15.0,,THPT
DNT,Đại học Ngoại ngữ - Tin học TP HCM,7340301,Kế toán,D07,2025,15.0,,THPT
DNT,Đại học Ngoại ngữ - Tin học TP HCM,7340302,Kiểm toán,A01,2025,15.0,,THPT
DNT,Trường Đại Học Ngoại Ngữ Tin Học TPHCM,7340302,Kiểm toán,A01,2025,15.0,,THPT
DNT,Đại học Ngoại ngữ - Tin học TP HCM,7340302,Kiểm toán,D01,2025,15.0,,THPT
DNT,Trường Đại Học Ngoại Ngữ Tin Học TPHCM,7340302,Kiểm toán,D01,2025,15.0,,THPT
DNT,Trường Đại Học Ngoại Ngữ Tin Học TPHCM,7340302,Kiểm toán,D07,2025,15.0,,THPT
DNT,Đại học Ngoại ngữ - Tin học TP HCM,7340302,Kiểm toán,D07,2025,15.0,,THPT
DNT,Trường Đại Học Ngoại Ngữ Tin Học TPHCM,7340302,Kiểm toán,D08,2025,15.0,,THPT
DNT,Trường Đại Học Ngoại Ngữ Tin Học TPHCM,7340302,Kiểm toán,D10,2025,15.0,,THPT
DNT,Đại học Ngoại ngữ - Tin học TP HCM,7380101,Ngành Luật,A01,2025,15.0,,THPT
DNT,Đại học Ngoại ngữ - Tin học TP HCM,7380101,Ngành Luật,C00,2025,15.0,,THPT
DNT,Trường Đại Học Ngoại Ngữ Tin Học TPHCM,7380101,Luật,C00,2025,15.0,,THPT
DNT,Đại học Ngoại ngữ - Tin học TP HCM,7380101,Ngành Luật,D01,2025,15.0,,THPT
DNT,Trường Đại Học Ngoại Ngữ Tin Học TPHCM,7380101,Luật,D01,2025,15.0,,THPT
DNT,Đại học Ngoại ngữ - Tin học TP HCM,7380101,Ngành Luật,D09,2025,15.0,,THPT
DNT,Trường Đại Học Ngoại Ngữ Tin Học TPHCM,7380101,Luật,D09,2025,15.0,,THPT
DNT,Trường Đại Học Ngoại Ngữ Tin Học TPHCM,7380101,Luật,D10,2025,15.0,,THPT
DNT,Đại học Ngoại ngữ - Tin học TP HCM,7380107,Luật kinh tế,A01,2025,15.0,,THPT
DNT,Trường Đại Học Ngoại Ngữ Tin Học TPHCM,7380107,Luật kinh tế,A01,2025,15.0,,THPT
DNT,Đại học Ngoại ngữ - Tin học TP HCM,7380107,Luật kinh tế,C00,2025,15.0,,THPT
DNT,Trường Đại Học Ngoại Ngữ Tin Học TPHCM,7380107,Luật kinh tế,C00,2025,15.0,,THPT
DNT,Đại học Ngoại ngữ - Tin học TP HCM,7380107,Luật kinh tế,D01,2025,15.0,,THPT
DNT,Trường Đại Học Ngoại Ngữ Tin Học TPHCM,7380107,Luật kinh tế,D01,2025,15.0,,THPT
DNT,Đại học Ngoại ngữ - Tin học TP HCM,7380107,Luật kinh tế,D09,2025,15.0,,THPT
DNT,Trường Đại Học Ngoại Ngữ Tin Học TPHCM,7380107,Luật kinh tế,D09,2025,15.0,,THPT
DNT,Đại học Ngoại ngữ - Tin học TP HCM,7480103,Kỹ thuật phần mềm,A00,2025,15.0,,THPT
DNT,Trường Đại Học Ngoại Ngữ Tin Học TPHCM,7480103,Kỹ thuật phần mềm,A00,2025,15.0,,THPT
DNT,Đại học Ngoại ngữ - Tin học TP HCM,7480103,Kỹ thuật phần mềm,A01,2025,15.0,,THPT
DNT,Trường Đại Học Ngoại Ngữ Tin Học TPHCM,7480103,Kỹ thuật phần mềm,A01,2025,15.0,,THPT
DNT,Trường Đại Học Ngoại Ngữ Tin Học TPHCM,7480103,Kế toán,A01,2025,15.0,,THPT
DNT,Trường Đại Học Ngoại Ngữ Tin Học TPHCM,7480103,Kỹ thuật phần mềm,D01,2025,15.0,,THPT
DNT,Đại học Ngoại ngữ - Tin học TP HCM,7480103,Kỹ thuật phần mềm,D01,2025,15.0,,THPT
DNT,Trường Đại Học Ngoại Ngữ Tin Học TPHCM,7480103,Kế toán,D01,2025,15.0,,THPT
DNT,Trường Đại Học Ngoại Ngữ Tin Học TPHCM,7480103,Kỹ thuật phần mềm,D07,2025,15.0,,THPT
DNT,Trường Đại Học Ngoại Ngữ Tin Học TPHCM,7480103,Kế toán,D07,2025,15.0,,THPT
DNT,Đại học Ngoại ngữ - Tin học TP HCM,7480103,Kỹ thuật phần mềm,D07,2025,15.0,,THPT
DNT,Trường Đại Học Ngoại Ngữ Tin Học TPHCM,7480103,Kế toán,D08,2025,15.0,,THPT
DNT,Trường Đại Học Ngoại Ngữ Tin Học TPHCM,7480103,Kế toán,D10,2025,15.0,,THPT
DNT,Đại học Ngoại ngữ - Tin học TP HCM,7480107,Trí tuệ nhân tạo,A00,2025,15.0,,THPT
DNT,Trường Đại Học Ngoại Ngữ Tin Học TPHCM,7480107,Trí tuệ nhân tạo,A00,2025,15.0,,THPT
DNT,Đại học Ngoại ngữ - Tin học TP HCM,7480107,Trí tuệ nhân tạo,A01,2025,15.0,,THPT
DNT,Trường Đại Học Ngoại Ngữ Tin Học TPHCM,7480107,Trí tuệ nhân tạo,A01,2025,15.0,,THPT
DNT,Trường Đại Học Ngoại Ngữ Tin Học TPHCM,7480107,Tài chính – ngân hàng,A01,2025,15.0,,THPT
DNT,Trường Đại Học Ngoại Ngữ Tin Học TPHCM,7480107,Trí tuệ nhân tạo,D01,2025,15.0,,THPT
DNT,Đại học Ngoại ngữ - Tin học TP HCM,7480107,Trí tuệ nhân tạo,D01,2025,15.0,,THPT
DNT,Trường Đại Học Ngoại Ngữ Tin Học TPHCM,7480107,Tài chính – ngân hàng,D01,2025,15.0,,THPT
DNT,Trường Đại Học Ngoại Ngữ Tin Học TPHCM,7480107,Trí tuệ nhân tạo,D07,2025,15.0,,THPT
DNT,Trường Đại Học Ngoại Ngữ Tin Học TPHCM,7480107,Tài chính – ngân hàng,D07,2025,15.0,,THPT
DNT,Đại học Ngoại ngữ - Tin học TP HCM,7480107,Trí tuệ nhân tạo,D07,2025,15.0,,THPT
DNT,Trường Đại Học Ngoại Ngữ Tin Học TPHCM,7480107,Tài chính – ngân hàng,D08,2025,15.0,,THPT
DNT,Trường Đại Học Ngoại Ngữ Tin Học TPHCM,7480107,Tài chính – ngân hàng,D10,2025,15.0,,THPT
DNT,Đại học Ngoại ngữ - Tin học TP HCM,7480201,Công nghệ thông tin,A00,2025,15.0,,THPT
DNT,Trường Đại Học Ngoại Ngữ Tin Học TPHCM,7480201,Công nghệ thông tin,A00,2025,15.0,,THPT
DNT,Đại học Ngoại ngữ - Tin học TP HCM,7480201,Công nghệ thông tin,A01,2025,15.0,,THPT
DNT,Trường Đại Học Ngoại Ngữ Tin Học TPHCM,7480201,Công nghệ thông tin,A01,2025,15.0,,THPT
DNT,Trường Đại Học Ngoại Ngữ Tin Học TPHCM,7480201,Công nghệ thông tin,D01,2025,15.0,,THPT
DNT,Đại học Ngoại ngữ - Tin học TP HCM,7480201,Công nghệ thông tin,D01,2025,15.0,,THPT
DNT,Trường Đại Học Ngoại Ngữ Tin Học TPHCM,7480201,Công nghệ thông tin,D07,2025,15.0,,THPT
DNT,Đại học Ngoại ngữ - Tin học TP HCM,7480201,Công nghệ thông tin,D07,2025,15.0,,THPT
DNT,Đại học Ngoại ngữ - Tin học TP HCM,7510605,Logistics và Quản lý chuỗi cung ứng,A01,2025,15.0,,THPT
DNT,Trường Đại Học Ngoại Ngữ Tin Học TPHCM,7510605,Logistics và quản lý chuỗi cung ứng,A01,2025,15.0,,THPT
DNT,Đại học Ngoại ngữ - Tin học TP HCM,7510605,Logistics và Quản lý chuỗi cung ứng,D01,2025,15.0,,THPT
DNT,Trường Đại Học Ngoại Ngữ Tin Học TPHCM,7510605,Logistics và quản lý chuỗi cung ứng,D01,2025,15.0,,THPT
DNT,Trường Đại Học Ngoại Ngữ Tin Học TPHCM,7510605,Logistics và quản lý chuỗi cung ứng,D07,2025,15.0,,THPT
DNT,Đại học Ngoại ngữ - Tin học TP HCM,7510605,Logistics và Quản lý chuỗi cung ứng,D07,2025,15.0,,THPT
DNT,Trường Đại Học Ngoại Ngữ Tin Học TPHCM,7510605,Logistics và quản lý chuỗi cung ứng,D08,2025,15.0,,THPT
DNT,Trường Đại Học Ngoại Ngữ Tin Học TPHCM,7510605,Logistics và quản lý chuỗi cung ứng,D10,2025,15.0,,THPT
DNT,Đại học Ngoại ngữ - Tin học TP HCM,7810103,Quản trị dịch vụ du lịch và lữ hành,D01,2025,15.0,,THPT
DNT,Trường Đại Học Ngoại Ngữ Tin Học TPHCM,7810103,Quản trị dịch vụ du lịch và lữ hành,D01,2025,15.0,,THPT
DNT,Trường Đại Học Ngoại Ngữ Tin Học TPHCM,7810103,Quản trị dịch vụ du lịch và lữ hành,D08,2025,15.0,,THPT
DNT,Đại học Ngoại ngữ - Tin học TP HCM,7810201,Quản trị khách sạn,D01,2025,15.0,,THPT
DNT,Trường Đại Học Ngoại Ngữ Tin Học TPHCM,7810201,Quản trị khách sạn,D01,2025,15.0,,THPT
DNT,Trường Đại Học Ngoại Ngữ Tin Học TPHCM,7810201,Quản trị khách sạn,D08,2025,15.0,,THPT
DNU,Đại học Đồng Nai,7140202,Giáo dục Tiểu học,A00,2025,23.1,,THPT
DNU,Trường Đại Học Đồng Nai,7140202,Giáo dục Tiểu học,A00,2025,23.1,,THPT
DNU,Trường Đại Học Đồng Nai,7140202,Giáo dục Tiểu học,A01,2025,23.1,,THPT
DNU,Đại học Đồng Nai,7140202,Giáo dục Tiểu học,A01,2025,23.1,,THPT
DNU,Trường Đại Học Đồng Nai,7140202,Giáo dục Tiểu học,D01,2025,23.1,,THPT
DNU,Đại học Đồng Nai,7140202,Giáo dục Tiểu học,D01,2025,23.1,,THPT
DNU,Đại học Đồng Nai,7140209,Sư phạm Toán học,A00,2025,25.41,,THPT
DNU,Trường Đại Học Đồng Nai,7140209,Sư phạm Toán học,A00,2025,25.41,,THPT
DNU,Đại học Đồng Nai,7140209,Sư phạm Toán học,A01,2025,25.41,,THPT
DNU,Trường Đại Học Đồng Nai,7140209,Sư phạm Toán học,A01,2025,25.41,,THPT
DNU,Trường Đại Học Đồng Nai,7140209,Sư phạm Toán học,D01,2025,25.41,,THPT
DNU,Đại học Đồng Nai,7140209,Sư phạm Toán học,D01,2025,25.41,,THPT
DNU,Trường Đại Học Đồng Nai,7140209,Sư phạm Toán học,D07,2025,25.41,,THPT
DNU,Đại học Đồng Nai,7140209,Sư phạm Toán học,D07,2025,25.41,,THPT
DNU,Đại học Đồng Nai,7140217,Sư phạm Ngữ văn,C00,2025,26.51,,THPT
DNU,Trường Đại Học Đồng Nai,7140217,Sư phạm Ngữ văn,C00,2025,26.51,,THPT
DNU,Trường Đại Học Đồng Nai,7140217,Sư phạm Ngữ văn,D01,2025,26.51,,THPT
DNU,Đại học Đồng Nai,7140217,Sư phạm Ngữ văn,D01,2025,26.51,,THPT
DNU,Đại học Đồng Nai,7140231,Sư phạm Tiếng Anh,A01,2025,24.49,,THPT
DNU,Trường Đại Học Đồng Nai,7140231,Sư phạm Tiếng Anh,A01,2025,24.49,,THPT
DNU,Trường Đại Học Đồng Nai,7140231,Sư phạm Tiếng Anh,D01,2025,24.49,,THPT
DNU,Đại học Đồng Nai,7140231,Sư phạm Tiếng Anh,D01,2025,24.49,,THPT
DNU,Đại học Đồng Nai,7220201,Ngôn ngữ Anh,A01,2025,18.6,,THPT
DNU,Trường Đại Học Đồng Nai,7220201,Ngôn ngữ Anh,A01,2025,18.6,,THPT
DNU,Trường Đại Học Đồng Nai,7220201,Ngôn ngữ Anh,D01,2025,18.6,,THPT
DNU,Đại học Đồng Nai,7220201,Ngôn ngữ Anh,D01,2025,18.6,,THPT
DNU,Đại học Đồng Nai,7340101,Quản trị Kinh doanh,A00,2025,16.0,,THPT
DNU,Trường Đại Học Đồng Nai,7340101,Quản trị kinh doanh,A00,2025,16.0,,THPT
DNU,Trường Đại Học Đồng Nai,7340101,Quản trị kinh doanh,A01,2025,16.0,,THPT
DNU,Đại học Đồng Nai,7340101,Quản trị Kinh doanh,A01,2025,16.0,,THPT
DNU,Trường Đại Học Đồng Nai,7340101,Quản trị kinh doanh,D01,2025,16.0,,THPT
DNU,Đại học Đồng Nai,7340101,Quản trị Kinh doanh,D01,2025,16.0,,THPT
DNU,Đại học Đồng Nai,7340301,Kế toán,A00,2025,16.0,,THPT
DNU,Trường Đại Học Đồng Nai,7340301,Kế toán,A00,2025,16.0,,THPT
DNU,Trường Đại Học Đồng Nai,7340301,Kế toán,A01,2025,16.0,,THPT
DNU,Đại học Đồng Nai,7340301,Kế toán,A01,2025,16.0,,THPT
DNU,Trường Đại Học Đồng Nai,7340301,Kế toán,D01,2025,16.0,,THPT
DNU,Đại học Đồng Nai,7340301,Kế toán,D01,2025,16.0,,THPT
DNU,Đại học Đồng Nai,7510301,"Công nghệ kỹ thuật điện, điện tử",A00,2025,22.0,,THPT
DNU,Trường Đại Học Đồng Nai,7510301,"Công nghệ kỹ thuật điện, điện tử",A00,2025,22.0,,THPT
DNU,Trường Đại Học Đồng Nai,7510301,"Công nghệ kỹ thuật điện, điện tử",A01,2025,22.0,,THPT
DNU,Đại học Đồng Nai,7510301,"Công nghệ kỹ thuật điện, điện tử",A01,2025,22.0,,THPT
DNU,Trường Đại Học Đồng Nai,7510301,"Công nghệ kỹ thuật điện, điện tử",D01,2025,22.0,,THPT
DNU,Đại học Đồng Nai,7510301,"Công nghệ kỹ thuật điện, điện tử",D01,2025,22.0,,THPT
DNU,Trường Đại Học Đồng Nai,7510301,"Công nghệ kỹ thuật điện, điện tử",D07,2025,22.0,,THPT
DNU,Đại học Đồng Nai,7520103,Kỹ thuật cơ khí,A00,2025,18.0,,THPT
DNU,Trường Đại Học Đồng Nai,7520103,Kỹ thuật cơ khí,A00,2025,18.0,,THPT
DNU,Trường Đại Học Đồng Nai,7520103,Kỹ thuật cơ khí,A01,2025,18.0,,THPT
DNU,Đại học Đồng Nai,7520103,Kỹ thuật cơ khí,A01,2025,18.0,,THPT
DNU,Trường Đại Học Đồng Nai,7520103,Kỹ thuật cơ khí,D01,2025,18.0,,THPT
DNU,Đại học Đồng Nai,7520103,Kỹ thuật cơ khí,D01,2025,18.0,,THPT
DNU,Trường Đại Học Đồng Nai,7520103,Kỹ thuật cơ khí,D07,2025,18.0,,THPT
DNV,Trường Đại học Nội vụ Hà Nội,7220201,"Ngôn ngữ Anh, chuyên ngành Biên - phiên dịch thuộc ngành Ngôn ngữ Anh chuyên ngành Tiếng Anh du lịch thuộc ngành Ngôn ngữ Anh",D01,2025,23.75,,THPT
DNV,Học viện Hành chính và Quản trị công,7220201-Hà Nội,Ngôn ngữ Anh,D01,2025,24.0,,THPT
DNV,Học viện Hành chính và Quản trị công,7220201-Hà Nội,Ngôn ngữ Anh,D10,2025,24.0,,THPT
DNV,Trường Đại học Nội vụ Hà Nội,7229040,Chuyên ngành Văn hóa du lịch thuộc ngành Văn hóa học chuyên ngành Văn hóa truyền thông thuộc ngành văn hóa học,C00,2025,22.25,,THPT
DNV,Trường Đại học Nội vụ Hà Nội,7229040,Chuyên ngành Văn hóa du lịch thuộc ngành Văn hóa học chuyên ngành Văn hóa truyền thông thuộc ngành văn hóa học,D01,2025,22.25,,THPT
DNV,Học viện Hành chính và Quản trị công,7229040-01-Hà Nội,Văn hóa học (chuyên ngành Văn hóa du lịch),C00,2025,23.9,,THPT
DNV,Học viện Hành chính và Quản trị công,7229040-01-Hà Nội,Văn hóa học (chuyên ngành Văn hóa du lịch),D01,2025,23.9,,THPT
DNV,Học viện Hành chính và Quản trị công,7229040-02-Hà Nội,Văn hóa học (chuyên ngành Văn hóa truyền thông),C00,2025,23.9,,THPT
DNV,Học viện Hành chính và Quản trị công,7229040-02-Hà Nội,Văn hóa học (chuyên ngành Văn hóa truyền thông),D01,2025,23.9,,THPT
DNV,Trường Đại học Nội vụ Hà Nội,7229042,Quản lý văn hóa\n(Chuyên ngành Quản lý di sản văn hóa và phát triển du lịch thuộc ngành Quản lí văn hóa),C00,2025,18.0,,THPT
DNV,Trường Đại học Nội vụ Hà Nội,7229042,Quản lý văn hóa\n(Chuyên ngành Quản lý di sản văn hóa và phát triển du lịch thuộc ngành Quản lí văn hóa),D01,2025,18.0,,THPT
DNV,Học viện Hành chính và Quản trị công,7229042-01-Hà Nội,Quản lý văn hóa (chuyên ngành Quản lý di sản văn hóa và phát triển du lịch),C00,2025,23.55,,THPT
DNV,Học viện Hành chính và Quản trị công,7229042-01-Hà Nội,Quản lý văn hóa (chuyên ngành Quản lý di sản văn hóa và phát triển du lịch),D01,2025,23.55,,THPT
DNV,Học viện Hành chính và Quản trị công,7229042-Hà Nội,Quản lý văn hóa,C00,2025,23.55,,THPT
DNV,Học viện Hành chính và Quản trị công,7229042-Hà Nội,Quản lý văn hóa,D01,2025,23.55,,THPT
DNV,Trường Đại học Nội vụ Hà Nội,7310101,Kinh tế,A00,2025,23.5,,THPT
DNV,Trường Đại học Nội vụ Hà Nội,7310101,Kinh tế,A01,2025,23.5,,THPT
DNV,Trường Đại học Nội vụ Hà Nội,7310101,Kinh tế,D01,2025,23.5,,THPT
DNV,Học viện Hành chính và Quản trị công,7310101-01-Hà Nội,Kinh tế (chuyên ngành Kinh tế du lịch),A00,2025,23.5,,THPT
DNV,Học viện Hành chính và Quản trị công,7310101-01-Hà Nội,Kinh tế (chuyên ngành Kinh tế du lịch),A01,2025,23.5,,THPT
DNV,Học viện Hành chính và Quản trị công,7310101-01-Hà Nội,Kinh tế (chuyên ngành Kinh tế du lịch),D01,2025,23.5,,THPT
DNV,Học viện Hành chính và Quản trị công,7310101-Hà Nội,Kinh tế,A00,2025,23.5,,THPT
DNV,Học viện Hành chính và Quản trị công,7310101-Hà Nội,Kinh tế,A01,2025,23.5,,THPT
DNV,Học viện Hành chính và Quản trị công,7310101-Hà Nội,Kinh tế,D01,2025,23.5,,THPT
DNV,Trường Đại học Nội vụ Hà Nội,7310201,Chính trị học (Chuyên ngành Chính sách công),C00,2025,18.0,,THPT
DNV,Trường Đại học Nội vụ Hà Nội,7310201,Chính trị học (Chuyên ngành Chính sách công),D01,2025,18.0,,THPT
DNV,Học viện Hành chính và Quản trị công,7310201-01-Hà Nội,Chính trị học (chuyên ngành Chính sách công),C00,2025,23.35,,THPT
DNV,Học viện Hành chính và Quản trị công,7310201-01-Hà Nội,Chính trị học (chuyên ngành Chính sách công),D01,2025,23.35,,THPT
DNV,Học viện Hành chính và Quản trị công,7310201-Hà Nội,Chính trị học,C00,2025,23.35,,THPT
DNV,Học viện Hành chính và Quản trị công,7310201-Hà Nội,Chính trị học,D01,2025,23.35,,THPT
DNV,Trường Đại học Nội vụ Hà Nội,7310202,Xây dựng Đảng và chính quyền nhà nước,C00,2025,18.5,,THPT
DNV,Trường Đại học Nội vụ Hà Nội,7310202,Xây dựng Đảng và chính quyền nhà nước,D01,2025,18.5,,THPT
DNV,Học viện Hành chính và Quản trị công,7310202-Hà Nội,Xây dựng Đảng và chính quyền nhà nước,C00,2025,23.85,,THPT
DNV,Học viện Hành chính và Quản trị công,7310202-Hà Nội,Xây dựng Đảng và chính quyền nhà nước,D01,2025,23.85,,THPT
DNV,Trường Đại học Nội vụ Hà Nội,7310205,Quản lý nhà nước,A01,2025,21.0,,THPT
DNV,Trường Đại học Nội vụ Hà Nội,7310205,Quản lý nhà nước,A01,2025,21.0,,THPT
DNV,Trường Đại học Nội vụ Hà Nội,7310205,Quản lý nhà nước,C00,2025,21.0,,THPT
DNV,Trường Đại học Nội vụ Hà Nội,7310205,Quản lý nhà nước,D01,2025,21.0,,THPT
DNV,Trường Đại học Nội vụ Hà Nội,7310205,Quản lý nhà nước,D01,2025,21.0,,THPT
DNV,Học viện Hành chính và Quản trị công,7310205-Hà Nội,Quản lý nhà nước,A01,2025,23.75,,THPT
DNV,Học viện Hành chính và Quản trị công,7310205-Hà Nội,Quản lý nhà nước,C00,2025,23.75,,THPT
DNV,Học viện Hành chính và Quản trị công,7310205-Hà Nội,Quản lý nhà nước,D01,2025,23.75,,THPT
DNV,Trường Đại học Nội vụ Hà Nội,7310205QN,Quản lý nhà nước,C00,2025,19.0,,THPT
DNV,Trường Đại học Nội vụ Hà Nội,7310205QN,Quản lý nhà nước,D01,2025,19.0,,THPT
DNV,Trường Đại học Nội vụ Hà Nội,7310205TP-HCM,Quản lý nhà nước,A00,2025,21.0,,THPT
DNV,Trường Đại học Nội vụ Hà Nội,7310205TP-HCM,Quản lý nhà nước,C00,2025,21.0,,THPT
DNV,Trường Đại học Nội vụ Hà Nội,7310205TP-HCM,Quản lý nhà nước,D01,2025,21.0,,THPT
DNV,Trường Đại học Nội vụ Hà Nội,7320201,"Thông tin - thư viện, chuyên ngành Quản trị thông tin thuộc ngành thông tin - thư viện",A01,2025,18.0,,THPT
DNV,Trường Đại học Nội vụ Hà Nội,7320201,"Thông tin - thư viện, chuyên ngành Quản trị thông tin thuộc ngành thông tin - thư viện",C00,2025,18.0,,THPT
DNV,Trường Đại học Nội vụ Hà Nội,7320201,"Thông tin - thư viện, chuyên ngành Quản trị thông tin thuộc ngành thông tin - thư viện",D01,2025,18.0,,THPT
DNV,Học viện Hành chính và Quản trị công,7320201-01-Hà Nội,Thông tin - thư viện (chuyên ngành Quản lý thông tin),A01,2025,22.35,,THPT
DNV,Học viện Hành chính và Quản trị công,7320201-01-Hà Nội,Thông tin - thư viện (chuyên ngành Quản lý thông tin),C00,2025,22.35,,THPT
DNV,Học viện Hành chính và Quản trị công,7320201-01-Hà Nội,Thông tin - thư viện (chuyên ngành Quản lý thông tin),D01,2025,22.35,,THPT
DNV,Học viện Hành chính và Quản trị công,7320201-Hà Nội,Thông tin - thư viện,A01,2025,22.35,,THPT
DNV,Học viện Hành chính và Quản trị công,7320201-Hà Nội,Thông tin - thư viện,C00,2025,22.35,,THPT
DNV,Học viện Hành chính và Quản trị công,7320201-Hà Nội,Thông tin - thư viện,D01,2025,22.35,,THPT
DNV,Trường Đại học Nội vụ Hà Nội,7320303,Lưu trữ học (Chuyên ngành Văn thư - Lưu trữ),C00,2025,18.0,,THPT
DNV,Trường Đại học Nội vụ Hà Nội,7320303,Lưu trữ học (Chuyên ngành Văn thư - Lưu trữ),D01,2025,18.0,,THPT
DNV,Học viện Hành chính và Quản trị công,7320303-01-Hà Nội,Lưu trữ học (chuyên ngành Văn thư - Lưu trữ),C00,2025,23.0,,THPT
DNV,Học viện Hành chính và Quản trị công,7320303-01-Hà Nội,Lưu trữ học (chuyên ngành Văn thư - Lưu trữ),D01,2025,23.0,,THPT
DNV,Học viện Hành chính và Quản trị công,7320303-Hà Nội,Lưu trữ học,C00,2025,23.0,,THPT
DNV,Học viện Hành chính và Quản trị công,7320303-Hà Nội,Lưu trữ học,D01,2025,23.0,,THPT
DNV,Trường Đại học Nội vụ Hà Nội,7320303TP-HCM,Lưu trữ học - Chuyên ngành Văn thư - lưu trữ thuộc ngành Lưu trữ học,C00,2025,16.0,,THPT
DNV,Trường Đại học Nội vụ Hà Nội,7340404,Quản trị nhân lực,A00,2025,27.0,,THPT
DNV,Trường Đại học Nội vụ Hà Nội,7340404,Quản trị nhân lực,A01,2025,27.0,,THPT
DNV,Trường Đại học Nội vụ Hà Nội,7340404,Quản trị nhân lực,C00,2025,27.0,,THPT
DNV,Trường Đại học Nội vụ Hà Nội,7340404,Quản trị nhân lực,D01,2025,27.0,,THPT
DNV,Học viện Hành chính và Quản trị công,7340404-Hà Nội,Quản trị nhân lực,A00,2025,24.2,,THPT
DNV,Học viện Hành chính và Quản trị công,7340404-Hà Nội,Quản trị nhân lực,A01,2025,24.2,,THPT
DNV,Học viện Hành chính và Quản trị công,7340404-Hà Nội,Quản trị nhân lực,C00,2025,24.2,,THPT
DNV,Học viện Hành chính và Quản trị công,7340404-Hà Nội,Quản trị nhân lực,D01,2025,24.2,,THPT
DNV,Trường Đại học Nội vụ Hà Nội,7340404QN,Quản trị nhân lực,A00,2025,16.0,,THPT
DNV,Trường Đại học Nội vụ Hà Nội,7340404QN,Quản trị nhân lực,C00,2025,16.0,,THPT
DNV,Trường Đại học Nội vụ Hà Nội,7340404QN,Quản trị nhân lực,D01,2025,16.0,,THPT
DNV,Trường Đại học Nội vụ Hà Nội,7340406,Quản trị văn phòng,A01,2025,26.75,,THPT
DNV,Trường Đại học Nội vụ Hà Nội,7340406,Quản trị văn phòng,C00,2025,26.75,,THPT
DNV,Trường Đại học Nội vụ Hà Nội,7340406,Quản trị văn phòng,D01,2025,26.75,,THPT
DNV,Học viện Hành chính và Quản trị công,7340406-01-Hà Nội,Quản trị văn phòng (chuyên ngành Thư ký văn phòng doanh nghiệp),A00,2025,24.05,,THPT
DNV,Học viện Hành chính và Quản trị công,7340406-01-Hà Nội,Quản trị văn phòng (chuyên ngành Thư ký văn phòng doanh nghiệp),A01,2025,24.05,,THPT
DNV,Học viện Hành chính và Quản trị công,7340406-01-Hà Nội,Quản trị văn phòng (chuyên ngành Thư ký văn phòng doanh nghiệp),C00,2025,24.05,,THPT
DNV,Học viện Hành chính và Quản trị công,7340406-01-Hà Nội,Quản trị văn phòng (chuyên ngành Thư ký văn phòng doanh nghiệp),D01,2025,24.05,,THPT
DNV,Học viện Hành chính và Quản trị công,7340406-Hà Nội,Quản trị văn phòng,A00,2025,24.05,,THPT
DNV,Học viện Hành chính và Quản trị công,7340406-Hà Nội,Quản trị văn phòng,A01,2025,24.05,,THPT
DNV,Học viện Hành chính và Quản trị công,7340406-Hà Nội,Quản trị văn phòng,C00,2025,24.05,,THPT
DNV,Học viện Hành chính và Quản trị công,7340406-Hà Nội,Quản trị văn phòng,D01,2025,24.05,,THPT
DNV,Trường Đại học Nội vụ Hà Nội,7340406QN,Quản trị văn phòng,A00,2025,18.0,,THPT
DNV,Trường Đại học Nội vụ Hà Nội,7340406QN,Quản trị văn phòng,C00,2025,18.0,,THPT
DNV,Trường Đại học Nội vụ Hà Nội,7340406QN,Quản trị văn phòng,D01,2025,18.0,,THPT
DNV,Trường Đại học Nội vụ Hà Nội,7340406TP-HCM,Quản trị văn phòng,A01,2025,22.25,,THPT
DNV,Trường Đại học Nội vụ Hà Nội,7340406TP-HCM,Quản trị văn phòng,C00,2025,22.25,,THPT
DNV,Trường Đại học Nội vụ Hà Nội,7340406TP-HCM,Quản trị văn phòng,D01,2025,22.25,,THPT
DNV,Trường Đại học Nội vụ Hà Nội,7380101,Luật (Chuyên ngành Thanh tra),A00,2025,26.25,,THPT
DNV,Trường Đại học Nội vụ Hà Nội,7380101,Luật (Chuyên ngành Thanh tra),A01,2025,26.25,,THPT
DNV,Trường Đại học Nội vụ Hà Nội,7380101,Luật (Chuyên ngành Thanh tra),C00,2025,26.25,,THPT
DNV,Trường Đại học Nội vụ Hà Nội,7380101,Luật (Chuyên ngành Thanh tra),D01,2025,26.25,,THPT
DNV,Học viện Hành chính và Quản trị công,7380101-01-Hà Nội,Luật (chuyên ngành Thanh tra),A00,2025,24.2,,THPT
DNV,Học viện Hành chính và Quản trị công,7380101-01-Hà Nội,Luật (chuyên ngành Thanh tra),A01,2025,24.2,,THPT
DNV,Học viện Hành chính và Quản trị công,7380101-01-Hà Nội,Luật (chuyên ngành Thanh tra),C00,2025,24.2,,THPT
DNV,Học viện Hành chính và Quản trị công,7380101-01-Hà Nội,Luật (chuyên ngành Thanh tra),D01,2025,24.2,,THPT
DNV,Học viện Hành chính và Quản trị công,7380101-Hà Nội,Luật,A00,2025,24.2,,THPT
DNV,Học viện Hành chính và Quản trị công,7380101-Hà Nội,Luật,A01,2025,24.2,,THPT
DNV,Học viện Hành chính và Quản trị công,7380101-Hà Nội,Luật,C00,2025,24.2,,THPT
DNV,Học viện Hành chính và Quản trị công,7380101-Hà Nội,Luật,D01,2025,24.2,,THPT
DNV,Trường Đại học Nội vụ Hà Nội,7380101QN\n7380101-1QN,Luật (Chuyên ngành Thanh tra),A00,2025,16.0,,THPT
DNV,Trường Đại học Nội vụ Hà Nội,7380101QN\n7380101-1QN,Luật (Chuyên ngành Thanh tra),C00,2025,16.0,,THPT
DNV,Trường Đại học Nội vụ Hà Nội,7380101QN\n7380101-1QN,Luật (Chuyên ngành Thanh tra),D01,2025,16.0,,THPT
DNV,Trường Đại học Nội vụ Hà Nội,7380101TP-HCM,Luật (Chuyên ngành Thanh tra),A00,2025,24.5,,THPT
DNV,Trường Đại học Nội vụ Hà Nội,7380101TP-HCM,Luật (Chuyên ngành Thanh tra),A00,2025,24.5,,THPT
DNV,Trường Đại học Nội vụ Hà Nội,7380101TP-HCM,Luật (Chuyên ngành Thanh tra),C00,2025,24.5,,THPT
DNV,Trường Đại học Nội vụ Hà Nội,7380101TP-HCM,Luật (Chuyên ngành Thanh tra),D01,2025,24.5,,THPT
DNV,Trường Đại học Nội vụ Hà Nội,7480104,Hệ thông thông tin\n(Chuyên ngành Hệ thống thông tin thương mại điện tử),A00,2025,19.75,,THPT
DNV,Trường Đại học Nội vụ Hà Nội,7480104,Hệ thông thông tin\n(Chuyên ngành Hệ thống thông tin thương mại điện tử),A01,2025,19.75,,THPT
DNV,Trường Đại học Nội vụ Hà Nội,7480104,Hệ thông thông tin\n(Chuyên ngành Hệ thống thông tin thương mại điện tử),D01,2025,19.75,,THPT
DNV,Trường Đại học Nội vụ Hà Nội,7480104,Hệ thông thông tin\n(Chuyên ngành Hệ thống thông tin thương mại điện tử),D10,2025,19.75,,THPT
DNV,Học viện Hành chính và Quản trị công,7480104-01-Hà Nội,Hệ thống thông tin (chuyên ngành Hệ thống thông tin thương mại điện tử),A00,2025,19.75,,THPT
DNV,Học viện Hành chính và Quản trị công,7480104-01-Hà Nội,Hệ thống thông tin (chuyên ngành Hệ thống thông tin thương mại điện tử),A01,2025,19.75,,THPT
DNV,Học viện Hành chính và Quản trị công,7480104-01-Hà Nội,Hệ thống thông tin (chuyên ngành Hệ thống thông tin thương mại điện tử),D01,2025,19.75,,THPT
DNV,Học viện Hành chính và Quản trị công,7480104-Hà Nội,Hệ thống thông tin,A00,2025,19.75,,THPT
DNV,Học viện Hành chính và Quản trị công,7480104-Hà Nội,Hệ thống thông tin,A01,2025,19.75,,THPT
DNV,Học viện Hành chính và Quản trị công,7480104-Hà Nội,Hệ thống thông tin,D01,2025,19.75,,THPT
DNV,Trường Đại học Nội vụ Hà Nội,7810103,Quản trị dịch vụ du lịch và lữ hành,C00,2025,25.25,,THPT
DNV,Trường Đại học Nội vụ Hà Nội,7810103,Quản trị dịch vụ du lịch và lữ hành,D01,2025,25.25,,THPT
DNV,Học viện Hành chính và Quản trị công,7810103-Hà Nội,Quản trị dịch vụ và du lịch lữ hành,C00,2025,24.4,,THPT
DNV,Học viện Hành chính và Quản trị công,7810103-Hà Nội,Quản trị dịch vụ và du lịch lữ hành,D01,2025,24.4,,THPT
DPC,Đại học Phan Châu Trinh,7340101,Quản trị Kinh doanh,A00,2025,15.0,,THPT
DPC,Trường Đại Học Phan Châu Trinh,7340101,Quản trị bệnh viện,A00,2025,15.0,,THPT
DPC,Trường Đại Học Phan Châu Trinh,7340101,Quản trị bệnh viện,A01,2025,15.0,,THPT
DPC,Đại học Phan Châu Trinh,7340101,Quản trị Kinh doanh,A01,2025,15.0,,THPT
DPC,Trường Đại Học Phan Châu Trinh,7340101,Quản trị bệnh viện,D01,2025,15.0,,THPT
DPC,Đại học Phan Châu Trinh,7340101,Quản trị Kinh doanh,D01,2025,15.0,,THPT
DPC,Trường Đại Học Phan Châu Trinh,7340101,Quản trị bệnh viện,D07,2025,15.0,,THPT
DPC,Đại học Phan Châu Trinh,7340101,Quản trị Kinh doanh,D07,2025,15.0,,THPT
DPC,Đại học Phan Châu Trinh,7720101,Y khoa,A00,2025,21.5,,THPT
DPC,Trường Đại Học Phan Châu Trinh,7720101,Y khoa (Bác sĩ đa khoa),A00,2025,21.5,,THPT
DPC,Trường Đại Học Phan Châu Trinh,7720101,Y khoa (Bác sĩ đa khoa),A01,2025,21.5,,THPT
DPC,Đại học Phan Châu Trinh,7720101,Y khoa,A01,2025,21.5,,THPT
DPC,Trường Đại Học Phan Châu Trinh,7720101,Y khoa (Bác sĩ đa khoa),B00,2025,21.5,,THPT
DPC,Đại học Phan Châu Trinh,7720101,Y khoa,B00,2025,21.5,,THPT
DPC,Trường Đại Học Phan Châu Trinh,7720101,Y khoa (Bác sĩ đa khoa),D07,2025,21.5,,THPT
DPC,Đại học Phan Châu Trinh,7720101,Y khoa,D07,2025,21.5,,THPT
DPC,Đại học Phan Châu Trinh,7720301A,Điều dưỡng đa khoa,A00,2025,17.0,,THPT
DPC,Trường Đại Học Phan Châu Trinh,7720301A,Điều dưỡng đa khoa,A00,2025,17.0,,THPT
DPC,Trường Đại Học Phan Châu Trinh,7720301A,Điều dưỡng đa khoa,A01,2025,17.0,,THPT
DPC,Đại học Phan Châu Trinh,7720301A,Điều dưỡng đa khoa,A01,2025,17.0,,THPT
DPC,Trường Đại Học Phan Châu Trinh,7720301A,Điều dưỡng đa khoa,B00,2025,17.0,,THPT
DPC,Đại học Phan Châu Trinh,7720301A,Điều dưỡng đa khoa,B00,2025,17.0,,THPT
DPC,Trường Đại Học Phan Châu Trinh,7720301A,Điều dưỡng đa khoa,D07,2025,17.0,,THPT
DPC,Đại học Phan Châu Trinh,7720301A,Điều dưỡng đa khoa,D07,2025,17.0,,THPT
DPC,Đại học Phan Châu Trinh,7720301B,Điều dưỡng nha khoa,A00,2025,17.0,,THPT
DPC,Trường Đại Học Phan Châu Trinh,7720301B,Điều dưỡng Nha khoa,A00,2025,17.0,,THPT
DPC,Trường Đại Học Phan Châu Trinh,7720301B,Điều dưỡng Nha khoa,A01,2025,17.0,,THPT
DPC,Đại học Phan Châu Trinh,7720301B,Điều dưỡng nha khoa,A01,2025,17.0,,THPT
DPC,Trường Đại Học Phan Châu Trinh,7720301B,Điều dưỡng Nha khoa,B00,2025,17.0,,THPT
DPC,Đại học Phan Châu Trinh,7720301B,Điều dưỡng nha khoa,B00,2025,17.0,,THPT
DPC,Trường Đại Học Phan Châu Trinh,7720301B,Điều dưỡng Nha khoa,D07,2025,17.0,,THPT
DPC,Đại học Phan Châu Trinh,7720301B,Điều dưỡng nha khoa,D07,2025,17.0,,THPT
DPC,Đại học Phan Châu Trinh,7720501,Răng- Hàm -Mặt,A00,2025,21.75,,THPT
DPC,Trường Đại Học Phan Châu Trinh,7720501,Răng - Hàm - Mặt,A00,2025,21.75,,THPT
DPC,Trường Đại Học Phan Châu Trinh,7720501,Răng - Hàm - Mặt,A01,2025,21.75,,THPT
DPC,Đại học Phan Châu Trinh,7720501,Răng- Hàm -Mặt,A01,2025,21.75,,THPT
DPC,Trường Đại Học Phan Châu Trinh,7720501,Răng - Hàm - Mặt,B00,2025,21.75,,THPT
DPC,Đại học Phan Châu Trinh,7720501,Răng- Hàm -Mặt,B00,2025,21.75,,THPT
DPC,Trường Đại Học Phan Châu Trinh,7720501,Răng - Hàm - Mặt,D07,2025,21.75,,THPT
DPC,Đại học Phan Châu Trinh,7720501,Răng- Hàm -Mặt,D07,2025,21.75,,THPT
DPC,Đại học Phan Châu Trinh,7720601,Kỹ thuật xét nghiệm y học,A00,2025,17.0,,THPT
DPC,Trường Đại Học Phan Châu Trinh,7720601,Kỹ thuật xét nghiệm y học,A00,2025,17.0,,THPT
DPC,Trường Đại Học Phan Châu Trinh,7720601,Kỹ thuật xét nghiệm y học,A01,2025,17.0,,THPT
DPC,Đại học Phan Châu Trinh,7720601,Kỹ thuật xét nghiệm y học,A01,2025,17.0,,THPT
DPC,Trường Đại Học Phan Châu Trinh,7720601,Kỹ thuật xét nghiệm y học,B00,2025,17.0,,THPT
DPC,Đại học Phan Châu Trinh,7720601,Kỹ thuật xét nghiệm y học,B00,2025,17.0,,THPT
DPC,Trường Đại Học Phan Châu Trinh,7720601,Kỹ thuật xét nghiệm y học,D07,2025,17.0,,THPT
DPC,Đại học Phan Châu Trinh,7720601,Kỹ thuật xét nghiệm y học,D07,2025,17.0,,THPT
DPD,Đại học Phương Đông,7220201,Ngôn ngữ Anh,D01,2025,15.0,,THPT
DPD,Đại học Phương Đông,7220204,Ngôn ngữ Trung Quốc,D01,2025,15.0,,THPT
DPD,Trường Đại Học Phương Đông,7220204,Ngôn ngữ Trung Quốc,D01,2025,18.0,,THPT
DPD,Đại học Phương Đông,7220209,Ngôn ngữ Nhật,D01,2025,15.0,,THPT
DPD,Trường Đại Học Phương Đông,7220209,Ngôn ngữ Nhật,D01,2025,15.0,,THPT
DPD,Đại học Phương Đông,7320104,Truyền thông đa phương tiện,A01,2025,15.0,,THPT
DPD,Trường Đại Học Phương Đông,7320104,Truyền thông đa phương tiện,A01,2025,18.0,,THPT
DPD,Trường Đại Học Phương Đông,7320104,Truyền thông đa phương tiện,D01,2025,18.0,,THPT
DPD,Đại học Phương Đông,7320104,Truyền thông đa phương tiện,D01,2025,15.0,,THPT
DPD,Trường Đại Học Phương Đông,7320104,Truyền thông đa phương tiện,D09,2025,18.0,,THPT
DPD,Đại học Phương Đông,7320104,Truyền thông đa phương tiện,D09,2025,15.0,,THPT
DPD,Đại học Phương Đông,7340101,Quản trị Kinh doanh,A00,2025,15.0,,THPT
DPD,Trường Đại Học Phương Đông,7340101,Quản trị kinh doanh,A00,2025,16.0,,THPT
DPD,Trường Đại Học Phương Đông,7340101,Quản trị kinh doanh,A01,2025,16.0,,THPT
DPD,Đại học Phương Đông,7340101,Quản trị Kinh doanh,A01,2025,15.0,,THPT
DPD,Trường Đại Học Phương Đông,7340101,Quản trị kinh doanh,D01,2025,16.0,,THPT
DPD,Đại học Phương Đông,7340101,Quản trị Kinh doanh,D01,2025,15.0,,THPT
DPD,Đại học Phương Đông,7340122,Thương mại điện tử,A00,2025,15.0,,THPT
DPD,Trường Đại Học Phương Đông,7340122,Thương mại điện tử,A00,2025,16.0,,THPT
DPD,Trường Đại Học Phương Đông,7340122,Thương mại điện tử,A01,2025,16.0,,THPT
DPD,Đại học Phương Đông,7340122,Thương mại điện tử,A01,2025,15.0,,THPT
DPD,Trường Đại Học Phương Đông,7340122,Thương mại điện tử,D01,2025,16.0,,THPT
DPD,Đại học Phương Đông,7340122,Thương mại điện tử,D01,2025,15.0,,THPT
DPD,Đại học Phương Đông,7340201,Tài chính – Ngân hàng,A00,2025,15.0,,THPT
DPD,Trường Đại Học Phương Đông,7340201,Tài chính ngân hàng,A00,2025,15.0,,THPT
DPD,Trường Đại Học Phương Đông,7340201,Tài chính ngân hàng,A01,2025,15.0,,THPT
DPD,Đại học Phương Đông,7340201,Tài chính – Ngân hàng,A01,2025,15.0,,THPT
DPD,Trường Đại Học Phương Đông,7340201,Tài chính ngân hàng,D01,2025,15.0,,THPT
DPD,Đại học Phương Đông,7340201,Tài chính – Ngân hàng,D01,2025,15.0,,THPT
DPD,Đại học Phương Đông,7340301,Kế toán,A00,2025,15.0,,THPT
DPD,Trường Đại Học Phương Đông,7340301,Kế toán,A00,2025,15.0,,THPT
DPD,Trường Đại Học Phương Đông,7340301,Kế toán,A01,2025,15.0,,THPT
DPD,Đại học Phương Đông,7340301,Kế toán,A01,2025,15.0,,THPT
DPD,Trường Đại Học Phương Đông,7340301,Kế toán,D01,2025,15.0,,THPT
DPD,Đại học Phương Đông,7340301,Kế toán,D01,2025,15.0,,THPT
DPD,Đại học Phương Đông,7340406,Quản trị văn phòng,A00,2025,15.0,,THPT
DPD,Trường Đại Học Phương Đông,7340406,Quản trị văn phòng,A00,2025,15.0,,THPT
DPD,Trường Đại Học Phương Đông,7340406,Quản trị văn phòng,C00,2025,15.0,,THPT
DPD,Đại học Phương Đông,7340406,Quản trị văn phòng,C00,2025,15.0,,THPT
DPD,Trường Đại Học Phương Đông,7340406,Quản trị văn phòng,D01,2025,15.0,,THPT
DPD,Đại học Phương Đông,7340406,Quản trị văn phòng,D01,2025,15.0,,THPT
DPD,Đại học Phương Đông,7480201,Công nghệ thông tin,A00,2025,15.0,,THPT
DPD,Trường Đại Học Phương Đông,7480201,Công nghệ thông tin,A00,2025,15.0,,THPT
DPD,Trường Đại Học Phương Đông,7480201,Công nghệ thông tin,A01,2025,15.0,,THPT
DPD,Đại học Phương Đông,7480201,Công nghệ thông tin,A01,2025,15.0,,THPT
DPD,Trường Đại Học Phương Đông,7480201,Công nghệ thông tin,D01,2025,15.0,,THPT
DPD,Đại học Phương Đông,7480201,Công nghệ thông tin,D01,2025,15.0,,THPT
DPD,Trường Đại Học Phương Đông,7480201,Công nghệ thông tin,D07,2025,15.0,,THPT
DPD,Đại học Phương Đông,7510203,Công nghệ kỹ thuật cơ điện tử,A00,2025,15.0,,THPT
DPD,Trường Đại Học Phương Đông,7510203,Công nghệ kỹ thuật Cơ điện tử,A00,2025,15.0,,THPT
DPD,Trường Đại Học Phương Đông,7510203,Công nghệ kỹ thuật Cơ điện tử,A01,2025,15.0,,THPT
DPD,Đại học Phương Đông,7510203,Công nghệ kỹ thuật cơ điện tử,A01,2025,15.0,,THPT
DPD,Trường Đại Học Phương Đông,7510203,Công nghệ kỹ thuật Cơ điện tử,D01,2025,15.0,,THPT
DPD,Đại học Phương Đông,7510203,Công nghệ kỹ thuật cơ điện tử,D01,2025,15.0,,THPT
DPD,Đại học Phương Đông,7510301,"Công nghệ kỹ thuật điện, điện tử",A00,2025,15.0,,THPT
DPD,Trường Đại Học Phương Đông,7510301,Công nghệ kỹ thuật Điện - Điện điện tử,A00,2025,15.0,,THPT
DPD,Trường Đại Học Phương Đông,7510301,Công nghệ kỹ thuật Điện - Điện điện tử,A01,2025,15.0,,THPT
DPD,Đại học Phương Đông,7510301,"Công nghệ kỹ thuật điện, điện tử",A01,2025,15.0,,THPT
DPD,Trường Đại Học Phương Đông,7510301,Công nghệ kỹ thuật Điện - Điện điện tử,D01,2025,15.0,,THPT
DPD,Đại học Phương Đông,7510301,"Công nghệ kỹ thuật điện, điện tử",D01,2025,15.0,,THPT
DPD,Đại học Phương Đông,7580201,Kỹ thuật xây dựng,A00,2025,15.0,,THPT
DPD,Trường Đại Học Phương Đông,7580201,Kỹ thuật xây dựng,A00,2025,15.0,,THPT
DPD,Trường Đại Học Phương Đông,7580201,Kỹ thuật xây dựng,A01,2025,15.0,,THPT
DPD,Đại học Phương Đông,7580201,Kỹ thuật xây dựng,A01,2025,15.0,,THPT
DPD,Trường Đại Học Phương Đông,7580201,Kỹ thuật xây dựng,D01,2025,15.0,,THPT
DPD,Đại học Phương Đông,7580201,Kỹ thuật xây dựng,D01,2025,15.0,,THPT
DPD,Đại học Phương Đông,7580301,Kinh tế xây dựng,A00,2025,15.0,,THPT
DPD,Trường Đại Học Phương Đông,7580301,Kinh tế xây dựng,A00,2025,15.0,,THPT
DPD,Trường Đại Học Phương Đông,7580301,Kinh tế xây dựng,A01,2025,15.0,,THPT
DPD,Đại học Phương Đông,7580301,Kinh tế xây dựng,A01,2025,15.0,,THPT
DPD,Trường Đại Học Phương Đông,7580301,Kinh tế xây dựng,D01,2025,15.0,,THPT
DPD,Đại học Phương Đông,7580301,Kinh tế xây dựng,D01,2025,15.0,,THPT
DPD,Đại học Phương Đông,7810103,Quản trị dịch vụ du lịch và lữ hành,A00,2025,15.0,,THPT
DPD,Trường Đại Học Phương Đông,7810103,Quản trị dịch vụ du lịch và lữ hành,A00,2025,17.0,,THPT
DPD,Trường Đại Học Phương Đông,7810103,Quản trị dịch vụ du lịch và lữ hành,C00,2025,17.0,,THPT
DPD,Đại học Phương Đông,7810103,Quản trị dịch vụ du lịch và lữ hành,C00,2025,15.0,,THPT
DPD,Trường Đại Học Phương Đông,7810103,Quản trị dịch vụ du lịch và lữ hành,D01,2025,17.0,,THPT
DPD,Đại học Phương Đông,7810103,Quản trị dịch vụ du lịch và lữ hành,D01,2025,15.0,,THPT
DPQ,Đại học Phạm Văn Đồng,7140202,Giáo dục Tiểu học,A00,2025,26.87,,THPT
DPQ,Trường Đại Học Phạm Văn Đồng,7140202,Giáo dục Tiểu học,A00,2025,26.87,,THPT
DPQ,Trường Đại Học Phạm Văn Đồng,7140202,Giáo dục Tiểu học,A01,2025,26.87,,THPT
DPQ,Đại học Phạm Văn Đồng,7140202,Giáo dục Tiểu học,A01,2025,26.87,,THPT
DPQ,Trường Đại Học Phạm Văn Đồng,7140202,Giáo dục Tiểu học,C00,2025,26.87,,THPT
DPQ,Đại học Phạm Văn Đồng,7140202,Giáo dục Tiểu học,C00,2025,26.87,,THPT
DPQ,Trường Đại Học Phạm Văn Đồng,7140202,Giáo dục Tiểu học,D01,2025,26.87,,THPT
DPQ,Đại học Phạm Văn Đồng,7140202,Giáo dục Tiểu học,D01,2025,26.87,,THPT
DPQ,Đại học Phạm Văn Đồng,7140209,Sư phạm Toán học,A00,2025,27.25,,THPT
DPQ,Trường Đại Học Phạm Văn Đồng,7140209,Sư phạm Toán học,A00,2025,27.25,,THPT
DPQ,Trường Đại Học Phạm Văn Đồng,7140209,Sư phạm Toán học,A01,2025,27.25,,THPT
DPQ,Đại học Phạm Văn Đồng,7140209,Sư phạm Toán học,A01,2025,27.25,,THPT
DPQ,Trường Đại Học Phạm Văn Đồng,7140209,Sư phạm Toán học,D01,2025,27.25,,THPT
DPQ,Đại học Phạm Văn Đồng,7140209,Sư phạm Toán học,D01,2025,27.25,,THPT
DPQ,Đại học Phạm Văn Đồng,7140210,Sư phạm Tin học (Chuyên ngành Tin học – Công nghệ Tiểu học),A00,2025,25.92,,THPT
DPQ,Trường Đại Học Phạm Văn Đồng,7140210,Sư phạm Tin học,A00,2025,25.92,,THPT
DPQ,Trường Đại Học Phạm Văn Đồng,7140210,Sư phạm Tin học,D01,2025,25.92,,THPT
DPQ,Đại học Phạm Văn Đồng,7140210,Sư phạm Tin học (Chuyên ngành Tin học – Công nghệ Tiểu học),D01,2025,25.92,,THPT
DPQ,Đại học Phạm Văn Đồng,7140211,Sư phạm Vật lý,A00,2025,26.7,,THPT
DPQ,Trường Đại Học Phạm Văn Đồng,7140211,Sư phạm Vật lý,A00,2025,26.7,,THPT
DPQ,Trường Đại Học Phạm Văn Đồng,7140211,Sư phạm Vật lý,A01,2025,26.7,,THPT
DPQ,Đại học Phạm Văn Đồng,7140211,Sư phạm Vật lý,A01,2025,26.7,,THPT
DPQ,Đại học Phạm Văn Đồng,7140212,Sư phạm Hóa học,A00,2025,26.3,,THPT
DPQ,Trường Đại Học Phạm Văn Đồng,7140212,Sư phạm Hóa học,A00,2025,26.3,,THPT
DPQ,Trường Đại Học Phạm Văn Đồng,7140212,Sư phạm Hóa học,B00,2025,26.3,,THPT
DPQ,Đại học Phạm Văn Đồng,7140212,Sư phạm Hóa học,B00,2025,26.3,,THPT
DPQ,Trường Đại Học Phạm Văn Đồng,7140212,Sư phạm Hóa học,D07,2025,26.3,,THPT
DPQ,Đại học Phạm Văn Đồng,7140212,Sư phạm Hóa học,D07,2025,26.3,,THPT
DPQ,Đại học Phạm Văn Đồng,7140217,Sư phạm Ngữ văn,C00,2025,27.02,,THPT
DPQ,Trường Đại Học Phạm Văn Đồng,7140217,Sư phạm Ngữ văn,C00,2025,27.02,,THPT
DPQ,Đại học Phạm Văn Đồng,7140231,Sư phạm Tiếng Anh,D01,2025,26.02,,THPT
DPQ,Trường Đại Học Phạm Văn Đồng,7140231,Sư phạm Tiếng Anh,D01,2025,26.02,,THPT
DPQ,Đại học Phạm Văn Đồng,7140247,Sư phạm khoa học tự nhiên,A00,2025,26.08,,THPT
DPQ,Trường Đại Học Phạm Văn Đồng,7140247,Sư phạm KHTN,A00,2025,26.08,,THPT
DPQ,Trường Đại Học Phạm Văn Đồng,7140247,Sư phạm KHTN,B00,2025,26.08,,THPT
DPQ,Đại học Phạm Văn Đồng,7140247,Sư phạm khoa học tự nhiên,B00,2025,26.08,,THPT
DPQ,Trường Đại Học Phạm Văn Đồng,7310105,Kinh tế phát triển,D01,2025,15.0,,THPT
DPQ,Đại học Phạm Văn Đồng,7310105,Kinh tế phát triển,D01,2025,15.0,,THPT
DPQ,Trường Đại Học Phạm Văn Đồng,7340101,Quản trị kinh doanh,D01,2025,15.0,,THPT
DPQ,Đại học Phạm Văn Đồng,7340101,Quản trị Kinh doanh,D01,2025,15.0,,THPT
DPQ,Trường Đại Học Phạm Văn Đồng,7340115,Marketing,D01,2025,15.0,,THPT
DPQ,Đại học Phạm Văn Đồng,7340115,Marketing,D01,2025,15.0,,THPT
DPQ,Đại học Phạm Văn Đồng,7480201,Công nghệ thông tin,A00,2025,15.0,,THPT
DPQ,Trường Đại Học Phạm Văn Đồng,7480201,Công nghệ thông tin,A00,2025,15.0,,THPT
DPQ,Trường Đại Học Phạm Văn Đồng,7480201,Công nghệ thông tin,D01,2025,15.0,,THPT
DPQ,Đại học Phạm Văn Đồng,7480201,Công nghệ thông tin,D01,2025,15.0,,THPT
DPQ,Đại học Phạm Văn Đồng,7510201,Công nghệ kỹ thuật cơ khí (chuyên ngành Cơ khí chế tạo),A00,2025,15.0,,THPT
DPQ,Trường Đại Học Phạm Văn Đồng,7510201,Công nghệ kỹ thuật cơ khí,A00,2025,15.0,,THPT
DPQ,Trường Đại Học Phạm Văn Đồng,7510201,Công nghệ kỹ thuật cơ khí,A01,2025,15.0,,THPT
DPQ,Đại học Phạm Văn Đồng,7510201,Công nghệ kỹ thuật cơ khí (chuyên ngành Cơ khí chế tạo),A01,2025,15.0,,THPT
DPQ,Trường Đại Học Phạm Văn Đồng,7510201,Công nghệ kỹ thuật cơ khí,D01,2025,15.0,,THPT
DPQ,Đại học Phạm Văn Đồng,7510201,Công nghệ kỹ thuật cơ khí (chuyên ngành Cơ khí chế tạo),D01,2025,15.0,,THPT
DPQ,Đại học Phạm Văn Đồng,7520114,Kỹ thuật cơ điện tử,A00,2025,15.0,,THPT
DPQ,Trường Đại Học Phạm Văn Đồng,7520114,Kỹ thuật cơ điện tử,A00,2025,15.0,,THPT
DPQ,Trường Đại Học Phạm Văn Đồng,7520114,Kỹ thuật cơ điện tử,A01,2025,15.0,,THPT
DPQ,Đại học Phạm Văn Đồng,7520114,Kỹ thuật cơ điện tử,A01,2025,15.0,,THPT
DPQ,Trường Đại Học Phạm Văn Đồng,7520114,Kỹ thuật cơ điện tử,D01,2025,15.0,,THPT
DPQ,Đại học Phạm Văn Đồng,7520114,Kỹ thuật cơ điện tử,D01,2025,15.0,,THPT
DPT,Đại học Phan Thiết,7220201,Ngôn ngữ Anh,D01,2025,15.0,,THPT
DPT,Trường Đại Học Phan Thiết,7220201,Ngôn ngữ Anh,D01,2025,15.0,,THPT
DPT,Đại học Phan Thiết,7340101,Quản trị Kinh doanh,A00,2025,15.0,,THPT
DPT,Trường Đại Học Phan Thiết,7340101,Quản trị kinh doanh,A01,2025,15.0,,THPT
DPT,Trường Đại Học Phan Thiết,7340101,Quản trị kinh doanh,A01,2025,15.0,,THPT
DPT,Trường Đại Học Phan Thiết,7340101,Quản trị kinh doanh,C00,2025,15.0,,THPT
DPT,Đại học Phan Thiết,7340101,Quản trị Kinh doanh,C00,2025,15.0,,THPT
DPT,Trường Đại Học Phan Thiết,7340101,Quản trị kinh doanh,D01,2025,15.0,,THPT
DPT,Trường Đại Học Phan Thiết,7340101,Quản trị kinh doanh,D01,2025,15.0,,THPT
DPT,Đại học Phan Thiết,7340101,Quản trị Kinh doanh,D01,2025,15.0,,THPT
DPT,Trường Đại Học Phan Thiết,7340101,Quản trị kinh doanh,D07,2025,15.0,,THPT
DPT,Trường Đại Học Phan Thiết,7340101,Quản trị kinh doanh,D07,2025,15.0,,THPT
DPT,Đại học Phan Thiết,7340101,Quản trị Kinh doanh,D07,2025,15.0,,THPT
DPT,Trường Đại Học Phan Thiết,7340101,Quản trị kinh doanh,D10,2025,15.0,,THPT
DPT,Trường Đại Học Phan Thiết,7340101,Quản trị kinh doanh,D10,2025,15.0,,THPT
DPT,Đại học Phan Thiết,7340101,Quản trị Kinh doanh,D10,2025,15.0,,THPT
DPT,Trường Đại Học Phan Thiết,7340201,Tài chính – Ngân hàng,A00,2025,0.0,,THPT
DPT,Trường Đại Học Phan Thiết,7340201,Tài chính – Ngân hàng,A01,2025,0.0,,THPT
DPT,Đại học Phan Thiết,7340201,Tài chính – Ngân hàng,A01,2025,15.0,,THPT
DPT,Trường Đại Học Phan Thiết,7340201,Tài chính – Ngân hàng,D01,2025,0.0,,THPT
DPT,Đại học Phan Thiết,7340201,Tài chính – Ngân hàng,D01,2025,15.0,,THPT
DPT,Trường Đại Học Phan Thiết,7340201,Tài chính – Ngân hàng,D07,2025,0.0,,THPT
DPT,Đại học Phan Thiết,7340201,Tài chính – Ngân hàng,D07,2025,15.0,,THPT
DPT,Trường Đại Học Phan Thiết,7340201,Tài chính – Ngân hàng,D10,2025,0.0,,THPT
DPT,Đại học Phan Thiết,7340201,Tài chính – Ngân hàng,D10,2025,15.0,,THPT
DPT,Trường Đại Học Phan Thiết,7340202,Tài chính – Ngân hàng,A00,2025,15.0,,THPT
DPT,Trường Đại Học Phan Thiết,7340202,Tài chính – Ngân hàng,A01,2025,15.0,,THPT
DPT,Trường Đại Học Phan Thiết,7340202,Tài chính – Ngân hàng,D01,2025,15.0,,THPT
DPT,Trường Đại Học Phan Thiết,7340202,Tài chính – Ngân hàng,D07,2025,15.0,,THPT
DPT,Trường Đại Học Phan Thiết,7340202,Tài chính – Ngân hàng,D10,2025,15.0,,THPT
DPT,Đại học Phan Thiết,7340301,Kế toán,A00,2025,15.0,,THPT
DPT,Trường Đại Học Phan Thiết,7340301,Kế toán,A00,2025,15.0,,THPT
DPT,Trường Đại Học Phan Thiết,7340301,Kế toán,A01,2025,15.0,,THPT
DPT,Đại học Phan Thiết,7340301,Kế toán,A01,2025,15.0,,THPT
DPT,Trường Đại Học Phan Thiết,7340301,Kế toán,D01,2025,15.0,,THPT
DPT,Đại học Phan Thiết,7340301,Kế toán,D01,2025,15.0,,THPT
DPT,Trường Đại Học Phan Thiết,7340301,Kế toán,D07,2025,15.0,,THPT
DPT,Đại học Phan Thiết,7340301,Kế toán,D07,2025,15.0,,THPT
DPT,Đại học Phan Thiết,7380101,Ngành Luật,C00,2025,15.0,,THPT
DPT,Trường Đại Học Phan Thiết,7380101,Luật,C00,2025,18.0,,THPT
DPT,Trường Đại Học Phan Thiết,7380101,Luật,D01,2025,18.0,,THPT
DPT,Đại học Phan Thiết,7380101,Ngành Luật,D01,2025,15.0,,THPT
DPT,Đại học Phan Thiết,7380107,Luật kinh tế,C00,2025,15.0,,THPT
DPT,Trường Đại Học Phan Thiết,7380107,Luật kinh tế,C00,2025,18.0,,THPT
DPT,Trường Đại Học Phan Thiết,7380107,Luật kinh tế,D01,2025,18.0,,THPT
DPT,Đại học Phan Thiết,7380107,Luật kinh tế,D01,2025,15.0,,THPT
DPT,Đại học Phan Thiết,7480201,Công nghệ thông tin,A00,2025,15.0,,THPT
DPT,Trường Đại Học Phan Thiết,7480201,Công nghệ thông tin,A00,2025,15.0,,THPT
DPT,Trường Đại Học Phan Thiết,7480201,Công nghệ thông tin,A01,2025,15.0,,THPT
DPT,Đại học Phan Thiết,7480201,Công nghệ thông tin,A01,2025,15.0,,THPT
DPT,Trường Đại Học Phan Thiết,7480201,Công nghệ thông tin,D01,2025,15.0,,THPT
DPT,Đại học Phan Thiết,7480201,Công nghệ thông tin,D01,2025,15.0,,THPT
DPT,Trường Đại Học Phan Thiết,7480201,Công nghệ thông tin,D07,2025,15.0,,THPT
DPT,Đại học Phan Thiết,7480201,Công nghệ thông tin,D07,2025,15.0,,THPT
DPT,Trường Đại Học Phan Thiết,7480201,Công nghệ thông tin,D10,2025,15.0,,THPT
DPT,Đại học Phan Thiết,7480201,Công nghệ thông tin,D10,2025,15.0,,THPT
DPT,Đại học Phan Thiết,7510605,Logistics và Quản lý chuỗi cung ứng,A00,2025,15.0,,THPT
DPT,Trường Đại Học Phan Thiết,7510605,Logistics và Quản lý chuỗi cung ứng,A00,2025,15.0,,THPT
DPT,Trường Đại Học Phan Thiết,7510605,Logistics và Quản lý chuỗi cung ứng,A01,2025,15.0,,THPT
DPT,Đại học Phan Thiết,7510605,Logistics và Quản lý chuỗi cung ứng,A01,2025,15.0,,THPT
DPT,Trường Đại Học Phan Thiết,7510605,Logistics và Quản lý chuỗi cung ứng,D01,2025,15.0,,THPT
DPT,Đại học Phan Thiết,7510605,Logistics và Quản lý chuỗi cung ứng,D01,2025,15.0,,THPT
DPT,Trường Đại Học Phan Thiết,7510605,Logistics và Quản lý chuỗi cung ứng,D07,2025,15.0,,THPT
DPT,Đại học Phan Thiết,7510605,Logistics và Quản lý chuỗi cung ứng,D07,2025,15.0,,THPT
DPT,Đại học Phan Thiết,7520103,Kỹ thuật cơ khí,A00,2025,15.0,,THPT
DPT,Trường Đại Học Phan Thiết,7520103,Kỹ thuật cơ khí,A00,2025,15.0,,THPT
DPT,Trường Đại Học Phan Thiết,7520103,Kỹ thuật cơ khí,A01,2025,15.0,,THPT
DPT,Đại học Phan Thiết,7520103,Kỹ thuật cơ khí,A01,2025,15.0,,THPT
DPT,Trường Đại Học Phan Thiết,7520103,Kỹ thuật cơ khí,D01,2025,15.0,,THPT
DPT,Đại học Phan Thiết,7520103,Kỹ thuật cơ khí,D01,2025,15.0,,THPT
DPT,Trường Đại Học Phan Thiết,7520103,Kỹ thuật cơ khí,D07,2025,15.0,,THPT
DPT,Đại học Phan Thiết,7520103,Kỹ thuật cơ khí,D07,2025,15.0,,THPT
DPT,Đại học Phan Thiết,7520130,Kỹ thuật ô tô,A00,2025,15.0,,THPT
DPT,Trường Đại Học Phan Thiết,7520130,Kỹ thuật ô tô,A00,2025,15.0,,THPT
DPT,Trường Đại Học Phan Thiết,7520130,Kỹ thuật ô tô,A01,2025,15.0,,THPT
DPT,Đại học Phan Thiết,7520130,Kỹ thuật ô tô,A01,2025,15.0,,THPT
DPT,Trường Đại Học Phan Thiết,7520130,Kỹ thuật ô tô,D01,2025,15.0,,THPT
DPT,Đại học Phan Thiết,7520130,Kỹ thuật ô tô,D01,2025,15.0,,THPT
DPT,Trường Đại Học Phan Thiết,7520130,Kỹ thuật ô tô,D07,2025,15.0,,THPT
DPT,Đại học Phan Thiết,7520130,Kỹ thuật ô tô,D07,2025,15.0,,THPT
DPT,Đại học Phan Thiết,7580201,Kỹ thuật xây dựng,A00,2025,15.0,,THPT
DPT,Trường Đại Học Phan Thiết,7580201,Kỹ thuật xây dựng,A00,2025,15.0,,THPT
DPT,Trường Đại Học Phan Thiết,7580201,Kỹ thuật xây dựng,A01,2025,15.0,,THPT
DPT,Đại học Phan Thiết,7580201,Kỹ thuật xây dựng,A01,2025,15.0,,THPT
DPT,Trường Đại Học Phan Thiết,7580201,Kỹ thuật xây dựng,D01,2025,15.0,,THPT
DPT,Đại học Phan Thiết,7580201,Kỹ thuật xây dựng,D01,2025,15.0,,THPT
DPT,Trường Đại Học Phan Thiết,7580201,Kỹ thuật xây dựng,D07,2025,15.0,,THPT
DPT,Đại học Phan Thiết,7580201,Kỹ thuật xây dựng,D07,2025,15.0,,THPT
DPT,Đại học Phan Thiết,7720601,Kỹ thuật xét nghiệm y học,B00,2025,17.0,,THPT
DPT,Trường Đại Học Phan Thiết,7720601,Kỹ thuật xét nghiệm y học,B00,2025,17.0,,THPT
DPT,Trường Đại Học Phan Thiết,7720601,Kỹ thuật xét nghiệm y học,D07,2025,17.0,,THPT
DPT,Đại học Phan Thiết,7720601,Kỹ thuật xét nghiệm y học,D07,2025,17.0,,THPT
DPT,Trường Đại Học Phan Thiết,7720601,Kỹ thuật xét nghiệm y học,D08,2025,17.0,,THPT
DPT,Đại học Phan Thiết,7720601,Kỹ thuật xét nghiệm y học,D08,2025,17.0,,THPT
DPT,Đại học Phan Thiết,7810103,Quản trị dịch vụ du lịch và lữ hành,C00,2025,15.0,,THPT
DPT,Trường Đại Học Phan Thiết,7810103,Quản trị dịch vụ du lịch và lữ hành,C00,2025,15.0,,THPT
DPT,Trường Đại Học Phan Thiết,7810103,Quản trị dịch vụ du lịch và lữ hành,D01,2025,15.0,,THPT
DPT,Đại học Phan Thiết,7810103,Quản trị dịch vụ du lịch và lữ hành,D01,2025,15.0,,THPT
DPT,Trường Đại Học Phan Thiết,7810103,Quản trị dịch vụ du lịch và lữ hành,D08,2025,15.0,,THPT
DPT,Đại học Phan Thiết,7810103,Quản trị dịch vụ du lịch và lữ hành,D08,2025,15.0,,THPT
DPT,Trường Đại Học Phan Thiết,7810103,Quản trị dịch vụ du lịch và lữ hành,D10,2025,15.0,,THPT
DPT,Đại học Phan Thiết,7810103,Quản trị dịch vụ du lịch và lữ hành,D10,2025,15.0,,THPT
DPT,Đại học Phan Thiết,7810201,Quản trị khách sạn,C00,2025,15.0,,THPT
DPT,Trường Đại Học Phan Thiết,7810201,Quản trị khách sạn,C00,2025,15.0,,THPT
DPT,Trường Đại Học Phan Thiết,7810201,Quản trị khách sạn,D01,2025,15.0,,THPT
DPT,Đại học Phan Thiết,7810201,Quản trị khách sạn,D01,2025,15.0,,THPT
DPT,Trường Đại Học Phan Thiết,7810201,Quản trị khách sạn,D10,2025,15.0,,THPT
DPT,Đại học Phan Thiết,7810201,Quản trị khách sạn,D10,2025,15.0,,THPT
DPT,Đại học Phan Thiết,7810202,Quản trị nhà hàng và dịch vụ ăn uống,C00,2025,15.0,,THPT
DPT,Trường Đại Học Phan Thiết,7810202,Quản trị nhà hàng và dịch vụ ăn uống,C00,2025,15.0,,THPT
DPT,Trường Đại Học Phan Thiết,7810202,Quản trị nhà hàng và dịch vụ ăn uống,D01,2025,15.0,,THPT
DPT,Đại học Phan Thiết,7810202,Quản trị nhà hàng và dịch vụ ăn uống,D01,2025,15.0,,THPT
DPT,Trường Đại Học Phan Thiết,7810202,Quản trị nhà hàng và dịch vụ ăn uống,D10,2025,15.0,,THPT
DPT,Đại học Phan Thiết,7810202,Quản trị nhà hàng và dịch vụ ăn uống,D10,2025,15.0,,THPT
DPX,Đại học Dân Lập Phú Xuân,7220201,Ngôn ngữ Anh,A01,2025,15.0,,THPT
DPX,Đại học Dân Lập Phú Xuân,7220201,Ngôn ngữ Anh,D01,2025,15.0,,THPT
DPX,Đại học Dân Lập Phú Xuân,7220201,Ngôn ngữ Anh,D09,2025,15.0,,THPT
DPX,Đại học Dân Lập Phú Xuân,7220201,Ngôn ngữ Anh,D10,2025,15.0,,THPT
DPX,Đại học Dân Lập Phú Xuân,7220204,Ngôn ngữ Trung Quốc,A01,2025,15.0,,THPT
DPX,Đại học Dân Lập Phú Xuân,7220204,Ngôn ngữ Trung Quốc,C00,2025,15.0,,THPT
DPX,Đại học Dân Lập Phú Xuân,7220204,Ngôn ngữ Trung Quốc,D01,2025,15.0,,THPT
DPX,Đại học Dân Lập Phú Xuân,7340101,Quản trị Kinh doanh,A00,2025,15.0,,THPT
DPX,Đại học Dân Lập Phú Xuân,7340101,Quản trị Kinh doanh,A01,2025,15.0,,THPT
DPX,Đại học Dân Lập Phú Xuân,7340101,Quản trị Kinh doanh,D01,2025,15.0,,THPT
DPX,Đại học Dân Lập Phú Xuân,7340101,Quản trị Kinh doanh,D09,2025,15.0,,THPT
DPX,Đại học Dân Lập Phú Xuân,7340101,Quản trị Kinh doanh,D10,2025,15.0,,THPT
DPX,Đại học Dân Lập Phú Xuân,7480201,Công nghệ thông tin,A00,2025,15.0,,THPT
DPX,Đại học Dân Lập Phú Xuân,7480201,Công nghệ thông tin,A01,2025,15.0,,THPT
DPX,Đại học Dân Lập Phú Xuân,7480201,Công nghệ thông tin,D01,2025,15.0,,THPT
DPX,Đại học Dân Lập Phú Xuân,7510205,Công nghệ kỹ thuật ô tô,A00,2025,15.0,,THPT
DPX,Đại học Dân Lập Phú Xuân,7510205,Công nghệ kỹ thuật ô tô,A01,2025,15.0,,THPT
DPX,Đại học Dân Lập Phú Xuân,7510205,Công nghệ kỹ thuật ô tô,D01,2025,15.0,,THPT
DPX,Đại học Dân Lập Phú Xuân,7510205,Công nghệ kỹ thuật ô tô,D07,2025,15.0,,THPT
DPX,Đại học Dân Lập Phú Xuân,7510205,Công nghệ kỹ thuật ô tô,D10,2025,15.0,,THPT
DPX,Đại học Dân Lập Phú Xuân,7810103,Quản trị dịch vụ du lịch và lữ hành,A01,2025,15.0,,THPT
DPX,Đại học Dân Lập Phú Xuân,7810103,Quản trị dịch vụ du lịch và lữ hành,C00,2025,15.0,,THPT
DPX,Đại học Dân Lập Phú Xuân,7810103,Quản trị dịch vụ du lịch và lữ hành,D01,2025,15.0,,THPT
DPY,Đại học Phú Yên,7140202,Giáo dục Tiểu học,A00,2025,26.03,,THPT
DPY,Trường Đại Học Phú Yên,7140202,Giáo dục Tiểu học,A00,2025,26.03,,THPT
DPY,Trường Đại Học Phú Yên,7140202,Giáo dục Tiểu học,C00,2025,26.03,,THPT
DPY,Đại học Phú Yên,7140202,Giáo dục Tiểu học,C00,2025,26.03,,THPT
DPY,Trường Đại Học Phú Yên,7140202,Giáo dục Tiểu học,D01,2025,26.03,,THPT
DPY,Đại học Phú Yên,7140202,Giáo dục Tiểu học,D01,2025,26.03,,THPT
DPY,Đại học Phú Yên,7140209,Sư phạm Toán học,A00,2025,23.96,,THPT
DPY,Trường Đại Học Phú Yên,7140209,Sư phạm Toán học,A00,2025,23.96,,THPT
DPY,Trường Đại Học Phú Yên,7140209,Sư phạm Toán học,A01,2025,23.96,,THPT
DPY,Đại học Phú Yên,7140209,Sư phạm Toán học,A01,2025,23.96,,THPT
DPY,Trường Đại Học Phú Yên,7140209,Sư phạm Toán học,B00,2025,23.96,,THPT
DPY,Đại học Phú Yên,7140209,Sư phạm Toán học,B00,2025,23.96,,THPT
DPY,Trường Đại Học Phú Yên,7140209,Sư phạm Toán học,D01,2025,23.96,,THPT
DPY,Đại học Phú Yên,7140209,Sư phạm Toán học,D01,2025,23.96,,THPT
DPY,Đại học Phú Yên,7140217,Sư phạm Ngữ văn,C00,2025,26.25,,THPT
DPY,Trường Đại Học Phú Yên,7140217,Sư phạm Ngữ văn,C00,2025,26.25,,THPT
DPY,Trường Đại Học Phú Yên,7140217,Sư phạm Ngữ văn,D01,2025,26.25,,THPT
DPY,Đại học Phú Yên,7140217,Sư phạm Ngữ văn,D01,2025,26.25,,THPT
DPY,Đại học Phú Yên,7140231,Sư phạm Tiếng Anh,A01,2025,22.75,,THPT
DPY,Trường Đại Học Phú Yên,7140231,Sư phạm Tiếng Anh,A01,2025,22.75,,THPT
DPY,Trường Đại Học Phú Yên,7140231,Sư phạm Tiếng Anh,D01,2025,22.75,,THPT
DPY,Đại học Phú Yên,7140231,Sư phạm Tiếng Anh,D01,2025,22.75,,THPT
DPY,Trường Đại Học Phú Yên,7140231,Sư phạm Tiếng Anh,D10,2025,22.75,,THPT
DPY,Đại học Phú Yên,7140231,Sư phạm Tiếng Anh,D10,2025,22.75,,THPT
DPY,Đại học Phú Yên,7140247,Sư phạm khoa học tự nhiên,A00,2025,23.0,,THPT
DPY,Trường Đại Học Phú Yên,7140247,SP Khoa học tự nhiên,A00,2025,23.0,,THPT
DPY,Trường Đại Học Phú Yên,7140247,SP Khoa học tự nhiên,B00,2025,23.0,,THPT
DPY,Đại học Phú Yên,7140247,Sư phạm khoa học tự nhiên,B00,2025,23.0,,THPT
DPY,Đại học Phú Yên,7220201,Ngôn ngữ Anh,A01,2025,17.85,,THPT
DPY,Trường Đại Học Phú Yên,7220201,Ngôn ngữ Anh,A01,2025,17.85,,THPT
DPY,Trường Đại Học Phú Yên,7220201,Ngôn ngữ Anh,D01,2025,17.85,,THPT
DPY,Đại học Phú Yên,7220201,Ngôn ngữ Anh,D01,2025,17.85,,THPT
DPY,Trường Đại Học Phú Yên,7220201,Ngôn ngữ Anh,D10,2025,17.85,,THPT
DPY,Đại học Phú Yên,7220201,Ngôn ngữ Anh,D10,2025,17.85,,THPT
DPY,Đại học Phú Yên,7310630,Việt Nam học,C00,2025,15.0,,THPT
DPY,Trường Đại Học Phú Yên,7310630,Việt Nam học,C00,2025,15.0,,THPT
DPY,Trường Đại Học Phú Yên,7310630,Việt Nam học,D01,2025,15.0,,THPT
DPY,Đại học Phú Yên,7310630,Việt Nam học,D01,2025,15.0,,THPT
DPY,Đại học Phú Yên,7340101,Quản trị Kinh doanh,A00,2025,15.0,,THPT
DPY,Trường Đại Học Phú Yên,7340101,Quản trị kinh doanh,A00,2025,15.0,,THPT
DPY,Trường Đại Học Phú Yên,7340101,Quản trị kinh doanh,D01,2025,15.0,,THPT
DPY,Đại học Phú Yên,7340101,Quản trị Kinh doanh,D01,2025,15.0,,THPT
DPY,Đại học Phú Yên,7480201,Công nghệ thông tin,A00,2025,15.0,,THPT
DPY,Trường Đại Học Phú Yên,7480201,Công nghệ thông tin,A00,2025,15.0,,THPT
DPY,Trường Đại Học Phú Yên,7480201,Công nghệ thông tin,A01,2025,15.0,,THPT
DPY,Đại học Phú Yên,7480201,Công nghệ thông tin,A01,2025,15.0,,THPT
DPY,Trường Đại Học Phú Yên,7480201,Công nghệ thông tin,D01,2025,15.0,,THPT
DPY,Đại học Phú Yên,7480201,Công nghệ thông tin,D01,2025,15.0,,THPT
DPY,Đại học Phú Yên,7620101,Nông nghiệp,B00,2025,15.0,,THPT
DPY,Trường Đại Học Phú Yên,7620101,Nông nghiệp,B00,2025,15.0,,THPT
DPY,Trường Đại Học Phú Yên,7620101,Nông nghiệp,D01,2025,15.0,,THPT
DPY,Đại học Phú Yên,7620101,Nông nghiệp,D01,2025,15.0,,THPT
DPY,Đại học Phú Yên,7810101,Du lịch,C00,2025,15.0,,THPT
DPY,Trường Đại Học Phú Yên,7810101,Du lịch,C00,2025,15.0,,THPT
DPY,Trường Đại Học Phú Yên,7810101,Du lịch,D01,2025,15.0,,THPT
DPY,Đại học Phú Yên,7810101,Du lịch,D01,2025,15.0,,THPT
DQB,Trường Đại Học Quảng Bình,7140202,Giáo dục Tiểu học,A00,2025,25.57,,THPT
DQB,Đại Học Quảng Bình,7140202,Giáo dục Tiểu học,A01,2025,23.25,,THPT
DQB,Trường Đại Học Quảng Bình,7140202,Giáo dục Tiểu học,C00,2025,25.57,,THPT
DQB,Trường Đại Học Quảng Bình,7140202,Giáo dục Tiểu học,D01,2025,25.57,,THPT
DQB,Trường Đại Học Quảng Bình,7140209,Sư phạm Toán học,A00,2025,23.37,,THPT
DQB,Trường Đại Học Quảng Bình,7140209,Sư phạm Toán học,A01,2025,23.37,,THPT
DQB,Trường Đại Học Quảng Bình,7140209,Sư phạm Toán học,D07,2025,23.37,,THPT
DQB,Trường Đại Học Quảng Bình,7140217,Sư phạm Ngữ văn,C00,2025,25.4,,THPT
DQB,Trường Đại Học Quảng Bình,7140231,Sư phạm Tiếng Anh,A01,2025,21.74,,THPT
DQB,Trường Đại Học Quảng Bình,7140231,Sư phạm Tiếng Anh,D01,2025,21.74,,THPT
DQB,Đại Học Quảng Bình,7140231,Sư phạm Tiếng Anh,D09,2025,19.52,,THPT
DQB,Trường Đại Học Quảng Bình,7140231,Sư phạm Tiếng Anh,D10,2025,21.74,,THPT
DQB,Trường Đại Học Quảng Bình,7140247,Sư phạm khoa học tự nhiên,A00,2025,19.28,,THPT
DQB,Trường Đại Học Quảng Bình,7140247,Sư phạm khoa học tự nhiên,A01,2025,19.28,,THPT
DQB,Trường Đại Học Quảng Bình,7140247,Sư phạm khoa học tự nhiên,B00,2025,19.28,,THPT
DQB,Trường Đại Học Quảng Bình,7140247,Sư phạm khoa học tự nhiên,D07,2025,19.28,,THPT
DQB,Trường Đại Học Quảng Bình,7140249,Sư phạm Lịch sử - Địa lí,C00,2025,26.86,,THPT
DQB,Trường Đại Học Quảng Bình,7220201,Ngôn ngữ Anh,A01,2025,15.47,,THPT
DQB,Trường Đại Học Quảng Bình,7220201,Ngôn ngữ Anh,A01,2025,15.47,,THPT
DQB,Trường Đại Học Quảng Bình,7220201,Ngôn ngữ Anh,D01,2025,15.47,,THPT
DQB,Trường Đại Học Quảng Bình,7220201,Ngôn ngữ Anh,D01,2025,15.47,,THPT
DQB,Trường Đại Học Quảng Bình,7220201,Ngôn ngữ Anh,D09,2025,15.47,,THPT
DQB,Đại Học Quảng Bình,7220201,Ngôn ngữ Anh,D09,2025,15.0,,THPT
DQB,Trường Đại Học Quảng Bình,7220201,Ngôn ngữ Anh,D10,2025,15.47,,THPT
DQB,Trường Đại Học Quảng Bình,7220201,Ngôn ngữ Anh,D10,2025,15.47,,THPT
DQB,Đại Học Quảng Bình,7220204,Ngôn ngữ Trung Quốc,D01,2025,15.0,,THPT
DQB,Trường Đại Học Quảng Bình,7220204,Ngôn ngữ Trung Quốc,D01,2025,16.74,,THPT
DQB,Trường Đại Học Quảng Bình,7340101,Quản trị kinh doanh,A01,2025,15.36,,THPT
DQB,Trường Đại Học Quảng Bình,7340101,Quản trị kinh doanh,A01,2025,15.36,,THPT
DQB,Trường Đại Học Quảng Bình,7340101,Quản trị kinh doanh,D01,2025,15.36,,THPT
DQB,Trường Đại Học Quảng Bình,7340101,Quản trị kinh doanh,D01,2025,15.36,,THPT
DQB,Trường Đại Học Quảng Bình,7340101,Quản trị kinh doanh,D10,2025,15.36,,THPT
DQB,Đại Học Quảng Bình,7340101,Quản trị Kinh doanh,D10,2025,15.0,,THPT
DQB,Trường Đại Học Quảng Bình,7340301,Kế toán,A01,2025,17.68,,THPT
DQB,Trường Đại Học Quảng Bình,7340301,Kế toán,A01,2025,17.68,,THPT
DQB,Trường Đại Học Quảng Bình,7340301,Kế toán,D01,2025,17.68,,THPT
DQB,Trường Đại Học Quảng Bình,7340301,Kế toán,D01,2025,17.68,,THPT
DQB,Trường Đại Học Quảng Bình,7340301,Kế toán,D10,2025,17.68,,THPT
DQB,Đại Học Quảng Bình,7340301,Kế toán,D10,2025,15.0,,THPT
DQB,Trường Đại Học Quảng Bình,7480201,Công nghệ thông tin,A00,2025,17.25,,THPT
DQB,Trường Đại Học Quảng Bình,7480201,Công nghệ thông tin,A00,2025,17.25,,THPT
DQB,Trường Đại Học Quảng Bình,7480201,Công nghệ thông tin,A01,2025,17.25,,THPT
DQB,Trường Đại Học Quảng Bình,7480201,Công nghệ thông tin,A01,2025,17.25,,THPT
DQB,Trường Đại Học Quảng Bình,7480201,Công nghệ thông tin,D01,2025,17.25,,THPT
DQB,Trường Đại Học Quảng Bình,7480201,Công nghệ thông tin,D01,2025,17.25,,THPT
DQB,Trường Đại Học Quảng Bình,7620101,Nông nghiệp,D01,2025,17.31,,THPT
DQB,Đại Học Quảng Bình,7620101,Nông nghiệp,D01,2025,15.0,,THPT
DQB,Trường Đại Học Quảng Bình,7810103,Quản trị dịch vụ du lịch và lữ hành,C00,2025,16.74,,THPT
DQB,Trường Đại Học Quảng Bình,7810103,Quản trị dịch vụ du lịch và lữ hành,C00,2025,16.74,,THPT
DQB,Trường Đại Học Quảng Bình,7810103,Quản trị dịch vụ du lịch và lữ hành,D01,2025,16.74,,THPT
DQB,Đại Học Quảng Bình,7810103,Quản trị dịch vụ du lịch và lữ hành,D01,2025,15.0,,THPT
DQB,Trường Đại Học Quảng Bình,7850101,Quản lý tài nguyên và môi trường,D01,2025,16.83,,THPT
DQB,Đại Học Quảng Bình,7850101,Quản lý tài nguyên và môi trường,D01,2025,15.0,,THPT
DQH,Học Viện Kỹ Thuật Quân Sự - Hệ Dân sự,DS01,Hệ thống thông tin,A00,2025,24.25,,THPT
DQH,Học Viện Kỹ Thuật Quân Sự - Hệ Dân sự,DS01,Hệ thống thông tin,A01,2025,24.25,,THPT
DQH,Học Viện Kỹ Thuật Quân Sự - Hệ Dân sự,DS02,Trí tuệ nhân tạo,A00,2025,24.5,,THPT
DQH,Học Viện Kỹ Thuật Quân Sự - Hệ Dân sự,DS02,Trí tuệ nhân tạo,A01,2025,24.5,,THPT
DQH,Học Viện Kỹ Thuật Quân Sự - Hệ Dân sự,DS03,An toàn không gian mạng,A00,2025,24.38,,THPT
DQH,Học Viện Kỹ Thuật Quân Sự - Hệ Dân sự,DS03,An toàn không gian mạng,A01,2025,24.38,,THPT
DQH,Học Viện Kỹ Thuật Quân Sự - Hệ Dân sự,DS04,Điện tử - Viễn thông,A00,2025,25.1,,THPT
DQH,Học Viện Kỹ Thuật Quân Sự - Hệ Dân sự,DS04,Điện tử - Viễn thông,A01,2025,25.1,,THPT
DQH,Học Viện Kỹ Thuật Quân Sự - Hệ Dân sự,DS05,Thiết kế vi mạch và hệ thống nhúng,A00,2025,24.75,,THPT
DQH,Học Viện Kỹ Thuật Quân Sự - Hệ Dân sự,DS05,Thiết kế vi mạch và hệ thống nhúng,A01,2025,24.75,,THPT
DQH,Học Viện Kỹ Thuật Quân Sự - Hệ Dân sự,DS06,Công nghệ bán dẫn và Nano,A00,2025,25.41,,THPT
DQH,Học Viện Kỹ Thuật Quân Sự - Hệ Dân sự,DS06,Công nghệ bán dẫn và Nano,A01,2025,25.41,,THPT
DQH,Học Viện Kỹ Thuật Quân Sự - Hệ Dân sự,DS07,Tự động hóa,A00,2025,26.51,,THPT
DQH,Học Viện Kỹ Thuật Quân Sự - Hệ Dân sự,DS07,Tự động hóa,A01,2025,26.51,,THPT
DQH,Học Viện Kỹ Thuật Quân Sự - Hệ Dân sự,DS08,Kỹ thuật cơ điện tử,A00,2025,25.73,,THPT
DQH,Học Viện Kỹ Thuật Quân Sự - Hệ Dân sự,DS08,Kỹ thuật cơ điện tử,A01,2025,25.73,,THPT
DQH,Học Viện Kỹ Thuật Quân Sự - Hệ Dân sự,DS09,Công nghệ chế tạo máy,A00,2025,24.38,,THPT
DQH,Học Viện Kỹ Thuật Quân Sự - Hệ Dân sự,DS09,Công nghệ chế tạo máy,A01,2025,24.38,,THPT
DQH,Học Viện Kỹ Thuật Quân Sự - Hệ Dân sự,DS10,Xây dựng dân dụng và công nghiệp,A00,2025,20.25,,THPT
DQH,Học Viện Kỹ Thuật Quân Sự - Hệ Dân sự,DS10,Xây dựng dân dụng và công nghiệp,A01,2025,20.25,,THPT
DQK,Đại học Kinh doanh và Công nghệ Hà Nội,7220201,Ngôn ngữ Anh,C00,2025,17.0,,THPT
DQK,Trường Đại Học Kinh Doanh và Công Nghệ Hà Nội,7220201,Ngôn ngữ Anh,C00,2025,17.0,,THPT
DQK,Đại học Kinh doanh và Công nghệ Hà Nội,7220201,Ngôn ngữ Anh,D01,2025,17.0,,THPT
DQK,Trường Đại Học Kinh Doanh và Công Nghệ Hà Nội,7220201,Ngôn ngữ Anh,D01,2025,17.0,,THPT
DQK,Trường Đại Học Kinh Doanh và Công Nghệ Hà Nội,7220201,Ngôn ngữ Anh,D09,2025,17.0,,THPT
DQK,Đại học Kinh doanh và Công nghệ Hà Nội,7220201,Ngôn ngữ Anh,D09,2025,17.0,,THPT
DQK,Đại học Kinh doanh và Công nghệ Hà Nội,7220202,Ngôn ngữ Nga,C00,2025,17.0,,THPT
DQK,Trường Đại Học Kinh Doanh và Công Nghệ Hà Nội,7220202,Ngôn ngữ Nga,C00,2025,17.0,,THPT
DQK,Đại học Kinh doanh và Công nghệ Hà Nội,7220202,Ngôn ngữ Nga,D01,2025,17.0,,THPT
DQK,Trường Đại Học Kinh Doanh và Công Nghệ Hà Nội,7220202,Ngôn ngữ Nga,D01,2025,17.0,,THPT
DQK,Trường Đại Học Kinh Doanh và Công Nghệ Hà Nội,7220202,Ngôn ngữ Nga,D09,2025,17.0,,THPT
DQK,Đại học Kinh doanh và Công nghệ Hà Nội,7220202,Ngôn ngữ Nga,D09,2025,17.0,,THPT
DQK,Đại học Kinh doanh và Công nghệ Hà Nội,7220204,Ngôn ngữ Trung Quốc,C00,2025,21.0,,THPT
DQK,Trường Đại Học Kinh Doanh và Công Nghệ Hà Nội,7220204,Ngôn ngữ Trung Quốc,C00,2025,21.0,,THPT
DQK,Đại học Kinh doanh và Công nghệ Hà Nội,7220204,Ngôn ngữ Trung Quốc,D01,2025,21.0,,THPT
DQK,Trường Đại Học Kinh Doanh và Công Nghệ Hà Nội,7220204,Ngôn ngữ Trung Quốc,D01,2025,21.0,,THPT
DQK,Trường Đại Học Kinh Doanh và Công Nghệ Hà Nội,7220204,Ngôn ngữ Trung Quốc,D09,2025,21.0,,THPT
DQK,Đại học Kinh doanh và Công nghệ Hà Nội,7220204,Ngôn ngữ Trung Quốc,D09,2025,21.0,,THPT
DQK,Đại học Kinh doanh và Công nghệ Hà Nội,7310101,Kinh tế,A00,2025,17.0,,THPT
DQK,Trường Đại Học Kinh Doanh và Công Nghệ Hà Nội,7310101,Kinh tế,A00,2025,17.0,,THPT
DQK,Trường Đại Học Kinh Doanh và Công Nghệ Hà Nội,7310101,Kinh tế,A01,2025,17.0,,THPT
DQK,Đại học Kinh doanh và Công nghệ Hà Nội,7310101,Kinh tế,A01,2025,17.0,,THPT
DQK,Trường Đại Học Kinh Doanh và Công Nghệ Hà Nội,7310101,Kinh tế,D01,2025,17.0,,THPT
DQK,Đại học Kinh doanh và Công nghệ Hà Nội,7310101,Kinh tế,D01,2025,17.0,,THPT
DQK,Đại học Kinh doanh và Công nghệ Hà Nội,7310205,Quản lý nhà nước,C00,2025,17.0,,THPT
DQK,Trường Đại Học Kinh Doanh và Công Nghệ Hà Nội,7310205,Quản lý nhà nước,C00,2025,17.0,,THPT
DQK,Đại học Kinh doanh và Công nghệ Hà Nội,7310205,Quản lý nhà nước,D01,2025,17.0,,THPT
DQK,Trường Đại Học Kinh Doanh và Công Nghệ Hà Nội,7310205,Quản lý nhà nước,D01,2025,17.0,,THPT
DQK,Đại học Kinh doanh và Công nghệ Hà Nội,7340101,Quản trị Kinh doanh,A00,2025,17.0,,THPT
DQK,Trường Đại Học Kinh Doanh và Công Nghệ Hà Nội,7340101,Quản trị kinh doanh,A00,2025,17.0,,THPT
DQK,Trường Đại Học Kinh Doanh và Công Nghệ Hà Nội,7340101,Quản trị kinh doanh,A01,2025,17.0,,THPT
DQK,Đại học Kinh doanh và Công nghệ Hà Nội,7340101,Quản trị Kinh doanh,A01,2025,17.0,,THPT
DQK,Trường Đại Học Kinh Doanh và Công Nghệ Hà Nội,7340101,Quản trị kinh doanh,D01,2025,17.0,,THPT
DQK,Đại học Kinh doanh và Công nghệ Hà Nội,7340101,Quản trị Kinh doanh,D01,2025,17.0,,THPT
DQK,Trường Đại Học Kinh Doanh và Công Nghệ Hà Nội,7340101,Quản trị kinh doanh,D09,2025,17.0,,THPT
DQK,Đại học Kinh doanh và Công nghệ Hà Nội,7340101,Quản trị Kinh doanh,D09,2025,17.0,,THPT
DQK,Trường Đại Học Kinh Doanh và Công Nghệ Hà Nội,7340101,Quản trị kinh doanh,D10,2025,17.0,,THPT
DQK,Đại học Kinh doanh và Công nghệ Hà Nội,7340101,Quản trị Kinh doanh,D10,2025,17.0,,THPT
DQK,Đại học Kinh doanh và Công nghệ Hà Nội,7340120,Ngành Kinh doanh quốc tế,A00,2025,17.0,,THPT
DQK,Trường Đại Học Kinh Doanh và Công Nghệ Hà Nội,7340120,Kinh doanh quốc tế,A00,2025,17.0,,THPT
DQK,Trường Đại Học Kinh Doanh và Công Nghệ Hà Nội,7340120,Kinh doanh quốc tế,D01,2025,17.0,,THPT
DQK,Đại học Kinh doanh và Công nghệ Hà Nội,7340120,Ngành Kinh doanh quốc tế,D01,2025,17.0,,THPT
DQK,Trường Đại Học Kinh Doanh và Công Nghệ Hà Nội,7340120,Kinh doanh quốc tế,D09,2025,17.0,,THPT
DQK,Đại học Kinh doanh và Công nghệ Hà Nội,7340120,Ngành Kinh doanh quốc tế,D09,2025,17.0,,THPT
DQK,Trường Đại Học Kinh Doanh và Công Nghệ Hà Nội,7340120,Kinh doanh quốc tế,D10,2025,17.0,,THPT
DQK,Đại học Kinh doanh và Công nghệ Hà Nội,7340120,Ngành Kinh doanh quốc tế,D10,2025,17.0,,THPT
DQK,Đại học Kinh doanh và Công nghệ Hà Nội,7340201,Tài chính – Ngân hàng,A00,2025,17.0,,THPT
DQK,Trường Đại Học Kinh Doanh và Công Nghệ Hà Nội,7340201,Tài chính - ngân hàng,A00,2025,17.0,,THPT
DQK,Trường Đại Học Kinh Doanh và Công Nghệ Hà Nội,7340201,Tài chính - ngân hàng,A01,2025,17.0,,THPT
DQK,Đại học Kinh doanh và Công nghệ Hà Nội,7340201,Tài chính – Ngân hàng,A01,2025,17.0,,THPT
DQK,Trường Đại Học Kinh Doanh và Công Nghệ Hà Nội,7340201,Tài chính - ngân hàng,D01,2025,17.0,,THPT
DQK,Đại học Kinh doanh và Công nghệ Hà Nội,7340201,Tài chính – Ngân hàng,D01,2025,17.0,,THPT
DQK,Trường Đại Học Kinh Doanh và Công Nghệ Hà Nội,7340201,Tài chính - ngân hàng,D10,2025,17.0,,THPT
DQK,Đại học Kinh doanh và Công nghệ Hà Nội,7340201,Tài chính – Ngân hàng,D10,2025,17.0,,THPT
DQK,Đại học Kinh doanh và Công nghệ Hà Nội,7340301,Kế toán,A00,2025,17.0,,THPT
DQK,Trường Đại Học Kinh Doanh và Công Nghệ Hà Nội,7340301,Kế toán,A00,2025,17.0,,THPT
DQK,Trường Đại Học Kinh Doanh và Công Nghệ Hà Nội,7340301,Kế toán,D01,2025,17.0,,THPT
DQK,Đại học Kinh doanh và Công nghệ Hà Nội,7340301,Kế toán,D01,2025,17.0,,THPT
DQK,Trường Đại Học Kinh Doanh và Công Nghệ Hà Nội,7340301,Kế toán,D09,2025,17.0,,THPT
DQK,Đại học Kinh doanh và Công nghệ Hà Nội,7340301,Kế toán,D09,2025,17.0,,THPT
DQK,Trường Đại Học Kinh Doanh và Công Nghệ Hà Nội,7340301,Kế toán,D10,2025,17.0,,THPT
DQK,Đại học Kinh doanh và Công nghệ Hà Nội,7340301,Kế toán,D10,2025,17.0,,THPT
DQK,Đại học Kinh doanh và Công nghệ Hà Nội,7380107,Luật kinh tế,A00,2025,18.0,,THPT
DQK,Trường Đại Học Kinh Doanh và Công Nghệ Hà Nội,7380107,Luật kinh tế,A00,2025,18.0,,THPT
DQK,Trường Đại Học Kinh Doanh và Công Nghệ Hà Nội,7380107,Luật kinh tế,C00,2025,18.0,,THPT
DQK,Đại học Kinh doanh và Công nghệ Hà Nội,7380107,Luật kinh tế,C00,2025,18.0,,THPT
DQK,Trường Đại Học Kinh Doanh và Công Nghệ Hà Nội,7380107,Luật kinh tế,D01,2025,18.0,,THPT
DQK,Đại học Kinh doanh và Công nghệ Hà Nội,7380107,Luật kinh tế,D01,2025,18.0,,THPT
DQK,Trường Đại Học Kinh Doanh và Công Nghệ Hà Nội,7380107,Luật kinh tế,D09,2025,18.0,,THPT
DQK,Đại học Kinh doanh và Công nghệ Hà Nội,7380107,Luật kinh tế,D09,2025,18.0,,THPT
DQK,Trường Đại Học Kinh Doanh và Công Nghệ Hà Nội,7380107,Luật kinh tế,D10,2025,18.0,,THPT
DQK,Đại học Kinh doanh và Công nghệ Hà Nội,7380107,Luật kinh tế,D10,2025,18.0,,THPT
DQK,Đại học Kinh doanh và Công nghệ Hà Nội,7480201,Công nghệ thông tin,A00,2025,17.0,,THPT
DQK,Trường Đại Học Kinh Doanh và Công Nghệ Hà Nội,7480201,Công nghệ thông tin,A00,2025,17.0,,THPT
DQK,Trường Đại Học Kinh Doanh và Công Nghệ Hà Nội,7480201,Công nghệ thông tin,A01,2025,17.0,,THPT
DQK,Đại học Kinh doanh và Công nghệ Hà Nội,7480201,Công nghệ thông tin,A01,2025,17.0,,THPT
DQK,Trường Đại Học Kinh Doanh và Công Nghệ Hà Nội,7480201,Công nghệ thông tin,D01,2025,17.0,,THPT
DQK,Đại học Kinh doanh và Công nghệ Hà Nội,7480201,Công nghệ thông tin,D01,2025,17.0,,THPT
DQK,Trường Đại Học Kinh Doanh và Công Nghệ Hà Nội,7480201,Công nghệ thông tin,D10,2025,17.0,,THPT
DQK,Đại học Kinh doanh và Công nghệ Hà Nội,7480201,Công nghệ thông tin,D10,2025,17.0,,THPT
DQK,Đại học Kinh doanh và Công nghệ Hà Nội,7510203,Công nghệ kỹ thuật cơ điện tử,A00,2025,17.0,,THPT
DQK,Trường Đại Học Kinh Doanh và Công Nghệ Hà Nội,7510203,Công nghệ kỹ thuật cơ - điện tử,A00,2025,17.0,,THPT
DQK,Trường Đại Học Kinh Doanh và Công Nghệ Hà Nội,7510203,Công nghệ kỹ thuật cơ - điện tử,A01,2025,17.0,,THPT
DQK,Đại học Kinh doanh và Công nghệ Hà Nội,7510203,Công nghệ kỹ thuật cơ điện tử,A01,2025,17.0,,THPT
DQK,Trường Đại Học Kinh Doanh và Công Nghệ Hà Nội,7510203,Công nghệ kỹ thuật cơ - điện tử,D01,2025,17.0,,THPT
DQK,Đại học Kinh doanh và Công nghệ Hà Nội,7510203,Công nghệ kỹ thuật cơ điện tử,D01,2025,17.0,,THPT
DQK,Đại học Kinh doanh và Công nghệ Hà Nội,7510205,Công nghệ kỹ thuật ô tô,A00,2025,17.5,,THPT
DQK,Trường Đại Học Kinh Doanh và Công Nghệ Hà Nội,7510205,Công nghệ kỹ thuật ô tô,A00,2025,17.5,,THPT
DQK,Trường Đại Học Kinh Doanh và Công Nghệ Hà Nội,7510205,Công nghệ kỹ thuật ô tô,A01,2025,17.5,,THPT
DQK,Đại học Kinh doanh và Công nghệ Hà Nội,7510205,Công nghệ kỹ thuật ô tô,A01,2025,17.5,,THPT
DQK,Trường Đại Học Kinh Doanh và Công Nghệ Hà Nội,7510205,Công nghệ kỹ thuật ô tô,D01,2025,17.5,,THPT
DQK,Đại học Kinh doanh và Công nghệ Hà Nội,7510205,Công nghệ kỹ thuật ô tô,D01,2025,17.5,,THPT
DQK,Đại học Kinh doanh và Công nghệ Hà Nội,7510301,"Công nghệ kỹ thuật điện, điện tử",A00,2025,17.0,,THPT
DQK,Trường Đại Học Kinh Doanh và Công Nghệ Hà Nội,7510301,"Công nghệ kỹ thuật điện, điện tử",A00,2025,17.0,,THPT
DQK,Trường Đại Học Kinh Doanh và Công Nghệ Hà Nội,7510301,"Công nghệ kỹ thuật điện, điện tử",A01,2025,17.0,,THPT
DQK,Đại học Kinh doanh và Công nghệ Hà Nội,7510301,"Công nghệ kỹ thuật điện, điện tử",A01,2025,17.0,,THPT
DQK,Trường Đại Học Kinh Doanh và Công Nghệ Hà Nội,7510301,"Công nghệ kỹ thuật điện, điện tử",D01,2025,17.0,,THPT
DQK,Đại học Kinh doanh và Công nghệ Hà Nội,7510301,"Công nghệ kỹ thuật điện, điện tử",D01,2025,17.0,,THPT
DQK,Đại học Kinh doanh và Công nghệ Hà Nội,7510406,Công nghệ kỹ thuật Môi trường,A00,2025,17.0,,THPT
DQK,Trường Đại Học Kinh Doanh và Công Nghệ Hà Nội,7510406,Công nghệ kỹ thuật môi trường,A00,2025,17.0,,THPT
DQK,Đại học Kinh doanh và Công nghệ Hà Nội,7510406,Công nghệ kỹ thuật Môi trường,B00,2025,17.0,,THPT
DQK,Trường Đại Học Kinh Doanh và Công Nghệ Hà Nội,7510406,Công nghệ kỹ thuật môi trường,B00,2025,17.0,,THPT
DQK,Đại học Kinh doanh và Công nghệ Hà Nội,7580106,Quản lý đô thị và công trình,A00,2025,17.0,,THPT
DQK,Trường Đại Học Kinh Doanh và Công Nghệ Hà Nội,7580106,Quản lý đô thị và công trình,A00,2025,17.0,,THPT
DQK,Trường Đại Học Kinh Doanh và Công Nghệ Hà Nội,7580106,Quản lý đô thị và công trình,A01,2025,17.0,,THPT
DQK,Đại học Kinh doanh và Công nghệ Hà Nội,7580106,Quản lý đô thị và công trình,A01,2025,17.0,,THPT
DQK,Trường Đại Học Kinh Doanh và Công Nghệ Hà Nội,7580106,Quản lý đô thị và công trình,C00,2025,17.0,,THPT
DQK,Đại học Kinh doanh và Công nghệ Hà Nội,7580106,Quản lý đô thị và công trình,C00,2025,17.0,,THPT
DQK,Trường Đại Học Kinh Doanh và Công Nghệ Hà Nội,7580106,Quản lý đô thị và công trình,D01,2025,17.0,,THPT
DQK,Đại học Kinh doanh và Công nghệ Hà Nội,7580106,Quản lý đô thị và công trình,D01,2025,17.0,,THPT
DQK,Đại học Kinh doanh và Công nghệ Hà Nội,7580201,Kỹ thuật xây dựng,A00,2025,17.0,,THPT
DQK,Trường Đại Học Kinh Doanh và Công Nghệ Hà Nội,7580201,Kỹ thuật xây dựng,A00,2025,17.0,,THPT
DQK,Trường Đại Học Kinh Doanh và Công Nghệ Hà Nội,7580201,Kỹ thuật xây dựng,A01,2025,17.0,,THPT
DQK,Đại học Kinh doanh và Công nghệ Hà Nội,7580201,Kỹ thuật xây dựng,A01,2025,17.0,,THPT
DQK,Đại học Kinh doanh và Công nghệ Hà Nội,7720101,Y khoa,A00,2025,20.5,,THPT
DQK,Trường Đại Học Kinh Doanh và Công Nghệ Hà Nội,7720101,Y khoa,A00,2025,20.5,,THPT
DQK,Trường Đại Học Kinh Doanh và Công Nghệ Hà Nội,7720101,Y khoa,B00,2025,20.5,,THPT
DQK,Đại học Kinh doanh và Công nghệ Hà Nội,7720101,Y khoa,B00,2025,20.5,,THPT
DQK,Trường Đại Học Kinh Doanh và Công Nghệ Hà Nội,7720101,Y khoa,D08,2025,20.5,,THPT
DQK,Đại học Kinh doanh và Công nghệ Hà Nội,7720101,Y khoa,D08,2025,20.5,,THPT
DQK,Đại học Kinh doanh và Công nghệ Hà Nội,7720201,Dược học,A00,2025,19.0,,THPT
DQK,Trường Đại Học Kinh Doanh và Công Nghệ Hà Nội,7720201,Dược học,A00,2025,19.0,,THPT
DQK,Trường Đại Học Kinh Doanh và Công Nghệ Hà Nội,7720201,Dược học,A01,2025,19.0,,THPT
DQK,Đại học Kinh doanh và Công nghệ Hà Nội,7720201,Dược học,A01,2025,19.0,,THPT
DQK,Trường Đại Học Kinh Doanh và Công Nghệ Hà Nội,7720201,Dược học,B00,2025,19.0,,THPT
DQK,Đại học Kinh doanh và Công nghệ Hà Nội,7720201,Dược học,B00,2025,19.0,,THPT
DQK,Trường Đại Học Kinh Doanh và Công Nghệ Hà Nội,7720201,Dược học,D07,2025,19.0,,THPT
DQK,Đại học Kinh doanh và Công nghệ Hà Nội,7720201,Dược học,D07,2025,19.0,,THPT
DQK,Đại học Kinh doanh và Công nghệ Hà Nội,7720301,Điều dưỡng,A00,2025,17.0,,THPT
DQK,Trường Đại Học Kinh Doanh và Công Nghệ Hà Nội,7720301,Điều dưỡng,A00,2025,17.0,,THPT
DQK,Trường Đại Học Kinh Doanh và Công Nghệ Hà Nội,7720301,Điều dưỡng,A01,2025,17.0,,THPT
DQK,Đại học Kinh doanh và Công nghệ Hà Nội,7720301,Điều dưỡng,A01,2025,17.0,,THPT
DQK,Trường Đại Học Kinh Doanh và Công Nghệ Hà Nội,7720301,Điều dưỡng,B00,2025,17.0,,THPT
DQK,Đại học Kinh doanh và Công nghệ Hà Nội,7720301,Điều dưỡng,B00,2025,17.0,,THPT
DQK,Trường Đại Học Kinh Doanh và Công Nghệ Hà Nội,7720301,Điều dưỡng,D07,2025,17.0,,THPT
DQK,Đại học Kinh doanh và Công nghệ Hà Nội,7720301,Điều dưỡng,D07,2025,17.0,,THPT
DQK,Đại học Kinh doanh và Công nghệ Hà Nội,7720501,Răng- Hàm -Mặt,A00,2025,20.5,,THPT
DQK,Trường Đại Học Kinh Doanh và Công Nghệ Hà Nội,7720501,Răng - hàm mặt,A00,2025,20.5,,THPT
DQK,Trường Đại Học Kinh Doanh và Công Nghệ Hà Nội,7720501,Răng - hàm mặt,B00,2025,20.5,,THPT
DQK,Đại học Kinh doanh và Công nghệ Hà Nội,7720501,Răng- Hàm -Mặt,B00,2025,20.5,,THPT
DQK,Trường Đại Học Kinh Doanh và Công Nghệ Hà Nội,7720501,Răng - hàm mặt,D08,2025,20.5,,THPT
DQK,Đại học Kinh doanh và Công nghệ Hà Nội,7720501,Răng- Hàm -Mặt,D08,2025,20.5,,THPT
DQK,Đại học Kinh doanh và Công nghệ Hà Nội,7810103,Quản trị dịch vụ du lịch và lữ hành,A00,2025,21.5,,THPT
DQK,Trường Đại Học Kinh Doanh và Công Nghệ Hà Nội,7810103,Quản trị dịch vụ du lịch và lữ hành,A00,2025,21.5,,THPT
DQK,Trường Đại Học Kinh Doanh và Công Nghệ Hà Nội,7810103,Quản trị dịch vụ du lịch và lữ hành,C00,2025,21.5,,THPT
DQK,Đại học Kinh doanh và Công nghệ Hà Nội,7810103,Quản trị dịch vụ du lịch và lữ hành,C00,2025,21.5,,THPT
DQK,Đại học Kinh doanh và Công nghệ Hà Nội,7850101,Quản lý tài nguyên và môi trường,A00,2025,17.0,,THPT
DQK,Trường Đại Học Kinh Doanh và Công Nghệ Hà Nội,7850101,Quản lý tài nguyên và môi trường,A00,2025,17.0,,THPT
DQK,Trường Đại Học Kinh Doanh và Công Nghệ Hà Nội,7850101,Quản lý tài nguyên và môi trường,B00,2025,17.0,,THPT
DQK,Đại học Kinh doanh và Công nghệ Hà Nội,7850101,Quản lý tài nguyên và môi trường,B00,2025,17.0,,THPT
DQK,Trường Đại Học Kinh Doanh và Công Nghệ Hà Nội,7850101,Quản lý tài nguyên và môi trường,D07,2025,17.0,,THPT
DQK,Đại học Kinh doanh và Công nghệ Hà Nội,7850101,Quản lý tài nguyên và môi trường,D07,2025,17.0,,THPT
DQN,Đại học Quy Nhơn,7140114,Quản lý giáo dục,A00,2025,25.1,,THPT
DQN,Trường Đại Học Quy Nhơn,7140114,Quản lý Giáo dục,A00,2025,25.1,,THPT
DQN,Trường Đại Học Quy Nhơn,7140114,Quản lý Giáo dục,A01,2025,25.1,,THPT
DQN,Đại học Quy Nhơn,7140114,Quản lý giáo dục,A01,2025,25.1,,THPT
DQN,Trường Đại Học Quy Nhơn,7140114,Quản lý Giáo dục,C00,2025,25.1,,THPT
DQN,Đại học Quy Nhơn,7140114,Quản lý giáo dục,C00,2025,25.1,,THPT
DQN,Trường Đại Học Quy Nhơn,7140114,Quản lý Giáo dục,C00,2025,25.1,,THPT
DQN,Trường Đại Học Quy Nhơn,7140114,Quản lý Giáo dục,C00,2025,25.1,,THPT
DQN,Trường Đại Học Quy Nhơn,7140114,Quản lý Giáo dục,D01,2025,25.1,,THPT
DQN,Đại học Quy Nhơn,7140114,Quản lý giáo dục,D01,2025,25.1,,THPT
DQN,Đại học Quy Nhơn,7140202,Giáo dục Tiểu học,A00,2025,26.9,,THPT
DQN,Trường Đại Học Quy Nhơn,7140202,Giáo dục Tiểu học,A00,2025,26.9,,THPT
DQN,Trường Đại Học Quy Nhơn,7140202,Giáo dục Tiểu học,C00,2025,26.9,,THPT
DQN,Đại học Quy Nhơn,7140202,Giáo dục Tiểu học,C00,2025,26.9,,THPT
DQN,Trường Đại Học Quy Nhơn,7140202,Giáo dục Tiểu học,D01,2025,26.9,,THPT
DQN,Đại học Quy Nhơn,7140202,Giáo dục Tiểu học,D01,2025,26.9,,THPT
DQN,Đại học Quy Nhơn,7140205,Giáo dục Chính trị,C00,2025,26.65,,THPT
DQN,Trường Đại Học Quy Nhơn,7140205,Giáo dục chính trị,C00,2025,26.65,,THPT
DQN,Trường Đại Học Quy Nhơn,7140205,Giáo dục chính trị,C00,2025,26.65,,THPT
DQN,Trường Đại Học Quy Nhơn,7140205,Giáo dục chính trị,D01,2025,26.65,,THPT
DQN,Đại học Quy Nhơn,7140205,Giáo dục Chính trị,D01,2025,26.65,,THPT
DQN,Trường Đại Học Quy Nhơn,7140205,Giáo dục chính trị,D01,2025,26.65,,THPT
DQN,Đại học Quy Nhơn,7140209,Sư phạm Toán học,A00,2025,25.85,,THPT
DQN,Trường Đại Học Quy Nhơn,7140209,Sư phạm Toán học,A00,2025,25.85,,THPT
DQN,Trường Đại Học Quy Nhơn,7140209,Sư phạm Toán học,A01,2025,25.85,,THPT
DQN,Đại học Quy Nhơn,7140209,Sư phạm Toán học,A01,2025,25.85,,THPT
DQN,Trường Đại Học Quy Nhơn,7140209,Sư phạm Toán học,A01,2025,25.85,,THPT
DQN,Trường Đại Học Quy Nhơn,7140209,Sư phạm Toán học,D07,2025,25.85,,THPT
DQN,Đại học Quy Nhơn,7140209,Sư phạm Toán học,D07,2025,25.85,,THPT
DQN,Đại học Quy Nhơn,7140210,Sư phạm Tin học (Chuyên ngành Tin học – Công nghệ Tiểu học),A00,2025,20.35,,THPT
DQN,Trường Đại Học Quy Nhơn,7140210,Sư phạm Tin học,A00,2025,20.35,,THPT
DQN,Trường Đại Học Quy Nhơn,7140210,Sư phạm Tin học,A01,2025,20.35,,THPT
DQN,Đại học Quy Nhơn,7140210,Sư phạm Tin học (Chuyên ngành Tin học – Công nghệ Tiểu học),A01,2025,20.35,,THPT
DQN,Trường Đại Học Quy Nhơn,7140210,Sư phạm Tin học,D01,2025,20.35,,THPT
DQN,Đại học Quy Nhơn,7140210,Sư phạm Tin học (Chuyên ngành Tin học – Công nghệ Tiểu học),D01,2025,20.35,,THPT
DQN,Trường Đại Học Quy Nhơn,7140210,Sư phạm Tin học,D07,2025,20.35,,THPT
DQN,Đại học Quy Nhơn,7140210,Sư phạm Tin học (Chuyên ngành Tin học – Công nghệ Tiểu học),D07,2025,20.35,,THPT
DQN,Đại học Quy Nhơn,7140211,Sư phạm Vật lý,A00,2025,24.4,,THPT
DQN,Trường Đại Học Quy Nhơn,7140211,Sư phạm Vật lý,A00,2025,24.4,,THPT
DQN,Trường Đại Học Quy Nhơn,7140211,Sư phạm Vật lý,A00,2025,24.4,,THPT
DQN,Trường Đại Học Quy Nhơn,7140211,Sư phạm Vật lý,A01,2025,24.4,,THPT
DQN,Đại học Quy Nhơn,7140211,Sư phạm Vật lý,A01,2025,24.4,,THPT
DQN,Đại học Quy Nhơn,7140212,Sư phạm Hóa học,A00,2025,25.3,,THPT
DQN,Trường Đại Học Quy Nhơn,7140212,Sư phạm Hóa học,A00,2025,25.3,,THPT
DQN,Trường Đại Học Quy Nhơn,7140212,Sư phạm Hóa học,B00,2025,25.3,,THPT
DQN,Đại học Quy Nhơn,7140212,Sư phạm Hóa học,B00,2025,25.3,,THPT
DQN,Trường Đại Học Quy Nhơn,7140212,Sư phạm Hóa học,D07,2025,25.3,,THPT
DQN,Đại học Quy Nhơn,7140212,Sư phạm Hóa học,D07,2025,25.3,,THPT
DQN,Trường Đại Học Quy Nhơn,7140213,Sư phạm Sinh học,B00,2025,21.2,,THPT
DQN,Đại học Quy Nhơn,7140213,Sư phạm Sinh học,B00,2025,21.2,,THPT
DQN,Trường Đại Học Quy Nhơn,7140213,Sư phạm Sinh học,B00,2025,21.2,,THPT
DQN,Đại học Quy Nhơn,7140217,Sư phạm Ngữ văn,C00,2025,26.85,,THPT
DQN,Trường Đại Học Quy Nhơn,7140217,Sư phạm Ngữ văn,C00,2025,26.85,,THPT
DQN,Trường Đại Học Quy Nhơn,7140217,Sư phạm Ngữ văn,D01,2025,26.85,,THPT
DQN,Đại học Quy Nhơn,7140217,Sư phạm Ngữ văn,D01,2025,26.85,,THPT
DQN,Trường Đại Học Quy Nhơn,7140217,Sư phạm Ngữ văn,D01,2025,26.85,,THPT
DQN,Trường Đại Học Quy Nhơn,7140218,Sư phạm Lịch sử,C00,2025,27.21,,THPT
DQN,Đại học Quy Nhơn,7140218,Sư phạm Lịch sử,C00,2025,27.21,,THPT
DQN,Trường Đại Học Quy Nhơn,7140218,Sư phạm Lịch sử,D09,2025,27.21,,THPT
DQN,Trường Đại Học Quy Nhơn,7140218,Sư phạm Lịch sử,D09,2025,27.21,,THPT
DQN,Đại học Quy Nhơn,7140218,Sư phạm Lịch sử,D10,2025,27.21,,THPT
DQN,Trường Đại Học Quy Nhơn,7140219,Sư phạm Địa lý,C00,2025,26.74,,THPT
DQN,Đại học Quy Nhơn,7140219,Sư phạm Địa lý,C00,2025,26.74,,THPT
DQN,Đại học Quy Nhơn,7140219,Sư phạm Địa lý,D09,2025,26.74,,THPT
DQN,Trường Đại Học Quy Nhơn,7140219,Sư phạm Địa lý,D10,2025,26.74,,THPT
DQN,Trường Đại Học Quy Nhơn,7140219,Sư phạm Địa lý,D10,2025,26.74,,THPT
DQN,Đại học Quy Nhơn,7140231,Sư phạm Tiếng Anh,D01,2025,23.59,,THPT
DQN,Đại học Quy Nhơn,7140247,Sư phạm khoa học tự nhiên,A00,2025,22.5,,THPT
DQN,Trường Đại Học Quy Nhơn,7140247,Sư phạm Khoa học tự nhiên,A00,2025,22.5,,THPT
DQN,Trường Đại Học Quy Nhơn,7140247,Sư phạm Khoa học tự nhiên,A00,2025,22.5,,THPT
DQN,Trường Đại Học Quy Nhơn,7140247,Sư phạm Khoa học tự nhiên,A01,2025,22.5,,THPT
DQN,Đại học Quy Nhơn,7140247,Sư phạm khoa học tự nhiên,A01,2025,22.5,,THPT
DQN,Trường Đại Học Quy Nhơn,7140247,Sư phạm Khoa học tự nhiên,B00,2025,22.5,,THPT
DQN,Đại học Quy Nhơn,7140247,Sư phạm khoa học tự nhiên,B00,2025,22.5,,THPT
DQN,Trường Đại Học Quy Nhơn,7140247,Sư phạm Khoa học tự nhiên,B00,2025,22.5,,THPT
DQN,Trường Đại Học Quy Nhơn,7140249,Sư phạm Lịch sử Địa lý,C00,2025,26.4,,THPT
DQN,Đại học Quy Nhơn,7140249,Sư phạm Lịch sử - Địa lý,C00,2025,26.4,,THPT
DQN,Trường Đại Học Quy Nhơn,7140249,Sư phạm Lịch sử Địa lý,C00,2025,26.4,,THPT
DQN,Đại học Quy Nhơn,7220201,Ngôn ngữ Anh,A01,2025,23.0,,THPT
DQN,Trường Đại Học Quy Nhơn,7220201,Ngôn ngữ Anh,A01,2025,23.0,,THPT
DQN,Trường Đại Học Quy Nhơn,7220201,Ngôn ngữ Anh,D01,2025,23.0,,THPT
DQN,Đại học Quy Nhơn,7220201,Ngôn ngữ Anh,D01,2025,23.0,,THPT
DQN,Trường Đại Học Quy Nhơn,7220201,Ngôn ngữ Anh,D01,2025,23.0,,THPT
DQN,Đại học Quy Nhơn,7220204,Ngôn ngữ Trung Quốc,A01,2025,24.2,,THPT
DQN,Trường Đại Học Quy Nhơn,7220204,Ngôn ngữ Trung Quốc,A01,2025,24.2,,THPT
DQN,Trường Đại Học Quy Nhơn,7220204,Ngôn ngữ Trung Quốc,D01,2025,24.2,,THPT
DQN,Đại học Quy Nhơn,7220204,Ngôn ngữ Trung Quốc,D01,2025,24.2,,THPT
DQN,Trường Đại Học Quy Nhơn,7220204,Ngôn ngữ Trung Quốc,D01,2025,24.2,,THPT
DQN,Trường Đại Học Quy Nhơn,7220204,Ngôn ngữ Trung Quốc,D01,2025,24.2,,THPT
DQN,Đại học Quy Nhơn,7229030,Văn học,C00,2025,25.29,,THPT
DQN,Trường Đại Học Quy Nhơn,7229030,Văn học,C00,2025,25.29,,THPT
DQN,Trường Đại Học Quy Nhơn,7229030,Văn học,C00,2025,25.29,,THPT
DQN,Đại học Quy Nhơn,7310101,Kinh tế,A00,2025,21.4,,THPT
DQN,Trường Đại Học Quy Nhơn,7310101,Kinh tế,A00,2025,21.4,,THPT
DQN,Trường Đại Học Quy Nhơn,7310101,Kinh tế,A01,2025,21.4,,THPT
DQN,Đại học Quy Nhơn,7310101,Kinh tế,A01,2025,21.4,,THPT
DQN,Trường Đại Học Quy Nhơn,7310101,Kinh tế,A01,2025,21.4,,THPT
DQN,Trường Đại Học Quy Nhơn,7310101,Kinh tế,A01,2025,21.4,,THPT
DQN,Trường Đại Học Quy Nhơn,7310101,Kinh tế,D01,2025,21.4,,THPT
DQN,Đại học Quy Nhơn,7310101,Kinh tế,D01,2025,21.4,,THPT
DQN,Trường Đại Học Quy Nhơn,7310101,Kinh tế,D01,2025,21.4,,THPT
DQN,Trường Đại Học Quy Nhơn,7310101,Kinh tế,D07,2025,21.4,,THPT
DQN,Trường Đại Học Quy Nhơn,7310101,Kinh tế,D07,2025,21.4,,THPT
DQN,Đại học Quy Nhơn,7310101,Kinh tế,D07,2025,21.4,,THPT
DQN,Đại học Quy Nhơn,7310205,Quản lý nhà nước,C00,2025,23.6,,THPT
DQN,Trường Đại Học Quy Nhơn,7310205,Quản lý nhà nước,C00,2025,23.6,,THPT
DQN,Đại học Quy Nhơn,7310205,Quản lý nhà nước,D01,2025,23.6,,THPT
DQN,Trường Đại Học Quy Nhơn,7310205,Quản lý nhà nước,D01,2025,23.6,,THPT
DQN,Trường Đại Học Quy Nhơn,7310205,Quản lý nhà nước,D01,2025,23.6,,THPT
DQN,Đại học Quy Nhơn,7310403,Tâm lý học giáo dục,C00,2025,24.6,,THPT
DQN,Trường Đại Học Quy Nhơn,7310403,Tâm lý học giáo dục,C00,2025,24.6,,THPT
DQN,Trường Đại Học Quy Nhơn,7310403,Tâm lý học giáo dục,C00,2025,24.6,,THPT
DQN,Trường Đại Học Quy Nhơn,7310403,Tâm lý học giáo dục,D01,2025,24.6,,THPT
DQN,Đại học Quy Nhơn,7310403,Tâm lý học giáo dục,D01,2025,24.6,,THPT
DQN,Trường Đại Học Quy Nhơn,7310403,Tâm lý học giáo dục,D01,2025,24.6,,THPT
DQN,Trường Đại Học Quy Nhơn,7310403,Tâm lý học giáo dục,D01,2025,24.6,,THPT
DQN,Đại học Quy Nhơn,7310608,Đông phương học,C00,2025,22.3,,THPT
DQN,Trường Đại Học Quy Nhơn,7310608,Đông phương học,C00,2025,22.3,,THPT
DQN,Trường Đại Học Quy Nhơn,7310608,Đông phương học,C00,2025,22.3,,THPT
DQN,Đại học Quy Nhơn,7310630,Việt Nam học,C00,2025,23.5,,THPT
DQN,Trường Đại Học Quy Nhơn,7310630,Việt Nam học,C00,2025,23.5,,THPT
DQN,Trường Đại Học Quy Nhơn,7310630,Việt Nam học,C00,2025,23.5,,THPT
DQN,Trường Đại Học Quy Nhơn,7310630,Việt Nam học,C00,2025,23.5,,THPT
DQN,Trường Đại Học Quy Nhơn,7310630,Việt Nam học,D01,2025,23.5,,THPT
DQN,Đại học Quy Nhơn,7310630,Việt Nam học,D01,2025,23.5,,THPT
DQN,Trường Đại Học Quy Nhơn,7310630,Việt Nam học,D01,2025,23.5,,THPT
DQN,Đại học Quy Nhơn,7340101,Quản trị Kinh doanh,A00,2025,21.7,,THPT
DQN,Trường Đại Học Quy Nhơn,7340101,Quản trị kinh doanh,A00,2025,21.7,,THPT
DQN,Trường Đại Học Quy Nhơn,7340101,Quản trị kinh doanh,A01,2025,21.7,,THPT
DQN,Đại học Quy Nhơn,7340101,Quản trị Kinh doanh,A01,2025,21.7,,THPT
DQN,Trường Đại Học Quy Nhơn,7340101,Quản trị kinh doanh,A01,2025,21.7,,THPT
DQN,Trường Đại Học Quy Nhơn,7340101,Quản trị kinh doanh,D01,2025,21.7,,THPT
DQN,Đại học Quy Nhơn,7340101,Quản trị Kinh doanh,D01,2025,21.7,,THPT
DQN,Trường Đại Học Quy Nhơn,7340101,Quản trị kinh doanh,D01,2025,21.7,,THPT
DQN,Trường Đại Học Quy Nhơn,7340101,Quản trị kinh doanh,D07,2025,21.7,,THPT
DQN,Đại học Quy Nhơn,7340101,Quản trị Kinh doanh,D07,2025,21.7,,THPT
DQN,Đại học Quy Nhơn,7340201,Tài chính – Ngân hàng,A00,2025,22.5,,THPT
DQN,Trường Đại Học Quy Nhơn,7340201,Tài chính – Ngân hàng,A00,2025,22.5,,THPT
DQN,Trường Đại Học Quy Nhơn,7340201,Tài chính – Ngân hàng,A01,2025,22.5,,THPT
DQN,Đại học Quy Nhơn,7340201,Tài chính – Ngân hàng,A01,2025,22.5,,THPT
DQN,Trường Đại Học Quy Nhơn,7340201,Tài chính – Ngân hàng,D01,2025,22.5,,THPT
DQN,Đại học Quy Nhơn,7340201,Tài chính – Ngân hàng,D01,2025,22.5,,THPT
DQN,Trường Đại Học Quy Nhơn,7340201,Tài chính – Ngân hàng,D01,2025,22.5,,THPT
DQN,Đại học Quy Nhơn,7340301,Kế toán,A00,2025,20.3,,THPT
DQN,Trường Đại Học Quy Nhơn,7340301,Kế toán,A00,2025,20.3,,THPT
DQN,Trường Đại Học Quy Nhơn,7340301,Kế toán,A01,2025,20.3,,THPT
DQN,Đại học Quy Nhơn,7340301,Kế toán,A01,2025,20.3,,THPT
DQN,Trường Đại Học Quy Nhơn,7340301,Kế toán,A01,2025,20.3,,THPT
DQN,Trường Đại Học Quy Nhơn,7340301,Kế toán,D01,2025,20.3,,THPT
DQN,Đại học Quy Nhơn,7340301,Kế toán,D01,2025,20.3,,THPT
DQN,Trường Đại Học Quy Nhơn,7340301,Kế toán,D01,2025,20.3,,THPT
DQN,Trường Đại Học Quy Nhơn,7340301,Kế toán,D01,2025,20.3,,THPT
DQN,Trường Đại Học Quy Nhơn,7340301,Kế toán,D07,2025,20.3,,THPT
DQN,Đại học Quy Nhơn,7340301,Kế toán,D07,2025,20.3,,THPT
DQN,Đại học Quy Nhơn,7340301ACCA,Kế toán ACCA,A00,2025,19.2,,THPT
DQN,Đại học Quy Nhơn,7340301ACCA,Kế toán ACCA,A01,2025,19.2,,THPT
DQN,Đại học Quy Nhơn,7340301ACCA,Kế toán ACCA,D01,2025,19.2,,THPT
DQN,Đại học Quy Nhơn,7340301ACCA,Kế toán ACCA,D07,2025,19.2,,THPT
DQN,Trường Đại Học Quy Nhơn,7340301CLC,Kế toán CLC,A00,2025,19.2,,THPT
DQN,Trường Đại Học Quy Nhơn,7340301CLC,Kế toán CLC,A00,2025,19.2,,THPT
DQN,Trường Đại Học Quy Nhơn,7340301CLC,Kế toán CLC,A00,2025,19.2,,THPT
DQN,Trường Đại Học Quy Nhơn,7340301CLC,Kế toán CLC,A01,2025,19.2,,THPT
DQN,Trường Đại Học Quy Nhơn,7340301CLC,Kế toán CLC,A01,2025,19.2,,THPT
DQN,Trường Đại Học Quy Nhơn,7340301CLC,Kế toán CLC,D01,2025,19.2,,THPT
DQN,Trường Đại Học Quy Nhơn,7340301CLC,Kế toán CLC,D01,2025,19.2,,THPT
DQN,Trường Đại Học Quy Nhơn,7340301CLC,Kế toán CLC,D07,2025,19.2,,THPT
DQN,Trường Đại Học Quy Nhơn,7340301CLC,Kế toán CLC,D07,2025,19.2,,THPT
DQN,Đại học Quy Nhơn,7340302,Kiểm toán,A00,2025,21.8,,THPT
DQN,Trường Đại Học Quy Nhơn,7340302,Kiểm toán,A00,2025,24.56,,THPT
DQN,Trường Đại Học Quy Nhơn,7340302,Kiểm toán,A01,2025,24.56,,THPT
DQN,Đại học Quy Nhơn,7340302,Kiểm toán,A01,2025,21.8,,THPT
DQN,Trường Đại Học Quy Nhơn,7340302,Kiểm toán,A01,2025,24.56,,THPT
DQN,Trường Đại Học Quy Nhơn,7340302,Kiểm toán,D01,2025,24.56,,THPT
DQN,Đại học Quy Nhơn,7340302,Kiểm toán,D01,2025,21.8,,THPT
DQN,Trường Đại Học Quy Nhơn,7340302,Kiểm toán,D01,2025,24.56,,THPT
DQN,Trường Đại Học Quy Nhơn,7340302,Kiểm toán,D01,2025,24.56,,THPT
DQN,Trường Đại Học Quy Nhơn,7340302,Kiểm toán,D07,2025,24.56,,THPT
DQN,Đại học Quy Nhơn,7340302,Kiểm toán,D07,2025,21.8,,THPT
DQN,Đại học Quy Nhơn,7380101,Ngành Luật,A01,2025,23.58,,THPT
DQN,Trường Đại Học Quy Nhơn,7380101,Luật,A01,2025,23.58,,THPT
DQN,Trường Đại Học Quy Nhơn,7380101,Luật,C00,2025,23.58,,THPT
DQN,Đại học Quy Nhơn,7380101,Ngành Luật,C00,2025,23.58,,THPT
DQN,Trường Đại Học Quy Nhơn,7380101,Luật,C00,2025,23.58,,THPT
DQN,Trường Đại Học Quy Nhơn,7380101,Luật,D01,2025,23.58,,THPT
DQN,Đại học Quy Nhơn,7380101,Ngành Luật,D01,2025,23.58,,THPT
DQN,Trường Đại Học Quy Nhơn,7380101,Luật,D01,2025,23.58,,THPT
DQN,Đại học Quy Nhơn,7440112,Hóa học,A00,2025,20.5,,THPT
DQN,Trường Đại Học Quy Nhơn,7440112,Hóa học,A00,2025,20.5,,THPT
DQN,Trường Đại Học Quy Nhơn,7440112,Hóa học,A00,2025,20.5,,THPT
DQN,Trường Đại Học Quy Nhơn,7440112,Hóa học,B00,2025,20.5,,THPT
DQN,Đại học Quy Nhơn,7440112,Hóa học,B00,2025,20.5,,THPT
DQN,Trường Đại Học Quy Nhơn,7440112,Hóa học,C00,2025,20.5,,THPT
DQN,Trường Đại Học Quy Nhơn,7440112,Hóa học,D07,2025,20.5,,THPT
DQN,Đại học Quy Nhơn,7440112,Hóa học,D07,2025,20.5,,THPT
DQN,Đại học Quy Nhơn,7460108,Khoa học dữ liệu (Data Science),A00,2025,17.1,,THPT
DQN,Trường Đại Học Quy Nhơn,7460108,Khoa học dữ liệu,A00,2025,17.1,,THPT
DQN,Trường Đại Học Quy Nhơn,7460108,Khoa học dữ liệu,A01,2025,17.1,,THPT
DQN,Đại học Quy Nhơn,7460108,Khoa học dữ liệu (Data Science),A01,2025,17.1,,THPT
DQN,Trường Đại Học Quy Nhơn,7460108,Khoa học dữ liệu,A01,2025,17.1,,THPT
DQN,Trường Đại Học Quy Nhơn,7460108,Khoa học dữ liệu,A01,2025,17.1,,THPT
DQN,Trường Đại Học Quy Nhơn,7460108,Khoa học dữ liệu,D01,2025,17.1,,THPT
DQN,Đại học Quy Nhơn,7460108,Khoa học dữ liệu (Data Science),D01,2025,17.1,,THPT
DQN,Trường Đại Học Quy Nhơn,7460108,Khoa học dữ liệu,D07,2025,17.1,,THPT
DQN,Đại học Quy Nhơn,7460108,Khoa học dữ liệu (Data Science),D07,2025,17.1,,THPT
DQN,Đại học Quy Nhơn,7460112,ĐH Toán ứng dụng,A00,2025,19.5,,THPT
DQN,Trường Đại Học Quy Nhơn,7460112,Toán ứng dụng,A00,2025,19.5,,THPT
DQN,Trường Đại Học Quy Nhơn,7460112,Toán ứng dụng,A01,2025,19.5,,THPT
DQN,Đại học Quy Nhơn,7460112,ĐH Toán ứng dụng,A01,2025,19.5,,THPT
DQN,Trường Đại Học Quy Nhơn,7460112,Toán ứng dụng,A01,2025,19.5,,THPT
DQN,Trường Đại Học Quy Nhơn,7460112,Toán ứng dụng,D01,2025,19.5,,THPT
DQN,Đại học Quy Nhơn,7460112,ĐH Toán ứng dụng,D01,2025,19.5,,THPT
DQN,Trường Đại Học Quy Nhơn,7460112,Toán ứng dụng,D07,2025,19.5,,THPT
DQN,Đại học Quy Nhơn,7460112,ĐH Toán ứng dụng,D07,2025,19.5,,THPT
DQN,Đại học Quy Nhơn,7480103,Kỹ thuật phần mềm,A00,2025,19.5,,THPT
DQN,Trường Đại Học Quy Nhơn,7480103,Kỹ thuật phần mềm,A00,2025,19.5,,THPT
DQN,Trường Đại Học Quy Nhơn,7480103,Kỹ thuật phần mềm,A01,2025,19.5,,THPT
DQN,Đại học Quy Nhơn,7480103,Kỹ thuật phần mềm,A01,2025,19.5,,THPT
DQN,Trường Đại Học Quy Nhơn,7480103,Kỹ thuật phần mềm,A01,2025,19.5,,THPT
DQN,Trường Đại Học Quy Nhơn,7480103,Kỹ thuật phần mềm,A01,2025,19.5,,THPT
DQN,Trường Đại Học Quy Nhơn,7480103,Kỹ thuật phần mềm,D01,2025,19.5,,THPT
DQN,Đại học Quy Nhơn,7480103,Kỹ thuật phần mềm,D01,2025,19.5,,THPT
DQN,Trường Đại Học Quy Nhơn,7480103,Kỹ thuật phần mềm,D07,2025,19.5,,THPT
DQN,Đại học Quy Nhơn,7480103,Kỹ thuật phần mềm,D07,2025,19.5,,THPT
DQN,Đại học Quy Nhơn,7480107,Trí tuệ nhân tạo,A00,2025,20.0,,THPT
DQN,Trường Đại Học Quy Nhơn,7480107,Trí tuệ nhân tạo,A00,2025,20.0,,THPT
DQN,Trường Đại Học Quy Nhơn,7480107,Trí tuệ nhân tạo,A01,2025,20.0,,THPT
DQN,Đại học Quy Nhơn,7480107,Trí tuệ nhân tạo,A01,2025,20.0,,THPT
DQN,Trường Đại Học Quy Nhơn,7480107,Trí tuệ nhân tạo,A01,2025,20.0,,THPT
DQN,Trường Đại Học Quy Nhơn,7480107,Trí tuệ nhân tạo,D01,2025,20.0,,THPT
DQN,Đại học Quy Nhơn,7480107,Trí tuệ nhân tạo,D01,2025,20.0,,THPT
DQN,Trường Đại Học Quy Nhơn,7480107,Trí tuệ nhân tạo,D07,2025,20.0,,THPT
DQN,Đại học Quy Nhơn,7480107,Trí tuệ nhân tạo,D07,2025,20.0,,THPT
DQN,Đại học Quy Nhơn,7480201,Công nghệ thông tin,A00,2025,21.5,,THPT
DQN,Trường Đại Học Quy Nhơn,7480201,Công nghệ thông tin,A00,2025,21.5,,THPT
DQN,Trường Đại Học Quy Nhơn,7480201,Công nghệ thông tin,A01,2025,21.5,,THPT
DQN,Đại học Quy Nhơn,7480201,Công nghệ thông tin,A01,2025,21.5,,THPT
DQN,Trường Đại Học Quy Nhơn,7480201,Công nghệ thông tin,A01,2025,21.5,,THPT
DQN,Trường Đại Học Quy Nhơn,7480201,Công nghệ thông tin,D01,2025,21.5,,THPT
DQN,Đại học Quy Nhơn,7480201,Công nghệ thông tin,D01,2025,21.5,,THPT
DQN,Trường Đại Học Quy Nhơn,7480201,Công nghệ thông tin,D07,2025,21.5,,THPT
DQN,Đại học Quy Nhơn,7480201,Công nghệ thông tin,D07,2025,21.5,,THPT
DQN,Đại học Quy Nhơn,7510205,Công nghệ kỹ thuật ô tô,A00,2025,22.2,,THPT
DQN,Trường Đại Học Quy Nhơn,7510205,Công nghệ kỹ thuật ô tô,A00,2025,22.2,,THPT
DQN,Trường Đại Học Quy Nhơn,7510205,Công nghệ kỹ thuật ô tô,A01,2025,22.2,,THPT
DQN,Đại học Quy Nhơn,7510205,Công nghệ kỹ thuật ô tô,A01,2025,22.2,,THPT
DQN,Trường Đại Học Quy Nhơn,7510205,Công nghệ kỹ thuật ô tô,A01,2025,22.2,,THPT
DQN,Trường Đại Học Quy Nhơn,7510205,Công nghệ kỹ thuật ô tô,D01,2025,22.2,,THPT
DQN,Đại học Quy Nhơn,7510205,Công nghệ kỹ thuật ô tô,D01,2025,22.2,,THPT
DQN,Trường Đại Học Quy Nhơn,7510205,Công nghệ kỹ thuật ô tô,D07,2025,22.2,,THPT
DQN,Đại học Quy Nhơn,7510205,Công nghệ kỹ thuật ô tô,D07,2025,22.2,,THPT
DQN,Đại học Quy Nhơn,7510401,Công nghệ kỹ thuật hoá học,A00,2025,20.5,,THPT
DQN,Trường Đại Học Quy Nhơn,7510401,Công nghệ kỹ thuật hoá học,A00,2025,20.5,,THPT
DQN,Trường Đại Học Quy Nhơn,7510401,Công nghệ kỹ thuật hoá học,A00,2025,20.5,,THPT
DQN,Trường Đại Học Quy Nhơn,7510401,Công nghệ kỹ thuật hoá học,A01,2025,20.5,,THPT
DQN,Đại học Quy Nhơn,7510401,Công nghệ kỹ thuật hoá học,A01,2025,20.5,,THPT
DQN,Trường Đại Học Quy Nhơn,7510401,Công nghệ kỹ thuật hoá học,B00,2025,20.5,,THPT
DQN,Đại học Quy Nhơn,7510401,Công nghệ kỹ thuật hoá học,B00,2025,20.5,,THPT
DQN,Trường Đại Học Quy Nhơn,7510401,Công nghệ kỹ thuật hoá học,D01,2025,20.5,,THPT
DQN,Đại học Quy Nhơn,7510401,Công nghệ kỹ thuật hoá học,D01,2025,20.5,,THPT
DQN,Trường Đại Học Quy Nhơn,7510401,Công nghệ kỹ thuật hoá học,D01,2025,20.5,,THPT
DQN,Trường Đại Học Quy Nhơn,7510401,Công nghệ kỹ thuật hoá học,D07,2025,20.5,,THPT
DQN,Đại học Quy Nhơn,7510401,Công nghệ kỹ thuật hoá học,D07,2025,20.5,,THPT
DQN,Đại học Quy Nhơn,7510605,Logistics và Quản lý chuỗi cung ứng,A00,2025,23.6,,THPT
DQN,Trường Đại Học Quy Nhơn,7510605,Logistics và quản lý chuỗi cung ứng,A00,2025,23.6,,THPT
DQN,Trường Đại Học Quy Nhơn,7510605,Logistics và quản lý chuỗi cung ứng,A01,2025,23.6,,THPT
DQN,Đại học Quy Nhơn,7510605,Logistics và Quản lý chuỗi cung ứng,A01,2025,23.6,,THPT
DQN,Trường Đại Học Quy Nhơn,7510605,Logistics và quản lý chuỗi cung ứng,A01,2025,23.6,,THPT
DQN,Trường Đại Học Quy Nhơn,7510605,Logistics và quản lý chuỗi cung ứng,D01,2025,23.6,,THPT
DQN,Đại học Quy Nhơn,7510605,Logistics và Quản lý chuỗi cung ứng,D01,2025,23.6,,THPT
DQN,Trường Đại Học Quy Nhơn,7510605,Logistics và quản lý chuỗi cung ứng,D01,2025,23.6,,THPT
DQN,Trường Đại Học Quy Nhơn,7510605,Logistics và quản lý chuỗi cung ứng,D01,2025,23.6,,THPT
DQN,Đại học Quy Nhơn,7510605,Logistics và Quản lý chuỗi cung ứng,D09,2025,23.6,,THPT
DQN,Trường Đại Học Quy Nhơn,7510605,Logistics và quản lý chuỗi cung ứng,D10,2025,23.6,,THPT
DQN,Trường Đại Học Quy Nhơn,7510605,Logistics và quản lý chuỗi cung ứng,D10,2025,23.6,,THPT
DQN,Trường Đại Học Quy Nhơn,7510605,Logistics và quản lý chuỗi cung ứng,D10,2025,23.6,,THPT
DQN,Đại học Quy Nhơn,7520116,Kỹ thuật cơ khí động lực,A00,2025,20.14,,THPT
DQN,Trường Đại Học Quy Nhơn,7520116,Kỹ thuật cơ khí động lực,A00,2025,20.14,,THPT
DQN,Trường Đại Học Quy Nhơn,7520116,Kỹ thuật cơ khí động lực,A01,2025,20.14,,THPT
DQN,Đại học Quy Nhơn,7520116,Kỹ thuật cơ khí động lực,A01,2025,20.14,,THPT
DQN,Trường Đại Học Quy Nhơn,7520116,Kỹ thuật cơ khí động lực,A01,2025,20.14,,THPT
DQN,Trường Đại Học Quy Nhơn,7520116,Kỹ thuật cơ khí động lực,D01,2025,20.14,,THPT
DQN,Đại học Quy Nhơn,7520116,Kỹ thuật cơ khí động lực,D01,2025,20.14,,THPT
DQN,Trường Đại Học Quy Nhơn,7520116,Kỹ thuật cơ khí động lực,D07,2025,20.14,,THPT
DQN,Đại học Quy Nhơn,7520116,Kỹ thuật cơ khí động lực,D07,2025,20.14,,THPT
DQN,Đại học Quy Nhơn,7520201,Kỹ thuật điện,A00,2025,20.65,,THPT
DQN,Trường Đại Học Quy Nhơn,7520201,Kỹ thuật điện,A00,2025,20.65,,THPT
DQN,Trường Đại Học Quy Nhơn,7520201,Kỹ thuật điện,A01,2025,20.65,,THPT
DQN,Đại học Quy Nhơn,7520201,Kỹ thuật điện,A01,2025,20.65,,THPT
DQN,Trường Đại Học Quy Nhơn,7520201,Kỹ thuật điện,A01,2025,20.65,,THPT
DQN,Trường Đại Học Quy Nhơn,7520201,Kỹ thuật điện,D01,2025,20.65,,THPT
DQN,Đại học Quy Nhơn,7520201,Kỹ thuật điện,D01,2025,20.65,,THPT
DQN,Trường Đại Học Quy Nhơn,7520201,Kỹ thuật điện,D07,2025,20.65,,THPT
DQN,Đại học Quy Nhơn,7520201,Kỹ thuật điện,D07,2025,20.65,,THPT
DQN,Đại học Quy Nhơn,7520207,Ngành Kỹ thuật điện tử truyền thông,A00,2025,20.77,,THPT
DQN,Trường Đại Học Quy Nhơn,7520207,Kỹ thuật điện tử - viễn thông,A00,2025,20.77,,THPT
DQN,Trường Đại Học Quy Nhơn,7520207,Kỹ thuật điện tử - viễn thông,A01,2025,20.77,,THPT
DQN,Đại học Quy Nhơn,7520207,Ngành Kỹ thuật điện tử truyền thông,A01,2025,20.77,,THPT
DQN,Trường Đại Học Quy Nhơn,7520207,Kỹ thuật điện tử - viễn thông,A01,2025,20.77,,THPT
DQN,Trường Đại Học Quy Nhơn,7520207,Kỹ thuật điện tử - viễn thông,D01,2025,20.77,,THPT
DQN,Đại học Quy Nhơn,7520207,Ngành Kỹ thuật điện tử truyền thông,D01,2025,20.77,,THPT
DQN,Trường Đại Học Quy Nhơn,7520207,Kỹ thuật điện tử - viễn thông,D07,2025,20.77,,THPT
DQN,Đại học Quy Nhơn,7520207,Ngành Kỹ thuật điện tử truyền thông,D07,2025,20.77,,THPT
DQN,Đại học Quy Nhơn,7520216,Ngành Kỹ thuật điều khiển & Tự động hóa,A00,2025,21.02,,THPT
DQN,Trường Đại Học Quy Nhơn,7520216,Kỹ thuật điều khiển và Tự động hóa,A00,2025,21.02,,THPT
DQN,Trường Đại Học Quy Nhơn,7520216,Kỹ thuật điều khiển và Tự động hóa,A01,2025,21.02,,THPT
DQN,Đại học Quy Nhơn,7520216,Ngành Kỹ thuật điều khiển & Tự động hóa,A01,2025,21.02,,THPT
DQN,Trường Đại Học Quy Nhơn,7520216,Kỹ thuật điều khiển và Tự động hóa,A01,2025,21.02,,THPT
DQN,Trường Đại Học Quy Nhơn,7520216,Kỹ thuật điều khiển và Tự động hóa,D01,2025,21.02,,THPT
DQN,Đại học Quy Nhơn,7520216,Ngành Kỹ thuật điều khiển & Tự động hóa,D01,2025,21.02,,THPT
DQN,Trường Đại Học Quy Nhơn,7520216,Kỹ thuật điều khiển và Tự động hóa,D07,2025,21.02,,THPT
DQN,Đại học Quy Nhơn,7520216,Ngành Kỹ thuật điều khiển & Tự động hóa,D07,2025,21.02,,THPT
DQN,Đại học Quy Nhơn,7520401,Vật lý kỹ thuật,A00,2025,18.25,,THPT
DQN,Trường Đại Học Quy Nhơn,7520401,Vật lý kỹ thuật,A00,2025,18.25,,THPT
DQN,Trường Đại Học Quy Nhơn,7520401,Vật lý kỹ thuật,A00,2025,18.25,,THPT
DQN,Trường Đại Học Quy Nhơn,7520401,Vật lý kỹ thuật,A01,2025,18.25,,THPT
DQN,Đại học Quy Nhơn,7520401,Vật lý kỹ thuật,A01,2025,18.25,,THPT
DQN,Đại học Quy Nhơn,7540101,Công nghệ thực phẩm,A00,2025,20.9,,THPT
DQN,Trường Đại Học Quy Nhơn,7540101,Công nghệ thực phẩm,A00,2025,20.9,,THPT
DQN,Trường Đại Học Quy Nhơn,7540101,Công nghệ thực phẩm,B00,2025,20.9,,THPT
DQN,Đại học Quy Nhơn,7540101,Công nghệ thực phẩm,B00,2025,20.9,,THPT
DQN,Trường Đại Học Quy Nhơn,7540101,Công nghệ thực phẩm,B00,2025,20.9,,THPT
DQN,Trường Đại Học Quy Nhơn,7540101,Công nghệ thực phẩm,B00,2025,20.9,,THPT
DQN,Trường Đại Học Quy Nhơn,7540101,Công nghệ thực phẩm,D07,2025,20.9,,THPT
DQN,Đại học Quy Nhơn,7540101,Công nghệ thực phẩm,D07,2025,20.9,,THPT
DQN,Đại học Quy Nhơn,7580201,Kỹ thuật xây dựng,A00,2025,20.15,,THPT
DQN,Trường Đại Học Quy Nhơn,7580201,Kỹ thuật xây dựng,A00,2025,20.15,,THPT
DQN,Trường Đại Học Quy Nhơn,7580201,Kỹ thuật xây dựng,A01,2025,20.15,,THPT
DQN,Đại học Quy Nhơn,7580201,Kỹ thuật xây dựng,A01,2025,20.15,,THPT
DQN,Trường Đại Học Quy Nhơn,7580201,Kỹ thuật xây dựng,A01,2025,20.15,,THPT
DQN,Trường Đại Học Quy Nhơn,7580201,Kỹ thuật xây dựng,D01,2025,20.15,,THPT
DQN,Đại học Quy Nhơn,7580201,Kỹ thuật xây dựng,D01,2025,20.15,,THPT
DQN,Trường Đại Học Quy Nhơn,7580201,Kỹ thuật xây dựng,D07,2025,20.15,,THPT
DQN,Đại học Quy Nhơn,7580201,Kỹ thuật xây dựng,D07,2025,20.15,,THPT
DQN,Đại học Quy Nhơn,7620109,Nông học,B00,2025,15.0,,THPT
DQN,Trường Đại Học Quy Nhơn,7620109,Nông học,B00,2025,15.0,,THPT
DQN,Đại học Quy Nhơn,7760101,Công tác xã hội,C00,2025,23.7,,THPT
DQN,Trường Đại Học Quy Nhơn,7760101,Công tác xã hội,C00,2025,19.93,,THPT
DQN,Trường Đại Học Quy Nhơn,7760101,Công tác xã hội,C00,2025,19.93,,THPT
DQN,Trường Đại Học Quy Nhơn,7760101,Công tác xã hội,D01,2025,19.93,,THPT
DQN,Đại học Quy Nhơn,7760101,Công tác xã hội,D01,2025,23.7,,THPT
DQN,Trường Đại Học Quy Nhơn,7760101,Công tác xã hội,D01,2025,19.93,,THPT
DQN,Đại học Quy Nhơn,7810103,Quản trị dịch vụ du lịch và lữ hành,A00,2025,22.25,,THPT
DQN,Trường Đại Học Quy Nhơn,7810103,Quản trị dịch vụ du lịch và lữ hành,A00,2025,22.25,,THPT
DQN,Trường Đại Học Quy Nhơn,7810103,Quản trị dịch vụ du lịch và lữ hành,A01,2025,22.25,,THPT
DQN,Đại học Quy Nhơn,7810103,Quản trị dịch vụ du lịch và lữ hành,A01,2025,22.25,,THPT
DQN,Trường Đại Học Quy Nhơn,7810103,Quản trị dịch vụ du lịch và lữ hành,D01,2025,22.25,,THPT
DQN,Đại học Quy Nhơn,7810103,Quản trị dịch vụ du lịch và lữ hành,D01,2025,22.25,,THPT
DQN,Trường Đại Học Quy Nhơn,7810103,Quản trị dịch vụ du lịch và lữ hành,D01,2025,22.25,,THPT
DQN,Trường Đại Học Quy Nhơn,7810103,Quản trị dịch vụ du lịch và lữ hành,D01,2025,22.25,,THPT
DQN,Trường Đại Học Quy Nhơn,7810103,Quản trị dịch vụ du lịch và lữ hành,D07,2025,22.25,,THPT
DQN,Trường Đại Học Quy Nhơn,7810103,Quản trị dịch vụ du lịch và lữ hành,D09,2025,22.25,,THPT
DQN,Trường Đại Học Quy Nhơn,7810103,Quản trị dịch vụ du lịch và lữ hành,D09,2025,22.25,,THPT
DQN,Đại học Quy Nhơn,7810103,Quản trị dịch vụ du lịch và lữ hành,D10,2025,22.25,,THPT
DQN,Đại học Quy Nhơn,7810201,Quản trị khách sạn,A00,2025,22.65,,THPT
DQN,Trường Đại Học Quy Nhơn,7810201,Quản trị khách sạn,A00,2025,22.65,,THPT
DQN,Trường Đại Học Quy Nhơn,7810201,Quản trị khách sạn,A00,2025,22.65,,THPT
DQN,Trường Đại Học Quy Nhơn,7810201,Quản trị khách sạn,A01,2025,22.65,,THPT
DQN,Trường Đại Học Quy Nhơn,7810201,Quản trị khách sạn,A01,2025,22.65,,THPT
DQN,Đại học Quy Nhơn,7810201,Quản trị khách sạn,A01,2025,22.65,,THPT
DQN,Trường Đại Học Quy Nhơn,7810201,Quản trị khách sạn,D01,2025,22.65,,THPT
DQN,Đại học Quy Nhơn,7810201,Quản trị khách sạn,D01,2025,22.65,,THPT
DQN,Trường Đại Học Quy Nhơn,7810201,Quản trị khách sạn,D01,2025,22.65,,THPT
DQN,Trường Đại Học Quy Nhơn,7810201,Quản trị khách sạn,D01,2025,22.65,,THPT
DQN,Trường Đại Học Quy Nhơn,7810201,Quản trị khách sạn,D09,2025,22.65,,THPT
DQN,Trường Đại Học Quy Nhơn,7810201,Quản trị khách sạn,D09,2025,22.65,,THPT
DQN,Trường Đại Học Quy Nhơn,7810201,Quản trị khách sạn,D09,2025,22.65,,THPT
DQN,Đại học Quy Nhơn,7810201,Quản trị khách sạn,D10,2025,22.65,,THPT
DQN,Đại học Quy Nhơn,7850101,Quản lý tài nguyên và môi trường,A00,2025,20.75,,THPT
DQN,Trường Đại Học Quy Nhơn,7850101,Quản lý tài nguyên và môi trường,A00,2025,20.75,,THPT
DQN,Trường Đại Học Quy Nhơn,7850101,Quản lý tài nguyên và môi trường,A00,2025,20.75,,THPT
DQN,Trường Đại Học Quy Nhơn,7850101,Quản lý tài nguyên và môi trường,A00,2025,20.75,,THPT
DQN,Trường Đại Học Quy Nhơn,7850101,Quản lý tài nguyên và môi trường,B00,2025,20.75,,THPT
DQN,Trường Đại Học Quy Nhơn,7850101,Quản lý tài nguyên và môi trường,B00,2025,20.75,,THPT
DQN,Trường Đại Học Quy Nhơn,7850101,Quản lý tài nguyên và môi trường,D01,2025,20.75,,THPT
DQN,Đại học Quy Nhơn,7850101,Quản lý tài nguyên và môi trường,D01,2025,20.75,,THPT
DQN,Trường Đại Học Quy Nhơn,7850101,Quản lý tài nguyên và môi trường,D01,2025,20.75,,THPT
DQN,Đại học Quy Nhơn,7850101,Quản lý tài nguyên và môi trường,D09,2025,20.75,,THPT
DQN,Trường Đại Học Quy Nhơn,7850101,Quản lý tài nguyên và môi trường,D10,2025,20.75,,THPT
DQN,Trường Đại Học Quy Nhơn,7850101,Quản lý tài nguyên và môi trường,D10,2025,20.75,,THPT
DQN,Đại học Quy Nhơn,7850103,Quản lý đất đai,A00,2025,17.9,,THPT
DQN,Trường Đại Học Quy Nhơn,7850103,Quản lý đất đai,A00,2025,17.9,,THPT
DQN,Trường Đại Học Quy Nhơn,7850103,Quản lý đất đai,A00,2025,17.9,,THPT
DQN,Trường Đại Học Quy Nhơn,7850103,Quản lý đất đai,A01,2025,17.9,,THPT
DQN,Đại học Quy Nhơn,7850103,Quản lý đất đai,A01,2025,17.9,,THPT
DQN,Trường Đại Học Quy Nhơn,7850103,Quản lý đất đai,B00,2025,17.9,,THPT
DQN,Đại học Quy Nhơn,7850103,Quản lý đất đai,B00,2025,17.9,,THPT
DQN,Trường Đại Học Quy Nhơn,7850103,Quản lý đất đai,D07,2025,17.9,,THPT
DQN,Đại học Quy Nhơn,7850103,Quản lý đất đai,D07,2025,17.9,,THPT
DQN,Đại học Quy Nhơn,7850103,Quản lý đất đai,D09,2025,17.9,,THPT
DQN,Trường Đại Học Quy Nhơn,7850103,Quản lý đất đai,D10,2025,17.9,,THPT
DQN,Trường Đại Học Quy Nhơn,7850103,Quản lý đất đai,D10,2025,17.9,,THPT
DQT,Đại học Quang Trung,7220201,Ngôn ngữ Anh,D01,2025,14.0,,THPT
DQT,Trường Đại Học Quang Trung,7220201,Ngôn ngữ Anh,D01,2025,14.0,,THPT
DQT,Trường Đại Học Quang Trung,7220201,Ngôn ngữ Anh,D01,2025,14.0,,THPT
DQT,Đại học Quang Trung,7220201,Ngôn ngữ Anh,D09,2025,14.0,,THPT
DQT,Trường Đại Học Quang Trung,7220201,Ngôn ngữ Anh,D09,2025,14.0,,THPT
DQT,Trường Đại Học Quang Trung,7220201,Ngôn ngữ Anh,D09,2025,14.0,,THPT
DQT,Trường Đại Học Quang Trung,7220201,Ngôn ngữ Anh,D10,2025,14.0,,THPT
DQT,Trường Đại Học Quang Trung,7220201,Ngôn ngữ Anh,D10,2025,14.0,,THPT
DQT,Đại học Quang Trung,7220201,Ngôn ngữ Anh,D10,2025,14.0,,THPT
DQT,Trường Đại Học Quang Trung,7340101,Quản trị Kinh doanh,A00,2025,13.0,,THPT
DQT,Trường Đại Học Quang Trung,7340101,Quản trị Kinh doanh,A00,2025,13.0,,THPT
DQT,Trường Đại Học Quang Trung,7340101,Quản trị Kinh doanh,A01,2025,13.0,,THPT
DQT,Trường Đại Học Quang Trung,7340101,Quản trị Kinh doanh,A01,2025,13.0,,THPT
DQT,Trường Đại Học Quang Trung,7340101,Quản trị Kinh doanh,C00,2025,13.0,,THPT
DQT,Trường Đại Học Quang Trung,7340101,Quản trị Kinh doanh,C00,2025,13.0,,THPT
DQT,Trường Đại Học Quang Trung,7340101,Quản trị Kinh doanh,D01,2025,13.0,,THPT
DQT,Trường Đại Học Quang Trung,7340101,Quản trị Kinh doanh,D01,2025,13.0,,THPT
DQT,Đại học Quang Trung,7340101,Quản trị Kinh doanh,D01,2025,13.0,,THPT
DQT,Trường Đại Học Quang Trung,7340101,Quản trị Kinh doanh,D10,2025,13.0,,THPT
DQT,Trường Đại Học Quang Trung,7340101,Quản trị Kinh doanh,D10,2025,13.0,,THPT
DQT,Trường Đại Học Quang Trung,7340201,Tài chính – Ngân hàng,A00,2025,13.0,,THPT
DQT,Trường Đại Học Quang Trung,7340201,Tài chính – Ngân hàng,A01,2025,13.0,,THPT
DQT,Trường Đại Học Quang Trung,7340201,Tài chính – Ngân hàng,C00,2025,13.0,,THPT
DQT,Trường Đại Học Quang Trung,7340201,Tài chính – Ngân hàng,D01,2025,13.0,,THPT
DQT,Đại học Quang Trung,7340201,Tài chính – Ngân hàng,D01,2025,13.0,,THPT
DQT,Trường Đại Học Quang Trung,7340201,Tài chính – Ngân hàng,D10,2025,13.0,,THPT
DQT,Trường Đại Học Quang Trung,7340301,Kế toán,A00,2025,13.0,,THPT
DQT,Trường Đại Học Quang Trung,7340301,Kế toán,A01,2025,13.0,,THPT
DQT,Trường Đại Học Quang Trung,7340301,Kế toán,C00,2025,13.0,,THPT
DQT,Trường Đại Học Quang Trung,7340301,Kế toán,D01,2025,13.0,,THPT
DQT,Đại học Quang Trung,7340301,Kế toán,D01,2025,13.0,,THPT
DQT,Trường Đại Học Quang Trung,7340301,Kế toán,D10,2025,13.0,,THPT
DQT,Trường Đại Học Quang Trung,7480201,Công nghệ thông tin,A00,2025,14.0,,THPT
DQT,Trường Đại Học Quang Trung,7480201,Công nghệ thông tin,A00,2025,14.0,,THPT
DQT,Trường Đại Học Quang Trung,7480201,Công nghệ thông tin,A01,2025,14.0,,THPT
DQT,Trường Đại Học Quang Trung,7480201,Công nghệ thông tin,A01,2025,14.0,,THPT
DQT,Trường Đại Học Quang Trung,7480201,Công nghệ thông tin,D01,2025,14.0,,THPT
DQT,Trường Đại Học Quang Trung,7480201,Công nghệ thông tin,D01,2025,14.0,,THPT
DQT,Đại học Quang Trung,7480201,Công nghệ thông tin,D01,2025,14.0,,THPT
DQT,Trường Đại Học Quang Trung,7510103,Công nghệ Kỹ thuật xây dựng,A00,2025,13.0,,THPT
DQT,Trường Đại Học Quang Trung,7510103,Công nghệ Kỹ thuật xây dựng,A00,2025,13.0,,THPT
DQT,Trường Đại Học Quang Trung,7510103,Công nghệ Kỹ thuật xây dựng,A01,2025,13.0,,THPT
DQT,Trường Đại Học Quang Trung,7510103,Công nghệ Kỹ thuật xây dựng,A01,2025,13.0,,THPT
DQT,Trường Đại Học Quang Trung,7510103,Công nghệ Kỹ thuật xây dựng,D01,2025,13.0,,THPT
DQT,Trường Đại Học Quang Trung,7510103,Công nghệ Kỹ thuật xây dựng,D01,2025,13.0,,THPT
DQT,Đại học Quang Trung,7510103,Công nghệ kỹ thuật xây dựng (chuyên ngành Xây dựng dân dụng & Công nghiệp),D01,2025,13.0,,THPT
DQT,Trường Đại Học Quang Trung,7510103,Công nghệ Kỹ thuật xây dựng,D10,2025,13.0,,THPT
DQT,Trường Đại Học Quang Trung,7510103,Công nghệ Kỹ thuật xây dựng,D10,2025,13.0,,THPT
DQT,Trường Đại Học Quang Trung,7720301,Điều dưỡng,A00,2025,17.0,,THPT
DQT,Trường Đại Học Quang Trung,7720301,Điều dưỡng,A00,2025,17.0,,THPT
DQT,Trường Đại Học Quang Trung,7720301,Điều dưỡng,B00,2025,17.0,,THPT
DQT,Đại học Quang Trung,7720301,Điều dưỡng,B00,2025,17.0,,THPT
DQT,Trường Đại Học Quang Trung,7720301,Điều dưỡng,B00,2025,17.0,,THPT
DQT,Trường Đại Học Quang Trung,7720301,Điều dưỡng,D01,2025,17.0,,THPT
DQT,Trường Đại Học Quang Trung,7720301,Điều dưỡng,D01,2025,17.0,,THPT
DQT,Đại học Quang Trung,7720301,Điều dưỡng,D01,2025,17.0,,THPT
DQT,Trường Đại Học Quang Trung,7720301,Điều dưỡng,D07,2025,17.0,,THPT
DQT,Trường Đại Học Quang Trung,7720301,Điều dưỡng,D07,2025,17.0,,THPT
DQT,Trường Đại Học Quang Trung,7720301,Điều dưỡng,D08,2025,17.0,,THPT
DQT,Trường Đại Học Quang Trung,7720301,Điều dưỡng,D08,2025,17.0,,THPT
DQT,Trường Đại Học Quang Trung,7720701,Y tế công cộng,A00,2025,14.0,,THPT
DQT,Trường Đại Học Quang Trung,7720701,Y tế công cộng,A00,2025,14.0,,THPT
DQT,Trường Đại Học Quang Trung,7720701,Y tế công cộng,B00,2025,14.0,,THPT
DQT,Trường Đại Học Quang Trung,7720701,Y tế công cộng,B00,2025,14.0,,THPT
DQT,Đại học Quang Trung,7720701,Y tế công cộng,B00,2025,14.0,,THPT
DQT,Trường Đại Học Quang Trung,7720701,Y tế công cộng,D01,2025,14.0,,THPT
DQT,Trường Đại Học Quang Trung,7720701,Y tế công cộng,D01,2025,14.0,,THPT
DQT,Đại học Quang Trung,7720701,Y tế công cộng,D01,2025,14.0,,THPT
DQT,Trường Đại Học Quang Trung,7720701,Y tế công cộng,D07,2025,14.0,,THPT
DQT,Trường Đại Học Quang Trung,7720701,Y tế công cộng,D07,2025,14.0,,THPT
DQT,Trường Đại Học Quang Trung,7720701,Y tế công cộng,D08,2025,14.0,,THPT
DQT,Trường Đại Học Quang Trung,7720701,Y tế công cộng,D08,2025,14.0,,THPT
DQT,Trường Đại Học Quang Trung,7810103,Quản trị dịch vụ Du lịch và Lữ hành,A00,2025,13.0,,THPT
DQT,Trường Đại Học Quang Trung,7810103,Quản trị dịch vụ Du lịch và Lữ hành,A01,2025,13.0,,THPT
DQT,Trường Đại Học Quang Trung,7810103,Quản trị dịch vụ Du lịch và Lữ hành,C00,2025,13.0,,THPT
DQT,Trường Đại Học Quang Trung,7810103,Quản trị dịch vụ Du lịch và Lữ hành,D01,2025,13.0,,THPT
DQT,Đại học Quang Trung,7810103,Quản trị dịch vụ du lịch và lữ hành,D01,2025,13.0,,THPT
DQT,Trường Đại Học Quang Trung,7810103,Quản trị dịch vụ Du lịch và Lữ hành,D10,2025,13.0,,THPT
DQT,Trường Đại Học Quang Trung,7810203,Quản trị Khách sạn – Nhà hàng,A00,2025,13.0,,THPT
DQT,Trường Đại Học Quang Trung,7810203,Quản trị Khách sạn – Nhà hàng,A01,2025,13.0,,THPT
DQT,Trường Đại Học Quang Trung,7810203,Quản trị Khách sạn – Nhà hàng,C00,2025,13.0,,THPT
DQT,Trường Đại Học Quang Trung,7810203,Quản trị Khách sạn – Nhà hàng,D01,2025,13.0,,THPT
DQT,Đại học Quang Trung,7810203,Quản trị Khách sạn - Nhà hàng,D01,2025,13.0,,THPT
DQT,Trường Đại Học Quang Trung,7810203,Quản trị Khách sạn – Nhà hàng,D10,2025,13.0,,THPT
DQU,Đại học Quảng Nam,7140202,Giáo dục Tiểu học,A00,2025,24.77,,THPT
DQU,Trường Đại Học Quảng Nam,7140202,Giáo dục Tiểu học,A00,2025,25.77,,THPT
DQU,Trường Đại Học Quảng Nam,7140202,Giáo dục Tiểu học,A00,2025,25.77,,THPT
DQU,Đại học Quảng Nam,7140202,Giáo dục Tiểu học,C00,2025,24.77,,THPT
DQU,Trường Đại Học Quảng Nam,7140202,Giáo dục Tiểu học,C00,2025,25.77,,THPT
DQU,Đại học Quảng Nam,7140202,Giáo dục Tiểu học,D01,2025,24.77,,THPT
DQU,Trường Đại Học Quảng Nam,7140202,Giáo dục Tiểu học,D01,2025,25.77,,THPT
DQU,Đại học Quảng Nam,7140209,Sư phạm Toán học,A00,2025,23.0,,THPT
DQU,Trường Đại Học Quảng Nam,7140209,Sư phạm Toán,A00,2025,24.0,,THPT
DQU,Đại học Quảng Nam,7140209,Sư phạm Toán học,A01,2025,23.0,,THPT
DQU,Trường Đại Học Quảng Nam,7140209,Sư phạm Toán,A01,2025,24.0,,THPT
DQU,Đại học Quảng Nam,7140209,Sư phạm Toán học,D01,2025,23.0,,THPT
DQU,Trường Đại Học Quảng Nam,7140209,Sư phạm Toán,D01,2025,24.0,,THPT
DQU,Đại học Quảng Nam,7140209,Sư phạm Toán học,D07,2025,23.0,,THPT
DQU,Trường Đại Học Quảng Nam,7140209,Sư phạm Toán,D07,2025,24.0,,THPT
DQU,Đại học Quảng Nam,7140211,Sư phạm Vật lý,A00,2025,24.2,,THPT
DQU,Trường Đại Học Quảng Nam,7140211,Sư phạm Vật lý,A00,2025,25.2,,THPT
DQU,Đại học Quảng Nam,7140211,Sư phạm Vật lý,A01,2025,24.2,,THPT
DQU,Trường Đại Học Quảng Nam,7140211,Sư phạm Vật lý,A01,2025,25.2,,THPT
DQU,Đại học Quảng Nam,7140213,Sư phạm Sinh học,B00,2025,23.25,,THPT
DQU,Trường Đại Học Quảng Nam,7140213,Sư phạm Sinh học,B00,2025,24.0,,THPT
DQU,Đại học Quảng Nam,7140217,Sư phạm Ngữ văn,C00,2025,24.2,,THPT
DQU,Trường Đại Học Quảng Nam,7140217,Sư phạm Ngữ văn,C00,2025,25.2,,THPT
DQU,Trường Đại Học Quảng Nam,7140217,Sư phạm Ngữ văn,C00,2025,25.2,,THPT
DQU,Đại học Quảng Nam,7140217,Sư phạm Ngữ văn,D01,2025,24.2,,THPT
DQU,Trường Đại Học Quảng Nam,7140217,Sư phạm Ngữ văn,D01,2025,25.2,,THPT
DQU,Đại học Quảng Nam,7140231,Sư phạm Tiếng Anh,A01,2025,24.68,,THPT
DQU,Trường Đại Học Quảng Nam,7140231,Sư phạm Tiếng Anh,A01,2025,25.68,,THPT
DQU,Trường Đại Học Quảng Nam,7140231,Sư phạm Tiếng Anh,A01,2025,25.68,,THPT
DQU,Đại học Quảng Nam,7140231,Sư phạm Tiếng Anh,D01,2025,24.68,,THPT
DQU,Trường Đại Học Quảng Nam,7140231,Sư phạm Tiếng Anh,D01,2025,25.68,,THPT
DQU,Trường Đại Học Quảng Nam,7140231,Sư phạm Tiếng Anh,D01,2025,25.68,,THPT
DQU,Đại học Quảng Nam,7140247,Sư phạm khoa học tự nhiên,A00,2025,22.3,,THPT
DQU,Trường Đại Học Quảng Nam,7140247,Sư phạm KHTN,A00,2025,23.05,,THPT
DQU,Đại học Quảng Nam,7140247,Sư phạm khoa học tự nhiên,A01,2025,22.3,,THPT
DQU,Trường Đại Học Quảng Nam,7140247,Sư phạm KHTN,A01,2025,23.05,,THPT
DQU,Đại học Quảng Nam,7140247,Sư phạm khoa học tự nhiên,B00,2025,22.3,,THPT
DQU,Trường Đại Học Quảng Nam,7140247,Sư phạm KHTN,B00,2025,23.05,,THPT
DQU,Đại học Quảng Nam,7140247,Sư phạm khoa học tự nhiên,D07,2025,22.3,,THPT
DQU,Trường Đại Học Quảng Nam,7140247,Sư phạm KHTN,D07,2025,23.05,,THPT
DQU,Đại học Quảng Nam,7220201,Ngôn ngữ Anh,A01,2025,14.0,,THPT
DQU,Trường Đại Học Quảng Nam,7220201,Ngôn ngữ Anh,A01,2025,14.0,,THPT
DQU,Đại học Quảng Nam,7220201,Ngôn ngữ Anh,D01,2025,14.0,,THPT
DQU,Trường Đại Học Quảng Nam,7220201,Ngôn ngữ Anh,D01,2025,14.0,,THPT
DQU,Đại học Quảng Nam,7229010,Lịch sử,C00,2025,24.0,,THPT
DQU,Trường Đại Học Quảng Nam,7229010,Lịch sử,C00,2025,24.0,,THPT
DQU,Đại học Quảng Nam,7310630,Việt Nam học,C00,2025,14.0,,THPT
DQU,Trường Đại Học Quảng Nam,7310630,Việt Nam học,C00,2025,14.0,,THPT
DQU,Đại học Quảng Nam,7340101,Quản trị Kinh doanh,A01,2025,14.0,,THPT
DQU,Trường Đại Học Quảng Nam,7340101,Quản trị kinh doanh,A01,2025,14.0,,THPT
DQU,Đại học Quảng Nam,7340101,Quản trị Kinh doanh,D01,2025,14.0,,THPT
DQU,Trường Đại Học Quảng Nam,7340101,Quản trị kinh doanh,D01,2025,14.0,,THPT
DQU,Đại học Quảng Nam,7480201,Công nghệ thông tin,A00,2025,14.0,,THPT
DQU,Trường Đại Học Quảng Nam,7480201,Công nghệ thông tin,A00,2025,14.0,,THPT
DQU,Trường Đại Học Quảng Nam,7480201,Công nghệ thông tin,A01,2025,14.0,,THPT
DQU,Đại học Quảng Nam,7480201,Công nghệ thông tin,A01,2025,14.0,,THPT
DQU,Trường Đại Học Quảng Nam,7480201,Công nghệ thông tin,D01,2025,14.0,,THPT
DQU,Đại học Quảng Nam,7480201,Công nghệ thông tin,D01,2025,14.0,,THPT
DQU,Đại học Quảng Nam,7620112,Bảo vệ thực vật,B00,2025,14.0,,THPT
DQU,Trường Đại Học Quảng Nam,7620112,Bảo vệ thực vật,B00,2025,14.0,,THPT
DSG,Trường Đại Học Công Nghệ Sài Gòn,7210402,Thiết kế công nghiệp,A00,2025,15.0,,THPT
DSG,Trường Đại Học Công Nghệ Sài Gòn,7210402,Thiết kế công nghiệp,A01,2025,15.0,,THPT
DSG,Trường Đại Học Công Nghệ Sài Gòn,7210402,Thiết kế công nghiệp,B00,2025,15.0,,THPT
DSG,Trường Đại Học Công Nghệ Sài Gòn,7210402,Thiết kế công nghiệp,C00,2025,15.0,,THPT
DSG,Trường Đại Học Công Nghệ Sài Gòn,7210402,Thiết kế công nghiệp,D01,2025,15.0,,THPT
DSG,Trường Đại Học Công Nghệ Sài Gòn,7210402,Thiết kế công nghiệp,D07,2025,15.0,,THPT
DSG,Trường Đại Học Công Nghệ Sài Gòn,7210402,Thiết kế công nghiệp,D09,2025,15.0,,THPT
DSG,Trường Đại Học Công Nghệ Sài Gòn,7210402,Thiết kế công nghiệp,D10,2025,15.0,,THPT
DSG,Trường Đại Học Công Nghệ Sài Gòn,7340101,Quản trị kinh doanh,A00,2025,15.0,,THPT
DSG,Trường Đại Học Công Nghệ Sài Gòn,7340101,Quản trị kinh doanh,A01,2025,15.0,,THPT
DSG,Trường Đại Học Công Nghệ Sài Gòn,7340101,Quản trị kinh doanh,B00,2025,15.0,,THPT
DSG,Trường Đại Học Công Nghệ Sài Gòn,7340101,Quản trị kinh doanh,C00,2025,15.0,,THPT
DSG,Trường Đại Học Công Nghệ Sài Gòn,7340101,Quản trị kinh doanh,D01,2025,15.0,,THPT
DSG,Trường Đại Học Công Nghệ Sài Gòn,7340101,Quản trị kinh doanh,D07,2025,15.0,,THPT
DSG,Trường Đại Học Công Nghệ Sài Gòn,7340101,Quản trị kinh doanh,D09,2025,15.0,,THPT
DSG,Trường Đại Học Công Nghệ Sài Gòn,7340101,Quản trị kinh doanh,D10,2025,15.0,,THPT
DSG,Trường Đại Học Công Nghệ Sài Gòn,7340115,Marketing,A00,2025,15.0,,THPT
DSG,Trường Đại Học Công Nghệ Sài Gòn,7340115,Marketing,A01,2025,15.0,,THPT
DSG,Trường Đại Học Công Nghệ Sài Gòn,7340115,Marketing,B00,2025,15.0,,THPT
DSG,Trường Đại Học Công Nghệ Sài Gòn,7340115,Marketing,C00,2025,15.0,,THPT
DSG,Trường Đại Học Công Nghệ Sài Gòn,7340115,Marketing,D01,2025,15.0,,THPT
DSG,Trường Đại Học Công Nghệ Sài Gòn,7340115,Marketing,D07,2025,15.0,,THPT
DSG,Trường Đại Học Công Nghệ Sài Gòn,7340115,Marketing,D09,2025,15.0,,THPT
DSG,Trường Đại Học Công Nghệ Sài Gòn,7340115,Marketing,D10,2025,15.0,,THPT
DSG,Trường Đại Học Công Nghệ Sài Gòn,7340120,Kinh doanh quốc tế,A00,2025,15.0,,THPT
DSG,Trường Đại Học Công Nghệ Sài Gòn,7340120,Kinh doanh quốc tế,A01,2025,15.0,,THPT
DSG,Trường Đại Học Công Nghệ Sài Gòn,7340120,Kinh doanh quốc tế,B00,2025,15.0,,THPT
DSG,Trường Đại Học Công Nghệ Sài Gòn,7340120,Kinh doanh quốc tế,C00,2025,15.0,,THPT
DSG,Trường Đại Học Công Nghệ Sài Gòn,7340120,Kinh doanh quốc tế,D01,2025,15.0,,THPT
DSG,Trường Đại Học Công Nghệ Sài Gòn,7340120,Kinh doanh quốc tế,D07,2025,15.0,,THPT
DSG,Trường Đại Học Công Nghệ Sài Gòn,7340120,Kinh doanh quốc tế,D09,2025,15.0,,THPT
DSG,Trường Đại Học Công Nghệ Sài Gòn,7340120,Kinh doanh quốc tế,D10,2025,15.0,,THPT
DSG,Trường Đại Học Công Nghệ Sài Gòn,7340201,Tài chính - Ngân hàng,A00,2025,15.0,,THPT
DSG,Trường Đại Học Công Nghệ Sài Gòn,7340201,Tài chính - Ngân hàng,A01,2025,15.0,,THPT
DSG,Trường Đại Học Công Nghệ Sài Gòn,7340201,Tài chính - Ngân hàng,B00,2025,15.0,,THPT
DSG,Trường Đại Học Công Nghệ Sài Gòn,7340201,Tài chính - Ngân hàng,C00,2025,15.0,,THPT
DSG,Trường Đại Học Công Nghệ Sài Gòn,7340201,Tài chính - Ngân hàng,D01,2025,15.0,,THPT
DSG,Trường Đại Học Công Nghệ Sài Gòn,7340201,Tài chính - Ngân hàng,D07,2025,15.0,,THPT
DSG,Trường Đại Học Công Nghệ Sài Gòn,7340201,Tài chính - Ngân hàng,D09,2025,15.0,,THPT
DSG,Trường Đại Học Công Nghệ Sài Gòn,7340201,Tài chính - Ngân hàng,D10,2025,15.0,,THPT
DSG,Trường Đại Học Công Nghệ Sài Gòn,7380107,Luật kinh tế,A00,2025,18.0,,THPT
DSG,Trường Đại Học Công Nghệ Sài Gòn,7380107,Luật kinh tế,A01,2025,18.0,,THPT
DSG,Trường Đại Học Công Nghệ Sài Gòn,7380107,Luật kinh tế,B00,2025,18.0,,THPT
DSG,Trường Đại Học Công Nghệ Sài Gòn,7380107,Luật kinh tế,C00,2025,18.0,,THPT
DSG,Trường Đại Học Công Nghệ Sài Gòn,7380107,Luật kinh tế,D01,2025,18.0,,THPT
DSG,Trường Đại Học Công Nghệ Sài Gòn,7380107,Luật kinh tế,D07,2025,18.0,,THPT
DSG,Trường Đại Học Công Nghệ Sài Gòn,7380107,Luật kinh tế,D09,2025,18.0,,THPT
DSG,Trường Đại Học Công Nghệ Sài Gòn,7380107,Luật kinh tế,D10,2025,18.0,,THPT
DSG,Trường Đại Học Công Nghệ Sài Gòn,7480106,Kỹ thuật máy tính,A00,2025,15.0,,THPT
DSG,Trường Đại Học Công Nghệ Sài Gòn,7480106,Kỹ thuật máy tính,A01,2025,15.0,,THPT
DSG,Trường Đại Học Công Nghệ Sài Gòn,7480106,Kỹ thuật máy tính,B00,2025,15.0,,THPT
DSG,Trường Đại Học Công Nghệ Sài Gòn,7480106,Kỹ thuật máy tính,D01,2025,15.0,,THPT
DSG,Trường Đại Học Công Nghệ Sài Gòn,7480106,Kỹ thuật máy tính,D07,2025,15.0,,THPT
DSG,Trường Đại Học Công Nghệ Sài Gòn,7480106,Kỹ thuật máy tính,D09,2025,15.0,,THPT
DSG,Trường Đại Học Công Nghệ Sài Gòn,7480106,Kỹ thuật máy tính,D10,2025,15.0,,THPT
DSG,Trường Đại Học Công Nghệ Sài Gòn,7480201,Công nghệ thông tin,A00,2025,15.0,,THPT
DSG,Trường Đại Học Công Nghệ Sài Gòn,7480201,Công nghệ thông tin,A01,2025,15.0,,THPT
DSG,Trường Đại Học Công Nghệ Sài Gòn,7480201,Công nghệ thông tin,B00,2025,15.0,,THPT
DSG,Trường Đại Học Công Nghệ Sài Gòn,7480201,Công nghệ thông tin,D01,2025,15.0,,THPT
DSG,Trường Đại Học Công Nghệ Sài Gòn,7480201,Công nghệ thông tin,D07,2025,15.0,,THPT
DSG,Trường Đại Học Công Nghệ Sài Gòn,7480201,Công nghệ thông tin,D09,2025,15.0,,THPT
DSG,Trường Đại Học Công Nghệ Sài Gòn,7480201,Công nghệ thông tin,D10,2025,15.0,,THPT
DSG,Trường Đại Học Công Nghệ Sài Gòn,7510201,Công nghệ kỹ thuật Cơ khí,A00,2025,15.0,,THPT
DSG,Trường Đại Học Công Nghệ Sài Gòn,7510201,Công nghệ kỹ thuật Cơ khí,A01,2025,15.0,,THPT
DSG,Trường Đại Học Công Nghệ Sài Gòn,7510201,Công nghệ kỹ thuật Cơ khí,B00,2025,15.0,,THPT
DSG,Trường Đại Học Công Nghệ Sài Gòn,7510201,Công nghệ kỹ thuật Cơ khí,D01,2025,15.0,,THPT
DSG,Trường Đại Học Công Nghệ Sài Gòn,7510201,Công nghệ kỹ thuật Cơ khí,D07,2025,15.0,,THPT
DSG,Trường Đại Học Công Nghệ Sài Gòn,7510201,Công nghệ kỹ thuật Cơ khí,D09,2025,15.0,,THPT
DSG,Trường Đại Học Công Nghệ Sài Gòn,7510201,Công nghệ kỹ thuật Cơ khí,D10,2025,15.0,,THPT
DSG,Trường Đại Học Công Nghệ Sài Gòn,7510203,CNKT cơ điện tử,A00,2025,15.0,,THPT
DSG,Trường Đại Học Công Nghệ Sài Gòn,7510203,CNKT cơ điện tử,A01,2025,15.0,,THPT
DSG,Trường Đại Học Công Nghệ Sài Gòn,7510203,CNKT cơ điện tử,B00,2025,15.0,,THPT
DSG,Trường Đại Học Công Nghệ Sài Gòn,7510203,CNKT cơ điện tử,D01,2025,15.0,,THPT
DSG,Trường Đại Học Công Nghệ Sài Gòn,7510203,CNKT cơ điện tử,D07,2025,15.0,,THPT
DSG,Trường Đại Học Công Nghệ Sài Gòn,7510203,CNKT cơ điện tử,D09,2025,15.0,,THPT
DSG,Trường Đại Học Công Nghệ Sài Gòn,7510203,CNKT cơ điện tử,D10,2025,15.0,,THPT
DSG,Trường Đại Học Công Nghệ Sài Gòn,7510301,CNKT điện điện tử,A00,2025,15.0,,THPT
DSG,Trường Đại Học Công Nghệ Sài Gòn,7510301,CNKT điện điện tử,A01,2025,15.0,,THPT
DSG,Trường Đại Học Công Nghệ Sài Gòn,7510301,CNKT điện điện tử,B00,2025,15.0,,THPT
DSG,Trường Đại Học Công Nghệ Sài Gòn,7510301,CNKT điện điện tử,D01,2025,15.0,,THPT
DSG,Trường Đại Học Công Nghệ Sài Gòn,7510301,CNKT điện điện tử,D07,2025,15.0,,THPT
DSG,Trường Đại Học Công Nghệ Sài Gòn,7510301,CNKT điện điện tử,D09,2025,15.0,,THPT
DSG,Trường Đại Học Công Nghệ Sài Gòn,7510301,CNKT điện điện tử,D10,2025,15.0,,THPT
DSG,Trường Đại Học Công Nghệ Sài Gòn,7510302,CNKT điện tử viễn thông,A00,2025,15.0,,THPT
DSG,Trường Đại Học Công Nghệ Sài Gòn,7510302,CNKT điện tử viễn thông,A01,2025,15.0,,THPT
DSG,Trường Đại Học Công Nghệ Sài Gòn,7510302,CNKT điện tử viễn thông,B00,2025,15.0,,THPT
DSG,Trường Đại Học Công Nghệ Sài Gòn,7510302,CNKT điện tử viễn thông,D01,2025,15.0,,THPT
DSG,Trường Đại Học Công Nghệ Sài Gòn,7510302,CNKT điện tử viễn thông,D07,2025,15.0,,THPT
DSG,Trường Đại Học Công Nghệ Sài Gòn,7510302,CNKT điện tử viễn thông,D09,2025,15.0,,THPT
DSG,Trường Đại Học Công Nghệ Sài Gòn,7510302,CNKT điện tử viễn thông,D10,2025,15.0,,THPT
DSG,Trường Đại Học Công Nghệ Sài Gòn,7510605,Logistics và Quản lý chuỗi cung ứng,A00,2025,15.0,,THPT
DSG,Trường Đại Học Công Nghệ Sài Gòn,7510605,Logistics và Quản lý chuỗi cung ứng,A01,2025,15.0,,THPT
DSG,Trường Đại Học Công Nghệ Sài Gòn,7510605,Logistics và Quản lý chuỗi cung ứng,B00,2025,15.0,,THPT
DSG,Trường Đại Học Công Nghệ Sài Gòn,7510605,Logistics và Quản lý chuỗi cung ứng,C00,2025,15.0,,THPT
DSG,Trường Đại Học Công Nghệ Sài Gòn,7510605,Logistics và Quản lý chuỗi cung ứng,D01,2025,15.0,,THPT
DSG,Trường Đại Học Công Nghệ Sài Gòn,7510605,Logistics và Quản lý chuỗi cung ứng,D07,2025,15.0,,THPT
DSG,Trường Đại Học Công Nghệ Sài Gòn,7510605,Logistics và Quản lý chuỗi cung ứng,D09,2025,15.0,,THPT
DSG,Trường Đại Học Công Nghệ Sài Gòn,7510605,Logistics và Quản lý chuỗi cung ứng,D10,2025,15.0,,THPT
DSG,Trường Đại Học Công Nghệ Sài Gòn,7540101,Công nghệ thực phẩm,A00,2025,15.0,,THPT
DSG,Trường Đại Học Công Nghệ Sài Gòn,7540101,Công nghệ thực phẩm,A01,2025,15.0,,THPT
DSG,Trường Đại Học Công Nghệ Sài Gòn,7540101,Công nghệ thực phẩm,B00,2025,15.0,,THPT
DSG,Trường Đại Học Công Nghệ Sài Gòn,7540101,Công nghệ thực phẩm,D01,2025,15.0,,THPT
DSG,Trường Đại Học Công Nghệ Sài Gòn,7540101,Công nghệ thực phẩm,D07,2025,15.0,,THPT
DSG,Trường Đại Học Công Nghệ Sài Gòn,7540101,Công nghệ thực phẩm,D09,2025,15.0,,THPT
DSG,Trường Đại Học Công Nghệ Sài Gòn,7540101,Công nghệ thực phẩm,D10,2025,15.0,,THPT
DSG,Trường Đại Học Công Nghệ Sài Gòn,7540106,Đảm bảo chất lượng và an toàn thực phẩm,A00,2025,15.0,,THPT
DSG,Trường Đại Học Công Nghệ Sài Gòn,7540106,Đảm bảo chất lượng và an toàn thực phẩm,A01,2025,15.0,,THPT
DSG,Trường Đại Học Công Nghệ Sài Gòn,7540106,Đảm bảo chất lượng và an toàn thực phẩm,B00,2025,15.0,,THPT
DSG,Trường Đại Học Công Nghệ Sài Gòn,7540106,Đảm bảo chất lượng và an toàn thực phẩm,C00,2025,15.0,,THPT
DSG,Trường Đại Học Công Nghệ Sài Gòn,7540106,Đảm bảo chất lượng và an toàn thực phẩm,D01,2025,15.0,,THPT
DSG,Trường Đại Học Công Nghệ Sài Gòn,7540106,Đảm bảo chất lượng và an toàn thực phẩm,D07,2025,15.0,,THPT
DSG,Trường Đại Học Công Nghệ Sài Gòn,7540106,Đảm bảo chất lượng và an toàn thực phẩm,D09,2025,15.0,,THPT
DSG,Trường Đại Học Công Nghệ Sài Gòn,7540106,Đảm bảo chất lượng và an toàn thực phẩm,D10,2025,15.0,,THPT
DSG,Trường Đại Học Công Nghệ Sài Gòn,7580201,Kỹ thuật xây dựng,A00,2025,15.0,,THPT
DSG,Trường Đại Học Công Nghệ Sài Gòn,7580201,Kỹ thuật xây dựng,A01,2025,15.0,,THPT
DSG,Trường Đại Học Công Nghệ Sài Gòn,7580201,Kỹ thuật xây dựng,B00,2025,15.0,,THPT
DSG,Trường Đại Học Công Nghệ Sài Gòn,7580201,Kỹ thuật xây dựng,D01,2025,15.0,,THPT
DSG,Trường Đại Học Công Nghệ Sài Gòn,7580201,Kỹ thuật xây dựng,D07,2025,15.0,,THPT
DSG,Trường Đại Học Công Nghệ Sài Gòn,7580201,Kỹ thuật xây dựng,D09,2025,15.0,,THPT
DSG,Trường Đại Học Công Nghệ Sài Gòn,7580201,Kỹ thuật xây dựng,D10,2025,15.0,,THPT
DSG,Trường Đại Học Công Nghệ Sài Gòn,7580302,Quản lý xây dựng,A00,2025,15.0,,THPT
DSG,Trường Đại Học Công Nghệ Sài Gòn,7580302,Quản lý xây dựng,A01,2025,15.0,,THPT
DSG,Trường Đại Học Công Nghệ Sài Gòn,7580302,Quản lý xây dựng,B00,2025,15.0,,THPT
DSG,Trường Đại Học Công Nghệ Sài Gòn,7580302,Quản lý xây dựng,D01,2025,15.0,,THPT
DSG,Trường Đại Học Công Nghệ Sài Gòn,7580302,Quản lý xây dựng,D07,2025,15.0,,THPT
DSG,Trường Đại Học Công Nghệ Sài Gòn,7580302,Quản lý xây dựng,D09,2025,15.0,,THPT
DSG,Trường Đại Học Công Nghệ Sài Gòn,7580302,Quản lý xây dựng,D10,2025,15.0,,THPT
DSG,Trường Đại Học Công Nghệ Sài Gòn,7810101,Du lịch,A00,2025,15.0,,THPT
DSG,Trường Đại Học Công Nghệ Sài Gòn,7810101,Du lịch,A01,2025,15.0,,THPT
DSG,Trường Đại Học Công Nghệ Sài Gòn,7810101,Du lịch,B00,2025,15.0,,THPT
DSG,Trường Đại Học Công Nghệ Sài Gòn,7810101,Du lịch,C00,2025,15.0,,THPT
DSG,Trường Đại Học Công Nghệ Sài Gòn,7810101,Du lịch,D01,2025,15.0,,THPT
DSG,Trường Đại Học Công Nghệ Sài Gòn,7810101,Du lịch,D07,2025,15.0,,THPT
DSG,Trường Đại Học Công Nghệ Sài Gòn,7810101,Du lịch,D09,2025,15.0,,THPT
DSG,Trường Đại Học Công Nghệ Sài Gòn,7810101,Du lịch,D10,2025,15.0,,THPT
DSK,Đại học Sư phạm Kỹ thuật - Đại học Đà Nẵng,7140214,Sư phạm Kỹ thuật công nghiệp (chuyên ngành Công nghệ thông tin),A00,2025,21.44,,THPT
DSK,Trường Đại học Sư phạm Kỹ thuật - Đại học Đà Nẵng,7140214,Sư phạm Kỹ thuật công nghiệp (chuyên ngành Công nghệ thông tin),A00,2025,21.44,,THPT
DSK,Trường Đại học Sư phạm Kỹ thuật - Đại học Đà Nẵng,7140214,Sư phạm Kỹ thuật công nghiệp (chuyên ngành Công nghệ thông tin),A01,2025,21.44,,THPT
DSK,Đại học Sư phạm Kỹ thuật - Đại học Đà Nẵng,7140214,Sư phạm Kỹ thuật công nghiệp (chuyên ngành Công nghệ thông tin),A01,2025,21.44,,THPT
DSK,Đại học Sư phạm Kỹ thuật - Đại học Đà Nẵng,7480201,Công nghệ thông tin,A00,2025,20.75,,THPT
DSK,Trường Đại học Sư phạm Kỹ thuật - Đại học Đà Nẵng,7480201,Công nghệ thông tin,A00,2025,20.75,,THPT
DSK,Trường Đại học Sư phạm Kỹ thuật - Đại học Đà Nẵng,7480201,Công nghệ thông tin,A01,2025,20.75,,THPT
DSK,Đại học Sư phạm Kỹ thuật - Đại học Đà Nẵng,7480201,Công nghệ thông tin,A01,2025,20.75,,THPT
DSK,Đại học Sư phạm Kỹ thuật - Đại học Đà Nẵng,7510101,Công nghệ kỹ thuật kiến trúc,A00,2025,17.05,,THPT
DSK,Trường Đại học Sư phạm Kỹ thuật - Đại học Đà Nẵng,7510101,Công nghệ kỹ thuật kiến trúc,A00,2025,17.05,,THPT
DSK,Trường Đại học Sư phạm Kỹ thuật - Đại học Đà Nẵng,7510101,Công nghệ kỹ thuật kiến trúc,A01,2025,17.05,,THPT
DSK,Đại học Sư phạm Kỹ thuật - Đại học Đà Nẵng,7510101,Công nghệ kỹ thuật kiến trúc,A01,2025,17.05,,THPT
DSK,Trường Đại học Sư phạm Kỹ thuật - Đại học Đà Nẵng,7510101,Công nghệ kỹ thuật kiến trúc,D01,2025,17.05,,THPT
DSK,Đại học Sư phạm Kỹ thuật - Đại học Đà Nẵng,7510101,Công nghệ kỹ thuật kiến trúc,D01,2025,17.05,,THPT
DSK,Đại học Sư phạm Kỹ thuật - Đại học Đà Nẵng,7510103,Công nghệ kỹ thuật xây dựng (chuyên ngành Xây dựng dân dụng & Công nghiệp),A00,2025,17.91,,THPT
DSK,Trường Đại học Sư phạm Kỹ thuật - Đại học Đà Nẵng,7510103,Công nghệ kỹ thuật xây dựng (chuyên ngành Xây dựng dân dụng và Công nghiệp),A00,2025,17.91,,THPT
DSK,Trường Đại học Sư phạm Kỹ thuật - Đại học Đà Nẵng,7510103,Công nghệ kỹ thuật xây dựng (chuyên ngành Xây dựng dân dụng và Công nghiệp),A01,2025,17.91,,THPT
DSK,Đại học Sư phạm Kỹ thuật - Đại học Đà Nẵng,7510103,Công nghệ kỹ thuật xây dựng (chuyên ngành Xây dựng dân dụng & Công nghiệp),A01,2025,17.91,,THPT
DSK,Trường Đại học Sư phạm Kỹ thuật - Đại học Đà Nẵng,7510103,Công nghệ kỹ thuật xây dựng (chuyên ngành Xây dựng dân dụng và Công nghiệp),D01,2025,17.91,,THPT
DSK,Đại học Sư phạm Kỹ thuật - Đại học Đà Nẵng,7510103,Công nghệ kỹ thuật xây dựng (chuyên ngành Xây dựng dân dụng & Công nghiệp),D01,2025,17.91,,THPT
DSK,Đại học Sư phạm Kỹ thuật - Đại học Đà Nẵng,7510104,Công nghệ kỹ thuật giao thông (chuyên ngành Xây dựng cầu đường),A00,2025,17.89,,THPT
DSK,Trường Đại học Sư phạm Kỹ thuật - Đại học Đà Nẵng,7510104,Công nghệ kỹ thuật giao thông (chuyên ngành Xây dựng cầu đường),A00,2025,17.89,,THPT
DSK,Trường Đại học Sư phạm Kỹ thuật - Đại học Đà Nẵng,7510104,Công nghệ kỹ thuật giao thông (chuyên ngành Xây dựng cầu đường),A01,2025,17.89,,THPT
DSK,Đại học Sư phạm Kỹ thuật - Đại học Đà Nẵng,7510104,Công nghệ kỹ thuật giao thông (chuyên ngành Xây dựng cầu đường),A01,2025,17.89,,THPT
DSK,Trường Đại học Sư phạm Kỹ thuật - Đại học Đà Nẵng,7510104,Công nghệ kỹ thuật giao thông (chuyên ngành Xây dựng cầu đường),D01,2025,17.89,,THPT
DSK,Đại học Sư phạm Kỹ thuật - Đại học Đà Nẵng,7510104,Công nghệ kỹ thuật giao thông (chuyên ngành Xây dựng cầu đường),D01,2025,17.89,,THPT
DSK,Đại học Sư phạm Kỹ thuật - Đại học Đà Nẵng,7510201,Công nghệ kỹ thuật cơ khí (chuyên ngành Cơ khí chế tạo),A00,2025,21.1,,THPT
DSK,Trường Đại học Sư phạm Kỹ thuật - Đại học Đà Nẵng,7510201,Công nghệ kỹ thuật cơ khí (chuyên ngành Cơ khí chế tạo),A00,2025,21.1,,THPT
DSK,Trường Đại học Sư phạm Kỹ thuật - Đại học Đà Nẵng,7510201,Công nghệ kỹ thuật cơ khí (chuyên ngành Cơ khí chế tạo),A01,2025,21.1,,THPT
DSK,Đại học Sư phạm Kỹ thuật - Đại học Đà Nẵng,7510201,Công nghệ kỹ thuật cơ khí (chuyên ngành Cơ khí chế tạo),A01,2025,21.1,,THPT
DSK,Trường Đại học Sư phạm Kỹ thuật - Đại học Đà Nẵng,7510201,Công nghệ kỹ thuật cơ khí (chuyên ngành Cơ khí chế tạo),D01,2025,21.1,,THPT
DSK,Đại học Sư phạm Kỹ thuật - Đại học Đà Nẵng,7510201,Công nghệ kỹ thuật cơ khí (chuyên ngành Cơ khí chế tạo),D01,2025,21.1,,THPT
DSK,Đại học Sư phạm Kỹ thuật - Đại học Đà Nẵng,7510201A,Công nghệ kỳ thuật cơ khi (hệ Chát lượng cao tiếng Anh),A00,2025,19.1,,THPT
DSK,Trường Đại học Sư phạm Kỹ thuật - Đại học Đà Nẵng,7510201A,Công nghệ kỹ thuật cơ khí (chuyên ngành Thiết kế và mô phỏng số trong cơ khí),A00,2025,19.1,,THPT
DSK,Trường Đại học Sư phạm Kỹ thuật - Đại học Đà Nẵng,7510201A,Công nghệ kỹ thuật cơ khí (chuyên ngành Thiết kế và mô phỏng số trong cơ khí),A01,2025,19.1,,THPT
DSK,Đại học Sư phạm Kỹ thuật - Đại học Đà Nẵng,7510201A,Công nghệ kỳ thuật cơ khi (hệ Chát lượng cao tiếng Anh),A01,2025,19.1,,THPT
DSK,Trường Đại học Sư phạm Kỹ thuật - Đại học Đà Nẵng,7510201A,Công nghệ kỹ thuật cơ khí (chuyên ngành Thiết kế và mô phỏng số trong cơ khí),D01,2025,19.1,,THPT
DSK,Đại học Sư phạm Kỹ thuật - Đại học Đà Nẵng,7510201A,Công nghệ kỳ thuật cơ khi (hệ Chát lượng cao tiếng Anh),D01,2025,19.1,,THPT
DSK,Đại học Sư phạm Kỹ thuật - Đại học Đà Nẵng,7510203,Công nghệ kỹ thuật cơ điện tử,A00,2025,21.31,,THPT
DSK,Trường Đại học Sư phạm Kỹ thuật - Đại học Đà Nẵng,7510203,Công nghệ kỹ thuật cơ điện tử,A00,2025,21.31,,THPT
DSK,Trường Đại học Sư phạm Kỹ thuật - Đại học Đà Nẵng,7510203,Công nghệ kỹ thuật cơ điện tử,A01,2025,21.31,,THPT
DSK,Đại học Sư phạm Kỹ thuật - Đại học Đà Nẵng,7510203,Công nghệ kỹ thuật cơ điện tử,A01,2025,21.31,,THPT
DSK,Trường Đại học Sư phạm Kỹ thuật - Đại học Đà Nẵng,7510203,Công nghệ kỹ thuật cơ điện tử,D01,2025,21.31,,THPT
DSK,Đại học Sư phạm Kỹ thuật - Đại học Đà Nẵng,7510203,Công nghệ kỹ thuật cơ điện tử,D01,2025,21.31,,THPT
DSK,Đại học Sư phạm Kỹ thuật - Đại học Đà Nẵng,7510205,Công nghệ kỹ thuật ô tô,A00,2025,22.01,,THPT
DSK,Trường Đại học Sư phạm Kỹ thuật - Đại học Đà Nẵng,7510205,Công nghệ kỹ thuật ô tô,A00,2025,22.01,,THPT
DSK,Trường Đại học Sư phạm Kỹ thuật - Đại học Đà Nẵng,7510205,Công nghệ kỹ thuật ô tô,A01,2025,22.01,,THPT
DSK,Đại học Sư phạm Kỹ thuật - Đại học Đà Nẵng,7510205,Công nghệ kỹ thuật ô tô,A01,2025,22.01,,THPT
DSK,Trường Đại học Sư phạm Kỹ thuật - Đại học Đà Nẵng,7510205,Công nghệ kỹ thuật ô tô,D01,2025,22.01,,THPT
DSK,Đại học Sư phạm Kỹ thuật - Đại học Đà Nẵng,7510205,Công nghệ kỹ thuật ô tô,D01,2025,22.01,,THPT
DSK,Đại học Sư phạm Kỹ thuật - Đại học Đà Nẵng,7510205A,Công nghệ kỳ thuật ỏ tô (hệ Chat lượng cao ticng Anh),A00,2025,22.35,,THPT
DSK,Trường Đại học Sư phạm Kỹ thuật - Đại học Đà Nẵng,7510205A,Công nghệ kỹ thuật ô tô (chuyên ngành Ô tô điện),A00,2025,22.35,,THPT
DSK,Trường Đại học Sư phạm Kỹ thuật - Đại học Đà Nẵng,7510205A,Công nghệ kỹ thuật ô tô (chuyên ngành Ô tô điện),A01,2025,22.35,,THPT
DSK,Đại học Sư phạm Kỹ thuật - Đại học Đà Nẵng,7510205A,Công nghệ kỳ thuật ỏ tô (hệ Chat lượng cao ticng Anh),A01,2025,22.35,,THPT
DSK,Trường Đại học Sư phạm Kỹ thuật - Đại học Đà Nẵng,7510205A,Công nghệ kỹ thuật ô tô (chuyên ngành Ô tô điện),D01,2025,22.35,,THPT
DSK,Đại học Sư phạm Kỹ thuật - Đại học Đà Nẵng,7510205A,Công nghệ kỳ thuật ỏ tô (hệ Chat lượng cao ticng Anh),D01,2025,22.35,,THPT
DSK,Trường Đại học Sư phạm Kỹ thuật - Đại học Đà Nẵng,7510205KT,Công nghệ kỹ thuật ô tô (đào tạo 2 năm đầu tại Kon Tum),A00,2025,18.75,,THPT
DSK,Trường Đại học Sư phạm Kỹ thuật - Đại học Đà Nẵng,7510205KT,Công nghệ kỹ thuật ô tô (đào tạo 2 năm đầu tại Kon Tum),A01,2025,18.75,,THPT
DSK,Trường Đại học Sư phạm Kỹ thuật - Đại học Đà Nẵng,7510205KT,Công nghệ kỹ thuật ô tô (đào tạo 2 năm đầu tại Kon Tum),D01,2025,18.75,,THPT
DSK,Đại học Sư phạm Kỹ thuật - Đại học Đà Nẵng,7510206,Công nghệ kỹ thuật nhiệt,A00,2025,20.2,,THPT
DSK,Trường Đại học Sư phạm Kỹ thuật - Đại học Đà Nẵng,7510206,Công nghệ kỹ thuật nhiệt (chuyên ngành Nhiệt - Điện lạnh),A00,2025,20.2,,THPT
DSK,Trường Đại học Sư phạm Kỹ thuật - Đại học Đà Nẵng,7510206,Công nghệ kỹ thuật nhiệt (chuyên ngành Nhiệt - Điện lạnh),A01,2025,20.2,,THPT
DSK,Đại học Sư phạm Kỹ thuật - Đại học Đà Nẵng,7510206,Công nghệ kỹ thuật nhiệt,A01,2025,20.2,,THPT
DSK,Trường Đại học Sư phạm Kỹ thuật - Đại học Đà Nẵng,7510206,Công nghệ kỹ thuật nhiệt (chuyên ngành Nhiệt - Điện lạnh),D01,2025,20.2,,THPT
DSK,Đại học Sư phạm Kỹ thuật - Đại học Đà Nẵng,7510206,Công nghệ kỹ thuật nhiệt,D01,2025,20.2,,THPT
DSK,Đại học Sư phạm Kỹ thuật - Đại học Đà Nẵng,7510301A,Công nghệ kỹ thuật điện - Điện tử (hệ Chất lượng cao tiếng Anh),A00,2025,21.27,,THPT
DSK,Trường Đại học Sư phạm Kỹ thuật - Đại học Đà Nẵng,7510301A,"Công nghệ kỹ thuật điện, điện tử (chuyên ngành Công nghệ kỹ thuật điện tử)",A00,2025,21.27,,THPT
DSK,Trường Đại học Sư phạm Kỹ thuật - Đại học Đà Nẵng,7510301A,"Công nghệ kỹ thuật điện, điện tử (chuyên ngành Công nghệ kỹ thuật điện tử)",A01,2025,21.27,,THPT
DSK,Đại học Sư phạm Kỹ thuật - Đại học Đà Nẵng,7510301A,Công nghệ kỹ thuật điện - Điện tử (hệ Chất lượng cao tiếng Anh),A01,2025,21.27,,THPT
DSK,Trường Đại học Sư phạm Kỹ thuật - Đại học Đà Nẵng,7510301A,"Công nghệ kỹ thuật điện, điện tử (chuyên ngành Công nghệ kỹ thuật điện tử)",D01,2025,21.27,,THPT
DSK,Đại học Sư phạm Kỹ thuật - Đại học Đà Nẵng,7510301A,Công nghệ kỹ thuật điện - Điện tử (hệ Chất lượng cao tiếng Anh),D01,2025,21.27,,THPT
DSK,Đại học Sư phạm Kỹ thuật - Đại học Đà Nẵng,7510301B,"Công nghệ kĩ thuật điện, điện tử",A00,2025,21.07,,THPT
DSK,Trường Đại học Sư phạm Kỹ thuật - Đại học Đà Nẵng,7510301B,"Công nghệ kỹ thuật điện, điện tử (chuyên ngành Công nghệ kỹ thuật điện)",A00,2025,21.07,,THPT
DSK,Trường Đại học Sư phạm Kỹ thuật - Đại học Đà Nẵng,7510301B,"Công nghệ kỹ thuật điện, điện tử (chuyên ngành Công nghệ kỹ thuật điện)",A01,2025,21.07,,THPT
DSK,Đại học Sư phạm Kỹ thuật - Đại học Đà Nẵng,7510301B,"Công nghệ kĩ thuật điện, điện tử",A01,2025,21.07,,THPT
DSK,Trường Đại học Sư phạm Kỹ thuật - Đại học Đà Nẵng,7510301B,"Công nghệ kỹ thuật điện, điện tử (chuyên ngành Công nghệ kỹ thuật điện)",D01,2025,21.07,,THPT
DSK,Đại học Sư phạm Kỹ thuật - Đại học Đà Nẵng,7510301B,"Công nghệ kĩ thuật điện, điện tử",D01,2025,21.07,,THPT
DSK,Đại học Sư phạm Kỹ thuật - Đại học Đà Nẵng,7510302,Điện tử - viễn thông,A00,2025,21.09,,THPT
DSK,Trường Đại học Sư phạm Kỹ thuật - Đại học Đà Nẵng,7510302,Công nghệ kỹ thuật điện tử - viễn thông,A00,2025,21.09,,THPT
DSK,Trường Đại học Sư phạm Kỹ thuật - Đại học Đà Nẵng,7510302,Công nghệ kỹ thuật điện tử - viễn thông,A01,2025,21.09,,THPT
DSK,Đại học Sư phạm Kỹ thuật - Đại học Đà Nẵng,7510302,Điện tử - viễn thông,A01,2025,21.09,,THPT
DSK,Trường Đại học Sư phạm Kỹ thuật - Đại học Đà Nẵng,7510302,Công nghệ kỹ thuật điện tử - viễn thông,D01,2025,21.09,,THPT
DSK,Đại học Sư phạm Kỹ thuật - Đại học Đà Nẵng,7510302,Điện tử - viễn thông,D01,2025,21.09,,THPT
DSK,Đại học Sư phạm Kỹ thuật - Đại học Đà Nẵng,7510302A,Công nghệ kỷ thuật Diện từ - Viễn thông (hệ Chất lưựng cao tiếng Anh),A00,2025,21.85,,THPT
DSK,Trường Đại học Sư phạm Kỹ thuật - Đại học Đà Nẵng,7510302A,Công nghệ kỹ thuật điện tử - viễn thông (chuyên ngành Thiết kế vi mạch bán dẫn),A00,2025,21.85,,THPT
DSK,Trường Đại học Sư phạm Kỹ thuật - Đại học Đà Nẵng,7510302A,Công nghệ kỹ thuật điện tử - viễn thông (chuyên ngành Thiết kế vi mạch bán dẫn),A01,2025,21.85,,THPT
DSK,Đại học Sư phạm Kỹ thuật - Đại học Đà Nẵng,7510302A,Công nghệ kỷ thuật Diện từ - Viễn thông (hệ Chất lưựng cao tiếng Anh),A01,2025,21.85,,THPT
DSK,Đại học Sư phạm Kỹ thuật - Đại học Đà Nẵng,7510302A,Công nghệ kỷ thuật Diện từ - Viễn thông (hệ Chất lưựng cao tiếng Anh),D01,2025,21.85,,THPT
DSK,Đại học Sư phạm Kỹ thuật - Đại học Đà Nẵng,7510303,Công nghệ kỹ thuật điều khiển và tự động hóa,A00,2025,22.58,,THPT
DSK,Trường Đại học Sư phạm Kỹ thuật - Đại học Đà Nẵng,7510303,Công nghệ kỹ thuật điều khiển và tự động hóa,A00,2025,22.58,,THPT
DSK,Trường Đại học Sư phạm Kỹ thuật - Đại học Đà Nẵng,7510303,Công nghệ kỹ thuật điều khiển và tự động hóa,A01,2025,22.58,,THPT
DSK,Đại học Sư phạm Kỹ thuật - Đại học Đà Nẵng,7510303,Công nghệ kỹ thuật điều khiển và tự động hóa,A01,2025,22.58,,THPT
DSK,Trường Đại học Sư phạm Kỹ thuật - Đại học Đà Nẵng,7510303,Công nghệ kỹ thuật điều khiển và tự động hóa,D01,2025,22.58,,THPT
DSK,Đại học Sư phạm Kỹ thuật - Đại học Đà Nẵng,7510303KT,Công nghệ kỹ thuật điều khiển và tự động hóa (đào tạo 2 năm đầu tại Kon Tum),A00,2025,18.25,,THPT
DSK,Trường Đại học Sư phạm Kỹ thuật - Đại học Đà Nẵng,7510303KT,Công nghệ kỹ thuật điều khiển và tự động hóa (đào tạo 2 năm đầu tại Kon Tum),A00,2025,18.25,,THPT
DSK,Trường Đại học Sư phạm Kỹ thuật - Đại học Đà Nẵng,7510303KT,Công nghệ kỹ thuật điều khiển và tự động hóa (đào tạo 2 năm đầu tại Kon Tum),A01,2025,18.25,,THPT
DSK,Đại học Sư phạm Kỹ thuật - Đại học Đà Nẵng,7510303KT,Công nghệ kỹ thuật điều khiển và tự động hóa (đào tạo 2 năm đầu tại Kon Tum),A01,2025,18.25,,THPT
DSK,Trường Đại học Sư phạm Kỹ thuật - Đại học Đà Nẵng,7510303KT,Công nghệ kỹ thuật điều khiển và tự động hóa (đào tạo 2 năm đầu tại Kon Tum),D01,2025,18.25,,THPT
DSK,Đại học Sư phạm Kỹ thuật - Đại học Đà Nẵng,7510303KT,Công nghệ kỹ thuật điều khiển và tự động hóa (đào tạo 2 năm đầu tại Kon Tum),D01,2025,18.25,,THPT
DSK,Đại học Sư phạm Kỹ thuật - Đại học Đà Nẵng,7510401,Công nghệ kỹ thuật hoá học,A00,2025,20.69,,THPT
DSK,Trường Đại học Sư phạm Kỹ thuật - Đại học Đà Nẵng,7510401,Công nghệ kỹ thuật hóa học,A00,2025,20.69,,THPT
DSK,Trường Đại học Sư phạm Kỹ thuật - Đại học Đà Nẵng,7510401,Công nghệ kỹ thuật hóa học,A01,2025,20.69,,THPT
DSK,Đại học Sư phạm Kỹ thuật - Đại học Đà Nẵng,7510401,Công nghệ kỹ thuật hoá học,A01,2025,20.69,,THPT
DSK,Trường Đại học Sư phạm Kỹ thuật - Đại học Đà Nẵng,7510401,Công nghệ kỹ thuật hóa học,B00,2025,20.69,,THPT
DSK,Đại học Sư phạm Kỹ thuật - Đại học Đà Nẵng,7510401,Công nghệ kỹ thuật hoá học,B00,2025,20.69,,THPT
DSK,Trường Đại học Sư phạm Kỹ thuật - Đại học Đà Nẵng,7510401,Công nghệ kỹ thuật hóa học,D01,2025,20.69,,THPT
DSK,Đại học Sư phạm Kỹ thuật - Đại học Đà Nẵng,7510401,Công nghệ kỹ thuật hoá học,D01,2025,20.69,,THPT
DSK,Trường Đại học Sư phạm Kỹ thuật - Đại học Đà Nẵng,7510401,Công nghệ kỹ thuật hóa học,D07,2025,20.69,,THPT
DSK,Đại học Sư phạm Kỹ thuật - Đại học Đà Nẵng,7510401,Công nghệ kỹ thuật hoá học,D07,2025,20.69,,THPT
DSK,Đại học Sư phạm Kỹ thuật - Đại học Đà Nẵng,7510402,Công nghệ vật liệu,A00,2025,17.95,,THPT
DSK,Trường Đại học Sư phạm Kỹ thuật - Đại học Đà Nẵng,7510402,Công nghệ vật liệu (chuyên ngành Hóa học Vật liệu mới),A00,2025,17.95,,THPT
DSK,Trường Đại học Sư phạm Kỹ thuật - Đại học Đà Nẵng,7510402,Công nghệ vật liệu (chuyên ngành Hóa học Vật liệu mới),A01,2025,17.95,,THPT
DSK,Đại học Sư phạm Kỹ thuật - Đại học Đà Nẵng,7510402,Công nghệ vật liệu,A01,2025,17.95,,THPT
DSK,Trường Đại học Sư phạm Kỹ thuật - Đại học Đà Nẵng,7510402,Công nghệ vật liệu (chuyên ngành Hóa học Vật liệu mới),B00,2025,17.95,,THPT
DSK,Đại học Sư phạm Kỹ thuật - Đại học Đà Nẵng,7510402,Công nghệ vật liệu,B00,2025,17.95,,THPT
DSK,Trường Đại học Sư phạm Kỹ thuật - Đại học Đà Nẵng,7510402,Công nghệ vật liệu (chuyên ngành Hóa học Vật liệu mới),D01,2025,17.95,,THPT
DSK,Đại học Sư phạm Kỹ thuật - Đại học Đà Nẵng,7510402,Công nghệ vật liệu,D01,2025,17.95,,THPT
DSK,Trường Đại học Sư phạm Kỹ thuật - Đại học Đà Nẵng,7510402,Công nghệ vật liệu (chuyên ngành Hóa học Vật liệu mới),D07,2025,17.95,,THPT
DSK,Đại học Sư phạm Kỹ thuật - Đại học Đà Nẵng,7510402,Công nghệ vật liệu,D07,2025,17.95,,THPT
DSK,Đại học Sư phạm Kỹ thuật - Đại học Đà Nẵng,7510406,Công nghệ kỹ thuật Môi trường,A00,2025,17.07,,THPT
DSK,Trường Đại học Sư phạm Kỹ thuật - Đại học Đà Nẵng,7510406,Công nghệ kỹ thuật môi trường,A00,2025,17.07,,THPT
DSK,Trường Đại học Sư phạm Kỹ thuật - Đại học Đà Nẵng,7510406,Công nghệ kỹ thuật môi trường,A00,2025,17.07,,THPT
DSK,Trường Đại học Sư phạm Kỹ thuật - Đại học Đà Nẵng,7510406,Công nghệ kỹ thuật môi trường,A01,2025,17.07,,THPT
DSK,Trường Đại học Sư phạm Kỹ thuật - Đại học Đà Nẵng,7510406,Công nghệ kỹ thuật môi trường,A01,2025,17.07,,THPT
DSK,Đại học Sư phạm Kỹ thuật - Đại học Đà Nẵng,7510406,Công nghệ kỹ thuật Môi trường,A01,2025,17.07,,THPT
DSK,Trường Đại học Sư phạm Kỹ thuật - Đại học Đà Nẵng,7510406,Công nghệ kỹ thuật môi trường,B00,2025,17.07,,THPT
DSK,Trường Đại học Sư phạm Kỹ thuật - Đại học Đà Nẵng,7510406,Công nghệ kỹ thuật môi trường,B00,2025,17.07,,THPT
DSK,Trường Đại học Sư phạm Kỹ thuật - Đại học Đà Nẵng,7510406,Công nghệ kỹ thuật môi trường,D01,2025,17.07,,THPT
DSK,Trường Đại học Sư phạm Kỹ thuật - Đại học Đà Nẵng,7510406,Công nghệ kỹ thuật môi trường,D01,2025,17.07,,THPT
DSK,Đại học Sư phạm Kỹ thuật - Đại học Đà Nẵng,7510406,Công nghệ kỹ thuật Môi trường,D01,2025,17.07,,THPT
DSK,Trường Đại học Sư phạm Kỹ thuật - Đại học Đà Nẵng,7510406,Công nghệ kỹ thuật môi trường,D07,2025,17.07,,THPT
DSK,Trường Đại học Sư phạm Kỹ thuật - Đại học Đà Nẵng,7510406,Công nghệ kỹ thuật môi trường,D07,2025,17.07,,THPT
DSK,Đại học Sư phạm Kỹ thuật - Đại học Đà Nẵng,7540102,Kỹ thuật thực phẩm,A00,2025,18.53,,THPT
DSK,Trường Đại học Sư phạm Kỹ thuật - Đại học Đà Nẵng,7540102,Kỹ thuật thực phẩm,A00,2025,18.53,,THPT
DSK,Trường Đại học Sư phạm Kỹ thuật - Đại học Đà Nẵng,7540102,Kỹ thuật thực phẩm,A01,2025,18.53,,THPT
DSK,Đại học Sư phạm Kỹ thuật - Đại học Đà Nẵng,7540102,Kỹ thuật thực phẩm,A01,2025,18.53,,THPT
DSK,Trường Đại học Sư phạm Kỹ thuật - Đại học Đà Nẵng,7540102,Kỹ thuật thực phẩm,B00,2025,18.53,,THPT
DSK,Đại học Sư phạm Kỹ thuật - Đại học Đà Nẵng,7540102,Kỹ thuật thực phẩm,B00,2025,18.53,,THPT
DSK,Trường Đại học Sư phạm Kỹ thuật - Đại học Đà Nẵng,7540102,Kỹ thuật thực phẩm,D01,2025,18.53,,THPT
DSK,Đại học Sư phạm Kỹ thuật - Đại học Đà Nẵng,7540102,Kỹ thuật thực phẩm,D01,2025,18.53,,THPT
DSK,Trường Đại học Sư phạm Kỹ thuật - Đại học Đà Nẵng,7540102,Kỹ thuật thực phẩm,D07,2025,18.53,,THPT
DSK,Đại học Sư phạm Kỹ thuật - Đại học Đà Nẵng,7540102,Kỹ thuật thực phẩm,D07,2025,18.53,,THPT
DSK,Đại học Sư phạm Kỹ thuật - Đại học Đà Nẵng,7540102A,"Kỹ thuật thực phẩm, chuyên ngành Kỹ thuật Sinh học thực phẩm",A00,2025,17.0,,THPT
DSK,Trường Đại học Sư phạm Kỹ thuật - Đại học Đà Nẵng,7540102A,Kỹ thuật thực phẩm (chuyên ngành Kỹ thuật sinh học thực phẩm),A00,2025,17.0,,THPT
DSK,Trường Đại học Sư phạm Kỹ thuật - Đại học Đà Nẵng,7540102A,Kỹ thuật thực phẩm (chuyên ngành Kỹ thuật sinh học thực phẩm),A01,2025,17.0,,THPT
DSK,Đại học Sư phạm Kỹ thuật - Đại học Đà Nẵng,7540102A,"Kỹ thuật thực phẩm, chuyên ngành Kỹ thuật Sinh học thực phẩm",A01,2025,17.0,,THPT
DSK,Trường Đại học Sư phạm Kỹ thuật - Đại học Đà Nẵng,7540102A,Kỹ thuật thực phẩm (chuyên ngành Kỹ thuật sinh học thực phẩm),B00,2025,17.0,,THPT
DSK,Đại học Sư phạm Kỹ thuật - Đại học Đà Nẵng,7540102A,"Kỹ thuật thực phẩm, chuyên ngành Kỹ thuật Sinh học thực phẩm",B00,2025,17.0,,THPT
DSK,Trường Đại học Sư phạm Kỹ thuật - Đại học Đà Nẵng,7540102A,Kỹ thuật thực phẩm (chuyên ngành Kỹ thuật sinh học thực phẩm),D01,2025,17.0,,THPT
DSK,Đại học Sư phạm Kỹ thuật - Đại học Đà Nẵng,7540102A,"Kỹ thuật thực phẩm, chuyên ngành Kỹ thuật Sinh học thực phẩm",D01,2025,17.0,,THPT
DSK,Trường Đại học Sư phạm Kỹ thuật - Đại học Đà Nẵng,7540102A,Kỹ thuật thực phẩm (chuyên ngành Kỹ thuật sinh học thực phẩm),D07,2025,17.0,,THPT
DSK,Đại học Sư phạm Kỹ thuật - Đại học Đà Nẵng,7540102A,"Kỹ thuật thực phẩm, chuyên ngành Kỹ thuật Sinh học thực phẩm",D07,2025,17.0,,THPT
DSK,Đại học Sư phạm Kỹ thuật - Đại học Đà Nẵng,7580210,Kỹ thuật cơ sở hạ tầng,A00,2025,18.6,,THPT
DSK,Trường Đại học Sư phạm Kỹ thuật - Đại học Đà Nẵng,7580210,Kỹ thuật cơ sở hạ tầng (chuyên ngành Xây dựng hạ tầng đô thị),A00,2025,18.6,,THPT
DSK,Trường Đại học Sư phạm Kỹ thuật - Đại học Đà Nẵng,7580210,Kỹ thuật cơ sở hạ tầng (chuyên ngành Xây dựng hạ tầng đô thị),A01,2025,18.6,,THPT
DSK,Đại học Sư phạm Kỹ thuật - Đại học Đà Nẵng,7580210,Kỹ thuật cơ sở hạ tầng,A01,2025,18.6,,THPT
DSK,Trường Đại học Sư phạm Kỹ thuật - Đại học Đà Nẵng,7580210,Kỹ thuật cơ sở hạ tầng (chuyên ngành Xây dựng hạ tầng đô thị),D01,2025,18.6,,THPT
DSK,Đại học Sư phạm Kỹ thuật - Đại học Đà Nẵng,7580210,Kỹ thuật cơ sở hạ tầng,D01,2025,18.6,,THPT
DTA,Đại học Phenikaa,BI01,Công nghệ sinh học,A00,2025,18.0,,THPT
DTA,Đại học Phenikaa,BI01,Công nghệ sinh học,B00,2025,18.0,,THPT
DTA,Đại học Phenikaa,BI01,Công nghệ sinh học,D07,2025,18.0,,THPT
DTA,Đại học Phenikaa,BMS,Khoa học y sinh,A00,2025,17.0,,THPT
DTA,Đại học Phenikaa,BMS,Khoa học y sinh,B00,2025,17.0,,THPT
DTA,Đại học Phenikaa,BMS,Khoa học y sinh,D07,2025,17.0,,THPT
DTA,Đại học Phenikaa,CHE1,Kỹ thuật hóa học,A00,2025,17.0,,THPT
DTA,Đại học Phenikaa,CHE1,Kỹ thuật hóa học,A01,2025,17.0,,THPT
DTA,Đại học Phenikaa,CHE1,Kỹ thuật hóa học,B00,2025,17.0,,THPT
DTA,Đại học Phenikaa,CHE1,Kỹ thuật hóa học,D07,2025,17.0,,THPT
DTA,Đại học Phenikaa,DEN1,Răng - Hàm - Mặt,A00,2025,22.5,,THPT
DTA,Đại học Phenikaa,DEN1,Răng - Hàm - Mặt,B00,2025,22.5,,THPT
DTA,Đại học Phenikaa,DEN1,Răng - Hàm - Mặt,D07,2025,22.5,,THPT
DTA,Đại học Phenikaa,EEE-AI,Kỹ thuật robot và trí tuệ nhân tạo (song ngữ Việt - Anh),A00,2025,22.0,,THPT
DTA,Đại học Phenikaa,EEE-AI,Kỹ thuật robot và trí tuệ nhân tạo (song ngữ Việt - Anh),A01,2025,22.0,,THPT
DTA,Đại học Phenikaa,EEE-AI,Kỹ thuật robot và trí tuệ nhân tạo (song ngữ Việt - Anh),D07,2025,22.0,,THPT
DTA,Đại học Phenikaa,EEE1,Kỹ thuật điều khiển và tự động hóa,A00,2025,22.0,,THPT
DTA,Đại học Phenikaa,EEE1,Kỹ thuật điều khiển và tự động hóa,A01,2025,22.0,,THPT
DTA,Đại học Phenikaa,EEE1,Kỹ thuật điều khiển và tự động hóa,D07,2025,22.0,,THPT
DTA,Đại học Phenikaa,EEE2,Kỹ thuật y sinh,A00,2025,20.0,,THPT
DTA,Đại học Phenikaa,EEE2,Kỹ thuật y sinh,A01,2025,20.0,,THPT
DTA,Đại học Phenikaa,EEE2,Kỹ thuật y sinh,D07,2025,20.0,,THPT
DTA,Đại học Phenikaa,EEE2,Kỹ thuật y sinh,D08,2025,20.0,,THPT
DTA,Đại học Phenikaa,EEE3,"Kỹ thuật điện tử - viễn thông (Thiết kế vi mạch, Hệ thông nhúng và IoT)",A00,2025,21.0,,THPT
DTA,Đại học Phenikaa,EEE3,"Kỹ thuật điện tử - viễn thông (Thiết kế vi mạch, Hệ thông nhúng và IoT)",A01,2025,21.0,,THPT
DTA,Đại học Phenikaa,EEE3,"Kỹ thuật điện tử - viễn thông (Thiết kế vi mạch, Hệ thông nhúng và IoT)",D07,2025,21.0,,THPT
DTA,Đại học Phenikaa,EEE3,"Kỹ thuật điện tử - viễn thông (Thiết kế vi mạch, Hệ thông nhúng và IoT)",D08,2025,21.0,,THPT
DTA,Đại học Phenikaa,EEE4,"Kỹ thuật điện tử - viễn thông, CN thiết kế vi mạch bán dẫn",A00,2025,21.0,,THPT
DTA,Đại học Phenikaa,EEE4,"Kỹ thuật điện tử - viễn thông, CN thiết kế vi mạch bán dẫn",A01,2025,21.0,,THPT
DTA,Đại học Phenikaa,EEE4,"Kỹ thuật điện tử - viễn thông, CN thiết kế vi mạch bán dẫn",D07,2025,21.0,,THPT
DTA,Đại học Phenikaa,EEE4,"Kỹ thuật điện tử - viễn thông, CN thiết kế vi mạch bán dẫn",D08,2025,21.0,,THPT
DTA,Đại học Phenikaa,FBE1,Quản trị kinh doanh,A00,2025,19.0,,THPT
DTA,Đại học Phenikaa,FBE1,Quản trị kinh doanh,A01,2025,19.0,,THPT
DTA,Đại học Phenikaa,FBE1,Quản trị kinh doanh,D01,2025,19.0,,THPT
DTA,Đại học Phenikaa,FBE1,Quản trị kinh doanh,D07,2025,19.0,,THPT
DTA,Đại học Phenikaa,FBE2,Kế toán,A00,2025,19.0,,THPT
DTA,Đại học Phenikaa,FBE2,Kế toán,A01,2025,19.0,,THPT
DTA,Đại học Phenikaa,FBE2,Kế toán,B00,2025,19.0,,THPT
DTA,Đại học Phenikaa,FBE2,Kế toán,D01,2025,19.0,,THPT
DTA,Đại học Phenikaa,FBE2,Kế toán,D07,2025,19.0,,THPT
DTA,Đại học Phenikaa,FBE3,Tài chính - ngân hàng,A00,2025,20.0,,THPT
DTA,Đại học Phenikaa,FBE3,Tài chính - ngân hàng,A01,2025,20.0,,THPT
DTA,Đại học Phenikaa,FBE3,Tài chính - ngân hàng,B00,2025,20.0,,THPT
DTA,Đại học Phenikaa,FBE3,Tài chính - ngân hàng,D01,2025,20.0,,THPT
DTA,Đại học Phenikaa,FBE3,Tài chính - ngân hàng,D07,2025,20.0,,THPT
DTA,Đại học Phenikaa,FBE4,Quản trị nhân lực,A00,2025,20.0,,THPT
DTA,Đại học Phenikaa,FBE4,Quản trị nhân lực,A01,2025,20.0,,THPT
DTA,Đại học Phenikaa,FBE4,Quản trị nhân lực,D01,2025,20.0,,THPT
DTA,Đại học Phenikaa,FBE4,Quản trị nhân lực,D07,2025,20.0,,THPT
DTA,Đại học Phenikaa,FBE5,Luật kinh tế,A00,2025,19.0,,THPT
DTA,Đại học Phenikaa,FBE5,Luật kinh tế,A01,2025,19.0,,THPT
DTA,Đại học Phenikaa,FBE5,Luật kinh tế,B00,2025,19.0,,THPT
DTA,Đại học Phenikaa,FBE5,Luật kinh tế,D01,2025,19.0,,THPT
DTA,Đại học Phenikaa,FBE5,Luật kinh tế,D07,2025,19.0,,THPT
DTA,Đại học Phenikaa,FBE6,Kinh doanh quốc tế,A01,2025,19.0,,THPT
DTA,Đại học Phenikaa,FBE6,Kinh doanh quốc tế,D01,2025,19.0,,THPT
DTA,Đại học Phenikaa,FBE6,Kinh doanh quốc tế,D09,2025,19.0,,THPT
DTA,Đại học Phenikaa,FBE6,Kinh doanh quốc tế,D10,2025,19.0,,THPT
DTA,Đại học Phenikaa,FBE7,Logistic và Quản lý chuỗi cung ứng (một số môn chuyên ngành học bằng tiếng Anh),A01,2025,19.0,,THPT
DTA,Đại học Phenikaa,FBE7,Logistic và Quản lý chuỗi cung ứng (một số môn chuyên ngành học bằng tiếng Anh),D01,2025,19.0,,THPT
DTA,Đại học Phenikaa,FBE7,Logistic và Quản lý chuỗi cung ứng (một số môn chuyên ngành học bằng tiếng Anh),D07,2025,19.0,,THPT
DTA,Đại học Phenikaa,FBE7,Logistic và Quản lý chuỗi cung ứng (một số môn chuyên ngành học bằng tiếng Anh),D09,2025,19.0,,THPT
DTA,Đại học Phenikaa,FBE7,Logistic và Quản lý chuỗi cung ứng (một số môn chuyên ngành học bằng tiếng Anh),D10,2025,19.0,,THPT
DTA,Đại học Phenikaa,FBE8,Marketing (Một số học phần chuyên ngành học bằng tiếng Anh),A01,2025,19.0,,THPT
DTA,Đại học Phenikaa,FBE8,Marketing (Một số học phần chuyên ngành học bằng tiếng Anh),D01,2025,19.0,,THPT
DTA,Đại học Phenikaa,FBE8,Marketing (Một số học phần chuyên ngành học bằng tiếng Anh),D07,2025,19.0,,THPT
DTA,Đại học Phenikaa,FBE8,Marketing (Một số học phần chuyên ngành học bằng tiếng Anh),D09,2025,19.0,,THPT
DTA,Đại học Phenikaa,FBE8,Marketing (Một số học phần chuyên ngành học bằng tiếng Anh),D10,2025,19.0,,THPT
DTA,Đại học Phenikaa,FIDT1,Kinh tế số,A00,2025,18.0,,THPT
DTA,Đại học Phenikaa,FIDT1,Kinh tế số,A01,2025,18.0,,THPT
DTA,Đại học Phenikaa,FIDT1,Kinh tế số,D01,2025,18.0,,THPT
DTA,Đại học Phenikaa,FIDT2,Kinh doanh số,A00,2025,18.0,,THPT
DTA,Đại học Phenikaa,FIDT2,Kinh doanh số,A01,2025,18.0,,THPT
DTA,Đại học Phenikaa,FIDT2,Kinh doanh số,D01,2025,18.0,,THPT
DTA,Đại học Phenikaa,FIDT3,Thương mại điện tử,A00,2025,18.0,,THPT
DTA,Đại học Phenikaa,FIDT3,Thương mại điện tử,A01,2025,18.0,,THPT
DTA,Đại học Phenikaa,FIDT3,Thương mại điện tử,D01,2025,18.0,,THPT
DTA,Đại học Phenikaa,FIDT3,Thương mại điện tử,D07,2025,18.0,,THPT
DTA,Đại học Phenikaa,FIDT4,Logistics số,A01,2025,18.0,,THPT
DTA,Đại học Phenikaa,FIDT4,Logistics số,D01,2025,18.0,,THPT
DTA,Đại học Phenikaa,FIDT4,Logistics số,D07,2025,18.0,,THPT
DTA,Đại học Phenikaa,FIDT5,Công nghệ Marketing,A01,2025,18.0,,THPT
DTA,Đại học Phenikaa,FIDT5,Công nghệ Marketing,D01,2025,18.0,,THPT
DTA,Đại học Phenikaa,FIDT5,Công nghệ Marketing,D07,2025,18.0,,THPT
DTA,Đại học Phenikaa,FIDT6,Truyền thông đa phương tiện),C00,2025,22.0,,THPT
DTA,Đại học Phenikaa,FIDT6,Truyền thông đa phương tiện),D01,2025,22.0,,THPT
DTA,Đại học Phenikaa,FIDT7,Công nghệ tài chính,A01,2025,18.0,,THPT
DTA,Đại học Phenikaa,FIDT7,Công nghệ tài chính,D01,2025,18.0,,THPT
DTA,Đại học Phenikaa,FIDT7,Công nghệ tài chính,D07,2025,18.0,,THPT
DTA,Đại học Phenikaa,FLC1,Ngôn ngữ Trung Quốc,A01,2025,22.0,,THPT
DTA,Đại học Phenikaa,FLC1,Ngôn ngữ Trung Quốc,D01,2025,22.0,,THPT
DTA,Đại học Phenikaa,FLC1,Ngôn ngữ Trung Quốc,D09,2025,22.0,,THPT
DTA,Đại học Phenikaa,FLE1,Ngôn ngữ Anh,A01,2025,19.0,,THPT
DTA,Đại học Phenikaa,FLE1,Ngôn ngữ Anh,D01,2025,19.0,,THPT
DTA,Đại học Phenikaa,FLE1,Ngôn ngữ Anh,D09,2025,19.0,,THPT
DTA,Đại học Phenikaa,FLE1,Ngôn ngữ Anh,D10,2025,19.0,,THPT
DTA,Đại học Phenikaa,FLF1,Ngôn ngữ Pháp,A01,2025,17.0,,THPT
DTA,Đại học Phenikaa,FLF1,Ngôn ngữ Pháp,D01,2025,17.0,,THPT
DTA,Đại học Phenikaa,FLF1,Ngôn ngữ Pháp,D09,2025,17.0,,THPT
DTA,Đại học Phenikaa,FLJ1,Ngôn ngữ Nhật,A01,2025,17.0,,THPT
DTA,Đại học Phenikaa,FLJ1,Ngôn ngữ Nhật,D01,2025,17.0,,THPT
DTA,Đại học Phenikaa,FLJ1,Ngôn ngữ Nhật,D09,2025,17.0,,THPT
DTA,Đại học Phenikaa,FLJ1,Ngôn ngữ Nhật,D10,2025,17.0,,THPT
DTA,Đại học Phenikaa,FLK1,Ngôn ngữ Hàn Quốc,A01,2025,19.0,,THPT
DTA,Đại học Phenikaa,FLK1,Ngôn ngữ Hàn Quốc,D01,2025,19.0,,THPT
DTA,Đại học Phenikaa,FLK1,Ngôn ngữ Hàn Quốc,D09,2025,19.0,,THPT
DTA,Đại học Phenikaa,FLK1,Ngôn ngữ Hàn Quốc,D10,2025,19.0,,THPT
DTA,Đại học Phenikaa,FOL1,Luật kinh tế,C00,2025,18.0,,THPT
DTA,Đại học Phenikaa,FOL1,Luật kinh tế,D01,2025,18.0,,THPT
DTA,Đại học Phenikaa,FOL2,Luật kinh doanh,C00,2025,18.0,,THPT
DTA,Đại học Phenikaa,FOL2,Luật kinh doanh,D01,2025,18.0,,THPT
DTA,Đại học Phenikaa,FOL3,Luật,C00,2025,18.0,,THPT
DTA,Đại học Phenikaa,FOL3,Luật,D01,2025,18.0,,THPT
DTA,Đại học Phenikaa,FOL4,Luật quốc tế,D01,2025,18.0,,THPT
DTA,Đại học Phenikaa,FOL5,Luật thương mại quốc tế,D01,2025,18.0,,THPT
DTA,Đại học Phenikaa,FOS1,Đông phương học,C00,2025,17.0,,THPT
DTA,Đại học Phenikaa,FOS1,Đông phương học,D01,2025,17.0,,THPT
DTA,Đại học Phenikaa,FTME,Y học cổ truyền,A00,2025,21.0,,THPT
DTA,Đại học Phenikaa,FTME,Y học cổ truyền,B00,2025,21.0,,THPT
DTA,Đại học Phenikaa,FTME,Y học cổ truyền,D07,2025,21.0,,THPT
DTA,Đại học Phenikaa,FTS1,Du lịch,A00,2025,19.0,,THPT
DTA,Đại học Phenikaa,FTS1,Du lịch,D01,2025,19.0,,THPT
DTA,Đại học Phenikaa,FTS1,Du lịch,D09,2025,19.0,,THPT
DTA,Đại học Phenikaa,FTS1,Du lịch,D10,2025,19.0,,THPT
DTA,Đại học Phenikaa,FTS2,Quản trị khách sạn,A00,2025,19.0,,THPT
DTA,Đại học Phenikaa,FTS2,Quản trị khách sạn,D01,2025,19.0,,THPT
DTA,Đại học Phenikaa,FTS2,Quản trị khách sạn,D09,2025,19.0,,THPT
DTA,Đại học Phenikaa,FTS2,Quản trị khách sạn,D10,2025,19.0,,THPT
DTA,Đại học Phenikaa,FTS3,Du lịch,A00,2025,19.0,,THPT
DTA,Đại học Phenikaa,FTS3,Du lịch,D01,2025,19.0,,THPT
DTA,Đại học Phenikaa,FTS3,Du lịch,D09,2025,19.0,,THPT
DTA,Đại học Phenikaa,FTS3,Du lịch,D10,2025,19.0,,THPT
DTA,Đại học Phenikaa,FTS4,Du lịch,C00,2025,19.0,,THPT
DTA,Đại học Phenikaa,FTS4,Du lịch,D01,2025,19.0,,THPT
DTA,Đại học Phenikaa,HM1,Quản lý bệnh viện,A00,2025,17.0,,THPT
DTA,Đại học Phenikaa,HM1,Quản lý bệnh viện,A01,2025,17.0,,THPT
DTA,Đại học Phenikaa,HM1,Quản lý bệnh viện,B00,2025,17.0,,THPT
DTA,Đại học Phenikaa,HM1,Quản lý bệnh viện,D01,2025,17.0,,THPT
DTA,Đại học Phenikaa,ICT-TN,Khoa học máy tính,A00,2025,23.0,,THPT
DTA,Đại học Phenikaa,ICT-TN,Khoa học máy tính,A01,2025,23.0,,THPT
DTA,Đại học Phenikaa,ICT-TN,Khoa học máy tính,D07,2025,23.0,,THPT
DTA,Đại học Phenikaa,ICT-VJ,Công nghệ thông tin (Chương trình đào tạo CNTT Việt - Nhật),A00,2025,19.0,,THPT
DTA,Đại học Phenikaa,ICT-VJ,Công nghệ thông tin (Chương trình đào tạo CNTT Việt - Nhật),A01,2025,19.0,,THPT
DTA,Đại học Phenikaa,ICT-VJ,Công nghệ thông tin (Chương trình đào tạo CNTT Việt - Nhật),D01,2025,19.0,,THPT
DTA,Đại học Phenikaa,ICT1,Công nghệ thông tin,A00,2025,21.0,,THPT
DTA,Đại học Phenikaa,ICT1,Công nghệ thông tin,A01,2025,21.0,,THPT
DTA,Đại học Phenikaa,ICT1,Công nghệ thông tin,D01,2025,21.0,,THPT
DTA,Đại học Phenikaa,ICT1,Công nghệ thông tin,D07,2025,21.0,,THPT
DTA,Đại học Phenikaa,ICT2,Kỹ thuật phần mềm (Một số môn chuyên ngành học bằng tiếng Anh),A00,2025,19.0,,THPT
DTA,Đại học Phenikaa,ICT2,Kỹ thuật phần mềm (Một số môn chuyên ngành học bằng tiếng Anh),A01,2025,19.0,,THPT
DTA,Đại học Phenikaa,ICT2,Kỹ thuật phần mềm (Một số môn chuyên ngành học bằng tiếng Anh),D01,2025,19.0,,THPT
DTA,Đại học Phenikaa,ICT2,Kỹ thuật phần mềm (Một số môn chuyên ngành học bằng tiếng Anh),D07,2025,19.0,,THPT
DTA,Đại học Phenikaa,ICT3,Khoa học máy tính,A00,2025,21.0,,THPT
DTA,Đại học Phenikaa,ICT3,Khoa học máy tính,A01,2025,21.0,,THPT
DTA,Đại học Phenikaa,ICT3,Khoa học máy tính,D07,2025,21.0,,THPT
DTA,Đại học Phenikaa,ICT4,An toàn thông tin,A00,2025,19.0,,THPT
DTA,Đại học Phenikaa,ICT4,An toàn thông tin,A01,2025,19.0,,THPT
DTA,Đại học Phenikaa,ICT4,An toàn thông tin,D01,2025,19.0,,THPT
DTA,Đại học Phenikaa,ICT4,An toàn thông tin,D07,2025,19.0,,THPT
DTA,Đại học Phenikaa,ICT5,Trí tuệ nhân tạo,A00,2025,21.0,,THPT
DTA,Đại học Phenikaa,ICT5,Trí tuệ nhân tạo,A01,2025,21.0,,THPT
DTA,Đại học Phenikaa,ICT5,Trí tuệ nhân tạo,D01,2025,21.0,,THPT
DTA,Đại học Phenikaa,ICT5,Trí tuệ nhân tạo,D07,2025,21.0,,THPT
DTA,Đại học Phenikaa,MED1,Y khoa,A00,2025,22.5,,THPT
DTA,Đại học Phenikaa,MED1,Y khoa,B00,2025,22.5,,THPT
DTA,Đại học Phenikaa,MED1,Y khoa,D07,2025,22.5,,THPT
DTA,Đại học Phenikaa,MEM1,Kỹ thuật cơ điện tử,A00,2025,20.0,,THPT
DTA,Đại học Phenikaa,MEM1,Kỹ thuật cơ điện tử,A01,2025,20.0,,THPT
DTA,Đại học Phenikaa,MEM1-IMS,Hệ thống cơ điện tử thông minh (Các học phần chuyên ngành học bằng tiếng Anh),A00,2025,25.5,,THPT
DTA,Đại học Phenikaa,MEM1-IMS,Hệ thống cơ điện tử thông minh (Các học phần chuyên ngành học bằng tiếng Anh),A01,2025,25.5,,THPT
DTA,Đại học Phenikaa,MEM2,Kỹ thuật cơ khí,A00,2025,19.0,,THPT
DTA,Đại học Phenikaa,MEM2,Kỹ thuật cơ khí,A01,2025,19.0,,THPT
DTA,Đại học Phenikaa,MIW,Hộ sinh,A00,2025,17.0,,THPT
DTA,Đại học Phenikaa,MIW,Hộ sinh,B00,2025,17.0,,THPT
DTA,Đại học Phenikaa,MIW,Hộ sinh,D07,2025,17.0,,THPT
DTA,Đại học Phenikaa,MSE-AI,Công nghệ vật liệu,A00,2025,20.0,,THPT
DTA,Đại học Phenikaa,MSE-AI,Công nghệ vật liệu,A01,2025,20.0,,THPT
DTA,Đại học Phenikaa,MSE-AI,Công nghệ vật liệu,B00,2025,20.0,,THPT
DTA,Đại học Phenikaa,MSE-AI,Công nghệ vật liệu,D07,2025,20.0,,THPT
DTA,Đại học Phenikaa,MSE-IC,Chip bán dẫn và công nghệ đóng gói,A00,2025,21.0,,THPT
DTA,Đại học Phenikaa,MSE-IC,Chip bán dẫn và công nghệ đóng gói,A01,2025,21.0,,THPT
DTA,Đại học Phenikaa,MSE-IC,Chip bán dẫn và công nghệ đóng gói,B00,2025,21.0,,THPT
DTA,Đại học Phenikaa,MSE-IC,Chip bán dẫn và công nghệ đóng gói,D07,2025,21.0,,THPT
DTA,Đại học Phenikaa,MSE1,Công nghệ vật liệu,A00,2025,20.0,,THPT
DTA,Đại học Phenikaa,MSE1,Công nghệ vật liệu,A01,2025,20.0,,THPT
DTA,Đại học Phenikaa,MSE1,Công nghệ vật liệu,B00,2025,20.0,,THPT
DTA,Đại học Phenikaa,MSE1,Công nghệ vật liệu,D07,2025,20.0,,THPT
DTA,Đại học Phenikaa,MTT1,Kỹ thuật xét nghiệm y học,A00,2025,19.0,,THPT
DTA,Đại học Phenikaa,MTT1,Kỹ thuật xét nghiệm y học,B00,2025,19.0,,THPT
DTA,Đại học Phenikaa,MTT1,Kỹ thuật xét nghiệm y học,D07,2025,19.0,,THPT
DTA,Đại học Phenikaa,NUR1,Điều dưỡng,A00,2025,17.0,,THPT
DTA,Đại học Phenikaa,NUR1,Điều dưỡng,B00,2025,17.0,,THPT
DTA,Đại học Phenikaa,NUR1,Điều dưỡng,D07,2025,17.0,,THPT
DTA,Đại học Phenikaa,PHA1,Dược học,A00,2025,21.0,,THPT
DTA,Đại học Phenikaa,PHA1,Dược học,B00,2025,21.0,,THPT
DTA,Đại học Phenikaa,PHA1,Dược học,D07,2025,21.0,,THPT
DTA,Đại học Phenikaa,RET1,Kỹ thuật phục hổi chức năng,A00,2025,19.0,,THPT
DTA,Đại học Phenikaa,RET1,Kỹ thuật phục hổi chức năng,B00,2025,19.0,,THPT
DTA,Đại học Phenikaa,RET1,Kỹ thuật phục hổi chức năng,D07,2025,19.0,,THPT
DTA,Đại học Phenikaa,RTS1,Kỹ thuật hình ảnh y học,A00,2025,19.0,,THPT
DTA,Đại học Phenikaa,RTS1,Kỹ thuật hình ảnh y học,B00,2025,19.0,,THPT
DTA,Đại học Phenikaa,RTS1,Kỹ thuật hình ảnh y học,D07,2025,19.0,,THPT
DTA,Đại học Phenikaa,VEE1,Kỹ thuật ô tô,A00,2025,20.0,,THPT
DTA,Đại học Phenikaa,VEE1,Kỹ thuật ô tô,A01,2025,20.0,,THPT
DTA,Đại học Phenikaa,VEE1,Kỹ thuật ô tô,D07,2025,20.0,,THPT
DTA,Đại học Phenikaa,VEE2,Kỹ thuật ô tô,A00,2025,19.0,,THPT
DTA,Đại học Phenikaa,VEE2,Kỹ thuật ô tô,A01,2025,19.0,,THPT
DTA,Đại học Phenikaa,VEE2,Kỹ thuật ô tô,D07,2025,19.0,,THPT
DTA,Đại học Phenikaa,VEE3,Kỹ thuật phần mềm ô tô,A00,2025,19.0,,THPT
DTA,Đại học Phenikaa,VEE3,Kỹ thuật phần mềm ô tô,A01,2025,19.0,,THPT
DTA,Đại học Phenikaa,VEE3,Kỹ thuật phần mềm ô tô,D07,2025,19.0,,THPT
DTB,Đại học Thái Bình,7310101,Kinh tế,A00,2025,16.0,,THPT
DTB,Trường Đại Học Thái Bình,7310101,Kinh tế,A00,2025,16.0,,THPT
DTB,Trường Đại Học Thái Bình,7310101,Kinh tế,A00,2025,16.0,,THPT
DTB,Trường Đại Học Thái Bình,7310101,Kinh tế,B00,2025,16.0,,THPT
DTB,Trường Đại Học Thái Bình,7310101,Kinh tế,B00,2025,16.0,,THPT
DTB,Đại học Thái Bình,7310101,Kinh tế,B00,2025,16.0,,THPT
DTB,Trường Đại Học Thái Bình,7310101,Kinh tế,D01,2025,16.0,,THPT
DTB,Trường Đại Học Thái Bình,7310101,Kinh tế,D01,2025,16.0,,THPT
DTB,Đại học Thái Bình,7310101,Kinh tế,D01,2025,16.0,,THPT
DTB,Đại học Thái Bình,7310201,Chính trị học,A00,2025,16.0,,THPT
DTB,Trường Đại Học Thái Bình,7310201,Chính trị học,A00,2025,16.0,,THPT
DTB,Trường Đại Học Thái Bình,7310201,Chính trị học,A00,2025,16.0,,THPT
DTB,Trường Đại Học Thái Bình,7310201,Chính trị học,C00,2025,16.0,,THPT
DTB,Trường Đại Học Thái Bình,7310201,Chính trị học,C00,2025,16.0,,THPT
DTB,Đại học Thái Bình,7310201,Chính trị học,C00,2025,16.0,,THPT
DTB,Trường Đại Học Thái Bình,7310201,Chính trị học,D01,2025,16.0,,THPT
DTB,Trường Đại Học Thái Bình,7310201,Chính trị học,D01,2025,16.0,,THPT
DTB,Đại học Thái Bình,7310201,Chính trị học,D01,2025,16.0,,THPT
DTB,Đại học Thái Bình,7310206,Quan hệ quốc tế,A00,2025,16.0,,THPT
DTB,Trường Đại Học Thái Bình,7310206,Quan hệ quốc tế,A00,2025,16.0,,THPT
DTB,Trường Đại Học Thái Bình,7310206,Quan hệ quốc tế,A00,2025,16.0,,THPT
DTB,Trường Đại Học Thái Bình,7310206,Quan hệ quốc tế,C00,2025,16.0,,THPT
DTB,Trường Đại Học Thái Bình,7310206,Quan hệ quốc tế,C00,2025,16.0,,THPT
DTB,Đại học Thái Bình,7310206,Quan hệ quốc tế,C00,2025,16.0,,THPT
DTB,Trường Đại Học Thái Bình,7310206,Quan hệ quốc tế,D01,2025,16.0,,THPT
DTB,Trường Đại Học Thái Bình,7310206,Quan hệ quốc tế,D01,2025,16.0,,THPT
DTB,Đại học Thái Bình,7310206,Quan hệ quốc tế,D01,2025,16.0,,THPT
DTB,Đại học Thái Bình,7340101,Quản trị Kinh doanh,A00,2025,16.0,,THPT
DTB,Trường Đại Học Thái Bình,7340101,Quản trị kinh doanh,A00,2025,16.0,,THPT
DTB,Trường Đại Học Thái Bình,7340101,Quản trị kinh doanh,A00,2025,16.0,,THPT
DTB,Trường Đại Học Thái Bình,7340101,Quản trị kinh doanh,B00,2025,16.0,,THPT
DTB,Trường Đại Học Thái Bình,7340101,Quản trị kinh doanh,B00,2025,16.0,,THPT
DTB,Đại học Thái Bình,7340101,Quản trị Kinh doanh,B00,2025,16.0,,THPT
DTB,Trường Đại Học Thái Bình,7340101,Quản trị kinh doanh,D01,2025,16.0,,THPT
DTB,Trường Đại Học Thái Bình,7340101,Quản trị kinh doanh,D01,2025,16.0,,THPT
DTB,Đại học Thái Bình,7340101,Quản trị Kinh doanh,D01,2025,16.0,,THPT
DTB,Đại học Thái Bình,7340201,Tài chính – Ngân hàng,A00,2025,16.0,,THPT
DTB,Trường Đại Học Thái Bình,7340201,Tài chính - Ngân hàng,A00,2025,16.0,,THPT
DTB,Trường Đại Học Thái Bình,7340201,Tài chính - Ngân hàng,A00,2025,16.0,,THPT
DTB,Trường Đại Học Thái Bình,7340201,Tài chính - Ngân hàng,B00,2025,16.0,,THPT
DTB,Trường Đại Học Thái Bình,7340201,Tài chính - Ngân hàng,B00,2025,16.0,,THPT
DTB,Đại học Thái Bình,7340201,Tài chính – Ngân hàng,B00,2025,16.0,,THPT
DTB,Trường Đại Học Thái Bình,7340201,Tài chính - Ngân hàng,D01,2025,16.0,,THPT
DTB,Trường Đại Học Thái Bình,7340201,Tài chính - Ngân hàng,D01,2025,16.0,,THPT
DTB,Đại học Thái Bình,7340201,Tài chính – Ngân hàng,D01,2025,16.0,,THPT
DTB,Đại học Thái Bình,7340301,Kế toán,A00,2025,16.0,,THPT
DTB,Trường Đại Học Thái Bình,7340301,Kế toán,A00,2025,16.0,,THPT
DTB,Trường Đại Học Thái Bình,7340301,Kế toán,A00,2025,16.0,,THPT
DTB,Trường Đại Học Thái Bình,7340301,Kế toán,B00,2025,16.0,,THPT
DTB,Trường Đại Học Thái Bình,7340301,Kế toán,B00,2025,16.0,,THPT
DTB,Đại học Thái Bình,7340301,Kế toán,B00,2025,16.0,,THPT
DTB,Trường Đại Học Thái Bình,7340301,Kế toán,D01,2025,16.0,,THPT
DTB,Trường Đại Học Thái Bình,7340301,Kế toán,D01,2025,16.0,,THPT
DTB,Đại học Thái Bình,7340301,Kế toán,D01,2025,16.0,,THPT
DTB,Đại học Thái Bình,7380101,Ngành Luật,A00,2025,16.0,,THPT
DTB,Trường Đại Học Thái Bình,7380101,Luật,A00,2025,16.0,,THPT
DTB,Trường Đại Học Thái Bình,7380101,Luật,A00,2025,16.0,,THPT
DTB,Trường Đại Học Thái Bình,7380101,Luật,C00,2025,16.0,,THPT
DTB,Trường Đại Học Thái Bình,7380101,Luật,C00,2025,16.0,,THPT
DTB,Đại học Thái Bình,7380101,Ngành Luật,C00,2025,16.0,,THPT
DTB,Trường Đại Học Thái Bình,7380101,Luật,D01,2025,16.0,,THPT
DTB,Trường Đại Học Thái Bình,7380101,Luật,D01,2025,16.0,,THPT
DTB,Đại học Thái Bình,7380101,Ngành Luật,D01,2025,16.0,,THPT
DTB,Đại học Thái Bình,7480201,Công nghệ thông tin,A00,2025,16.0,,THPT
DTB,Trường Đại Học Thái Bình,7480201,Công nghệ thông tin,A00,2025,16.0,,THPT
DTB,Trường Đại Học Thái Bình,7480201,Công nghệ thông tin,A00,2025,16.0,,THPT
DTB,Trường Đại Học Thái Bình,7480201,Công nghệ thông tin,A01,2025,16.0,,THPT
DTB,Trường Đại Học Thái Bình,7480201,Công nghệ thông tin,A01,2025,16.0,,THPT
DTB,Đại học Thái Bình,7480201,Công nghệ thông tin,A01,2025,16.0,,THPT
DTB,Trường Đại Học Thái Bình,7480201,Công nghệ thông tin,B00,2025,16.0,,THPT
DTB,Trường Đại Học Thái Bình,7480201,Công nghệ thông tin,B00,2025,16.0,,THPT
DTB,Đại học Thái Bình,7480201,Công nghệ thông tin,B00,2025,16.0,,THPT
DTB,Trường Đại Học Thái Bình,7480201,Công nghệ thông tin,D01,2025,16.0,,THPT
DTB,Trường Đại Học Thái Bình,7480201,Công nghệ thông tin,D01,2025,16.0,,THPT
DTB,Đại học Thái Bình,7480201,Công nghệ thông tin,D01,2025,16.0,,THPT
DTB,Đại học Thái Bình,7510201,Công nghệ kỹ thuật cơ khí (chuyên ngành Cơ khí chế tạo),A00,2025,16.0,,THPT
DTB,Trường Đại Học Thái Bình,7510201,Công nghệ kỹ thuật cơ khí,A00,2025,16.0,,THPT
DTB,Trường Đại Học Thái Bình,7510201,Công nghệ kỹ thuật cơ khí,A00,2025,16.0,,THPT
DTB,Trường Đại Học Thái Bình,7510201,Công nghệ kỹ thuật cơ khí,A01,2025,16.0,,THPT
DTB,Trường Đại Học Thái Bình,7510201,Công nghệ kỹ thuật cơ khí,A01,2025,16.0,,THPT
DTB,Đại học Thái Bình,7510201,Công nghệ kỹ thuật cơ khí (chuyên ngành Cơ khí chế tạo),A01,2025,16.0,,THPT
DTB,Trường Đại Học Thái Bình,7510201,Công nghệ kỹ thuật cơ khí,B00,2025,16.0,,THPT
DTB,Trường Đại Học Thái Bình,7510201,Công nghệ kỹ thuật cơ khí,B00,2025,16.0,,THPT
DTB,Đại học Thái Bình,7510201,Công nghệ kỹ thuật cơ khí (chuyên ngành Cơ khí chế tạo),B00,2025,16.0,,THPT
DTB,Trường Đại Học Thái Bình,7510201,Công nghệ kỹ thuật cơ khí,D01,2025,16.0,,THPT
DTB,Trường Đại Học Thái Bình,7510201,Công nghệ kỹ thuật cơ khí,D01,2025,16.0,,THPT
DTB,Đại học Thái Bình,7510201,Công nghệ kỹ thuật cơ khí (chuyên ngành Cơ khí chế tạo),D01,2025,16.0,,THPT
DTB,Đại học Thái Bình,7510301,"Công nghệ kỹ thuật điện, điện tử",A00,2025,16.0,,THPT
DTB,Trường Đại Học Thái Bình,7510301,"Công nghệ kỹ thuật điện, điện tử",A00,2025,16.0,,THPT
DTB,Trường Đại Học Thái Bình,7510301,"Công nghệ kỹ thuật điện, điện tử",A00,2025,16.0,,THPT
DTB,Trường Đại Học Thái Bình,7510301,"Công nghệ kỹ thuật điện, điện tử",A01,2025,16.0,,THPT
DTB,Trường Đại Học Thái Bình,7510301,"Công nghệ kỹ thuật điện, điện tử",A01,2025,16.0,,THPT
DTB,Đại học Thái Bình,7510301,"Công nghệ kỹ thuật điện, điện tử",A01,2025,16.0,,THPT
DTB,Trường Đại Học Thái Bình,7510301,"Công nghệ kỹ thuật điện, điện tử",B00,2025,16.0,,THPT
DTB,Trường Đại Học Thái Bình,7510301,"Công nghệ kỹ thuật điện, điện tử",B00,2025,16.0,,THPT
DTB,Đại học Thái Bình,7510301,"Công nghệ kỹ thuật điện, điện tử",B00,2025,16.0,,THPT
DTB,Trường Đại Học Thái Bình,7510301,"Công nghệ kỹ thuật điện, điện tử",D01,2025,16.0,,THPT
DTB,Trường Đại Học Thái Bình,7510301,"Công nghệ kỹ thuật điện, điện tử",D01,2025,16.0,,THPT
DTB,Đại học Thái Bình,7510301,"Công nghệ kỹ thuật điện, điện tử",D01,2025,16.0,,THPT
DTC,Trường Đại học Công Nghệ Thông Tin và Truyền Thông Thái Nguyên,7210403,Thiết kế đồ họa,A00,2025,18.0,,THPT
DTC,Trường Đại học Công Nghệ Thông Tin và Truyền Thông Thái Nguyên,7210403,Thiết kế đồ họa,A01,2025,18.0,,THPT
DTC,Trường Đại học Công Nghệ Thông Tin và Truyền Thông Thái Nguyên,7210403,Thiết kế đồ họa,B00,2025,18.0,,THPT
DTC,Trường Đại học Công Nghệ Thông Tin và Truyền Thông Thái Nguyên,7210403,Thiết kế đồ họa,D01,2025,18.0,,THPT
DTC,Trường Đại học Công Nghệ Thông Tin và Truyền Thông Thái Nguyên,7210403,Thiết kế đồ họa,D07,2025,18.0,,THPT
DTC,Trường Đại học Công Nghệ Thông Tin và Truyền Thông Thái Nguyên,7210403,Thiết kế đồ họa,D09,2025,18.0,,THPT
DTC,Trường Đại học Công Nghệ Thông Tin và Truyền Thông Thái Nguyên,7220201,Tiếng Anh truyền thông,A01,2025,22.0,,THPT
DTC,Trường Đại học Công Nghệ Thông Tin và Truyền Thông Thái Nguyên,7310109,Quản trị kinh doanh số,A00,2025,18.5,,THPT
DTC,Trường Đại học Công Nghệ Thông Tin và Truyền Thông Thái Nguyên,7310109,Công nghệ tài chính,A00,2025,20.0,,THPT
DTC,Trường Đại học Công Nghệ Thông Tin và Truyền Thông Thái Nguyên,7310109,Quản trị kinh doanh số,A01,2025,18.5,,THPT
DTC,Trường Đại học Công Nghệ Thông Tin và Truyền Thông Thái Nguyên,7310109,Công nghệ tài chính,A01,2025,20.0,,THPT
DTC,Trường Đại học Công Nghệ Thông Tin và Truyền Thông Thái Nguyên,7310109,Quản trị kinh doanh số,B00,2025,18.5,,THPT
DTC,Trường Đại học Công Nghệ Thông Tin và Truyền Thông Thái Nguyên,7310109,Công nghệ tài chính,B00,2025,20.0,,THPT
DTC,Trường Đại học Công Nghệ Thông Tin và Truyền Thông Thái Nguyên,7310109,Quản trị kinh doanh số,D01,2025,18.5,,THPT
DTC,Trường Đại học Công Nghệ Thông Tin và Truyền Thông Thái Nguyên,7310109,Công nghệ tài chính,D01,2025,20.0,,THPT
DTC,Trường Đại học Công Nghệ Thông Tin và Truyền Thông Thái Nguyên,7310109,Quản trị kinh doanh số,D07,2025,18.5,,THPT
DTC,Trường Đại học Công Nghệ Thông Tin và Truyền Thông Thái Nguyên,7310109,Công nghệ tài chính,D07,2025,20.0,,THPT
DTC,Trường Đại học Công Nghệ Thông Tin và Truyền Thông Thái Nguyên,7310109,Quản trị kinh doanh số,D09,2025,18.5,,THPT
DTC,Trường Đại học Công Nghệ Thông Tin và Truyền Thông Thái Nguyên,7310109,Công nghệ tài chính,D09,2025,20.0,,THPT
DTC,Trường Đại học Công Nghệ Thông Tin và Truyền Thông Thái Nguyên,7320104,Truyền thông đa phương tiện,A00,2025,18.0,,THPT
DTC,Trường Đại học Công Nghệ Thông Tin và Truyền Thông Thái Nguyên,7320104,Nghệ thuật số,A00,2025,23.0,,THPT
DTC,Trường Đại học Công Nghệ Thông Tin và Truyền Thông Thái Nguyên,7320104,Truyền thông đa phương tiện,A01,2025,18.0,,THPT
DTC,Trường Đại học Công Nghệ Thông Tin và Truyền Thông Thái Nguyên,7320104,Nghệ thuật số,A01,2025,23.0,,THPT
DTC,Trường Đại học Công Nghệ Thông Tin và Truyền Thông Thái Nguyên,7320104,Truyền thông đa phương tiện,B00,2025,18.0,,THPT
DTC,Trường Đại học Công Nghệ Thông Tin và Truyền Thông Thái Nguyên,7320104,Nghệ thuật số,B00,2025,23.0,,THPT
DTC,Trường Đại học Công Nghệ Thông Tin và Truyền Thông Thái Nguyên,7320104,Truyền thông đa phương tiện,D01,2025,18.0,,THPT
DTC,Trường Đại học Công Nghệ Thông Tin và Truyền Thông Thái Nguyên,7320104,Nghệ thuật số,D01,2025,23.0,,THPT
DTC,Trường Đại học Công Nghệ Thông Tin và Truyền Thông Thái Nguyên,7320104,Truyền thông đa phương tiện,D07,2025,18.0,,THPT
DTC,Trường Đại học Công Nghệ Thông Tin và Truyền Thông Thái Nguyên,7320104,Nghệ thuật số,D07,2025,23.0,,THPT
DTC,Trường Đại học Công Nghệ Thông Tin và Truyền Thông Thái Nguyên,7320104,Truyền thông đa phương tiện,D09,2025,18.0,,THPT
DTC,Trường Đại học Công Nghệ Thông Tin và Truyền Thông Thái Nguyên,7320104,Nghệ thuật số,D09,2025,23.0,,THPT
DTC,Trường Đại học Công Nghệ Thông Tin và Truyền Thông Thái Nguyên,7320106,Công nghệ truyền thông,A00,2025,19.0,,THPT
DTC,Trường Đại học Công Nghệ Thông Tin và Truyền Thông Thái Nguyên,7320106,Công nghệ truyền thông,A01,2025,19.0,,THPT
DTC,Trường Đại học Công Nghệ Thông Tin và Truyền Thông Thái Nguyên,7320106,Công nghệ truyền thông,B00,2025,19.0,,THPT
DTC,Trường Đại học Công Nghệ Thông Tin và Truyền Thông Thái Nguyên,7320106,Công nghệ truyền thông,D01,2025,19.0,,THPT
DTC,Trường Đại học Công Nghệ Thông Tin và Truyền Thông Thái Nguyên,7320106,Công nghệ truyền thông,D07,2025,19.0,,THPT
DTC,Trường Đại học Công Nghệ Thông Tin và Truyền Thông Thái Nguyên,7320106,Công nghệ truyền thông,D09,2025,19.0,,THPT
DTC,Trường Đại học Công Nghệ Thông Tin và Truyền Thông Thái Nguyên,7340122,Thương mại điện tử,A00,2025,18.0,,THPT
DTC,Trường Đại học Công Nghệ Thông Tin và Truyền Thông Thái Nguyên,7340122,Marketing số,A00,2025,19.25,,THPT
DTC,Trường Đại học Công Nghệ Thông Tin và Truyền Thông Thái Nguyên,7340122,Thương mại điện tử,A01,2025,18.0,,THPT
DTC,Trường Đại học Công Nghệ Thông Tin và Truyền Thông Thái Nguyên,7340122,Marketing số,A01,2025,19.25,,THPT
DTC,Trường Đại học Công Nghệ Thông Tin và Truyền Thông Thái Nguyên,7340122,Thương mại điện tử,B00,2025,18.0,,THPT
DTC,Trường Đại học Công Nghệ Thông Tin và Truyền Thông Thái Nguyên,7340122,Marketing số,B00,2025,19.25,,THPT
DTC,Trường Đại học Công Nghệ Thông Tin và Truyền Thông Thái Nguyên,7340122,Thương mại điện tử,D01,2025,18.0,,THPT
DTC,Trường Đại học Công Nghệ Thông Tin và Truyền Thông Thái Nguyên,7340122,Marketing số,D01,2025,19.25,,THPT
DTC,Trường Đại học Công Nghệ Thông Tin và Truyền Thông Thái Nguyên,7340122,Thương mại điện tử,D07,2025,18.0,,THPT
DTC,Trường Đại học Công Nghệ Thông Tin và Truyền Thông Thái Nguyên,7340122,Marketing số,D07,2025,19.25,,THPT
DTC,Trường Đại học Công Nghệ Thông Tin và Truyền Thông Thái Nguyên,7340122,Thương mại điện tử,D09,2025,18.0,,THPT
DTC,Trường Đại học Công Nghệ Thông Tin và Truyền Thông Thái Nguyên,7340122,Marketing số,D09,2025,19.25,,THPT
DTC,Trường Đại học Công Nghệ Thông Tin và Truyền Thông Thái Nguyên,7340405,Quản lý logistics và chuỗi cung ứng,A00,2025,20.5,,THPT
DTC,Trường Đại học Công Nghệ Thông Tin và Truyền Thông Thái Nguyên,7340405,Quản lý logistics và chuỗi cung ứng,A01,2025,20.5,,THPT
DTC,Trường Đại học Công Nghệ Thông Tin và Truyền Thông Thái Nguyên,7340405,Quản lý logistics và chuỗi cung ứng,B00,2025,20.5,,THPT
DTC,Trường Đại học Công Nghệ Thông Tin và Truyền Thông Thái Nguyên,7340405,Quản lý logistics và chuỗi cung ứng,D01,2025,20.5,,THPT
DTC,Trường Đại học Công Nghệ Thông Tin và Truyền Thông Thái Nguyên,7340405,Quản lý logistics và chuỗi cung ứng,D07,2025,20.5,,THPT
DTC,Trường Đại học Công Nghệ Thông Tin và Truyền Thông Thái Nguyên,7340405,Quản lý logistics và chuỗi cung ứng,D09,2025,20.5,,THPT
DTC,Trường Đại học Công Nghệ Thông Tin và Truyền Thông Thái Nguyên,7340406,Quản trị văn phòng,A00,2025,19.5,,THPT
DTC,Trường Đại học Công Nghệ Thông Tin và Truyền Thông Thái Nguyên,7340406,Quản trị văn phòng,A01,2025,19.5,,THPT
DTC,Trường Đại học Công Nghệ Thông Tin và Truyền Thông Thái Nguyên,7340406,Quản trị văn phòng,B00,2025,19.5,,THPT
DTC,Trường Đại học Công Nghệ Thông Tin và Truyền Thông Thái Nguyên,7340406,Quản trị văn phòng,D01,2025,19.5,,THPT
DTC,Trường Đại học Công Nghệ Thông Tin và Truyền Thông Thái Nguyên,7340406,Quản trị văn phòng,D07,2025,19.5,,THPT
DTC,Trường Đại học Công Nghệ Thông Tin và Truyền Thông Thái Nguyên,7340406,Quản trị văn phòng,D09,2025,19.5,,THPT
DTC,Trường Đại học Công Nghệ Thông Tin và Truyền Thông Thái Nguyên,7480101,Khoa học máy tính (Trí tuệ nhân tạo và dữ liệu lớn),A00,2025,19.5,,THPT
DTC,Trường Đại học Công Nghệ Thông Tin và Truyền Thông Thái Nguyên,7480101,Khoa học máy tính (Trí tuệ nhân tạo và dữ liệu lớn),A01,2025,19.5,,THPT
DTC,Trường Đại học Công Nghệ Thông Tin và Truyền Thông Thái Nguyên,7480101,Khoa học máy tính (Trí tuệ nhân tạo và dữ liệu lớn),B00,2025,19.5,,THPT
DTC,Trường Đại học Công Nghệ Thông Tin và Truyền Thông Thái Nguyên,7480101,Khoa học máy tính (Trí tuệ nhân tạo và dữ liệu lớn),D01,2025,19.5,,THPT
DTC,Trường Đại học Công Nghệ Thông Tin và Truyền Thông Thái Nguyên,7480101,Khoa học máy tính (Trí tuệ nhân tạo và dữ liệu lớn),D07,2025,19.5,,THPT
DTC,Trường Đại học Công Nghệ Thông Tin và Truyền Thông Thái Nguyên,7480101,Khoa học máy tính (Trí tuệ nhân tạo và dữ liệu lớn),D09,2025,19.5,,THPT
DTC,Trường Đại học Công Nghệ Thông Tin và Truyền Thông Thái Nguyên,7480103,Kỹ thuật phần mềm,A00,2025,18.75,,THPT
DTC,Trường Đại học Công Nghệ Thông Tin và Truyền Thông Thái Nguyên,7480103,Kỹ thuật phần mềm liên kết quốc tế - KNU,A00,2025,21.25,,THPT
DTC,Trường Đại học Công Nghệ Thông Tin và Truyền Thông Thái Nguyên,7480103,Kỹ thuật phần mềm,A01,2025,18.75,,THPT
DTC,Trường Đại học Công Nghệ Thông Tin và Truyền Thông Thái Nguyên,7480103,Kỹ thuật phần mềm liên kết quốc tế - KNU,A01,2025,21.25,,THPT
DTC,Trường Đại học Công Nghệ Thông Tin và Truyền Thông Thái Nguyên,7480103,Kỹ thuật phần mềm,B00,2025,18.75,,THPT
DTC,Trường Đại học Công Nghệ Thông Tin và Truyền Thông Thái Nguyên,7480103,Kỹ thuật phần mềm liên kết quốc tế - KNU,B00,2025,21.25,,THPT
DTC,Trường Đại học Công Nghệ Thông Tin và Truyền Thông Thái Nguyên,7480103,Kỹ thuật phần mềm,D01,2025,18.75,,THPT
DTC,Trường Đại học Công Nghệ Thông Tin và Truyền Thông Thái Nguyên,7480103,Kỹ thuật phần mềm liên kết quốc tế - KNU,D01,2025,21.25,,THPT
DTC,Trường Đại học Công Nghệ Thông Tin và Truyền Thông Thái Nguyên,7480103,Kỹ thuật phần mềm,D07,2025,18.75,,THPT
DTC,Trường Đại học Công Nghệ Thông Tin và Truyền Thông Thái Nguyên,7480103,Kỹ thuật phần mềm liên kết quốc tế - KNU,D07,2025,21.25,,THPT
DTC,Trường Đại học Công Nghệ Thông Tin và Truyền Thông Thái Nguyên,7480103,Kỹ thuật phần mềm,D09,2025,18.75,,THPT
DTC,Trường Đại học Công Nghệ Thông Tin và Truyền Thông Thái Nguyên,7480103,Kỹ thuật phần mềm liên kết quốc tế - KNU,D09,2025,21.25,,THPT
DTC,Trường Đại học Công Nghệ Thông Tin và Truyền Thông Thái Nguyên,7480108,Kỹ thuật phần mềm,A00,2025,18.75,,THPT
DTC,Trường Đại học Công Nghệ Thông Tin và Truyền Thông Thái Nguyên,7480108,Kỹ thuật phần mềm,A01,2025,18.75,,THPT
DTC,Trường Đại học Công Nghệ Thông Tin và Truyền Thông Thái Nguyên,7480108,Kỹ thuật phần mềm,B00,2025,18.75,,THPT
DTC,Trường Đại học Công Nghệ Thông Tin và Truyền Thông Thái Nguyên,7480108,Kỹ thuật phần mềm,D01,2025,18.75,,THPT
DTC,Trường Đại học Công Nghệ Thông Tin và Truyền Thông Thái Nguyên,7480108,Kỹ thuật phần mềm,D07,2025,18.75,,THPT
DTC,Trường Đại học Công Nghệ Thông Tin và Truyền Thông Thái Nguyên,7480108,Kỹ thuật phần mềm,D09,2025,18.75,,THPT
DTC,Trường Đại học Công Nghệ Thông Tin và Truyền Thông Thái Nguyên,7480201,Công nghệ thông tin,A00,2025,18.5,,THPT
DTC,Trường Đại học Công Nghệ Thông Tin và Truyền Thông Thái Nguyên,7480201,Công nghệ thông tin quốc tế,A00,2025,18.75,,THPT
DTC,Trường Đại học Công Nghệ Thông Tin và Truyền Thông Thái Nguyên,7480201,Công nghệ thông tin trọng điểm,A00,2025,19.5,,THPT
DTC,Trường Đại học Công Nghệ Thông Tin và Truyền Thông Thái Nguyên,7480201,Công nghệ thông tin,A01,2025,18.5,,THPT
DTC,Trường Đại học Công Nghệ Thông Tin và Truyền Thông Thái Nguyên,7480201,Công nghệ thông tin quốc tế,A01,2025,18.75,,THPT
DTC,Trường Đại học Công Nghệ Thông Tin và Truyền Thông Thái Nguyên,7480201,Công nghệ thông tin trọng điểm,A01,2025,19.5,,THPT
DTC,Trường Đại học Công Nghệ Thông Tin và Truyền Thông Thái Nguyên,7480201,Công nghệ thông tin,B00,2025,18.5,,THPT
DTC,Trường Đại học Công Nghệ Thông Tin và Truyền Thông Thái Nguyên,7480201,Công nghệ thông tin quốc tế,B00,2025,18.75,,THPT
DTC,Trường Đại học Công Nghệ Thông Tin và Truyền Thông Thái Nguyên,7480201,Công nghệ thông tin trọng điểm,B00,2025,19.5,,THPT
DTC,Trường Đại học Công Nghệ Thông Tin và Truyền Thông Thái Nguyên,7480201,Công nghệ thông tin,D01,2025,18.5,,THPT
DTC,Trường Đại học Công Nghệ Thông Tin và Truyền Thông Thái Nguyên,7480201,Công nghệ thông tin quốc tế,D01,2025,18.75,,THPT
DTC,Trường Đại học Công Nghệ Thông Tin và Truyền Thông Thái Nguyên,7480201,Công nghệ thông tin trọng điểm,D01,2025,19.5,,THPT
DTC,Trường Đại học Công Nghệ Thông Tin và Truyền Thông Thái Nguyên,7480201,Công nghệ thông tin,D07,2025,18.5,,THPT
DTC,Trường Đại học Công Nghệ Thông Tin và Truyền Thông Thái Nguyên,7480201,Công nghệ thông tin quốc tế,D07,2025,18.75,,THPT
DTC,Trường Đại học Công Nghệ Thông Tin và Truyền Thông Thái Nguyên,7480201,Công nghệ thông tin trọng điểm,D07,2025,19.5,,THPT
DTC,Trường Đại học Công Nghệ Thông Tin và Truyền Thông Thái Nguyên,7480201,Công nghệ thông tin,D09,2025,18.5,,THPT
DTC,Trường Đại học Công Nghệ Thông Tin và Truyền Thông Thái Nguyên,7480201,Công nghệ thông tin quốc tế,D09,2025,18.75,,THPT
DTC,Trường Đại học Công Nghệ Thông Tin và Truyền Thông Thái Nguyên,7480201,Công nghệ thông tin trọng điểm,D09,2025,19.5,,THPT
DTC,Trường Đại học Công Nghệ Thông Tin và Truyền Thông Thái Nguyên,7480202,An ninh mạng,A00,2025,19.25,,THPT
DTC,Trường Đại học Công Nghệ Thông Tin và Truyền Thông Thái Nguyên,7480202,An ninh mạng,A01,2025,19.25,,THPT
DTC,Trường Đại học Công Nghệ Thông Tin và Truyền Thông Thái Nguyên,7480202,An ninh mạng,B00,2025,19.25,,THPT
DTC,Trường Đại học Công Nghệ Thông Tin và Truyền Thông Thái Nguyên,7480202,An ninh mạng,D01,2025,19.25,,THPT
DTC,Trường Đại học Công Nghệ Thông Tin và Truyền Thông Thái Nguyên,7480202,An ninh mạng,D07,2025,19.25,,THPT
DTC,Trường Đại học Công Nghệ Thông Tin và Truyền Thông Thái Nguyên,7480202,An ninh mạng,D09,2025,19.25,,THPT
DTC,Trường Đại học Công Nghệ Thông Tin và Truyền Thông Thái Nguyên,7510212,Công nghệ ôtô,A00,2025,18.0,,THPT
DTC,Trường Đại học Công Nghệ Thông Tin và Truyền Thông Thái Nguyên,7510212,Công nghệ ôtô,A01,2025,18.0,,THPT
DTC,Trường Đại học Công Nghệ Thông Tin và Truyền Thông Thái Nguyên,7510212,Công nghệ ôtô,B00,2025,18.0,,THPT
DTC,Trường Đại học Công Nghệ Thông Tin và Truyền Thông Thái Nguyên,7510212,Công nghệ ôtô,D01,2025,18.0,,THPT
DTC,Trường Đại học Công Nghệ Thông Tin và Truyền Thông Thái Nguyên,7510212,Công nghệ ôtô,D07,2025,18.0,,THPT
DTC,Trường Đại học Công Nghệ Thông Tin và Truyền Thông Thái Nguyên,7510212,Công nghệ ôtô,D09,2025,18.0,,THPT
DTC,Trường Đại học Công Nghệ Thông Tin và Truyền Thông Thái Nguyên,7510301,"Kỹ thuật điện, điện tử",A00,2025,18.5,,THPT
DTC,Trường Đại học Công Nghệ Thông Tin và Truyền Thông Thái Nguyên,7510301,"Kỹ thuật điện, điện tử",A01,2025,18.5,,THPT
DTC,Trường Đại học Công Nghệ Thông Tin và Truyền Thông Thái Nguyên,7510301,"Kỹ thuật điện, điện tử",B00,2025,18.5,,THPT
DTC,Trường Đại học Công Nghệ Thông Tin và Truyền Thông Thái Nguyên,7510301,"Kỹ thuật điện, điện tử",D01,2025,18.5,,THPT
DTC,Trường Đại học Công Nghệ Thông Tin và Truyền Thông Thái Nguyên,7510301,"Kỹ thuật điện, điện tử",D07,2025,18.5,,THPT
DTC,Trường Đại học Công Nghệ Thông Tin và Truyền Thông Thái Nguyên,7510301,"Kỹ thuật điện, điện tử",D09,2025,18.5,,THPT
DTC,Trường Đại học Công Nghệ Thông Tin và Truyền Thông Thái Nguyên,7510302,Vi mạch bán dẫn,A00,2025,21.75,,THPT
DTC,Trường Đại học Công Nghệ Thông Tin và Truyền Thông Thái Nguyên,7510302,Điện tử - viễn thông,A00,2025,21.25,,THPT
DTC,Trường Đại học Công Nghệ Thông Tin và Truyền Thông Thái Nguyên,7510302,Vi mạch bán dẫn,A01,2025,21.75,,THPT
DTC,Trường Đại học Công Nghệ Thông Tin và Truyền Thông Thái Nguyên,7510302,Điện tử - viễn thông,A01,2025,21.25,,THPT
DTC,Trường Đại học Công Nghệ Thông Tin và Truyền Thông Thái Nguyên,7510302,Điện tử - viễn thông,B00,2025,21.25,,THPT
DTC,Trường Đại học Công Nghệ Thông Tin và Truyền Thông Thái Nguyên,7510302,Điện tử - viễn thông,D01,2025,21.25,,THPT
DTC,Trường Đại học Công Nghệ Thông Tin và Truyền Thông Thái Nguyên,7510302,Vi mạch bán dẫn,D07,2025,21.75,,THPT
DTC,Trường Đại học Công Nghệ Thông Tin và Truyền Thông Thái Nguyên,7510302,Điện tử - viễn thông,D07,2025,21.25,,THPT
DTC,Trường Đại học Công Nghệ Thông Tin và Truyền Thông Thái Nguyên,7510302,Điện tử - viễn thông,D09,2025,21.25,,THPT
DTC,Trường Đại học Công Nghệ Thông Tin và Truyền Thông Thái Nguyên,7510303,Tự động hóa,A00,2025,19.0,,THPT
DTC,Trường Đại học Công Nghệ Thông Tin và Truyền Thông Thái Nguyên,7510303,Tự động hóa,A01,2025,19.0,,THPT
DTC,Trường Đại học Công Nghệ Thông Tin và Truyền Thông Thái Nguyên,7510303,Tự động hóa,B00,2025,19.0,,THPT
DTC,Trường Đại học Công Nghệ Thông Tin và Truyền Thông Thái Nguyên,7510303,Tự động hóa,D01,2025,19.0,,THPT
DTC,Trường Đại học Công Nghệ Thông Tin và Truyền Thông Thái Nguyên,7510303,Tự động hóa,D07,2025,19.0,,THPT
DTC,Trường Đại học Công Nghệ Thông Tin và Truyền Thông Thái Nguyên,7510303,Tự động hóa,D09,2025,19.0,,THPT
DTC,Trường Đại học Công Nghệ Thông Tin và Truyền Thông Thái Nguyên,7520119,Cơ điện tử,A00,2025,19.75,,THPT
DTC,Trường Đại học Công Nghệ Thông Tin và Truyền Thông Thái Nguyên,7520119,Cơ điện tử,A01,2025,19.75,,THPT
DTC,Trường Đại học Công Nghệ Thông Tin và Truyền Thông Thái Nguyên,7520119,Cơ điện tử,B00,2025,19.75,,THPT
DTC,Trường Đại học Công Nghệ Thông Tin và Truyền Thông Thái Nguyên,7520119,Cơ điện tử,D01,2025,19.75,,THPT
DTC,Trường Đại học Công Nghệ Thông Tin và Truyền Thông Thái Nguyên,7520119,Cơ điện tử,D07,2025,19.75,,THPT
DTC,Trường Đại học Công Nghệ Thông Tin và Truyền Thông Thái Nguyên,7520119,Cơ điện tử,D09,2025,19.75,,THPT
DTD,Đại học Tây Đô,7210403,Thiết kế đồ họa,A00,2025,15.0,,THPT
DTD,Trường Đại Học Tây Đô,7210403,Thiết kế đồ họa,A00,2025,15.0,,THPT
DTD,Trường Đại Học Tây Đô,7210403,Thiết kế đồ họa,D01,2025,15.0,,THPT
DTD,Đại học Tây Đô,7210403,Thiết kế đồ họa,D01,2025,15.0,,THPT
DTD,Trường Đại Học Tây Đô,7210403,Thiết kế đồ họa,D10,2025,15.0,,THPT
DTD,Đại học Tây Đô,7210403,Thiết kế đồ họa,D10,2025,15.0,,THPT
DTD,Đại học Tây Đô,7220201,Ngôn ngữ Anh,D01,2025,15.0,,THPT
DTD,Trường Đại Học Tây Đô,7220201,Ngôn ngữ Anh,D01,2025,15.0,,THPT
DTD,Đại học Tây Đô,7220301,Triết học,A00,2025,17.0,,THPT
DTD,Đại học Tây Đô,7220301,Triết học,B00,2025,17.0,,THPT
DTD,Đại học Tây Đô,7229030,Văn học,C00,2025,15.0,,THPT
DTD,Trường Đại Học Tây Đô,7229030,Văn học,C00,2025,15.0,,THPT
DTD,Trường Đại Học Tây Đô,7229030,Văn học,D01,2025,15.0,,THPT
DTD,Đại học Tây Đô,7229030,Văn học,D01,2025,15.0,,THPT
DTD,Đại học Tây Đô,7310630,Việt Nam học,C00,2025,15.0,,THPT
DTD,Trường Đại Học Tây Đô,7310630,Việt Nam học,C00,2025,15.0,,THPT
DTD,Đại học Tây Đô,7310630,Việt Nam học,D01,2025,15.0,,THPT
DTD,Trường Đại Học Tây Đô,7310630,Việt Nam học,D01,2025,15.0,,THPT
DTD,Đại học Tây Đô,7320104,Truyền thông đa phương tiện,A00,2025,15.0,,THPT
DTD,Trường Đại Học Tây Đô,7320104,Truyền thông đa phương tiện,A00,2025,15.0,,THPT
DTD,Đại học Tây Đô,7320104,Truyền thông đa phương tiện,A01,2025,15.0,,THPT
DTD,Trường Đại Học Tây Đô,7320104,Truyền thông đa phương tiện,A01,2025,15.0,,THPT
DTD,Trường Đại Học Tây Đô,7320104,Truyền thông đa phương tiện,C00,2025,15.0,,THPT
DTD,Đại học Tây Đô,7320104,Truyền thông đa phương tiện,C00,2025,15.0,,THPT
DTD,Trường Đại Học Tây Đô,7320104,Truyền thông đa phương tiện,D01,2025,15.0,,THPT
DTD,Đại học Tây Đô,7320104,Truyền thông đa phương tiện,D01,2025,15.0,,THPT
DTD,Đại học Tây Đô,7340101,Quản trị Kinh doanh,A00,2025,15.0,,THPT
DTD,Trường Đại Học Tây Đô,7340101,Quản trị kinh doanh,A00,2025,15.0,,THPT
DTD,Trường Đại Học Tây Đô,7340101,Quản trị kinh doanh,A01,2025,15.0,,THPT
DTD,Đại học Tây Đô,7340101,Quản trị Kinh doanh,A01,2025,15.0,,THPT
DTD,Trường Đại Học Tây Đô,7340101,Quản trị kinh doanh,D01,2025,15.0,,THPT
DTD,Đại học Tây Đô,7340101,Quản trị Kinh doanh,D01,2025,15.0,,THPT
DTD,Đại học Tây Đô,7340115,Marketing,A00,2025,15.0,,THPT
DTD,Trường Đại Học Tây Đô,7340115,Marketing,A00,2025,15.0,,THPT
DTD,Trường Đại Học Tây Đô,7340115,Marketing,A01,2025,15.0,,THPT
DTD,Đại học Tây Đô,7340115,Marketing,A01,2025,15.0,,THPT
DTD,Trường Đại Học Tây Đô,7340115,Marketing,D01,2025,15.0,,THPT
DTD,Đại học Tây Đô,7340115,Marketing,D01,2025,15.0,,THPT
DTD,Đại học Tây Đô,7340120,Ngành Kinh doanh quốc tế,A00,2025,15.0,,THPT
DTD,Trường Đại Học Tây Đô,7340120,Kinh doanh quốc tế,A00,2025,15.0,,THPT
DTD,Trường Đại Học Tây Đô,7340120,Kinh doanh quốc tế,A01,2025,15.0,,THPT
DTD,Đại học Tây Đô,7340120,Ngành Kinh doanh quốc tế,A01,2025,15.0,,THPT
DTD,Trường Đại Học Tây Đô,7340120,Kinh doanh quốc tế,D01,2025,15.0,,THPT
DTD,Đại học Tây Đô,7340120,Ngành Kinh doanh quốc tế,D01,2025,15.0,,THPT
DTD,Đại học Tây Đô,7340201,Tài chính – Ngân hàng,A00,2025,15.0,,THPT
DTD,Trường Đại Học Tây Đô,7340201,Tài chính - Ngân hàng,A00,2025,15.0,,THPT
DTD,Trường Đại Học Tây Đô,7340201,Tài chính - Ngân hàng,A01,2025,15.0,,THPT
DTD,Đại học Tây Đô,7340201,Tài chính – Ngân hàng,A01,2025,15.0,,THPT
DTD,Trường Đại Học Tây Đô,7340201,Tài chính - Ngân hàng,D01,2025,15.0,,THPT
DTD,Đại học Tây Đô,7340201,Tài chính – Ngân hàng,D01,2025,15.0,,THPT
DTD,Đại học Tây Đô,7340301,Kế toán,A00,2025,15.0,,THPT
DTD,Trường Đại Học Tây Đô,7340301,Kế toán,A00,2025,15.0,,THPT
DTD,Trường Đại Học Tây Đô,7340301,Kế toán,A01,2025,15.0,,THPT
DTD,Đại học Tây Đô,7340301,Kế toán,A01,2025,15.0,,THPT
DTD,Trường Đại Học Tây Đô,7340301,Kế toán,D01,2025,15.0,,THPT
DTD,Đại học Tây Đô,7340301,Kế toán,D01,2025,15.0,,THPT
DTD,Đại học Tây Đô,7380107,Luật kinh tế,C00,2025,18.0,,THPT
DTD,Trường Đại Học Tây Đô,7380107,Luật kinh tế,C00,2025,18.0,,THPT
DTD,Trường Đại Học Tây Đô,7380107,Luật kinh tế,D01,2025,18.0,,THPT
DTD,Đại học Tây Đô,7380107,Luật kinh tế,D01,2025,18.0,,THPT
DTD,Đại học Tây Đô,7480201,Công nghệ thông tin,A00,2025,15.0,,THPT
DTD,Trường Đại Học Tây Đô,7480201,Công nghệ thông tin,A00,2025,15.0,,THPT
DTD,Trường Đại Học Tây Đô,7480201,Công nghệ thông tin,A01,2025,15.0,,THPT
DTD,Đại học Tây Đô,7480201,Công nghệ thông tin,A01,2025,15.0,,THPT
DTD,Trường Đại Học Tây Đô,7480201,Công nghệ thông tin,D01,2025,15.0,,THPT
DTD,Đại học Tây Đô,7480201,Công nghệ thông tin,D01,2025,15.0,,THPT
DTD,Đại học Tây Đô,7510102,Công nghệ kỹ thuật xây dựng dân dụng và công nghiệp,A00,2025,15.0,,THPT
DTD,Trường Đại Học Tây Đô,7510102,Công nghệ kỹ thuật công trình xây dựng,A00,2025,15.0,,THPT
DTD,Trường Đại Học Tây Đô,7510102,Công nghệ kỹ thuật công trình xây dựng,A01,2025,15.0,,THPT
DTD,Đại học Tây Đô,7510102,Công nghệ kỹ thuật xây dựng dân dụng và công nghiệp,A01,2025,15.0,,THPT
DTD,Trường Đại Học Tây Đô,7510102,Công nghệ kỹ thuật công trình xây dựng,D01,2025,15.0,,THPT
DTD,Đại học Tây Đô,7510102,Công nghệ kỹ thuật xây dựng dân dụng và công nghiệp,D01,2025,15.0,,THPT
DTD,Đại học Tây Đô,7510301,"Công nghệ kỹ thuật điện, điện tử",A00,2025,15.0,,THPT
DTD,Trường Đại Học Tây Đô,7510301,"Công nghệ kỹ thuật điện, điện tử",A00,2025,15.0,,THPT
DTD,Trường Đại Học Tây Đô,7510301,"Công nghệ kỹ thuật điện, điện tử",A01,2025,15.0,,THPT
DTD,Đại học Tây Đô,7510301,"Công nghệ kỹ thuật điện, điện tử",A01,2025,15.0,,THPT
DTD,Trường Đại Học Tây Đô,7510301,"Công nghệ kỹ thuật điện, điện tử",D01,2025,15.0,,THPT
DTD,Đại học Tây Đô,7510301,"Công nghệ kỹ thuật điện, điện tử",D01,2025,15.0,,THPT
DTD,Đại học Tây Đô,7510605,Logistics và Quản lý chuỗi cung ứng,A00,2025,15.0,,THPT
DTD,Trường Đại Học Tây Đô,7510605,Logistic và quản lý chuỗi cung ứng,A00,2025,15.0,,THPT
DTD,Trường Đại Học Tây Đô,7510605,Logistic và quản lý chuỗi cung ứng,A01,2025,15.0,,THPT
DTD,Đại học Tây Đô,7510605,Logistics và Quản lý chuỗi cung ứng,A01,2025,15.0,,THPT
DTD,Trường Đại Học Tây Đô,7510605,Logistic và quản lý chuỗi cung ứng,D01,2025,15.0,,THPT
DTD,Đại học Tây Đô,7510605,Logistics và Quản lý chuỗi cung ứng,D01,2025,15.0,,THPT
DTD,Đại học Tây Đô,7540101,Công nghệ thực phẩm,A00,2025,15.0,,THPT
DTD,Trường Đại Học Tây Đô,7540101,Công nghệ thực phẩm,A00,2025,15.0,,THPT
DTD,Trường Đại Học Tây Đô,7540101,Công nghệ thực phẩm,A01,2025,15.0,,THPT
DTD,Đại học Tây Đô,7540101,Công nghệ thực phẩm,A01,2025,15.0,,THPT
DTD,Đại học Tây Đô,7540101,Công nghệ thực phẩm,D01,2025,15.0,,THPT
DTD,Đại học Tây Đô,7620301,ĐH Nuôi trồng thủy sản,A00,2025,15.0,,THPT
DTD,Trường Đại Học Tây Đô,7620301,Nuôi trồng thủy sản,A00,2025,15.0,,THPT
DTD,Trường Đại Học Tây Đô,7620301,Nuôi trồng thủy sản,A01,2025,15.0,,THPT
DTD,Đại học Tây Đô,7620301,ĐH Nuôi trồng thủy sản,A01,2025,15.0,,THPT
DTD,Trường Đại Học Tây Đô,7620301,Nuôi trồng thủy sản,B00,2025,15.0,,THPT
DTD,Đại học Tây Đô,7620301,ĐH Nuôi trồng thủy sản,B00,2025,15.0,,THPT
DTD,Trường Đại Học Tây Đô,7620301,Nuôi trồng thủy sản,D01,2025,15.0,,THPT
DTD,Đại học Tây Đô,7620301,ĐH Nuôi trồng thủy sản,D01,2025,15.0,,THPT
DTD,Trường Đại Học Tây Đô,7620301,Nuôi trồng thủy sản,D07,2025,15.0,,THPT
DTD,Đại học Tây Đô,7620301,ĐH Nuôi trồng thủy sản,D07,2025,15.0,,THPT
DTD,Đại học Tây Đô,7640101,Thú y,B00,2025,15.0,,THPT
DTD,Trường Đại Học Tây Đô,7640101,Thú y,B00,2025,15.0,,THPT
DTD,Trường Đại Học Tây Đô,7640101,Thú y,D01,2025,15.0,,THPT
DTD,Đại học Tây Đô,7640101,Thú y,D01,2025,15.0,,THPT
DTD,Đại học Tây Đô,7720201,Dược học,A00,2025,19.0,,THPT
DTD,Trường Đại Học Tây Đô,7720201,Dược học,A00,2025,19.0,,THPT
DTD,Trường Đại Học Tây Đô,7720201,Dược học,B00,2025,19.0,,THPT
DTD,Đại học Tây Đô,7720201,Dược học,B00,2025,19.0,,THPT
DTD,Trường Đại Học Tây Đô,7720201,Dược học,D07,2025,19.0,,THPT
DTD,Đại học Tây Đô,7720201,Dược học,D07,2025,19.0,,THPT
DTD,Trường Đại Học Tây Đô,7720201,Dược học,D08,2025,19.0,,THPT
DTD,Đại học Tây Đô,7720201,Dược học,D08,2025,19.0,,THPT
DTD,Trường Đại Học Tây Đô,7720301,Điều dưỡng,A00,2025,17.0,,THPT
DTD,Trường Đại Học Tây Đô,7720301,Điều dưỡng,B00,2025,17.0,,THPT
DTD,Trường Đại Học Tây Đô,7720301,Điều dưỡng,D08,2025,17.0,,THPT
DTD,Đại học Tây Đô,7720401,Dinh dưỡng,A00,2025,15.0,,THPT
DTD,Trường Đại Học Tây Đô,7720401,Dinh dưỡng,A00,2025,15.0,,THPT
DTD,Trường Đại Học Tây Đô,7720401,Dinh dưỡng,B00,2025,15.0,,THPT
DTD,Đại học Tây Đô,7720401,Dinh dưỡng,B00,2025,15.0,,THPT
DTD,Trường Đại Học Tây Đô,7720401,Dinh dưỡng,D07,2025,15.0,,THPT
DTD,Đại học Tây Đô,7720401,Dinh dưỡng,D07,2025,15.0,,THPT
DTD,Trường Đại Học Tây Đô,7720401,Dinh dưỡng,D08,2025,15.0,,THPT
DTD,Đại học Tây Đô,7720401,Dinh dưỡng,D08,2025,15.0,,THPT
DTD,Đại học Tây Đô,7810101,Du lịch,A00,2025,15.0,,THPT
DTD,Trường Đại Học Tây Đô,7810101,Du lịch,A00,2025,15.0,,THPT
DTD,Trường Đại Học Tây Đô,7810101,Du lịch,A01,2025,15.0,,THPT
DTD,Đại học Tây Đô,7810101,Du lịch,A01,2025,15.0,,THPT
DTD,Trường Đại Học Tây Đô,7810101,Du lịch,C00,2025,15.0,,THPT
DTD,Đại học Tây Đô,7810101,Du lịch,C00,2025,15.0,,THPT
DTD,Trường Đại Học Tây Đô,7810101,Du lịch,D01,2025,15.0,,THPT
DTD,Đại học Tây Đô,7810101,Du lịch,D01,2025,15.0,,THPT
DTD,Trường Đại Học Tây Đô,7810101,Du lịch,D07,2025,15.0,,THPT
DTD,Đại học Tây Đô,7810101,Du lịch,D07,2025,15.0,,THPT
DTD,Đại học Tây Đô,7810103,Quản trị dịch vụ du lịch và lữ hành,A00,2025,15.0,,THPT
DTD,Trường Đại Học Tây Đô,7810103,Quản trị dịch vụ du lịch và lữ hành,A00,2025,15.0,,THPT
DTD,Trường Đại Học Tây Đô,7810103,Quản trị dịch vụ du lịch và lữ hành,A01,2025,15.0,,THPT
DTD,Đại học Tây Đô,7810103,Quản trị dịch vụ du lịch và lữ hành,A01,2025,15.0,,THPT
DTD,Trường Đại Học Tây Đô,7810103,Quản trị dịch vụ du lịch và lữ hành,C00,2025,15.0,,THPT
DTD,Đại học Tây Đô,7810103,Quản trị dịch vụ du lịch và lữ hành,C00,2025,15.0,,THPT
DTD,Trường Đại Học Tây Đô,7810103,Quản trị dịch vụ du lịch và lữ hành,D01,2025,15.0,,THPT
DTD,Đại học Tây Đô,7810103,Quản trị dịch vụ du lịch và lữ hành,D01,2025,15.0,,THPT
DTD,Trường Đại Học Tây Đô,7810103,Quản trị dịch vụ du lịch và lữ hành,D07,2025,15.0,,THPT
DTD,Đại học Tây Đô,7810103,Quản trị dịch vụ du lịch và lữ hành,D07,2025,15.0,,THPT
DTD,Đại học Tây Đô,7810201,Quản trị khách sạn,A00,2025,15.0,,THPT
DTD,Trường Đại Học Tây Đô,7810201,Quản trị khách sạn,A00,2025,15.0,,THPT
DTD,Trường Đại Học Tây Đô,7810201,Quản trị khách sạn,A01,2025,15.0,,THPT
DTD,Đại học Tây Đô,7810201,Quản trị khách sạn,A01,2025,15.0,,THPT
DTD,Trường Đại Học Tây Đô,7810201,Quản trị khách sạn,C00,2025,15.0,,THPT
DTD,Đại học Tây Đô,7810201,Quản trị khách sạn,C00,2025,15.0,,THPT
DTD,Trường Đại Học Tây Đô,7810201,Quản trị khách sạn,D01,2025,15.0,,THPT
DTD,Đại học Tây Đô,7810201,Quản trị khách sạn,D01,2025,15.0,,THPT
DTD,Trường Đại Học Tây Đô,7810201,Quản trị khách sạn,D07,2025,15.0,,THPT
DTD,Đại học Tây Đô,7810201,Quản trị khách sạn,D07,2025,15.0,,THPT
DTD,Đại học Tây Đô,7850103,Quản lý đất đai,A00,2025,15.0,,THPT
DTD,Trường Đại Học Tây Đô,7850103,Quản lý đất đai,A00,2025,15.0,,THPT
DTD,Trường Đại Học Tây Đô,7850103,Quản lý đất đai,A01,2025,15.0,,THPT
DTD,Đại học Tây Đô,7850103,Quản lý đất đai,A01,2025,15.0,,THPT
DTD,Trường Đại Học Tây Đô,7850103,Quản lý đất đai,B00,2025,15.0,,THPT
DTD,Đại học Tây Đô,7850103,Quản lý đất đai,B00,2025,15.0,,THPT
DTD,Trường Đại Học Tây Đô,7850103,Quản lý đất đai,D01,2025,15.0,,THPT
DTD,Đại học Tây Đô,7850103,Quản lý đất đai,D01,2025,15.0,,THPT
DTE,Trường Đại học Kinh tế Quản trị kinh doanh Thái Nguyên,7310101,Kinh tế,A00,2025,17.5,,THPT
DTE,Trường Đại học Kinh tế Quản trị kinh doanh Thái Nguyên,7310101,Kinh tế,A01,2025,17.5,,THPT
DTE,Trường Đại học Kinh tế Quản trị kinh doanh Thái Nguyên,7310101,Kinh tế,D01,2025,17.5,,THPT
DTE,Trường Đại học Kinh tế Quản trị kinh doanh Thái Nguyên,7310101-HG,Kinh tế (học tại phân hiệu ĐHTN tại tỉnh Hà Giang),A00,2025,17.5,,THPT
DTE,Trường Đại học Kinh tế Quản trị kinh doanh Thái Nguyên,7310101-HG,Kinh tế (học tại phân hiệu ĐHTN tại tỉnh Hà Giang),A01,2025,17.5,,THPT
DTE,Trường Đại học Kinh tế Quản trị kinh doanh Thái Nguyên,7310101-HG,Kinh tế (học tại phân hiệu ĐHTN tại tỉnh Hà Giang),D01,2025,17.5,,THPT
DTE,Trường Đại học Kinh tế Quản trị kinh doanh Thái Nguyên,7310104,Kinh tế đầu tư,A00,2025,17.5,,THPT
DTE,Trường Đại học Kinh tế Quản trị kinh doanh Thái Nguyên,7310104,Kinh tế đầu tư,A01,2025,17.5,,THPT
DTE,Trường Đại học Kinh tế Quản trị kinh doanh Thái Nguyên,7310104,Kinh tế đầu tư,D01,2025,17.5,,THPT
DTE,Trường Đại học Kinh tế Quản trị kinh doanh Thái Nguyên,7310105,Kinh tế phát triển,A00,2025,17.0,,THPT
DTE,Trường Đại học Kinh tế Quản trị kinh doanh Thái Nguyên,7310105,Kinh tế phát triển,A01,2025,17.0,,THPT
DTE,Trường Đại học Kinh tế Quản trị kinh doanh Thái Nguyên,7310105,Kinh tế phát triển,D01,2025,17.0,,THPT
DTE,Trường Đại học Kinh tế Quản trị kinh doanh Thái Nguyên,7340101,Quản trị kinh doanh,A00,2025,18.0,,THPT
DTE,Trường Đại học Kinh tế Quản trị kinh doanh Thái Nguyên,7340101,Quản trị kinh doanh,A01,2025,18.0,,THPT
DTE,Trường Đại học Kinh tế Quản trị kinh doanh Thái Nguyên,7340101,Quản trị kinh doanh,D01,2025,18.0,,THPT
DTE,Trường Đại học Kinh tế Quản trị kinh doanh Thái Nguyên,7340101-TA,Quản trị kinh doanh (dạy và học bằng tiếng Anh),A00,2025,19.5,,THPT
DTE,Trường Đại học Kinh tế Quản trị kinh doanh Thái Nguyên,7340101-TA,Quản trị kinh doanh (dạy và học bằng tiếng Anh),A01,2025,19.5,,THPT
DTE,Trường Đại học Kinh tế Quản trị kinh doanh Thái Nguyên,7340101-TA,Quản trị kinh doanh (dạy và học bằng tiếng Anh),D01,2025,19.5,,THPT
DTE,Trường Đại học Kinh tế Quản trị kinh doanh Thái Nguyên,7340115,Marketing,A00,2025,19.0,,THPT
DTE,Trường Đại học Kinh tế Quản trị kinh doanh Thái Nguyên,7340115,Marketing,A01,2025,19.0,,THPT
DTE,Trường Đại học Kinh tế Quản trị kinh doanh Thái Nguyên,7340115,Marketing,D01,2025,19.0,,THPT
DTE,Trường Đại học Kinh tế Quản trị kinh doanh Thái Nguyên,7340115-TA,Quản trị marketing (dạy và học bằng tiếng Anh),A00,2025,19.5,,THPT
DTE,Trường Đại học Kinh tế Quản trị kinh doanh Thái Nguyên,7340115-TA,Quản trị marketing (dạy và học bằng tiếng Anh),A01,2025,19.5,,THPT
DTE,Trường Đại học Kinh tế Quản trị kinh doanh Thái Nguyên,7340115-TA,Quản trị marketing (dạy và học bằng tiếng Anh),D01,2025,19.5,,THPT
DTE,Trường Đại học Kinh tế Quản trị kinh doanh Thái Nguyên,7340120,Kinh doanh quốc tế,A00,2025,18.0,,THPT
DTE,Trường Đại học Kinh tế Quản trị kinh doanh Thái Nguyên,7340120,Kinh doanh quốc tế,A01,2025,18.0,,THPT
DTE,Trường Đại học Kinh tế Quản trị kinh doanh Thái Nguyên,7340120,Kinh doanh quốc tế,D01,2025,18.0,,THPT
DTE,Trường Đại học Kinh tế Quản trị kinh doanh Thái Nguyên,7340122,Thương mại điện tử,A00,2025,18.0,,THPT
DTE,Trường Đại học Kinh tế Quản trị kinh doanh Thái Nguyên,7340122,Thương mại điện tử,A01,2025,18.0,,THPT
DTE,Trường Đại học Kinh tế Quản trị kinh doanh Thái Nguyên,7340122,Thương mại điện tử,D01,2025,18.0,,THPT
DTE,Trường Đại học Kinh tế Quản trị kinh doanh Thái Nguyên,7340201,Tài chính - Ngân hàng,A00,2025,17.5,,THPT
DTE,Trường Đại học Kinh tế Quản trị kinh doanh Thái Nguyên,7340201,Tài chính - Ngân hàng,A01,2025,17.5,,THPT
DTE,Trường Đại học Kinh tế Quản trị kinh doanh Thái Nguyên,7340201,Tài chính - Ngân hàng,D01,2025,17.5,,THPT
DTE,Trường Đại học Kinh tế Quản trị kinh doanh Thái Nguyên,7340201-TA,Tài chính (dạy và học bằng tiếng Anh),A00,2025,19.5,,THPT
DTE,Trường Đại học Kinh tế Quản trị kinh doanh Thái Nguyên,7340201-TA,Tài chính (dạy và học bằng tiếng Anh),A01,2025,19.5,,THPT
DTE,Trường Đại học Kinh tế Quản trị kinh doanh Thái Nguyên,7340201-TA,Tài chính (dạy và học bằng tiếng Anh),D01,2025,19.5,,THPT
DTE,Trường Đại học Kinh tế Quản trị kinh doanh Thái Nguyên,7340301,Kế toán,A00,2025,17.5,,THPT
DTE,Trường Đại học Kinh tế Quản trị kinh doanh Thái Nguyên,7340301,Kế toán,A01,2025,17.5,,THPT
DTE,Trường Đại học Kinh tế Quản trị kinh doanh Thái Nguyên,7340301,Kế toán,D01,2025,17.5,,THPT
DTE,Trường Đại học Kinh tế Quản trị kinh doanh Thái Nguyên,7340301,Kế toán,D07,2025,17.5,,THPT
DTE,Trường Đại học Kinh tế Quản trị kinh doanh Thái Nguyên,7340403,Quản lý kinh tế,A00,2025,17.0,,THPT
DTE,Trường Đại học Kinh tế Quản trị kinh doanh Thái Nguyên,7340403,Quản lý kinh tế,A01,2025,17.0,,THPT
DTE,Trường Đại học Kinh tế Quản trị kinh doanh Thái Nguyên,7340403,Quản lý kinh tế,D01,2025,17.0,,THPT
DTE,Trường Đại học Kinh tế Quản trị kinh doanh Thái Nguyên,7340404,Quản trị nhân lực,A00,2025,18.0,,THPT
DTE,Trường Đại học Kinh tế Quản trị kinh doanh Thái Nguyên,7340404,Quản trị nhân lực,C00,2025,18.0,,THPT
DTE,Trường Đại học Kinh tế Quản trị kinh doanh Thái Nguyên,7340404,Quản trị nhân lực,D01,2025,18.0,,THPT
DTE,Trường Đại học Kinh tế Quản trị kinh doanh Thái Nguyên,7380107,Luật kinh tế,A00,2025,18.0,,THPT
DTE,Trường Đại học Kinh tế Quản trị kinh doanh Thái Nguyên,7380107,Luật kinh tế,C00,2025,18.0,,THPT
DTE,Trường Đại học Kinh tế Quản trị kinh doanh Thái Nguyên,7380107,Luật kinh tế,D01,2025,18.0,,THPT
DTE,Trường Đại học Kinh tế Quản trị kinh doanh Thái Nguyên,7460108,Khoa học dữ liệu,A00,2025,19.0,,THPT
DTE,Trường Đại học Kinh tế Quản trị kinh doanh Thái Nguyên,7460108,Khoa học dữ liệu,A01,2025,19.0,,THPT
DTE,Trường Đại học Kinh tế Quản trị kinh doanh Thái Nguyên,7460108,Khoa học dữ liệu,D01,2025,19.0,,THPT
DTE,Trường Đại học Kinh tế Quản trị kinh doanh Thái Nguyên,7510605,Logistics và Quản lý chuỗi cung ứng,A00,2025,18.5,,THPT
DTE,Trường Đại học Kinh tế Quản trị kinh doanh Thái Nguyên,7510605,Logistics và Quản lý chuỗi cung ứng,A01,2025,18.5,,THPT
DTE,Trường Đại học Kinh tế Quản trị kinh doanh Thái Nguyên,7510605,Logistics và Quản lý chuỗi cung ứng,D01,2025,18.5,,THPT
DTE,Trường Đại học Kinh tế Quản trị kinh doanh Thái Nguyên,7810103,Quản trị kinh doanh khách sạn và du lịch,A00,2025,18.0,,THPT
DTE,Trường Đại học Kinh tế Quản trị kinh doanh Thái Nguyên,7810103,Quản trị kinh doanh khách sạn và du lịch,C00,2025,18.0,,THPT
DTE,Trường Đại học Kinh tế Quản trị kinh doanh Thái Nguyên,7810103,Quản trị kinh doanh khách sạn và du lịch,D01,2025,18.0,,THPT
DTE,Trường Đại học Kinh tế Quản trị kinh doanh Thái Nguyên,7810103-HG,Quản trị kinh doanh khách sạn và du lịch (học tại phân hiệu ĐHTN tại tỉnh Hà Giang),A00,2025,18.0,,THPT
DTE,Trường Đại học Kinh tế Quản trị kinh doanh Thái Nguyên,7810103-HG,Quản trị kinh doanh khách sạn và du lịch (học tại phân hiệu ĐHTN tại tỉnh Hà Giang),C00,2025,18.0,,THPT
DTE,Trường Đại học Kinh tế Quản trị kinh doanh Thái Nguyên,7810103-HG,Quản trị kinh doanh khách sạn và du lịch (học tại phân hiệu ĐHTN tại tỉnh Hà Giang),D01,2025,18.0,,THPT
DTE,Trường Đại học Kinh tế Quản trị kinh doanh Thái Nguyên,7810103-TA,Quản trị du lịch và khách sạn (dạy và học bằng tiếng Anh),A00,2025,19.5,,THPT
DTE,Trường Đại học Kinh tế Quản trị kinh doanh Thái Nguyên,7810103-TA,Quản trị du lịch và khách sạn (dạy và học bằng tiếng Anh),C00,2025,19.5,,THPT
DTE,Trường Đại học Kinh tế Quản trị kinh doanh Thái Nguyên,7810103-TA,Quản trị du lịch và khách sạn (dạy và học bằng tiếng Anh),D01,2025,19.5,,THPT
DTF,Khoa Ngoại Ngữ - Đại học Thái Nguyên,7140231,Sư phạm Tiếng Anh,D01,2025,27.07,,THPT
DTF,Trường Ngoại Ngữ Thái Nguyên,7140231,Sư phạm Tiếng Anh,D01,2025,27.07,,THPT
DTF,Khoa Ngoại Ngữ - Đại học Thái Nguyên,7140234,Sư phạm Tiếng Trung Quốc,D01,2025,27.02,,THPT
DTF,Trường Ngoại Ngữ Thái Nguyên,7140234,Sư phạm Tiếng Trung Quốc,D01,2025,27.02,,THPT
DTF,Khoa Ngoại Ngữ - Đại học Thái Nguyên,7220201,Ngôn ngữ Anh,D01,2025,19.35,,THPT
DTF,Trường Ngoại Ngữ Thái Nguyên,7220201,Ngôn ngữ Anh,D01,2025,19.35,,THPT
DTF,Khoa Ngoại Ngữ - Đại học Thái Nguyên,7220204,Ngôn ngữ Trung Quốc,D01,2025,21.4,,THPT
DTF,Trường Ngoại Ngữ Thái Nguyên,7220204,Ngôn ngữ Trung Quốc,D01,2025,21.4,,THPT
DTG,Phân hiệu Đại học Thái Nguyên tại Hà Giang,7140201,Giáo dục Mầm non,C00,2025,26.05,,THPT
DTG,Phân hiệu Đại học Thái Nguyên tại Hà Giang,7140201,Giáo dục Mầm non,D01,2025,26.05,,THPT
DTG,Phân hiệu Đại học Thái Nguyên tại Hà Giang,7140202,Giáo dục Tiểu học,A00,2025,26.14,,THPT
DTG,Phân hiệu Đại học Thái Nguyên tại Hà Giang,7140202,Giáo dục Tiểu học,C00,2025,26.14,,THPT
DTG,Phân hiệu Đại học Thái Nguyên tại Hà Giang,7140202,Giáo dục Tiểu học,D01,2025,26.14,,THPT
DTG,Phân hiệu Đại học Thái Nguyên tại Hà Giang,7140227,Sư phạm Tiếng H’mong,C00,2025,21.05,,THPT
DTG,Phân hiệu Đại học Thái Nguyên tại Hà Giang,7140227,Sư phạm Tiếng H’mong,D01,2025,21.05,,THPT
DTG,Phân hiệu Đại học Thái Nguyên tại Hà Giang,7220101,Tiếng Việt và văn hóa Việt Nam,C00,2025,19.0,,THPT
DTG,Phân hiệu Đại học Thái Nguyên tại Hà Giang,7220101,Tiếng Việt và văn hóa Việt Nam,D01,2025,19.0,,THPT
DTG,Phân hiệu Đại học Thái Nguyên tại Hà Giang,7220204,Ngôn ngữ Trung Quốc,D01,2025,20.05,,THPT
DTK,Trường Đại Học Kỹ Thuật Công Nghiệp Thái Nguyên,7220201,Ngôn ngữ Anh,A01,2025,16.0,,THPT
DTK,Trường Đại Học Kỹ Thuật Công Nghiệp Thái Nguyên,7220201,Ngôn ngữ Anh,D01,2025,16.0,,THPT
DTK,Trường Đại Học Kỹ Thuật Công Nghiệp Thái Nguyên,7220201,Ngôn ngữ Anh,D07,2025,16.0,,THPT
DTK,Trường Đại Học Kỹ Thuật Công Nghiệp Thái Nguyên,7220201,Ngôn ngữ Anh,D10,2025,16.0,,THPT
DTK,Trường Đại Học Kỹ Thuật Công Nghiệp Thái Nguyên,7480106,Kỹ thuật máy tính,A00,2025,19.5,,THPT
DTK,Trường Đại Học Kỹ Thuật Công Nghiệp Thái Nguyên,7480106,Kỹ thuật máy tính,A01,2025,19.5,,THPT
DTK,Trường Đại Học Kỹ Thuật Công Nghiệp Thái Nguyên,7480106,Kỹ thuật máy tính,D01,2025,19.5,,THPT
DTK,Trường Đại Học Kỹ Thuật Công Nghiệp Thái Nguyên,7480106,Kỹ thuật máy tính,D07,2025,19.5,,THPT
DTK,Trường Đại Học Kỹ Thuật Công Nghiệp Thái Nguyên,7510201,Công nghệ Kỹ thuật cơ khí,A00,2025,20.0,,THPT
DTK,Trường Đại Học Kỹ Thuật Công Nghiệp Thái Nguyên,7510201,Công nghệ Kỹ thuật cơ khí,A01,2025,20.0,,THPT
DTK,Trường Đại Học Kỹ Thuật Công Nghiệp Thái Nguyên,7510201,Công nghệ Kỹ thuật cơ khí,D01,2025,20.0,,THPT
DTK,Trường Đại Học Kỹ Thuật Công Nghiệp Thái Nguyên,7510201,Công nghệ Kỹ thuật cơ khí,D07,2025,20.0,,THPT
DTK,Trường Đại Học Kỹ Thuật Công Nghiệp Thái Nguyên,7510202,Công nghệ Chế tạo máy,A00,2025,16.0,,THPT
DTK,Trường Đại Học Kỹ Thuật Công Nghiệp Thái Nguyên,7510202,Công nghệ Chế tạo máy,A01,2025,16.0,,THPT
DTK,Trường Đại Học Kỹ Thuật Công Nghiệp Thái Nguyên,7510202,Công nghệ Chế tạo máy,D01,2025,16.0,,THPT
DTK,Trường Đại Học Kỹ Thuật Công Nghiệp Thái Nguyên,7510202,Công nghệ Chế tạo máy,D07,2025,16.0,,THPT
DTK,Trường Đại Học Kỹ Thuật Công Nghiệp Thái Nguyên,7510205A,Công nghệ Kỹ thuật ô tô,A00,2025,19.5,,THPT
DTK,Trường Đại Học Kỹ Thuật Công Nghiệp Thái Nguyên,7510205A,Công nghệ Kỹ thuật ô tô,A01,2025,19.5,,THPT
DTK,Trường Đại Học Kỹ Thuật Công Nghiệp Thái Nguyên,7510205A,Công nghệ Kỹ thuật ô tô,D01,2025,19.5,,THPT
DTK,Trường Đại Học Kỹ Thuật Công Nghiệp Thái Nguyên,7510205A,Công nghệ Kỹ thuật ô tô,D07,2025,19.5,,THPT
DTK,Trường Đại Học Kỹ Thuật Công Nghiệp Thái Nguyên,7510205B,Công nghệ Kỹ thuật ô tô (Chuyên ngành: Công nghệ ô tô điện và ô tô lai),A00,2025,18.0,,THPT
DTK,Trường Đại Học Kỹ Thuật Công Nghiệp Thái Nguyên,7510205B,Công nghệ Kỹ thuật ô tồ (Chuyên ngành: Công nghệ ô tô điện và ô tô lai),A00,2025,0.0,,THPT
DTK,Trường Đại Học Kỹ Thuật Công Nghiệp Thái Nguyên,7510205B,Công nghệ Kỹ thuật ô tô (Chuyên ngành: Công nghệ ô tô điện và ô tô lai),A01,2025,18.0,,THPT
DTK,Trường Đại Học Kỹ Thuật Công Nghiệp Thái Nguyên,7510205B,Công nghệ Kỹ thuật ô tồ (Chuyên ngành: Công nghệ ô tô điện và ô tô lai),A01,2025,0.0,,THPT
DTK,Trường Đại Học Kỹ Thuật Công Nghiệp Thái Nguyên,7510205B,Công nghệ Kỹ thuật ô tô (Chuyên ngành: Công nghệ ô tô điện và ô tô lai),D01,2025,18.0,,THPT
DTK,Trường Đại Học Kỹ Thuật Công Nghiệp Thái Nguyên,7510205B,Công nghệ Kỹ thuật ô tồ (Chuyên ngành: Công nghệ ô tô điện và ô tô lai),D01,2025,0.0,,THPT
DTK,Trường Đại Học Kỹ Thuật Công Nghiệp Thái Nguyên,7510205B,Công nghệ Kỹ thuật ô tô (Chuyên ngành: Công nghệ ô tô điện và ô tô lai),D07,2025,18.0,,THPT
DTK,Trường Đại Học Kỹ Thuật Công Nghiệp Thái Nguyên,7510205B,Công nghệ Kỹ thuật ô tồ (Chuyên ngành: Công nghệ ô tô điện và ô tô lai),D07,2025,0.0,,THPT
DTK,Trường Đại Học Kỹ Thuật Công Nghiệp Thái Nguyên,7510301,Công nghệ Kỹ thuật điện; điện tử,A00,2025,20.5,,THPT
DTK,Trường Đại Học Kỹ Thuật Công Nghiệp Thái Nguyên,7510301,Công nghệ Kỹ thuật điện; điện tử,A01,2025,20.5,,THPT
DTK,Trường Đại Học Kỹ Thuật Công Nghiệp Thái Nguyên,7510301,Công nghệ Kỹ thuật điện; điện tử,D01,2025,20.5,,THPT
DTK,Trường Đại Học Kỹ Thuật Công Nghiệp Thái Nguyên,7510301,Công nghệ Kỹ thuật điện; điện tử,D07,2025,20.5,,THPT
DTK,Trường Đại Học Kỹ Thuật Công Nghiệp Thái Nguyên,7510303,Công nghệ Kỹ thuật điều khiển và tự động hóa,A00,2025,22.75,,THPT
DTK,Trường Đại Học Kỹ Thuật Công Nghiệp Thái Nguyên,7510303,Công nghệ Kỹ thuật điều khiển và tự động hóa,A01,2025,22.75,,THPT
DTK,Trường Đại Học Kỹ Thuật Công Nghiệp Thái Nguyên,7510303,Công nghệ Kỹ thuật điều khiển và tự động hóa,D01,2025,22.75,,THPT
DTK,Trường Đại Học Kỹ Thuật Công Nghiệp Thái Nguyên,7510303,Công nghệ Kỹ thuật điều khiển và tự động hóa,D07,2025,22.75,,THPT
DTK,Trường Đại Học Kỹ Thuật Công Nghiệp Thái Nguyên,7510601A,Quản lý công nghiệp,A00,2025,19.0,,THPT
DTK,Trường Đại Học Kỹ Thuật Công Nghiệp Thái Nguyên,7510601A,Quản lý công nghiệp,A01,2025,19.0,,THPT
DTK,Trường Đại Học Kỹ Thuật Công Nghiệp Thái Nguyên,7510601A,Quản lý công nghiệp,D01,2025,19.0,,THPT
DTK,Trường Đại Học Kỹ Thuật Công Nghiệp Thái Nguyên,7510601A,Quản lý công nghiệp,D07,2025,19.0,,THPT
DTK,Trường Đại Học Kỹ Thuật Công Nghiệp Thái Nguyên,7510601B,Quản lý công nghiệp (Chuyên ngành: Logistics),A00,2025,17.0,,THPT
DTK,Trường Đại Học Kỹ Thuật Công Nghiệp Thái Nguyên,7510601B,Quản lý công nghiệp (Chuyên ngành: Logistics),A01,2025,17.0,,THPT
DTK,Trường Đại Học Kỹ Thuật Công Nghiệp Thái Nguyên,7510601B,Quản lý công nghiệp (Chuyên ngành: Logistics),D01,2025,17.0,,THPT
DTK,Trường Đại Học Kỹ Thuật Công Nghiệp Thái Nguyên,7510601B,Quản lý công nghiệp (Chuyên ngành: Logistics),D07,2025,17.0,,THPT
DTK,Trường Đại Học Kỹ Thuật Công Nghiệp Thái Nguyên,7510604,Kinh tế công nghiệp,A00,2025,16.0,,THPT
DTK,Trường Đại Học Kỹ Thuật Công Nghiệp Thái Nguyên,7510604,Kinh tế công nghiệp,A01,2025,16.0,,THPT
DTK,Trường Đại Học Kỹ Thuật Công Nghiệp Thái Nguyên,7510604,Kinh tế công nghiệp,D01,2025,16.0,,THPT
DTK,Trường Đại Học Kỹ Thuật Công Nghiệp Thái Nguyên,7510604,Kinh tế công nghiệp,D07,2025,16.0,,THPT
DTK,Trường Đại Học Kỹ Thuật Công Nghiệp Thái Nguyên,7520103A,Kỹ thuật cơ khí,A00,2025,20.25,,THPT
DTK,Trường Đại Học Kỹ Thuật Công Nghiệp Thái Nguyên,7520103A,Kỹ thuật cơ khí,A01,2025,20.25,,THPT
DTK,Trường Đại Học Kỹ Thuật Công Nghiệp Thái Nguyên,7520103A,Kỹ thuật cơ khí,D01,2025,20.25,,THPT
DTK,Trường Đại Học Kỹ Thuật Công Nghiệp Thái Nguyên,7520103A,Kỹ thuật cơ khí,D07,2025,20.25,,THPT
DTK,Trường Đại Học Kỹ Thuật Công Nghiệp Thái Nguyên,7520103B,Kỹ thuật cơ khí (Chuyên ngành: Tự động hóa thiết ké và chế tạo),A00,2025,19.0,,THPT
DTK,Trường Đại Học Kỹ Thuật Công Nghiệp Thái Nguyên,7520103B,Kỹ thuật cơ khí (Chuyên ngành: Tự động hóa thiết ké và chế tạo),A01,2025,19.0,,THPT
DTK,Trường Đại Học Kỹ Thuật Công Nghiệp Thái Nguyên,7520103B,Kỹ thuật cơ khí (Chuyên ngành: Tự động hóa thiết ké và chế tạo),D01,2025,19.0,,THPT
DTK,Trường Đại Học Kỹ Thuật Công Nghiệp Thái Nguyên,7520103B,Kỹ thuật cơ khí (Chuyên ngành: Tự động hóa thiết ké và chế tạo),D07,2025,19.0,,THPT
DTK,Trường Đại Học Kỹ Thuật Công Nghiệp Thái Nguyên,7520107,Kỹ thuật robot (Chuyên ngành: Robot và trí tuệ nhân tạo),A00,2025,16.0,,THPT
DTK,Trường Đại Học Kỹ Thuật Công Nghiệp Thái Nguyên,7520107,Kỹ thuật robot (Chuyên ngành: Robot và trí tuệ nhân tạo),A01,2025,16.0,,THPT
DTK,Trường Đại Học Kỹ Thuật Công Nghiệp Thái Nguyên,7520107,Kỹ thuật robot (Chuyên ngành: Robot và trí tuệ nhân tạo),D01,2025,16.0,,THPT
DTK,Trường Đại Học Kỹ Thuật Công Nghiệp Thái Nguyên,7520107,Kỹ thuật robot (Chuyên ngành: Robot và trí tuệ nhân tạo),D07,2025,16.0,,THPT
DTK,Trường Đại Học Kỹ Thuật Công Nghiệp Thái Nguyên,7520116A,Kỹ thuật cơ khí động lực (Chuyên ngành: Kỹ thuật ô tô điện và điều khiển thông minh),A00,2025,16.0,,THPT
DTK,Trường Đại Học Kỹ Thuật Công Nghiệp Thái Nguyên,7520116A,Kỹ thuật cơ khí động lực (Chuyên ngành: Kỹ thuật ô tô điện và điều khiển thông minh),A01,2025,16.0,,THPT
DTK,Trường Đại Học Kỹ Thuật Công Nghiệp Thái Nguyên,7520116A,Kỹ thuật cơ khí động lực (Chuyên ngành: Kỹ thuật ô tô điện và điều khiển thông minh),D01,2025,16.0,,THPT
DTK,Trường Đại Học Kỹ Thuật Công Nghiệp Thái Nguyên,7520116A,Kỹ thuật cơ khí động lực (Chuyên ngành: Kỹ thuật ô tô điện và điều khiển thông minh),D07,2025,16.0,,THPT
DTK,Trường Đại Học Kỹ Thuật Công Nghiệp Thái Nguyên,7520116B,Kỹ thuật cơ khí động lực (Chuyên ngành: Kỹ thuật ô tô và giao thông thông minh),A00,2025,16.0,,THPT
DTK,Trường Đại Học Kỹ Thuật Công Nghiệp Thái Nguyên,7520116B,Kỹ thuật cơ khí động lực (Chuyên ngành: Kỹ thuật ô tô và giao thông thông minh),A01,2025,16.0,,THPT
DTK,Trường Đại Học Kỹ Thuật Công Nghiệp Thái Nguyên,7520116B,Kỹ thuật cơ khí động lực (Chuyên ngành: Kỹ thuật ô tô và giao thông thông minh),D01,2025,16.0,,THPT
DTK,Trường Đại Học Kỹ Thuật Công Nghiệp Thái Nguyên,7520116B,Kỹ thuật cơ khí động lực (Chuyên ngành: Kỹ thuật ô tô và giao thông thông minh),D07,2025,16.0,,THPT
DTK,Trường Đại Học Kỹ Thuật Công Nghiệp Thái Nguyên,7520201,Kỹ thuật điện,A00,2025,20.25,,THPT
DTK,Trường Đại Học Kỹ Thuật Công Nghiệp Thái Nguyên,7520201,Kỹ thuật điện,A01,2025,20.25,,THPT
DTK,Trường Đại Học Kỹ Thuật Công Nghiệp Thái Nguyên,7520201,Kỹ thuật điện,D01,2025,20.25,,THPT
DTK,Trường Đại Học Kỹ Thuật Công Nghiệp Thái Nguyên,7520201,Kỹ thuật điện,D07,2025,20.25,,THPT
DTK,Trường Đại Học Kỹ Thuật Công Nghiệp Thái Nguyên,7520207A,Kỹ thuật điện tử - viễn thông (Chuyên ngành: Công nghệ điện tử; bán dẫn và vi mạch),A00,2025,24.5,,THPT
DTK,Trường Đại Học Kỹ Thuật Công Nghiệp Thái Nguyên,7520207A,Kỹ thuật điện tử - viễn thông (Chuyên ngành: Công nghệ điện tử; bán dẫn và vi mạch),A01,2025,24.5,,THPT
DTK,Trường Đại Học Kỹ Thuật Công Nghiệp Thái Nguyên,7520207B,Kỹ thuật điện tử - viễn thông,A00,2025,19.25,,THPT
DTK,Trường Đại Học Kỹ Thuật Công Nghiệp Thái Nguyên,7520207B,Kỹ thuật điện tử - viễn thông,A01,2025,19.25,,THPT
DTK,Trường Đại Học Kỹ Thuật Công Nghiệp Thái Nguyên,7520216,Kỹ thuật điều khiển và tự động hoá,A00,2025,22.75,,THPT
DTK,Trường Đại Học Kỹ Thuật Công Nghiệp Thái Nguyên,7520216,Kỹ thuật điều khiển và tự động hoá,A01,2025,22.75,,THPT
DTK,Trường Đại Học Kỹ Thuật Công Nghiệp Thái Nguyên,7520216,Kỹ thuật điều khiển và tự động hoá,D01,2025,22.75,,THPT
DTK,Trường Đại Học Kỹ Thuật Công Nghiệp Thái Nguyên,7520216,Kỹ thuật điều khiển và tự động hoá,D07,2025,22.75,,THPT
DTK,Trường Đại Học Kỹ Thuật Công Nghiệp Thái Nguyên,7520309,Kỹ thuật vật liệu,A00,2025,16.0,,THPT
DTK,Trường Đại Học Kỹ Thuật Công Nghiệp Thái Nguyên,7520309,Kỹ thuật vật liệu,A01,2025,16.0,,THPT
DTK,Trường Đại Học Kỹ Thuật Công Nghiệp Thái Nguyên,7520309,Kỹ thuật vật liệu,D01,2025,16.0,,THPT
DTK,Trường Đại Học Kỹ Thuật Công Nghiệp Thái Nguyên,7520309,Kỹ thuật vật liệu,D07,2025,16.0,,THPT
DTK,Trường Đại Học Kỹ Thuật Công Nghiệp Thái Nguyên,7520320,Kỹ thuật môi trường,A00,2025,15.0,,THPT
DTK,Trường Đại Học Kỹ Thuật Công Nghiệp Thái Nguyên,7520320,Kỹ thuật môi trường,D01,2025,15.0,,THPT
DTK,Trường Đại Học Kỹ Thuật Công Nghiệp Thái Nguyên,7520320,Kỹ thuật môi trường,D07,2025,15.0,,THPT
DTK,Trường Đại Học Kỹ Thuật Công Nghiệp Thái Nguyên,7580201,Kỹ thuật xây dựng,A00,2025,16.0,,THPT
DTK,Trường Đại Học Kỹ Thuật Công Nghiệp Thái Nguyên,7580201,Kỹ thuật xây dựng,A01,2025,16.0,,THPT
DTK,Trường Đại Học Kỹ Thuật Công Nghiệp Thái Nguyên,7580201,Kỹ thuật xây dựng,D01,2025,16.0,,THPT
DTK,Trường Đại Học Kỹ Thuật Công Nghiệp Thái Nguyên,7580201,Kỹ thuật xây dựng,D07,2025,16.0,,THPT
DTK,Trường Đại Học Kỹ Thuật Công Nghiệp Thái Nguyên,7905218,Kỹ thuật cơ khí - Chương trình tiên tiến (Chuyên ngành: Tự động hóa cơ khí),A00,2025,18.0,,THPT
DTK,Trường Đại Học Kỹ Thuật Công Nghiệp Thái Nguyên,7905218,Kỹ thuật cơ khí - Chương trình tiên tiến (Chuyên ngành: Tự động hóa cơ khí),A01,2025,18.0,,THPT
DTK,Trường Đại Học Kỹ Thuật Công Nghiệp Thái Nguyên,7905218,Kỹ thuật cơ khí - Chương trình tiên tiến (Chuyên ngành: Tự động hóa cơ khí),D01,2025,18.0,,THPT
DTK,Trường Đại Học Kỹ Thuật Công Nghiệp Thái Nguyên,7905218,Kỹ thuật cơ khí - Chương trình tiên tiến (Chuyên ngành: Tự động hóa cơ khí),D07,2025,18.0,,THPT
DTK,Trường Đại Học Kỹ Thuật Công Nghiệp Thái Nguyên,7905228,Kỹ thuật điện - Chương trình tiên tiến,A00,2025,17.0,,THPT
DTK,Trường Đại Học Kỹ Thuật Công Nghiệp Thái Nguyên,7905228,Kỹ thuật điện - Chương trình tiên tiến,A01,2025,17.0,,THPT
DTK,Trường Đại Học Kỹ Thuật Công Nghiệp Thái Nguyên,7905228,Kỹ thuật điện - Chương trình tiên tiến,D01,2025,17.0,,THPT
DTK,Trường Đại Học Kỹ Thuật Công Nghiệp Thái Nguyên,7905228,Kỹ thuật điện - Chương trình tiên tiến,D07,2025,17.0,,THPT
DTK,Đại học Kỹ Thuật Công Nghiệp - Đại học Thái Nguyên,CBM,"Công nghệ điện tử, bán dẫn và vi mạch",A00,2025,24.5,,THPT
DTK,Đại học Kỹ Thuật Công Nghiệp - Đại học Thái Nguyên,CBM,"Công nghệ điện tử, bán dẫn và vi mạch",A01,2025,24.5,,THPT
DTK,Đại học Kỹ Thuật Công Nghiệp - Đại học Thái Nguyên,CDK,Công nghệ kỹ thuật điều khiển và tự động hóa,A00,2025,22.75,,THPT
DTK,Đại học Kỹ Thuật Công Nghiệp - Đại học Thái Nguyên,CDK,Công nghệ kỹ thuật điều khiển và tự động hóa,A01,2025,22.75,,THPT
DTK,Đại học Kỹ Thuật Công Nghiệp - Đại học Thái Nguyên,CDK,Công nghệ kỹ thuật điều khiển và tự động hóa,D01,2025,22.75,,THPT
DTK,Đại học Kỹ Thuật Công Nghiệp - Đại học Thái Nguyên,CDK,Công nghệ kỹ thuật điều khiển và tự động hóa,D07,2025,22.75,,THPT
DTK,Đại học Kỹ Thuật Công Nghiệp - Đại học Thái Nguyên,CDT,"Công nghệ kỹ thuật điện, điện tử",A00,2025,20.5,,THPT
DTK,Đại học Kỹ Thuật Công Nghiệp - Đại học Thái Nguyên,CDT,"Công nghệ kỹ thuật điện, điện tử",A01,2025,20.5,,THPT
DTK,Đại học Kỹ Thuật Công Nghiệp - Đại học Thái Nguyên,CDT,"Công nghệ kỹ thuật điện, điện tử",D01,2025,20.5,,THPT
DTK,Đại học Kỹ Thuật Công Nghiệp - Đại học Thái Nguyên,CDT,"Công nghệ kỹ thuật điện, điện tử",D07,2025,20.5,,THPT
DTK,Đại học Kỹ Thuật Công Nghiệp - Đại học Thái Nguyên,CTC,Công nghệ kỹ thuật cơ khí,A00,2025,20.0,,THPT
DTK,Đại học Kỹ Thuật Công Nghiệp - Đại học Thái Nguyên,CTC,Công nghệ kỹ thuật cơ khí,A01,2025,20.0,,THPT
DTK,Đại học Kỹ Thuật Công Nghiệp - Đại học Thái Nguyên,CTC,Công nghệ kỹ thuật cơ khí,D01,2025,20.0,,THPT
DTK,Đại học Kỹ Thuật Công Nghiệp - Đại học Thái Nguyên,CTC,Công nghệ kỹ thuật cơ khí,D07,2025,20.0,,THPT
DTK,Đại học Kỹ Thuật Công Nghiệp - Đại học Thái Nguyên,CTM,Công nghệ chế tạo máy,A00,2025,16.0,,THPT
DTK,Đại học Kỹ Thuật Công Nghiệp - Đại học Thái Nguyên,CTM,Công nghệ chế tạo máy,A01,2025,16.0,,THPT
DTK,Đại học Kỹ Thuật Công Nghiệp - Đại học Thái Nguyên,CTM,Công nghệ chế tạo máy,D01,2025,16.0,,THPT
DTK,Đại học Kỹ Thuật Công Nghiệp - Đại học Thái Nguyên,CTM,Công nghệ chế tạo máy,D07,2025,16.0,,THPT
DTK,Đại học Kỹ Thuật Công Nghiệp - Đại học Thái Nguyên,CTO,Công nghệ kỹ thuật ô tô,A00,2025,19.5,,THPT
DTK,Đại học Kỹ Thuật Công Nghiệp - Đại học Thái Nguyên,CTO,Công nghệ kỹ thuật ô tô,A01,2025,19.5,,THPT
DTK,Đại học Kỹ Thuật Công Nghiệp - Đại học Thái Nguyên,CTO,Công nghệ kỹ thuật ô tô,D01,2025,19.5,,THPT
DTK,Đại học Kỹ Thuật Công Nghiệp - Đại học Thái Nguyên,CTO,Công nghệ kỹ thuật ô tô,D07,2025,19.5,,THPT
DTK,Đại học Kỹ Thuật Công Nghiệp - Đại học Thái Nguyên,CTO1,Công nghệ ô tô điện và ô tô lai,A00,2025,18.0,,THPT
DTK,Đại học Kỹ Thuật Công Nghiệp - Đại học Thái Nguyên,CTO1,Công nghệ ô tô điện và ô tô lai,A01,2025,18.0,,THPT
DTK,Đại học Kỹ Thuật Công Nghiệp - Đại học Thái Nguyên,CTO1,Công nghệ ô tô điện và ô tô lai,D01,2025,18.0,,THPT
DTK,Đại học Kỹ Thuật Công Nghiệp - Đại học Thái Nguyên,CTO1,Công nghệ ô tô điện và ô tô lai,D07,2025,18.0,,THPT
DTK,Đại học Kỹ Thuật Công Nghiệp - Đại học Thái Nguyên,CTT,Tự động hóa cơ khí CTTT,A00,2025,18.0,,THPT
DTK,Đại học Kỹ Thuật Công Nghiệp - Đại học Thái Nguyên,CTT,Tự động hóa cơ khí CTTT,A01,2025,18.0,,THPT
DTK,Đại học Kỹ Thuật Công Nghiệp - Đại học Thái Nguyên,CTT,Tự động hóa cơ khí CTTT,D01,2025,18.0,,THPT
DTK,Đại học Kỹ Thuật Công Nghiệp - Đại học Thái Nguyên,CTT,Tự động hóa cơ khí CTTT,D07,2025,18.0,,THPT
DTK,Đại học Kỹ Thuật Công Nghiệp - Đại học Thái Nguyên,DTT,Kỹ thuật điện CTTT,A00,2025,17.0,,THPT
DTK,Đại học Kỹ Thuật Công Nghiệp - Đại học Thái Nguyên,DTT,Kỹ thuật điện CTTT,A01,2025,17.0,,THPT
DTK,Đại học Kỹ Thuật Công Nghiệp - Đại học Thái Nguyên,DTT,Kỹ thuật điện CTTT,D01,2025,17.0,,THPT
DTK,Đại học Kỹ Thuật Công Nghiệp - Đại học Thái Nguyên,DTT,Kỹ thuật điện CTTT,D07,2025,17.0,,THPT
DTK,Đại học Kỹ Thuật Công Nghiệp - Đại học Thái Nguyên,KCN,Kinh tế công nghiệp,A00,2025,16.0,,THPT
DTK,Đại học Kỹ Thuật Công Nghiệp - Đại học Thái Nguyên,KCN,Kinh tế công nghiệp,A01,2025,16.0,,THPT
DTK,Đại học Kỹ Thuật Công Nghiệp - Đại học Thái Nguyên,KCN,Kinh tế công nghiệp,D01,2025,16.0,,THPT
DTK,Đại học Kỹ Thuật Công Nghiệp - Đại học Thái Nguyên,KCN,Kinh tế công nghiệp,D07,2025,16.0,,THPT
DTK,Đại học Kỹ Thuật Công Nghiệp - Đại học Thái Nguyên,KCT,Kỹ thuật cơ điện tử,A00,2025,22.0,,THPT
DTK,Đại học Kỹ Thuật Công Nghiệp - Đại học Thái Nguyên,KCT,Kỹ thuật cơ điện tử,A01,2025,22.0,,THPT
DTK,Đại học Kỹ Thuật Công Nghiệp - Đại học Thái Nguyên,KCT,Kỹ thuật cơ điện tử,D01,2025,22.0,,THPT
DTK,Đại học Kỹ Thuật Công Nghiệp - Đại học Thái Nguyên,KCT,Kỹ thuật cơ điện tử,D07,2025,22.0,,THPT
DTK,Đại học Kỹ Thuật Công Nghiệp - Đại học Thái Nguyên,KDO1,Kỹ thuật ô tô điện và điều khiển thông minh,A00,2025,16.0,,THPT
DTK,Đại học Kỹ Thuật Công Nghiệp - Đại học Thái Nguyên,KDO1,Kỹ thuật ô tô điện và điều khiển thông minh,A01,2025,16.0,,THPT
DTK,Đại học Kỹ Thuật Công Nghiệp - Đại học Thái Nguyên,KDO1,Kỹ thuật ô tô điện và điều khiển thông minh,D01,2025,16.0,,THPT
DTK,Đại học Kỹ Thuật Công Nghiệp - Đại học Thái Nguyên,KDO1,Kỹ thuật ô tô điện và điều khiển thông minh,D07,2025,16.0,,THPT
DTK,Đại học Kỹ Thuật Công Nghiệp - Đại học Thái Nguyên,KDO2,Kỹ thuật ô tô và giao thông thông minh,A00,2025,16.0,,THPT
DTK,Đại học Kỹ Thuật Công Nghiệp - Đại học Thái Nguyên,KDO2,Kỹ thuật ô tô và giao thông thông minh,A01,2025,16.0,,THPT
DTK,Đại học Kỹ Thuật Công Nghiệp - Đại học Thái Nguyên,KDO2,Kỹ thuật ô tô và giao thông thông minh,D01,2025,16.0,,THPT
DTK,Đại học Kỹ Thuật Công Nghiệp - Đại học Thái Nguyên,KDO2,Kỹ thuật ô tô và giao thông thông minh,D07,2025,16.0,,THPT
DTK,Đại học Kỹ Thuật Công Nghiệp - Đại học Thái Nguyên,KMT,Kỹ thuật máy tính,A00,2025,19.5,,THPT
DTK,Đại học Kỹ Thuật Công Nghiệp - Đại học Thái Nguyên,KMT,Kỹ thuật máy tính,A01,2025,19.5,,THPT
DTK,Đại học Kỹ Thuật Công Nghiệp - Đại học Thái Nguyên,KMT,Kỹ thuật máy tính,D01,2025,19.5,,THPT
DTK,Đại học Kỹ Thuật Công Nghiệp - Đại học Thái Nguyên,KMT,Kỹ thuật máy tính,D07,2025,19.5,,THPT
DTK,Đại học Kỹ Thuật Công Nghiệp - Đại học Thái Nguyên,KRB,Robot và trí tuệ nhân tạo,A00,2025,16.0,,THPT
DTK,Đại học Kỹ Thuật Công Nghiệp - Đại học Thái Nguyên,KRB,Robot và trí tuệ nhân tạo,A01,2025,16.0,,THPT
DTK,Đại học Kỹ Thuật Công Nghiệp - Đại học Thái Nguyên,KRB,Robot và trí tuệ nhân tạo,D01,2025,16.0,,THPT
DTK,Đại học Kỹ Thuật Công Nghiệp - Đại học Thái Nguyên,KRB,Robot và trí tuệ nhân tạo,D07,2025,16.0,,THPT
DTK,Đại học Kỹ Thuật Công Nghiệp - Đại học Thái Nguyên,KTC,Kế toán (Kế toán công),A00,2025,20.25,,THPT
DTK,Đại học Kỹ Thuật Công Nghiệp - Đại học Thái Nguyên,KTC,Kế toán (Kế toán công),A01,2025,20.25,,THPT
DTK,Đại học Kỹ Thuật Công Nghiệp - Đại học Thái Nguyên,KTC,Kế toán (Kế toán công),D01,2025,20.25,,THPT
DTK,Đại học Kỹ Thuật Công Nghiệp - Đại học Thái Nguyên,KTC,Kế toán (Kế toán công),D07,2025,20.25,,THPT
DTK,Đại học Kỹ Thuật Công Nghiệp - Đại học Thái Nguyên,KTC1,Tự động hóa thiết kế và chế tạo,A00,2025,19.0,,THPT
DTK,Đại học Kỹ Thuật Công Nghiệp - Đại học Thái Nguyên,KTC1,Tự động hóa thiết kế và chế tạo,A01,2025,19.0,,THPT
DTK,Đại học Kỹ Thuật Công Nghiệp - Đại học Thái Nguyên,KTC1,Tự động hóa thiết kế và chế tạo,D01,2025,19.0,,THPT
DTK,Đại học Kỹ Thuật Công Nghiệp - Đại học Thái Nguyên,KTC1,Tự động hóa thiết kế và chế tạo,D07,2025,19.0,,THPT
DTK,Đại học Kỹ Thuật Công Nghiệp - Đại học Thái Nguyên,KTD,Kỹ thuật điện,A00,2025,20.25,,THPT
DTK,Đại học Kỹ Thuật Công Nghiệp - Đại học Thái Nguyên,KTD,Kỹ thuật điện,A01,2025,20.25,,THPT
DTK,Đại học Kỹ Thuật Công Nghiệp - Đại học Thái Nguyên,KTD,Kỹ thuật điện,D01,2025,20.25,,THPT
DTK,Đại học Kỹ Thuật Công Nghiệp - Đại học Thái Nguyên,KTD,Kỹ thuật điện,D07,2025,20.25,,THPT
DTK,Đại học Kỹ Thuật Công Nghiệp - Đại học Thái Nguyên,KTM,Kỹ thuật môi trường,A00,2025,15.0,,THPT
DTK,Đại học Kỹ Thuật Công Nghiệp - Đại học Thái Nguyên,KTM,Kỹ thuật môi trường,D01,2025,15.0,,THPT
DTK,Đại học Kỹ Thuật Công Nghiệp - Đại học Thái Nguyên,KTM,Kỹ thuật môi trường,D07,2025,15.0,,THPT
DTK,Đại học Kỹ Thuật Công Nghiệp - Đại học Thái Nguyên,KVL,Kỹ thuật vật liệu,A00,2025,16.0,,THPT
DTK,Đại học Kỹ Thuật Công Nghiệp - Đại học Thái Nguyên,KVL,Kỹ thuật vật liệu,A01,2025,16.0,,THPT
DTK,Đại học Kỹ Thuật Công Nghiệp - Đại học Thái Nguyên,KVL,Kỹ thuật vật liệu,D01,2025,16.0,,THPT
DTK,Đại học Kỹ Thuật Công Nghiệp - Đại học Thái Nguyên,KVL,Kỹ thuật vật liệu,D07,2025,16.0,,THPT
DTK,Đại học Kỹ Thuật Công Nghiệp - Đại học Thái Nguyên,KVT,Kỹ thuật điện tử - viễn thông,A00,2025,19.25,,THPT
DTK,Đại học Kỹ Thuật Công Nghiệp - Đại học Thái Nguyên,KVT,Kỹ thuật điện tử - viễn thông,A01,2025,19.25,,THPT
DTK,Đại học Kỹ Thuật Công Nghiệp - Đại học Thái Nguyên,KVT,Kỹ thuật điện tử - viễn thông,D01,2025,19.25,,THPT
DTK,Đại học Kỹ Thuật Công Nghiệp - Đại học Thái Nguyên,KVT,Kỹ thuật điện tử - viễn thông,D07,2025,19.25,,THPT
DTK,Đại học Kỹ Thuật Công Nghiệp - Đại học Thái Nguyên,KXD,Kỹ thuật xây dựng,A00,2025,16.0,,THPT
DTK,Đại học Kỹ Thuật Công Nghiệp - Đại học Thái Nguyên,KXD,Kỹ thuật xây dựng,A01,2025,16.0,,THPT
DTK,Đại học Kỹ Thuật Công Nghiệp - Đại học Thái Nguyên,KXD,Kỹ thuật xây dựng,D01,2025,16.0,,THPT
DTK,Đại học Kỹ Thuật Công Nghiệp - Đại học Thái Nguyên,KXD,Kỹ thuật xây dựng,D07,2025,16.0,,THPT
DTK,Đại học Kỹ Thuật Công Nghiệp - Đại học Thái Nguyên,NNA,Ngôn ngữ Anh (Tiếng Anh Thương mại),A00,2025,16.0,,THPT
DTK,Đại học Kỹ Thuật Công Nghiệp - Đại học Thái Nguyên,NNA,Ngôn ngữ Anh (Tiếng Anh Thương mại),D01,2025,16.0,,THPT
DTK,Đại học Kỹ Thuật Công Nghiệp - Đại học Thái Nguyên,NNA,Ngôn ngữ Anh (Tiếng Anh Thương mại),D07,2025,16.0,,THPT
DTK,Đại học Kỹ Thuật Công Nghiệp - Đại học Thái Nguyên,NNA,Ngôn ngữ Anh (Tiếng Anh Thương mại),D10,2025,16.0,,THPT
DTK,Đại học Kỹ Thuật Công Nghiệp - Đại học Thái Nguyên,QLC,Quản lý công nghiệp,A00,2025,19.0,,THPT
DTK,Đại học Kỹ Thuật Công Nghiệp - Đại học Thái Nguyên,QLC,Quản lý công nghiệp,A01,2025,19.0,,THPT
DTK,Đại học Kỹ Thuật Công Nghiệp - Đại học Thái Nguyên,QLC,Quản lý công nghiệp,D01,2025,19.0,,THPT
DTK,Đại học Kỹ Thuật Công Nghiệp - Đại học Thái Nguyên,QLC,Quản lý công nghiệp,D07,2025,19.0,,THPT
DTK,Đại học Kỹ Thuật Công Nghiệp - Đại học Thái Nguyên,QLC1,Logistics,A00,2025,17.0,,THPT
DTK,Đại học Kỹ Thuật Công Nghiệp - Đại học Thái Nguyên,QLC1,Logistics,A01,2025,17.0,,THPT
DTK,Đại học Kỹ Thuật Công Nghiệp - Đại học Thái Nguyên,QLC1,Logistics,D01,2025,17.0,,THPT
DTK,Đại học Kỹ Thuật Công Nghiệp - Đại học Thái Nguyên,QLC1,Logistics,D07,2025,17.0,,THPT
DTK,Đại học Kỹ Thuật Công Nghiệp - Đại học Thái Nguyên,TDH,Kỹ thuật điều khiển và tự động hóa,A00,2025,22.75,,THPT
DTK,Đại học Kỹ Thuật Công Nghiệp - Đại học Thái Nguyên,TDH,Kỹ thuật điều khiển và tự động hóa,A01,2025,22.75,,THPT
DTK,Đại học Kỹ Thuật Công Nghiệp - Đại học Thái Nguyên,TDH,Kỹ thuật điều khiển và tự động hóa,D01,2025,22.75,,THPT
DTK,Đại học Kỹ Thuật Công Nghiệp - Đại học Thái Nguyên,TDH,Kỹ thuật điều khiển và tự động hóa,D07,2025,22.75,,THPT
DTL,Đại học Thăng Long,7220201,Ngôn ngữ Anh,D01,2025,19.7,,THPT
DTL,Đại học Thăng Long,7220204,Ngôn ngữ Trung Quốc,D01,2025,21.2,,THPT
DTL,Trường Đại Học Thăng Long,7220204,Ngôn ngữ Trung Quốc,D01,2025,22.2,,THPT
DTL,Đại học Thăng Long,7220209,Ngôn ngữ Nhật,D01,2025,16.0,,THPT
DTL,Trường Đại Học Thăng Long,7220209,Ngôn ngữ Nhật,D01,2025,16.0,,THPT
DTL,Đại học Thăng Long,7220210,Ngôn ngữ Hàn Quốc,D01,2025,19.3,,THPT
DTL,Trường Đại Học Thăng Long,7220210,Ngôn ngữ Hàn Quốc,D01,2025,19.3,,THPT
DTL,Trường Đại Học Thăng Long,7220210,Ngôn ngữ Hàn Quốc,D01,2025,19.3,,THPT
DTL,Đại học Thăng Long,7310106,Kinh tế quốc tế,A00,2025,20.6,,THPT
DTL,Trường Đại Học Thăng Long,7310106,Kinh tế quốc tế,A00,2025,19.6,,THPT
DTL,Đại học Thăng Long,7310106,Kinh tế quốc tế,A01,2025,20.6,,THPT
DTL,Trường Đại Học Thăng Long,7310106,Kinh tế quốc tế,A01,2025,19.6,,THPT
DTL,Trường Đại Học Thăng Long,7310106,Kinh tế quốc tế,D01,2025,19.6,,THPT
DTL,Đại học Thăng Long,7310106,Kinh tế quốc tế,D01,2025,20.6,,THPT
DTL,Trường Đại Học Thăng Long,7310106,Kinh tế quốc tế,D07,2025,19.6,,THPT
DTL,Đại học Thăng Long,7310106,Kinh tế quốc tế,D07,2025,20.6,,THPT
DTL,Đại học Thăng Long,7310630,Việt Nam học,C00,2025,21.88,,THPT
DTL,Đại học Thăng Long,7310630,Việt Nam học,D01,2025,21.88,,THPT
DTL,Đại học Thăng Long,7320104,Truyền thông đa phương tiện,C00,2025,23.75,,THPT
DTL,Đại học Thăng Long,7320104,Truyền thông đa phương tiện,D01,2025,23.75,,THPT
DTL,Đại học Thăng Long,7340101,Quản trị Kinh doanh,A00,2025,20.2,,THPT
DTL,Trường Đại Học Thăng Long,7340101,Quản trị kinh doanh,A00,2025,19.2,,THPT
DTL,Đại học Thăng Long,7340101,Quản trị Kinh doanh,A01,2025,20.2,,THPT
DTL,Trường Đại Học Thăng Long,7340101,Quản trị kinh doanh,A01,2025,19.2,,THPT
DTL,Trường Đại Học Thăng Long,7340101,Quản trị kinh doanh,D01,2025,19.2,,THPT
DTL,Đại học Thăng Long,7340101,Quản trị Kinh doanh,D01,2025,20.2,,THPT
DTL,Trường Đại Học Thăng Long,7340101,Quản trị kinh doanh,D07,2025,19.2,,THPT
DTL,Đại học Thăng Long,7340101,Quản trị Kinh doanh,D07,2025,20.2,,THPT
DTL,Đại học Thăng Long,7340115,Marketing,A00,2025,22.2,,THPT
DTL,Trường Đại Học Thăng Long,7340115,Marketing,A00,2025,22.2,,THPT
DTL,Đại học Thăng Long,7340115,Marketing,A01,2025,22.2,,THPT
DTL,Trường Đại Học Thăng Long,7340115,Marketing,A01,2025,22.2,,THPT
DTL,Trường Đại Học Thăng Long,7340115,Marketing,D01,2025,22.2,,THPT
DTL,Đại học Thăng Long,7340115,Marketing,D01,2025,22.2,,THPT
DTL,Trường Đại Học Thăng Long,7340115,Marketing,D07,2025,22.2,,THPT
DTL,Đại học Thăng Long,7340115,Marketing,D07,2025,22.2,,THPT
DTL,Đại học Thăng Long,7340122,Thương mại điện tử,A00,2025,22.5,,THPT
DTL,Trường Đại Học Thăng Long,7340122,Thương mại điện tử,A00,2025,21.5,,THPT
DTL,Đại học Thăng Long,7340122,Thương mại điện tử,A01,2025,22.5,,THPT
DTL,Trường Đại Học Thăng Long,7340122,Thương mại điện tử,A01,2025,21.5,,THPT
DTL,Trường Đại Học Thăng Long,7340122,Thương mại điện tử,D01,2025,21.5,,THPT
DTL,Đại học Thăng Long,7340122,Thương mại điện tử,D01,2025,22.5,,THPT
DTL,Trường Đại Học Thăng Long,7340122,Thương mại điện tử,D07,2025,21.5,,THPT
DTL,Đại học Thăng Long,7340122,Thương mại điện tử,D07,2025,22.5,,THPT
DTL,Đại học Thăng Long,7340201,Tài chính – Ngân hàng,A00,2025,19.5,,THPT
DTL,Trường Đại Học Thăng Long,7340201,Tài chính – Ngân hàng,A00,2025,18.5,,THPT
DTL,Đại học Thăng Long,7340201,Tài chính – Ngân hàng,A01,2025,19.5,,THPT
DTL,Trường Đại Học Thăng Long,7340201,Tài chính – Ngân hàng,A01,2025,18.5,,THPT
DTL,Trường Đại Học Thăng Long,7340201,Tài chính – Ngân hàng,D01,2025,18.5,,THPT
DTL,Đại học Thăng Long,7340201,Tài chính – Ngân hàng,D01,2025,19.5,,THPT
DTL,Trường Đại Học Thăng Long,7340201,Tài chính – Ngân hàng,D07,2025,18.5,,THPT
DTL,Đại học Thăng Long,7340201,Tài chính – Ngân hàng,D07,2025,19.5,,THPT
DTL,Đại học Thăng Long,7340301,Kế toán,A00,2025,19.78,,THPT
DTL,Trường Đại Học Thăng Long,7340301,Kế toán,A00,2025,18.78,,THPT
DTL,Đại học Thăng Long,7340301,Kế toán,A01,2025,19.78,,THPT
DTL,Trường Đại Học Thăng Long,7340301,Kế toán,A01,2025,18.78,,THPT
DTL,Trường Đại Học Thăng Long,7340301,Kế toán,D01,2025,18.78,,THPT
DTL,Đại học Thăng Long,7340301,Kế toán,D01,2025,19.78,,THPT
DTL,Trường Đại Học Thăng Long,7340301,Kế toán,D07,2025,18.78,,THPT
DTL,Đại học Thăng Long,7340301,Kế toán,D07,2025,19.78,,THPT
DTL,Đại học Thăng Long,7380107,Luật kinh tế,C00,2025,22.3,,THPT
DTL,Trường Đại Học Thăng Long,7380107,Luật kinh tế,C00,2025,23.3,,THPT
DTL,Đại học Thăng Long,7380107,Luật kinh tế,D01,2025,22.3,,THPT
DTL,Đại học Thăng Long,7480101,Khoa học máy tính,A00,2025,16.0,,THPT
DTL,Trường Đại Học Thăng Long,7480101,Khoa học máy tính,A00,2025,15.0,,THPT
DTL,Đại học Thăng Long,7480101,Khoa học máy tính,A01,2025,16.0,,THPT
DTL,Trường Đại Học Thăng Long,7480101,Khoa học máy tính,A01,2025,15.0,,THPT
DTL,Trường Đại Học Thăng Long,7480101,Khoa học máy tính,D01,2025,15.0,,THPT
DTL,Đại học Thăng Long,7480101,Khoa học máy tính,D01,2025,16.0,,THPT
DTL,Trường Đại Học Thăng Long,7480101,Khoa học máy tính,D07,2025,15.0,,THPT
DTL,Đại học Thăng Long,7480101,Khoa học máy tính,D07,2025,16.0,,THPT
DTL,Đại học Thăng Long,7480102,Mạng máy tính và truyền thông dữ liệu,A00,2025,16.0,,THPT
DTL,Trường Đại Học Thăng Long,7480102,Mạng máy tính và truyền thông dữ liệu,A00,2025,15.0,,THPT
DTL,Đại học Thăng Long,7480102,Mạng máy tính và truyền thông dữ liệu,A01,2025,16.0,,THPT
DTL,Trường Đại Học Thăng Long,7480102,Mạng máy tính và truyền thông dữ liệu,A01,2025,15.0,,THPT
DTL,Trường Đại Học Thăng Long,7480102,Mạng máy tính và truyền thông dữ liệu,D01,2025,15.0,,THPT
DTL,Đại học Thăng Long,7480102,Mạng máy tính và truyền thông dữ liệu,D01,2025,16.0,,THPT
DTL,Trường Đại Học Thăng Long,7480102,Mạng máy tính và truyền thông dữ liệu,D07,2025,15.0,,THPT
DTL,Đại học Thăng Long,7480102,Mạng máy tính và truyền thông dữ liệu,D07,2025,16.0,,THPT
DTL,Đại học Thăng Long,7480104,Hệ thống thông tin,A00,2025,16.0,,THPT
DTL,Trường Đại Học Thăng Long,7480104,Hệ thống thông tin,A00,2025,15.0,,THPT
DTL,Đại học Thăng Long,7480104,Hệ thống thông tin,A01,2025,16.0,,THPT
DTL,Trường Đại Học Thăng Long,7480104,Hệ thống thông tin,A01,2025,15.0,,THPT
DTL,Trường Đại Học Thăng Long,7480104,Hệ thống thông tin,D01,2025,15.0,,THPT
DTL,Đại học Thăng Long,7480104,Hệ thống thông tin,D01,2025,16.0,,THPT
DTL,Trường Đại Học Thăng Long,7480104,Hệ thống thông tin,D07,2025,15.0,,THPT
DTL,Đại học Thăng Long,7480104,Hệ thống thông tin,D07,2025,16.0,,THPT
DTL,Đại học Thăng Long,7480201,Công nghệ thông tin,A00,2025,17.0,,THPT
DTL,Trường Đại Học Thăng Long,7480201,Công nghệ thông tin,A00,2025,16.0,,THPT
DTL,Đại học Thăng Long,7480201,Công nghệ thông tin,A01,2025,17.0,,THPT
DTL,Trường Đại Học Thăng Long,7480201,Công nghệ thông tin,A01,2025,16.0,,THPT
DTL,Trường Đại Học Thăng Long,7480201,Công nghệ thông tin,D01,2025,16.0,,THPT
DTL,Đại học Thăng Long,7480201,Công nghệ thông tin,D01,2025,17.0,,THPT
DTL,Trường Đại Học Thăng Long,7480201,Công nghệ thông tin,D07,2025,16.0,,THPT
DTL,Đại học Thăng Long,7480201,Công nghệ thông tin,D07,2025,17.0,,THPT
DTL,Đại học Thăng Long,7480207,Trí tuệ nhân tạo,A00,2025,17.0,,THPT
DTL,Trường Đại Học Thăng Long,7480207,Trí tuệ nhân tạo,A00,2025,16.0,,THPT
DTL,Đại học Thăng Long,7480207,Trí tuệ nhân tạo,A01,2025,17.0,,THPT
DTL,Trường Đại Học Thăng Long,7480207,Trí tuệ nhân tạo,A01,2025,16.0,,THPT
DTL,Trường Đại Học Thăng Long,7480207,Trí tuệ nhân tạo,D01,2025,16.0,,THPT
DTL,Đại học Thăng Long,7480207,Trí tuệ nhân tạo,D01,2025,17.0,,THPT
DTL,Trường Đại Học Thăng Long,7480207,Trí tuệ nhân tạo,D07,2025,16.0,,THPT
DTL,Đại học Thăng Long,7480207,Trí tuệ nhân tạo,D07,2025,17.0,,THPT
DTL,Đại học Thăng Long,7510605,Logistics và Quản lý chuỗi cung ứng,A00,2025,21.4,,THPT
DTL,Trường Đại Học Thăng Long,7510605,Logistics và quản lý chuỗi cung ứng,A00,2025,20.4,,THPT
DTL,Đại học Thăng Long,7510605,Logistics và Quản lý chuỗi cung ứng,A01,2025,21.4,,THPT
DTL,Trường Đại Học Thăng Long,7510605,Logistics và quản lý chuỗi cung ứng,A01,2025,20.4,,THPT
DTL,Trường Đại Học Thăng Long,7510605,Logistics và quản lý chuỗi cung ứng,D01,2025,20.4,,THPT
DTL,Đại học Thăng Long,7510605,Logistics và Quản lý chuỗi cung ứng,D01,2025,21.4,,THPT
DTL,Trường Đại Học Thăng Long,7510605,Logistics và quản lý chuỗi cung ứng,D07,2025,20.4,,THPT
DTL,Đại học Thăng Long,7510605,Logistics và Quản lý chuỗi cung ứng,D07,2025,21.4,,THPT
DTL,Đại học Thăng Long,7720301,Điều dưỡng,A00,2025,19.55,,THPT
DTL,Trường Đại Học Thăng Long,7720301,Điều dưỡng,A00,2025,20.55,,THPT
DTL,Đại học Thăng Long,7720301,Điều dưỡng,B00,2025,19.55,,THPT
DTL,Trường Đại Học Thăng Long,7720301,Điều dưỡng,B00,2025,20.55,,THPT
DTL,Trường Đại Học Thăng Long,7720301,Điều dưỡng,D07,2025,20.55,,THPT
DTL,Trường Đại Học Thăng Long,7720301,Điều dưỡng,D07,2025,20.55,,THPT
DTL,Đại học Thăng Long,7720301,Điều dưỡng,D07,2025,19.55,,THPT
DTL,Đại học Thăng Long,7810103,Quản trị dịch vụ du lịch và lữ hành,A00,2025,20.15,,THPT
DTL,Trường Đại Học Thăng Long,7810103,Quản trị dịch vụ du lịch và lữ hành,A00,2025,19.15,,THPT
DTL,Đại học Thăng Long,7810103,Quản trị dịch vụ du lịch và lữ hành,A01,2025,20.15,,THPT
DTL,Trường Đại Học Thăng Long,7810103,Quản trị dịch vụ du lịch và lữ hành,A01,2025,19.15,,THPT
DTL,Trường Đại Học Thăng Long,7810103,Quản trị dịch vụ du lịch và lữ hành,D01,2025,19.15,,THPT
DTL,Đại học Thăng Long,7810103,Quản trị dịch vụ du lịch và lữ hành,D01,2025,20.15,,THPT
DTL,Trường Đại Học Thăng Long,7810103,Quản trị dịch vụ du lịch và lữ hành,D09,2025,19.15,,THPT
DTL,Đại học Thăng Long,7810103,Quản trị dịch vụ du lịch và lữ hành,D09,2025,20.15,,THPT
DTL,Trường Đại Học Thăng Long,7810103,Quản trị dịch vụ du lịch và lữ hành,D10,2025,19.15,,THPT
DTL,Đại học Thăng Long,7810103,Quản trị dịch vụ du lịch và lữ hành,D10,2025,20.15,,THPT
DTL,Đại học Thăng Long,7810201,Quản trị khách sạn,A00,2025,20.15,,THPT
DTL,Trường Đại Học Thăng Long,7810201,Quản trị khách sạn,A00,2025,19.15,,THPT
DTL,Đại học Thăng Long,7810201,Quản trị khách sạn,A01,2025,20.15,,THPT
DTL,Trường Đại Học Thăng Long,7810201,Quản trị khách sạn,A01,2025,19.15,,THPT
DTL,Trường Đại Học Thăng Long,7810201,Quản trị khách sạn,D01,2025,19.15,,THPT
DTL,Đại học Thăng Long,7810201,Quản trị khách sạn,D01,2025,20.15,,THPT
DTL,Trường Đại Học Thăng Long,7810201,Quản trị khách sạn,D09,2025,19.15,,THPT
DTL,Đại học Thăng Long,7810201,Quản trị khách sạn,D09,2025,20.15,,THPT
DTL,Trường Đại Học Thăng Long,7810201,Quản trị khách sạn,D10,2025,19.15,,THPT
DTL,Đại học Thăng Long,7810201,Quản trị khách sạn,D10,2025,20.15,,THPT
DTM,Trường Đại học Tài Nguyên và Môi Trường TPHCM,7340101,Quản trị kinh doanh,D01,2025,17.5,,THPT
DTM,Trường Đại học Tài Nguyên và Môi Trường TPHCM,7340116,Bất động sản,D01,2025,15.0,,THPT
DTM,Trường Đại học Tài Nguyên và Môi Trường TPHCM,73470101,Quản trị kinh doanh,D01,2025,0.0,,THPT
DTM,Trường Đại học Tài Nguyên và Môi Trường TPHCM,7440201,Địa chất học,D01,2025,15.0,,THPT
DTM,Trường Đại học Tài Nguyên và Môi Trường TPHCM,7440211,Biến đổi khí hậu,D01,2025,15.0,,THPT
DTM,Trường Đại học Tài Nguyên và Môi Trường TPHCM,7440222,Khí tượng và khí hậu học,D01,2025,15.0,,THPT
DTM,Trường Đại học Tài Nguyên và Môi Trường TPHCM,7440224,Thủy văn học,D01,2025,15.0,,THPT
DTM,Trường Đại học Tài Nguyên và Môi Trường TPHCM,7480104,Hệ thống thông tin,D01,2025,15.0,,THPT
DTM,Trường Đại học Tài Nguyên và Môi Trường TPHCM,7480201,Công nghệ thông tin,D01,2025,16.0,,THPT
DTM,Trường Đại học Tài Nguyên và Môi Trường TPHCM,7480201,Công nghệ thông tin,D01,2025,16.0,,THPT
DTM,Trường Đại học Tài Nguyên và Môi Trường TPHCM,7510401,Công nghệ kỹ thuật hóa học,D01,2025,15.0,,THPT
DTM,Trường Đại học Tài Nguyên và Môi Trường TPHCM,7510402,Công nghệ vật liệu,D01,2025,15.0,,THPT
DTM,Trường Đại học Tài Nguyên và Môi Trường TPHCM,7510402,Công nghệ vật liệu,D01,2025,15.0,,THPT
DTM,Trường Đại học Tài Nguyên và Môi Trường TPHCM,7510406,Công nghệ kỹ thuật môi trường,D01,2025,15.0,,THPT
DTM,Trường Đại học Tài Nguyên và Môi Trường TPHCM,7510605,Logictics và quản lý chuỗi cung ứng,D01,2025,20.0,,THPT
DTM,Trường Đại học Tài Nguyên và Môi Trường TPHCM,7510605,Logictics và quản lý chuỗi cung ứng,D01,2025,20.0,,THPT
DTM,Trường Đại học Tài Nguyên và Môi Trường TPHCM,7580213,Kỹ thuật cấp thoát nước,D01,2025,15.0,,THPT
DTM,Trường Đại học Tài Nguyên và Môi Trường TPHCM,7850101,Quản lý tài nguyên và môi trường,D01,2025,15.5,,THPT
DTM,Trường Đại học Tài Nguyên và Môi Trường TPHCM,7850101,Quản lý tài nguyên và môi trường,D01,2025,15.5,,THPT
DTM,Trường Đại học Tài Nguyên và Môi Trường TPHCM,7850102,Kinh tế tài nguyên thiên nhiên,D01,2025,15.0,,THPT
DTM,Trường Đại học Tài Nguyên và Môi Trường TPHCM,7850103,Quản lý đất đai,D01,2025,15.0,,THPT
DTM,Trường Đại học Tài Nguyên và Môi Trường TPHCM,7850197,Quản lý tài nguyên và môi trường biển đảo,D01,2025,15.0,,THPT
DTM,Trường Đại học Tài Nguyên và Môi Trường TPHCM,7850198,Quản lý tài nguyên nước,D01,2025,15.0,,THPT
DTN,Đại học Nông Lâm - Đại học Thái Nguyên,7220201,Ngôn ngữ Anh,A00,2025,15.0,,THPT
DTN,Trường Đại Học Nông Lâm Thái Nguyên,7220201,Ngôn ngữ Anh,A00,2025,15.0,,THPT
DTN,Trường Đại Học Nông Lâm Thái Nguyên,7220201,Ngôn ngữ Anh,A00,2025,15.0,,THPT
DTN,Trường Đại Học Nông Lâm Thái Nguyên,7220201,Ngôn ngữ Anh,B00,2025,15.0,,THPT
DTN,Trường Đại Học Nông Lâm Thái Nguyên,7220201,Ngôn ngữ Anh,B00,2025,15.0,,THPT
DTN,Đại học Nông Lâm - Đại học Thái Nguyên,7220201,Ngôn ngữ Anh,B00,2025,15.0,,THPT
DTN,Trường Đại Học Nông Lâm Thái Nguyên,7220201,Ngôn ngữ Anh,C00,2025,15.0,,THPT
DTN,Trường Đại Học Nông Lâm Thái Nguyên,7220201,Ngôn ngữ Anh,C00,2025,15.0,,THPT
DTN,Đại học Nông Lâm - Đại học Thái Nguyên,7220201,Ngôn ngữ Anh,C00,2025,15.0,,THPT
DTN,Trường Đại Học Nông Lâm Thái Nguyên,7220201,Ngôn ngữ Anh,D01,2025,15.0,,THPT
DTN,Trường Đại Học Nông Lâm Thái Nguyên,7220201,Ngôn ngữ Anh,D01,2025,15.0,,THPT
DTN,Đại học Nông Lâm - Đại học Thái Nguyên,7220201,Ngôn ngữ Anh,D01,2025,15.0,,THPT
DTN,Đại học Nông Lâm - Đại học Thái Nguyên,7310110,Quản lý kinh tế,A00,2025,15.0,,THPT
DTN,Trường Đại Học Nông Lâm Thái Nguyên,7310110,Quản lý kinh tế,A00,2025,15.0,,THPT
DTN,Trường Đại Học Nông Lâm Thái Nguyên,7310110,Quản lý kinh tế,A00,2025,15.0,,THPT
DTN,Trường Đại Học Nông Lâm Thái Nguyên,7310110,Quản lý kinh tế,B00,2025,15.0,,THPT
DTN,Trường Đại Học Nông Lâm Thái Nguyên,7310110,Quản lý kinh tế,B00,2025,15.0,,THPT
DTN,Đại học Nông Lâm - Đại học Thái Nguyên,7310110,Quản lý kinh tế,B00,2025,15.0,,THPT
DTN,Trường Đại Học Nông Lâm Thái Nguyên,7310110,Quản lý kinh tế,C00,2025,15.0,,THPT
DTN,Trường Đại Học Nông Lâm Thái Nguyên,7310110,Quản lý kinh tế,C00,2025,15.0,,THPT
DTN,Đại học Nông Lâm - Đại học Thái Nguyên,7310110,Quản lý kinh tế,C00,2025,15.0,,THPT
DTN,Trường Đại Học Nông Lâm Thái Nguyên,7310110,Quản lý kinh tế,D01,2025,15.0,,THPT
DTN,Trường Đại Học Nông Lâm Thái Nguyên,7310110,Quản lý kinh tế,D01,2025,15.0,,THPT
DTN,Đại học Nông Lâm - Đại học Thái Nguyên,7310110,Quản lý kinh tế,D01,2025,15.0,,THPT
DTN,Đại học Nông Lâm - Đại học Thái Nguyên,7320205,Quản lý thông tin,A00,2025,15.0,,THPT
DTN,Trường Đại Học Nông Lâm Thái Nguyên,7320205,Quản lý thông tin,A00,2025,15.0,,THPT
DTN,Trường Đại Học Nông Lâm Thái Nguyên,7320205,Quản lý thông tin,A00,2025,15.0,,THPT
DTN,Trường Đại Học Nông Lâm Thái Nguyên,7320205,Quản lý thông tin,B00,2025,15.0,,THPT
DTN,Trường Đại Học Nông Lâm Thái Nguyên,7320205,Quản lý thông tin,B00,2025,15.0,,THPT
DTN,Đại học Nông Lâm - Đại học Thái Nguyên,7320205,Quản lý thông tin,B00,2025,15.0,,THPT
DTN,Trường Đại Học Nông Lâm Thái Nguyên,7320205,Quản lý thông tin,C00,2025,15.0,,THPT
DTN,Trường Đại Học Nông Lâm Thái Nguyên,7320205,Quản lý thông tin,C00,2025,15.0,,THPT
DTN,Đại học Nông Lâm - Đại học Thái Nguyên,7320205,Quản lý thông tin,C00,2025,15.0,,THPT
DTN,Trường Đại Học Nông Lâm Thái Nguyên,7320205,Quản lý thông tin,D01,2025,15.0,,THPT
DTN,Trường Đại Học Nông Lâm Thái Nguyên,7320205,Quản lý thông tin,D01,2025,15.0,,THPT
DTN,Đại học Nông Lâm - Đại học Thái Nguyên,7320205,Quản lý thông tin,D01,2025,15.0,,THPT
DTN,Đại học Nông Lâm - Đại học Thái Nguyên,7340120,Ngành Kinh doanh quốc tế,A00,2025,15.0,,THPT
DTN,Trường Đại Học Nông Lâm Thái Nguyên,7340120,Kinh doanh quốc tế,A00,2025,15.0,,THPT
DTN,Trường Đại Học Nông Lâm Thái Nguyên,7340120,Kinh doanh quốc tế,A00,2025,15.0,,THPT
DTN,Trường Đại Học Nông Lâm Thái Nguyên,7340120,Kinh doanh quốc tế,B00,2025,15.0,,THPT
DTN,Trường Đại Học Nông Lâm Thái Nguyên,7340120,Kinh doanh quốc tế,B00,2025,15.0,,THPT
DTN,Đại học Nông Lâm - Đại học Thái Nguyên,7340120,Ngành Kinh doanh quốc tế,B00,2025,15.0,,THPT
DTN,Trường Đại Học Nông Lâm Thái Nguyên,7340120,Kinh doanh quốc tế,C00,2025,15.0,,THPT
DTN,Trường Đại Học Nông Lâm Thái Nguyên,7340120,Kinh doanh quốc tế,C00,2025,15.0,,THPT
DTN,Đại học Nông Lâm - Đại học Thái Nguyên,7340120,Ngành Kinh doanh quốc tế,C00,2025,15.0,,THPT
DTN,Trường Đại Học Nông Lâm Thái Nguyên,7340120,Kinh doanh quốc tế,D01,2025,15.0,,THPT
DTN,Trường Đại Học Nông Lâm Thái Nguyên,7340120,Kinh doanh quốc tế,D01,2025,15.0,,THPT
DTN,Đại học Nông Lâm - Đại học Thái Nguyên,7340120,Ngành Kinh doanh quốc tế,D01,2025,15.0,,THPT
DTN,Đại học Nông Lâm - Đại học Thái Nguyên,7340301,Kế toán,A00,2025,15.0,,THPT
DTN,Trường Đại Học Nông Lâm Thái Nguyên,7340301,Tài chính - Kế toán,A00,2025,15.0,,THPT
DTN,Trường Đại Học Nông Lâm Thái Nguyên,7340301,Tài chính - Kế toán,A00,2025,15.0,,THPT
DTN,Trường Đại Học Nông Lâm Thái Nguyên,7340301,Tài chính - Kế toán,B00,2025,15.0,,THPT
DTN,Trường Đại Học Nông Lâm Thái Nguyên,7340301,Tài chính - Kế toán,B00,2025,15.0,,THPT
DTN,Đại học Nông Lâm - Đại học Thái Nguyên,7340301,Kế toán,B00,2025,15.0,,THPT
DTN,Trường Đại Học Nông Lâm Thái Nguyên,7340301,Tài chính - Kế toán,C00,2025,15.0,,THPT
DTN,Trường Đại Học Nông Lâm Thái Nguyên,7340301,Tài chính - Kế toán,C00,2025,15.0,,THPT
DTN,Đại học Nông Lâm - Đại học Thái Nguyên,7340301,Kế toán,C00,2025,15.0,,THPT
DTN,Trường Đại Học Nông Lâm Thái Nguyên,7340301,Tài chính - Kế toán,D01,2025,15.0,,THPT
DTN,Trường Đại Học Nông Lâm Thái Nguyên,7340301,Tài chính - Kế toán,D01,2025,15.0,,THPT
DTN,Đại học Nông Lâm - Đại học Thái Nguyên,7340301,Kế toán,D01,2025,15.0,,THPT
DTN,Đại học Nông Lâm - Đại học Thái Nguyên,7420201,Công nghệ sinh học,A00,2025,15.0,,THPT
DTN,Trường Đại Học Nông Lâm Thái Nguyên,7420201,Công nghệ sinh học,A00,2025,15.0,,THPT
DTN,Trường Đại Học Nông Lâm Thái Nguyên,7420201,Công nghệ sinh học,A00,2025,15.0,,THPT
DTN,Trường Đại Học Nông Lâm Thái Nguyên,7420201,Công nghệ sinh học,B00,2025,15.0,,THPT
DTN,Trường Đại Học Nông Lâm Thái Nguyên,7420201,Công nghệ sinh học,B00,2025,15.0,,THPT
DTN,Đại học Nông Lâm - Đại học Thái Nguyên,7420201,Công nghệ sinh học,B00,2025,15.0,,THPT
DTN,Trường Đại Học Nông Lâm Thái Nguyên,7420201,Công nghệ sinh học,C00,2025,15.0,,THPT
DTN,Trường Đại Học Nông Lâm Thái Nguyên,7420201,Công nghệ sinh học,C00,2025,15.0,,THPT
DTN,Đại học Nông Lâm - Đại học Thái Nguyên,7420201,Công nghệ sinh học,C00,2025,15.0,,THPT
DTN,Trường Đại Học Nông Lâm Thái Nguyên,7420201,Công nghệ sinh học,D01,2025,15.0,,THPT
DTN,Trường Đại Học Nông Lâm Thái Nguyên,7420201,Công nghệ sinh học,D01,2025,15.0,,THPT
DTN,Đại học Nông Lâm - Đại học Thái Nguyên,7420201,Công nghệ sinh học,D01,2025,15.0,,THPT
DTN,Đại học Nông Lâm - Đại học Thái Nguyên,7440301,Khoa học môi trường,A00,2025,15.0,,THPT
DTN,Trường Đại Học Nông Lâm Thái Nguyên,7440301,Khoa học môi trường,A00,2025,15.0,,THPT
DTN,Trường Đại Học Nông Lâm Thái Nguyên,7440301,Khoa học môi trường,A00,2025,15.0,,THPT
DTN,Trường Đại Học Nông Lâm Thái Nguyên,7440301,Khoa học môi trường,B00,2025,15.0,,THPT
DTN,Trường Đại Học Nông Lâm Thái Nguyên,7440301,Khoa học môi trường,B00,2025,15.0,,THPT
DTN,Đại học Nông Lâm - Đại học Thái Nguyên,7440301,Khoa học môi trường,B00,2025,15.0,,THPT
DTN,Trường Đại Học Nông Lâm Thái Nguyên,7440301,Khoa học môi trường,C00,2025,15.0,,THPT
DTN,Trường Đại Học Nông Lâm Thái Nguyên,7440301,Khoa học môi trường,C00,2025,15.0,,THPT
DTN,Đại học Nông Lâm - Đại học Thái Nguyên,7440301,Khoa học môi trường,C00,2025,15.0,,THPT
DTN,Trường Đại Học Nông Lâm Thái Nguyên,7440301,Khoa học môi trường,D01,2025,15.0,,THPT
DTN,Trường Đại Học Nông Lâm Thái Nguyên,7440301,Khoa học môi trường,D01,2025,15.0,,THPT
DTN,Đại học Nông Lâm - Đại học Thái Nguyên,7440301,Khoa học môi trường,D01,2025,15.0,,THPT
DTN,Đại học Nông Lâm - Đại học Thái Nguyên,744030_CTTT,Khoa học và quản lý môi trường (Chương trình tiên tiến),A00,2025,15.0,,THPT
DTN,Đại học Nông Lâm - Đại học Thái Nguyên,744030_CTTT,Khoa học và quản lý môi trường (Chương trình tiên tiến),B00,2025,15.0,,THPT
DTN,Đại học Nông Lâm - Đại học Thái Nguyên,744030_CTTT,Khoa học và quản lý môi trường (Chương trình tiên tiến),C00,2025,15.0,,THPT
DTN,Đại học Nông Lâm - Đại học Thái Nguyên,744030_CTTT,Khoa học và quản lý môi trường (Chương trình tiên tiến),D01,2025,15.0,,THPT
DTN,Trường Đại Học Nông Lâm Thái Nguyên,7480201,Công nghệ và đổi mới sáng tạo,A00,2025,15.0,,THPT
DTN,Trường Đại Học Nông Lâm Thái Nguyên,7480201,Công nghệ và đổi mới sáng tạo,A00,2025,15.0,,THPT
DTN,Trường Đại Học Nông Lâm Thái Nguyên,7480201,Công nghệ và đổi mới sáng tạo,B00,2025,15.0,,THPT
DTN,Trường Đại Học Nông Lâm Thái Nguyên,7480201,Công nghệ và đổi mới sáng tạo,B00,2025,15.0,,THPT
DTN,Trường Đại Học Nông Lâm Thái Nguyên,7480201,Công nghệ và đổi mới sáng tạo,C00,2025,15.0,,THPT
DTN,Trường Đại Học Nông Lâm Thái Nguyên,7480201,Công nghệ và đổi mới sáng tạo,C00,2025,15.0,,THPT
DTN,Trường Đại Học Nông Lâm Thái Nguyên,7480201,Công nghệ và đổi mới sáng tạo,D01,2025,15.0,,THPT
DTN,Trường Đại Học Nông Lâm Thái Nguyên,7480201,Công nghệ và đổi mới sáng tạo,D01,2025,15.0,,THPT
DTN,Đại học Nông Lâm - Đại học Thái Nguyên,7489001,Khoa học Dữ liệu,A00,2025,15.0,,THPT
DTN,Đại học Nông Lâm - Đại học Thái Nguyên,7489001,Khoa học Dữ liệu,B00,2025,15.0,,THPT
DTN,Đại học Nông Lâm - Đại học Thái Nguyên,7489001,Khoa học Dữ liệu,C00,2025,15.0,,THPT
DTN,Đại học Nông Lâm - Đại học Thái Nguyên,7489001,Khoa học Dữ liệu,D01,2025,15.0,,THPT
DTN,Đại học Nông Lâm - Đại học Thái Nguyên,7540101,Công nghệ thực phẩm,A00,2025,15.0,,THPT
DTN,Trường Đại Học Nông Lâm Thái Nguyên,7540101,Công nghệ thực phẩm,A00,2025,15.0,,THPT
DTN,Trường Đại Học Nông Lâm Thái Nguyên,7540101,Công nghệ thực phẩm,A00,2025,15.0,,THPT
DTN,Trường Đại Học Nông Lâm Thái Nguyên,7540101,Công nghệ thực phẩm,B00,2025,15.0,,THPT
DTN,Trường Đại Học Nông Lâm Thái Nguyên,7540101,Công nghệ thực phẩm,B00,2025,15.0,,THPT
DTN,Đại học Nông Lâm - Đại học Thái Nguyên,7540101,Công nghệ thực phẩm,B00,2025,15.0,,THPT
DTN,Trường Đại Học Nông Lâm Thái Nguyên,7540101,Công nghệ thực phẩm,C00,2025,15.0,,THPT
DTN,Trường Đại Học Nông Lâm Thái Nguyên,7540101,Công nghệ thực phẩm,C00,2025,15.0,,THPT
DTN,Đại học Nông Lâm - Đại học Thái Nguyên,7540101,Công nghệ thực phẩm,C00,2025,15.0,,THPT
DTN,Trường Đại Học Nông Lâm Thái Nguyên,7540101,Công nghệ thực phẩm,D01,2025,15.0,,THPT
DTN,Trường Đại Học Nông Lâm Thái Nguyên,7540101,Công nghệ thực phẩm,D01,2025,15.0,,THPT
DTN,Đại học Nông Lâm - Đại học Thái Nguyên,7540101,Công nghệ thực phẩm,D01,2025,15.0,,THPT
DTN,Đại học Nông Lâm - Đại học Thái Nguyên,7540101_CTTT,Công nghệ thực phẩm (Chương trình tiên tiến),A00,2025,15.0,,THPT
DTN,Đại học Nông Lâm - Đại học Thái Nguyên,7540101_CTTT,Công nghệ thực phẩm (Chương trình tiên tiến),B00,2025,15.0,,THPT
DTN,Đại học Nông Lâm - Đại học Thái Nguyên,7540101_CTTT,Công nghệ thực phẩm (Chương trình tiên tiến),C00,2025,15.0,,THPT
DTN,Đại học Nông Lâm - Đại học Thái Nguyên,7540101_CTTT,Công nghệ thực phẩm (Chương trình tiên tiến),D01,2025,15.0,,THPT
DTN,Đại học Nông Lâm - Đại học Thái Nguyên,7540106,Đảm bảo chất lượng và an toàn thực phẩm,A00,2025,15.0,,THPT
DTN,Trường Đại Học Nông Lâm Thái Nguyên,7540106,Đảm bảo chất lượng và An toàn thực phẩm,A00,2025,15.0,,THPT
DTN,Trường Đại Học Nông Lâm Thái Nguyên,7540106,Đảm bảo chất lượng và An toàn thực phẩm,A00,2025,15.0,,THPT
DTN,Trường Đại Học Nông Lâm Thái Nguyên,7540106,Đảm bảo chất lượng và An toàn thực phẩm,B00,2025,15.0,,THPT
DTN,Trường Đại Học Nông Lâm Thái Nguyên,7540106,Đảm bảo chất lượng và An toàn thực phẩm,B00,2025,15.0,,THPT
DTN,Đại học Nông Lâm - Đại học Thái Nguyên,7540106,Đảm bảo chất lượng và an toàn thực phẩm,B00,2025,15.0,,THPT
DTN,Trường Đại Học Nông Lâm Thái Nguyên,7540106,Đảm bảo chất lượng và An toàn thực phẩm,C00,2025,15.0,,THPT
DTN,Trường Đại Học Nông Lâm Thái Nguyên,7540106,Đảm bảo chất lượng và An toàn thực phẩm,C00,2025,15.0,,THPT
DTN,Đại học Nông Lâm - Đại học Thái Nguyên,7540106,Đảm bảo chất lượng và an toàn thực phẩm,C00,2025,15.0,,THPT
DTN,Trường Đại Học Nông Lâm Thái Nguyên,7540106,Đảm bảo chất lượng và An toàn thực phẩm,D01,2025,15.0,,THPT
DTN,Trường Đại Học Nông Lâm Thái Nguyên,7540106,Đảm bảo chất lượng và An toàn thực phẩm,D01,2025,15.0,,THPT
DTN,Đại học Nông Lâm - Đại học Thái Nguyên,7540106,Đảm bảo chất lượng và an toàn thực phẩm,D01,2025,15.0,,THPT
DTN,Đại học Nông Lâm - Đại học Thái Nguyên,7549002,Dược liệu và Hợp chất thiên nhiên,A00,2025,15.0,,THPT
DTN,Trường Đại Học Nông Lâm Thái Nguyên,7549002,Dược liệu và hợp chất thiên nhiên,A00,2025,15.0,,THPT
DTN,Trường Đại Học Nông Lâm Thái Nguyên,7549002,Dược liệu và hợp chất thiên nhiên,A00,2025,15.0,,THPT
DTN,Trường Đại Học Nông Lâm Thái Nguyên,7549002,Dược liệu và hợp chất thiên nhiên,B00,2025,15.0,,THPT
DTN,Trường Đại Học Nông Lâm Thái Nguyên,7549002,Dược liệu và hợp chất thiên nhiên,B00,2025,15.0,,THPT
DTN,Đại học Nông Lâm - Đại học Thái Nguyên,7549002,Dược liệu và Hợp chất thiên nhiên,B00,2025,15.0,,THPT
DTN,Trường Đại Học Nông Lâm Thái Nguyên,7549002,Dược liệu và hợp chất thiên nhiên,C00,2025,15.0,,THPT
DTN,Trường Đại Học Nông Lâm Thái Nguyên,7549002,Dược liệu và hợp chất thiên nhiên,C00,2025,15.0,,THPT
DTN,Đại học Nông Lâm - Đại học Thái Nguyên,7549002,Dược liệu và Hợp chất thiên nhiên,C00,2025,15.0,,THPT
DTN,Trường Đại Học Nông Lâm Thái Nguyên,7549002,Dược liệu và hợp chất thiên nhiên,D01,2025,15.0,,THPT
DTN,Trường Đại Học Nông Lâm Thái Nguyên,7549002,Dược liệu và hợp chất thiên nhiên,D01,2025,15.0,,THPT
DTN,Đại học Nông Lâm - Đại học Thái Nguyên,7549002,Dược liệu và Hợp chất thiên nhiên,D01,2025,15.0,,THPT
DTN,Đại học Nông Lâm - Đại học Thái Nguyên,7580109,Quản lý phát triển đô thị và bất động sản,A00,2025,15.0,,THPT
DTN,Trường Đại Học Nông Lâm Thái Nguyên,7580109,Quản lý phát triển đô thị và bất động sản,A00,2025,15.0,,THPT
DTN,Trường Đại Học Nông Lâm Thái Nguyên,7580109,Quản lý phát triển đô thị và bất động sản,A00,2025,15.0,,THPT
DTN,Trường Đại Học Nông Lâm Thái Nguyên,7580109,Quản lý phát triển đô thị và bất động sản,B00,2025,15.0,,THPT
DTN,Trường Đại Học Nông Lâm Thái Nguyên,7580109,Quản lý phát triển đô thị và bất động sản,B00,2025,15.0,,THPT
DTN,Đại học Nông Lâm - Đại học Thái Nguyên,7580109,Quản lý phát triển đô thị và bất động sản,B00,2025,15.0,,THPT
DTN,Trường Đại Học Nông Lâm Thái Nguyên,7580109,Quản lý phát triển đô thị và bất động sản,C00,2025,15.0,,THPT
DTN,Trường Đại Học Nông Lâm Thái Nguyên,7580109,Quản lý phát triển đô thị và bất động sản,C00,2025,15.0,,THPT
DTN,Đại học Nông Lâm - Đại học Thái Nguyên,7580109,Quản lý phát triển đô thị và bất động sản,C00,2025,15.0,,THPT
DTN,Trường Đại Học Nông Lâm Thái Nguyên,7580109,Quản lý phát triển đô thị và bất động sản,D01,2025,15.0,,THPT
DTN,Trường Đại Học Nông Lâm Thái Nguyên,7580109,Quản lý phát triển đô thị và bất động sản,D01,2025,15.0,,THPT
DTN,Đại học Nông Lâm - Đại học Thái Nguyên,7580109,Quản lý phát triển đô thị và bất động sản,D01,2025,15.0,,THPT
DTN,Đại học Nông Lâm - Đại học Thái Nguyên,7620101,Nông nghiệp,A00,2025,15.0,,THPT
DTN,Trường Đại Học Nông Lâm Thái Nguyên,7620101,Nông nghiệp công nghệ cao,A00,2025,15.0,,THPT
DTN,Trường Đại Học Nông Lâm Thái Nguyên,7620101,Nông nghiệp công nghệ cao,A00,2025,15.0,,THPT
DTN,Trường Đại Học Nông Lâm Thái Nguyên,7620101,Nông nghiệp công nghệ cao,B00,2025,15.0,,THPT
DTN,Trường Đại Học Nông Lâm Thái Nguyên,7620101,Nông nghiệp công nghệ cao,B00,2025,15.0,,THPT
DTN,Đại học Nông Lâm - Đại học Thái Nguyên,7620101,Nông nghiệp,B00,2025,15.0,,THPT
DTN,Trường Đại Học Nông Lâm Thái Nguyên,7620101,Nông nghiệp công nghệ cao,C00,2025,15.0,,THPT
DTN,Trường Đại Học Nông Lâm Thái Nguyên,7620101,Nông nghiệp công nghệ cao,C00,2025,15.0,,THPT
DTN,Đại học Nông Lâm - Đại học Thái Nguyên,7620101,Nông nghiệp,C00,2025,15.0,,THPT
DTN,Trường Đại Học Nông Lâm Thái Nguyên,7620101,Nông nghiệp công nghệ cao,D01,2025,15.0,,THPT
DTN,Trường Đại Học Nông Lâm Thái Nguyên,7620101,Nông nghiệp công nghệ cao,D01,2025,15.0,,THPT
DTN,Đại học Nông Lâm - Đại học Thái Nguyên,7620101,Nông nghiệp,D01,2025,15.0,,THPT
DTN,Đại học Nông Lâm - Đại học Thái Nguyên,7620105,Chăn nuôi,A00,2025,15.0,,THPT
DTN,Trường Đại Học Nông Lâm Thái Nguyên,7620105,Chăn nuôi thú y,A00,2025,15.0,,THPT
DTN,Trường Đại Học Nông Lâm Thái Nguyên,7620105,Chăn nuôi thú y,A00,2025,15.0,,THPT
DTN,Trường Đại Học Nông Lâm Thái Nguyên,7620105,Chăn nuôi thú y,B00,2025,15.0,,THPT
DTN,Trường Đại Học Nông Lâm Thái Nguyên,7620105,Chăn nuôi thú y,B00,2025,15.0,,THPT
DTN,Đại học Nông Lâm - Đại học Thái Nguyên,7620105,Chăn nuôi,B00,2025,15.0,,THPT
DTN,Trường Đại Học Nông Lâm Thái Nguyên,7620105,Chăn nuôi thú y,C00,2025,15.0,,THPT
DTN,Trường Đại Học Nông Lâm Thái Nguyên,7620105,Chăn nuôi thú y,C00,2025,15.0,,THPT
DTN,Đại học Nông Lâm - Đại học Thái Nguyên,7620105,Chăn nuôi,C00,2025,15.0,,THPT
DTN,Trường Đại Học Nông Lâm Thái Nguyên,7620105,Chăn nuôi thú y,D01,2025,15.0,,THPT
DTN,Trường Đại Học Nông Lâm Thái Nguyên,7620105,Chăn nuôi thú y,D01,2025,15.0,,THPT
DTN,Đại học Nông Lâm - Đại học Thái Nguyên,7620105,Chăn nuôi,D01,2025,15.0,,THPT
DTN,Đại học Nông Lâm - Đại học Thái Nguyên,7620110,Khoa học cây trồng,A00,2025,15.0,,THPT
DTN,Trường Đại Học Nông Lâm Thái Nguyên,7620110,Khoa học cây trồng,A00,2025,15.0,,THPT
DTN,Trường Đại Học Nông Lâm Thái Nguyên,7620110,Khoa học cây trồng,A00,2025,15.0,,THPT
DTN,Trường Đại Học Nông Lâm Thái Nguyên,7620110,Khoa học cây trồng,B00,2025,15.0,,THPT
DTN,Trường Đại Học Nông Lâm Thái Nguyên,7620110,Khoa học cây trồng,B00,2025,15.0,,THPT
DTN,Đại học Nông Lâm - Đại học Thái Nguyên,7620110,Khoa học cây trồng,B00,2025,15.0,,THPT
DTN,Trường Đại Học Nông Lâm Thái Nguyên,7620110,Khoa học cây trồng,C00,2025,15.0,,THPT
DTN,Trường Đại Học Nông Lâm Thái Nguyên,7620110,Khoa học cây trồng,C00,2025,15.0,,THPT
DTN,Đại học Nông Lâm - Đại học Thái Nguyên,7620110,Khoa học cây trồng,C00,2025,15.0,,THPT
DTN,Trường Đại Học Nông Lâm Thái Nguyên,7620110,Khoa học cây trồng,D01,2025,15.0,,THPT
DTN,Trường Đại Học Nông Lâm Thái Nguyên,7620110,Khoa học cây trồng,D01,2025,15.0,,THPT
DTN,Đại học Nông Lâm - Đại học Thái Nguyên,7620110,Khoa học cây trồng,D01,2025,15.0,,THPT
DTN,Đại học Nông Lâm - Đại học Thái Nguyên,7620115,Kinh tế nông nghiệp,A00,2025,15.0,,THPT
DTN,Trường Đại Học Nông Lâm Thái Nguyên,7620115,Kinh tế nông nghiệp,A00,2025,15.0,,THPT
DTN,Trường Đại Học Nông Lâm Thái Nguyên,7620115,Kinh tế nông nghiệp,A00,2025,15.0,,THPT
DTN,Trường Đại Học Nông Lâm Thái Nguyên,7620115,Kinh tế nông nghiệp,B00,2025,15.0,,THPT
DTN,Trường Đại Học Nông Lâm Thái Nguyên,7620115,Kinh tế nông nghiệp,B00,2025,15.0,,THPT
DTN,Đại học Nông Lâm - Đại học Thái Nguyên,7620115,Kinh tế nông nghiệp,B00,2025,15.0,,THPT
DTN,Trường Đại Học Nông Lâm Thái Nguyên,7620115,Kinh tế nông nghiệp,C00,2025,15.0,,THPT
DTN,Trường Đại Học Nông Lâm Thái Nguyên,7620115,Kinh tế nông nghiệp,C00,2025,15.0,,THPT
DTN,Đại học Nông Lâm - Đại học Thái Nguyên,7620115,Kinh tế nông nghiệp,C00,2025,15.0,,THPT
DTN,Trường Đại Học Nông Lâm Thái Nguyên,7620115,Kinh tế nông nghiệp,D01,2025,15.0,,THPT
DTN,Trường Đại Học Nông Lâm Thái Nguyên,7620115,Kinh tế nông nghiệp,D01,2025,15.0,,THPT
DTN,Đại học Nông Lâm - Đại học Thái Nguyên,7620115,Kinh tế nông nghiệp,D01,2025,15.0,,THPT
DTN,Đại học Nông Lâm - Đại học Thái Nguyên,7620115_CTTT,Kinh tế nông nghiệp (Chương trình tiên tiến),A00,2025,15.0,,THPT
DTN,Đại học Nông Lâm - Đại học Thái Nguyên,7620115_CTTT,Kinh tế nông nghiệp (Chương trình tiên tiến),B00,2025,15.0,,THPT
DTN,Đại học Nông Lâm - Đại học Thái Nguyên,7620115_CTTT,Kinh tế nông nghiệp (Chương trình tiên tiến),C00,2025,15.0,,THPT
DTN,Đại học Nông Lâm - Đại học Thái Nguyên,7620115_CTTT,Kinh tế nông nghiệp (Chương trình tiên tiến),D01,2025,15.0,,THPT
DTN,Đại học Nông Lâm - Đại học Thái Nguyên,7620205,Lâm sinh,A00,2025,15.0,,THPT
DTN,Trường Đại Học Nông Lâm Thái Nguyên,7620205,Lâm sinh,A00,2025,15.0,,THPT
DTN,Trường Đại Học Nông Lâm Thái Nguyên,7620205,Lâm sinh,A00,2025,15.0,,THPT
DTN,Trường Đại Học Nông Lâm Thái Nguyên,7620205,Lâm sinh,B00,2025,15.0,,THPT
DTN,Trường Đại Học Nông Lâm Thái Nguyên,7620205,Lâm sinh,B00,2025,15.0,,THPT
DTN,Đại học Nông Lâm - Đại học Thái Nguyên,7620205,Lâm sinh,B00,2025,15.0,,THPT
DTN,Trường Đại Học Nông Lâm Thái Nguyên,7620205,Lâm sinh,C00,2025,15.0,,THPT
DTN,Trường Đại Học Nông Lâm Thái Nguyên,7620205,Lâm sinh,C00,2025,15.0,,THPT
DTN,Đại học Nông Lâm - Đại học Thái Nguyên,7620205,Lâm sinh,C00,2025,15.0,,THPT
DTN,Trường Đại Học Nông Lâm Thái Nguyên,7620205,Lâm sinh,D01,2025,15.0,,THPT
DTN,Trường Đại Học Nông Lâm Thái Nguyên,7620205,Lâm sinh,D01,2025,15.0,,THPT
DTN,Đại học Nông Lâm - Đại học Thái Nguyên,7620205,Lâm sinh,D01,2025,15.0,,THPT
DTN,Đại học Nông Lâm - Đại học Thái Nguyên,7620211,Quản lý tài nguyên rừng,A00,2025,15.0,,THPT
DTN,Trường Đại Học Nông Lâm Thái Nguyên,7620211,Quản lý tài nguyên rừng,A00,2025,15.0,,THPT
DTN,Trường Đại Học Nông Lâm Thái Nguyên,7620211,Quản lý tài nguyên rừng,A00,2025,15.0,,THPT
DTN,Trường Đại Học Nông Lâm Thái Nguyên,7620211,Quản lý tài nguyên rừng,B00,2025,15.0,,THPT
DTN,Trường Đại Học Nông Lâm Thái Nguyên,7620211,Quản lý tài nguyên rừng,B00,2025,15.0,,THPT
DTN,Đại học Nông Lâm - Đại học Thái Nguyên,7620211,Quản lý tài nguyên rừng,B00,2025,15.0,,THPT
DTN,Trường Đại Học Nông Lâm Thái Nguyên,7620211,Quản lý tài nguyên rừng,C00,2025,15.0,,THPT
DTN,Trường Đại Học Nông Lâm Thái Nguyên,7620211,Quản lý tài nguyên rừng,C00,2025,15.0,,THPT
DTN,Đại học Nông Lâm - Đại học Thái Nguyên,7620211,Quản lý tài nguyên rừng,C00,2025,15.0,,THPT
DTN,Trường Đại Học Nông Lâm Thái Nguyên,7620211,Quản lý tài nguyên rừng,D01,2025,15.0,,THPT
DTN,Trường Đại Học Nông Lâm Thái Nguyên,7620211,Quản lý tài nguyên rừng,D01,2025,15.0,,THPT
DTN,Đại học Nông Lâm - Đại học Thái Nguyên,7620211,Quản lý tài nguyên rừng,D01,2025,15.0,,THPT
DTN,Đại học Nông Lâm - Đại học Thái Nguyên,7640101,Thú y,A00,2025,15.0,,THPT
DTN,Trường Đại Học Nông Lâm Thái Nguyên,7640101,Thú y,A00,2025,15.0,,THPT
DTN,Trường Đại Học Nông Lâm Thái Nguyên,7640101,Thú y,A00,2025,15.0,,THPT
DTN,Trường Đại Học Nông Lâm Thái Nguyên,7640101,Thú y,B00,2025,15.0,,THPT
DTN,Trường Đại Học Nông Lâm Thái Nguyên,7640101,Thú y,B00,2025,15.0,,THPT
DTN,Đại học Nông Lâm - Đại học Thái Nguyên,7640101,Thú y,B00,2025,15.0,,THPT
DTN,Trường Đại Học Nông Lâm Thái Nguyên,7640101,Thú y,C00,2025,15.0,,THPT
DTN,Trường Đại Học Nông Lâm Thái Nguyên,7640101,Thú y,C00,2025,15.0,,THPT
DTN,Đại học Nông Lâm - Đại học Thái Nguyên,7640101,Thú y,C00,2025,15.0,,THPT
DTN,Trường Đại Học Nông Lâm Thái Nguyên,7640101,Thú y,D01,2025,15.0,,THPT
DTN,Trường Đại Học Nông Lâm Thái Nguyên,7640101,Thú y,D01,2025,15.0,,THPT
DTN,Đại học Nông Lâm - Đại học Thái Nguyên,7640101,Thú y,D01,2025,15.0,,THPT
DTN,Trường Đại Học Nông Lâm Thái Nguyên,7810204-CTTT,Quản lý du lịch quốc tế (CTTT),A00,2025,15.0,,THPT
DTN,Trường Đại Học Nông Lâm Thái Nguyên,7810204-CTTT,Quản lý du lịch quốc tế (CTTT),A00,2025,15.0,,THPT
DTN,Trường Đại Học Nông Lâm Thái Nguyên,7810204-CTTT,Quản lý du lịch quốc tế (CTTT),B00,2025,15.0,,THPT
DTN,Trường Đại Học Nông Lâm Thái Nguyên,7810204-CTTT,Quản lý du lịch quốc tế (CTTT),B00,2025,15.0,,THPT
DTN,Trường Đại Học Nông Lâm Thái Nguyên,7810204-CTTT,Quản lý du lịch quốc tế (CTTT),C00,2025,15.0,,THPT
DTN,Trường Đại Học Nông Lâm Thái Nguyên,7810204-CTTT,Quản lý du lịch quốc tế (CTTT),C00,2025,15.0,,THPT
DTN,Trường Đại Học Nông Lâm Thái Nguyên,7810204-CTTT,Quản lý du lịch quốc tế (CTTT),D01,2025,15.0,,THPT
DTN,Trường Đại Học Nông Lâm Thái Nguyên,7810204-CTTT,Quản lý du lịch quốc tế (CTTT),D01,2025,15.0,,THPT
DTN,Đại học Nông Lâm - Đại học Thái Nguyên,7810204_CTTT,Quản lý du lịch quốc tế (Chương trình tiên tiến),A00,2025,15.0,,THPT
DTN,Đại học Nông Lâm - Đại học Thái Nguyên,7810204_CTTT,Quản lý du lịch quốc tế (Chương trình tiên tiến),B00,2025,15.0,,THPT
DTN,Đại học Nông Lâm - Đại học Thái Nguyên,7810204_CTTT,Quản lý du lịch quốc tế (Chương trình tiên tiến),C00,2025,15.0,,THPT
DTN,Đại học Nông Lâm - Đại học Thái Nguyên,7810204_CTTT,Quản lý du lịch quốc tế (Chương trình tiên tiến),D01,2025,15.0,,THPT
DTN,Đại học Nông Lâm - Đại học Thái Nguyên,7850101,Quản lý tài nguyên và môi trường,A00,2025,15.0,,THPT
DTN,Trường Đại Học Nông Lâm Thái Nguyên,7850101,Quản lý tài nguyên và môi trường,A00,2025,15.0,,THPT
DTN,Trường Đại Học Nông Lâm Thái Nguyên,7850101,Quản lý tài nguyên và môi trường,A00,2025,15.0,,THPT
DTN,Trường Đại Học Nông Lâm Thái Nguyên,7850101,Quản lý tài nguyên và môi trường,B00,2025,15.0,,THPT
DTN,Trường Đại Học Nông Lâm Thái Nguyên,7850101,Quản lý tài nguyên và môi trường,B00,2025,15.0,,THPT
DTN,Đại học Nông Lâm - Đại học Thái Nguyên,7850101,Quản lý tài nguyên và môi trường,B00,2025,15.0,,THPT
DTN,Trường Đại Học Nông Lâm Thái Nguyên,7850101,Quản lý tài nguyên và môi trường,C00,2025,15.0,,THPT
DTN,Trường Đại Học Nông Lâm Thái Nguyên,7850101,Quản lý tài nguyên và môi trường,C00,2025,15.0,,THPT
DTN,Đại học Nông Lâm - Đại học Thái Nguyên,7850101,Quản lý tài nguyên và môi trường,C00,2025,15.0,,THPT
DTN,Trường Đại Học Nông Lâm Thái Nguyên,7850101,Quản lý tài nguyên và môi trường,D01,2025,15.0,,THPT
DTN,Trường Đại Học Nông Lâm Thái Nguyên,7850101,Quản lý tài nguyên và môi trường,D01,2025,15.0,,THPT
DTN,Đại học Nông Lâm - Đại học Thái Nguyên,7850101,Quản lý tài nguyên và môi trường,D01,2025,15.0,,THPT
DTN,Đại học Nông Lâm - Đại học Thái Nguyên,7850103,Quản lý đất đai,A00,2025,15.0,,THPT
DTN,Trường Đại Học Nông Lâm Thái Nguyên,7850103,Quản lý đất đai,A00,2025,15.0,,THPT
DTN,Trường Đại Học Nông Lâm Thái Nguyên,7850103,Quản lý đất đai,A00,2025,15.0,,THPT
DTN,Trường Đại Học Nông Lâm Thái Nguyên,7850103,Quản lý đất đai,B00,2025,15.0,,THPT
DTN,Trường Đại Học Nông Lâm Thái Nguyên,7850103,Quản lý đất đai,B00,2025,15.0,,THPT
DTN,Đại học Nông Lâm - Đại học Thái Nguyên,7850103,Quản lý đất đai,B00,2025,15.0,,THPT
DTN,Trường Đại Học Nông Lâm Thái Nguyên,7850103,Quản lý đất đai,C00,2025,15.0,,THPT
DTN,Trường Đại Học Nông Lâm Thái Nguyên,7850103,Quản lý đất đai,C00,2025,15.0,,THPT
DTN,Đại học Nông Lâm - Đại học Thái Nguyên,7850103,Quản lý đất đai,C00,2025,15.0,,THPT
DTN,Trường Đại Học Nông Lâm Thái Nguyên,7850103,Quản lý đất đai,D01,2025,15.0,,THPT
DTN,Trường Đại Học Nông Lâm Thái Nguyên,7850103,Quản lý đất đai,D01,2025,15.0,,THPT
DTN,Đại học Nông Lâm - Đại học Thái Nguyên,7850103,Quản lý đất đai,D01,2025,15.0,,THPT
DTN,Trường Đại Học Nông Lâm Thái Nguyên,7904492-CTTT,Khoa học và Quản lý môi trường (CTTT),A00,2025,15.0,,THPT
DTN,Trường Đại Học Nông Lâm Thái Nguyên,7904492-CTTT,Khoa học và Quản lý môi trường (CTTT),A00,2025,15.0,,THPT
DTN,Trường Đại Học Nông Lâm Thái Nguyên,7904492-CTTT,Khoa học và Quản lý môi trường (CTTT),B00,2025,15.0,,THPT
DTN,Trường Đại Học Nông Lâm Thái Nguyên,7904492-CTTT,Khoa học và Quản lý môi trường (CTTT),B00,2025,15.0,,THPT
DTN,Trường Đại Học Nông Lâm Thái Nguyên,7904492-CTTT,Khoa học và Quản lý môi trường (CTTT),C00,2025,15.0,,THPT
DTN,Trường Đại Học Nông Lâm Thái Nguyên,7904492-CTTT,Khoa học và Quản lý môi trường (CTTT),C00,2025,15.0,,THPT
DTN,Trường Đại Học Nông Lâm Thái Nguyên,7904492-CTTT,Khoa học và Quản lý môi trường (CTTT),D01,2025,15.0,,THPT
DTN,Trường Đại Học Nông Lâm Thái Nguyên,7904492-CTTT,Khoa học và Quản lý môi trường (CTTT),D01,2025,15.0,,THPT
DTN,Trường Đại Học Nông Lâm Thái Nguyên,7905419-CTTT,Công nghệ thực phẩm (CTTT),A00,2025,15.0,,THPT
DTN,Trường Đại Học Nông Lâm Thái Nguyên,7905419-CTTT,Công nghệ thực phẩm (CTTT),A00,2025,15.0,,THPT
DTN,Trường Đại Học Nông Lâm Thái Nguyên,7905419-CTTT,Công nghệ thực phẩm (CTTT),B00,2025,15.0,,THPT
DTN,Trường Đại Học Nông Lâm Thái Nguyên,7905419-CTTT,Công nghệ thực phẩm (CTTT),B00,2025,15.0,,THPT
DTN,Trường Đại Học Nông Lâm Thái Nguyên,7905419-CTTT,Công nghệ thực phẩm (CTTT),C00,2025,15.0,,THPT
DTN,Trường Đại Học Nông Lâm Thái Nguyên,7905419-CTTT,Công nghệ thực phẩm (CTTT),C00,2025,15.0,,THPT
DTN,Trường Đại Học Nông Lâm Thái Nguyên,7905419-CTTT,Công nghệ thực phẩm (CTTT),D01,2025,15.0,,THPT
DTN,Trường Đại Học Nông Lâm Thái Nguyên,7905419-CTTT,Công nghệ thực phẩm (CTTT),D01,2025,15.0,,THPT
DTN,Trường Đại Học Nông Lâm Thái Nguyên,7906425-CTTT,Kinh tế nông nghiệp (CTTT),A00,2025,15.0,,THPT
DTN,Trường Đại Học Nông Lâm Thái Nguyên,7906425-CTTT,Kinh tế nông nghiệp (CTTT),A00,2025,15.0,,THPT
DTN,Trường Đại Học Nông Lâm Thái Nguyên,7906425-CTTT,Kinh tế nông nghiệp (CTTT),B00,2025,15.0,,THPT
DTN,Trường Đại Học Nông Lâm Thái Nguyên,7906425-CTTT,Kinh tế nông nghiệp (CTTT),B00,2025,15.0,,THPT
DTN,Trường Đại Học Nông Lâm Thái Nguyên,7906425-CTTT,Kinh tế nông nghiệp (CTTT),C00,2025,15.0,,THPT
DTN,Trường Đại Học Nông Lâm Thái Nguyên,7906425-CTTT,Kinh tế nông nghiệp (CTTT),C00,2025,15.0,,THPT
DTN,Trường Đại Học Nông Lâm Thái Nguyên,7906425-CTTT,Kinh tế nông nghiệp (CTTT),D01,2025,15.0,,THPT
DTN,Trường Đại Học Nông Lâm Thái Nguyên,7906425-CTTT,Kinh tế nông nghiệp (CTTT),D01,2025,15.0,,THPT
DTP,Phân Hiệu Đại Học Thái Nguyên Tại Lào Cai,51140201,Giáo dục Mầm non (cao đẳng),D01,2025,23.76,,THPT
DTP,Phân Hiệu Đại Học Thái Nguyên Tại Lào Cai,7140201,Giáo dục Mầm non,D01,2025,24.33,,THPT
DTP,Phân Hiệu Đại Học Thái Nguyên Tại Lào Cai,7140202,Giáo dục Tiểu học (Chương trình dạy và học bằng tiếng Anh),A01,2025,25.05,,THPT
DTP,Phân Hiệu Đại Học Thái Nguyên Tại Lào Cai,7140202,Giáo dục Tiểu học (Chương trình dạy và học bằng tiếng Anh),D01,2025,25.05,,THPT
DTP,Phân Hiệu Đại Học Thái Nguyên Tại Lào Cai,7140202,Giáo dục Tiểu học,D01,2025,25.84,,THPT
DTP,Phân Hiệu Đại Học Thái Nguyên Tại Lào Cai,7140202,Giáo dục Tiểu học (Chương trình dạy và học bằng tiếng Anh),D07,2025,25.05,,THPT
DTP,Phân Hiệu Đại Học Thái Nguyên Tại Lào Cai,7140202,Giáo dục Tiểu học (Chương trình dạy và học bằng tiếng Anh),D09,2025,25.05,,THPT
DTP,Phân Hiệu Đại Học Thái Nguyên Tại Lào Cai,7140202,Giáo dục Tiểu học (Chương trình dạy và học bằng tiếng Anh),D10,2025,25.05,,THPT
DTP,Phân Hiệu Đại Học Thái Nguyên Tại Lào Cai,7220204,Ngôn ngữ Trung Quốc,D01,2025,22.75,,THPT
DTP,Phân Hiệu Đại Học Thái Nguyên Tại Lào Cai,7310101,Kinh tế,D01,2025,15.0,,THPT
DTP,Phân Hiệu Đại Học Thái Nguyên Tại Lào Cai,7310101-KTS,Kinh tế số,D01,2025,15.0,,THPT
DTP,Phân Hiệu Đại Học Thái Nguyên Tại Lào Cai,7620105,Chăn nuôi,D01,2025,15.0,,THPT
DTP,Phân Hiệu Đại Học Thái Nguyên Tại Lào Cai,7620110,Khoa học cây trồng,D01,2025,15.0,,THPT
DTP,Phân Hiệu Đại Học Thái Nguyên Tại Lào Cai,7810103,Quản trị dịch vụ du lịch và lữ hành,D01,2025,15.0,,THPT
DTP,Phân Hiệu Đại Học Thái Nguyên Tại Lào Cai,7850101,Quản lý tài nguyên và môi trường,D01,2025,15.0,,THPT
DTQ,Khoa Quốc Tế - Đại học Thái Nguyên,7220201,Ngôn ngữ Anh,A01,2025,16.0,,THPT
DTQ,Khoa Quốc Tế - Đại Học Thái Nguyên,7220201,Ngôn ngữ Anh,A01,2025,16.0,,THPT
DTQ,Khoa Quốc Tế - Đại Học Thái Nguyên,7220201,Ngôn ngữ Anh,A01,2025,16.0,,THPT
DTQ,Khoa Quốc Tế - Đại Học Thái Nguyên,7220201,Ngôn ngữ Anh,C00,2025,16.0,,THPT
DTQ,Khoa Quốc Tế - Đại học Thái Nguyên,7220201,Ngôn ngữ Anh,C00,2025,16.0,,THPT
DTQ,Khoa Quốc Tế - Đại Học Thái Nguyên,7220201,Ngôn ngữ Anh,C00,2025,16.0,,THPT
DTQ,Khoa Quốc Tế - Đại Học Thái Nguyên,7220201,Ngôn ngữ Anh,D01,2025,16.0,,THPT
DTQ,Khoa Quốc Tế - Đại Học Thái Nguyên,7220201,Ngôn ngữ Anh,D01,2025,16.0,,THPT
DTQ,Khoa Quốc Tế - Đại học Thái Nguyên,7220201,Ngôn ngữ Anh,D01,2025,16.0,,THPT
DTQ,Khoa Quốc Tế - Đại Học Thái Nguyên,7220201,Ngôn ngữ Anh,D10,2025,16.0,,THPT
DTQ,Khoa Quốc Tế - Đại Học Thái Nguyên,7220201,Ngôn ngữ Anh,D10,2025,16.0,,THPT
DTQ,Khoa Quốc Tế - Đại học Thái Nguyên,7220201,Ngôn ngữ Anh,D10,2025,16.0,,THPT
DTQ,Khoa Quốc Tế - Đại học Thái Nguyên,7310601,Quốc tế học,A01,2025,16.0,,THPT
DTQ,Khoa Quốc Tế - Đại Học Thái Nguyên,7310601,Quốc tế học,A01,2025,16.0,,THPT
DTQ,Khoa Quốc Tế - Đại Học Thái Nguyên,7310601,Quốc tế học,A01,2025,16.0,,THPT
DTQ,Khoa Quốc Tế - Đại Học Thái Nguyên,7310601,Quốc tế học,C00,2025,16.0,,THPT
DTQ,Khoa Quốc Tế - Đại học Thái Nguyên,7310601,Quốc tế học,C00,2025,16.0,,THPT
DTQ,Khoa Quốc Tế - Đại Học Thái Nguyên,7310601,Quốc tế học,C00,2025,16.0,,THPT
DTQ,Khoa Quốc Tế - Đại Học Thái Nguyên,7310601,Quốc tế học,D01,2025,16.0,,THPT
DTQ,Khoa Quốc Tế - Đại Học Thái Nguyên,7310601,Quốc tế học,D01,2025,16.0,,THPT
DTQ,Khoa Quốc Tế - Đại học Thái Nguyên,7310601,Quốc tế học,D01,2025,16.0,,THPT
DTQ,Khoa Quốc Tế - Đại Học Thái Nguyên,7310601,Quốc tế học,D10,2025,16.0,,THPT
DTQ,Khoa Quốc Tế - Đại Học Thái Nguyên,7310601,Quốc tế học,D10,2025,16.0,,THPT
DTQ,Khoa Quốc Tế - Đại học Thái Nguyên,7310601,Quốc tế học,D10,2025,16.0,,THPT
DTQ,Khoa Quốc Tế - Đại học Thái Nguyên,7340101,Quản trị Kinh doanh,A00,2025,16.0,,THPT
DTQ,Khoa Quốc Tế - Đại Học Thái Nguyên,7340101,Quản trị kinh doanh và tài chính,A00,2025,16.0,,THPT
DTQ,Khoa Quốc Tế - Đại Học Thái Nguyên,7340101,Quản trị kinh doanh,A00,2025,0.0,,THPT
DTQ,Khoa Quốc Tế - Đại Học Thái Nguyên,7340101,Quản trị kinh doanh và tài chính,A01,2025,16.0,,THPT
DTQ,Khoa Quốc Tế - Đại Học Thái Nguyên,7340101,Quản trị kinh doanh,A01,2025,0.0,,THPT
DTQ,Khoa Quốc Tế - Đại học Thái Nguyên,7340101,Quản trị Kinh doanh,A01,2025,16.0,,THPT
DTQ,Khoa Quốc Tế - Đại Học Thái Nguyên,7340101,Quản trị kinh doanh và tài chính,D01,2025,16.0,,THPT
DTQ,Khoa Quốc Tế - Đại Học Thái Nguyên,7340101,Quản trị kinh doanh,D01,2025,0.0,,THPT
DTQ,Khoa Quốc Tế - Đại học Thái Nguyên,7340101,Quản trị Kinh doanh,D01,2025,16.0,,THPT
DTQ,Khoa Quốc Tế - Đại Học Thái Nguyên,7340101,Quản trị kinh doanh và tài chính,D07,2025,16.0,,THPT
DTQ,Khoa Quốc Tế - Đại Học Thái Nguyên,7340101,Quản trị kinh doanh,D07,2025,0.0,,THPT
DTQ,Khoa Quốc Tế - Đại học Thái Nguyên,7340101,Quản trị Kinh doanh,D07,2025,16.0,,THPT
DTQ,Khoa Quốc Tế - Đại Học Thái Nguyên,7340101,Quản trị kinh doanh và tài chính,D10,2025,16.0,,THPT
DTQ,Khoa Quốc Tế - Đại Học Thái Nguyên,7340101,Quản trị kinh doanh,D10,2025,0.0,,THPT
DTQ,Khoa Quốc Tế - Đại học Thái Nguyên,7340101,Quản trị Kinh doanh,D10,2025,16.0,,THPT
DTQ,Khoa Quốc Tế - Đại học Thái Nguyên,7340120,Ngành Kinh doanh quốc tế,A00,2025,17.0,,THPT
DTQ,Khoa Quốc Tế - Đại Học Thái Nguyên,7340120,Kinh doanh quốc tế,A00,2025,17.0,,THPT
DTQ,Khoa Quốc Tế - Đại Học Thái Nguyên,7340120,Kinh doanh quốc tế,A00,2025,17.0,,THPT
DTQ,Khoa Quốc Tế - Đại Học Thái Nguyên,7340120,Kinh doanh quốc tế,A01,2025,17.0,,THPT
DTQ,Khoa Quốc Tế - Đại Học Thái Nguyên,7340120,Kinh doanh quốc tế,A01,2025,17.0,,THPT
DTQ,Khoa Quốc Tế - Đại học Thái Nguyên,7340120,Ngành Kinh doanh quốc tế,A01,2025,17.0,,THPT
DTQ,Khoa Quốc Tế - Đại Học Thái Nguyên,7340120,Kinh doanh quốc tế,D01,2025,17.0,,THPT
DTQ,Khoa Quốc Tế - Đại Học Thái Nguyên,7340120,Kinh doanh quốc tế,D01,2025,17.0,,THPT
DTQ,Khoa Quốc Tế - Đại học Thái Nguyên,7340120,Ngành Kinh doanh quốc tế,D01,2025,17.0,,THPT
DTQ,Khoa Quốc Tế - Đại Học Thái Nguyên,7340120,Kinh doanh quốc tế,D07,2025,17.0,,THPT
DTQ,Khoa Quốc Tế - Đại Học Thái Nguyên,7340120,Kinh doanh quốc tế,D07,2025,17.0,,THPT
DTQ,Khoa Quốc Tế - Đại học Thái Nguyên,7340120,Ngành Kinh doanh quốc tế,D07,2025,17.0,,THPT
DTQ,Khoa Quốc Tế - Đại Học Thái Nguyên,7340120,Kinh doanh quốc tế,D10,2025,17.0,,THPT
DTQ,Khoa Quốc Tế - Đại Học Thái Nguyên,7340120,Kinh doanh quốc tế,D10,2025,17.0,,THPT
DTQ,Khoa Quốc Tế - Đại học Thái Nguyên,7340120,Ngành Kinh doanh quốc tế,D10,2025,17.0,,THPT
DTQ,Khoa Quốc Tế - Đại học Thái Nguyên,7340205,Công nghệ tài chính,A00,2025,16.0,,THPT
DTQ,Khoa Quốc Tế - Đại Học Thái Nguyên,7340205,Công nghệ tài chính,A00,2025,16.0,,THPT
DTQ,Khoa Quốc Tế - Đại Học Thái Nguyên,7340205,Công nghệ tài chính,A00,2025,16.0,,THPT
DTQ,Khoa Quốc Tế - Đại Học Thái Nguyên,7340205,Công nghệ tài chính,A01,2025,16.0,,THPT
DTQ,Khoa Quốc Tế - Đại Học Thái Nguyên,7340205,Công nghệ tài chính,A01,2025,16.0,,THPT
DTQ,Khoa Quốc Tế - Đại học Thái Nguyên,7340205,Công nghệ tài chính,A01,2025,16.0,,THPT
DTQ,Khoa Quốc Tế - Đại Học Thái Nguyên,7340205,Công nghệ tài chính,D01,2025,16.0,,THPT
DTQ,Khoa Quốc Tế - Đại Học Thái Nguyên,7340205,Công nghệ tài chính,D01,2025,16.0,,THPT
DTQ,Khoa Quốc Tế - Đại học Thái Nguyên,7340205,Công nghệ tài chính,D01,2025,16.0,,THPT
DTQ,Khoa Quốc Tế - Đại Học Thái Nguyên,7340205,Công nghệ tài chính,D07,2025,16.0,,THPT
DTQ,Khoa Quốc Tế - Đại Học Thái Nguyên,7340205,Công nghệ tài chính,D07,2025,16.0,,THPT
DTQ,Khoa Quốc Tế - Đại học Thái Nguyên,7340205,Công nghệ tài chính,D07,2025,16.0,,THPT
DTQ,Khoa Quốc Tế - Đại Học Thái Nguyên,7340205,Công nghệ tài chính,D10,2025,16.0,,THPT
DTQ,Khoa Quốc Tế - Đại Học Thái Nguyên,7340205,Công nghệ tài chính,D10,2025,16.0,,THPT
DTQ,Khoa Quốc Tế - Đại học Thái Nguyên,7340205,Công nghệ tài chính,D10,2025,16.0,,THPT
DTQ,Khoa Quốc Tế - Đại học Thái Nguyên,7340301,Kế toán,A00,2025,16.0,,THPT
DTQ,Khoa Quốc Tế - Đại Học Thái Nguyên,7340301,Kế toán,A00,2025,16.0,,THPT
DTQ,Khoa Quốc Tế - Đại Học Thái Nguyên,7340301,Kế toán,A00,2025,16.0,,THPT
DTQ,Khoa Quốc Tế - Đại Học Thái Nguyên,7340301,Kế toán,A01,2025,16.0,,THPT
DTQ,Khoa Quốc Tế - Đại Học Thái Nguyên,7340301,Kế toán,A01,2025,16.0,,THPT
DTQ,Khoa Quốc Tế - Đại học Thái Nguyên,7340301,Kế toán,A01,2025,16.0,,THPT
DTQ,Khoa Quốc Tế - Đại Học Thái Nguyên,7340301,Kế toán,D01,2025,16.0,,THPT
DTQ,Khoa Quốc Tế - Đại Học Thái Nguyên,7340301,Kế toán,D01,2025,16.0,,THPT
DTQ,Khoa Quốc Tế - Đại học Thái Nguyên,7340301,Kế toán,D01,2025,16.0,,THPT
DTQ,Khoa Quốc Tế - Đại Học Thái Nguyên,7340301,Kế toán,D07,2025,16.0,,THPT
DTQ,Khoa Quốc Tế - Đại Học Thái Nguyên,7340301,Kế toán,D07,2025,16.0,,THPT
DTQ,Khoa Quốc Tế - Đại học Thái Nguyên,7340301,Kế toán,D07,2025,16.0,,THPT
DTQ,Khoa Quốc Tế - Đại Học Thái Nguyên,7340301,Kế toán,D10,2025,16.0,,THPT
DTQ,Khoa Quốc Tế - Đại Học Thái Nguyên,7340301,Kế toán,D10,2025,16.0,,THPT
DTQ,Khoa Quốc Tế - Đại học Thái Nguyên,7340301,Kế toán,D10,2025,16.0,,THPT
DTQ,Khoa Quốc Tế - Đại học Thái Nguyên,7850101,Quản lý tài nguyên và môi trường,B00,2025,16.0,,THPT
DTQ,Khoa Quốc Tế - Đại Học Thái Nguyên,7850101,Quản lý Tài nguyên và môi trường,B00,2025,16.0,,THPT
DTQ,Khoa Quốc Tế - Đại Học Thái Nguyên,7850101,Quản lý tài nguyên và môi trường,B00,2025,0.0,,THPT
DTQ,Khoa Quốc Tế - Đại Học Thái Nguyên,7850101,Quản lý Tài nguyên và môi trường,D01,2025,16.0,,THPT
DTQ,Khoa Quốc Tế - Đại Học Thái Nguyên,7850101,Quản lý tài nguyên và môi trường,D01,2025,0.0,,THPT
DTQ,Khoa Quốc Tế - Đại học Thái Nguyên,7850101,Quản lý tài nguyên và môi trường,D01,2025,16.0,,THPT
DTQ,Khoa Quốc Tế - Đại Học Thái Nguyên,7850101,Quản lý Tài nguyên và môi trường,D07,2025,16.0,,THPT
DTQ,Khoa Quốc Tế - Đại Học Thái Nguyên,7850101,Quản lý tài nguyên và môi trường,D07,2025,0.0,,THPT
DTQ,Khoa Quốc Tế - Đại học Thái Nguyên,7850101,Quản lý tài nguyên và môi trường,D07,2025,16.0,,THPT
DTQ,Khoa Quốc Tế - Đại Học Thái Nguyên,7850101,Quản lý Tài nguyên và môi trường,D10,2025,16.0,,THPT
DTQ,Khoa Quốc Tế - Đại Học Thái Nguyên,7850101,Quản lý tài nguyên và môi trường,D10,2025,0.0,,THPT
DTQ,Khoa Quốc Tế - Đại học Thái Nguyên,7850101,Quản lý tài nguyên và môi trường,D10,2025,16.0,,THPT
DTS,Đại Học Sư Phạm Thái Nguyên,7140101,Giáo dục học,C00,2025,24.23,,THPT
DTS,Đại Học Sư Phạm Thái Nguyên,7140101,Giáo dục học,C00,2025,24.23,,THPT
DTS,Đại Học Sư Phạm Thái Nguyên,7140101,Giáo dục học,C00,2025,24.23,,THPT
DTS,Đại Học Sư Phạm Thái Nguyên,7140101,Giáo dục học,D01,2025,24.23,,THPT
DTS,Đại Học Sư Phạm Thái Nguyên,7140101,Giáo dục học,D01,2025,24.23,,THPT
DTS,Đại Học Sư Phạm Thái Nguyên,7140201,Giáo dục Mầm non,D01,2025,23.79,,THPT
DTS,Đại Học Sư Phạm Thái Nguyên,7140201,Giáo dục Mầm non,D01,2025,23.79,,THPT
DTS,Đại Học Sư Phạm Thái Nguyên,7140202,Giáo dục Tiểu học,D01,2025,24.48,,THPT
DTS,Đại Học Sư Phạm Thái Nguyên,7140202,Giáo dục Tiểu học,D01,2025,24.48,,THPT
DTS,Đại Học Sư Phạm Thái Nguyên,7140209,Sư phạm Toán học,A00,2025,25.35,,THPT
DTS,Đại Học Sư Phạm Thái Nguyên,7140209,Sư phạm Toán học,A00,2025,25.35,,THPT
DTS,Đại Học Sư Phạm Thái Nguyên,7140209,Sư phạm Toán học,A01,2025,25.35,,THPT
DTS,Đại Học Sư Phạm Thái Nguyên,7140209,Sư phạm Toán học,A01,2025,25.35,,THPT
DTS,Đại Học Sư Phạm Thái Nguyên,7140209,Sư phạm Toán học,A01,2025,25.35,,THPT
DTS,Đại Học Sư Phạm Thái Nguyên,7140209,Sư phạm Toán học,B00,2025,25.35,,THPT
DTS,Đại Học Sư Phạm Thái Nguyên,7140209,Sư phạm Toán học,B00,2025,25.35,,THPT
DTS,Đại Học Sư Phạm Thái Nguyên,7140209,Sư phạm Toán học,B00,2025,25.35,,THPT
DTS,Đại Học Sư Phạm Thái Nguyên,7140209,Sư phạm Toán học,D01,2025,25.35,,THPT
DTS,Đại Học Sư Phạm Thái Nguyên,7140209,Sư phạm Toán học,D01,2025,25.35,,THPT
DTS,Đại Học Sư Phạm Thái Nguyên,7140210,Sư phạm Tin học,A00,2025,21.75,,THPT
DTS,Đại Học Sư Phạm Thái Nguyên,7140210,Sư phạm Tin học,A00,2025,21.75,,THPT
DTS,Đại Học Sư Phạm Thái Nguyên,7140210,Sư phạm Tin học,A00,2025,21.75,,THPT
DTS,Đại Học Sư Phạm Thái Nguyên,7140210,Sư phạm Tin học,A01,2025,21.75,,THPT
DTS,Đại Học Sư Phạm Thái Nguyên,7140210,Sư phạm Tin học,A01,2025,21.75,,THPT
DTS,Đại Học Sư Phạm Thái Nguyên,7140210,Sư phạm Tin học,D01,2025,21.75,,THPT
DTS,Đại Học Sư Phạm Thái Nguyên,7140210,Sư phạm Tin học,D01,2025,21.75,,THPT
DTS,Đại Học Sư Phạm Thái Nguyên,7140211,Sư phạm Vật lý,A00,2025,25.65,,THPT
DTS,Đại Học Sư Phạm Thái Nguyên,7140211,Sư phạm Vật lý,A00,2025,25.65,,THPT
DTS,Đại Học Sư Phạm Thái Nguyên,7140211,Sư phạm Vật lý,A00,2025,25.65,,THPT
DTS,Đại Học Sư Phạm Thái Nguyên,7140211,Sư phạm Vật lý,A01,2025,25.65,,THPT
DTS,Đại Học Sư Phạm Thái Nguyên,7140211,Sư phạm Vật lý,A01,2025,25.65,,THPT
DTS,Đại Học Sư Phạm Thái Nguyên,7140211,Sư phạm Vật lý,A01,2025,25.65,,THPT
DTS,Đại Học Sư Phạm Thái Nguyên,7140212,Sư phạm Hoá học,A00,2025,25.15,,THPT
DTS,Đại Học Sư Phạm Thái Nguyên,7140212,Sư phạm Hoá học,A00,2025,25.15,,THPT
DTS,Đại Học Sư Phạm Thái Nguyên,7140212,Sư phạm Hoá học,B00,2025,25.15,,THPT
DTS,Đại Học Sư Phạm Thái Nguyên,7140212,Sư phạm Hoá học,B00,2025,25.15,,THPT
DTS,Đại Học Sư Phạm Thái Nguyên,7140212,Sư phạm Hoá học,D07,2025,25.15,,THPT
DTS,Đại Học Sư Phạm Thái Nguyên,7140212,Sư phạm Hoá học,D07,2025,25.15,,THPT
DTS,Đại Học Sư Phạm Thái Nguyên,7140213,Sư phạm Sinh học,B00,2025,21.25,,THPT
DTS,Đại Học Sư Phạm Thái Nguyên,7140213,Sư phạm Sinh học,B00,2025,21.25,,THPT
DTS,Đại Học Sư Phạm Thái Nguyên,7140213,Sư phạm Sinh học,B00,2025,21.25,,THPT
DTS,Đại Học Sư Phạm Thái Nguyên,7140217,Sư phạm Ngữ văn,C00,2025,27.42,,THPT
DTS,Đại Học Sư Phạm Thái Nguyên,7140217,Sư phạm Ngữ văn,C00,2025,27.42,,THPT
DTS,Đại Học Sư Phạm Thái Nguyên,7140217,Sư phạm Ngữ văn,C00,2025,27.42,,THPT
DTS,Đại Học Sư Phạm Thái Nguyên,7140217,Sư phạm Ngữ văn,D01,2025,27.42,,THPT
DTS,Đại Học Sư Phạm Thái Nguyên,7140217,Sư phạm Ngữ văn,D01,2025,27.42,,THPT
DTS,Đại Học Sư Phạm Thái Nguyên,7140218,Sư phạm Lịch sử,C00,2025,27.94,,THPT
DTS,Đại Học Sư Phạm Thái Nguyên,7140218,Sư phạm Lịch sử,C00,2025,27.94,,THPT
DTS,Đại Học Sư Phạm Thái Nguyên,7140218,Sư phạm Lịch sử,C00,2025,27.94,,THPT
DTS,Đại Học Sư Phạm Thái Nguyên,7140219,Sư phạm Địa lý,C00,2025,27.3,,THPT
DTS,Đại Học Sư Phạm Thái Nguyên,7140219,Sư phạm Địa lý,C00,2025,27.3,,THPT
DTS,Đại Học Sư Phạm Thái Nguyên,7140219,Sư phạm Địa lý,C00,2025,27.3,,THPT
DTS,Đại Học Sư Phạm Thái Nguyên,7140231,Sư phạm Tiếng Anh,D01,2025,25.06,,THPT
DTS,Đại Học Sư Phạm Thái Nguyên,7140231,Sư phạm Tiếng Anh,D01,2025,25.06,,THPT
DTS,Đại Học Sư Phạm Thái Nguyên,7140231,Sư phạm Tiếng Anh,D01,2025,25.06,,THPT
DTS,Đại Học Sư Phạm Thái Nguyên,7140231,Sư phạm Tiếng Anh,D09,2025,25.06,,THPT
DTS,Đại Học Sư Phạm Thái Nguyên,7140231,Sư phạm Tiếng Anh,D09,2025,25.06,,THPT
DTS,Đại Học Sư Phạm Thái Nguyên,7140231,Sư phạm Tiếng Anh,D09,2025,25.06,,THPT
DTS,Đại Học Sư Phạm Thái Nguyên,7140247,Sư phạm Khoa học tự nhiên,A00,2025,23.18,,THPT
DTS,Đại Học Sư Phạm Thái Nguyên,7140247,Sư phạm Khoa học tự nhiên,A00,2025,23.18,,THPT
DTS,Đại Học Sư Phạm Thái Nguyên,7140247,Sư phạm Khoa học tự nhiên,A01,2025,23.18,,THPT
DTS,Đại Học Sư Phạm Thái Nguyên,7140247,Sư phạm Khoa học tự nhiên,B00,2025,23.18,,THPT
DTS,Đại Học Sư Phạm Thái Nguyên,7140247,Sư phạm Khoa học tự nhiên,B00,2025,23.18,,THPT
DTS,Đại Học Sư Phạm Thái Nguyên,7140247,Sư phạm Khoa học tự nhiên,B00,2025,23.18,,THPT
DTS,Đại Học Sư Phạm Thái Nguyên,7140247,Sư phạm Khoa học tự nhiên,D07,2025,23.18,,THPT
DTS,Đại Học Sư Phạm Thái Nguyên,7140249,Sư phạm Lịch sử - Địa lý,C00,2025,28.03,,THPT
DTS,Đại Học Sư Phạm Thái Nguyên,7140249,Sư phạm Lịch sử - Địa lý,C00,2025,28.03,,THPT
DTS,Đại Học Sư Phạm Thái Nguyên,7140249,Sư phạm Lịch sử - Địa lý,C00,2025,28.03,,THPT
DTS,Đại Học Sư Phạm Thái Nguyên,7310403,Tâm lý học giáo dục,C00,2025,24.61,,THPT
DTS,Đại Học Sư Phạm Thái Nguyên,7310403,Tâm lý học giáo dục,C00,2025,24.61,,THPT
DTS,Đại Học Sư Phạm Thái Nguyên,7310403,Tâm lý học giáo dục,C00,2025,24.61,,THPT
DTS,Đại Học Sư Phạm Thái Nguyên,7310403,Tâm lý học giáo dục,D01,2025,24.61,,THPT
DTS,Đại Học Sư Phạm Thái Nguyên,7310403,Tâm lý học giáo dục,D01,2025,24.61,,THPT
DTS,Đại Học Sư Phạm Thái Nguyên,7420203,Sinh học ứng dụng,B00,2025,23.5,,THPT
DTS,Đại Học Sư Phạm Thái Nguyên,7420203,Sinh học ứng dụng,B00,2025,23.5,,THPT
DTS,Đại Học Sư Phạm Thái Nguyên,7420203,Sinh học ứng dụng,B00,2025,23.5,,THPT
DTT,Đại học Tôn Đức Thắng,7220201,Ngôn ngữ Anh,D01,2025,30.84,,THPT
DTT,Đại học Tôn Đức Thắng,7220204,Ngôn ngữ Trung Quốc,D01,2025,29.9,,THPT
DTT,Trường Đại Học Tôn Đức Thắng,7220204,Ngôn ngữ Trung Quốc,D01,2025,30.4,,THPT
DTT,Trường Đại Học Tôn Đức Thắng,7310301,Xã hội học,C00,2025,31.76,,THPT
DTT,Trường Đại Học Tôn Đức Thắng,7310301,Xã hội học,D01,2025,31.76,,THPT
DTT,Trường Đại Học Tôn Đức Thắng,7310301,Xã hội học,D01,2025,31.76,,THPT
DTT,Đại học Tôn Đức Thắng,7340101,Quản trị Kinh doanh,A00,2025,29.25,,THPT
DTT,Trường Đại Học Tôn Đức Thắng,7340101,Quản trị kinh doanh (Chuyên ngành Quản trị nguồn nhân lực),A00,2025,29.0,,THPT
DTT,Trường Đại Học Tôn Đức Thắng,7340101,Quản trị kinh doanh (Chuyên ngành Quản trị nguồn nhân lực),A01,2025,29.0,,THPT
DTT,Trường Đại Học Tôn Đức Thắng,7340101,Quản trị kinh doanh (Chuyên ngành Quản trị nguồn nhân lực),D01,2025,29.0,,THPT
DTT,Trường Đại Học Tôn Đức Thắng,7340101,Quản trị kinh doanh (Chuyên ngành Quản trị nguồn nhân lực),D01,2025,29.0,,THPT
DTT,Trường Đại Học Tôn Đức Thắng,7340101,Quản trị kinh doanh (Chuyên ngành Quản trị nguồn nhân lực),D07,2025,29.0,,THPT
DTT,Đại học Tôn Đức Thắng,7340101C,Quản trị kinh doanh,A00,2025,29.05,,THPT
DTT,Đại học Tôn Đức Thắng,7340101C,Quản trị kinh doanh,A00,2025,29.3,,THPT
DTT,Trường Đại Học Tôn Đức Thắng,7340101C,Quản trị kinh doanh (Chuyên ngành Quản trị chuỗi cung ứng),A00,2025,29.05,,THPT
DTT,Đại học Tôn Đức Thắng,7340101C,Quản trị kinh doanh,A01,2025,29.05,,THPT
DTT,Trường Đại Học Tôn Đức Thắng,7340101C,Quản trị kinh doanh (Chuyên ngành Quản trị chuỗi cung ứng),A01,2025,29.05,,THPT
DTT,Đại học Tôn Đức Thắng,7340101C,Quản trị kinh doanh,D01,2025,29.05,,THPT
DTT,Trường Đại Học Tôn Đức Thắng,7340101C,Quản trị kinh doanh (Chuyên ngành Quản trị chuỗi cung ứng),D01,2025,29.05,,THPT
DTT,Trường Đại Học Tôn Đức Thắng,7340101C,Quản trị kinh doanh (Chuyên ngành Quản trị chuỗi cung ứng),D07,2025,29.05,,THPT
DTT,Đại học Tôn Đức Thắng,7340101C,Quản trị kinh doanh,D07,2025,29.05,,THPT
DTT,Đại học Tôn Đức Thắng,7340101N,Quản trị kinh doanh (Chuyên ngành Quản trị Nhà hàng - Khách sạn),A00,2025,27.7,,THPT
DTT,Trường Đại Học Tôn Đức Thắng,7340101N,Quản trị kinh doanh (Chuyên ngành Quản trị nhà hàng - khách sạn),A00,2025,27.95,,THPT
DTT,Trường Đại Học Tôn Đức Thắng,7340101N,Quản trị kinh doanh (Chuyên ngành Quản trị nhà hàng - khách sạn),A01,2025,27.95,,THPT
DTT,Trường Đại Học Tôn Đức Thắng,7340101N,Quản trị kinh doanh (Chuyên ngành Quản trị nhà hàng - khách sạn),D01,2025,27.95,,THPT
DTT,Trường Đại Học Tôn Đức Thắng,7340101N,Quản trị kinh doanh (Chuyên ngành Quản trị nhà hàng - khách sạn),D01,2025,27.95,,THPT
DTT,Trường Đại Học Tôn Đức Thắng,7340101N,Quản trị kinh doanh (Chuyên ngành Quản trị nhà hàng - khách sạn),D07,2025,27.95,,THPT
DTT,Đại học Tôn Đức Thắng,7340115,Marketing,A00,2025,31.24,,THPT
DTT,Đại học Tôn Đức Thắng,7340115,Marketing,A00,2025,31.49,,THPT
DTT,Trường Đại Học Tôn Đức Thắng,7340115,Marketing,A00,2025,31.24,,THPT
DTT,Đại học Tôn Đức Thắng,7340115,Marketing,A01,2025,31.24,,THPT
DTT,Trường Đại Học Tôn Đức Thắng,7340115,Marketing,A01,2025,31.24,,THPT
DTT,Đại học Tôn Đức Thắng,7340115,Marketing,D01,2025,31.24,,THPT
DTT,Trường Đại Học Tôn Đức Thắng,7340115,Marketing,D01,2025,31.24,,THPT
DTT,Trường Đại Học Tôn Đức Thắng,7340115,Marketing,D07,2025,31.24,,THPT
DTT,Đại học Tôn Đức Thắng,7340115,Marketing,D07,2025,31.24,,THPT
DTT,Đại học Tôn Đức Thắng,7340120,Ngành Kinh doanh quốc tế,A00,2025,31.01,,THPT
DTT,Đại học Tôn Đức Thắng,7340120,Ngành Kinh doanh quốc tế,A00,2025,31.26,,THPT
DTT,Trường Đại Học Tôn Đức Thắng,7340120,Kinh doanh quốc tế,A00,2025,31.01,,THPT
DTT,Đại học Tôn Đức Thắng,7340120,Ngành Kinh doanh quốc tế,A01,2025,31.01,,THPT
DTT,Trường Đại Học Tôn Đức Thắng,7340120,Kinh doanh quốc tế,A01,2025,31.01,,THPT
DTT,Đại học Tôn Đức Thắng,7340120,Ngành Kinh doanh quốc tế,D01,2025,31.01,,THPT
DTT,Trường Đại Học Tôn Đức Thắng,7340120,Kinh doanh quốc tế,D01,2025,31.01,,THPT
DTT,Trường Đại Học Tôn Đức Thắng,7340120,Kinh doanh quốc tế,D07,2025,31.01,,THPT
DTT,Đại học Tôn Đức Thắng,7340120,Ngành Kinh doanh quốc tế,D07,2025,31.01,,THPT
DTT,Trường Đại Học Tôn Đức Thắng,7340201,Tài chính - Ngân hàng,A00,2025,28.09,,THPT
DTT,Trường Đại Học Tôn Đức Thắng,7340201,Tài chính - Ngân hàng,A01,2025,28.09,,THPT
DTT,Trường Đại Học Tôn Đức Thắng,7340201,Tài chính - Ngân hàng,D01,2025,28.09,,THPT
DTT,Trường Đại Học Tôn Đức Thắng,7340201,Tài chính - Ngân hàng,D01,2025,28.09,,THPT
DTT,Trường Đại Học Tôn Đức Thắng,7340201,Tài chính - Ngân hàng,D07,2025,28.09,,THPT
DTT,Trường Đại Học Tôn Đức Thắng,7340201Q,Tài chính - Ngân hàng (Chuyên ngành Tài chính quốc tế),A00,2025,28.09,,THPT
DTT,Trường Đại Học Tôn Đức Thắng,7340201Q,Tài chính - Ngân hàng (Chuyên ngành Tài chính quốc tế),A01,2025,28.09,,THPT
DTT,Trường Đại Học Tôn Đức Thắng,7340201Q,Tài chính - Ngân hàng (Chuyên ngành Tài chính quốc tế),D01,2025,28.09,,THPT
DTT,Trường Đại Học Tôn Đức Thắng,7340201Q,Tài chính - Ngân hàng (Chuyên ngành Tài chính quốc tế),D01,2025,28.09,,THPT
DTT,Trường Đại Học Tôn Đức Thắng,7340201Q,Tài chính - Ngân hàng (Chuyên ngành Tài chính quốc tế),D07,2025,28.09,,THPT
DTT,Đại học Tôn Đức Thắng,7340301,Kế toán,A00,2025,26.87,,THPT
DTT,Đại học Tôn Đức Thắng,7340301,Kế toán,A00,2025,26.62,,THPT
DTT,Trường Đại Học Tôn Đức Thắng,7340301,Kế toán,A00,2025,26.62,,THPT
DTT,Đại học Tôn Đức Thắng,7340301,Kế toán,A01,2025,26.62,,THPT
DTT,Trường Đại Học Tôn Đức Thắng,7340301,Kế toán,A01,2025,26.62,,THPT
DTT,Đại học Tôn Đức Thắng,7340301,Kế toán,D01,2025,26.62,,THPT
DTT,Trường Đại Học Tôn Đức Thắng,7340301,Kế toán,D01,2025,26.62,,THPT
DTT,Trường Đại Học Tôn Đức Thắng,7340301,Kế toán,D07,2025,26.62,,THPT
DTT,Đại học Tôn Đức Thắng,7340301,Kế toán,D07,2025,26.62,,THPT
DTT,Đại học Tôn Đức Thắng,7340302,Kiểm toán,A00,2025,27.98,,THPT
DTT,Đại học Tôn Đức Thắng,7340302,Kiểm toán,A00,2025,27.73,,THPT
DTT,Trường Đại Học Tôn Đức Thắng,7340302,Kiểm toán (Chuyên ngành Kiểm toán và Phân tích dữ liệu),A00,2025,27.73,,THPT
DTT,Đại học Tôn Đức Thắng,7340302,Kiểm toán,A01,2025,27.73,,THPT
DTT,Trường Đại Học Tôn Đức Thắng,7340302,Kiểm toán (Chuyên ngành Kiểm toán và Phân tích dữ liệu),A01,2025,27.73,,THPT
DTT,Đại học Tôn Đức Thắng,7340302,Kiểm toán,D01,2025,27.73,,THPT
DTT,Trường Đại Học Tôn Đức Thắng,7340302,Kiểm toán (Chuyên ngành Kiểm toán và Phân tích dữ liệu),D01,2025,27.73,,THPT
DTT,Trường Đại Học Tôn Đức Thắng,7340302,Kiểm toán (Chuyên ngành Kiểm toán và Phân tích dữ liệu),D07,2025,27.73,,THPT
DTT,Đại học Tôn Đức Thắng,7340302,Kiểm toán,D07,2025,27.73,,THPT
DTT,Đại học Tôn Đức Thắng,7340408,Quan hệ lao động (CN Quản lý Quan hệ lao động. CN Hành vi tổ chức),A00,2025,23.55,,THPT
DTT,Đại học Tôn Đức Thắng,7340408,Quan hệ lao động (CN Quản lý Quan hệ lao động. CN Hành vi tổ chức),A00,2025,23.3,,THPT
DTT,Trường Đại Học Tôn Đức Thắng,7340408,"Quan hệ lao động (Chuyên ngành Quản lý quan hệ lao động, Chuyên ngành Hành vi tổ chức)",A00,2025,23.3,,THPT
DTT,Đại học Tôn Đức Thắng,7340408,Quan hệ lao động (CN Quản lý Quan hệ lao động. CN Hành vi tổ chức),A01,2025,23.3,,THPT
DTT,Trường Đại Học Tôn Đức Thắng,7340408,"Quan hệ lao động (Chuyên ngành Quản lý quan hệ lao động, Chuyên ngành Hành vi tổ chức)",A01,2025,23.3,,THPT
DTT,Trường Đại Học Tôn Đức Thắng,7340408,"Quan hệ lao động (Chuyên ngành Quản lý quan hệ lao động, Chuyên ngành Hành vi tổ chức)",A01,2025,23.3,,THPT
DTT,Đại học Tôn Đức Thắng,7340408,Quan hệ lao động (CN Quản lý Quan hệ lao động. CN Hành vi tổ chức),D01,2025,23.3,,THPT
DTT,Trường Đại Học Tôn Đức Thắng,7340408,"Quan hệ lao động (Chuyên ngành Quản lý quan hệ lao động, Chuyên ngành Hành vi tổ chức)",D01,2025,23.3,,THPT
DTT,Trường Đại Học Tôn Đức Thắng,7340408,"Quan hệ lao động (Chuyên ngành Quản lý quan hệ lao động, Chuyên ngành Hành vi tổ chức)",D01,2025,23.3,,THPT
DTT,Trường Đại Học Tôn Đức Thắng,7340408,"Quan hệ lao động (Chuyên ngành Quản lý quan hệ lao động, Chuyên ngành Hành vi tổ chức)",D07,2025,23.3,,THPT
DTT,Trường Đại Học Tôn Đức Thắng,7340408,"Quan hệ lao động (Chuyên ngành Quản lý quan hệ lao động, Chuyên ngành Hành vi tổ chức)",D07,2025,23.3,,THPT
DTT,Đại học Tôn Đức Thắng,7340408,Quan hệ lao động (CN Quản lý Quan hệ lao động. CN Hành vi tổ chức),D07,2025,23.3,,THPT
DTT,Đại học Tôn Đức Thắng,7380101,Ngành Luật,C00,2025,31.8,,THPT
DTT,Đại học Tôn Đức Thắng,7380101,Ngành Luật,C00,2025,31.05,,THPT
DTT,Đại học Tôn Đức Thắng,7380101,Ngành Luật,D01,2025,31.05,,THPT
DTT,Trường Đại Học Tôn Đức Thắng,7380101,Luật,D01,2025,31.3,,THPT
DTT,Đại học Tôn Đức Thắng,7420201,Công nghệ sinh học,A01,2025,25.27,,THPT
DTT,Trường Đại Học Tôn Đức Thắng,7420201,Công nghệ sinh học,B00,2025,25.27,,THPT
DTT,Đại học Tôn Đức Thắng,7420201,Công nghệ sinh học,B00,2025,25.27,,THPT
DTT,Trường Đại Học Tôn Đức Thắng,7420201,Công nghệ sinh học,B00,2025,25.27,,THPT
DTT,Đại học Tôn Đức Thắng,7440301,Khoa học môi trường,A00,2025,20.0,,THPT
DTT,Trường Đại Học Tôn Đức Thắng,7440301,Khoa học môi trường,A00,2025,20.0,,THPT
DTT,Trường Đại Học Tôn Đức Thắng,7440301,Khoa học môi trường,A01,2025,20.0,,THPT
DTT,Đại học Tôn Đức Thắng,7440301,Khoa học môi trường,A01,2025,20.0,,THPT
DTT,Trường Đại Học Tôn Đức Thắng,7440301,Khoa học môi trường,B00,2025,20.0,,THPT
DTT,Đại học Tôn Đức Thắng,7440301,Khoa học môi trường,B00,2025,20.0,,THPT
DTT,Trường Đại Học Tôn Đức Thắng,7440301,Khoa học môi trường,D07,2025,20.0,,THPT
DTT,Đại học Tôn Đức Thắng,7440301,Khoa học môi trường,D07,2025,20.0,,THPT
DTT,Đại học Tôn Đức Thắng,7460112,ĐH Toán ứng dụng,A00,2025,26.39,,THPT
DTT,Đại học Tôn Đức Thắng,7460112,ĐH Toán ứng dụng,A00,2025,26.14,,THPT
DTT,Đại học Tôn Đức Thắng,7460112,ĐH Toán ứng dụng,A01,2025,26.14,,THPT
DTT,Trường Đại Học Tôn Đức Thắng,7460112,Toán ứng dụng,A01,2025,26.14,,THPT
DTT,Trường Đại Học Tôn Đức Thắng,7460112,Toán ứng dụng,D01,2025,26.14,,THPT
DTT,Đại học Tôn Đức Thắng,7460112,ĐH Toán ứng dụng,D01,2025,26.14,,THPT
DTT,Trường Đại Học Tôn Đức Thắng,7460112,Toán ứng dụng,D07,2025,26.14,,THPT
DTT,Đại học Tôn Đức Thắng,7460112,ĐH Toán ứng dụng,D07,2025,26.14,,THPT
DTT,Trường Đại Học Tôn Đức Thắng,7460201,Thống kê,A00,2025,23.5,,THPT
DTT,Trường Đại Học Tôn Đức Thắng,7460201,Thống kê,A01,2025,23.5,,THPT
DTT,Trường Đại Học Tôn Đức Thắng,7460201,Thống kê,A01,2025,23.5,,THPT
DTT,Trường Đại Học Tôn Đức Thắng,7460201,Thống kê,D01,2025,23.5,,THPT
DTT,Trường Đại Học Tôn Đức Thắng,7460201,Thống kê,D01,2025,23.5,,THPT
DTT,Trường Đại Học Tôn Đức Thắng,7460201,Thống kê,D07,2025,23.5,,THPT
DTT,Đại học Tôn Đức Thắng,7480101,Khoa học máy tính,A00,2025,30.52,,THPT
DTT,Đại học Tôn Đức Thắng,7480101,Khoa học máy tính,A00,2025,30.27,,THPT
DTT,Đại học Tôn Đức Thắng,7480101,Khoa học máy tính,A01,2025,30.27,,THPT
DTT,Trường Đại Học Tôn Đức Thắng,7480101,Khoa học máy tính,A01,2025,30.27,,THPT
DTT,Trường Đại Học Tôn Đức Thắng,7480101,Khoa học máy tính,D01,2025,30.27,,THPT
DTT,Đại học Tôn Đức Thắng,7480101,Khoa học máy tính,D01,2025,30.27,,THPT
DTT,Trường Đại Học Tôn Đức Thắng,7480101,Khoa học máy tính,D07,2025,30.27,,THPT
DTT,Đại học Tôn Đức Thắng,7480101,Khoa học máy tính,D07,2025,30.27,,THPT
DTT,Đại học Tôn Đức Thắng,7480102,Mạng máy tính và truyền thông dữ liệu,A00,2025,27.03,,THPT
DTT,Đại học Tôn Đức Thắng,7480102,Mạng máy tính và truyền thông dữ liệu,A00,2025,26.78,,THPT
DTT,Đại học Tôn Đức Thắng,7480102,Mạng máy tính và truyền thông dữ liệu,A01,2025,26.78,,THPT
DTT,Trường Đại Học Tôn Đức Thắng,7480102,Mạng máy tính và truyền thông dữ liệu,A01,2025,26.78,,THPT
DTT,Trường Đại Học Tôn Đức Thắng,7480102,Mạng máy tính và truyền thông dữ liệu,D01,2025,26.78,,THPT
DTT,Đại học Tôn Đức Thắng,7480102,Mạng máy tính và truyền thông dữ liệu,D01,2025,26.78,,THPT
DTT,Trường Đại Học Tôn Đức Thắng,7480102,Mạng máy tính và truyền thông dữ liệu,D07,2025,26.78,,THPT
DTT,Đại học Tôn Đức Thắng,7480102,Mạng máy tính và truyền thông dữ liệu,D07,2025,26.78,,THPT
DTT,Đại học Tôn Đức Thắng,7480103,Kỹ thuật phần mềm,A00,2025,29.58,,THPT
DTT,Đại học Tôn Đức Thắng,7480103,Kỹ thuật phần mềm,A00,2025,29.83,,THPT
DTT,Đại học Tôn Đức Thắng,7480103,Kỹ thuật phần mềm,A01,2025,29.58,,THPT
DTT,Trường Đại Học Tôn Đức Thắng,7480103,Kỹ thuật phần mềm,A01,2025,29.83,,THPT
DTT,Trường Đại Học Tôn Đức Thắng,7480103,Kỹ thuật phần mềm,D01,2025,29.83,,THPT
DTT,Đại học Tôn Đức Thắng,7480103,Kỹ thuật phần mềm,D01,2025,29.58,,THPT
DTT,Trường Đại Học Tôn Đức Thắng,7480103,Kỹ thuật phần mềm,D07,2025,29.83,,THPT
DTT,Đại học Tôn Đức Thắng,7480103,Kỹ thuật phần mềm,D07,2025,29.58,,THPT
DTT,Đại học Tôn Đức Thắng,7510406,Công nghệ kỹ thuật Môi trường,A00,2025,20.0,,THPT
DTT,Trường Đại Học Tôn Đức Thắng,7510406,Công nghệ kỹ thuật môi trường (Chuyên ngành cấp thoát nước và môi trường nước),A00,2025,20.0,,THPT
DTT,Trường Đại Học Tôn Đức Thắng,7510406,Công nghệ kỹ thuật môi trường (Chuyên ngành cấp thoát nước và môi trường nước),A01,2025,20.0,,THPT
DTT,Đại học Tôn Đức Thắng,7510406,Công nghệ kỹ thuật Môi trường,A01,2025,20.0,,THPT
DTT,Trường Đại Học Tôn Đức Thắng,7510406,Công nghệ kỹ thuật môi trường (Chuyên ngành cấp thoát nước và môi trường nước),B00,2025,20.0,,THPT
DTT,Đại học Tôn Đức Thắng,7510406,Công nghệ kỹ thuật Môi trường,B00,2025,20.0,,THPT
DTT,Trường Đại Học Tôn Đức Thắng,7510406,Công nghệ kỹ thuật môi trường (Chuyên ngành cấp thoát nước và môi trường nước),D07,2025,20.0,,THPT
DTT,Đại học Tôn Đức Thắng,7510406,Công nghệ kỹ thuật Môi trường,D07,2025,20.0,,THPT
DTT,Đại học Tôn Đức Thắng,7520114,Kỹ thuật cơ điện tử,A00,2025,28.3,,THPT
DTT,Đại học Tôn Đức Thắng,7520114,Kỹ thuật cơ điện tử,A00,2025,28.55,,THPT
DTT,Đại học Tôn Đức Thắng,7520114,Kỹ thuật cơ điện tử,A01,2025,28.3,,THPT
DTT,Trường Đại Học Tôn Đức Thắng,7520114,Kỹ thuật cơ điện tử,A01,2025,28.55,,THPT
DTT,Trường Đại Học Tôn Đức Thắng,7520114,Kỹ thuật cơ điện tử,D01,2025,28.55,,THPT
DTT,Đại học Tôn Đức Thắng,7520114,Kỹ thuật cơ điện tử,D01,2025,28.3,,THPT
DTT,Trường Đại Học Tôn Đức Thắng,7520114,Kỹ thuật cơ điện tử,D07,2025,28.55,,THPT
DTT,Đại học Tôn Đức Thắng,7520114,Kỹ thuật cơ điện tử,D07,2025,28.3,,THPT
DTT,Đại học Tôn Đức Thắng,7520201,Kỹ thuật điện,A00,2025,27.36,,THPT
DTT,Đại học Tôn Đức Thắng,7520201,Kỹ thuật điện,A00,2025,27.61,,THPT
DTT,Đại học Tôn Đức Thắng,7520201,Kỹ thuật điện,A01,2025,27.36,,THPT
DTT,Trường Đại Học Tôn Đức Thắng,7520201,Kỹ thuật điện,A01,2025,27.61,,THPT
DTT,Trường Đại Học Tôn Đức Thắng,7520201,Kỹ thuật điện,D01,2025,27.61,,THPT
DTT,Đại học Tôn Đức Thắng,7520201,Kỹ thuật điện,D01,2025,27.36,,THPT
DTT,Trường Đại Học Tôn Đức Thắng,7520201,Kỹ thuật điện,D07,2025,27.61,,THPT
DTT,Đại học Tôn Đức Thắng,7520201,Kỹ thuật điện,D07,2025,27.36,,THPT
DTT,Đại học Tôn Đức Thắng,7520207,Ngành Kỹ thuật điện tử truyền thông,A00,2025,27.84,,THPT
DTT,Trường Đại Học Tôn Đức Thắng,7520207,Kỹ thuật điện tử - viễn thông,A00,2025,27.84,,THPT
DTT,Đại học Tôn Đức Thắng,7520207,Ngành Kỹ thuật điện tử truyền thông,A01,2025,27.59,,THPT
DTT,Trường Đại Học Tôn Đức Thắng,7520207,Kỹ thuật điện tử - viễn thông,A01,2025,27.84,,THPT
DTT,Trường Đại Học Tôn Đức Thắng,7520207,Kỹ thuật điện tử - viễn thông,A01,2025,27.84,,THPT
DTT,Trường Đại Học Tôn Đức Thắng,7520207,Kỹ thuật điện tử - viễn thông,D01,2025,27.84,,THPT
DTT,Đại học Tôn Đức Thắng,7520207,Ngành Kỹ thuật điện tử truyền thông,D01,2025,27.59,,THPT
DTT,Trường Đại Học Tôn Đức Thắng,7520207,Kỹ thuật điện tử - viễn thông,D07,2025,27.84,,THPT
DTT,Trường Đại Học Tôn Đức Thắng,7520207,Kỹ thuật điện tử - viễn thông,D07,2025,27.84,,THPT
DTT,Đại học Tôn Đức Thắng,7520207,Ngành Kỹ thuật điện tử truyền thông,D07,2025,27.59,,THPT
DTT,Đại học Tôn Đức Thắng,7520207T,Kỹ thuật điện tử - viễn thông (Chuyên ngành Kỹ thuật thiết kế vi mạch bán dẫn),A00,2025,29.4,,THPT
DTT,Đại học Tôn Đức Thắng,7520207T,Kỹ thuật điện tử - viễn thông (Chuyên ngành Kỹ thuật thiết kế vi mạch bán dẫn),A00,2025,29.15,,THPT
DTT,Trường Đại Học Tôn Đức Thắng,7520207T,Kỹ thuật điện tử - viễn thông (Chuyên ngành Kỹ thuật thiết kế vi mạch bán dẫn),A00,2025,29.4,,THPT
DTT,Đại học Tôn Đức Thắng,7520207T,Kỹ thuật điện tử - viễn thông (Chuyên ngành Kỹ thuật thiết kế vi mạch bán dẫn),A01,2025,29.15,,THPT
DTT,Trường Đại Học Tôn Đức Thắng,7520207T,Kỹ thuật điện tử - viễn thông (Chuyên ngành Kỹ thuật thiết kế vi mạch bán dẫn),A01,2025,29.4,,THPT
DTT,Trường Đại Học Tôn Đức Thắng,7520207T,Kỹ thuật điện tử - viễn thông (Chuyên ngành Kỹ thuật thiết kế vi mạch bán dẫn),A01,2025,29.4,,THPT
DTT,Đại học Tôn Đức Thắng,7520207T,Kỹ thuật điện tử - viễn thông (Chuyên ngành Kỹ thuật thiết kế vi mạch bán dẫn),D01,2025,29.15,,THPT
DTT,Trường Đại Học Tôn Đức Thắng,7520207T,Kỹ thuật điện tử - viễn thông (Chuyên ngành Kỹ thuật thiết kế vi mạch bán dẫn),D07,2025,29.4,,THPT
DTT,Trường Đại Học Tôn Đức Thắng,7520207T,Kỹ thuật điện tử - viễn thông (Chuyên ngành Kỹ thuật thiết kế vi mạch bán dẫn),D07,2025,29.4,,THPT
DTT,Đại học Tôn Đức Thắng,7520207T,Kỹ thuật điện tử - viễn thông (Chuyên ngành Kỹ thuật thiết kế vi mạch bán dẫn),D07,2025,29.15,,THPT
DTT,Đại học Tôn Đức Thắng,7520216,Ngành Kỹ thuật điều khiển & Tự động hóa,A00,2025,29.35,,THPT
DTT,Trường Đại Học Tôn Đức Thắng,7520216,Kỹ thuật điều khiển và tự động hóa,A00,2025,36.19,,THPT
DTT,Đại học Tôn Đức Thắng,7520216,Ngành Kỹ thuật điều khiển & Tự động hóa,A01,2025,29.1,,THPT
DTT,Trường Đại Học Tôn Đức Thắng,7520216,Kỹ thuật điều khiển và tự động hóa,A01,2025,36.19,,THPT
DTT,Trường Đại Học Tôn Đức Thắng,7520216,Kỹ thuật điều khiển và tự động hóa,A01,2025,36.19,,THPT
DTT,Trường Đại Học Tôn Đức Thắng,7520216,Kỹ thuật điều khiển và tự động hóa,D01,2025,36.19,,THPT
DTT,Đại học Tôn Đức Thắng,7520216,Ngành Kỹ thuật điều khiển & Tự động hóa,D01,2025,29.1,,THPT
DTT,Trường Đại Học Tôn Đức Thắng,7520216,Kỹ thuật điều khiển và tự động hóa,D07,2025,36.19,,THPT
DTT,Đại học Tôn Đức Thắng,7520216,Ngành Kỹ thuật điều khiển & Tự động hóa,D07,2025,29.1,,THPT
DTT,Đại học Tôn Đức Thắng,7520301,Kỹ thuật hóa học,A00,2025,27.85,,THPT
DTT,Trường Đại Học Tôn Đức Thắng,7520301,Kỹ thuật hóa học,A00,2025,27.85,,THPT
DTT,Trường Đại Học Tôn Đức Thắng,7520301,Kỹ thuật hóa học,A00,2025,27.85,,THPT
DTT,Đại học Tôn Đức Thắng,7520301,Kỹ thuật hóa học,A01,2025,27.85,,THPT
DTT,Trường Đại Học Tôn Đức Thắng,7520301,Kỹ thuật hóa học,B00,2025,27.85,,THPT
DTT,Đại học Tôn Đức Thắng,7520301,Kỹ thuật hóa học,B00,2025,27.85,,THPT
DTT,Trường Đại Học Tôn Đức Thắng,7520301,Kỹ thuật hóa học,B00,2025,27.85,,THPT
DTT,Trường Đại Học Tôn Đức Thắng,7520301,Kỹ thuật hóa học,D07,2025,27.85,,THPT
DTT,Đại học Tôn Đức Thắng,7520301,Kỹ thuật hóa học,D07,2025,27.85,,THPT
DTT,Trường Đại Học Tôn Đức Thắng,7520301,Kỹ thuật hóa học,D07,2025,27.85,,THPT
DTT,Trường Đại Học Tôn Đức Thắng,7580105,Quy hoạch vùng và đô thị,A00,2025,24.58,,THPT
DTT,Trường Đại Học Tôn Đức Thắng,7580105,Quy hoạch vùng và đô thị,A01,2025,24.58,,THPT
DTT,Trường Đại Học Tôn Đức Thắng,7580105,Quy hoạch vùng và đô thị,A01,2025,24.58,,THPT
DTT,Trường Đại Học Tôn Đức Thắng,7580105,Quy hoạch vùng và đô thị,D01,2025,24.58,,THPT
DTT,Trường Đại Học Tôn Đức Thắng,7580105,Quy hoạch vùng và đô thị,D01,2025,24.58,,THPT
DTT,Đại học Tôn Đức Thắng,7580201,Kỹ thuật xây dựng,A00,2025,25.55,,THPT
DTT,Đại học Tôn Đức Thắng,7580201,Kỹ thuật xây dựng,A00,2025,25.3,,THPT
DTT,Trường Đại Học Tôn Đức Thắng,7580201,Kỹ thuật xây dựng,A00,2025,25.7,,THPT
DTT,Đại học Tôn Đức Thắng,7580201,Kỹ thuật xây dựng,A01,2025,25.3,,THPT
DTT,Trường Đại Học Tôn Đức Thắng,7580201,Kỹ thuật xây dựng,A01,2025,25.7,,THPT
DTT,Trường Đại Học Tôn Đức Thắng,7580201,Kỹ thuật xây dựng,D01,2025,25.7,,THPT
DTT,Đại học Tôn Đức Thắng,7580201,Kỹ thuật xây dựng,D01,2025,25.3,,THPT
DTT,Đại học Tôn Đức Thắng,7580201,Kỹ thuật xây dựng,D07,2025,25.3,,THPT
DTT,Đại học Tôn Đức Thắng,7580205,Kỹ thuật xây dựng công trình giao thông,A00,2025,22.75,,THPT
DTT,Đại học Tôn Đức Thắng,7580205,Kỹ thuật xây dựng công trình giao thông,A00,2025,22.5,,THPT
DTT,Trường Đại Học Tôn Đức Thắng,7580205,Kỹ thuật xây dựng công trình giao thông,A00,2025,22.75,,THPT
DTT,Đại học Tôn Đức Thắng,7580205,Kỹ thuật xây dựng công trình giao thông,A01,2025,22.5,,THPT
DTT,Trường Đại Học Tôn Đức Thắng,7580205,Kỹ thuật xây dựng công trình giao thông,A01,2025,22.75,,THPT
DTT,Trường Đại Học Tôn Đức Thắng,7580205,Kỹ thuật xây dựng công trình giao thông,A01,2025,22.75,,THPT
DTT,Trường Đại Học Tôn Đức Thắng,7580205,Kỹ thuật xây dựng công trình giao thông,D01,2025,22.75,,THPT
DTT,Trường Đại Học Tôn Đức Thắng,7580205,Kỹ thuật xây dựng công trình giao thông,D01,2025,22.75,,THPT
DTT,Đại học Tôn Đức Thắng,7580205,Kỹ thuật xây dựng công trình giao thông,D01,2025,22.5,,THPT
DTT,Đại học Tôn Đức Thắng,7580205,Kỹ thuật xây dựng công trình giao thông,D07,2025,22.5,,THPT
DTT,Đại học Tôn Đức Thắng,7580302,Quản lý xây dựng,A00,2025,24.2,,THPT
DTT,Đại học Tôn Đức Thắng,7580302,Quản lý xây dựng,A00,2025,24.45,,THPT
DTT,Trường Đại Học Tôn Đức Thắng,7580302,Quản lý xây dựng,A00,2025,24.6,,THPT
DTT,Đại học Tôn Đức Thắng,7580302,Quản lý xây dựng,A01,2025,24.2,,THPT
DTT,Trường Đại Học Tôn Đức Thắng,7580302,Quản lý xây dựng,A01,2025,24.6,,THPT
DTT,Trường Đại Học Tôn Đức Thắng,7580302,Quản lý xây dựng,A01,2025,24.6,,THPT
DTT,Trường Đại Học Tôn Đức Thắng,7580302,Quản lý xây dựng,D01,2025,24.6,,THPT
DTT,Trường Đại Học Tôn Đức Thắng,7580302,Quản lý xây dựng,D01,2025,24.6,,THPT
DTT,Đại học Tôn Đức Thắng,7580302,Quản lý xây dựng,D01,2025,24.2,,THPT
DTT,Đại học Tôn Đức Thắng,7580302,Quản lý xây dựng,D07,2025,24.2,,THPT
DTT,Đại học Tôn Đức Thắng,7720201,Dược học,A00,2025,27.92,,THPT
DTT,Đại học Tôn Đức Thắng,7720201,Dược học,A00,2025,27.67,,THPT
DTT,Trường Đại Học Tôn Đức Thắng,7720201,Dược học,A00,2025,27.92,,THPT
DTT,Đại học Tôn Đức Thắng,7720201,Dược học,B00,2025,27.67,,THPT
DTT,Đại học Tôn Đức Thắng,7720201,Dược học,B00,2025,27.77,,THPT
DTT,Trường Đại Học Tôn Đức Thắng,7720201,Dược học,B00,2025,27.92,,THPT
DTT,Trường Đại Học Tôn Đức Thắng,7720201,Dược học,B00,2025,27.92,,THPT
DTT,Đại học Tôn Đức Thắng,7720201,Dược học,D07,2025,27.67,,THPT
DTT,Trường Đại Học Tôn Đức Thắng,7720201,Dược học,D07,2025,27.92,,THPT
DTT,Đại học Tôn Đức Thắng,7760101,Công tác xã hội,C00,2025,29.86,,THPT
DTT,Đại học Tôn Đức Thắng,7760101,Công tác xã hội,C00,2025,30.36,,THPT
DTT,Đại học Tôn Đức Thắng,7760101,Công tác xã hội,D01,2025,29.86,,THPT
DTT,Trường Đại Học Tôn Đức Thắng,7760101,Công tác xã hội,D01,2025,30.11,,THPT
DTT,Trường Đại Học Tôn Đức Thắng,7760101,Công tác xã hội,D01,2025,30.11,,THPT
DTT,Đại học Tôn Đức Thắng,7810101,Du lịch,C00,2025,32.05,,THPT
DTT,Đại học Tôn Đức Thắng,7810101,Du lịch,C00,2025,32.8,,THPT
DTT,Đại học Tôn Đức Thắng,7810101,Du lịch,D01,2025,32.05,,THPT
DTT,Đại học Tôn Đức Thắng,7810101H,Du lịch - học tại khu Hòa An,C00,2025,31.84,,THPT
DTT,Đại học Tôn Đức Thắng,7810101H,Du lịch - học tại khu Hòa An,C00,2025,31.09,,THPT
DTT,Đại học Tôn Đức Thắng,7810101H,Du lịch - học tại khu Hòa An,D01,2025,31.09,,THPT
DTT,Đại học Tôn Đức Thắng,7810301,Quản lý thể dục thể thao,A01,2025,27.48,,THPT
DTT,Trường Đại Học Tôn Đức Thắng,7810301,Quản lý thể dục thể thao (Chuyên ngành Kinh doanh thể thao và tổ chức sự kiện),A01,2025,27.98,,THPT
DTT,Đại học Tôn Đức Thắng,7810301,Quản lý thể dục thể thao,D01,2025,27.48,,THPT
DTT,Trường Đại Học Tôn Đức Thắng,7810301,Quản lý thể dục thể thao (Chuyên ngành Kinh doanh thể thao và tổ chức sự kiện),D01,2025,27.98,,THPT
DTT,Đại học Tôn Đức Thắng,7810301G,Quản lý thể dục thể thao (ngành Golf),A01,2025,21.0,,THPT
DTT,Trường Đại Học Tôn Đức Thắng,7810301G,Quản lý thể dục thể thao (Chuyên ngành Golf),A01,2025,21.0,,THPT
DTT,Trường Đại Học Tôn Đức Thắng,7810301G,Quản lý thể dục thể thao (Chuyên ngành Golf),D01,2025,21.0,,THPT
DTT,Đại học Tôn Đức Thắng,7810301G,Quản lý thể dục thể thao (ngành Golf),D01,2025,21.0,,THPT
DTT,Đại học Tôn Đức Thắng,7850201,Bảo hộ lao động,A00,2025,20.0,,THPT
DTT,Trường Đại Học Tôn Đức Thắng,7850201,Bảo hộ lao động,A00,2025,20.0,,THPT
DTT,Trường Đại Học Tôn Đức Thắng,7850201,Bảo hộ lao động,A01,2025,20.0,,THPT
DTT,Đại học Tôn Đức Thắng,7850201,Bảo hộ lao động,A01,2025,20.0,,THPT
DTT,Trường Đại Học Tôn Đức Thắng,7850201,Bảo hộ lao động,B00,2025,20.0,,THPT
DTT,Đại học Tôn Đức Thắng,7850201,Bảo hộ lao động,B00,2025,20.0,,THPT
DTT,Trường Đại Học Tôn Đức Thắng,7850201,Bảo hộ lao động,D07,2025,20.0,,THPT
DTT,Đại học Tôn Đức Thắng,7850201,Bảo hộ lao động,D07,2025,20.0,,THPT
DTT,Trường Đại Học Tôn Đức Thắng,D7340101N,Quản trị kinh doanh (Chuyên ngành: Quản trị nhà hàng - khách sạn) - Chương trình dự bị đại học bằng tiếng Anh,A00,2025,23.0,,THPT
DTT,Trường Đại Học Tôn Đức Thắng,D7340101N,Quản trị kinh doanh (Chuyên ngành: Quản trị nhà hàng - khách sạn) - Chương trình dự bị đại học bằng tiếng Anh,A01,2025,23.0,,THPT
DTT,Trường Đại Học Tôn Đức Thắng,D7340101N,Quản trị kinh doanh (Chuyên ngành: Quản trị nhà hàng - khách sạn) - Chương trình dự bị đại học bằng tiếng Anh,D01,2025,23.0,,THPT
DTT,Trường Đại Học Tôn Đức Thắng,D7340101N,Quản trị kinh doanh (Chuyên ngành: Quản trị nhà hàng - khách sạn) - Chương trình dự bị đại học bằng tiếng Anh,D01,2025,23.0,,THPT
DTT,Trường Đại Học Tôn Đức Thắng,D7340101N,Quản trị kinh doanh (Chuyên ngành: Quản trị nhà hàng - khách sạn) - Chương trình dự bị đại học bằng tiếng Anh,D07,2025,23.0,,THPT
DTT,Đại học Tôn Đức Thắng,D7340115,Marketing- CT dự bị đh bằng tiếng anh,A00,2025,24.0,,THPT
DTT,Trường Đại Học Tôn Đức Thắng,D7340115,Marketing - Chương trình dự bị đại học bằng tiếng Anh,A00,2025,24.0,,THPT
DTT,Trường Đại Học Tôn Đức Thắng,D7340115,Marketing - Chương trình dự bị đại học bằng tiếng Anh,A01,2025,24.0,,THPT
DTT,Đại học Tôn Đức Thắng,D7340115,Marketing- CT dự bị đh bằng tiếng anh,A01,2025,24.0,,THPT
DTT,Trường Đại Học Tôn Đức Thắng,D7340115,Marketing - Chương trình dự bị đại học bằng tiếng Anh,D01,2025,24.0,,THPT
DTT,Đại học Tôn Đức Thắng,D7340115,Marketing- CT dự bị đh bằng tiếng anh,D01,2025,24.0,,THPT
DTT,Trường Đại Học Tôn Đức Thắng,D7340115,Marketing - Chương trình dự bị đại học bằng tiếng Anh,D07,2025,24.0,,THPT
DTT,Đại học Tôn Đức Thắng,D7340115,Marketing- CT dự bị đh bằng tiếng anh,D07,2025,24.0,,THPT
DTT,Đại học Tôn Đức Thắng,D7340120,Kinh doanh quốc tế- Dự bị đh bằng tiếng anh,A00,2025,24.0,,THPT
DTT,Trường Đại Học Tôn Đức Thắng,D7340120,Kinh doanh quốc tế - Chương trình dự bị đại học bằng tiếng Anh,A00,2025,24.0,,THPT
DTT,Trường Đại Học Tôn Đức Thắng,D7340120,Kinh doanh quốc tế - Chương trình dự bị đại học bằng tiếng Anh,A01,2025,24.0,,THPT
DTT,Đại học Tôn Đức Thắng,D7340120,Kinh doanh quốc tế- Dự bị đh bằng tiếng anh,A01,2025,24.0,,THPT
DTT,Trường Đại Học Tôn Đức Thắng,D7340120,Kinh doanh quốc tế - Chương trình dự bị đại học bằng tiếng Anh,D01,2025,24.0,,THPT
DTT,Đại học Tôn Đức Thắng,D7340120,Kinh doanh quốc tế- Dự bị đh bằng tiếng anh,D01,2025,24.0,,THPT
DTT,Trường Đại Học Tôn Đức Thắng,D7340120,Kinh doanh quốc tế - Chương trình dự bị đại học bằng tiếng Anh,D07,2025,24.0,,THPT
DTT,Đại học Tôn Đức Thắng,D7340120,Kinh doanh quốc tế- Dự bị đh bằng tiếng anh,D07,2025,24.0,,THPT
DTT,Trường Đại Học Tôn Đức Thắng,D7340201,Tài chính ngân hàng - Chương trình dự bị đại học bằng tiếng Anh,A00,2025,21.0,,THPT
DTT,Trường Đại Học Tôn Đức Thắng,D7340201,Tài chính ngân hàng - Chương trình dự bị đại học bằng tiếng Anh,A01,2025,21.0,,THPT
DTT,Trường Đại Học Tôn Đức Thắng,D7340201,Tài chính ngân hàng - Chương trình dự bị đại học bằng tiếng Anh,D01,2025,21.0,,THPT
DTT,Trường Đại Học Tôn Đức Thắng,D7340201,Tài chính ngân hàng - Chương trình dự bị đại học bằng tiếng Anh,D01,2025,21.0,,THPT
DTT,Trường Đại Học Tôn Đức Thắng,D7340201,Tài chính ngân hàng - Chương trình dự bị đại học bằng tiếng Anh,D07,2025,21.0,,THPT
DTT,Đại học Tôn Đức Thắng,D7340301,Kế toán- Dự bị đh bằng tiếng anh,A00,2025,21.0,,THPT
DTT,Trường Đại Học Tôn Đức Thắng,D7340301,Kế toán (Chuyên ngành: Kế toán quốc tế) - Chương trình dự bị đại học bằng tiếng Anh,A00,2025,21.0,,THPT
DTT,Trường Đại Học Tôn Đức Thắng,D7340301,Kế toán (Chuyên ngành: Kế toán quốc tế) - Chương trình dự bị đại học bằng tiếng Anh,A01,2025,21.0,,THPT
DTT,Đại học Tôn Đức Thắng,D7340301,Kế toán- Dự bị đh bằng tiếng anh,A01,2025,21.0,,THPT
DTT,Trường Đại Học Tôn Đức Thắng,D7340301,Kế toán (Chuyên ngành: Kế toán quốc tế) - Chương trình dự bị đại học bằng tiếng Anh,D01,2025,21.0,,THPT
DTT,Đại học Tôn Đức Thắng,D7340301,Kế toán- Dự bị đh bằng tiếng anh,D01,2025,21.0,,THPT
DTT,Trường Đại Học Tôn Đức Thắng,D7340301,Kế toán (Chuyên ngành: Kế toán quốc tế) - Chương trình dự bị đại học bằng tiếng Anh,D07,2025,21.0,,THPT
DTT,Đại học Tôn Đức Thắng,D7340301,Kế toán- Dự bị đh bằng tiếng anh,D07,2025,21.0,,THPT
DTT,Đại học Tôn Đức Thắng,D7420201,Công nghệ sinh học- CT dự bị đh bằng tiếng anh,A01,2025,22.0,,THPT
DTT,Trường Đại Học Tôn Đức Thắng,D7420201,Công nghệ sinh học - Chương trình dự bị đại học bằng tiếng Anh,B00,2025,22.0,,THPT
DTT,Đại học Tôn Đức Thắng,D7420201,Công nghệ sinh học- CT dự bị đh bằng tiếng anh,B00,2025,22.0,,THPT
DTT,Trường Đại Học Tôn Đức Thắng,D7480101,Khoa học máy tính - Chương trình dự bị đại học bằng tiếng Anh,A00,2025,24.0,,THPT
DTT,Trường Đại Học Tôn Đức Thắng,D7480101,Khoa học máy tính - Chương trình dự bị đại học bằng tiếng Anh,A01,2025,24.0,,THPT
DTT,Đại học Tôn Đức Thắng,D7480101,Khoa học máy tính- CT dự bị đh bằng tiếng anh,A01,2025,24.0,,THPT
DTT,Trường Đại Học Tôn Đức Thắng,D7480101,Khoa học máy tính - Chương trình dự bị đại học bằng tiếng Anh,A01,2025,24.0,,THPT
DTT,Đại học Tôn Đức Thắng,D7480101,Khoa học máy tính- CT dự bị đh bằng tiếng anh,B00,2025,24.0,,THPT
DTT,Trường Đại Học Tôn Đức Thắng,D7480101,Khoa học máy tính - Chương trình dự bị đại học bằng tiếng Anh,D01,2025,24.0,,THPT
DTT,Trường Đại Học Tôn Đức Thắng,D7480101,Khoa học máy tính - Chương trình dự bị đại học bằng tiếng Anh,D01,2025,24.0,,THPT
DTT,Trường Đại Học Tôn Đức Thắng,D7480101,Khoa học máy tính - Chương trình dự bị đại học bằng tiếng Anh,D07,2025,24.0,,THPT
DTT,Đại học Tôn Đức Thắng,D7480103,Kỹ thuật phần mềm - CT dự bị đh bằng tiếng anh,A00,2025,24.0,,THPT
DTT,Trường Đại Học Tôn Đức Thắng,D7480103,Kỹ thuật phần mềm - Chương trình dự bị đại học bằng tiếng Anh,A00,2025,24.0,,THPT
DTT,Trường Đại Học Tôn Đức Thắng,D7480103,Kỹ thuật phần mềm - Chương trình dự bị đại học bằng tiếng Anh,A01,2025,24.0,,THPT
DTT,Đại học Tôn Đức Thắng,D7480103,Kỹ thuật phần mềm - CT dự bị đh bằng tiếng anh,A01,2025,24.0,,THPT
DTT,Trường Đại Học Tôn Đức Thắng,D7480103,Kỹ thuật phần mềm - Chương trình dự bị đại học bằng tiếng Anh,A01,2025,24.0,,THPT
DTT,Trường Đại Học Tôn Đức Thắng,D7480103,Kỹ thuật phần mềm - Chương trình dự bị đại học bằng tiếng Anh,D01,2025,24.0,,THPT
DTT,Trường Đại Học Tôn Đức Thắng,D7480103,Kỹ thuật phần mềm - Chương trình dự bị đại học bằng tiếng Anh,D01,2025,24.0,,THPT
DTT,Đại học Tôn Đức Thắng,D7480103,Kỹ thuật phần mềm - CT dự bị đh bằng tiếng anh,D01,2025,24.0,,THPT
DTT,Trường Đại Học Tôn Đức Thắng,D7480103,Kỹ thuật phần mềm - Chương trình dự bị đại học bằng tiếng Anh,D07,2025,24.0,,THPT
DTT,Đại học Tôn Đức Thắng,D7480103,Kỹ thuật phần mềm - CT dự bị đh bằng tiếng anh,D07,2025,24.0,,THPT
DTT,Đại học Tôn Đức Thắng,D7520216,Kỹ thuật điề khiển và tự động hóa- CT dự bị dhd bằng tiếng anh,A00,2025,24.0,,THPT
DTT,Trường Đại Học Tôn Đức Thắng,D7520216,Kỹ thuật điều khiển và tự động hóa - Chương trình dự bị đại học bằng tiếng Anh,A00,2025,24.0,,THPT
DTT,Trường Đại Học Tôn Đức Thắng,D7520216,Kỹ thuật điều khiển và tự động hóa - Chương trình dự bị đại học bằng tiếng Anh,A00,2025,24.0,,THPT
DTT,Trường Đại Học Tôn Đức Thắng,D7520216,Kỹ thuật điều khiển và tự động hóa - Chương trình dự bị đại học bằng tiếng Anh,A01,2025,24.0,,THPT
DTT,Đại học Tôn Đức Thắng,D7520216,Kỹ thuật điề khiển và tự động hóa- CT dự bị dhd bằng tiếng anh,A01,2025,24.0,,THPT
DTT,Trường Đại Học Tôn Đức Thắng,D7520216,Kỹ thuật điều khiển và tự động hóa - Chương trình dự bị đại học bằng tiếng Anh,A01,2025,24.0,,THPT
DTT,Trường Đại Học Tôn Đức Thắng,D7520216,Kỹ thuật điều khiển và tự động hóa - Chương trình dự bị đại học bằng tiếng Anh,D01,2025,24.0,,THPT
DTT,Trường Đại Học Tôn Đức Thắng,D7520216,Kỹ thuật điều khiển và tự động hóa - Chương trình dự bị đại học bằng tiếng Anh,D01,2025,24.0,,THPT
DTT,Đại học Tôn Đức Thắng,D7520216,Kỹ thuật điề khiển và tự động hóa- CT dự bị dhd bằng tiếng anh,D01,2025,24.0,,THPT
DTT,Trường Đại Học Tôn Đức Thắng,D7520216,Kỹ thuật điều khiển và tự động hóa - Chương trình dự bị đại học bằng tiếng Anh,D07,2025,24.0,,THPT
DTT,Đại học Tôn Đức Thắng,D7520216,Kỹ thuật điề khiển và tự động hóa- CT dự bị dhd bằng tiếng anh,D07,2025,24.0,,THPT
DTT,Trường Đại Học Tôn Đức Thắng,D7580201,Kỹ thuật xây dựng - Chương trình dự bị đại học bằng tiếng Anh,A00,2025,20.0,,THPT
DTT,Trường Đại Học Tôn Đức Thắng,D7580201,Kỹ thuật xây dựng - Chương trình dự bị đại học bằng tiếng Anh,A01,2025,20.0,,THPT
DTT,Trường Đại Học Tôn Đức Thắng,D7580201,Kỹ thuật xây dựng - Chương trình dự bị đại học bằng tiếng Anh,A01,2025,20.0,,THPT
DTT,Trường Đại Học Tôn Đức Thắng,D7580201,Kỹ thuật xây dựng - Chương trình dự bị đại học bằng tiếng Anh,D01,2025,20.0,,THPT
DTT,Trường Đại Học Tôn Đức Thắng,D7580201,Kỹ thuật xây dựng - Chương trình dự bị đại học bằng tiếng Anh,D01,2025,20.0,,THPT
DTT,Trường Đại Học Tôn Đức Thắng,DK7340101,Quản trị kinh doanh (song bằng 2+2) - Chương trình dự bị Trường Đại học Kinh tế và Kinh doanh Praha (Cộng Hòa Séc),A00,2025,21.0,,THPT
DTT,Trường Đại Học Tôn Đức Thắng,DK7340101,Quản trị kinh doanh (song bằng 2+2) - Chương trình dự bị Trường Đại học Kinh tế và Kinh doanh Praha (Cộng Hòa Séc),A01,2025,21.0,,THPT
DTT,Trường Đại Học Tôn Đức Thắng,DK7340101,Quản trị kinh doanh (song bằng 2+2) - Chương trình dự bị Trường Đại học Kinh tế và Kinh doanh Praha (Cộng Hòa Séc),D01,2025,21.0,,THPT
DTT,Trường Đại Học Tôn Đức Thắng,DK7340101,Quản trị kinh doanh (song bằng 2+2) - Chương trình dự bị Trường Đại học Kinh tế và Kinh doanh Praha (Cộng Hòa Séc),D01,2025,21.0,,THPT
DTT,Trường Đại Học Tôn Đức Thắng,DK7340101,Quản trị kinh doanh (song bằng 2+2) - Chương trình dự bị Trường Đại học Kinh tế và Kinh doanh Praha (Cộng Hòa Séc),D07,2025,21.0,,THPT
DTT,Trường Đại Học Tôn Đức Thắng,DK7340101E,Quản trị kinh doanh toàn cầu (đơn bằng 2+2) - Chương trình dự bị liên kết Trường Kinh doanh Emlyon (Pháp),A00,2025,21.0,,THPT
DTT,Trường Đại Học Tôn Đức Thắng,DK7340101E,Quản trị kinh doanh toàn cầu (đơn bằng 2+2) - Chương trình dự bị liên kết Trường Kinh doanh Emlyon (Pháp),A01,2025,21.0,,THPT
DTT,Trường Đại Học Tôn Đức Thắng,DK7340101E,Quản trị kinh doanh toàn cầu (đơn bằng 2+2) - Chương trình dự bị liên kết Trường Kinh doanh Emlyon (Pháp),D01,2025,21.0,,THPT
DTT,Trường Đại Học Tôn Đức Thắng,DK7340101E,Quản trị kinh doanh toàn cầu (đơn bằng 2+2) - Chương trình dự bị liên kết Trường Kinh doanh Emlyon (Pháp),D01,2025,21.0,,THPT
DTT,Trường Đại Học Tôn Đức Thắng,DK7340101E,Quản trị kinh doanh toàn cầu (đơn bằng 2+2) - Chương trình dự bị liên kết Trường Kinh doanh Emlyon (Pháp),D07,2025,21.0,,THPT
DTT,Trường Đại Học Tôn Đức Thắng,DK7340101L,Quản trị kinh doanh (đơn bằng 3+1) – Chương trình dự bị liên kết Đại học Lunghwa (Đài Loan),A00,2025,21.0,,THPT
DTT,Trường Đại Học Tôn Đức Thắng,DK7340101L,Quản trị kinh doanh (đơn bằng 3+1) – Chương trình dự bị liên kết Đại học Lunghwa (Đài Loan),A01,2025,21.0,,THPT
DTT,Trường Đại Học Tôn Đức Thắng,DK7340101L,Quản trị kinh doanh (đơn bằng 3+1) – Chương trình dự bị liên kết Đại học Lunghwa (Đài Loan),D01,2025,21.0,,THPT
DTT,Trường Đại Học Tôn Đức Thắng,DK7340101L,Quản trị kinh doanh (đơn bằng 3+1) – Chương trình dự bị liên kết Đại học Lunghwa (Đài Loan),D01,2025,21.0,,THPT
DTT,Trường Đại Học Tôn Đức Thắng,DK7340101L,Quản trị kinh doanh (đơn bằng 3+1) – Chương trình dự bị liên kết Đại học Lunghwa (Đài Loan),D07,2025,21.0,,THPT
DTT,Trường Đại Học Tôn Đức Thắng,DK7340101M,"Kinh doanh (Tài chính, Kinh doanh quốc tế, Marketing, Kế toán, Quản trị nguồn nhân lực & Quan hệ lao động) (đơn bằng 2+1,5) - Chương trình dự bị liên kết Đại học Massey (New Zealand)",A00,2025,21.0,,THPT
DTT,Trường Đại Học Tôn Đức Thắng,DK7340101M,"Kinh doanh (Tài chính, Kinh doanh quốc tế, Marketing, Kế toán, Quản trị nguồn nhân lực & Quan hệ lao động) (đơn bằng 2+1,5) - Chương trình dự bị liên kết Đại học Massey (New Zealand)",A01,2025,21.0,,THPT
DTT,Trường Đại Học Tôn Đức Thắng,DK7340101M,"Kinh doanh (Tài chính, Kinh doanh quốc tế, Marketing, Kế toán, Quản trị nguồn nhân lực & Quan hệ lao động) (đơn bằng 2+1,5) - Chương trình dự bị liên kết Đại học Massey (New Zealand)",D01,2025,21.0,,THPT
DTT,Trường Đại Học Tôn Đức Thắng,DK7340101M,"Kinh doanh (Tài chính, Kinh doanh quốc tế, Marketing, Kế toán, Quản trị nguồn nhân lực & Quan hệ lao động) (đơn bằng 2+1,5) - Chương trình dự bị liên kết Đại học Massey (New Zealand)",D01,2025,21.0,,THPT
DTT,Trường Đại Học Tôn Đức Thắng,DK7340101M,"Kinh doanh (Tài chính, Kinh doanh quốc tế, Marketing, Kế toán, Quản trị nguồn nhân lực & Quan hệ lao động) (đơn bằng 2+1,5) - Chương trình dự bị liên kết Đại học Massey (New Zealand)",D07,2025,21.0,,THPT
DTT,Trường Đại Học Tôn Đức Thắng,DK7340101N,"Quản trị nhà hàng - khách sạn (song bằng 2,5+1,5) - Chương trình dự bị liên kết Đại học Taylor’s (Malaysia)",A00,2025,21.0,,THPT
DTT,Trường Đại Học Tôn Đức Thắng,DK7340101N,"Quản trị nhà hàng - khách sạn (song bằng 2,5+1,5) - Chương trình dự bị liên kết Đại học Taylor’s (Malaysia)",A01,2025,21.0,,THPT
DTT,Trường Đại Học Tôn Đức Thắng,DK7340101N,"Quản trị nhà hàng - khách sạn (song bằng 2,5+1,5) - Chương trình dự bị liên kết Đại học Taylor’s (Malaysia)",D01,2025,21.0,,THPT
DTT,Trường Đại Học Tôn Đức Thắng,DK7340101N,"Quản trị nhà hàng - khách sạn (song bằng 2,5+1,5) - Chương trình dự bị liên kết Đại học Taylor’s (Malaysia)",D01,2025,21.0,,THPT
DTT,Trường Đại Học Tôn Đức Thắng,DK7340101N,"Quản trị nhà hàng - khách sạn (song bằng 2,5+1,5) - Chương trình dự bị liên kết Đại học Taylor’s (Malaysia)",D07,2025,21.0,,THPT
DTT,Trường Đại Học Tôn Đức Thắng,DK7340120L,Kinh doanh quốc tế (song bằng 3 +1) - Chương trình dự bị liên kết Đại học La Trobe (Úc),A00,2025,21.0,,THPT
DTT,Trường Đại Học Tôn Đức Thắng,DK7340120L,Kinh doanh quốc tế (song bằng 3 +1) - Chương trình dự bị liên kết Đại học La Trobe (Úc),A01,2025,21.0,,THPT
DTT,Trường Đại Học Tôn Đức Thắng,DK7340120L,Kinh doanh quốc tế (song bằng 3 +1) - Chương trình dự bị liên kết Đại học La Trobe (Úc),D01,2025,21.0,,THPT
DTT,Trường Đại Học Tôn Đức Thắng,DK7340120L,Kinh doanh quốc tế (song bằng 3 +1) - Chương trình dự bị liên kết Đại học La Trobe (Úc),D01,2025,21.0,,THPT
DTT,Trường Đại Học Tôn Đức Thắng,DK7340120L,Kinh doanh quốc tế (song bằng 3 +1) - Chương trình dự bị liên kết Đại học La Trobe (Úc),D07,2025,21.0,,THPT
DTT,Trường Đại Học Tôn Đức Thắng,DK7340201X,Tài chính và kiểm soát (song bằng 3+1) - Chương trình dự bị liên kết Đại học khoa học ứng dụng Saxion (Hà Lan),A00,2025,21.0,,THPT
DTT,Trường Đại Học Tôn Đức Thắng,DK7340201X,Tài chính và kiểm soát (song bằng 3+1) - Chương trình dự bị liên kết Đại học khoa học ứng dụng Saxion (Hà Lan),A01,2025,21.0,,THPT
DTT,Trường Đại Học Tôn Đức Thắng,DK7340201X,Tài chính và kiểm soát (song bằng 3+1) - Chương trình dự bị liên kết Đại học khoa học ứng dụng Saxion (Hà Lan),D01,2025,21.0,,THPT
DTT,Trường Đại Học Tôn Đức Thắng,DK7340201X,Tài chính và kiểm soát (song bằng 3+1) - Chương trình dự bị liên kết Đại học khoa học ứng dụng Saxion (Hà Lan),D01,2025,21.0,,THPT
DTT,Trường Đại Học Tôn Đức Thắng,DK7340201X,Tài chính và kiểm soát (song bằng 3+1) - Chương trình dự bị liên kết Đại học khoa học ứng dụng Saxion (Hà Lan),D07,2025,21.0,,THPT
DTT,Trường Đại Học Tôn Đức Thắng,DK7340301,"Kế toán (song bằng 3+1) - Chương trình dự bị liên kết Đại học West of England, Bristol (Vương Quốc Anh)",A00,2025,21.0,,THPT
DTT,Trường Đại Học Tôn Đức Thắng,DK7340301,"Kế toán (song bằng 3+1) - Chương trình dự bị liên kết Đại học West of England, Bristol (Vương Quốc Anh)",A01,2025,21.0,,THPT
DTT,Trường Đại Học Tôn Đức Thắng,DK7340301,"Kế toán (song bằng 3+1) - Chương trình dự bị liên kết Đại học West of England, Bristol (Vương Quốc Anh)",D01,2025,21.0,,THPT
DTT,Trường Đại Học Tôn Đức Thắng,DK7340301,"Kế toán (song bằng 3+1) - Chương trình dự bị liên kết Đại học West of England, Bristol (Vương Quốc Anh)",D01,2025,21.0,,THPT
DTT,Trường Đại Học Tôn Đức Thắng,DK7340301,"Kế toán (song bằng 3+1) - Chương trình dự bị liên kết Đại học West of England, Bristol (Vương Quốc Anh)",D07,2025,21.0,,THPT
DTT,Trường Đại Học Tôn Đức Thắng,DK7480101L,Công nghệ thông tin (song bằng 2+2) - Chương trình dự bị liên kết Đại học La Trobe (Úc),A00,2025,26.0,,THPT
DTT,Trường Đại Học Tôn Đức Thắng,DK7480101L,Công nghệ thông tin (song bằng 2+2) - Chương trình dự bị liên kết Đại học La Trobe (Úc),A01,2025,26.0,,THPT
DTT,Trường Đại Học Tôn Đức Thắng,DK7480101L,Công nghệ thông tin (song bằng 2+2) - Chương trình dự bị liên kết Đại học La Trobe (Úc),A01,2025,26.0,,THPT
DTT,Trường Đại Học Tôn Đức Thắng,DK7480101L,Công nghệ thông tin (song bằng 2+2) - Chương trình dự bị liên kết Đại học La Trobe (Úc),D01,2025,26.0,,THPT
DTT,Trường Đại Học Tôn Đức Thắng,DK7480101L,Công nghệ thông tin (song bằng 2+2) - Chương trình dự bị liên kết Đại học La Trobe (Úc),D01,2025,26.0,,THPT
DTT,Trường Đại Học Tôn Đức Thắng,DK7480101L,Công nghệ thông tin (song bằng 2+2) - Chương trình dự bị liên kết Đại học La Trobe (Úc),D07,2025,26.0,,THPT
DTT,Trường Đại Học Tôn Đức Thắng,DK7480101T,Khoa học máy tính (đơn bằng 2+2) - Chương trình dự bị liên kết Đại học Kỹ thuật Ostrava (CH Séc),A00,2025,22.0,,THPT
DTT,Trường Đại Học Tôn Đức Thắng,DK7480101T,Khoa học máy tính (đơn bằng 2+2) - Chương trình dự bị liên kết Đại học Kỹ thuật Ostrava (CH Séc),A01,2025,22.0,,THPT
DTT,Trường Đại Học Tôn Đức Thắng,DK7480101T,Khoa học máy tính (đơn bằng 2+2) - Chương trình dự bị liên kết Đại học Kỹ thuật Ostrava (CH Séc),A01,2025,22.0,,THPT
DTT,Trường Đại Học Tôn Đức Thắng,DK7480101T,Khoa học máy tính (đơn bằng 2+2) - Chương trình dự bị liên kết Đại học Kỹ thuật Ostrava (CH Séc),D01,2025,22.0,,THPT
DTT,Trường Đại Học Tôn Đức Thắng,DK7480101T,Khoa học máy tính (đơn bằng 2+2) - Chương trình dự bị liên kết Đại học Kỹ thuật Ostrava (CH Séc),D01,2025,22.0,,THPT
DTT,Trường Đại Học Tôn Đức Thắng,DK7480101T,Khoa học máy tính (đơn bằng 2+2) - Chương trình dự bị liên kết Đại học Kỹ thuật Ostrava (CH Séc),D07,2025,22.0,,THPT
DTT,Trường Đại Học Tôn Đức Thắng,DK7520201,"Kỹ thuật điện – điện tử (song bằng 2,5+1,5) - Chương trình dự bị liên kết Đại học khoa học ứng dụng Saxion (Hà Lan)",A00,2025,21.0,,THPT
DTT,Trường Đại Học Tôn Đức Thắng,DK7520201,"Kỹ thuật điện – điện tử (song bằng 2,5+1,5) - Chương trình dự bị liên kết Đại học khoa học ứng dụng Saxion (Hà Lan)",A00,2025,21.0,,THPT
DTT,Trường Đại Học Tôn Đức Thắng,DK7520201,"Kỹ thuật điện – điện tử (song bằng 2,5+1,5) - Chương trình dự bị liên kết Đại học khoa học ứng dụng Saxion (Hà Lan)",A01,2025,21.0,,THPT
DTT,Trường Đại Học Tôn Đức Thắng,DK7520201,"Kỹ thuật điện – điện tử (song bằng 2,5+1,5) - Chương trình dự bị liên kết Đại học khoa học ứng dụng Saxion (Hà Lan)",A01,2025,21.0,,THPT
DTT,Trường Đại Học Tôn Đức Thắng,DK7520201,"Kỹ thuật điện – điện tử (song bằng 2,5+1,5) - Chương trình dự bị liên kết Đại học khoa học ứng dụng Saxion (Hà Lan)",D01,2025,21.0,,THPT
DTT,Trường Đại Học Tôn Đức Thắng,DK7520201,"Kỹ thuật điện – điện tử (song bằng 2,5+1,5) - Chương trình dự bị liên kết Đại học khoa học ứng dụng Saxion (Hà Lan)",D01,2025,21.0,,THPT
DTT,Trường Đại Học Tôn Đức Thắng,DK7520201,"Kỹ thuật điện – điện tử (song bằng 2,5+1,5) - Chương trình dự bị liên kết Đại học khoa học ứng dụng Saxion (Hà Lan)",D07,2025,21.0,,THPT
DTT,Trường Đại Học Tôn Đức Thắng,DK7580201,Kỹ thuật xây dựng (song bằng 2+2) - Chương trình dự bị liên kết Đại học La Trobe (Úc),A00,2025,20.0,,THPT
DTT,Trường Đại Học Tôn Đức Thắng,DK7580201,Kỹ thuật xây dựng (song bằng 2+2) - Chương trình dự bị liên kết Đại học La Trobe (Úc),A01,2025,20.0,,THPT
DTT,Trường Đại Học Tôn Đức Thắng,DK7580201,Kỹ thuật xây dựng (song bằng 2+2) - Chương trình dự bị liên kết Đại học La Trobe (Úc),A01,2025,20.0,,THPT
DTT,Trường Đại Học Tôn Đức Thắng,DK7580201,Kỹ thuật xây dựng (song bằng 2+2) - Chương trình dự bị liên kết Đại học La Trobe (Úc),D01,2025,20.0,,THPT
DTT,Trường Đại Học Tôn Đức Thắng,DK7580201,Kỹ thuật xây dựng (song bằng 2+2) - Chương trình dự bị liên kết Đại học La Trobe (Úc),D01,2025,20.0,,THPT
DTT,Đại học Tôn Đức Thắng,F7220201,Ngôn ngữ Anh -Chất lượng cao giảng dạy bằng tiếng Anh - Việt,D01,2025,25.64,,THPT
DTT,Đại học Tôn Đức Thắng,F7220204,Ngôn ngữ Trung Quốc (Chương trình tiên tiến),D01,2025,25.48,,THPT
DTT,Trường Đại Học Tôn Đức Thắng,F7220204,Ngôn ngữ Trung Quốc - Chương trình tiên tiến,D01,2025,25.98,,THPT
DTT,Trường Đại Học Tôn Đức Thắng,F7220204,Ngôn ngữ Trung Quốc - Chương trình tiên tiến,D01,2025,25.98,,THPT
DTT,Trường Đại Học Tôn Đức Thắng,F7310301,Xã hội học - Chương trình tiên tiến,C00,2025,27.61,,THPT
DTT,Trường Đại Học Tôn Đức Thắng,F7310301,Xã hội học - Chương trình tiên tiến,D01,2025,27.61,,THPT
DTT,Trường Đại Học Tôn Đức Thắng,F7310301,Xã hội học - Chương trình tiên tiến,D01,2025,27.61,,THPT
DTT,Đại học Tôn Đức Thắng,F7340101,Quản trị kinh doanh (Chuyên ngành: Quản trị nguồn nhân lực) - Chất lượng cao giảng dạy bằng tiếng Anh - Việt,A00,2025,25.51,,THPT
DTT,Đại học Tôn Đức Thắng,F7340101,Quản trị kinh doanh (Chuyên ngành: Quản trị nguồn nhân lực) - Chất lượng cao giảng dạy bằng tiếng Anh - Việt,A00,2025,25.76,,THPT
DTT,Trường Đại Học Tôn Đức Thắng,F7340101,Quản trị kinh doanh (Chuyên ngành Quản trị nguồn nhân lực) - Chương trình tiên tiến,A00,2025,26.01,,THPT
DTT,Đại học Tôn Đức Thắng,F7340101,Quản trị kinh doanh (Chuyên ngành: Quản trị nguồn nhân lực) - Chất lượng cao giảng dạy bằng tiếng Anh - Việt,A01,2025,25.51,,THPT
DTT,Trường Đại Học Tôn Đức Thắng,F7340101,Quản trị kinh doanh (Chuyên ngành Quản trị nguồn nhân lực) - Chương trình tiên tiến,A01,2025,26.01,,THPT
DTT,Đại học Tôn Đức Thắng,F7340101,Quản trị kinh doanh (Chuyên ngành: Quản trị nguồn nhân lực) - Chất lượng cao giảng dạy bằng tiếng Anh - Việt,D01,2025,25.51,,THPT
DTT,Trường Đại Học Tôn Đức Thắng,F7340101,Quản trị kinh doanh (Chuyên ngành Quản trị nguồn nhân lực) - Chương trình tiên tiến,D01,2025,26.01,,THPT
DTT,Trường Đại Học Tôn Đức Thắng,F7340101,Quản trị kinh doanh (Chuyên ngành Quản trị nguồn nhân lực) - Chương trình tiên tiến,D07,2025,26.01,,THPT
DTT,Đại học Tôn Đức Thắng,F7340101,Quản trị kinh doanh (Chuyên ngành: Quản trị nguồn nhân lực) - Chất lượng cao giảng dạy bằng tiếng Anh - Việt,D07,2025,25.51,,THPT
DTT,Đại học Tôn Đức Thắng,F7340101N,Quản trị kinh doanh (Chuyên ngành: Quản trị nhà hàng - khách sạn) - Chất lượng cao giảng dạy bằng tiếng Anh - Việt,A00,2025,25.59,,THPT
DTT,Trường Đại Học Tôn Đức Thắng,F7340101N,Quản trị kinh doanh (Chuyên ngành Quản trị nhà hàng - khách sạn) - Chương trình tiên tiến,A00,2025,25.84,,THPT
DTT,Đại học Tôn Đức Thắng,F7340101N,Quản trị kinh doanh (Chuyên ngành: Quản trị nhà hàng - khách sạn) - Chất lượng cao giảng dạy bằng tiếng Anh - Việt,A01,2025,25.34,,THPT
DTT,Trường Đại Học Tôn Đức Thắng,F7340101N,Quản trị kinh doanh (Chuyên ngành Quản trị nhà hàng - khách sạn) - Chương trình tiên tiến,A01,2025,25.84,,THPT
DTT,Đại học Tôn Đức Thắng,F7340101N,Quản trị kinh doanh (Chuyên ngành: Quản trị nhà hàng - khách sạn) - Chất lượng cao giảng dạy bằng tiếng Anh - Việt,D01,2025,25.34,,THPT
DTT,Trường Đại Học Tôn Đức Thắng,F7340101N,Quản trị kinh doanh (Chuyên ngành Quản trị nhà hàng - khách sạn) - Chương trình tiên tiến,D01,2025,25.84,,THPT
DTT,Trường Đại Học Tôn Đức Thắng,F7340101N,Quản trị kinh doanh (Chuyên ngành Quản trị nhà hàng - khách sạn) - Chương trình tiên tiến,D07,2025,25.84,,THPT
DTT,Đại học Tôn Đức Thắng,F7340101N,Quản trị kinh doanh (Chuyên ngành: Quản trị nhà hàng - khách sạn) - Chất lượng cao giảng dạy bằng tiếng Anh - Việt,D07,2025,25.34,,THPT
DTT,Đại học Tôn Đức Thắng,F7340115,Marketing -Chất lượng cao giảng dạy bằng tiếng Anh - Việt,A00,2025,27.0,,THPT
DTT,Đại học Tôn Đức Thắng,F7340115,Marketing -Chất lượng cao giảng dạy bằng tiếng Anh - Việt,A00,2025,26.75,,THPT
DTT,Trường Đại Học Tôn Đức Thắng,F7340115,Marketing - Chương trình tiên tiến,A00,2025,27.25,,THPT
DTT,Đại học Tôn Đức Thắng,F7340115,Marketing -Chất lượng cao giảng dạy bằng tiếng Anh - Việt,A01,2025,26.75,,THPT
DTT,Trường Đại Học Tôn Đức Thắng,F7340115,Marketing - Chương trình tiên tiến,A01,2025,27.25,,THPT
DTT,Đại học Tôn Đức Thắng,F7340115,Marketing -Chất lượng cao giảng dạy bằng tiếng Anh - Việt,D01,2025,26.75,,THPT
DTT,Trường Đại Học Tôn Đức Thắng,F7340115,Marketing - Chương trình tiên tiến,D01,2025,27.25,,THPT
DTT,Trường Đại Học Tôn Đức Thắng,F7340115,Marketing - Chương trình tiên tiến,D07,2025,27.25,,THPT
DTT,Đại học Tôn Đức Thắng,F7340115,Marketing -Chất lượng cao giảng dạy bằng tiếng Anh - Việt,D07,2025,26.75,,THPT
DTT,Đại học Tôn Đức Thắng,F7340120,Kinh doanh quốc tế - Chất lượng cao giảng dạy bằng tiếng Anh - Việt,A00,2025,27.2,,THPT
DTT,Đại học Tôn Đức Thắng,F7340120,Kinh doanh quốc tế - Chất lượng cao giảng dạy bằng tiếng Anh - Việt,A00,2025,26.95,,THPT
DTT,Trường Đại Học Tôn Đức Thắng,F7340120,Kinh doanh quốc tế - Chương trình tiên tiến,A00,2025,27.25,,THPT
DTT,Đại học Tôn Đức Thắng,F7340120,Kinh doanh quốc tế - Chất lượng cao giảng dạy bằng tiếng Anh - Việt,A01,2025,26.95,,THPT
DTT,Trường Đại Học Tôn Đức Thắng,F7340120,Kinh doanh quốc tế - Chương trình tiên tiến,A01,2025,27.25,,THPT
DTT,Đại học Tôn Đức Thắng,F7340120,Kinh doanh quốc tế - Chất lượng cao giảng dạy bằng tiếng Anh - Việt,D01,2025,26.95,,THPT
DTT,Trường Đại Học Tôn Đức Thắng,F7340120,Kinh doanh quốc tế - Chương trình tiên tiến,D01,2025,27.25,,THPT
DTT,Trường Đại Học Tôn Đức Thắng,F7340120,Kinh doanh quốc tế - Chương trình tiên tiến,D07,2025,27.25,,THPT
DTT,Đại học Tôn Đức Thắng,F7340120,Kinh doanh quốc tế - Chất lượng cao giảng dạy bằng tiếng Anh - Việt,D07,2025,26.95,,THPT
DTT,Trường Đại Học Tôn Đức Thắng,F7340201,Tài chính - Ngân hàng - Chương trình tiên tiến,A00,2025,23.5,,THPT
DTT,Trường Đại Học Tôn Đức Thắng,F7340201,Tài chính - Ngân hàng - Chương trình tiên tiến,A01,2025,23.5,,THPT
DTT,Trường Đại Học Tôn Đức Thắng,F7340201,Tài chính - Ngân hàng - Chương trình tiên tiến,D01,2025,23.5,,THPT
DTT,Trường Đại Học Tôn Đức Thắng,F7340201,Tài chính - Ngân hàng - Chương trình tiên tiến,D01,2025,23.5,,THPT
DTT,Trường Đại Học Tôn Đức Thắng,F7340201,Tài chính - Ngân hàng - Chương trình tiên tiến,D07,2025,23.5,,THPT
DTT,Đại học Tôn Đức Thắng,F7340301,Kế toán - Chất lượng cao,A00,2025,23.0,,THPT
DTT,Đại học Tôn Đức Thắng,F7340301,Kế toán - Chất lượng cao,A00,2025,23.25,,THPT
DTT,Trường Đại Học Tôn Đức Thắng,F7340301,Kế toán - Chương trình tiên tiến,A00,2025,23.5,,THPT
DTT,Đại học Tôn Đức Thắng,F7340301,Kế toán - Chất lượng cao,A01,2025,23.0,,THPT
DTT,Trường Đại Học Tôn Đức Thắng,F7340301,Kế toán - Chương trình tiên tiến,A01,2025,23.5,,THPT
DTT,Đại học Tôn Đức Thắng,F7340301,Kế toán - Chất lượng cao,D01,2025,23.0,,THPT
DTT,Trường Đại Học Tôn Đức Thắng,F7340301,Kế toán - Chương trình tiên tiến,D01,2025,23.5,,THPT
DTT,Trường Đại Học Tôn Đức Thắng,F7340301,Kế toán - Chương trình tiên tiến,D07,2025,23.5,,THPT
DTT,Đại học Tôn Đức Thắng,F7340301,Kế toán - Chất lượng cao,D07,2025,23.0,,THPT
DTT,Đại học Tôn Đức Thắng,F7380101,Luật - Chất lượng cao giảng dạy bằng tiếng Anh - Việt,C00,2025,27.74,,THPT
DTT,Đại học Tôn Đức Thắng,F7380101,Luật - Chất lượng cao giảng dạy bằng tiếng Anh - Việt,C00,2025,28.24,,THPT
DTT,Đại học Tôn Đức Thắng,F7380101,Luật - Chất lượng cao giảng dạy bằng tiếng Anh - Việt,D01,2025,27.74,,THPT
DTT,Trường Đại Học Tôn Đức Thắng,F7380101,Luật (Chuyên ngành Luật kinh tế) - Chương trình tiên tiến,D01,2025,27.74,,THPT
DTT,Đại học Tôn Đức Thắng,F7380101T,Luật (Chuyên ngành Luật thương mại quốc tế) - chương trình tiên tiến,C00,2025,28.71,,THPT
DTT,Đại học Tôn Đức Thắng,F7380101T,Luật (Chuyên ngành Luật thương mại quốc tế) - chương trình tiên tiến,C00,2025,29.21,,THPT
DTT,Đại học Tôn Đức Thắng,F7380101T,Luật (Chuyên ngành Luật thương mại quốc tế) - chương trình tiên tiến,D01,2025,28.71,,THPT
DTT,Trường Đại Học Tôn Đức Thắng,F7380101T,Luật (Chuyên ngành Luật thương mại quốc tế) - Chương trình tiên tiến,D01,2025,28.71,,THPT
DTT,Đại học Tôn Đức Thắng,F7420201,Công nghệ sinh học - Chất lượng cao giảng dạy bằng tiếng Anh - Việt,A01,2025,22.0,,THPT
DTT,Trường Đại Học Tôn Đức Thắng,F7420201,Công nghệ sinh học - Chương trình tiên tiến,B00,2025,22.0,,THPT
DTT,Đại học Tôn Đức Thắng,F7420201,Công nghệ sinh học - Chất lượng cao giảng dạy bằng tiếng Anh - Việt,B00,2025,22.0,,THPT
DTT,Trường Đại Học Tôn Đức Thắng,F7420201,Công nghệ sinh học - Chương trình tiên tiến,B00,2025,22.0,,THPT
DTT,Đại học Tôn Đức Thắng,F7480101,Khoa học máy tính - Chất lượng cao giảng dạy bằng tiếng Anh - Việt,A00,2025,25.45,,THPT
DTT,Đại học Tôn Đức Thắng,F7480101,Khoa học máy tính - Chất lượng cao giảng dạy bằng tiếng Anh - Việt,A00,2025,25.2,,THPT
DTT,Đại học Tôn Đức Thắng,F7480101,Khoa học máy tính - Chất lượng cao giảng dạy bằng tiếng Anh - Việt,A01,2025,25.2,,THPT
DTT,Trường Đại Học Tôn Đức Thắng,F7480101,Khoa học máy tính - Chương trình tiên tiến,A01,2025,25.45,,THPT
DTT,Trường Đại Học Tôn Đức Thắng,F7480101,Khoa học máy tính - Chương trình tiên tiến,D01,2025,25.45,,THPT
DTT,Đại học Tôn Đức Thắng,F7480101,Khoa học máy tính - Chất lượng cao giảng dạy bằng tiếng Anh - Việt,D01,2025,25.2,,THPT
DTT,Trường Đại Học Tôn Đức Thắng,F7480101,Khoa học máy tính - Chương trình tiên tiến,D07,2025,25.45,,THPT
DTT,Đại học Tôn Đức Thắng,F7480101,Khoa học máy tính - Chất lượng cao giảng dạy bằng tiếng Anh - Việt,D07,2025,25.2,,THPT
DTT,Đại học Tôn Đức Thắng,F7480103,Kỹ thuật phần mềm - Chất lượng cao giảng dạy bằng tiếng Anh - Việt,A00,2025,24.75,,THPT
DTT,Đại học Tôn Đức Thắng,F7480103,Kỹ thuật phần mềm - Chất lượng cao giảng dạy bằng tiếng Anh - Việt,A00,2025,24.5,,THPT
DTT,Đại học Tôn Đức Thắng,F7480103,Kỹ thuật phần mềm - Chất lượng cao giảng dạy bằng tiếng Anh - Việt,A01,2025,24.5,,THPT
DTT,Trường Đại Học Tôn Đức Thắng,F7480103,Kỹ thuật phần mềm - Chương trình tiên tiến,A01,2025,24.75,,THPT
DTT,Trường Đại Học Tôn Đức Thắng,F7480103,Kỹ thuật phần mềm - Chương trình tiên tiến,D01,2025,24.75,,THPT
DTT,Đại học Tôn Đức Thắng,F7480103,Kỹ thuật phần mềm - Chất lượng cao giảng dạy bằng tiếng Anh - Việt,D01,2025,24.5,,THPT
DTT,Trường Đại Học Tôn Đức Thắng,F7480103,Kỹ thuật phần mềm - Chương trình tiên tiến,D07,2025,24.75,,THPT
DTT,Đại học Tôn Đức Thắng,F7480103,Kỹ thuật phần mềm - Chất lượng cao giảng dạy bằng tiếng Anh - Việt,D07,2025,24.5,,THPT
DTT,Đại học Tôn Đức Thắng,F7520201,Kỹ thuật điện -Chất lượng cao giảng dạy bằng tiếng Anh - Việt,A00,2025,25.35,,THPT
DTT,Đại học Tôn Đức Thắng,F7520201,Kỹ thuật điện -Chất lượng cao giảng dạy bằng tiếng Anh - Việt,A00,2025,25.1,,THPT
DTT,Trường Đại Học Tôn Đức Thắng,F7520201,Kỹ thuật điện - Chương trình tiên tiến,A00,2025,25.35,,THPT
DTT,Đại học Tôn Đức Thắng,F7520201,Kỹ thuật điện -Chất lượng cao giảng dạy bằng tiếng Anh - Việt,A01,2025,25.1,,THPT
DTT,Trường Đại Học Tôn Đức Thắng,F7520201,Kỹ thuật điện - Chương trình tiên tiến,A01,2025,25.35,,THPT
DTT,Trường Đại Học Tôn Đức Thắng,F7520201,Kỹ thuật điện - Chương trình tiên tiến,A01,2025,25.35,,THPT
DTT,Trường Đại Học Tôn Đức Thắng,F7520201,Kỹ thuật điện - Chương trình tiên tiến,D01,2025,25.35,,THPT
DTT,Đại học Tôn Đức Thắng,F7520201,Kỹ thuật điện -Chất lượng cao giảng dạy bằng tiếng Anh - Việt,D01,2025,25.1,,THPT
DTT,Trường Đại Học Tôn Đức Thắng,F7520201,Kỹ thuật điện - Chương trình tiên tiến,D01,2025,25.35,,THPT
DTT,Trường Đại Học Tôn Đức Thắng,F7520201,Kỹ thuật điện - Chương trình tiên tiến,D07,2025,25.35,,THPT
DTT,Đại học Tôn Đức Thắng,F7520201,Kỹ thuật điện -Chất lượng cao giảng dạy bằng tiếng Anh - Việt,D07,2025,25.1,,THPT
DTT,Đại học Tôn Đức Thắng,F7520207,Kỹ thuật điện tử - viễn thông - Chất lượng cao giảng dạy bằng tiếng Anh - Việt,A00,2025,24.7,,THPT
DTT,Đại học Tôn Đức Thắng,F7520207,Kỹ thuật điện tử - viễn thông - Chất lượng cao giảng dạy bằng tiếng Anh - Việt,A00,2025,24.95,,THPT
DTT,Trường Đại Học Tôn Đức Thắng,F7520207,Kỹ thuật điện tử - viễn thông - Chương trình tiên tiến,A00,2025,24.95,,THPT
DTT,Đại học Tôn Đức Thắng,F7520207,Kỹ thuật điện tử - viễn thông - Chất lượng cao giảng dạy bằng tiếng Anh - Việt,A01,2025,24.7,,THPT
DTT,Trường Đại Học Tôn Đức Thắng,F7520207,Kỹ thuật điện tử - viễn thông - Chương trình tiên tiến,A01,2025,24.95,,THPT
DTT,Trường Đại Học Tôn Đức Thắng,F7520207,Kỹ thuật điện tử - viễn thông - Chương trình tiên tiến,A01,2025,24.95,,THPT
DTT,Trường Đại Học Tôn Đức Thắng,F7520207,Kỹ thuật điện tử - viễn thông - Chương trình tiên tiến,D01,2025,24.95,,THPT
DTT,Đại học Tôn Đức Thắng,F7520207,Kỹ thuật điện tử - viễn thông - Chất lượng cao giảng dạy bằng tiếng Anh - Việt,D01,2025,24.7,,THPT
DTT,Trường Đại Học Tôn Đức Thắng,F7520207,Kỹ thuật điện tử - viễn thông - Chương trình tiên tiến,D01,2025,24.95,,THPT
DTT,Trường Đại Học Tôn Đức Thắng,F7520207,Kỹ thuật điện tử - viễn thông - Chương trình tiên tiến,D07,2025,24.95,,THPT
DTT,Đại học Tôn Đức Thắng,F7520207,Kỹ thuật điện tử - viễn thông - Chất lượng cao giảng dạy bằng tiếng Anh - Việt,D07,2025,24.7,,THPT
DTT,Đại học Tôn Đức Thắng,F7520216,Kỹ thuật điều khiển và tự động hóa (Chất lượng cao),A00,2025,25.5,,THPT
DTT,Đại học Tôn Đức Thắng,F7520216,Kỹ thuật điều khiển và tự động hóa (Chất lượng cao),A00,2025,25.75,,THPT
DTT,Trường Đại Học Tôn Đức Thắng,F7520216,Kỹ thuật điều khiển và tự động hóa - Chương trình tiên tiến,A00,2025,25.75,,THPT
DTT,Trường Đại Học Tôn Đức Thắng,F7520216,Kỹ thuật điều khiển và tự động hóa - Chương trình tiên tiến,A01,2025,25.75,,THPT
DTT,Đại học Tôn Đức Thắng,F7520216,Kỹ thuật điều khiển và tự động hóa (Chất lượng cao),A01,2025,25.5,,THPT
DTT,Trường Đại Học Tôn Đức Thắng,F7520216,Kỹ thuật điều khiển và tự động hóa - Chương trình tiên tiến,A01,2025,25.75,,THPT
DTT,Trường Đại Học Tôn Đức Thắng,F7520216,Kỹ thuật điều khiển và tự động hóa - Chương trình tiên tiến,D01,2025,25.75,,THPT
DTT,Đại học Tôn Đức Thắng,F7520216,Kỹ thuật điều khiển và tự động hóa (Chất lượng cao),D01,2025,25.5,,THPT
DTT,Trường Đại Học Tôn Đức Thắng,F7520216,Kỹ thuật điều khiển và tự động hóa - Chương trình tiên tiến,D07,2025,25.75,,THPT
DTT,Đại học Tôn Đức Thắng,F7520216,Kỹ thuật điều khiển và tự động hóa (Chất lượng cao),D07,2025,25.5,,THPT
DTT,Đại học Tôn Đức Thắng,F7520301,Kỹ thuật Hóa học - Chất lượng cao,A00,2025,25.55,,THPT
DTT,Trường Đại Học Tôn Đức Thắng,F7520301,Kỹ thuật hóa học - Chương trình tiên tiến,A00,2025,25.65,,THPT
DTT,Trường Đại Học Tôn Đức Thắng,F7520301,Kỹ thuật hóa học - Chương trình tiên tiến,A00,2025,25.65,,THPT
DTT,Đại học Tôn Đức Thắng,F7520301,Kỹ thuật Hóa học - Chất lượng cao,A01,2025,25.55,,THPT
DTT,Trường Đại Học Tôn Đức Thắng,F7520301,Kỹ thuật hóa học - Chương trình tiên tiến,B00,2025,25.65,,THPT
DTT,Đại học Tôn Đức Thắng,F7520301,Kỹ thuật Hóa học - Chất lượng cao,B00,2025,25.55,,THPT
DTT,Trường Đại Học Tôn Đức Thắng,F7520301,Kỹ thuật hóa học - Chương trình tiên tiến,B00,2025,25.65,,THPT
DTT,Trường Đại Học Tôn Đức Thắng,F7520301,Kỹ thuật hóa học - Chương trình tiên tiến,D07,2025,25.65,,THPT
DTT,Đại học Tôn Đức Thắng,F7520301,Kỹ thuật Hóa học - Chất lượng cao,D07,2025,25.55,,THPT
DTT,Trường Đại Học Tôn Đức Thắng,F7520301,Kỹ thuật hóa học - Chương trình tiên tiến,D07,2025,25.65,,THPT
DTT,Đại học Tôn Đức Thắng,F7580201,Kỹ thuật xây dựng - Chất lượng cao giảng dạy bằng tiếng Anh - Việt,A00,2025,20.25,,THPT
DTT,Đại học Tôn Đức Thắng,F7580201,Kỹ thuật xây dựng - Chất lượng cao giảng dạy bằng tiếng Anh - Việt,A00,2025,20.0,,THPT
DTT,Trường Đại Học Tôn Đức Thắng,F7580201,Kỹ thuật xây dựng - Chương trình tiên tiến,A00,2025,20.4,,THPT
DTT,Đại học Tôn Đức Thắng,F7580201,Kỹ thuật xây dựng - Chất lượng cao giảng dạy bằng tiếng Anh - Việt,A01,2025,20.0,,THPT
DTT,Trường Đại Học Tôn Đức Thắng,F7580201,Kỹ thuật xây dựng - Chương trình tiên tiến,A01,2025,20.4,,THPT
DTT,Trường Đại Học Tôn Đức Thắng,F7580201,Kỹ thuật xây dựng - Chương trình tiên tiến,A01,2025,20.4,,THPT
DTT,Trường Đại Học Tôn Đức Thắng,F7580201,Kỹ thuật xây dựng - Chương trình tiên tiến,D01,2025,20.4,,THPT
DTT,Đại học Tôn Đức Thắng,F7580201,Kỹ thuật xây dựng - Chất lượng cao giảng dạy bằng tiếng Anh - Việt,D01,2025,20.0,,THPT
DTT,Trường Đại Học Tôn Đức Thắng,F7580201,Kỹ thuật xây dựng - Chương trình tiên tiến,D01,2025,20.4,,THPT
DTT,Đại học Tôn Đức Thắng,F7580201,Kỹ thuật xây dựng - Chất lượng cao giảng dạy bằng tiếng Anh - Việt,D07,2025,20.0,,THPT
DTT,Đại học Tôn Đức Thắng,FA7220201,Ngôn ngữ Anh -Chất lượng cao giảng dạy 100% tiếng Anh,D01,2025,24.0,,THPT
DTT,Trường Đại Học Tôn Đức Thắng,FA7220201,Ngôn ngữ Anh - Chương trình đại học bằng tiếng Anh,D01,2025,24.0,,THPT
DTT,Trường Đại Học Tôn Đức Thắng,FA7220201,Ngôn ngữ Anh - Chương trình đại học bằng tiếng Anh,D01,2025,24.0,,THPT
DTT,Trường Đại Học Tôn Đức Thắng,FA7220201,Ngôn ngữ Anh - Chương trình đại học bằng tiếng Anh,D01,2025,24.0,,THPT
DTT,Đại học Tôn Đức Thắng,FA7340101N,Quản trị kinh doanh (Chuyên ngành: Quản trị nhà hàng - khách sạn) - Chất lượng cao giảng dạy 100% tiếng Anh,A00,2025,23.0,,THPT
DTT,Trường Đại Học Tôn Đức Thắng,FA7340101N,Quản trị kinh doanh (Chuyên ngành: Quản trị nhà hàng - khách sạn) - Chương trình đại học bằng tiếng Anh,A00,2025,23.0,,THPT
DTT,Trường Đại Học Tôn Đức Thắng,FA7340101N,Quản trị kinh doanh (Chuyên ngành: Quản trị nhà hàng - khách sạn) - Chương trình đại học bằng tiếng Anh,A01,2025,23.0,,THPT
DTT,Đại học Tôn Đức Thắng,FA7340101N,Quản trị kinh doanh (Chuyên ngành: Quản trị nhà hàng - khách sạn) - Chất lượng cao giảng dạy 100% tiếng Anh,A01,2025,23.0,,THPT
DTT,Trường Đại Học Tôn Đức Thắng,FA7340101N,Quản trị kinh doanh (Chuyên ngành: Quản trị nhà hàng - khách sạn) - Chương trình đại học bằng tiếng Anh,D01,2025,23.0,,THPT
DTT,Đại học Tôn Đức Thắng,FA7340101N,Quản trị kinh doanh (Chuyên ngành: Quản trị nhà hàng - khách sạn) - Chất lượng cao giảng dạy 100% tiếng Anh,D01,2025,23.0,,THPT
DTT,Trường Đại Học Tôn Đức Thắng,FA7340101N,Quản trị kinh doanh (Chuyên ngành: Quản trị nhà hàng - khách sạn) - Chương trình đại học bằng tiếng Anh,D01,2025,23.0,,THPT
DTT,Trường Đại Học Tôn Đức Thắng,FA7340101N,Quản trị kinh doanh (Chuyên ngành: Quản trị nhà hàng - khách sạn) - Chương trình đại học bằng tiếng Anh,D07,2025,23.0,,THPT
DTT,Đại học Tôn Đức Thắng,FA7340101N,Quản trị kinh doanh (Chuyên ngành: Quản trị nhà hàng - khách sạn) - Chất lượng cao giảng dạy 100% tiếng Anh,D07,2025,23.0,,THPT
DTT,Đại học Tôn Đức Thắng,FA7340115,Marketing - Chất lượng cao giảng dạy 100% tiếng Anh,A00,2025,23.5,,THPT
DTT,Trường Đại Học Tôn Đức Thắng,FA7340115,Marketing - Chương trình đại học bằng tiếng Anh,A00,2025,23.5,,THPT
DTT,Trường Đại Học Tôn Đức Thắng,FA7340115,Marketing - Chương trình đại học bằng tiếng Anh,A01,2025,23.5,,THPT
DTT,Đại học Tôn Đức Thắng,FA7340115,Marketing - Chất lượng cao giảng dạy 100% tiếng Anh,A01,2025,23.5,,THPT
DTT,Trường Đại Học Tôn Đức Thắng,FA7340115,Marketing - Chương trình đại học bằng tiếng Anh,D01,2025,23.5,,THPT
DTT,Đại học Tôn Đức Thắng,FA7340115,Marketing - Chất lượng cao giảng dạy 100% tiếng Anh,D01,2025,23.5,,THPT
DTT,Trường Đại Học Tôn Đức Thắng,FA7340115,Marketing - Chương trình đại học bằng tiếng Anh,D01,2025,23.5,,THPT
DTT,Trường Đại Học Tôn Đức Thắng,FA7340115,Marketing - Chương trình đại học bằng tiếng Anh,D07,2025,23.5,,THPT
DTT,Đại học Tôn Đức Thắng,FA7340115,Marketing - Chất lượng cao giảng dạy 100% tiếng Anh,D07,2025,23.5,,THPT
DTT,Đại học Tôn Đức Thắng,FA7340120,Kinh doanh quốc tế - học bằng tiếng Anh,A00,2025,23.5,,THPT
DTT,Trường Đại Học Tôn Đức Thắng,FA7340120,Kinh doanh quốc tế - Chương trình đại học bằng tiếng Anh,A00,2025,23.5,,THPT
DTT,Trường Đại Học Tôn Đức Thắng,FA7340120,Kinh doanh quốc tế - Chương trình đại học bằng tiếng Anh,A01,2025,23.5,,THPT
DTT,Đại học Tôn Đức Thắng,FA7340120,Kinh doanh quốc tế - học bằng tiếng Anh,A01,2025,23.5,,THPT
DTT,Trường Đại Học Tôn Đức Thắng,FA7340120,Kinh doanh quốc tế - Chương trình đại học bằng tiếng Anh,D01,2025,23.5,,THPT
DTT,Đại học Tôn Đức Thắng,FA7340120,Kinh doanh quốc tế - học bằng tiếng Anh,D01,2025,23.5,,THPT
DTT,Trường Đại Học Tôn Đức Thắng,FA7340120,Kinh doanh quốc tế - Chương trình đại học bằng tiếng Anh,D01,2025,23.5,,THPT
DTT,Trường Đại Học Tôn Đức Thắng,FA7340120,Kinh doanh quốc tế - Chương trình đại học bằng tiếng Anh,D07,2025,23.5,,THPT
DTT,Đại học Tôn Đức Thắng,FA7340120,Kinh doanh quốc tế - học bằng tiếng Anh,D07,2025,23.5,,THPT
DTT,Trường Đại Học Tôn Đức Thắng,FA7340201,Tài chính ngân hàng - Chương trình đại học bằng tiếng Anh,A00,2025,21.0,,THPT
DTT,Trường Đại Học Tôn Đức Thắng,FA7340201,Tài chính ngân hàng - Chương trình đại học bằng tiếng Anh,A01,2025,21.0,,THPT
DTT,Trường Đại Học Tôn Đức Thắng,FA7340201,Tài chính ngân hàng - Chương trình đại học bằng tiếng Anh,D01,2025,21.0,,THPT
DTT,Trường Đại Học Tôn Đức Thắng,FA7340201,Tài chính ngân hàng - Chương trình đại học bằng tiếng Anh,D01,2025,21.0,,THPT
DTT,Trường Đại Học Tôn Đức Thắng,FA7340201,Tài chính ngân hàng - Chương trình đại học bằng tiếng Anh,D07,2025,21.0,,THPT
DTT,Đại học Tôn Đức Thắng,FA7340301,Kế toán (chuyên ngành: Kế toán quốc tế) - Chất lượng cao giảng dạy 100% tiếng Anh,A00,2025,21.0,,THPT
DTT,Trường Đại Học Tôn Đức Thắng,FA7340301,Kế toán (Chuyên ngành: Kế toán quốc tế) - Chương trình đại học bằng tiếng Anh,A00,2025,21.0,,THPT
DTT,Trường Đại Học Tôn Đức Thắng,FA7340301,Kế toán (Chuyên ngành: Kế toán quốc tế) - Chương trình đại học bằng tiếng Anh,A01,2025,21.0,,THPT
DTT,Đại học Tôn Đức Thắng,FA7340301,Kế toán (chuyên ngành: Kế toán quốc tế) - Chất lượng cao giảng dạy 100% tiếng Anh,A01,2025,21.0,,THPT
DTT,Trường Đại Học Tôn Đức Thắng,FA7340301,Kế toán (Chuyên ngành: Kế toán quốc tế) - Chương trình đại học bằng tiếng Anh,D01,2025,21.0,,THPT
DTT,Đại học Tôn Đức Thắng,FA7340301,Kế toán (chuyên ngành: Kế toán quốc tế) - Chất lượng cao giảng dạy 100% tiếng Anh,D01,2025,21.0,,THPT
DTT,Trường Đại Học Tôn Đức Thắng,FA7340301,Kế toán (Chuyên ngành: Kế toán quốc tế) - Chương trình đại học bằng tiếng Anh,D01,2025,21.0,,THPT
DTT,Trường Đại Học Tôn Đức Thắng,FA7340301,Kế toán (Chuyên ngành: Kế toán quốc tế) - Chương trình đại học bằng tiếng Anh,D07,2025,21.0,,THPT
DTT,Đại học Tôn Đức Thắng,FA7340301,Kế toán (chuyên ngành: Kế toán quốc tế) - Chất lượng cao giảng dạy 100% tiếng Anh,D07,2025,21.0,,THPT
DTT,Đại học Tôn Đức Thắng,FA7420201,Công nghệ sinh học - Chất lượng cao giảng dạy 100% tiếng Anh,A01,2025,22.0,,THPT
DTT,Trường Đại Học Tôn Đức Thắng,FA7420201,Công nghệ sinh học - Chương trình đại học bằng tiếng Anh,B00,2025,22.0,,THPT
DTT,Đại học Tôn Đức Thắng,FA7420201,Công nghệ sinh học - Chất lượng cao giảng dạy 100% tiếng Anh,B00,2025,22.0,,THPT
DTT,Đại học Tôn Đức Thắng,FA7480101,Khoa học máy tính - Chất lượng cao giảng dạy 100% tiếng Anh,A00,2025,24.0,,THPT
DTT,Trường Đại Học Tôn Đức Thắng,FA7480101,Khoa học máy tính - Chương trình đại học bằng tiếng Anh,A00,2025,24.0,,THPT
DTT,Trường Đại Học Tôn Đức Thắng,FA7480101,Khoa học máy tính - Chương trình đại học bằng tiếng Anh,A01,2025,24.0,,THPT
DTT,Đại học Tôn Đức Thắng,FA7480101,Khoa học máy tính - Chất lượng cao giảng dạy 100% tiếng Anh,A01,2025,24.0,,THPT
DTT,Trường Đại Học Tôn Đức Thắng,FA7480101,Khoa học máy tính - Chương trình đại học bằng tiếng Anh,A01,2025,24.0,,THPT
DTT,Trường Đại Học Tôn Đức Thắng,FA7480101,Khoa học máy tính - Chương trình đại học bằng tiếng Anh,D01,2025,24.0,,THPT
DTT,Trường Đại Học Tôn Đức Thắng,FA7480101,Khoa học máy tính - Chương trình đại học bằng tiếng Anh,D01,2025,24.0,,THPT
DTT,Đại học Tôn Đức Thắng,FA7480101,Khoa học máy tính - Chất lượng cao giảng dạy 100% tiếng Anh,D01,2025,24.0,,THPT
DTT,Trường Đại Học Tôn Đức Thắng,FA7480101,Khoa học máy tính - Chương trình đại học bằng tiếng Anh,D07,2025,24.0,,THPT
DTT,Đại học Tôn Đức Thắng,FA7480101,Khoa học máy tính - Chất lượng cao giảng dạy 100% tiếng Anh,D07,2025,24.0,,THPT
DTT,Đại học Tôn Đức Thắng,FA7480103,Kỹ thuật phần mềm - Chất lượng cao giảng dạy 100% tiếng Anh,A00,2025,24.0,,THPT
DTT,Trường Đại Học Tôn Đức Thắng,FA7480103,Kỹ thuật phần mềm - Chương trình đại học bằng tiếng Anh,A00,2025,24.0,,THPT
DTT,Trường Đại Học Tôn Đức Thắng,FA7480103,Kỹ thuật phần mềm - Chương trình đại học bằng tiếng Anh,A01,2025,24.0,,THPT
DTT,Đại học Tôn Đức Thắng,FA7480103,Kỹ thuật phần mềm - Chất lượng cao giảng dạy 100% tiếng Anh,A01,2025,24.0,,THPT
DTT,Trường Đại Học Tôn Đức Thắng,FA7480103,Kỹ thuật phần mềm - Chương trình đại học bằng tiếng Anh,A01,2025,24.0,,THPT
DTT,Trường Đại Học Tôn Đức Thắng,FA7480103,Kỹ thuật phần mềm - Chương trình đại học bằng tiếng Anh,D01,2025,24.0,,THPT
DTT,Trường Đại Học Tôn Đức Thắng,FA7480103,Kỹ thuật phần mềm - Chương trình đại học bằng tiếng Anh,D01,2025,24.0,,THPT
DTT,Đại học Tôn Đức Thắng,FA7480103,Kỹ thuật phần mềm - Chất lượng cao giảng dạy 100% tiếng Anh,D01,2025,24.0,,THPT
DTT,Trường Đại Học Tôn Đức Thắng,FA7480103,Kỹ thuật phần mềm - Chương trình đại học bằng tiếng Anh,D07,2025,24.0,,THPT
DTT,Đại học Tôn Đức Thắng,FA7480103,Kỹ thuật phần mềm - Chất lượng cao giảng dạy 100% tiếng Anh,D07,2025,24.0,,THPT
DTT,Đại học Tôn Đức Thắng,FA7520216,Kỹ thuật điều khiển và tự động hóa - Chất lượng cao giảng dạy 100% tiếng Anh,A00,2025,24.0,,THPT
DTT,Trường Đại Học Tôn Đức Thắng,FA7520216,Kỹ thuật điều khiển và tự động hóa - Chương trình đại học bằng tiếng Anh,A00,2025,24.0,,THPT
DTT,Trường Đại Học Tôn Đức Thắng,FA7520216,Kỹ thuật điều khiển và tự động hóa - Chương trình đại học bằng tiếng Anh,A00,2025,24.0,,THPT
DTT,Trường Đại Học Tôn Đức Thắng,FA7520216,Kỹ thuật điều khiển và tự động hóa - Chương trình đại học bằng tiếng Anh,A01,2025,24.0,,THPT
DTT,Đại học Tôn Đức Thắng,FA7520216,Kỹ thuật điều khiển và tự động hóa - Chất lượng cao giảng dạy 100% tiếng Anh,A01,2025,24.0,,THPT
DTT,Trường Đại Học Tôn Đức Thắng,FA7520216,Kỹ thuật điều khiển và tự động hóa - Chương trình đại học bằng tiếng Anh,A01,2025,24.0,,THPT
DTT,Trường Đại Học Tôn Đức Thắng,FA7520216,Kỹ thuật điều khiển và tự động hóa - Chương trình đại học bằng tiếng Anh,D01,2025,24.0,,THPT
DTT,Trường Đại Học Tôn Đức Thắng,FA7520216,Kỹ thuật điều khiển và tự động hóa - Chương trình đại học bằng tiếng Anh,D01,2025,24.0,,THPT
DTT,Đại học Tôn Đức Thắng,FA7520216,Kỹ thuật điều khiển và tự động hóa - Chất lượng cao giảng dạy 100% tiếng Anh,D01,2025,24.0,,THPT
DTT,Trường Đại Học Tôn Đức Thắng,FA7520216,Kỹ thuật điều khiển và tự động hóa - Chương trình đại học bằng tiếng Anh,D07,2025,24.0,,THPT
DTT,Đại học Tôn Đức Thắng,FA7520216,Kỹ thuật điều khiển và tự động hóa - Chất lượng cao giảng dạy 100% tiếng Anh,D07,2025,24.0,,THPT
DTT,Đại học Tôn Đức Thắng,FA7580201,Kỹ thuật xây dựng - Chất lượng cao giảng dạy 100% tiếng Anh,A00,2025,20.0,,THPT
DTT,Trường Đại Học Tôn Đức Thắng,FA7580201,Kỹ thuật xây dựng - Chương trình đại học bằng tiếng Anh,A00,2025,20.0,,THPT
DTT,Trường Đại Học Tôn Đức Thắng,FA7580201,Kỹ thuật xây dựng - Chương trình đại học bằng tiếng Anh,A01,2025,20.0,,THPT
DTT,Đại học Tôn Đức Thắng,FA7580201,Kỹ thuật xây dựng - Chất lượng cao giảng dạy 100% tiếng Anh,A01,2025,20.0,,THPT
DTT,Trường Đại Học Tôn Đức Thắng,FA7580201,Kỹ thuật xây dựng - Chương trình đại học bằng tiếng Anh,A01,2025,20.0,,THPT
DTT,Trường Đại Học Tôn Đức Thắng,FA7580201,Kỹ thuật xây dựng - Chương trình đại học bằng tiếng Anh,D01,2025,20.0,,THPT
DTT,Trường Đại Học Tôn Đức Thắng,FA7580201,Kỹ thuật xây dựng - Chương trình đại học bằng tiếng Anh,D01,2025,20.0,,THPT
DTT,Đại học Tôn Đức Thắng,FA7580201,Kỹ thuật xây dựng - Chất lượng cao giảng dạy 100% tiếng Anh,D01,2025,20.0,,THPT
DTT,Đại học Tôn Đức Thắng,FA7580201,Kỹ thuật xây dựng - Chất lượng cao giảng dạy 100% tiếng Anh,D07,2025,20.0,,THPT
DTT,Trường Đại Học Tôn Đức Thắng,K7220201,"Ngôn ngữ Anh (đơn bằng 3+1) - Chương trình liên kết Đại học West of England, Bristol (Vương Quốc Anh)",D01,2025,23.0,,THPT
DTT,Trường Đại Học Tôn Đức Thắng,K7220201,"Ngôn ngữ Anh (đơn bằng 3+1) - Chương trình liên kết Đại học West of England, Bristol (Vương Quốc Anh)",D01,2025,23.0,,THPT
DTT,Trường Đại Học Tôn Đức Thắng,K7340101,Quản trị kinh doanh (song bằng 2+2) - Chương trình liên kết Trường Đại học Kinh tế và Kinh doanh Praha (Cộng Hòa Séc),A00,2025,21.0,,THPT
DTT,Trường Đại Học Tôn Đức Thắng,K7340101,Quản trị kinh doanh (song bằng 2+2) - Chương trình liên kết Trường Đại học Kinh tế và Kinh doanh Praha (Cộng Hòa Séc),A01,2025,21.0,,THPT
DTT,Trường Đại Học Tôn Đức Thắng,K7340101,Quản trị kinh doanh (song bằng 2+2) - Chương trình liên kết Trường Đại học Kinh tế và Kinh doanh Praha (Cộng Hòa Séc),D01,2025,21.0,,THPT
DTT,Trường Đại Học Tôn Đức Thắng,K7340101,Quản trị kinh doanh (song bằng 2+2) - Chương trình liên kết Trường Đại học Kinh tế và Kinh doanh Praha (Cộng Hòa Séc),D01,2025,21.0,,THPT
DTT,Trường Đại Học Tôn Đức Thắng,K7340101,Quản trị kinh doanh (song bằng 2+2) - Chương trình liên kết Trường Đại học Kinh tế và Kinh doanh Praha (Cộng Hòa Séc),D07,2025,21.0,,THPT
DTT,Trường Đại Học Tôn Đức Thắng,K7340101E,Quản trị kinh doanh toàn cầu (đơn bằng 2+2) - Chương trình liên kết Trường Kinh doanh Emlyon (Pháp),A00,2025,21.0,,THPT
DTT,Trường Đại Học Tôn Đức Thắng,K7340101E,Quản trị kinh doanh toàn cầu (đơn bằng 2+2) - Chương trình liên kết Trường Kinh doanh Emlyon (Pháp),A01,2025,21.0,,THPT
DTT,Trường Đại Học Tôn Đức Thắng,K7340101E,Quản trị kinh doanh toàn cầu (đơn bằng 2+2) - Chương trình liên kết Trường Kinh doanh Emlyon (Pháp),D01,2025,21.0,,THPT
DTT,Trường Đại Học Tôn Đức Thắng,K7340101E,Quản trị kinh doanh toàn cầu (đơn bằng 2+2) - Chương trình liên kết Trường Kinh doanh Emlyon (Pháp),D01,2025,21.0,,THPT
DTT,Trường Đại Học Tôn Đức Thắng,K7340101E,Quản trị kinh doanh toàn cầu (đơn bằng 2+2) - Chương trình liên kết Trường Kinh doanh Emlyon (Pháp),D07,2025,21.0,,THPT
DTT,Trường Đại Học Tôn Đức Thắng,K7340101L,Quản trị kinh doanh (đơn bằng 3+1) – Chương trình liên kết Đại học Lunghwa (Đài Loan),A00,2025,21.0,,THPT
DTT,Trường Đại Học Tôn Đức Thắng,K7340101L,Quản trị kinh doanh (đơn bằng 3+1) – Chương trình liên kết Đại học Lunghwa (Đài Loan),A01,2025,21.0,,THPT
DTT,Trường Đại Học Tôn Đức Thắng,K7340101L,Quản trị kinh doanh (đơn bằng 3+1) – Chương trình liên kết Đại học Lunghwa (Đài Loan),D01,2025,21.0,,THPT
DTT,Trường Đại Học Tôn Đức Thắng,K7340101L,Quản trị kinh doanh (đơn bằng 3+1) – Chương trình liên kết Đại học Lunghwa (Đài Loan),D01,2025,21.0,,THPT
DTT,Trường Đại Học Tôn Đức Thắng,K7340101L,Quản trị kinh doanh (đơn bằng 3+1) – Chương trình liên kết Đại học Lunghwa (Đài Loan),D07,2025,21.0,,THPT
DTT,Trường Đại Học Tôn Đức Thắng,K7340101M,"Kinh doanh (Tài chính, Kinh doanh quốc tế, Marketing, Kế toán, Quản trị nguồn nhân lực & Quan hệ lao động) (đơn bằng 2+1,5) - Chương trình liên kết Đại học Massey (New Zealand)",A00,2025,21.0,,THPT
DTT,Trường Đại Học Tôn Đức Thắng,K7340101M,"Kinh doanh (Tài chính, Kinh doanh quốc tế, Marketing, Kế toán, Quản trị nguồn nhân lực & Quan hệ lao động) (đơn bằng 2+1,5) - Chương trình liên kết Đại học Massey (New Zealand)",A01,2025,21.0,,THPT
DTT,Trường Đại Học Tôn Đức Thắng,K7340101M,"Kinh doanh (Tài chính, Kinh doanh quốc tế, Marketing, Kế toán, Quản trị nguồn nhân lực & Quan hệ lao động) (đơn bằng 2+1,5) - Chương trình liên kết Đại học Massey (New Zealand)",D01,2025,21.0,,THPT
DTT,Trường Đại Học Tôn Đức Thắng,K7340101M,"Kinh doanh (Tài chính, Kinh doanh quốc tế, Marketing, Kế toán, Quản trị nguồn nhân lực & Quan hệ lao động) (đơn bằng 2+1,5) - Chương trình liên kết Đại học Massey (New Zealand)",D01,2025,21.0,,THPT
DTT,Trường Đại Học Tôn Đức Thắng,K7340101M,"Kinh doanh (Tài chính, Kinh doanh quốc tế, Marketing, Kế toán, Quản trị nguồn nhân lực & Quan hệ lao động) (đơn bằng 2+1,5) - Chương trình liên kết Đại học Massey (New Zealand)",D07,2025,21.0,,THPT
DTT,Trường Đại Học Tôn Đức Thắng,K7340101N,"Quản trị nhà hàng - khách sạn (song bằng 2,5+1,5) - Chương trình liên kết Đại học Taylor’s (Malaysia)",A00,2025,21.0,,THPT
DTT,Trường Đại Học Tôn Đức Thắng,K7340101N,"Quản trị nhà hàng - khách sạn (song bằng 2,5+1,5) - Chương trình liên kết Đại học Taylor’s (Malaysia)",A01,2025,21.0,,THPT
DTT,Trường Đại Học Tôn Đức Thắng,K7340101N,"Quản trị nhà hàng - khách sạn (song bằng 2,5+1,5) - Chương trình liên kết Đại học Taylor’s (Malaysia)",D01,2025,21.0,,THPT
DTT,Trường Đại Học Tôn Đức Thắng,K7340101N,"Quản trị nhà hàng - khách sạn (song bằng 2,5+1,5) - Chương trình liên kết Đại học Taylor’s (Malaysia)",D01,2025,21.0,,THPT
DTT,Trường Đại Học Tôn Đức Thắng,K7340101N,"Quản trị nhà hàng - khách sạn (song bằng 2,5+1,5) - Chương trình liên kết Đại học Taylor’s (Malaysia)",D07,2025,21.0,,THPT
DTT,Trường Đại Học Tôn Đức Thắng,K7340120L,Kinh doanh quốc tế (song bằng 3 +1) - Chương trình liên kết Đại học La Trobe (Úc),A00,2025,21.0,,THPT
DTT,Trường Đại Học Tôn Đức Thắng,K7340120L,Kinh doanh quốc tế (song bằng 3 +1) - Chương trình liên kết Đại học La Trobe (Úc),A01,2025,21.0,,THPT
DTT,Trường Đại Học Tôn Đức Thắng,K7340120L,Kinh doanh quốc tế (song bằng 3 +1) - Chương trình liên kết Đại học La Trobe (Úc),D01,2025,21.0,,THPT
DTT,Trường Đại Học Tôn Đức Thắng,K7340120L,Kinh doanh quốc tế (song bằng 3 +1) - Chương trình liên kết Đại học La Trobe (Úc),D01,2025,21.0,,THPT
DTT,Trường Đại Học Tôn Đức Thắng,K7340120L,Kinh doanh quốc tế (song bằng 3 +1) - Chương trình liên kết Đại học La Trobe (Úc),D07,2025,21.0,,THPT
DTT,Trường Đại Học Tôn Đức Thắng,K7340201X,Tài chính và kiểm soát (song bằng 3+1) - Chương trình liên kết Đại học khoa học ứng dụng Saxion (Hà Lan),A00,2025,21.0,,THPT
DTT,Trường Đại Học Tôn Đức Thắng,K7340201X,Tài chính và kiểm soát (song bằng 3+1) - Chương trình liên kết Đại học khoa học ứng dụng Saxion (Hà Lan),A01,2025,21.0,,THPT
DTT,Trường Đại Học Tôn Đức Thắng,K7340201X,Tài chính và kiểm soát (song bằng 3+1) - Chương trình liên kết Đại học khoa học ứng dụng Saxion (Hà Lan),D01,2025,21.0,,THPT
DTT,Trường Đại Học Tôn Đức Thắng,K7340201X,Tài chính và kiểm soát (song bằng 3+1) - Chương trình liên kết Đại học khoa học ứng dụng Saxion (Hà Lan),D01,2025,21.0,,THPT
DTT,Trường Đại Học Tôn Đức Thắng,K7340201X,Tài chính và kiểm soát (song bằng 3+1) - Chương trình liên kết Đại học khoa học ứng dụng Saxion (Hà Lan),D07,2025,21.0,,THPT
DTT,Trường Đại Học Tôn Đức Thắng,K7340301,"Kế toán (song bằng 3+1) - Chương trình liên kết Đại học West of England, Bristol (Vương Quốc Anh)",A00,2025,21.0,,THPT
DTT,Trường Đại Học Tôn Đức Thắng,K7340301,"Kế toán (song bằng 3+1) - Chương trình liên kết Đại học West of England, Bristol (Vương Quốc Anh)",A01,2025,21.0,,THPT
DTT,Trường Đại Học Tôn Đức Thắng,K7340301,"Kế toán (song bằng 3+1) - Chương trình liên kết Đại học West of England, Bristol (Vương Quốc Anh)",D01,2025,21.0,,THPT
DTT,Trường Đại Học Tôn Đức Thắng,K7340301,"Kế toán (song bằng 3+1) - Chương trình liên kết Đại học West of England, Bristol (Vương Quốc Anh)",D01,2025,21.0,,THPT
DTT,Trường Đại Học Tôn Đức Thắng,K7340301,"Kế toán (song bằng 3+1) - Chương trình liên kết Đại học West of England, Bristol (Vương Quốc Anh)",D07,2025,21.0,,THPT
DTT,Trường Đại Học Tôn Đức Thắng,K7480101L,Công nghệ thông tin (song bằng 2+2) - Chương trình liên kết Đại học La Trobe (Úc),A00,2025,24.0,,THPT
DTT,Trường Đại Học Tôn Đức Thắng,K7480101L,Công nghệ thông tin (song bằng 2+2) - Chương trình liên kết Đại học La Trobe (Úc),A01,2025,24.0,,THPT
DTT,Trường Đại Học Tôn Đức Thắng,K7480101L,Công nghệ thông tin (song bằng 2+2) - Chương trình liên kết Đại học La Trobe (Úc),A01,2025,24.0,,THPT
DTT,Trường Đại Học Tôn Đức Thắng,K7480101L,Công nghệ thông tin (song bằng 2+2) - Chương trình liên kết Đại học La Trobe (Úc),D01,2025,24.0,,THPT
DTT,Trường Đại Học Tôn Đức Thắng,K7480101L,Công nghệ thông tin (song bằng 2+2) - Chương trình liên kết Đại học La Trobe (Úc),D01,2025,24.0,,THPT
DTT,Trường Đại Học Tôn Đức Thắng,K7480101L,Công nghệ thông tin (song bằng 2+2) - Chương trình liên kết Đại học La Trobe (Úc),D07,2025,24.0,,THPT
DTT,Trường Đại Học Tôn Đức Thắng,K7480101T,Khoa học máy tính (đơn bằng 2+2) - Chương trình liên kết Đại học Kỹ thuật Ostrava (CH Séc),A00,2025,22.0,,THPT
DTT,Trường Đại Học Tôn Đức Thắng,K7480101T,Khoa học máy tính (đơn bằng 2+2) - Chương trình liên kết Đại học Kỹ thuật Ostrava (CH Séc),A01,2025,22.0,,THPT
DTT,Trường Đại Học Tôn Đức Thắng,K7480101T,Khoa học máy tính (đơn bằng 2+2) - Chương trình liên kết Đại học Kỹ thuật Ostrava (CH Séc),A01,2025,22.0,,THPT
DTT,Trường Đại Học Tôn Đức Thắng,K7480101T,Khoa học máy tính (đơn bằng 2+2) - Chương trình liên kết Đại học Kỹ thuật Ostrava (CH Séc),D01,2025,22.0,,THPT
DTT,Trường Đại Học Tôn Đức Thắng,K7480101T,Khoa học máy tính (đơn bằng 2+2) - Chương trình liên kết Đại học Kỹ thuật Ostrava (CH Séc),D01,2025,22.0,,THPT
DTT,Trường Đại Học Tôn Đức Thắng,K7480101T,Khoa học máy tính (đơn bằng 2+2) - Chương trình liên kết Đại học Kỹ thuật Ostrava (CH Séc),D07,2025,22.0,,THPT
DTT,Trường Đại Học Tôn Đức Thắng,K7520201,"Kỹ thuật điện – điện tử (song bằng 2,5+1,5) - Chương trình liên kết Đại học khoa học ứng dụng Saxion (Hà Lan)",A00,2025,21.0,,THPT
DTT,Trường Đại Học Tôn Đức Thắng,K7520201,"Kỹ thuật điện – điện tử (song bằng 2,5+1,5) - Chương trình liên kết Đại học khoa học ứng dụng Saxion (Hà Lan)",A00,2025,21.0,,THPT
DTT,Trường Đại Học Tôn Đức Thắng,K7520201,"Kỹ thuật điện – điện tử (song bằng 2,5+1,5) - Chương trình liên kết Đại học khoa học ứng dụng Saxion (Hà Lan)",A01,2025,21.0,,THPT
DTT,Trường Đại Học Tôn Đức Thắng,K7520201,"Kỹ thuật điện – điện tử (song bằng 2,5+1,5) - Chương trình liên kết Đại học khoa học ứng dụng Saxion (Hà Lan)",A01,2025,21.0,,THPT
DTT,Trường Đại Học Tôn Đức Thắng,K7520201,"Kỹ thuật điện – điện tử (song bằng 2,5+1,5) - Chương trình liên kết Đại học khoa học ứng dụng Saxion (Hà Lan)",D01,2025,21.0,,THPT
DTT,Trường Đại Học Tôn Đức Thắng,K7520201,"Kỹ thuật điện – điện tử (song bằng 2,5+1,5) - Chương trình liên kết Đại học khoa học ứng dụng Saxion (Hà Lan)",D01,2025,21.0,,THPT
DTT,Trường Đại Học Tôn Đức Thắng,K7520201,"Kỹ thuật điện – điện tử (song bằng 2,5+1,5) - Chương trình liên kết Đại học khoa học ứng dụng Saxion (Hà Lan)",D07,2025,21.0,,THPT
DTT,Trường Đại Học Tôn Đức Thắng,K7580201,Kỹ thuật xây dựng (song bằng 2+2) - Chương trình liên kết Đại học La Trobe (Úc),A00,2025,20.0,,THPT
DTT,Trường Đại Học Tôn Đức Thắng,K7580201,Kỹ thuật xây dựng (song bằng 2+2) - Chương trình liên kết Đại học La Trobe (Úc),A01,2025,20.0,,THPT
DTT,Trường Đại Học Tôn Đức Thắng,K7580201,Kỹ thuật xây dựng (song bằng 2+2) - Chương trình liên kết Đại học La Trobe (Úc),A01,2025,20.0,,THPT
DTT,Trường Đại Học Tôn Đức Thắng,K7580201,Kỹ thuật xây dựng (song bằng 2+2) - Chương trình liên kết Đại học La Trobe (Úc),D01,2025,20.0,,THPT
DTT,Trường Đại Học Tôn Đức Thắng,K7580201,Kỹ thuật xây dựng (song bằng 2+2) - Chương trình liên kết Đại học La Trobe (Úc),D01,2025,20.0,,THPT
DTT,Trường Đại Học Tôn Đức Thắng,N7220201,Ngôn ngữ Anh - Chương trình học tại Phân hiệu Khánh Hòa,A01,2025,22.0,,THPT
DTT,Trường Đại Học Tôn Đức Thắng,N7220201,Ngôn ngữ Anh - Chương trình học tại Phân hiệu Khánh Hòa,D01,2025,22.0,,THPT
DTT,Trường Đại Học Tôn Đức Thắng,N7220201,Ngôn ngữ Anh - Chương trình học tại Phân hiệu Khánh Hòa,D01,2025,22.0,,THPT
DTT,Trường Đại Học Tôn Đức Thắng,N7340101N,Quản trị kinh doanh (Chuyên ngành Quản trị nhà hàng - khách sạn) - Chương trình học tại Phân hiệu Khánh Hòa,A00,2025,20.0,,THPT
DTT,Trường Đại Học Tôn Đức Thắng,N7340101N,Quản trị kinh doanh (Chuyên ngành Quản trị nhà hàng - khách sạn) - Chương trình học tại Phân hiệu Khánh Hòa,A01,2025,20.0,,THPT
DTT,Trường Đại Học Tôn Đức Thắng,N7340101N,Quản trị kinh doanh (Chuyên ngành Quản trị nhà hàng - khách sạn) - Chương trình học tại Phân hiệu Khánh Hòa,D01,2025,20.0,,THPT
DTT,Trường Đại Học Tôn Đức Thắng,N7340101N,Quản trị kinh doanh (Chuyên ngành Quản trị nhà hàng - khách sạn) - Chương trình học tại Phân hiệu Khánh Hòa,D01,2025,20.0,,THPT
DTT,Trường Đại Học Tôn Đức Thắng,N7340101N,Quản trị kinh doanh (Chuyên ngành Quản trị nhà hàng - khách sạn) - Chương trình học tại Phân hiệu Khánh Hòa,D07,2025,20.0,,THPT
DTT,Trường Đại Học Tôn Đức Thắng,N7340115,Marketing - Chương trình học tại Phân hiệu Khánh Hòa,A00,2025,21.0,,THPT
DTT,Trường Đại Học Tôn Đức Thắng,N7340115,Marketing - Chương trình học tại Phân hiệu Khánh Hòa,A01,2025,21.0,,THPT
DTT,Trường Đại Học Tôn Đức Thắng,N7340115,Marketing - Chương trình học tại Phân hiệu Khánh Hòa,D01,2025,21.0,,THPT
DTT,Trường Đại Học Tôn Đức Thắng,N7340115,Marketing - Chương trình học tại Phân hiệu Khánh Hòa,D01,2025,21.0,,THPT
DTT,Trường Đại Học Tôn Đức Thắng,N7340115,Marketing - Chương trình học tại Phân hiệu Khánh Hòa,D07,2025,21.0,,THPT
DTT,Trường Đại Học Tôn Đức Thắng,N7340301,Kế toán - Chương trình học tại Phân hiệu Khánh Hòa,A00,2025,20.0,,THPT
DTT,Trường Đại Học Tôn Đức Thắng,N7340301,Kế toán - Chương trình học tại Phân hiệu Khánh Hòa,A01,2025,20.0,,THPT
DTT,Trường Đại Học Tôn Đức Thắng,N7340301,Kế toán - Chương trình học tại Phân hiệu Khánh Hòa,D01,2025,20.0,,THPT
DTT,Trường Đại Học Tôn Đức Thắng,N7340301,Kế toán - Chương trình học tại Phân hiệu Khánh Hòa,D01,2025,20.0,,THPT
DTT,Trường Đại Học Tôn Đức Thắng,N7340301,Kế toán - Chương trình học tại Phân hiệu Khánh Hòa,D07,2025,20.0,,THPT
DTT,Trường Đại Học Tôn Đức Thắng,N7340408,Quan hệ lao động (Chuyên ngành Hành vi tổ chức) - Chương trình học tại Phân hiệu Khánh Hòa,A00,2025,20.0,,THPT
DTT,Trường Đại Học Tôn Đức Thắng,N7340408,Quan hệ lao động (Chuyên ngành Hành vi tổ chức) - Chương trình học tại Phân hiệu Khánh Hòa,A01,2025,20.0,,THPT
DTT,Trường Đại Học Tôn Đức Thắng,N7340408,Quan hệ lao động (Chuyên ngành Hành vi tổ chức) - Chương trình học tại Phân hiệu Khánh Hòa,A01,2025,20.0,,THPT
DTT,Trường Đại Học Tôn Đức Thắng,N7340408,Quan hệ lao động (Chuyên ngành Hành vi tổ chức) - Chương trình học tại Phân hiệu Khánh Hòa,D01,2025,20.0,,THPT
DTT,Trường Đại Học Tôn Đức Thắng,N7340408,Quan hệ lao động (Chuyên ngành Hành vi tổ chức) - Chương trình học tại Phân hiệu Khánh Hòa,D07,2025,20.0,,THPT
DTT,Trường Đại Học Tôn Đức Thắng,N7340408,Quan hệ lao động (Chuyên ngành Hành vi tổ chức) - Chương trình học tại Phân hiệu Khánh Hòa,D07,2025,20.0,,THPT
DTT,Trường Đại Học Tôn Đức Thắng,N7380101,Luật (Chuyên ngành Luật kinh tế) - Chương trình học tại Phân hiệu Khánh Hòa,C00,2025,26.8,,THPT
DTT,Trường Đại Học Tôn Đức Thắng,N7380101,Luật (Chuyên ngành Luật kinh tế) - Chương trình học tại Phân hiệu Khánh Hòa,D01,2025,26.8,,THPT
DTT,Trường Đại Học Tôn Đức Thắng,N7380101,Luật (Chuyên ngành Luật kinh tế) - Chương trình học tại Phân hiệu Khánh Hòa,D01,2025,26.8,,THPT
DTT,Trường Đại Học Tôn Đức Thắng,N7480101,Khoa học máy tính - Chương trình học tại Phân hiệu Khánh Hòa,A00,2025,20.0,,THPT
DTT,Trường Đại Học Tôn Đức Thắng,N7480101,Khoa học máy tính - Chương trình học tại Phân hiệu Khánh Hòa,A01,2025,20.0,,THPT
DTT,Trường Đại Học Tôn Đức Thắng,N7480101,Khoa học máy tính - Chương trình học tại Phân hiệu Khánh Hòa,A01,2025,20.0,,THPT
DTT,Trường Đại Học Tôn Đức Thắng,N7480101,Khoa học máy tính - Chương trình học tại Phân hiệu Khánh Hòa,D01,2025,20.0,,THPT
DTT,Trường Đại Học Tôn Đức Thắng,N7480101,Khoa học máy tính - Chương trình học tại Phân hiệu Khánh Hòa,D01,2025,20.0,,THPT
DTT,Trường Đại Học Tôn Đức Thắng,N7480101,Khoa học máy tính - Chương trình học tại Phân hiệu Khánh Hòa,D07,2025,20.0,,THPT
DTT,Trường Đại Học Tôn Đức Thắng,N7480103,Kỹ thuật phần mềm - Chương trình học tại Phân hiệu Khánh Hòa,A00,2025,20.0,,THPT
DTT,Trường Đại Học Tôn Đức Thắng,N7480103,Kỹ thuật phần mềm - Chương trình học tại Phân hiệu Khánh Hòa,A01,2025,20.0,,THPT
DTT,Trường Đại Học Tôn Đức Thắng,N7480103,Kỹ thuật phần mềm - Chương trình học tại Phân hiệu Khánh Hòa,A01,2025,20.0,,THPT
DTT,Trường Đại Học Tôn Đức Thắng,N7480103,Kỹ thuật phần mềm - Chương trình học tại Phân hiệu Khánh Hòa,D01,2025,20.0,,THPT
DTT,Trường Đại Học Tôn Đức Thắng,N7480103,Kỹ thuật phần mềm - Chương trình học tại Phân hiệu Khánh Hòa,D01,2025,20.0,,THPT
DTT,Trường Đại Học Tôn Đức Thắng,N7480103,Kỹ thuật phần mềm - Chương trình học tại Phân hiệu Khánh Hòa,D07,2025,20.0,,THPT
DTT,Trường Đại Học Tôn Đức Thắng,N7580302,Quản lý xây dựng - Chương trình học tại Phân hiệu Khánh Hòa,A00,2025,20.0,,THPT
DTT,Trường Đại Học Tôn Đức Thắng,N7580302,Quản lý xây dựng - Chương trình học tại Phân hiệu Khánh Hòa,A01,2025,20.0,,THPT
DTT,Trường Đại Học Tôn Đức Thắng,N7580302,Quản lý xây dựng - Chương trình học tại Phân hiệu Khánh Hòa,A01,2025,20.0,,THPT
DTT,Trường Đại Học Tôn Đức Thắng,N7580302,Quản lý xây dựng - Chương trình học tại Phân hiệu Khánh Hòa,D01,2025,20.0,,THPT
DTT,Trường Đại Học Tôn Đức Thắng,N7580302,Quản lý xây dựng - Chương trình học tại Phân hiệu Khánh Hòa,D01,2025,20.0,,THPT
DTT,Trường Đại Học Tôn Đức Thắng,N7810101H,Du lịch (Chuyên ngành Hướng dẫn du lịch) - Chương trình học tại Phân hiệu Khánh Hòa,C00,2025,22.5,,THPT
DTT,Trường Đại Học Tôn Đức Thắng,N7810101H,Du lịch (Chuyên ngành Hướng dẫn du lịch) - Chương trình học tại Phân hiệu Khánh Hòa,D01,2025,22.5,,THPT
DTT,Trường Đại Học Tôn Đức Thắng,N7810101H,Du lịch (Chuyên ngành Hướng dẫn du lịch) - Chương trình học tại Phân hiệu Khánh Hòa,D01,2025,22.5,,THPT
DTT,Trường Đại Học Tôn Đức Thắng,N7810301,Quản lý thể dục thể thao (Chuyên ngành Kinh doanh thể thao và tổ chức sự kiện) - Chương trình học tại Phân hiệu Khánh Hòa,A01,2025,20.0,,THPT
DTT,Trường Đại Học Tôn Đức Thắng,N7810301,Quản lý thể dục thể thao (Chuyên ngành Kinh doanh thể thao và tổ chức sự kiện) - Chương trình học tại Phân hiệu Khánh Hòa,D01,2025,20.0,,THPT
DTT,Trường Đại Học Tôn Đức Thắng,N7810301,Quản lý thể dục thể thao (Chuyên ngành Kinh doanh thể thao và tổ chức sự kiện) - Chương trình học tại Phân hiệu Khánh Hòa,D01,2025,20.0,,THPT
DTT,Trường Đại Học Tôn Đức Thắng,N7850201,Bảo hộ lao động - Chương trình học tại Phân hiệu Khánh Hòa,A00,2025,20.0,,THPT
DTT,Trường Đại Học Tôn Đức Thắng,N7850201,Bảo hộ lao động - Chương trình học tại Phân hiệu Khánh Hòa,A01,2025,20.0,,THPT
DTT,Trường Đại Học Tôn Đức Thắng,N7850201,Bảo hộ lao động - Chương trình học tại Phân hiệu Khánh Hòa,B00,2025,20.0,,THPT
DTT,Trường Đại Học Tôn Đức Thắng,N7850201,Bảo hộ lao động - Chương trình học tại Phân hiệu Khánh Hòa,D07,2025,20.0,,THPT
DTV,Đại Học Lương Thế Vinh,7220201,Ngôn ngữ Anh,A01,2025,15.0,,THPT
DTV,Trường Đại Học Lương Thế Vinh,7220201,Ngôn ngữ Anh,A01,2025,15.0,,THPT
DTV,Trường Đại Học Lương Thế Vinh,7220201,Ngôn ngữ Anh,C00,2025,15.0,,THPT
DTV,Đại Học Lương Thế Vinh,7220201,Ngôn ngữ Anh,C00,2025,15.0,,THPT
DTV,Trường Đại Học Lương Thế Vinh,7220201,Ngôn ngữ Anh,D01,2025,15.0,,THPT
DTV,Đại Học Lương Thế Vinh,7340101,Quản trị Kinh doanh,A00,2025,15.0,,THPT
DTV,Trường Đại Học Lương Thế Vinh,7340101,Quản trị kinh doanh,A00,2025,15.0,,THPT
DTV,Trường Đại Học Lương Thế Vinh,7340101,Quản trị kinh doanh,B00,2025,15.0,,THPT
DTV,Đại Học Lương Thế Vinh,7340101,Quản trị Kinh doanh,B00,2025,15.0,,THPT
DTV,Trường Đại Học Lương Thế Vinh,7340101,Quản trị kinh doanh,D01,2025,15.0,,THPT
DTV,Đại Học Lương Thế Vinh,7340101,Quản trị Kinh doanh,D01,2025,15.0,,THPT
DTV,Trường Đại Học Lương Thế Vinh,7340101,Quản trị kinh doanh,D07,2025,15.0,,THPT
DTV,Đại Học Lương Thế Vinh,7340101,Quản trị Kinh doanh,D07,2025,15.0,,THPT
DTV,Trường Đại Học Lương Thế Vinh,7340101,Quản trị kinh doanh,D08,2025,15.0,,THPT
DTV,Đại Học Lương Thế Vinh,7340101,Quản trị Kinh doanh,D08,2025,15.0,,THPT
DTV,Trường Đại Học Lương Thế Vinh,7340101,Quản trị kinh doanh,D09,2025,15.0,,THPT
DTV,Đại Học Lương Thế Vinh,7340101,Quản trị Kinh doanh,D09,2025,15.0,,THPT
DTV,Trường Đại Học Lương Thế Vinh,7340101,Quản trị kinh doanh,D10,2025,15.0,,THPT
DTV,Đại Học Lương Thế Vinh,7340101,Quản trị Kinh doanh,D10,2025,15.0,,THPT
DTV,Đại Học Lương Thế Vinh,7340201,Tài chính – Ngân hàng,A00,2025,15.0,,THPT
DTV,Trường Đại Học Lương Thế Vinh,7340201,Tài chính - Ngân hàng,A00,2025,15.0,,THPT
DTV,Trường Đại Học Lương Thế Vinh,7340201,Tài chính - Ngân hàng,B00,2025,15.0,,THPT
DTV,Đại Học Lương Thế Vinh,7340201,Tài chính – Ngân hàng,B00,2025,15.0,,THPT
DTV,Trường Đại Học Lương Thế Vinh,7340201,Tài chính - Ngân hàng,D01,2025,15.0,,THPT
DTV,Đại Học Lương Thế Vinh,7340201,Tài chính – Ngân hàng,D01,2025,15.0,,THPT
DTV,Trường Đại Học Lương Thế Vinh,7340201,Tài chính - Ngân hàng,D07,2025,15.0,,THPT
DTV,Đại Học Lương Thế Vinh,7340201,Tài chính – Ngân hàng,D07,2025,15.0,,THPT
DTV,Trường Đại Học Lương Thế Vinh,7340201,Tài chính - Ngân hàng,D08,2025,15.0,,THPT
DTV,Đại Học Lương Thế Vinh,7340201,Tài chính – Ngân hàng,D08,2025,15.0,,THPT
DTV,Trường Đại Học Lương Thế Vinh,7340201,Tài chính - Ngân hàng,D09,2025,15.0,,THPT
DTV,Đại Học Lương Thế Vinh,7340201,Tài chính – Ngân hàng,D09,2025,15.0,,THPT
DTV,Trường Đại Học Lương Thế Vinh,7340201,Tài chính - Ngân hàng,D10,2025,15.0,,THPT
DTV,Đại Học Lương Thế Vinh,7340201,Tài chính – Ngân hàng,D10,2025,15.0,,THPT
DTV,Đại Học Lương Thế Vinh,7340301,Kế toán,A00,2025,15.0,,THPT
DTV,Trường Đại Học Lương Thế Vinh,7340301,Kế toán,A00,2025,15.0,,THPT
DTV,Trường Đại Học Lương Thế Vinh,7340301,Kế toán,B00,2025,15.0,,THPT
DTV,Đại Học Lương Thế Vinh,7340301,Kế toán,B00,2025,15.0,,THPT
DTV,Trường Đại Học Lương Thế Vinh,7340301,Kế toán,D01,2025,15.0,,THPT
DTV,Đại Học Lương Thế Vinh,7340301,Kế toán,D01,2025,15.0,,THPT
DTV,Trường Đại Học Lương Thế Vinh,7340301,Kế toán,D07,2025,15.0,,THPT
DTV,Đại Học Lương Thế Vinh,7340301,Kế toán,D07,2025,15.0,,THPT
DTV,Trường Đại Học Lương Thế Vinh,7340301,Kế toán,D08,2025,15.0,,THPT
DTV,Đại Học Lương Thế Vinh,7340301,Kế toán,D08,2025,15.0,,THPT
DTV,Trường Đại Học Lương Thế Vinh,7340301,Kế toán,D09,2025,15.0,,THPT
DTV,Đại Học Lương Thế Vinh,7340301,Kế toán,D09,2025,15.0,,THPT
DTV,Trường Đại Học Lương Thế Vinh,7340301,Kế toán,D10,2025,15.0,,THPT
DTV,Đại Học Lương Thế Vinh,7340301,Kế toán,D10,2025,15.0,,THPT
DTV,Đại Học Lương Thế Vinh,7480201,Công nghệ thông tin,A00,2025,15.0,,THPT
DTV,Trường Đại Học Lương Thế Vinh,7480201,Công nghệ thông tin,A00,2025,15.0,,THPT
DTV,Trường Đại Học Lương Thế Vinh,7480201,Công nghệ thông tin,B00,2025,15.0,,THPT
DTV,Đại Học Lương Thế Vinh,7480201,Công nghệ thông tin,B00,2025,15.0,,THPT
DTV,Trường Đại Học Lương Thế Vinh,7480201,Công nghệ thông tin,D01,2025,15.0,,THPT
DTV,Đại Học Lương Thế Vinh,7480201,Công nghệ thông tin,D01,2025,15.0,,THPT
DTV,Trường Đại Học Lương Thế Vinh,7480201,Công nghệ thông tin,D07,2025,15.0,,THPT
DTV,Đại Học Lương Thế Vinh,7480201,Công nghệ thông tin,D07,2025,15.0,,THPT
DTV,Trường Đại Học Lương Thế Vinh,7480201,Công nghệ thông tin,D08,2025,15.0,,THPT
DTV,Đại Học Lương Thế Vinh,7480201,Công nghệ thông tin,D08,2025,15.0,,THPT
DTV,Trường Đại Học Lương Thế Vinh,7480201,Công nghệ thông tin,D09,2025,15.0,,THPT
DTV,Đại Học Lương Thế Vinh,7480201,Công nghệ thông tin,D09,2025,15.0,,THPT
DTV,Trường Đại Học Lương Thế Vinh,7480201,Công nghệ thông tin,D10,2025,15.0,,THPT
DTV,Đại Học Lương Thế Vinh,7480201,Công nghệ thông tin,D10,2025,15.0,,THPT
DTV,Đại Học Lương Thế Vinh,7510301,"Công nghệ kỹ thuật điện, điện tử",A00,2025,15.0,,THPT
DTV,Trường Đại Học Lương Thế Vinh,7510301,Công nghệ kỹ thuật điện; điện tử,A00,2025,15.0,,THPT
DTV,Trường Đại Học Lương Thế Vinh,7510301,Công nghệ kỹ thuật điện; điện tử,B00,2025,15.0,,THPT
DTV,Đại Học Lương Thế Vinh,7510301,"Công nghệ kỹ thuật điện, điện tử",B00,2025,15.0,,THPT
DTV,Trường Đại Học Lương Thế Vinh,7510301,Công nghệ kỹ thuật điện; điện tử,D01,2025,15.0,,THPT
DTV,Đại Học Lương Thế Vinh,7510301,"Công nghệ kỹ thuật điện, điện tử",D01,2025,15.0,,THPT
DTV,Trường Đại Học Lương Thế Vinh,7510301,Công nghệ kỹ thuật điện; điện tử,D07,2025,15.0,,THPT
DTV,Đại Học Lương Thế Vinh,7510301,"Công nghệ kỹ thuật điện, điện tử",D07,2025,15.0,,THPT
DTV,Trường Đại Học Lương Thế Vinh,7510301,Công nghệ kỹ thuật điện; điện tử,D08,2025,15.0,,THPT
DTV,Đại Học Lương Thế Vinh,7510301,"Công nghệ kỹ thuật điện, điện tử",D08,2025,15.0,,THPT
DTV,Trường Đại Học Lương Thế Vinh,7510301,Công nghệ kỹ thuật điện; điện tử,D09,2025,15.0,,THPT
DTV,Đại Học Lương Thế Vinh,7510301,"Công nghệ kỹ thuật điện, điện tử",D09,2025,15.0,,THPT
DTV,Trường Đại Học Lương Thế Vinh,7510301,Công nghệ kỹ thuật điện; điện tử,D10,2025,15.0,,THPT
DTV,Đại Học Lương Thế Vinh,7510301,"Công nghệ kỹ thuật điện, điện tử",D10,2025,15.0,,THPT
DTV,Đại Học Lương Thế Vinh,7580201,Kỹ thuật xây dựng,A00,2025,15.0,,THPT
DTV,Trường Đại Học Lương Thế Vinh,7580201,Kỹ thuật xây dựng,A00,2025,15.0,,THPT
DTV,Trường Đại Học Lương Thế Vinh,7580201,Kỹ thuật xây dựng,B00,2025,15.0,,THPT
DTV,Đại Học Lương Thế Vinh,7580201,Kỹ thuật xây dựng,B00,2025,15.0,,THPT
DTV,Trường Đại Học Lương Thế Vinh,7580201,Kỹ thuật xây dựng,D01,2025,15.0,,THPT
DTV,Đại Học Lương Thế Vinh,7580201,Kỹ thuật xây dựng,D01,2025,15.0,,THPT
DTV,Trường Đại Học Lương Thế Vinh,7580201,Kỹ thuật xây dựng,D07,2025,15.0,,THPT
DTV,Đại Học Lương Thế Vinh,7580201,Kỹ thuật xây dựng,D07,2025,15.0,,THPT
DTV,Trường Đại Học Lương Thế Vinh,7580201,Kỹ thuật xây dựng,D08,2025,15.0,,THPT
DTV,Đại Học Lương Thế Vinh,7580201,Kỹ thuật xây dựng,D08,2025,15.0,,THPT
DTV,Trường Đại Học Lương Thế Vinh,7580201,Kỹ thuật xây dựng,D09,2025,15.0,,THPT
DTV,Đại Học Lương Thế Vinh,7580201,Kỹ thuật xây dựng,D09,2025,15.0,,THPT
DTV,Trường Đại Học Lương Thế Vinh,7580201,Kỹ thuật xây dựng,D10,2025,15.0,,THPT
DTV,Đại Học Lương Thế Vinh,7580201,Kỹ thuật xây dựng,D10,2025,15.0,,THPT
DTV,Đại Học Lương Thế Vinh,7580205,Kỹ thuật xây dựng công trình giao thông,A00,2025,15.0,,THPT
DTV,Trường Đại Học Lương Thế Vinh,7580205,Kỹ thuật xây dựng công trình giao thông,A00,2025,15.0,,THPT
DTV,Trường Đại Học Lương Thế Vinh,7580205,Kỹ thuật xây dựng công trình giao thông,B00,2025,15.0,,THPT
DTV,Đại Học Lương Thế Vinh,7580205,Kỹ thuật xây dựng công trình giao thông,B00,2025,15.0,,THPT
DTV,Trường Đại Học Lương Thế Vinh,7580205,Kỹ thuật xây dựng công trình giao thông,D01,2025,15.0,,THPT
DTV,Đại Học Lương Thế Vinh,7580205,Kỹ thuật xây dựng công trình giao thông,D01,2025,15.0,,THPT
DTV,Trường Đại Học Lương Thế Vinh,7580205,Kỹ thuật xây dựng công trình giao thông,D07,2025,15.0,,THPT
DTV,Đại Học Lương Thế Vinh,7580205,Kỹ thuật xây dựng công trình giao thông,D07,2025,15.0,,THPT
DTV,Trường Đại Học Lương Thế Vinh,7580205,Kỹ thuật xây dựng công trình giao thông,D08,2025,15.0,,THPT
DTV,Đại Học Lương Thế Vinh,7580205,Kỹ thuật xây dựng công trình giao thông,D08,2025,15.0,,THPT
DTV,Trường Đại Học Lương Thế Vinh,7580205,Kỹ thuật xây dựng công trình giao thông,D09,2025,15.0,,THPT
DTV,Đại Học Lương Thế Vinh,7580205,Kỹ thuật xây dựng công trình giao thông,D09,2025,15.0,,THPT
DTV,Trường Đại Học Lương Thế Vinh,7580205,Kỹ thuật xây dựng công trình giao thông,D10,2025,15.0,,THPT
DTV,Đại Học Lương Thế Vinh,7580205,Kỹ thuật xây dựng công trình giao thông,D10,2025,15.0,,THPT
DTV,Đại Học Lương Thế Vinh,7640101,Thú y,A00,2025,15.0,,THPT
DTV,Đại Học Lương Thế Vinh,7640101,Thú y,A01,2025,15.0,,THPT
DTV,Trường Đại Học Lương Thế Vinh,7640101,Thú y,B00,2025,15.0,,THPT
DTV,Đại Học Lương Thế Vinh,7640101,Thú y,B00,2025,15.0,,THPT
DTV,Trường Đại Học Lương Thế Vinh,7640101,Thú y,D01,2025,15.0,,THPT
DTV,Đại Học Lương Thế Vinh,7640101,Thú y,D01,2025,15.0,,THPT
DTV,Trường Đại Học Lương Thế Vinh,7640101,Thú y,D07,2025,15.0,,THPT
DTV,Đại Học Lương Thế Vinh,7640101,Thú y,D07,2025,15.0,,THPT
DTV,Trường Đại Học Lương Thế Vinh,7640101,Thú y,D08,2025,15.0,,THPT
DTV,Đại Học Lương Thế Vinh,7640101,Thú y,D08,2025,15.0,,THPT
DTV,Đại Học Lương Thế Vinh,7720115,Y học cổ truyền,A00,2025,19.0,,THPT
DTV,Trường Đại Học Lương Thế Vinh,7720115,Y học cổ truyền,A00,2025,19.0,,THPT
DTV,Trường Đại Học Lương Thế Vinh,7720115,Y học cổ truyền,B00,2025,19.0,,THPT
DTV,Đại Học Lương Thế Vinh,7720115,Y học cổ truyền,B00,2025,19.0,,THPT
DTV,Trường Đại Học Lương Thế Vinh,7720115,Y học cổ truyền,D01,2025,19.0,,THPT
DTV,Đại Học Lương Thế Vinh,7720115,Y học cổ truyền,D01,2025,19.0,,THPT
DTV,Trường Đại Học Lương Thế Vinh,7720115,Y học cổ truyền,D07,2025,19.0,,THPT
DTV,Đại Học Lương Thế Vinh,7720115,Y học cổ truyền,D07,2025,19.0,,THPT
DTV,Trường Đại Học Lương Thế Vinh,7720115,Y học cổ truyền,D08,2025,19.0,,THPT
DTV,Đại Học Lương Thế Vinh,7720115,Y học cổ truyền,D08,2025,19.0,,THPT
DTV,Trường Đại Học Lương Thế Vinh,7720115,Y học cổ truyền,D09,2025,19.0,,THPT
DTV,Đại Học Lương Thế Vinh,7720115,Y học cổ truyền,D09,2025,19.0,,THPT
DTV,Trường Đại Học Lương Thế Vinh,7720115,Y học cổ truyền,D10,2025,19.0,,THPT
DTV,Đại Học Lương Thế Vinh,7720115,Y học cổ truyền,D10,2025,19.0,,THPT
DTV,Đại Học Lương Thế Vinh,7720603,Kỹ thuật phục hồi chức năng,A00,2025,17.0,,THPT
DTV,Trường Đại Học Lương Thế Vinh,7720603,Kỹ thuật phục hồi chức năng,A00,2025,17.0,,THPT
DTV,Trường Đại Học Lương Thế Vinh,7720603,Kỹ thuật phục hồi chức năng,B00,2025,17.0,,THPT
DTV,Đại Học Lương Thế Vinh,7720603,Kỹ thuật phục hồi chức năng,B00,2025,17.0,,THPT
DTV,Trường Đại Học Lương Thế Vinh,7720603,Kỹ thuật phục hồi chức năng,D01,2025,17.0,,THPT
DTV,Đại Học Lương Thế Vinh,7720603,Kỹ thuật phục hồi chức năng,D01,2025,17.0,,THPT
DTV,Trường Đại Học Lương Thế Vinh,7720603,Kỹ thuật phục hồi chức năng,D07,2025,17.0,,THPT
DTV,Đại Học Lương Thế Vinh,7720603,Kỹ thuật phục hồi chức năng,D07,2025,17.0,,THPT
DTV,Trường Đại Học Lương Thế Vinh,7720603,Kỹ thuật phục hồi chức năng,D08,2025,17.0,,THPT
DTV,Đại Học Lương Thế Vinh,7720603,Kỹ thuật phục hồi chức năng,D08,2025,17.0,,THPT
DTV,Trường Đại Học Lương Thế Vinh,7720603,Kỹ thuật phục hồi chức năng,D09,2025,17.0,,THPT
DTV,Đại Học Lương Thế Vinh,7720603,Kỹ thuật phục hồi chức năng,D09,2025,17.0,,THPT
DTV,Trường Đại Học Lương Thế Vinh,7720603,Kỹ thuật phục hồi chức năng,D10,2025,17.0,,THPT
DTV,Đại Học Lương Thế Vinh,7720603,Kỹ thuật phục hồi chức năng,D10,2025,17.0,,THPT
DTY,Đại học Y Dược - Đại học Thái Nguyên,7720101,Y khoa,A00,2025,25.85,,THPT
DTY,Trường Đại Học Y Dược Thái Nguyên,7720101,Y khoa,A00,2025,25.85,,THPT
DTY,Trường Đại Học Y Dược Thái Nguyên,7720101,Y khoa,B00,2025,25.85,,THPT
DTY,Đại học Y Dược - Đại học Thái Nguyên,7720101,Y khoa,B00,2025,25.85,,THPT
DTY,Trường Đại Học Y Dược Thái Nguyên,7720101,Y khoa,D07,2025,25.85,,THPT
DTY,Đại học Y Dược - Đại học Thái Nguyên,7720101,Y khoa,D07,2025,25.85,,THPT
DTY,Trường Đại Học Y Dược Thái Nguyên,7720101,Y khoa,D08,2025,25.85,,THPT
DTY,Đại học Y Dược - Đại học Thái Nguyên,7720101,Y khoa,D08,2025,25.85,,THPT
DTY,Đại học Y Dược - Đại học Thái Nguyên,7720110,Y học dự phòng,A00,2025,18.3,,THPT
DTY,Trường Đại Học Y Dược Thái Nguyên,7720110,Y học dự phòng,A00,2025,18.3,,THPT
DTY,Trường Đại Học Y Dược Thái Nguyên,7720110,Y học dự phòng,B00,2025,18.3,,THPT
DTY,Đại học Y Dược - Đại học Thái Nguyên,7720110,Y học dự phòng,B00,2025,18.3,,THPT
DTY,Trường Đại Học Y Dược Thái Nguyên,7720110,Y học dự phòng,D07,2025,18.3,,THPT
DTY,Đại học Y Dược - Đại học Thái Nguyên,7720110,Y học dự phòng,D07,2025,18.3,,THPT
DTY,Trường Đại Học Y Dược Thái Nguyên,7720110,Y học dự phòng,D08,2025,18.3,,THPT
DTY,Đại học Y Dược - Đại học Thái Nguyên,7720110,Y học dự phòng,D08,2025,18.3,,THPT
DTY,Đại học Y Dược - Đại học Thái Nguyên,7720201,Dược học,A00,2025,22.8,,THPT
DTY,Trường Đại Học Y Dược Thái Nguyên,7720201,Dược học,A00,2025,22.8,,THPT
DTY,Trường Đại Học Y Dược Thái Nguyên,7720201,Dược học,A01,2025,22.8,,THPT
DTY,Đại học Y Dược - Đại học Thái Nguyên,7720201,Dược học,A01,2025,22.8,,THPT
DTY,Trường Đại Học Y Dược Thái Nguyên,7720201,Dược học,B00,2025,22.8,,THPT
DTY,Đại học Y Dược - Đại học Thái Nguyên,7720201,Dược học,B00,2025,22.8,,THPT
DTY,Trường Đại Học Y Dược Thái Nguyên,7720201,Dược học,D07,2025,22.8,,THPT
DTY,Đại học Y Dược - Đại học Thái Nguyên,7720201,Dược học,D07,2025,22.8,,THPT
DTY,Trường Đại Học Y Dược Thái Nguyên,7720201,Dược học,D08,2025,22.8,,THPT
DTY,Đại học Y Dược - Đại học Thái Nguyên,7720201,Dược học,D08,2025,22.8,,THPT
DTY,Đại học Y Dược - Đại học Thái Nguyên,7720301,Điều dưỡng,A00,2025,20.0,,THPT
DTY,Trường Đại Học Y Dược Thái Nguyên,7720301,Điều dưỡng,A00,2025,20.0,,THPT
DTY,Trường Đại Học Y Dược Thái Nguyên,7720301,Điều dưỡng,B00,2025,20.0,,THPT
DTY,Đại học Y Dược - Đại học Thái Nguyên,7720301,Điều dưỡng,B00,2025,20.0,,THPT
DTY,Trường Đại Học Y Dược Thái Nguyên,7720301,Điều dưỡng,D01,2025,20.0,,THPT
DTY,Đại học Y Dược - Đại học Thái Nguyên,7720301,Điều dưỡng,D01,2025,20.0,,THPT
DTY,Trường Đại Học Y Dược Thái Nguyên,7720301,Điều dưỡng,D07,2025,20.0,,THPT
DTY,Đại học Y Dược - Đại học Thái Nguyên,7720301,Điều dưỡng,D07,2025,20.0,,THPT
DTY,Trường Đại Học Y Dược Thái Nguyên,7720301,Điều dưỡng,D08,2025,20.0,,THPT
DTY,Đại học Y Dược - Đại học Thái Nguyên,7720301,Điều dưỡng,D08,2025,20.0,,THPT
DTY,Đại học Y Dược - Đại học Thái Nguyên,7720302,Hộ sinh,A00,2025,18.75,,THPT
DTY,Trường Đại Học Y Dược Thái Nguyên,7720302,Hộ sinh,A00,2025,18.75,,THPT
DTY,Trường Đại Học Y Dược Thái Nguyên,7720302,Hộ sinh,B00,2025,18.75,,THPT
DTY,Đại học Y Dược - Đại học Thái Nguyên,7720302,Hộ sinh,B00,2025,18.75,,THPT
DTY,Trường Đại Học Y Dược Thái Nguyên,7720302,Hộ sinh,D01,2025,18.75,,THPT
DTY,Đại học Y Dược - Đại học Thái Nguyên,7720302,Hộ sinh,D01,2025,18.75,,THPT
DTY,Trường Đại Học Y Dược Thái Nguyên,7720302,Hộ sinh,D07,2025,18.75,,THPT
DTY,Đại học Y Dược - Đại học Thái Nguyên,7720302,Hộ sinh,D07,2025,18.75,,THPT
DTY,Trường Đại Học Y Dược Thái Nguyên,7720302,Hộ sinh,D08,2025,18.75,,THPT
DTY,Đại học Y Dược - Đại học Thái Nguyên,7720302,Hộ sinh,D08,2025,18.75,,THPT
DTY,Đại học Y Dược - Đại học Thái Nguyên,7720501,Răng- Hàm -Mặt,A00,2025,26.15,,THPT
DTY,Trường Đại Học Y Dược Thái Nguyên,7720501,Răng - Hàm - Mặt,A00,2025,26.15,,THPT
DTY,Trường Đại Học Y Dược Thái Nguyên,7720501,Răng - Hàm - Mặt,B00,2025,26.15,,THPT
DTY,Đại học Y Dược - Đại học Thái Nguyên,7720501,Răng- Hàm -Mặt,B00,2025,26.15,,THPT
DTY,Trường Đại Học Y Dược Thái Nguyên,7720501,Răng - Hàm - Mặt,D07,2025,26.15,,THPT
DTY,Đại học Y Dược - Đại học Thái Nguyên,7720501,Răng- Hàm -Mặt,D07,2025,26.15,,THPT
DTY,Trường Đại Học Y Dược Thái Nguyên,7720501,Răng - Hàm - Mặt,D08,2025,26.15,,THPT
DTY,Đại học Y Dược - Đại học Thái Nguyên,7720501,Răng- Hàm -Mặt,D08,2025,26.15,,THPT
DTY,Đại học Y Dược - Đại học Thái Nguyên,7720601,Kỹ thuật xét nghiệm y học,A00,2025,22.5,,THPT
DTY,Trường Đại Học Y Dược Thái Nguyên,7720601,Kỹ thuật xét nghiệm y học,A00,2025,22.5,,THPT
DTY,Trường Đại Học Y Dược Thái Nguyên,7720601,Kỹ thuật xét nghiệm y học,A01,2025,22.5,,THPT
DTY,Đại học Y Dược - Đại học Thái Nguyên,7720601,Kỹ thuật xét nghiệm y học,A01,2025,22.5,,THPT
DTY,Trường Đại Học Y Dược Thái Nguyên,7720601,Kỹ thuật xét nghiệm y học,B00,2025,22.5,,THPT
DTY,Đại học Y Dược - Đại học Thái Nguyên,7720601,Kỹ thuật xét nghiệm y học,B00,2025,22.5,,THPT
DTY,Trường Đại Học Y Dược Thái Nguyên,7720601,Kỹ thuật xét nghiệm y học,D07,2025,22.5,,THPT
DTY,Đại học Y Dược - Đại học Thái Nguyên,7720601,Kỹ thuật xét nghiệm y học,D07,2025,22.5,,THPT
DTY,Trường Đại Học Y Dược Thái Nguyên,7720601,Kỹ thuật xét nghiệm y học,D08,2025,22.5,,THPT
DTY,Đại học Y Dược - Đại học Thái Nguyên,7720601,Kỹ thuật xét nghiệm y học,D08,2025,22.5,,THPT
DTY,Đại học Y Dược - Đại học Thái Nguyên,7720602,Kỹ thuật hình ảnh y học,A00,2025,21.25,,THPT
DTY,Trường Đại Học Y Dược Thái Nguyên,7720602,Kỹ thuật hình ảnh y học,A00,2025,21.25,,THPT
DTY,Trường Đại Học Y Dược Thái Nguyên,7720602,Kỹ thuật hình ảnh y học,A01,2025,21.25,,THPT
DTY,Đại học Y Dược - Đại học Thái Nguyên,7720602,Kỹ thuật hình ảnh y học,A01,2025,21.25,,THPT
DTY,Trường Đại Học Y Dược Thái Nguyên,7720602,Kỹ thuật hình ảnh y học,B00,2025,21.25,,THPT
DTY,Đại học Y Dược - Đại học Thái Nguyên,7720602,Kỹ thuật hình ảnh y học,B00,2025,21.25,,THPT
DTY,Trường Đại Học Y Dược Thái Nguyên,7720602,Kỹ thuật hình ảnh y học,D07,2025,21.25,,THPT
DTY,Đại học Y Dược - Đại học Thái Nguyên,7720602,Kỹ thuật hình ảnh y học,D07,2025,21.25,,THPT
DTY,Trường Đại Học Y Dược Thái Nguyên,7720602,Kỹ thuật hình ảnh y học,D08,2025,21.25,,THPT
DTY,Đại học Y Dược - Đại học Thái Nguyên,7720602,Kỹ thuật hình ảnh y học,D08,2025,21.25,,THPT
DTY,Đại học Y Dược - Đại học Thái Nguyên,7720603,Kỹ thuật phục hồi chức năng,A00,2025,20.5,,THPT
DTY,Trường Đại Học Y Dược Thái Nguyên,7720603,Kỹ thuật phục hồi chức năng,A00,2025,20.5,,THPT
DTY,Trường Đại Học Y Dược Thái Nguyên,7720603,Kỹ thuật phục hồi chức năng,A01,2025,20.5,,THPT
DTY,Đại học Y Dược - Đại học Thái Nguyên,7720603,Kỹ thuật phục hồi chức năng,A01,2025,20.5,,THPT
DTY,Trường Đại Học Y Dược Thái Nguyên,7720603,Kỹ thuật phục hồi chức năng,B00,2025,20.5,,THPT
DTY,Đại học Y Dược - Đại học Thái Nguyên,7720603,Kỹ thuật phục hồi chức năng,B00,2025,20.5,,THPT
DTY,Trường Đại Học Y Dược Thái Nguyên,7720603,Kỹ thuật phục hồi chức năng,D07,2025,20.5,,THPT
DTY,Đại học Y Dược - Đại học Thái Nguyên,7720603,Kỹ thuật phục hồi chức năng,D07,2025,20.5,,THPT
DTY,Trường Đại Học Y Dược Thái Nguyên,7720603,Kỹ thuật phục hồi chức năng,D08,2025,20.5,,THPT
DTY,Đại học Y Dược - Đại học Thái Nguyên,7720603,Kỹ thuật phục hồi chức năng,D08,2025,20.5,,THPT
DTZ,Đại học Khoa Học - Đại học Thái Nguyên,7220112,Văn hoá các dân tộc thiểu số Việt Nam,C00,2025,16.0,,THPT
DTZ,Trường Đại Học Khoa Học Thái Nguyên,7220112,Ngôn ngữ và văn hóa các dân tộc thiểu số Việt Nam,C00,2025,16.0,,THPT
DTZ,Trường Đại Học Khoa Học Thái Nguyên,7220112,Ngôn ngữ và văn hóa các dân tộc thiểu số Việt Nam,D01,2025,16.0,,THPT
DTZ,Đại học Khoa Học - Đại học Thái Nguyên,7220112,Văn hoá các dân tộc thiểu số Việt Nam,D01,2025,16.0,,THPT
DTZ,Trường Đại Học Khoa Học Thái Nguyên,7220112,Ngôn ngữ và văn hóa các dân tộc thiểu số Việt Nam,D10,2025,16.0,,THPT
DTZ,Đại học Khoa Học - Đại học Thái Nguyên,7220112,Văn hoá các dân tộc thiểu số Việt Nam,D10,2025,16.0,,THPT
DTZ,Đại học Khoa Học - Đại học Thái Nguyên,7220201,Ngôn ngữ Anh,D01,2025,16.35,,THPT
DTZ,Trường Đại Học Khoa Học Thái Nguyên,7220201,Ngôn ngữ Anh (Tiếng Anh ứng dụng),D01,2025,16.35,,THPT
DTZ,Trường Đại Học Khoa Học Thái Nguyên,7220201,Ngôn ngữ Anh (Tiếng Anh ứng dụng),D09,2025,16.35,,THPT
DTZ,Đại học Khoa Học - Đại học Thái Nguyên,7220201,Ngôn ngữ Anh,D09,2025,16.35,,THPT
DTZ,Trường Đại Học Khoa Học Thái Nguyên,7220201,Ngôn ngữ Anh (Tiếng Anh ứng dụng),D10,2025,16.35,,THPT
DTZ,Đại học Khoa Học - Đại học Thái Nguyên,7220201,Ngôn ngữ Anh,D10,2025,16.35,,THPT
DTZ,Đại học Khoa Học - Đại học Thái Nguyên,7220201_AH,Ngôn ngữ Anh (Song ngữ Anh - Hàn),D01,2025,16.35,,THPT
DTZ,Trường Đại Học Khoa Học Thái Nguyên,7220201_AH,Song ngữ Anh - Hàn,D01,2025,16.35,,THPT
DTZ,Trường Đại Học Khoa Học Thái Nguyên,7220201_AH,Song ngữ Anh - Hàn,D09,2025,16.35,,THPT
DTZ,Đại học Khoa Học - Đại học Thái Nguyên,7220201_AH,Ngôn ngữ Anh (Song ngữ Anh - Hàn),D09,2025,16.35,,THPT
DTZ,Trường Đại Học Khoa Học Thái Nguyên,7220201_AH,Song ngữ Anh - Hàn,D10,2025,16.35,,THPT
DTZ,Đại học Khoa Học - Đại học Thái Nguyên,7220201_AH,Ngôn ngữ Anh (Song ngữ Anh - Hàn),D10,2025,16.35,,THPT
DTZ,Đại học Khoa Học - Đại học Thái Nguyên,7220201_AT,Ngôn ngữ Anh (Song ngữ Anh - Trung),D01,2025,16.35,,THPT
DTZ,Trường Đại Học Khoa Học Thái Nguyên,7220201_AT,Song ngữ Anh - Trung,D01,2025,16.35,,THPT
DTZ,Trường Đại Học Khoa Học Thái Nguyên,7220201_AT,Song ngữ Anh - Trung,D09,2025,16.35,,THPT
DTZ,Đại học Khoa Học - Đại học Thái Nguyên,7220201_AT,Ngôn ngữ Anh (Song ngữ Anh - Trung),D09,2025,16.35,,THPT
DTZ,Trường Đại Học Khoa Học Thái Nguyên,7220201_AT,Song ngữ Anh - Trung,D10,2025,16.35,,THPT
DTZ,Đại học Khoa Học - Đại học Thái Nguyên,7220201_AT,Ngôn ngữ Anh (Song ngữ Anh - Trung),D10,2025,16.35,,THPT
DTZ,Đại học Khoa Học - Đại học Thái Nguyên,7220201_GV,Ngôn ngữ Anh (CTĐT hướng giảng dạy),D01,2025,19.5,,THPT
DTZ,Trường Đại Học Khoa Học Thái Nguyên,7220201_GV,CTĐT định hướng giáo viên Tiếng Anh,D01,2025,19.5,,THPT
DTZ,Trường Đại Học Khoa Học Thái Nguyên,7220201_GV,CTĐT định hướng giáo viên Tiếng Anh,D09,2025,19.5,,THPT
DTZ,Đại học Khoa Học - Đại học Thái Nguyên,7220201_GV,Ngôn ngữ Anh (CTĐT hướng giảng dạy),D09,2025,19.5,,THPT
DTZ,Trường Đại Học Khoa Học Thái Nguyên,7220201_GV,CTĐT định hướng giáo viên Tiếng Anh,D10,2025,19.5,,THPT
DTZ,Đại học Khoa Học - Đại học Thái Nguyên,7220201_GV,Ngôn ngữ Anh (CTĐT hướng giảng dạy),D10,2025,19.5,,THPT
DTZ,Đại học Khoa Học - Đại học Thái Nguyên,7229010,Lịch sử,C00,2025,19.05,,THPT
DTZ,Trường Đại Học Khoa Học Thái Nguyên,7229010,Lịch sử- Địa lý và Kinh tế Pháp luật,C00,2025,19.05,,THPT
DTZ,Trường Đại Học Khoa Học Thái Nguyên,7229010,Lịch sử- Địa lý và Kinh tế Pháp luật,D01,2025,19.05,,THPT
DTZ,Đại học Khoa Học - Đại học Thái Nguyên,7229010,Lịch sử,D01,2025,19.05,,THPT
DTZ,Trường Đại Học Khoa Học Thái Nguyên,7229010,Lịch sử- Địa lý và Kinh tế Pháp luật,D10,2025,19.05,,THPT
DTZ,Đại học Khoa Học - Đại học Thái Nguyên,7229010,Lịch sử,D10,2025,19.05,,THPT
DTZ,Đại học Khoa Học - Đại học Thái Nguyên,7229030,Văn học,C00,2025,19.15,,THPT
DTZ,Trường Đại Học Khoa Học Thái Nguyên,7229030,Văn học (CTĐT Giáo viên),C00,2025,19.15,,THPT
DTZ,Trường Đại Học Khoa Học Thái Nguyên,7229030,Văn học (CTĐT Giáo viên),D01,2025,19.15,,THPT
DTZ,Đại học Khoa Học - Đại học Thái Nguyên,7229030,Văn học,D01,2025,19.15,,THPT
DTZ,Trường Đại Học Khoa Học Thái Nguyên,7229030,Văn học (CTĐT Giáo viên),D10,2025,19.15,,THPT
DTZ,Đại học Khoa Học - Đại học Thái Nguyên,7229030,Văn học,D10,2025,19.15,,THPT
DTZ,Đại học Khoa Học - Đại học Thái Nguyên,7310612,Trung Quốc học,C00,2025,19.45,,THPT
DTZ,Trường Đại Học Khoa Học Thái Nguyên,7310612,Trung Quốc học,C00,2025,19.45,,THPT
DTZ,Trường Đại Học Khoa Học Thái Nguyên,7310612,Trung Quốc học,D01,2025,19.45,,THPT
DTZ,Đại học Khoa Học - Đại học Thái Nguyên,7310612,Trung Quốc học,D01,2025,19.45,,THPT
DTZ,Trường Đại Học Khoa Học Thái Nguyên,7310612,Trung Quốc học,D10,2025,19.45,,THPT
DTZ,Đại học Khoa Học - Đại học Thái Nguyên,7310612,Trung Quốc học,D10,2025,19.45,,THPT
DTZ,Đại học Khoa Học - Đại học Thái Nguyên,7310614,Hàn Quốc học,C00,2025,17.25,,THPT
DTZ,Trường Đại Học Khoa Học Thái Nguyên,7310614,Hàn Quốc học,C00,2025,17.25,,THPT
DTZ,Trường Đại Học Khoa Học Thái Nguyên,7310614,Hàn Quốc học,D01,2025,17.25,,THPT
DTZ,Đại học Khoa Học - Đại học Thái Nguyên,7310614,Hàn Quốc học,D01,2025,17.25,,THPT
DTZ,Trường Đại Học Khoa Học Thái Nguyên,7310614,Hàn Quốc học,D10,2025,17.25,,THPT
DTZ,Đại học Khoa Học - Đại học Thái Nguyên,7310614,Hàn Quốc học,D10,2025,17.25,,THPT
DTZ,Đại học Khoa Học - Đại học Thái Nguyên,7310630,Việt Nam học,C00,2025,16.0,,THPT
DTZ,Trường Đại Học Khoa Học Thái Nguyên,7310630,Việt Nam học,C00,2025,16.0,,THPT
DTZ,Trường Đại Học Khoa Học Thái Nguyên,7310630,Việt Nam học,D01,2025,16.0,,THPT
DTZ,Đại học Khoa Học - Đại học Thái Nguyên,7310630,Việt Nam học,D01,2025,16.0,,THPT
DTZ,Trường Đại Học Khoa Học Thái Nguyên,7310630,Việt Nam học,D10,2025,16.0,,THPT
DTZ,Đại học Khoa Học - Đại học Thái Nguyên,7310630,Việt Nam học,D10,2025,16.0,,THPT
DTZ,Đại học Khoa Học - Đại học Thái Nguyên,7320101,Báo chí,C00,2025,17.0,,THPT
DTZ,Trường Đại Học Khoa Học Thái Nguyên,7320101,Quản trị truyền thông,C00,2025,17.0,,THPT
DTZ,Trường Đại Học Khoa Học Thái Nguyên,7320101,Quản trị truyền thông,D01,2025,17.0,,THPT
DTZ,Đại học Khoa Học - Đại học Thái Nguyên,7320101,Báo chí,D01,2025,17.0,,THPT
DTZ,Trường Đại Học Khoa Học Thái Nguyên,7320101,Quản trị truyền thông,D10,2025,17.0,,THPT
DTZ,Đại học Khoa Học - Đại học Thái Nguyên,7320101,Báo chí,D10,2025,17.0,,THPT
DTZ,Đại học Khoa Học - Đại học Thái Nguyên,7320201,Thông tin - thư viện,C00,2025,16.0,,THPT
DTZ,Trường Đại Học Khoa Học Thái Nguyên,7320201,Thư viện - Thiết bị trường học và Văn thư,C00,2025,16.0,,THPT
DTZ,Trường Đại Học Khoa Học Thái Nguyên,7320201,Thư viện - Thiết bị trường học và Văn thư,D01,2025,16.0,,THPT
DTZ,Đại học Khoa Học - Đại học Thái Nguyên,7320201,Thông tin - thư viện,D01,2025,16.0,,THPT
DTZ,Trường Đại Học Khoa Học Thái Nguyên,7320201,Thư viện - Thiết bị trường học và Văn thư,D10,2025,16.0,,THPT
DTZ,Đại học Khoa Học - Đại học Thái Nguyên,7320201,Thông tin - thư viện,D10,2025,16.0,,THPT
DTZ,Đại học Khoa Học - Đại học Thái Nguyên,7340401,Khoa học quản lý,C00,2025,16.25,,THPT
DTZ,Trường Đại Học Khoa Học Thái Nguyên,7340401,Khoa học quản lý (Quản lý nhân lực),C00,2025,16.25,,THPT
DTZ,Trường Đại Học Khoa Học Thái Nguyên,7340401,Khoa học quản lý (Quản lý nhân lực),D01,2025,16.25,,THPT
DTZ,Đại học Khoa Học - Đại học Thái Nguyên,7340401,Khoa học quản lý,D01,2025,16.25,,THPT
DTZ,Trường Đại Học Khoa Học Thái Nguyên,7340401,Khoa học quản lý (Quản lý nhân lực),D10,2025,16.25,,THPT
DTZ,Đại học Khoa Học - Đại học Thái Nguyên,7340401,Khoa học quản lý,D10,2025,16.25,,THPT
DTZ,Đại học Khoa Học - Đại học Thái Nguyên,7340401_QLKT,Quản lý kinh tế,C00,2025,16.25,,THPT
DTZ,Trường Đại Học Khoa Học Thái Nguyên,7340401_QLKT,Quản lý kinh tế,D01,2025,16.25,,THPT
DTZ,Đại học Khoa Học - Đại học Thái Nguyên,7340401_QLKT,Quản lý kinh tế,D01,2025,16.25,,THPT
DTZ,Trường Đại Học Khoa Học Thái Nguyên,7340401_QLKT,Quản lý kinh tế,D10,2025,16.25,,THPT
DTZ,Đại học Khoa Học - Đại học Thái Nguyên,7340401_QLKT,Quản lý kinh tế,D10,2025,16.25,,THPT
DTZ,Đại học Khoa Học - Đại học Thái Nguyên,7380101,Ngành Luật,C00,2025,18.0,,THPT
DTZ,Trường Đại Học Khoa Học Thái Nguyên,7380101,Luật,C00,2025,18.0,,THPT
DTZ,Trường Đại Học Khoa Học Thái Nguyên,7380101,Luật,D01,2025,18.0,,THPT
DTZ,Đại học Khoa Học - Đại học Thái Nguyên,7380101,Ngành Luật,D01,2025,18.0,,THPT
DTZ,Trường Đại Học Khoa Học Thái Nguyên,7380101,Luật,D10,2025,18.0,,THPT
DTZ,Đại học Khoa Học - Đại học Thái Nguyên,7380101,Ngành Luật,D10,2025,18.0,,THPT
DTZ,Đại học Khoa Học - Đại học Thái Nguyên,7380101_LKT,Luật kinh tế,C00,2025,18.0,,THPT
DTZ,Trường Đại Học Khoa Học Thái Nguyên,7380101_LKT,Luật kinh tế,C00,2025,18.0,,THPT
DTZ,Trường Đại Học Khoa Học Thái Nguyên,7380101_LKT,Luật kinh tế,D01,2025,18.0,,THPT
DTZ,Đại học Khoa Học - Đại học Thái Nguyên,7380101_LKT,Luật kinh tế,D01,2025,18.0,,THPT
DTZ,Trường Đại Học Khoa Học Thái Nguyên,7380101_LKT,Luật kinh tế,D10,2025,18.0,,THPT
DTZ,Đại học Khoa Học - Đại học Thái Nguyên,7380101_LKT,Luật kinh tế,D10,2025,18.0,,THPT
DTZ,Đại học Khoa Học - Đại học Thái Nguyên,7420201,Công nghệ sinh học,A00,2025,16.0,,THPT
DTZ,Trường Đại Học Khoa Học Thái Nguyên,7420201,Công nghệ sinh học,A00,2025,16.0,,THPT
DTZ,Trường Đại Học Khoa Học Thái Nguyên,7420201,Công nghệ sinh học,B00,2025,16.0,,THPT
DTZ,Đại học Khoa Học - Đại học Thái Nguyên,7420201,Công nghệ sinh học,B00,2025,16.0,,THPT
DTZ,Trường Đại Học Khoa Học Thái Nguyên,7420201,Công nghệ sinh học,D07,2025,16.0,,THPT
DTZ,Đại học Khoa Học - Đại học Thái Nguyên,7420201,Công nghệ sinh học,D07,2025,16.0,,THPT
DTZ,Đại học Khoa Học - Đại học Thái Nguyên,7440102,Vật lý học,A00,2025,19.5,,THPT
DTZ,Trường Đại Học Khoa Học Thái Nguyên,7440102,Vật lý (CTĐT Giáo viên),A00,2025,19.5,,THPT
DTZ,Trường Đại Học Khoa Học Thái Nguyên,7440102,Vật lý (CTĐT Giáo viên),A01,2025,19.5,,THPT
DTZ,Đại học Khoa Học - Đại học Thái Nguyên,7440102,Vật lý học,A01,2025,19.5,,THPT
DTZ,Đại học Khoa Học - Đại học Thái Nguyên,7440102_TD,Công nghệ bán dẫn,A00,2025,20.25,,THPT
DTZ,Trường Đại Học Khoa Học Thái Nguyên,7440102_TD,Công nghệ bán dẫn,A00,2025,20.25,,THPT
DTZ,Trường Đại Học Khoa Học Thái Nguyên,7440102_TD,Công nghệ bán dẫn,A01,2025,20.25,,THPT
DTZ,Đại học Khoa Học - Đại học Thái Nguyên,7440102_TD,Công nghệ bán dẫn,A01,2025,20.25,,THPT
DTZ,Đại học Khoa Học - Đại học Thái Nguyên,7440112_KHTN,Khoa học tự nhiên tích hợp STEM,A00,2025,19.5,,THPT
DTZ,Trường Đại Học Khoa Học Thái Nguyên,7440112_KHTN,Khoa học Tự nhiên tích hợp STEM,A00,2025,19.5,,THPT
DTZ,Trường Đại Học Khoa Học Thái Nguyên,7440112_KHTN,Khoa học Tự nhiên tích hợp STEM,B00,2025,19.5,,THPT
DTZ,Đại học Khoa Học - Đại học Thái Nguyên,7440112_KHTN,Khoa học tự nhiên tích hợp STEM,B00,2025,19.5,,THPT
DTZ,Trường Đại Học Khoa Học Thái Nguyên,7440112_KHTN,Khoa học Tự nhiên tích hợp STEM,D07,2025,19.5,,THPT
DTZ,Đại học Khoa Học - Đại học Thái Nguyên,7440112_KHTN,Khoa học tự nhiên tích hợp STEM,D07,2025,19.5,,THPT
DTZ,Đại học Khoa Học - Đại học Thái Nguyên,7460101_TA,Toán học (CTĐT hướng giảng dạy bằng tiếng Anh),A00,2025,19.5,,THPT
DTZ,Trường Đại Học Khoa Học Thái Nguyên,7460101_TA,CTĐT Toán học định hướng giảng dạy bằng tiếng Anh,A00,2025,19.5,,THPT
DTZ,Trường Đại Học Khoa Học Thái Nguyên,7460101_TA,CTĐT Toán học định hướng giảng dạy bằng tiếng Anh,B00,2025,19.5,,THPT
DTZ,Đại học Khoa Học - Đại học Thái Nguyên,7460101_TA,Toán học (CTĐT hướng giảng dạy bằng tiếng Anh),B00,2025,19.5,,THPT
DTZ,Trường Đại Học Khoa Học Thái Nguyên,7460101_TA,CTĐT Toán học định hướng giảng dạy bằng tiếng Anh,D01,2025,19.5,,THPT
DTZ,Đại học Khoa Học - Đại học Thái Nguyên,7460101_TA,Toán học (CTĐT hướng giảng dạy bằng tiếng Anh),D01,2025,19.5,,THPT
DTZ,Trường Đại Học Khoa Học Thái Nguyên,7460101_TA,CTĐT Toán học định hướng giảng dạy bằng tiếng Anh,D07,2025,19.5,,THPT
DTZ,Đại học Khoa Học - Đại học Thái Nguyên,7460101_TA,Toán học (CTĐT hướng giảng dạy bằng tiếng Anh),D07,2025,19.5,,THPT
DTZ,Trường Đại Học Khoa Học Thái Nguyên,7460101_TA,CTĐT Toán học định hướng giảng dạy bằng tiếng Anh,D08,2025,19.5,,THPT
DTZ,Đại học Khoa Học - Đại học Thái Nguyên,7460101_TA,Toán học (CTĐT hướng giảng dạy bằng tiếng Anh),D08,2025,19.5,,THPT
DTZ,Đại học Khoa Học - Đại học Thái Nguyên,7460101_TV,Toán học (CTĐT hướng giảng dạy),A00,2025,19.5,,THPT
DTZ,Trường Đại Học Khoa Học Thái Nguyên,7460101_TV,CTĐT Toán học định hướng giảng dạy bằng tiếng Việt,A00,2025,19.5,,THPT
DTZ,Trường Đại Học Khoa Học Thái Nguyên,7460101_TV,CTĐT Toán học định hướng giảng dạy bằng tiếng Việt,B00,2025,19.5,,THPT
DTZ,Đại học Khoa Học - Đại học Thái Nguyên,7460101_TV,Toán học (CTĐT hướng giảng dạy),B00,2025,19.5,,THPT
DTZ,Trường Đại Học Khoa Học Thái Nguyên,7460101_TV,CTĐT Toán học định hướng giảng dạy bằng tiếng Việt,D01,2025,19.5,,THPT
DTZ,Đại học Khoa Học - Đại học Thái Nguyên,7460101_TV,Toán học (CTĐT hướng giảng dạy),D01,2025,19.5,,THPT
DTZ,Trường Đại Học Khoa Học Thái Nguyên,7460101_TV,CTĐT Toán học định hướng giảng dạy bằng tiếng Việt,D07,2025,19.5,,THPT
DTZ,Đại học Khoa Học - Đại học Thái Nguyên,7460101_TV,Toán học (CTĐT hướng giảng dạy),D07,2025,19.5,,THPT
DTZ,Trường Đại Học Khoa Học Thái Nguyên,7460101_TV,CTĐT Toán học định hướng giảng dạy bằng tiếng Việt,D08,2025,19.5,,THPT
DTZ,Đại học Khoa Học - Đại học Thái Nguyên,7460101_TV,Toán học (CTĐT hướng giảng dạy),D08,2025,19.5,,THPT
DTZ,Đại học Khoa Học - Đại học Thái Nguyên,7460117,Toán tin,A00,2025,19.0,,THPT
DTZ,Trường Đại Học Khoa Học Thái Nguyên,7460117,Toán tin (CTĐT Giáo viên),A00,2025,19.0,,THPT
DTZ,Trường Đại Học Khoa Học Thái Nguyên,7460117,Toán tin (CTĐT Giáo viên),B00,2025,19.0,,THPT
DTZ,Đại học Khoa Học - Đại học Thái Nguyên,7460117,Toán tin,B00,2025,19.0,,THPT
DTZ,Trường Đại Học Khoa Học Thái Nguyên,7460117,Toán tin (CTĐT Giáo viên),D01,2025,19.0,,THPT
DTZ,Đại học Khoa Học - Đại học Thái Nguyên,7460117,Toán tin,D01,2025,19.0,,THPT
DTZ,Trường Đại Học Khoa Học Thái Nguyên,7460117,Toán tin (CTĐT Giáo viên),D07,2025,19.0,,THPT
DTZ,Đại học Khoa Học - Đại học Thái Nguyên,7460117,Toán tin,D07,2025,19.0,,THPT
DTZ,Trường Đại Học Khoa Học Thái Nguyên,7460117,Toán tin (CTĐT Giáo viên),D08,2025,19.0,,THPT
DTZ,Đại học Khoa Học - Đại học Thái Nguyên,7460117,Toán tin,D08,2025,19.0,,THPT
DTZ,Đại học Khoa Học - Đại học Thái Nguyên,7510401,Công nghệ kỹ thuật hoá học,A00,2025,16.0,,THPT
DTZ,Trường Đại Học Khoa Học Thái Nguyên,7510401,Công nghệ kỹ thuật hóa học,A00,2025,16.0,,THPT
DTZ,Trường Đại Học Khoa Học Thái Nguyên,7510401,Công nghệ kỹ thuật hóa học,B00,2025,16.0,,THPT
DTZ,Đại học Khoa Học - Đại học Thái Nguyên,7510401,Công nghệ kỹ thuật hoá học,B00,2025,16.0,,THPT
DTZ,Trường Đại Học Khoa Học Thái Nguyên,7510401,Công nghệ kỹ thuật hóa học,D07,2025,16.0,,THPT
DTZ,Đại học Khoa Học - Đại học Thái Nguyên,7510401,Công nghệ kỹ thuật hoá học,D07,2025,16.0,,THPT
DTZ,Đại học Khoa Học - Đại học Thái Nguyên,7720203,Hoá dược,A00,2025,16.0,,THPT
DTZ,Trường Đại Học Khoa Học Thái Nguyên,7720203,Hóa dược,A00,2025,16.0,,THPT
DTZ,Trường Đại Học Khoa Học Thái Nguyên,7720203,Hóa dược,B00,2025,16.0,,THPT
DTZ,Đại học Khoa Học - Đại học Thái Nguyên,7720203,Hoá dược,B00,2025,16.0,,THPT
DTZ,Trường Đại Học Khoa Học Thái Nguyên,7720203,Hóa dược,D07,2025,16.0,,THPT
DTZ,Đại học Khoa Học - Đại học Thái Nguyên,7720203,Hoá dược,D07,2025,16.0,,THPT
DTZ,Đại học Khoa Học - Đại học Thái Nguyên,7720203_TD,Chăm sóc sắc đẹp từ dược liệu,A00,2025,16.0,,THPT
DTZ,Trường Đại Học Khoa Học Thái Nguyên,7720203_TD,Chăm sóc sắc đẹp từ Dược liệu,A00,2025,16.0,,THPT
DTZ,Trường Đại Học Khoa Học Thái Nguyên,7720203_TD,Chăm sóc sắc đẹp từ Dược liệu,B00,2025,16.0,,THPT
DTZ,Đại học Khoa Học - Đại học Thái Nguyên,7720203_TD,Chăm sóc sắc đẹp từ dược liệu,B00,2025,16.0,,THPT
DTZ,Trường Đại Học Khoa Học Thái Nguyên,7720203_TD,Chăm sóc sắc đẹp từ Dược liệu,D07,2025,16.0,,THPT
DTZ,Đại học Khoa Học - Đại học Thái Nguyên,7720203_TD,Chăm sóc sắc đẹp từ dược liệu,D07,2025,16.0,,THPT
DTZ,Đại học Khoa Học - Đại học Thái Nguyên,7760101,Công tác xã hội,C00,2025,16.0,,THPT
DTZ,Trường Đại Học Khoa Học Thái Nguyên,7760101,Công tác xã hội,C00,2025,16.0,,THPT
DTZ,Trường Đại Học Khoa Học Thái Nguyên,7760101,Công tác xã hội,D01,2025,16.0,,THPT
DTZ,Đại học Khoa Học - Đại học Thái Nguyên,7760101,Công tác xã hội,D01,2025,16.0,,THPT
DTZ,Trường Đại Học Khoa Học Thái Nguyên,7760101,Công tác xã hội,D10,2025,16.0,,THPT
DTZ,Đại học Khoa Học - Đại học Thái Nguyên,7760101,Công tác xã hội,D10,2025,16.0,,THPT
DTZ,Đại học Khoa Học - Đại học Thái Nguyên,7810101,Du lịch,C00,2025,16.0,,THPT
DTZ,Trường Đại Học Khoa Học Thái Nguyên,7810101,Du lịch,C00,2025,16.0,,THPT
DTZ,Trường Đại Học Khoa Học Thái Nguyên,7810101,Du lịch,D01,2025,16.0,,THPT
DTZ,Đại học Khoa Học - Đại học Thái Nguyên,7810101,Du lịch,D01,2025,16.0,,THPT
DTZ,Trường Đại Học Khoa Học Thái Nguyên,7810101,Du lịch,D10,2025,16.0,,THPT
DTZ,Đại học Khoa Học - Đại học Thái Nguyên,7810101,Du lịch,D10,2025,16.0,,THPT
DTZ,Đại học Khoa Học - Đại học Thái Nguyên,7810103,Quản trị dịch vụ du lịch và lữ hành,C00,2025,16.0,,THPT
DTZ,Trường Đại Học Khoa Học Thái Nguyên,7810103,Quản trị dịch vụ du lịch và lữ hành,C00,2025,16.0,,THPT
DTZ,Trường Đại Học Khoa Học Thái Nguyên,7810103,Quản trị dịch vụ du lịch và lữ hành,D01,2025,16.0,,THPT
DTZ,Đại học Khoa Học - Đại học Thái Nguyên,7810103,Quản trị dịch vụ du lịch và lữ hành,D01,2025,16.0,,THPT
DTZ,Trường Đại Học Khoa Học Thái Nguyên,7810103,Quản trị dịch vụ du lịch và lữ hành,D10,2025,16.0,,THPT
DTZ,Đại học Khoa Học - Đại học Thái Nguyên,7810103,Quản trị dịch vụ du lịch và lữ hành,D10,2025,16.0,,THPT
DTZ,Đại học Khoa Học - Đại học Thái Nguyên,7810301,Quản lý thể dục thể thao,C00,2025,15.65,,THPT
DTZ,Trường Đại Học Khoa Học Thái Nguyên,7810301,Quản lý thể dục thể thao,C00,2025,15.65,,THPT
DTZ,Trường Đại Học Khoa Học Thái Nguyên,7810301,Quản lý thể dục thể thao,D01,2025,15.65,,THPT
DTZ,Đại học Khoa Học - Đại học Thái Nguyên,7810301,Quản lý thể dục thể thao,D01,2025,15.65,,THPT
DTZ,Trường Đại Học Khoa Học Thái Nguyên,7810301,Quản lý thể dục thể thao,D10,2025,15.65,,THPT
DTZ,Đại học Khoa Học - Đại học Thái Nguyên,7810301,Quản lý thể dục thể thao,D10,2025,15.65,,THPT
DTZ,Đại học Khoa Học - Đại học Thái Nguyên,7850101,Quản lý tài nguyên và môi trường,A00,2025,16.0,,THPT
DTZ,Trường Đại Học Khoa Học Thái Nguyên,7850101,Quản lý tài nguyên và môi trường,A00,2025,16.0,,THPT
DTZ,Trường Đại Học Khoa Học Thái Nguyên,7850101,Quản lý tài nguyên và môi trường,B00,2025,16.0,,THPT
DTZ,Đại học Khoa Học - Đại học Thái Nguyên,7850101,Quản lý tài nguyên và môi trường,B00,2025,16.0,,THPT
DTZ,Trường Đại Học Khoa Học Thái Nguyên,7850101,Quản lý tài nguyên và môi trường,D01,2025,16.0,,THPT
DTZ,Đại học Khoa Học - Đại học Thái Nguyên,7850101,Quản lý tài nguyên và môi trường,D01,2025,16.0,,THPT
DVB,Trường Đại Học Kinh tế công nghệ Thái Nguyên,7220201,Ngôn ngữ Anh,A01,2025,15.0,,THPT
DVB,Trường Đại Học Kinh tế công nghệ Thái Nguyên,7220201,Ngôn ngữ Anh,A01,2025,15.0,,THPT
DVB,Trường Đại Học Kinh tế công nghệ Thái Nguyên,7220201,Ngôn ngữ Anh,D01,2025,15.0,,THPT
DVB,Trường Đại Học Kinh tế công nghệ Thái Nguyên,7220201,Ngôn ngữ Anh,D01,2025,15.0,,THPT
DVB,Trường Đại Học Kinh tế công nghệ Thái Nguyên,7220201,Ngôn ngữ Anh,D10,2025,15.0,,THPT
DVB,Trường Đại Học Kinh tế công nghệ Thái Nguyên,7220201,Ngôn ngữ Anh,D10,2025,15.0,,THPT
DVB,Trường Đại Học Kinh tế công nghệ Thái Nguyên,7220210,Ngôn ngữ Hàn Quốc,C00,2025,15.0,,THPT
DVB,Trường Đại Học Kinh tế công nghệ Thái Nguyên,7220210,Ngôn ngữ Hàn Quốc,C00,2025,15.0,,THPT
DVB,Trường Đại Học Kinh tế công nghệ Thái Nguyên,7220210,Ngôn ngữ Hàn Quốc,D01,2025,15.0,,THPT
DVB,Trường Đại Học Kinh tế công nghệ Thái Nguyên,7220210,Ngôn ngữ Hàn Quốc,D01,2025,15.0,,THPT
DVB,Trường Đại Học Kinh tế công nghệ Thái Nguyên,7340101,Quản trị kinh doanh,A01,2025,15.0,,THPT
DVB,Trường Đại Học Kinh tế công nghệ Thái Nguyên,7340101,Quản trị kinh doanh,C00,2025,15.0,,THPT
DVB,Trường Đại Học Kinh tế công nghệ Thái Nguyên,7340101,Quản trị kinh doanh,D01,2025,15.0,,THPT
DVB,Trường Đại Học Kinh tế công nghệ Thái Nguyên,7340115,Marketing,A01,2025,15.0,,THPT
DVB,Trường Đại Học Kinh tế công nghệ Thái Nguyên,7340115,Marketing,D01,2025,15.0,,THPT
DVB,Trường Đại Học Kinh tế công nghệ Thái Nguyên,7340115,Marketing,D10,2025,15.0,,THPT
DVB,Trường Đại Học Kinh tế công nghệ Thái Nguyên,7340301,Kế toán,A01,2025,15.0,,THPT
DVB,Trường Đại Học Kinh tế công nghệ Thái Nguyên,7340301,Kế toán,C00,2025,15.0,,THPT
DVB,Trường Đại Học Kinh tế công nghệ Thái Nguyên,7340301,Kế toán,D01,2025,15.0,,THPT
DVB,Trường Đại Học Kinh tế công nghệ Thái Nguyên,7380101,Luật,C00,2025,15.0,,THPT
DVB,Trường Đại Học Kinh tế công nghệ Thái Nguyên,7380101,Luật,D01,2025,15.0,,THPT
DVB,Trường Đại Học Kinh tế công nghệ Thái Nguyên,7480102,Mạng máy tính và truyền thông dữ liệu,A00,2025,15.0,,THPT
DVB,Trường Đại Học Kinh tế công nghệ Thái Nguyên,7480102,Mạng máy tính và truyền thông dữ liệu,A01,2025,15.0,,THPT
DVB,Trường Đại Học Kinh tế công nghệ Thái Nguyên,7480102,Mạng máy tính và truyền thông dữ liệu,D01,2025,15.0,,THPT
DVB,Trường Đại Học Kinh tế công nghệ Thái Nguyên,7480201,Công nghệ thông tin,A00,2025,15.0,,THPT
DVB,Trường Đại Học Kinh tế công nghệ Thái Nguyên,7480201,Công nghệ thông tin,A01,2025,15.0,,THPT
DVB,Trường Đại Học Kinh tế công nghệ Thái Nguyên,7480201,Công nghệ thông tin,D01,2025,15.0,,THPT
DVB,Trường Đại Học Kinh tế công nghệ Thái Nguyên,7510303,Công nghệ kỹ thuật điều khiển và tự động hóa,A00,2025,15.0,,THPT
DVB,Trường Đại Học Kinh tế công nghệ Thái Nguyên,7510303,Công nghệ kỹ thuật điều khiển và tự động hóa,A01,2025,15.0,,THPT
DVB,Trường Đại Học Kinh tế công nghệ Thái Nguyên,7510303,Công nghệ kỹ thuật điều khiển và tự động hóa,D01,2025,15.0,,THPT
DVB,Trường Đại Học Kinh tế công nghệ Thái Nguyên,7520103,Kỹ thuật cơ khí,A00,2025,15.0,,THPT
DVB,Trường Đại Học Kinh tế công nghệ Thái Nguyên,7520103,Kỹ thuật cơ khí,A01,2025,15.0,,THPT
DVB,Trường Đại Học Kinh tế công nghệ Thái Nguyên,7520103,Kỹ thuật cơ khí,D01,2025,15.0,,THPT
DVB,Trường Đại Học Kinh tế công nghệ Thái Nguyên,7520114,Kỹ thuật Cơ điện tử,A00,2025,15.0,,THPT
DVB,Trường Đại Học Kinh tế công nghệ Thái Nguyên,7520114,Kỹ thuật Cơ điện tử,A01,2025,15.0,,THPT
DVB,Trường Đại Học Kinh tế công nghệ Thái Nguyên,7520114,Kỹ thuật Cơ điện tử,D01,2025,15.0,,THPT
DVB,Trường Đại Học Kinh tế công nghệ Thái Nguyên,7520201,Kỹ thuật\r\nđiện,A00,2025,15.0,,THPT
DVB,Trường Đại Học Kinh tế công nghệ Thái Nguyên,7520201,Kỹ thuật\r\nđiện,A01,2025,15.0,,THPT
DVB,Trường Đại Học Kinh tế công nghệ Thái Nguyên,7520201,Kỹ thuật\r\nđiện,D01,2025,15.0,,THPT
DVD,"Đại học Văn Hóa, Thể Thao Và Du Lịch Thanh Hóa",7140202,Giáo dục Tiểu học,A01,2025,27.32,,THPT
DVD,"Trường Đại Học Văn Hóa, Thể Thao Và Du Lịch Thanh Hóa",7140202,Giáo dục Tiểu học,A01,2025,27.32,,THPT
DVD,"Đại học Văn Hóa, Thể Thao Và Du Lịch Thanh Hóa",7140202,Giáo dục Tiểu học,D01,2025,27.32,,THPT
DVD,"Trường Đại Học Văn Hóa, Thể Thao Và Du Lịch Thanh Hóa",7140202,Giáo dục Tiểu học,D01,2025,27.32,,THPT
DVD,"Đại học Văn Hóa, Thể Thao Và Du Lịch Thanh Hóa",7140210,Sư phạm Tin học (Chuyên ngành Tin học – Công nghệ Tiểu học),A00,2025,26.0,,THPT
DVD,"Trường Đại Học Văn Hóa, Thể Thao Và Du Lịch Thanh Hóa",7140210,Sư phạm Tin học,A00,2025,26.0,,THPT
DVD,"Trường Đại Học Văn Hóa, Thể Thao Và Du Lịch Thanh Hóa",7140210,Sư phạm Tin học,D01,2025,26.0,,THPT
DVD,"Đại học Văn Hóa, Thể Thao Và Du Lịch Thanh Hóa",7140210,Sư phạm Tin học (Chuyên ngành Tin học – Công nghệ Tiểu học),D01,2025,26.0,,THPT
DVD,"Đại học Văn Hóa, Thể Thao Và Du Lịch Thanh Hóa",7220201,Ngôn ngữ Anh,D01,2025,15.0,,THPT
DVD,"Trường Đại Học Văn Hóa, Thể Thao Và Du Lịch Thanh Hóa",7220201,Ngôn ngữ Anh,D01,2025,15.0,,THPT
DVD,"Đại học Văn Hóa, Thể Thao Và Du Lịch Thanh Hóa",7229042,Quản lý văn hoá,C00,2025,15.0,,THPT
DVD,"Trường Đại Học Văn Hóa, Thể Thao Và Du Lịch Thanh Hóa",7229042,Quản lý văn hóa,C00,2025,15.0,,THPT
DVD,"Đại học Văn Hóa, Thể Thao Và Du Lịch Thanh Hóa",7310205,Quản lý nhà nước,C00,2025,15.0,,THPT
DVD,"Trường Đại Học Văn Hóa, Thể Thao Và Du Lịch Thanh Hóa",7310205,Quản lý nhà nước,C00,2025,15.0,,THPT
DVD,"Đại học Văn Hóa, Thể Thao Và Du Lịch Thanh Hóa",7320106,Công nghệ truyền thông,C00,2025,15.0,,THPT
DVD,"Trường Đại Học Văn Hóa, Thể Thao Và Du Lịch Thanh Hóa",7320106,Công nghệ truyền thông,C00,2025,15.0,,THPT
DVD,"Đại học Văn Hóa, Thể Thao Và Du Lịch Thanh Hóa",7320201,Thông tin - thư viện,C00,2025,15.0,,THPT
DVD,"Trường Đại Học Văn Hóa, Thể Thao Và Du Lịch Thanh Hóa",7320201,Thông tin - Thư viện,C00,2025,15.0,,THPT
DVD,"Đại học Văn Hóa, Thể Thao Và Du Lịch Thanh Hóa",7320201A,Thông tin thư viện - Quản trị thư viện,C00,2025,15.0,,THPT
DVD,"Trường Đại Học Văn Hóa, Thể Thao Và Du Lịch Thanh Hóa",7320201A,Chuyên ngành: Thư viên - Thiết bị trường học,C00,2025,15.0,,THPT
DVD,"Đại học Văn Hóa, Thể Thao Và Du Lịch Thanh Hóa",7320201B,Thông tin thư viện - Thư viện và thiết bị trường học,C00,2025,15.0,,THPT
DVD,"Trường Đại Học Văn Hóa, Thể Thao Và Du Lịch Thanh Hóa",7320201B,Chuyên ngành: Văn thư - Lưu trữ,C00,2025,15.0,,THPT
DVD,"Đại học Văn Hóa, Thể Thao Và Du Lịch Thanh Hóa",7340404,Quản trị nhân lực,A00,2025,15.0,,THPT
DVD,"Trường Đại Học Văn Hóa, Thể Thao Và Du Lịch Thanh Hóa",7340404,Quản trị nhân lực,A00,2025,15.0,,THPT
DVD,"Trường Đại Học Văn Hóa, Thể Thao Và Du Lịch Thanh Hóa",7340404,Quản trị nhân lực,C00,2025,15.0,,THPT
DVD,"Đại học Văn Hóa, Thể Thao Và Du Lịch Thanh Hóa",7340404,Quản trị nhân lực,C00,2025,15.0,,THPT
DVD,"Trường Đại Học Văn Hóa, Thể Thao Và Du Lịch Thanh Hóa",7340404,Quản trị nhân lực,D01,2025,15.0,,THPT
DVD,"Đại học Văn Hóa, Thể Thao Và Du Lịch Thanh Hóa",7340404,Quản trị nhân lực,D01,2025,15.0,,THPT
DVD,"Đại học Văn Hóa, Thể Thao Và Du Lịch Thanh Hóa",7380101,Ngành Luật,C00,2025,15.0,,THPT
DVD,"Trường Đại Học Văn Hóa, Thể Thao Và Du Lịch Thanh Hóa",7380101,Luật,C00,2025,18.0,,THPT
DVD,"Đại học Văn Hóa, Thể Thao Và Du Lịch Thanh Hóa",7760101,Công tác xã hội,C00,2025,15.0,,THPT
DVD,"Trường Đại Học Văn Hóa, Thể Thao Và Du Lịch Thanh Hóa",7760101,Công tác xã hội,C00,2025,15.0,,THPT
DVD,"Đại học Văn Hóa, Thể Thao Và Du Lịch Thanh Hóa",7810101,Du lịch,C00,2025,15.0,,THPT
DVD,"Trường Đại Học Văn Hóa, Thể Thao Và Du Lịch Thanh Hóa",7810101,Du lịch,C00,2025,15.0,,THPT
DVD,"Trường Đại Học Văn Hóa, Thể Thao Và Du Lịch Thanh Hóa",7810101,Du lịch,D01,2025,15.0,,THPT
DVD,"Đại học Văn Hóa, Thể Thao Và Du Lịch Thanh Hóa",7810101,Du lịch,D01,2025,15.0,,THPT
DVD,"Đại học Văn Hóa, Thể Thao Và Du Lịch Thanh Hóa",7810103,Quản trị dịch vụ du lịch và lữ hành,C00,2025,15.0,,THPT
DVD,"Trường Đại Học Văn Hóa, Thể Thao Và Du Lịch Thanh Hóa",7810103,Quản trị dịch vụ du lịch và lữ hành,C00,2025,15.0,,THPT
DVD,"Trường Đại Học Văn Hóa, Thể Thao Và Du Lịch Thanh Hóa",7810103,Quản trị dịch vụ du lịch và lữ hành,D01,2025,15.0,,THPT
DVD,"Đại học Văn Hóa, Thể Thao Và Du Lịch Thanh Hóa",7810103,Quản trị dịch vụ du lịch và lữ hành,D01,2025,15.0,,THPT
DVD,"Đại học Văn Hóa, Thể Thao Và Du Lịch Thanh Hóa",7810201,Quản trị khách sạn,C00,2025,15.0,,THPT
DVD,"Trường Đại Học Văn Hóa, Thể Thao Và Du Lịch Thanh Hóa",7810201,Quản trị khách sạn,C00,2025,15.0,,THPT
DVD,"Trường Đại Học Văn Hóa, Thể Thao Và Du Lịch Thanh Hóa",7810201,Quản trị khách sạn,D01,2025,15.0,,THPT
DVD,"Đại học Văn Hóa, Thể Thao Và Du Lịch Thanh Hóa",7810201,Quản trị khách sạn,D01,2025,15.0,,THPT
DVH,Đại học Văn Hiến,7210235,Đạo diễn điện ảnh. truyền hình,A00,2025,15.0,,THPT
DVH,Trường Đại Học Văn Hiến,7210235,"Đạo diễn điện ảnh, truyền hình",A00,2025,17.0,,THPT
DVH,Trường Đại Học Văn Hiến,7210235,"Đạo diễn điện ảnh, truyền hình",D01,2025,17.0,,THPT
DVH,Đại học Văn Hiến,7210235,Đạo diễn điện ảnh. truyền hình,D01,2025,15.0,,THPT
DVH,Đại học Văn Hiến,7210302,Công nghệ điện ảnh. truyền hình,A00,2025,15.0,,THPT
DVH,Trường Đại Học Văn Hiến,7210302,"Công nghệ điện ảnh, truyền hình",A00,2025,15.0,,THPT
DVH,Trường Đại Học Văn Hiến,7210302,"Công nghệ điện ảnh, truyền hình",D01,2025,15.0,,THPT
DVH,Đại học Văn Hiến,7210302,Công nghệ điện ảnh. truyền hình,D01,2025,15.0,,THPT
DVH,Đại học Văn Hiến,7220201,Ngôn ngữ Anh,A01,2025,15.0,,THPT
DVH,Trường Đại Học Văn Hiến,7220201,Ngôn ngữ Anh,A01,2025,15.0,,THPT
DVH,Trường Đại Học Văn Hiến,7220201,Ngôn ngữ Anh,D01,2025,15.0,,THPT
DVH,Đại học Văn Hiến,7220201,Ngôn ngữ Anh,D01,2025,15.0,,THPT
DVH,Trường Đại Học Văn Hiến,7220201,Ngôn ngữ Anh,D09,2025,15.0,,THPT
DVH,Đại học Văn Hiến,7220201,Ngôn ngữ Anh,D09,2025,15.0,,THPT
DVH,Trường Đại Học Văn Hiến,7220201,Ngôn ngữ Anh,D10,2025,15.0,,THPT
DVH,Đại học Văn Hiến,7220201,Ngôn ngữ Anh,D10,2025,15.0,,THPT
DVH,Đại học Văn Hiến,7220203,Ngôn ngữ Pháp,A01,2025,15.0,,THPT
DVH,Trường Đại Học Văn Hiến,7220203,Ngôn ngữ Pháp,A01,2025,15.0,,THPT
DVH,Trường Đại Học Văn Hiến,7220203,Ngôn ngữ Pháp,D01,2025,15.0,,THPT
DVH,Đại học Văn Hiến,7220203,Ngôn ngữ Pháp,D01,2025,15.0,,THPT
DVH,Trường Đại Học Văn Hiến,7220203,Ngôn ngữ Pháp,D10,2025,15.0,,THPT
DVH,Đại học Văn Hiến,7220203,Ngôn ngữ Pháp,D10,2025,15.0,,THPT
DVH,Đại học Văn Hiến,7220204,Ngôn ngữ Trung Quốc,A01,2025,15.0,,THPT
DVH,Trường Đại Học Văn Hiến,7220204,Ngôn ngữ Trung Quốc Liên kết quốc tế,A01,2025,15.0,,THPT
DVH,Trường Đại Học Văn Hiến,7220204,Ngôn ngữ Trung Quốc Liên kết quốc tế,D01,2025,15.0,,THPT
DVH,Đại học Văn Hiến,7220204,Ngôn ngữ Trung Quốc,D01,2025,15.0,,THPT
DVH,Trường Đại Học Văn Hiến,7220204,Ngôn ngữ Trung Quốc Liên kết quốc tế,D10,2025,15.0,,THPT
DVH,Đại học Văn Hiến,7220204,Ngôn ngữ Trung Quốc,D10,2025,15.0,,THPT
DVH,Đại học Văn Hiến,7220209,Ngôn ngữ Nhật,A01,2025,15.0,,THPT
DVH,Trường Đại Học Văn Hiến,7220209,Ngôn ngữ Nhật,A01,2025,15.0,,THPT
DVH,Trường Đại Học Văn Hiến,7220209,Ngôn ngữ Nhật,D01,2025,15.0,,THPT
DVH,Đại học Văn Hiến,7220209,Ngôn ngữ Nhật,D01,2025,15.0,,THPT
DVH,Trường Đại Học Văn Hiến,7220209,Ngôn ngữ Nhật,D10,2025,15.0,,THPT
DVH,Đại học Văn Hiến,7220209,Ngôn ngữ Nhật,D10,2025,15.0,,THPT
DVH,Đại học Văn Hiến,7229030,Văn học,C00,2025,16.85,,THPT
DVH,Trường Đại Học Văn Hiến,7229030,Văn học,C00,2025,16.85,,THPT
DVH,Trường Đại Học Văn Hiến,7229030,Văn học,D01,2025,16.85,,THPT
DVH,Đại học Văn Hiến,7229030,Văn học,D01,2025,16.85,,THPT
DVH,Đại học Văn Hiến,7310101,Kinh tế,A00,2025,15.0,,THPT
DVH,Trường Đại Học Văn Hiến,7310101,Kinh tế,A00,2025,15.0,,THPT
DVH,Trường Đại Học Văn Hiến,7310101,Kinh tế,A01,2025,15.0,,THPT
DVH,Đại học Văn Hiến,7310101,Kinh tế,A01,2025,15.0,,THPT
DVH,Trường Đại Học Văn Hiến,7310101,Kinh tế,D01,2025,15.0,,THPT
DVH,Đại học Văn Hiến,7310101,Kinh tế,D01,2025,15.0,,THPT
DVH,Đại học Văn Hiến,7310206,Quan hệ quốc tế,A01,2025,15.0,,THPT
DVH,Trường Đại Học Văn Hiến,7310206,Quan hệ quốc tế,A01,2025,15.0,,THPT
DVH,Trường Đại Học Văn Hiến,7310206,Quan hệ quốc tế,A01,2025,15.0,,THPT
DVH,Trường Đại Học Văn Hiến,7310206,Quan hệ quốc tế,D01,2025,15.0,,THPT
DVH,Trường Đại Học Văn Hiến,7310206,Quan hệ quốc tế,D01,2025,15.0,,THPT
DVH,Đại học Văn Hiến,7310206,Quan hệ quốc tế,D01,2025,15.0,,THPT
DVH,Đại học Văn Hiến,7310301,Xã hội học,A00,2025,15.0,,THPT
DVH,Trường Đại Học Văn Hiến,7310301,Xã hội học,A00,2025,15.0,,THPT
DVH,Trường Đại Học Văn Hiến,7310301,Xã hội học,C00,2025,15.0,,THPT
DVH,Đại học Văn Hiến,7310301,Xã hội học,C00,2025,15.0,,THPT
DVH,Trường Đại Học Văn Hiến,7310301,Xã hội học,D01,2025,15.0,,THPT
DVH,Đại học Văn Hiến,7310301,Xã hội học,D01,2025,15.0,,THPT
DVH,Đại học Văn Hiến,7310401,Tâm lý học,A00,2025,15.0,,THPT
DVH,Trường Đại Học Văn Hiến,7310401,Tâm lý học,A00,2025,15.0,,THPT
DVH,Trường Đại Học Văn Hiến,7310401,Tâm lý học,D08,2025,15.0,,THPT
DVH,Đại học Văn Hiến,7310401,Tâm lý học,D08,2025,15.0,,THPT
DVH,Đại học Văn Hiến,7310608,Đông phương học,A01,2025,15.0,,THPT
DVH,Trường Đại Học Văn Hiến,7310608,Đông phương học,A01,2025,15.0,,THPT
DVH,Trường Đại Học Văn Hiến,7310608,Đông phương học,C00,2025,15.0,,THPT
DVH,Đại học Văn Hiến,7310608,Đông phương học,C00,2025,15.0,,THPT
DVH,Trường Đại Học Văn Hiến,7310608,Đông phương học,D01,2025,15.0,,THPT
DVH,Đại học Văn Hiến,7310608,Đông phương học,D01,2025,15.0,,THPT
DVH,Đại học Văn Hiến,7310612,Trung Quốc học,A01,2025,15.0,,THPT
DVH,Đại học Văn Hiến,7310612,Trung Quốc học,D01,2025,15.0,,THPT
DVH,Đại học Văn Hiến,7310612,Trung Quốc học,D10,2025,15.0,,THPT
DVH,Đại học Văn Hiến,7310630,Việt Nam học,C00,2025,15.0,,THPT
DVH,Trường Đại Học Văn Hiến,7310630,Việt Nam học,C00,2025,15.0,,THPT
DVH,Trường Đại Học Văn Hiến,7310630,Việt Nam học,D01,2025,15.0,,THPT
DVH,Đại học Văn Hiến,7310630,Việt Nam học,D01,2025,15.0,,THPT
DVH,Đại học Văn Hiến,7320104,Truyền thông đa phương tiện,A00,2025,15.0,,THPT
DVH,Trường Đại Học Văn Hiến,7320104,Truyền thông đa phương tiện,A00,2025,15.0,,THPT
DVH,Trường Đại Học Văn Hiến,7320104,Truyền thông đa phương tiện,A01,2025,15.0,,THPT
DVH,Đại học Văn Hiến,7320104,Truyền thông đa phương tiện,A01,2025,15.0,,THPT
DVH,Trường Đại Học Văn Hiến,7320104,Truyền thông đa phương tiện,D01,2025,15.0,,THPT
DVH,Đại học Văn Hiến,7320104,Truyền thông đa phương tiện,D01,2025,15.0,,THPT
DVH,Đại học Văn Hiến,7320108,Quan hệ công chúng,C00,2025,15.0,,THPT
DVH,Trường Đại Học Văn Hiến,7320108,Quan hệ công chúng,C00,2025,15.0,,THPT
DVH,Trường Đại Học Văn Hiến,7320108,Quan hệ công chúng,D01,2025,15.0,,THPT
DVH,Đại học Văn Hiến,7320108,Quan hệ công chúng,D01,2025,15.0,,THPT
DVH,Đại học Văn Hiến,7340101,Quản trị Kinh doanh,A00,2025,15.0,,THPT
DVH,Trường Đại Học Văn Hiến,7340101,Quản trị kinh doanh,A00,2025,15.0,,THPT
DVH,Trường Đại Học Văn Hiến,7340101,Quản trị kinh doanh,A01,2025,15.0,,THPT
DVH,Đại học Văn Hiến,7340101,Quản trị Kinh doanh,A01,2025,15.0,,THPT
DVH,Trường Đại Học Văn Hiến,7340101,Quản trị kinh doanh,D01,2025,15.0,,THPT
DVH,Đại học Văn Hiến,7340101,Quản trị Kinh doanh,D01,2025,15.0,,THPT
DVH,Đại học Văn Hiến,7340115,Marketing,A00,2025,15.0,,THPT
DVH,Trường Đại Học Văn Hiến,7340115,Marketing,A00,2025,15.0,,THPT
DVH,Trường Đại Học Văn Hiến,7340115,Marketing,A01,2025,15.0,,THPT
DVH,Đại học Văn Hiến,7340115,Marketing,A01,2025,15.0,,THPT
DVH,Trường Đại Học Văn Hiến,7340115,Marketing,D01,2025,15.0,,THPT
DVH,Đại học Văn Hiến,7340115,Marketing,D01,2025,15.0,,THPT
DVH,Đại học Văn Hiến,7340121,Kinh doanh thương mại,A00,2025,15.0,,THPT
DVH,Trường Đại Học Văn Hiến,7340121,Kinh doanh thương mại,A00,2025,15.0,,THPT
DVH,Trường Đại Học Văn Hiến,7340121,Kinh doanh thương mại,A01,2025,15.0,,THPT
DVH,Đại học Văn Hiến,7340121,Kinh doanh thương mại,A01,2025,15.0,,THPT
DVH,Trường Đại Học Văn Hiến,7340121,Kinh doanh thương mại,D01,2025,15.0,,THPT
DVH,Đại học Văn Hiến,7340121,Kinh doanh thương mại,D01,2025,15.0,,THPT
DVH,Đại học Văn Hiến,7340122,Thương mại điện tử,A00,2025,15.0,,THPT
DVH,Trường Đại Học Văn Hiến,7340122,Thương mại điện tử,A00,2025,15.0,,THPT
DVH,Trường Đại Học Văn Hiến,7340122,Thương mại điện tử,A01,2025,15.0,,THPT
DVH,Đại học Văn Hiến,7340122,Thương mại điện tử,A01,2025,15.0,,THPT
DVH,Trường Đại Học Văn Hiến,7340122,Thương mại điện tử,D01,2025,15.0,,THPT
DVH,Đại học Văn Hiến,7340122,Thương mại điện tử,D01,2025,15.0,,THPT
DVH,Đại học Văn Hiến,7340201,Tài chính – Ngân hàng,A00,2025,15.0,,THPT
DVH,Trường Đại Học Văn Hiến,7340201,Tài chính - Ngân hàng,A00,2025,15.0,,THPT
DVH,Trường Đại Học Văn Hiến,7340201,Tài chính - Ngân hàng,A01,2025,15.0,,THPT
DVH,Đại học Văn Hiến,7340201,Tài chính – Ngân hàng,A01,2025,15.0,,THPT
DVH,Trường Đại Học Văn Hiến,7340201,Tài chính - Ngân hàng,D01,2025,15.0,,THPT
DVH,Đại học Văn Hiến,7340201,Tài chính – Ngân hàng,D01,2025,15.0,,THPT
DVH,Đại học Văn Hiến,7340205,Công nghệ tài chính,A00,2025,15.0,,THPT
DVH,Trường Đại Học Văn Hiến,7340205,Công nghệ tài chính,A00,2025,15.0,,THPT
DVH,Trường Đại Học Văn Hiến,7340205,Công nghệ tài chính,A01,2025,15.0,,THPT
DVH,Đại học Văn Hiến,7340205,Công nghệ tài chính,A01,2025,15.0,,THPT
DVH,Trường Đại Học Văn Hiến,7340205,Công nghệ tài chính,D01,2025,15.0,,THPT
DVH,Đại học Văn Hiến,7340205,Công nghệ tài chính,D01,2025,15.0,,THPT
DVH,Đại học Văn Hiến,7340301,Kế toán,A00,2025,15.0,,THPT
DVH,Trường Đại Học Văn Hiến,7340301,Kế toán,A00,2025,15.0,,THPT
DVH,Trường Đại Học Văn Hiến,7340301,Kế toán,A01,2025,15.0,,THPT
DVH,Đại học Văn Hiến,7340301,Kế toán,A01,2025,15.0,,THPT
DVH,Trường Đại Học Văn Hiến,7340301,Kế toán,D01,2025,15.0,,THPT
DVH,Đại học Văn Hiến,7340301,Kế toán,D01,2025,15.0,,THPT
DVH,Đại học Văn Hiến,7340302,Kiểm toán,A00,2025,15.0,,THPT
DVH,Trường Đại Học Văn Hiến,7340302,Kiểm toán,A00,2025,15.0,,THPT
DVH,Trường Đại Học Văn Hiến,7340302,Kiểm toán,A01,2025,15.0,,THPT
DVH,Đại học Văn Hiến,7340302,Kiểm toán,A01,2025,15.0,,THPT
DVH,Trường Đại Học Văn Hiến,7340302,Kiểm toán,D01,2025,15.0,,THPT
DVH,Đại học Văn Hiến,7340302,Kiểm toán,D01,2025,15.0,,THPT
DVH,Đại học Văn Hiến,7340404,Quản trị nhân lực,A00,2025,16.0,,THPT
DVH,Trường Đại Học Văn Hiến,7340404,Quản trị nhân lực,A00,2025,16.0,,THPT
DVH,Trường Đại Học Văn Hiến,7340404,Quản trị nhân lực,A01,2025,16.0,,THPT
DVH,Đại học Văn Hiến,7340404,Quản trị nhân lực,A01,2025,16.0,,THPT
DVH,Trường Đại Học Văn Hiến,7340404,Quản trị nhân lực,D01,2025,16.0,,THPT
DVH,Đại học Văn Hiến,7340404,Quản trị nhân lực,D01,2025,16.0,,THPT
DVH,Đại học Văn Hiến,7380101,Ngành Luật,A00,2025,15.0,,THPT
DVH,Trường Đại Học Văn Hiến,7380101,Luật,A00,2025,15.0,,THPT
DVH,Trường Đại Học Văn Hiến,7380101,Luật,A01,2025,15.0,,THPT
DVH,Đại học Văn Hiến,7380101,Ngành Luật,A01,2025,15.0,,THPT
DVH,Trường Đại Học Văn Hiến,7380101,Luật,D01,2025,15.0,,THPT
DVH,Đại học Văn Hiến,7380101,Ngành Luật,D01,2025,15.0,,THPT
DVH,Đại học Văn Hiến,7380107,Luật kinh tế,A00,2025,15.0,,THPT
DVH,Trường Đại Học Văn Hiến,7380107,Luật Kinh tế,A00,2025,15.0,,THPT
DVH,Trường Đại Học Văn Hiến,7380107,Luật Kinh tế,A01,2025,15.0,,THPT
DVH,Đại học Văn Hiến,7380107,Luật kinh tế,A01,2025,15.0,,THPT
DVH,Trường Đại Học Văn Hiến,7380107,Luật Kinh tế,D01,2025,15.0,,THPT
DVH,Đại học Văn Hiến,7380107,Luật kinh tế,D01,2025,15.0,,THPT
DVH,Đại học Văn Hiến,7420201,Công nghệ sinh học,A00,2025,15.0,,THPT
DVH,Trường Đại Học Văn Hiến,7420201,Công nghệ sinh học,A00,2025,15.0,,THPT
DVH,Trường Đại Học Văn Hiến,7420201,Công nghệ sinh học,A01,2025,15.0,,THPT
DVH,Đại học Văn Hiến,7420201,Công nghệ sinh học,A01,2025,15.0,,THPT
DVH,Trường Đại Học Văn Hiến,7420201,Công nghệ sinh học,D01,2025,15.0,,THPT
DVH,Đại học Văn Hiến,7420201,Công nghệ sinh học,D01,2025,15.0,,THPT
DVH,Đại học Văn Hiến,7480101,Khoa học máy tính,A00,2025,15.0,,THPT
DVH,Trường Đại Học Văn Hiến,7480101,Khoa học máy tính,A00,2025,15.0,,THPT
DVH,Trường Đại Học Văn Hiến,7480101,Khoa học máy tính,A01,2025,15.0,,THPT
DVH,Đại học Văn Hiến,7480101,Khoa học máy tính,A01,2025,15.0,,THPT
DVH,Trường Đại Học Văn Hiến,7480101,Khoa học máy tính,D01,2025,15.0,,THPT
DVH,Đại học Văn Hiến,7480101,Khoa học máy tính,D01,2025,15.0,,THPT
DVH,Đại học Văn Hiến,7480102,Mạng máy tính và truyền thông dữ liệu,A00,2025,15.0,,THPT
DVH,Trường Đại Học Văn Hiến,7480102,Mạng máy tính và Truyền thông,A00,2025,15.0,,THPT
DVH,Trường Đại Học Văn Hiến,7480102,Mạng máy tính và Truyền thông,A01,2025,15.0,,THPT
DVH,Đại học Văn Hiến,7480102,Mạng máy tính và truyền thông dữ liệu,A01,2025,15.0,,THPT
DVH,Trường Đại Học Văn Hiến,7480102,Mạng máy tính và Truyền thông,D01,2025,15.0,,THPT
DVH,Đại học Văn Hiến,7480102,Mạng máy tính và truyền thông dữ liệu,D01,2025,15.0,,THPT
DVH,Đại học Văn Hiến,7480201,Công nghệ thông tin,A00,2025,15.0,,THPT
DVH,Trường Đại Học Văn Hiến,7480201,Công nghệ thông tin,A00,2025,15.0,,THPT
DVH,Trường Đại Học Văn Hiến,7480201,Công nghệ thông tin,A01,2025,15.0,,THPT
DVH,Đại học Văn Hiến,7480201,Công nghệ thông tin,A01,2025,15.0,,THPT
DVH,Trường Đại Học Văn Hiến,7480201,Công nghệ thông tin,D01,2025,15.0,,THPT
DVH,Đại học Văn Hiến,7480201,Công nghệ thông tin,D01,2025,15.0,,THPT
DVH,Đại học Văn Hiến,7510605,Logistics và Quản lý chuỗi cung ứng,A00,2025,15.0,,THPT
DVH,Trường Đại Học Văn Hiến,7510605,Logistics và Quản lý chuỗi cung ứng,A00,2025,15.0,,THPT
DVH,Trường Đại Học Văn Hiến,7510605,Logistics và Quản lý chuỗi cung ứng,A01,2025,15.0,,THPT
DVH,Đại học Văn Hiến,7510605,Logistics và Quản lý chuỗi cung ứng,A01,2025,15.0,,THPT
DVH,Trường Đại Học Văn Hiến,7510605,Logistics và Quản lý chuỗi cung ứng,D01,2025,15.0,,THPT
DVH,Đại học Văn Hiến,7510605,Logistics và Quản lý chuỗi cung ứng,D01,2025,15.0,,THPT
DVH,Đại học Văn Hiến,7520207,Ngành Kỹ thuật điện tử truyền thông,A00,2025,15.0,,THPT
DVH,Trường Đại Học Văn Hiến,7520207,Kỹ thuật Điện tử - Viễn thông,A00,2025,15.0,,THPT
DVH,Trường Đại Học Văn Hiến,7520207,Kỹ thuật Điện tử - Viễn thông,A01,2025,15.0,,THPT
DVH,Đại học Văn Hiến,7520207,Ngành Kỹ thuật điện tử truyền thông,A01,2025,15.0,,THPT
DVH,Trường Đại Học Văn Hiến,7520207,Kỹ thuật Điện tử - Viễn thông,D01,2025,15.0,,THPT
DVH,Đại học Văn Hiến,7520207,Ngành Kỹ thuật điện tử truyền thông,D01,2025,15.0,,THPT
DVH,Đại học Văn Hiến,7520320,Ngành Kỹ thuật môi trường,A00,2025,15.0,,THPT
DVH,Trường Đại Học Văn Hiến,7520320,Kỹ thuật môi trường,A00,2025,15.0,,THPT
DVH,Trường Đại Học Văn Hiến,7520320,Kỹ thuật môi trường,A01,2025,15.0,,THPT
DVH,Đại học Văn Hiến,7520320,Ngành Kỹ thuật môi trường,A01,2025,15.0,,THPT
DVH,Trường Đại Học Văn Hiến,7520320,Kỹ thuật môi trường,D01,2025,15.0,,THPT
DVH,Đại học Văn Hiến,7520320,Ngành Kỹ thuật môi trường,D01,2025,15.0,,THPT
DVH,Đại học Văn Hiến,7540101,Công nghệ thực phẩm,A00,2025,15.0,,THPT
DVH,Trường Đại Học Văn Hiến,7540101,Công nghệ thực phẩm,A00,2025,15.0,,THPT
DVH,Trường Đại Học Văn Hiến,7540101,Công nghệ thực phẩm,A01,2025,15.0,,THPT
DVH,Đại học Văn Hiến,7540101,Công nghệ thực phẩm,A01,2025,15.0,,THPT
DVH,Trường Đại Học Văn Hiến,7540101,Công nghệ thực phẩm,D01,2025,15.0,,THPT
DVH,Đại học Văn Hiến,7540101,Công nghệ thực phẩm,D01,2025,15.0,,THPT
DVH,Đại học Văn Hiến,7580201,Kỹ thuật xây dựng,A00,2025,15.0,,THPT
DVH,Trường Đại Học Văn Hiến,7580201,Kỹ thuật xây dựng,A00,2025,15.0,,THPT
DVH,Trường Đại Học Văn Hiến,7580201,Kỹ thuật xây dựng,A01,2025,15.0,,THPT
DVH,Đại học Văn Hiến,7580201,Kỹ thuật xây dựng,A01,2025,15.0,,THPT
DVH,Trường Đại Học Văn Hiến,7580201,Kỹ thuật xây dựng,D01,2025,15.0,,THPT
DVH,Đại học Văn Hiến,7580201,Kỹ thuật xây dựng,D01,2025,15.0,,THPT
DVH,Đại học Văn Hiến,7720301,Điều dưỡng,B00,2025,17.0,,THPT
DVH,Trường Đại Học Văn Hiến,7720301,Điều dưỡng,B00,2025,17.0,,THPT
DVH,Trường Đại Học Văn Hiến,7720301,Điều dưỡng,D01,2025,17.0,,THPT
DVH,Đại học Văn Hiến,7720301,Điều dưỡng,D01,2025,17.0,,THPT
DVH,Trường Đại Học Văn Hiến,7720301,Điều dưỡng,D07,2025,17.0,,THPT
DVH,Đại học Văn Hiến,7720301,Điều dưỡng,D07,2025,17.0,,THPT
DVH,Đại học Văn Hiến,7810101,Du lịch,A00,2025,15.0,,THPT
DVH,Trường Đại Học Văn Hiến,7810101,Du lịch,A00,2025,15.0,,THPT
DVH,Trường Đại Học Văn Hiến,7810101,Du lịch,C00,2025,15.0,,THPT
DVH,Đại học Văn Hiến,7810101,Du lịch,C00,2025,15.0,,THPT
DVH,Trường Đại Học Văn Hiến,7810101,Du lịch,D01,2025,15.0,,THPT
DVH,Đại học Văn Hiến,7810101,Du lịch,D01,2025,15.0,,THPT
DVH,Đại học Văn Hiến,7810103,Quản trị dịch vụ du lịch và lữ hành,A00,2025,15.0,,THPT
DVH,Trường Đại Học Văn Hiến,7810103,Quản trị dịch vụ du lịch và lữ hành,A00,2025,15.0,,THPT
DVH,Trường Đại Học Văn Hiến,7810103,Quản trị dịch vụ du lịch và lữ hành,C00,2025,15.0,,THPT
DVH,Đại học Văn Hiến,7810103,Quản trị dịch vụ du lịch và lữ hành,C00,2025,15.0,,THPT
DVH,Trường Đại Học Văn Hiến,7810103,Quản trị dịch vụ du lịch và lữ hành,D01,2025,15.0,,THPT
DVH,Đại học Văn Hiến,7810103,Quản trị dịch vụ du lịch và lữ hành,D01,2025,15.0,,THPT
DVH,Đại học Văn Hiến,7810201,Quản trị khách sạn,A00,2025,15.0,,THPT
DVH,Trường Đại Học Văn Hiến,7810201,Quản trị khách sạn,A00,2025,15.0,,THPT
DVH,Trường Đại Học Văn Hiến,7810201,Quản trị khách sạn,C00,2025,15.0,,THPT
DVH,Đại học Văn Hiến,7810201,Quản trị khách sạn,C00,2025,15.0,,THPT
DVH,Trường Đại Học Văn Hiến,7810201,Quản trị khách sạn,D01,2025,15.0,,THPT
DVH,Đại học Văn Hiến,7810201,Quản trị khách sạn,D01,2025,15.0,,THPT
DVH,Đại học Văn Hiến,7810202,Quản trị nhà hàng và dịch vụ ăn uống,A00,2025,15.0,,THPT
DVH,Trường Đại Học Văn Hiến,7810202,Quản trị nhà hàng và dịch vụ ăn uống,A00,2025,15.0,,THPT
DVH,Trường Đại Học Văn Hiến,7810202,Quản trị nhà hàng và dịch vụ ăn uống,C00,2025,15.0,,THPT
DVH,Đại học Văn Hiến,7810202,Quản trị nhà hàng và dịch vụ ăn uống,C00,2025,15.0,,THPT
DVH,Trường Đại Học Văn Hiến,7810202,Quản trị nhà hàng và dịch vụ ăn uống,D01,2025,15.0,,THPT
DVH,Đại học Văn Hiến,7810202,Quản trị nhà hàng và dịch vụ ăn uống,D01,2025,15.0,,THPT
DVL,Đại học Văn Lang,7210302,Công nghệ điện ảnh. truyền hình,A00,2025,15.0,,THPT
DVL,Trường Đại Học Văn Lang,7210302,"Công nghệ điện ảnh, truyền hình",A00,2025,15.0,,THPT
DVL,Trường Đại Học Văn Lang,7210302,"Công nghệ điện ảnh, truyền hình",A01,2025,15.0,,THPT
DVL,Đại học Văn Lang,7210302,Công nghệ điện ảnh. truyền hình,A01,2025,15.0,,THPT
DVL,Trường Đại Học Văn Lang,7210302,"Công nghệ điện ảnh, truyền hình",C00,2025,15.0,,THPT
DVL,Đại học Văn Lang,7210302,Công nghệ điện ảnh. truyền hình,C00,2025,15.0,,THPT
DVL,Trường Đại Học Văn Lang,7210302,"Công nghệ điện ảnh, truyền hình",D01,2025,15.0,,THPT
DVL,Đại học Văn Lang,7210302,Công nghệ điện ảnh. truyền hình,D01,2025,15.0,,THPT
DVL,Trường Đại Học Văn Lang,7220201,Ngôn ngữ Anh,D01,2025,15.0,,THPT
DVL,Trường Đại Học Văn Lang,7220204,Ngôn ngữ Trung Quốc,D01,2025,15.0,,THPT
DVL,Trường Đại Học Văn Lang,7220210,Ngôn ngữ Hàn Quốc,D01,2025,15.0,,THPT
DVL,Đại học Văn Lang,7229030,Văn học,C00,2025,15.0,,THPT
DVL,Trường Đại Học Văn Lang,7229030,Văn học,C00,2025,15.0,,THPT
DVL,Trường Đại Học Văn Lang,7229030,Văn học,D01,2025,15.0,,THPT
DVL,Đại học Văn Lang,7229030,Văn học,D01,2025,15.0,,THPT
DVL,Đại học Văn Lang,7310106,Kinh tế quốc tế,A00,2025,15.0,,THPT
DVL,Trường Đại Học Văn Lang,7310106,Kinh tế quốc tế,A00,2025,15.0,,THPT
DVL,Trường Đại Học Văn Lang,7310106,Kinh tế quốc tế,A01,2025,15.0,,THPT
DVL,Đại học Văn Lang,7310106,Kinh tế quốc tế,A01,2025,15.0,,THPT
DVL,Trường Đại Học Văn Lang,7310106,Kinh tế quốc tế,D01,2025,15.0,,THPT
DVL,Đại học Văn Lang,7310106,Kinh tế quốc tế,D01,2025,15.0,,THPT
DVL,Trường Đại Học Văn Lang,7310106,Kinh tế quốc tế,D07,2025,15.0,,THPT
DVL,Đại học Văn Lang,7310106,Kinh tế quốc tế,D07,2025,15.0,,THPT
DVL,Trường Đại Học Văn Lang,7310106,Kinh tế quốc tế,D10,2025,15.0,,THPT
DVL,Đại học Văn Lang,7310106,Kinh tế quốc tế,D10,2025,15.0,,THPT
DVL,Trường Đại Học Văn Lang,7310401,Tâm lý học,D01,2025,15.0,,THPT
DVL,Đại học Văn Lang,7310401,Tâm lý học,D01,2025,15.0,,THPT
DVL,Đại học Văn Lang,7310608,Đông phương học,C00,2025,15.0,,THPT
DVL,Trường Đại Học Văn Lang,7310608,Đông phương học,C00,2025,15.0,,THPT
DVL,Trường Đại Học Văn Lang,7310608,Đông phương học,D01,2025,15.0,,THPT
DVL,Đại học Văn Lang,7310608,Đông phương học,D01,2025,15.0,,THPT
DVL,Đại học Văn Lang,7320104,Truyền thông đa phương tiện,A00,2025,15.0,,THPT
DVL,Trường Đại Học Văn Lang,7320104,Truyền thông đa phương tiện,A00,2025,15.0,,THPT
DVL,Trường Đại Học Văn Lang,7320104,Truyền thông đa phương tiện,A01,2025,15.0,,THPT
DVL,Đại học Văn Lang,7320104,Truyền thông đa phương tiện,A01,2025,15.0,,THPT
DVL,Trường Đại Học Văn Lang,7320104,Truyền thông đa phương tiện,C00,2025,15.0,,THPT
DVL,Đại học Văn Lang,7320104,Truyền thông đa phương tiện,C00,2025,15.0,,THPT
DVL,Trường Đại Học Văn Lang,7320104,Truyền thông đa phương tiện,D01,2025,15.0,,THPT
DVL,Đại học Văn Lang,7320104,Truyền thông đa phương tiện,D01,2025,15.0,,THPT
DVL,Đại học Văn Lang,7320106,Công nghệ truyền thông,A00,2025,15.0,,THPT
DVL,Trường Đại Học Văn Lang,7320106,Công nghệ truyền thông,A00,2025,15.0,,THPT
DVL,Trường Đại Học Văn Lang,7320106,Công nghệ truyền thông,A01,2025,15.0,,THPT
DVL,Đại học Văn Lang,7320106,Công nghệ truyền thông,A01,2025,15.0,,THPT
DVL,Trường Đại Học Văn Lang,7320106,Công nghệ truyền thông,C00,2025,15.0,,THPT
DVL,Đại học Văn Lang,7320106,Công nghệ truyền thông,C00,2025,15.0,,THPT
DVL,Trường Đại Học Văn Lang,7320106,Công nghệ truyền thông,D01,2025,15.0,,THPT
DVL,Đại học Văn Lang,7320106,Công nghệ truyền thông,D01,2025,15.0,,THPT
DVL,Đại học Văn Lang,7320108,Quan hệ công chúng,A00,2025,15.0,,THPT
DVL,Trường Đại Học Văn Lang,7320108,Quan hệ công chúng,A00,2025,15.0,,THPT
DVL,Trường Đại Học Văn Lang,7320108,Quan hệ công chúng,A01,2025,15.0,,THPT
DVL,Đại học Văn Lang,7320108,Quan hệ công chúng,A01,2025,15.0,,THPT
DVL,Trường Đại Học Văn Lang,7320108,Quan hệ công chúng,C00,2025,15.0,,THPT
DVL,Đại học Văn Lang,7320108,Quan hệ công chúng,C00,2025,15.0,,THPT
DVL,Trường Đại Học Văn Lang,7320108,Quan hệ công chúng,D01,2025,15.0,,THPT
DVL,Đại học Văn Lang,7320108,Quan hệ công chúng,D01,2025,15.0,,THPT
DVL,Đại học Văn Lang,7340101,Quản trị Kinh doanh,A00,2025,15.0,,THPT
DVL,Trường Đại Học Văn Lang,7340101,Quản trị kinh doanh,A00,2025,15.0,,THPT
DVL,Trường Đại Học Văn Lang,7340101,Quản trị kinh doanh,A01,2025,15.0,,THPT
DVL,Đại học Văn Lang,7340101,Quản trị Kinh doanh,A01,2025,15.0,,THPT
DVL,Trường Đại Học Văn Lang,7340101,Quản trị kinh doanh,D01,2025,15.0,,THPT
DVL,Đại học Văn Lang,7340101,Quản trị Kinh doanh,D01,2025,15.0,,THPT
DVL,Trường Đại Học Văn Lang,7340101,Quản trị kinh doanh,D07,2025,15.0,,THPT
DVL,Đại học Văn Lang,7340101,Quản trị Kinh doanh,D07,2025,15.0,,THPT
DVL,Trường Đại Học Văn Lang,7340101,Quản trị kinh doanh,D10,2025,15.0,,THPT
DVL,Đại học Văn Lang,7340101,Quản trị Kinh doanh,D10,2025,15.0,,THPT
DVL,Đại học Văn Lang,7340115,Marketing,A00,2025,15.0,,THPT
DVL,Trường Đại Học Văn Lang,7340115,Marketing,A00,2025,15.0,,THPT
DVL,Trường Đại Học Văn Lang,7340115,Marketing,A01,2025,15.0,,THPT
DVL,Đại học Văn Lang,7340115,Marketing,A01,2025,15.0,,THPT
DVL,Trường Đại Học Văn Lang,7340115,Marketing,D01,2025,15.0,,THPT
DVL,Đại học Văn Lang,7340115,Marketing,D01,2025,15.0,,THPT
DVL,Trường Đại Học Văn Lang,7340115,Marketing,D07,2025,15.0,,THPT
DVL,Đại học Văn Lang,7340115,Marketing,D07,2025,15.0,,THPT
DVL,Trường Đại Học Văn Lang,7340115,Marketing,D10,2025,15.0,,THPT
DVL,Đại học Văn Lang,7340115,Marketing,D10,2025,15.0,,THPT
DVL,Đại học Văn Lang,7340116,Bất động sản,A00,2025,15.0,,THPT
DVL,Trường Đại Học Văn Lang,7340116,Bất động sản,A00,2025,15.0,,THPT
DVL,Trường Đại Học Văn Lang,7340116,Bất động sản,A01,2025,15.0,,THPT
DVL,Đại học Văn Lang,7340116,Bất động sản,A01,2025,15.0,,THPT
DVL,Trường Đại Học Văn Lang,7340116,Bất động sản,D01,2025,15.0,,THPT
DVL,Đại học Văn Lang,7340116,Bất động sản,D01,2025,15.0,,THPT
DVL,Trường Đại Học Văn Lang,7340116,Bất động sản,D07,2025,15.0,,THPT
DVL,Đại học Văn Lang,7340116,Bất động sản,D07,2025,15.0,,THPT
DVL,Trường Đại Học Văn Lang,7340116,Bất động sản,D10,2025,15.0,,THPT
DVL,Đại học Văn Lang,7340116,Bất động sản,D10,2025,15.0,,THPT
DVL,Đại học Văn Lang,7340120,Ngành Kinh doanh quốc tế,A00,2025,15.0,,THPT
DVL,Trường Đại Học Văn Lang,7340120,Kinh doanh quốc tế,A00,2025,15.0,,THPT
DVL,Trường Đại Học Văn Lang,7340120,Kinh doanh quốc tế,A01,2025,15.0,,THPT
DVL,Đại học Văn Lang,7340120,Ngành Kinh doanh quốc tế,A01,2025,15.0,,THPT
DVL,Trường Đại Học Văn Lang,7340120,Kinh doanh quốc tế,D01,2025,15.0,,THPT
DVL,Đại học Văn Lang,7340120,Ngành Kinh doanh quốc tế,D01,2025,15.0,,THPT
DVL,Trường Đại Học Văn Lang,7340120,Kinh doanh quốc tế,D07,2025,15.0,,THPT
DVL,Đại học Văn Lang,7340120,Ngành Kinh doanh quốc tế,D07,2025,15.0,,THPT
DVL,Trường Đại Học Văn Lang,7340120,Kinh doanh quốc tế,D10,2025,15.0,,THPT
DVL,Đại học Văn Lang,7340120,Ngành Kinh doanh quốc tế,D10,2025,15.0,,THPT
DVL,Đại học Văn Lang,7340121,Kinh doanh thương mại,A00,2025,15.0,,THPT
DVL,Trường Đại Học Văn Lang,7340121,Kinh doanh thương mại,A00,2025,15.0,,THPT
DVL,Trường Đại Học Văn Lang,7340121,Kinh doanh thương mại,A01,2025,15.0,,THPT
DVL,Đại học Văn Lang,7340121,Kinh doanh thương mại,A01,2025,15.0,,THPT
DVL,Trường Đại Học Văn Lang,7340121,Kinh doanh thương mại,D01,2025,15.0,,THPT
DVL,Đại học Văn Lang,7340121,Kinh doanh thương mại,D01,2025,15.0,,THPT
DVL,Trường Đại Học Văn Lang,7340121,Kinh doanh thương mại,D07,2025,15.0,,THPT
DVL,Đại học Văn Lang,7340121,Kinh doanh thương mại,D07,2025,15.0,,THPT
DVL,Trường Đại Học Văn Lang,7340121,Kinh doanh thương mại,D10,2025,15.0,,THPT
DVL,Đại học Văn Lang,7340121,Kinh doanh thương mại,D10,2025,15.0,,THPT
DVL,Đại học Văn Lang,7340122,Thương mại điện tử,A00,2025,15.0,,THPT
DVL,Trường Đại Học Văn Lang,7340122,Thương mại điện tử,A00,2025,15.0,,THPT
DVL,Trường Đại Học Văn Lang,7340122,Thương mại điện tử,A01,2025,15.0,,THPT
DVL,Đại học Văn Lang,7340122,Thương mại điện tử,A01,2025,15.0,,THPT
DVL,Trường Đại Học Văn Lang,7340122,Thương mại điện tử,D01,2025,15.0,,THPT
DVL,Đại học Văn Lang,7340122,Thương mại điện tử,D01,2025,15.0,,THPT
DVL,Trường Đại Học Văn Lang,7340122,Thương mại điện tử,D07,2025,15.0,,THPT
DVL,Đại học Văn Lang,7340122,Thương mại điện tử,D07,2025,15.0,,THPT
DVL,Trường Đại Học Văn Lang,7340122,Thương mại điện tử,D10,2025,15.0,,THPT
DVL,Đại học Văn Lang,7340122,Thương mại điện tử,D10,2025,15.0,,THPT
DVL,Đại học Văn Lang,7340201,Tài chính – Ngân hàng,A00,2025,15.0,,THPT
DVL,Trường Đại Học Văn Lang,7340201,Tài chính - Ngân hàng,A00,2025,15.0,,THPT
DVL,Trường Đại Học Văn Lang,7340201,Tài chính - Ngân hàng,A01,2025,15.0,,THPT
DVL,Đại học Văn Lang,7340201,Tài chính – Ngân hàng,A01,2025,15.0,,THPT
DVL,Trường Đại Học Văn Lang,7340201,Tài chính - Ngân hàng,D01,2025,15.0,,THPT
DVL,Đại học Văn Lang,7340201,Tài chính – Ngân hàng,D01,2025,15.0,,THPT
DVL,Trường Đại Học Văn Lang,7340201,Tài chính - Ngân hàng,D07,2025,15.0,,THPT
DVL,Đại học Văn Lang,7340201,Tài chính – Ngân hàng,D07,2025,15.0,,THPT
DVL,Trường Đại Học Văn Lang,7340201,Tài chính - Ngân hàng,D10,2025,15.0,,THPT
DVL,Đại học Văn Lang,7340201,Tài chính – Ngân hàng,D10,2025,15.0,,THPT
DVL,Đại học Văn Lang,7340205,Công nghệ tài chính,A00,2025,15.0,,THPT
DVL,Trường Đại Học Văn Lang,7340205,Công nghệ tài chính,A00,2025,15.0,,THPT
DVL,Trường Đại Học Văn Lang,7340205,Công nghệ tài chính,A01,2025,15.0,,THPT
DVL,Đại học Văn Lang,7340205,Công nghệ tài chính,A01,2025,15.0,,THPT
DVL,Trường Đại Học Văn Lang,7340205,Công nghệ tài chính,D01,2025,15.0,,THPT
DVL,Đại học Văn Lang,7340205,Công nghệ tài chính,D01,2025,15.0,,THPT
DVL,Trường Đại Học Văn Lang,7340205,Công nghệ tài chính,D07,2025,15.0,,THPT
DVL,Đại học Văn Lang,7340205,Công nghệ tài chính,D07,2025,15.0,,THPT
DVL,Trường Đại Học Văn Lang,7340205,Công nghệ tài chính,D10,2025,15.0,,THPT
DVL,Đại học Văn Lang,7340205,Công nghệ tài chính,D10,2025,15.0,,THPT
DVL,Đại học Văn Lang,7340301,Kế toán,A00,2025,15.0,,THPT
DVL,Trường Đại Học Văn Lang,7340301,Kế toán,A00,2025,15.0,,THPT
DVL,Trường Đại Học Văn Lang,7340301,Kế toán,A01,2025,15.0,,THPT
DVL,Đại học Văn Lang,7340301,Kế toán,A01,2025,15.0,,THPT
DVL,Trường Đại Học Văn Lang,7340301,Kế toán,D01,2025,15.0,,THPT
DVL,Đại học Văn Lang,7340301,Kế toán,D01,2025,15.0,,THPT
DVL,Trường Đại Học Văn Lang,7340301,Kế toán,D07,2025,15.0,,THPT
DVL,Đại học Văn Lang,7340301,Kế toán,D07,2025,15.0,,THPT
DVL,Trường Đại Học Văn Lang,7340301,Kế toán,D10,2025,15.0,,THPT
DVL,Đại học Văn Lang,7340301,Kế toán,D10,2025,15.0,,THPT
DVL,Đại học Văn Lang,7380101,Ngành Luật,C00,2025,15.0,,THPT
DVL,Trường Đại Học Văn Lang,7380101,Luật,C00,2025,15.0,,THPT
DVL,Trường Đại Học Văn Lang,7380101,Luật,D01,2025,15.0,,THPT
DVL,Đại học Văn Lang,7380101,Ngành Luật,D01,2025,15.0,,THPT
DVL,Trường Đại Học Văn Lang,7380101,Luật,D09,2025,15.0,,THPT
DVL,Đại học Văn Lang,7380101,Ngành Luật,D09,2025,15.0,,THPT
DVL,Trường Đại Học Văn Lang,7380101,Luật,D10,2025,15.0,,THPT
DVL,Đại học Văn Lang,7380101,Ngành Luật,D10,2025,15.0,,THPT
DVL,Đại học Văn Lang,7380107,Luật kinh tế,C00,2025,15.0,,THPT
DVL,Trường Đại Học Văn Lang,7380107,Luật kinh tế,C00,2025,15.0,,THPT
DVL,Trường Đại Học Văn Lang,7380107,Luật kinh tế,D01,2025,15.0,,THPT
DVL,Đại học Văn Lang,7380107,Luật kinh tế,D01,2025,15.0,,THPT
DVL,Trường Đại Học Văn Lang,7380107,Luật kinh tế,D09,2025,15.0,,THPT
DVL,Đại học Văn Lang,7380107,Luật kinh tế,D09,2025,15.0,,THPT
DVL,Trường Đại Học Văn Lang,7380107,Luật kinh tế,D10,2025,15.0,,THPT
DVL,Đại học Văn Lang,7380107,Luật kinh tế,D10,2025,15.0,,THPT
DVL,Trường Đại Học Văn Lang,7420201,Công nghệ sinh học,B00,2025,15.0,,THPT
DVL,Đại học Văn Lang,7420201,Công nghệ sinh học,B00,2025,15.0,,THPT
DVL,Trường Đại Học Văn Lang,7420205,Công nghệ sinh học y dược,B00,2025,15.0,,THPT
DVL,Đại học Văn Lang,7420205,Công nghệ sinh học y dược,B00,2025,15.0,,THPT
DVL,Trường Đại Học Văn Lang,7420207,Công nghệ thẩm mỹ,B00,2025,15.0,,THPT
DVL,Đại học Văn Lang,7420207,Công nghệ thẩm mỹ,B00,2025,15.0,,THPT
DVL,Đại học Văn Lang,7460108,Khoa học dữ liệu (Data Science),A00,2025,15.0,,THPT
DVL,Trường Đại Học Văn Lang,7460108,Khoa học dữ liệu,A00,2025,15.0,,THPT
DVL,Trường Đại Học Văn Lang,7460108,Khoa học dữ liệu,A01,2025,15.0,,THPT
DVL,Đại học Văn Lang,7460108,Khoa học dữ liệu (Data Science),A01,2025,15.0,,THPT
DVL,Trường Đại Học Văn Lang,7460108,Khoa học dữ liệu,D01,2025,15.0,,THPT
DVL,Đại học Văn Lang,7460108,Khoa học dữ liệu (Data Science),D01,2025,15.0,,THPT
DVL,Đại học Văn Lang,7480102,Mạng máy tính và truyền thông dữ liệu,A00,2025,15.0,,THPT
DVL,Trường Đại Học Văn Lang,7480102,Mạng máy tính và truyền thông dữ liệu,A00,2025,15.0,,THPT
DVL,Trường Đại Học Văn Lang,7480102,Mạng máy tính và truyền thông dữ liệu,A01,2025,15.0,,THPT
DVL,Đại học Văn Lang,7480102,Mạng máy tính và truyền thông dữ liệu,A01,2025,15.0,,THPT
DVL,Trường Đại Học Văn Lang,7480102,Mạng máy tính và truyền thông dữ liệu,D01,2025,15.0,,THPT
DVL,Đại học Văn Lang,7480102,Mạng máy tính và truyền thông dữ liệu,D01,2025,15.0,,THPT
DVL,Đại học Văn Lang,7480103,Kỹ thuật phần mềm,A00,2025,15.0,,THPT
DVL,Trường Đại Học Văn Lang,7480103,Kỹ thuật phần mềm,A00,2025,15.0,,THPT
DVL,Trường Đại Học Văn Lang,7480103,Kỹ thuật phần mềm,A01,2025,15.0,,THPT
DVL,Đại học Văn Lang,7480103,Kỹ thuật phần mềm,A01,2025,15.0,,THPT
DVL,Trường Đại Học Văn Lang,7480103,Kỹ thuật phần mềm,D01,2025,15.0,,THPT
DVL,Đại học Văn Lang,7480103,Kỹ thuật phần mềm,D01,2025,15.0,,THPT
DVL,Đại học Văn Lang,7480104,Hệ thống thông tin,A00,2025,15.0,,THPT
DVL,Trường Đại Học Văn Lang,7480104,Hệ thống thông tin,A00,2025,15.0,,THPT
DVL,Trường Đại Học Văn Lang,7480104,Hệ thống thông tin,A01,2025,15.0,,THPT
DVL,Đại học Văn Lang,7480104,Hệ thống thông tin,A01,2025,15.0,,THPT
DVL,Trường Đại Học Văn Lang,7480104,Hệ thống thông tin,D01,2025,15.0,,THPT
DVL,Đại học Văn Lang,7480104,Hệ thống thông tin,D01,2025,15.0,,THPT
DVL,Đại học Văn Lang,7480201,Công nghệ thông tin,A00,2025,15.0,,THPT
DVL,Trường Đại Học Văn Lang,7480201,Công nghệ thông tin,A00,2025,15.0,,THPT
DVL,Trường Đại Học Văn Lang,7480201,Công nghệ thông tin,A01,2025,15.0,,THPT
DVL,Đại học Văn Lang,7480201,Công nghệ thông tin,A01,2025,15.0,,THPT
DVL,Trường Đại Học Văn Lang,7480201,Công nghệ thông tin,D01,2025,15.0,,THPT
DVL,Đại học Văn Lang,7480201,Công nghệ thông tin,D01,2025,15.0,,THPT
DVL,Đại học Văn Lang,7510205,Công nghệ kỹ thuật ô tô,A00,2025,15.0,,THPT
DVL,Trường Đại Học Văn Lang,7510205,Công nghệ kỹ thuật ô tô,A00,2025,15.0,,THPT
DVL,Trường Đại Học Văn Lang,7510205,Công nghệ kỹ thuật ô tô,A01,2025,15.0,,THPT
DVL,Đại học Văn Lang,7510205,Công nghệ kỹ thuật ô tô,A01,2025,15.0,,THPT
DVL,Trường Đại Học Văn Lang,7510205,Công nghệ kỹ thuật ô tô,D01,2025,15.0,,THPT
DVL,Đại học Văn Lang,7510205,Công nghệ kỹ thuật ô tô,D01,2025,15.0,,THPT
DVL,Đại học Văn Lang,7510301,"Công nghệ kỹ thuật điện, điện tử",A00,2025,15.0,,THPT
DVL,Trường Đại Học Văn Lang,7510301,"Công nghệ kỹ thuật điện, điện tử",A00,2025,15.0,,THPT
DVL,Trường Đại Học Văn Lang,7510301,"Công nghệ kỹ thuật điện, điện tử",A01,2025,15.0,,THPT
DVL,Đại học Văn Lang,7510301,"Công nghệ kỹ thuật điện, điện tử",A01,2025,15.0,,THPT
DVL,Trường Đại Học Văn Lang,7510301,"Công nghệ kỹ thuật điện, điện tử",D01,2025,15.0,,THPT
DVL,Đại học Văn Lang,7510301,"Công nghệ kỹ thuật điện, điện tử",D01,2025,15.0,,THPT
DVL,Đại học Văn Lang,7510406,Công nghệ kỹ thuật Môi trường,A00,2025,15.0,,THPT
DVL,Trường Đại Học Văn Lang,7510406,Công nghệ kỹ thuật môi trường,A00,2025,15.0,,THPT
DVL,Trường Đại Học Văn Lang,7510406,Công nghệ kỹ thuật môi trường,A01,2025,15.0,,THPT
DVL,Đại học Văn Lang,7510406,Công nghệ kỹ thuật Môi trường,A01,2025,15.0,,THPT
DVL,Trường Đại Học Văn Lang,7510406,Công nghệ kỹ thuật môi trường,B00,2025,15.0,,THPT
DVL,Đại học Văn Lang,7510406,Công nghệ kỹ thuật Môi trường,B00,2025,15.0,,THPT
DVL,Trường Đại Học Văn Lang,7510406,Công nghệ kỹ thuật môi trường,D01,2025,15.0,,THPT
DVL,Đại học Văn Lang,7510406,Công nghệ kỹ thuật Môi trường,D01,2025,15.0,,THPT
DVL,Trường Đại Học Văn Lang,7510406,Công nghệ kỹ thuật môi trường,D07,2025,15.0,,THPT
DVL,Đại học Văn Lang,7510406,Công nghệ kỹ thuật Môi trường,D07,2025,15.0,,THPT
DVL,Đại học Văn Lang,7510605,Logistics và Quản lý chuỗi cung ứng,A00,2025,15.0,,THPT
DVL,Trường Đại Học Văn Lang,7510605,Logistics và quản lý chuỗi cung ứng,A00,2025,15.0,,THPT
DVL,Trường Đại Học Văn Lang,7510605,Logistics và quản lý chuỗi cung ứng,A01,2025,15.0,,THPT
DVL,Đại học Văn Lang,7510605,Logistics và Quản lý chuỗi cung ứng,A01,2025,15.0,,THPT
DVL,Trường Đại Học Văn Lang,7510605,Logistics và quản lý chuỗi cung ứng,D01,2025,15.0,,THPT
DVL,Đại học Văn Lang,7510605,Logistics và Quản lý chuỗi cung ứng,D01,2025,15.0,,THPT
DVL,Đại học Văn Lang,7520114,Kỹ thuật cơ điện tử,A00,2025,15.0,,THPT
DVL,Trường Đại Học Văn Lang,7520114,Kỹ thuật cơ điện tử,A00,2025,15.0,,THPT
DVL,Trường Đại Học Văn Lang,7520114,Kỹ thuật cơ điện tử,A01,2025,15.0,,THPT
DVL,Đại học Văn Lang,7520114,Kỹ thuật cơ điện tử,A01,2025,15.0,,THPT
DVL,Trường Đại Học Văn Lang,7520114,Kỹ thuật cơ điện tử,D01,2025,15.0,,THPT
DVL,Đại học Văn Lang,7520114,Kỹ thuật cơ điện tử,D01,2025,15.0,,THPT
DVL,Đại học Văn Lang,7520115,"Kỹ thuật nhiệt (3 chuyên ngành: Kỹ thuật điện lạnh; Máy lạnh, điều hòa không khí và thông gió; Máy lạnh và thiết bị thực phẩm)",A00,2025,15.0,,THPT
DVL,Trường Đại Học Văn Lang,7520115,Kỹ thuật nhiệt,A00,2025,15.0,,THPT
DVL,Trường Đại Học Văn Lang,7520115,Kỹ thuật nhiệt,A01,2025,15.0,,THPT
DVL,Đại học Văn Lang,7520115,"Kỹ thuật nhiệt (3 chuyên ngành: Kỹ thuật điện lạnh; Máy lạnh, điều hòa không khí và thông gió; Máy lạnh và thiết bị thực phẩm)",A01,2025,15.0,,THPT
DVL,Trường Đại Học Văn Lang,7520115,Kỹ thuật nhiệt,D01,2025,15.0,,THPT
DVL,Đại học Văn Lang,7520115,"Kỹ thuật nhiệt (3 chuyên ngành: Kỹ thuật điện lạnh; Máy lạnh, điều hòa không khí và thông gió; Máy lạnh và thiết bị thực phẩm)",D01,2025,15.0,,THPT
DVL,Đại học Văn Lang,7520120,Kỹ thuật hàng không,A00,2025,15.0,,THPT
DVL,Trường Đại Học Văn Lang,7520120,Kỹ thuật hàng không,A00,2025,15.0,,THPT
DVL,Trường Đại Học Văn Lang,7520120,Kỹ thuật hàng không,A01,2025,15.0,,THPT
DVL,Đại học Văn Lang,7520120,Kỹ thuật hàng không,A01,2025,15.0,,THPT
DVL,Trường Đại Học Văn Lang,7520120,Kỹ thuật hàng không,D01,2025,15.0,,THPT
DVL,Đại học Văn Lang,7520120,Kỹ thuật hàng không,D01,2025,15.0,,THPT
DVL,Trường Đại Học Văn Lang,7540101,Công nghệ thực phẩm,B00,2025,15.0,,THPT
DVL,Đại học Văn Lang,7540101,Công nghệ thực phẩm,B00,2025,15.0,,THPT
DVL,Đại học Văn Lang,7580201,Kỹ thuật xây dựng,A00,2025,15.0,,THPT
DVL,Trường Đại Học Văn Lang,7580201,Kỹ thuật xây dựng,A00,2025,15.0,,THPT
DVL,Trường Đại Học Văn Lang,7580201,Kỹ thuật xây dựng,A01,2025,15.0,,THPT
DVL,Đại học Văn Lang,7580201,Kỹ thuật xây dựng,A01,2025,15.0,,THPT
DVL,Trường Đại Học Văn Lang,7580201,Kỹ thuật xây dựng,D01,2025,15.0,,THPT
DVL,Đại học Văn Lang,7580201,Kỹ thuật xây dựng,D01,2025,15.0,,THPT
DVL,Đại học Văn Lang,7580302,Quản lý xây dựng,A00,2025,15.0,,THPT
DVL,Trường Đại Học Văn Lang,7580302,Quản lý xây dựng,A00,2025,15.0,,THPT
DVL,Trường Đại Học Văn Lang,7580302,Quản lý xây dựng,A01,2025,15.0,,THPT
DVL,Đại học Văn Lang,7580302,Quản lý xây dựng,A01,2025,15.0,,THPT
DVL,Trường Đại Học Văn Lang,7580302,Quản lý xây dựng,D01,2025,15.0,,THPT
DVL,Đại học Văn Lang,7580302,Quản lý xây dựng,D01,2025,15.0,,THPT
DVL,Đại học Văn Lang,7720101,Y khoa,A00,2025,20.5,,THPT
DVL,Trường Đại Học Văn Lang,7720101,Y khoa,A00,2025,20.5,,THPT
DVL,Trường Đại Học Văn Lang,7720101,Y khoa,B00,2025,20.5,,THPT
DVL,Đại học Văn Lang,7720101,Y khoa,B00,2025,20.5,,THPT
DVL,Trường Đại Học Văn Lang,7720101,Y khoa,D07,2025,20.5,,THPT
DVL,Đại học Văn Lang,7720101,Y khoa,D07,2025,20.5,,THPT
DVL,Đại học Văn Lang,7720201,Dược học,A00,2025,19.0,,THPT
DVL,Trường Đại Học Văn Lang,7720201,Dược học,A00,2025,19.0,,THPT
DVL,Trường Đại Học Văn Lang,7720201,Dược học,B00,2025,19.0,,THPT
DVL,Đại học Văn Lang,7720201,Dược học,B00,2025,19.0,,THPT
DVL,Trường Đại Học Văn Lang,7720201,Dược học,D07,2025,19.0,,THPT
DVL,Đại học Văn Lang,7720201,Dược học,D07,2025,19.0,,THPT
DVL,Đại học Văn Lang,7720301,Điều dưỡng,A00,2025,17.0,,THPT
DVL,Trường Đại Học Văn Lang,7720301,Điều dưỡng,A00,2025,17.0,,THPT
DVL,Trường Đại Học Văn Lang,7720301,Điều dưỡng,B00,2025,17.0,,THPT
DVL,Đại học Văn Lang,7720301,Điều dưỡng,B00,2025,17.0,,THPT
DVL,Trường Đại Học Văn Lang,7720301,Điều dưỡng,D07,2025,17.0,,THPT
DVL,Đại học Văn Lang,7720301,Điều dưỡng,D07,2025,17.0,,THPT
DVL,Đại học Văn Lang,7720501,Răng- Hàm -Mặt,A00,2025,20.5,,THPT
DVL,Trường Đại Học Văn Lang,7720501,Răng - Hàm - Mặt,A00,2025,20.5,,THPT
DVL,Trường Đại Học Văn Lang,7720501,Răng - Hàm - Mặt,B00,2025,20.5,,THPT
DVL,Đại học Văn Lang,7720501,Răng- Hàm -Mặt,B00,2025,20.5,,THPT
DVL,Trường Đại Học Văn Lang,7720501,Răng - Hàm - Mặt,D07,2025,20.5,,THPT
DVL,Đại học Văn Lang,7720501,Răng- Hàm -Mặt,D07,2025,20.5,,THPT
DVL,Đại học Văn Lang,7720601,Kỹ thuật xét nghiệm y học,A00,2025,17.0,,THPT
DVL,Trường Đại Học Văn Lang,7720601,Kỹ thuật xét nghiệm y học,A00,2025,15.0,,THPT
DVL,Trường Đại Học Văn Lang,7720601,Kỹ thuật xét nghiệm y học,B00,2025,15.0,,THPT
DVL,Đại học Văn Lang,7720601,Kỹ thuật xét nghiệm y học,B00,2025,17.0,,THPT
DVL,Trường Đại Học Văn Lang,7720601,Kỹ thuật xét nghiệm y học,D07,2025,15.0,,THPT
DVL,Đại học Văn Lang,7720601,Kỹ thuật xét nghiệm y học,D07,2025,17.0,,THPT
DVL,Đại học Văn Lang,7810101,Du lịch,D01,2025,15.0,,THPT
DVL,Trường Đại Học Văn Lang,7810101,Du lịch,D01,2025,15.0,,THPT
DVL,Trường Đại Học Văn Lang,7810101,Du lịch,D09,2025,15.0,,THPT
DVL,Đại học Văn Lang,7810101,Du lịch,D09,2025,15.0,,THPT
DVL,Trường Đại Học Văn Lang,7810101,Du lịch,D10,2025,15.0,,THPT
DVL,Đại học Văn Lang,7810101,Du lịch,D10,2025,15.0,,THPT
DVL,Đại học Văn Lang,7810103,Quản trị dịch vụ du lịch và lữ hành,D01,2025,15.0,,THPT
DVL,Trường Đại Học Văn Lang,7810103,Quản trị dịch vụ du lịch và lữ hành,D01,2025,15.0,,THPT
DVL,Trường Đại Học Văn Lang,7810103,Quản trị dịch vụ du lịch và lữ hành,D09,2025,15.0,,THPT
DVL,Đại học Văn Lang,7810103,Quản trị dịch vụ du lịch và lữ hành,D09,2025,15.0,,THPT
DVL,Trường Đại Học Văn Lang,7810103,Quản trị dịch vụ du lịch và lữ hành,D10,2025,15.0,,THPT
DVL,Đại học Văn Lang,7810103,Quản trị dịch vụ du lịch và lữ hành,D10,2025,15.0,,THPT
DVL,Đại học Văn Lang,7810201,Quản trị khách sạn,D01,2025,15.0,,THPT
DVL,Trường Đại Học Văn Lang,7810201,Quản trị khách sạn,D01,2025,15.0,,THPT
DVL,Trường Đại Học Văn Lang,7810201,Quản trị khách sạn,D09,2025,15.0,,THPT
DVL,Đại học Văn Lang,7810201,Quản trị khách sạn,D09,2025,15.0,,THPT
DVL,Trường Đại Học Văn Lang,7810201,Quản trị khách sạn,D10,2025,15.0,,THPT
DVL,Đại học Văn Lang,7810201,Quản trị khách sạn,D10,2025,15.0,,THPT
DVL,Đại học Văn Lang,7810202,Quản trị nhà hàng và dịch vụ ăn uống,D01,2025,15.0,,THPT
DVL,Trường Đại Học Văn Lang,7810202,Quản trị nhà hàng và Dịch vụ ăn uống,D01,2025,15.0,,THPT
DVL,Trường Đại Học Văn Lang,7810202,Quản trị nhà hàng và Dịch vụ ăn uống,D09,2025,15.0,,THPT
DVL,Đại học Văn Lang,7810202,Quản trị nhà hàng và dịch vụ ăn uống,D09,2025,15.0,,THPT
DVL,Trường Đại Học Văn Lang,7810202,Quản trị nhà hàng và Dịch vụ ăn uống,D10,2025,15.0,,THPT
DVL,Đại học Văn Lang,7810202,Quản trị nhà hàng và dịch vụ ăn uống,D10,2025,15.0,,THPT
DVP,Đại học Trưng Vương,7220201,Ngôn ngữ Anh,C00,2025,15.0,,THPT
DVP,Trường Đại Học Trưng Vương,7220201,Ngôn ngữ Anh,C00,2025,15.0,,THPT
DVP,Trường Đại Học Trưng Vương,7220201,Ngôn ngữ Anh,D01,2025,15.0,,THPT
DVP,Đại học Trưng Vương,7220201,Ngôn ngữ Anh,D01,2025,15.0,,THPT
DVP,Trường Đại Học Trưng Vương,7220201,Ngôn ngữ Anh,D09,2025,15.0,,THPT
DVP,Đại học Trưng Vương,7220201,Ngôn ngữ Anh,D09,2025,15.0,,THPT
DVP,Trường Đại Học Trưng Vương,7220201,Ngôn ngữ Anh,D10,2025,15.0,,THPT
DVP,Đại học Trưng Vương,7220201,Ngôn ngữ Anh,D10,2025,15.0,,THPT
DVP,Đại học Trưng Vương,7220204,Ngôn ngữ Trung Quốc,C00,2025,16.5,,THPT
DVP,Trường Đại Học Trưng Vương,7220204,Ngôn ngữ Trung Quốc,C00,2025,16.5,,THPT
DVP,Trường Đại Học Trưng Vương,7220204,Ngôn ngữ Trung Quốc,D01,2025,16.5,,THPT
DVP,Đại học Trưng Vương,7220204,Ngôn ngữ Trung Quốc,D01,2025,16.5,,THPT
DVP,Trường Đại Học Trưng Vương,7220204,Ngôn ngữ Trung Quốc,D09,2025,16.5,,THPT
DVP,Đại học Trưng Vương,7220204,Ngôn ngữ Trung Quốc,D09,2025,16.5,,THPT
DVP,Trường Đại Học Trưng Vương,7220204,Ngôn ngữ Trung Quốc,D10,2025,16.5,,THPT
DVP,Đại học Trưng Vương,7220204,Ngôn ngữ Trung Quốc,D10,2025,16.5,,THPT
DVP,Trường Đại Học Trưng Vương,7220210,Ngôn ngữ Hàn Quốc,A00,2025,15.0,,THPT
DVP,Trường Đại Học Trưng Vương,7220210,Ngôn ngữ Hàn Quốc,A01,2025,15.0,,THPT
DVP,Trường Đại Học Trưng Vương,7220210,Ngôn ngữ Hàn Quốc,C00,2025,15.0,,THPT
DVP,Đại học Trưng Vương,7220210,Ngôn ngữ Hàn Quốc,C00,2025,15.0,,THPT
DVP,Trường Đại Học Trưng Vương,7220210,Ngôn ngữ Hàn Quốc,D01,2025,15.0,,THPT
DVP,Đại học Trưng Vương,7220210,Ngôn ngữ Hàn Quốc,D01,2025,15.0,,THPT
DVP,Trường Đại Học Trưng Vương,7220210,Ngôn ngữ Hàn Quốc,D09,2025,15.0,,THPT
DVP,Đại học Trưng Vương,7220210,Ngôn ngữ Hàn Quốc,D09,2025,15.0,,THPT
DVP,Đại học Trưng Vương,7310106,Kinh tế quốc tế,A01,2025,15.0,,THPT
DVP,Trường Đại Học Trưng Vương,7310106,Kinh tế quốc tế,A01,2025,15.0,,THPT
DVP,Trường Đại Học Trưng Vương,7310106,Kinh tế quốc tế,D01,2025,15.0,,THPT
DVP,Đại học Trưng Vương,7310106,Kinh tế quốc tế,D01,2025,15.0,,THPT
DVP,Đại học Trưng Vương,7320104,Truyền thông đa phương tiện,A00,2025,15.0,,THPT
DVP,Trường Đại Học Trưng Vương,7320104,Truyền thông đa phương tiện,A00,2025,15.0,,THPT
DVP,Trường Đại Học Trưng Vương,7320104,Truyền thông đa phương tiện,C00,2025,15.0,,THPT
DVP,Đại học Trưng Vương,7320104,Truyền thông đa phương tiện,C00,2025,15.0,,THPT
DVP,Trường Đại Học Trưng Vương,7320104,Truyền thông đa phương tiện,D01,2025,15.0,,THPT
DVP,Đại học Trưng Vương,7320104,Truyền thông đa phương tiện,D01,2025,15.0,,THPT
DVP,Đại học Trưng Vương,7340101,Quản trị Kinh doanh,A00,2025,16.0,,THPT
DVP,Trường Đại Học Trưng Vương,7340101,Quản trị kinh doanh,A00,2025,16.0,,THPT
DVP,Trường Đại Học Trưng Vương,7340101,Quản trị kinh doanh,A01,2025,16.0,,THPT
DVP,Đại học Trưng Vương,7340101,Quản trị Kinh doanh,A01,2025,16.0,,THPT
DVP,Trường Đại Học Trưng Vương,7340101,Quản trị kinh doanh,D01,2025,16.0,,THPT
DVP,Đại học Trưng Vương,7340101,Quản trị Kinh doanh,D01,2025,16.0,,THPT
DVP,Đại học Trưng Vương,7340122,Thương mại điện tử,A00,2025,15.5,,THPT
DVP,Trường Đại Học Trưng Vương,7340122,Thương mại điện tử,A00,2025,15.5,,THPT
DVP,Trường Đại Học Trưng Vương,7340122,Thương mại điện tử,A01,2025,15.5,,THPT
DVP,Đại học Trưng Vương,7340122,Thương mại điện tử,A01,2025,15.5,,THPT
DVP,Trường Đại Học Trưng Vương,7340122,Thương mại điện tử,C00,2025,15.5,,THPT
DVP,Đại học Trưng Vương,7340122,Thương mại điện tử,C00,2025,15.5,,THPT
DVP,Trường Đại Học Trưng Vương,7340122,Thương mại điện tử,D01,2025,15.5,,THPT
DVP,Đại học Trưng Vương,7340122,Thương mại điện tử,D01,2025,15.5,,THPT
DVP,Đại học Trưng Vương,7340201,Tài chính – Ngân hàng,A00,2025,15.5,,THPT
DVP,Trường Đại Học Trưng Vương,7340201,Tài chính - Ngân hàng,A00,2025,15.5,,THPT
DVP,Trường Đại Học Trưng Vương,7340201,Tài chính - Ngân hàng,A01,2025,15.5,,THPT
DVP,Đại học Trưng Vương,7340201,Tài chính – Ngân hàng,A01,2025,15.5,,THPT
DVP,Trường Đại Học Trưng Vương,7340201,Tài chính - Ngân hàng,D01,2025,15.5,,THPT
DVP,Đại học Trưng Vương,7340201,Tài chính – Ngân hàng,D01,2025,15.5,,THPT
DVP,Đại học Trưng Vương,7340301,Kế toán,A00,2025,15.0,,THPT
DVP,Trường Đại Học Trưng Vương,7340301,Kế toán,A00,2025,15.0,,THPT
DVP,Trường Đại Học Trưng Vương,7340301,Kế toán,A01,2025,15.0,,THPT
DVP,Đại học Trưng Vương,7340301,Kế toán,A01,2025,15.0,,THPT
DVP,Trường Đại Học Trưng Vương,7340301,Kế toán,D01,2025,15.0,,THPT
DVP,Đại học Trưng Vương,7340301,Kế toán,D01,2025,15.0,,THPT
DVP,Đại học Trưng Vương,7380107,Luật kinh tế,A00,2025,15.0,,THPT
DVP,Trường Đại Học Trưng Vương,7380107,Luật kinh tế,A00,2025,15.0,,THPT
DVP,Trường Đại Học Trưng Vương,7380107,Luật kinh tế,A01,2025,15.0,,THPT
DVP,Đại học Trưng Vương,7380107,Luật kinh tế,A01,2025,15.0,,THPT
DVP,Trường Đại Học Trưng Vương,7380107,Luật kinh tế,C00,2025,15.0,,THPT
DVP,Đại học Trưng Vương,7380107,Luật kinh tế,C00,2025,15.0,,THPT
DVP,Trường Đại Học Trưng Vương,7380107,Luật kinh tế,D01,2025,15.0,,THPT
DVP,Đại học Trưng Vương,7380107,Luật kinh tế,D01,2025,15.0,,THPT
DVP,Đại học Trưng Vương,7480201,Công nghệ thông tin,A00,2025,16.0,,THPT
DVP,Trường Đại Học Trưng Vương,7480201,Công nghệ thông tin,A00,2025,16.0,,THPT
DVP,Trường Đại Học Trưng Vương,7480201,Công nghệ thông tin,A01,2025,16.0,,THPT
DVP,Đại học Trưng Vương,7480201,Công nghệ thông tin,A01,2025,16.0,,THPT
DVP,Trường Đại Học Trưng Vương,7480201,Công nghệ thông tin,D01,2025,16.0,,THPT
DVP,Đại học Trưng Vương,7480201,Công nghệ thông tin,D01,2025,16.0,,THPT
DVP,Trường Đại Học Trưng Vương,7480201,Công nghệ thông tin,D10,2025,16.0,,THPT
DVP,Đại học Trưng Vương,7480201,Công nghệ thông tin,D10,2025,16.0,,THPT
DVP,Đại học Trưng Vương,7510205,Công nghệ kỹ thuật ô tô,A00,2025,15.5,,THPT
DVP,Trường Đại Học Trưng Vương,7510205,Công nghệ kỹ thuật ô tô,A00,2025,15.5,,THPT
DVP,Trường Đại Học Trưng Vương,7510205,Công nghệ kỹ thuật ô tô,A01,2025,15.5,,THPT
DVP,Đại học Trưng Vương,7510205,Công nghệ kỹ thuật ô tô,A01,2025,15.5,,THPT
DVP,Trường Đại Học Trưng Vương,7510205,Công nghệ kỹ thuật ô tô,D01,2025,15.5,,THPT
DVP,Đại học Trưng Vương,7510205,Công nghệ kỹ thuật ô tô,D01,2025,15.5,,THPT
DVP,Trường Đại Học Trưng Vương,7510205,Công nghệ kỹ thuật ô tô,D10,2025,15.5,,THPT
DVP,Đại học Trưng Vương,7510205,Công nghệ kỹ thuật ô tô,D10,2025,15.5,,THPT
DVP,Đại học Trưng Vương,7510605,Logistics và Quản lý chuỗi cung ứng,A00,2025,15.0,,THPT
DVP,Trường Đại Học Trưng Vương,7510605,Logistics và quản lý chuỗi cung ứng,A00,2025,15.0,,THPT
DVP,Trường Đại Học Trưng Vương,7510605,Logistics và quản lý chuỗi cung ứng,A01,2025,15.0,,THPT
DVP,Đại học Trưng Vương,7510605,Logistics và Quản lý chuỗi cung ứng,A01,2025,15.0,,THPT
DVP,Trường Đại Học Trưng Vương,7510605,Logistics và quản lý chuỗi cung ứng,D01,2025,15.0,,THPT
DVP,Đại học Trưng Vương,7510605,Logistics và Quản lý chuỗi cung ứng,D01,2025,15.0,,THPT
DVP,Đại học Trưng Vương,7720201,Dược học,A00,2025,19.0,,THPT
DVP,Trường Đại Học Trưng Vương,7720201,Dược học,A00,2025,19.0,,THPT
DVP,Trường Đại Học Trưng Vương,7720201,Dược học,B00,2025,19.0,,THPT
DVP,Đại học Trưng Vương,7720201,Dược học,B00,2025,19.0,,THPT
DVP,Trường Đại Học Trưng Vương,7720201,Dược học,D07,2025,19.0,,THPT
DVP,Đại học Trưng Vương,7720201,Dược học,D07,2025,19.0,,THPT
DVP,Đại học Trưng Vương,7720301,Điều dưỡng,A00,2025,17.5,,THPT
DVP,Trường Đại Học Trưng Vương,7720301,Điều dưỡng,A00,2025,17.5,,THPT
DVP,Trường Đại Học Trưng Vương,7720301,Điều dưỡng,A01,2025,17.5,,THPT
DVP,Trường Đại Học Trưng Vương,7720301,Điều dưỡng,B00,2025,17.5,,THPT
DVP,Đại học Trưng Vương,7720301,Điều dưỡng,B00,2025,17.5,,THPT
DVP,Trường Đại Học Trưng Vương,7720301,Điều dưỡng,D07,2025,17.5,,THPT
DVP,Trường Đại Học Trưng Vương,7810103,Quản trị dịch vụ du lịch và lữ hành,C00,2025,15.5,,THPT
DVP,Đại học Trưng Vương,7810103,Quản trị dịch vụ du lịch và lữ hành,C00,2025,15.5,,THPT
DVP,Trường Đại Học Trưng Vương,7810103,Quản trị dịch vụ du lịch và lữ hành,D01,2025,15.5,,THPT
DVP,Đại học Trưng Vương,7810103,Quản trị dịch vụ du lịch và lữ hành,D01,2025,15.5,,THPT
DVT,Đại học Trà Vinh,7220106,Ngôn ngữ Khmer,C00,2025,15.0,,THPT
DVT,Đại Học Trà Vinh,7220106,Ngôn ngữ Khmer,C00,2025,15.0,,THPT
DVT,Đại Học Trà Vinh,7220106,Ngôn ngữ Khmer,D01,2025,15.0,,THPT
DVT,Đại học Trà Vinh,7220106,Ngôn ngữ Khmer,D01,2025,15.0,,THPT
DVT,Đại học Trà Vinh,7220201,Ngôn ngữ Anh,D01,2025,15.0,,THPT
DVT,Đại Học Trà Vinh,7220201,Ngôn ngữ Anh,D01,2025,15.0,,THPT
DVT,Đại Học Trà Vinh,7220201,Ngôn ngữ Anh,D09,2025,15.0,,THPT
DVT,Đại học Trà Vinh,7220201,Ngôn ngữ Anh,D09,2025,15.0,,THPT
DVT,Đại Học Trà Vinh,7220201,Ngôn ngữ Anh,D10,2025,15.0,,THPT
DVT,Đại học Trà Vinh,7220201,Ngôn ngữ Anh,D10,2025,15.0,,THPT
DVT,Đại học Trà Vinh,7220204,Ngôn ngữ Trung Quốc,D01,2025,22.5,,THPT
DVT,Đại Học Trà Vinh,7220204,Ngôn ngữ Trung Quốc,D01,2025,22.5,,THPT
DVT,Đại học Trà Vinh,7229040,Văn hoá học,C00,2025,15.0,,THPT
DVT,Đại Học Trà Vinh,7229040,Văn hóa học,C00,2025,15.0,,THPT
DVT,Đại Học Trà Vinh,7229040,Văn hóa học,D01,2025,15.0,,THPT
DVT,Đại học Trà Vinh,7229040,Văn hoá học,D01,2025,15.0,,THPT
DVT,Đại học Trà Vinh,7310101,Kinh tế,A00,2025,15.0,,THPT
DVT,Đại Học Trà Vinh,7310101,Kinh tế,A00,2025,15.0,,THPT
DVT,Đại Học Trà Vinh,7310101,Kinh tế,A01,2025,15.0,,THPT
DVT,Đại học Trà Vinh,7310101,Kinh tế,A01,2025,15.0,,THPT
DVT,Đại Học Trà Vinh,7310101,Kinh tế,D01,2025,15.0,,THPT
DVT,Đại học Trà Vinh,7310101,Kinh tế,D01,2025,15.0,,THPT
DVT,Đại học Trà Vinh,7310201,Chính trị học,C00,2025,16.52,,THPT
DVT,Đại Học Trà Vinh,7310201,Chính trị học,C00,2025,16.52,,THPT
DVT,Đại Học Trà Vinh,7310201,Chính trị học,D01,2025,16.52,,THPT
DVT,Đại học Trà Vinh,7310201,Chính trị học,D01,2025,16.52,,THPT
DVT,Đại học Trà Vinh,7310205,Quản lý nhà nước,C00,2025,16.0,,THPT
DVT,Đại Học Trà Vinh,7310205,Quản lý nhà nước,C00,2025,16.0,,THPT
DVT,Đại Học Trà Vinh,7310205,Quản lý nhà nước,D01,2025,16.0,,THPT
DVT,Đại học Trà Vinh,7310205,Quản lý nhà nước,D01,2025,16.0,,THPT
DVT,Đại học Trà Vinh,7340101,Quản trị Kinh doanh,A00,2025,15.0,,THPT
DVT,Đại Học Trà Vinh,7340101,Quản trị kinh doanh,A00,2025,15.0,,THPT
DVT,Đại Học Trà Vinh,7340101,Quản trị kinh doanh,A01,2025,15.0,,THPT
DVT,Đại học Trà Vinh,7340101,Quản trị Kinh doanh,A01,2025,15.0,,THPT
DVT,Đại Học Trà Vinh,7340101,Quản trị kinh doanh,D01,2025,15.0,,THPT
DVT,Đại học Trà Vinh,7340101,Quản trị Kinh doanh,D01,2025,15.0,,THPT
DVT,Đại học Trà Vinh,7340122,Thương mại điện tử,A00,2025,15.0,,THPT
DVT,Đại Học Trà Vinh,7340122,Thương mại điện tử,A00,2025,15.0,,THPT
DVT,Đại Học Trà Vinh,7340122,Thương mại điện tử,A01,2025,15.0,,THPT
DVT,Đại học Trà Vinh,7340122,Thương mại điện tử,A01,2025,15.0,,THPT
DVT,Đại học Trà Vinh,7340201,Tài chính – Ngân hàng,A00,2025,15.0,,THPT
DVT,Đại Học Trà Vinh,7340201,Tài chính - Ngân hàng,A00,2025,15.0,,THPT
DVT,Đại Học Trà Vinh,7340201,Tài chính - Ngân hàng,A01,2025,15.0,,THPT
DVT,Đại học Trà Vinh,7340201,Tài chính – Ngân hàng,A01,2025,15.0,,THPT
DVT,Đại Học Trà Vinh,7340201,Tài chính - Ngân hàng,D01,2025,15.0,,THPT
DVT,Đại học Trà Vinh,7340201,Tài chính – Ngân hàng,D01,2025,15.0,,THPT
DVT,Đại học Trà Vinh,7340301,Kế toán,A00,2025,15.0,,THPT
DVT,Đại Học Trà Vinh,7340301,Kế toán,A00,2025,15.0,,THPT
DVT,Đại Học Trà Vinh,7340301,Kế toán,A01,2025,15.0,,THPT
DVT,Đại học Trà Vinh,7340301,Kế toán,A01,2025,15.0,,THPT
DVT,Đại Học Trà Vinh,7340301,Kế toán,D01,2025,15.0,,THPT
DVT,Đại học Trà Vinh,7340301,Kế toán,D01,2025,15.0,,THPT
DVT,Đại học Trà Vinh,7340406,Quản trị văn phòng,C00,2025,15.0,,THPT
DVT,Đại Học Trà Vinh,7340406,Quản trị văn phòng,C00,2025,15.0,,THPT
DVT,Đại Học Trà Vinh,7340406,Quản trị văn phòng,D01,2025,15.0,,THPT
DVT,Đại học Trà Vinh,7340406,Quản trị văn phòng,D01,2025,15.0,,THPT
DVT,Đại học Trà Vinh,7380101,Ngành Luật,A00,2025,16.77,,THPT
DVT,Đại Học Trà Vinh,7380101,Luật,A00,2025,16.77,,THPT
DVT,Đại Học Trà Vinh,7380101,Luật,A01,2025,16.77,,THPT
DVT,Đại học Trà Vinh,7380101,Ngành Luật,A01,2025,16.77,,THPT
DVT,Đại Học Trà Vinh,7380101,Luật,C00,2025,16.77,,THPT
DVT,Đại học Trà Vinh,7380101,Ngành Luật,C00,2025,16.77,,THPT
DVT,Đại Học Trà Vinh,7380101,Luật,D01,2025,16.77,,THPT
DVT,Đại học Trà Vinh,7380101,Ngành Luật,D01,2025,16.77,,THPT
DVT,Đại Học Trà Vinh,7420201,Công nghệ sinh học,B00,2025,14.0,,THPT
DVT,Đại học Trà Vinh,7420201,Công nghệ sinh học,B00,2025,14.0,,THPT
DVT,Đại học Trà Vinh,7480107,Trí tuệ nhân tạo,A00,2025,15.0,,THPT
DVT,Đại Học Trà Vinh,7480107,Trí tuệ nhân tạo,A00,2025,15.0,,THPT
DVT,Đại Học Trà Vinh,7480107,Trí tuệ nhân tạo,A01,2025,15.0,,THPT
DVT,Đại học Trà Vinh,7480107,Trí tuệ nhân tạo,A01,2025,15.0,,THPT
DVT,Đại Học Trà Vinh,7480107,Trí tuệ nhân tạo,D01,2025,15.0,,THPT
DVT,Đại học Trà Vinh,7480107,Trí tuệ nhân tạo,D01,2025,15.0,,THPT
DVT,Đại Học Trà Vinh,7480107,Trí tuệ nhân tạo,D07,2025,15.0,,THPT
DVT,Đại học Trà Vinh,7480107,Trí tuệ nhân tạo,D07,2025,15.0,,THPT
DVT,Đại học Trà Vinh,7480201,Công nghệ thông tin,A00,2025,15.0,,THPT
DVT,Đại Học Trà Vinh,7480201,Công nghệ thông tin,A00,2025,15.0,,THPT
DVT,Đại Học Trà Vinh,7480201,Công nghệ thông tin,A01,2025,15.0,,THPT
DVT,Đại học Trà Vinh,7480201,Công nghệ thông tin,A01,2025,15.0,,THPT
DVT,Đại Học Trà Vinh,7480201,Công nghệ thông tin,D01,2025,15.0,,THPT
DVT,Đại học Trà Vinh,7480201,Công nghệ thông tin,D01,2025,15.0,,THPT
DVT,Đại Học Trà Vinh,7480201,Công nghệ thông tin,D07,2025,15.0,,THPT
DVT,Đại học Trà Vinh,7480201,Công nghệ thông tin,D07,2025,15.0,,THPT
DVT,Đại học Trà Vinh,7510102,Công nghệ kỹ thuật xây dựng dân dụng và công nghiệp,A00,2025,15.0,,THPT
DVT,Đại Học Trà Vinh,7510102,Công nghệ kỹ thuật công trình xây dựng,A00,2025,15.0,,THPT
DVT,Đại Học Trà Vinh,7510102,Công nghệ kỹ thuật công trình xây dựng,A01,2025,15.0,,THPT
DVT,Đại học Trà Vinh,7510102,Công nghệ kỹ thuật xây dựng dân dụng và công nghiệp,A01,2025,15.0,,THPT
DVT,Đại học Trà Vinh,7510201,Công nghệ kỹ thuật cơ khí (chuyên ngành Cơ khí chế tạo),A00,2025,15.0,,THPT
DVT,Đại Học Trà Vinh,7510201,Công nghệ kỹ thuật cơ khí,A00,2025,15.0,,THPT
DVT,Đại Học Trà Vinh,7510201,Công nghệ kỹ thuật cơ khí,A01,2025,15.0,,THPT
DVT,Đại học Trà Vinh,7510201,Công nghệ kỹ thuật cơ khí (chuyên ngành Cơ khí chế tạo),A01,2025,15.0,,THPT
DVT,Đại học Trà Vinh,7510203,Công nghệ kỹ thuật cơ điện tử,A00,2025,15.0,,THPT
DVT,Đại Học Trà Vinh,7510203,Công nghệ kỹ thuật cơ điện tử,A00,2025,15.0,,THPT
DVT,Đại Học Trà Vinh,7510203,Công nghệ kỹ thuật cơ điện tử,A01,2025,15.0,,THPT
DVT,Đại học Trà Vinh,7510203,Công nghệ kỹ thuật cơ điện tử,A01,2025,15.0,,THPT
DVT,Đại học Trà Vinh,7510205,Công nghệ kỹ thuật ô tô,A00,2025,15.0,,THPT
DVT,Đại Học Trà Vinh,7510205,Công nghệ kỹ thuật ô tô,A00,2025,15.0,,THPT
DVT,Đại Học Trà Vinh,7510205,Công nghệ kỹ thuật ô tô,A01,2025,15.0,,THPT
DVT,Đại học Trà Vinh,7510205,Công nghệ kỹ thuật ô tô,A01,2025,15.0,,THPT
DVT,Đại học Trà Vinh,7510301,"Công nghệ kỹ thuật điện, điện tử",A00,2025,15.0,,THPT
DVT,Đại Học Trà Vinh,7510301,"Công nghệ kỹ thuật điện, điện tử",A00,2025,15.0,,THPT
DVT,Đại Học Trà Vinh,7510301,"Công nghệ kỹ thuật điện, điện tử",A01,2025,15.0,,THPT
DVT,Đại học Trà Vinh,7510301,"Công nghệ kỹ thuật điện, điện tử",A01,2025,15.0,,THPT
DVT,Đại học Trà Vinh,7510303,Công nghệ kỹ thuật điều khiển và tự động hóa,A00,2025,15.0,,THPT
DVT,Đại Học Trà Vinh,7510303,Công nghệ kỹ thuật điều khiển và tự động hóa,A00,2025,15.0,,THPT
DVT,Đại Học Trà Vinh,7510303,Công nghệ kỹ thuật điều khiển và tự động hóa,A01,2025,15.0,,THPT
DVT,Đại học Trà Vinh,7510303,Công nghệ kỹ thuật điều khiển và tự động hóa,A01,2025,15.0,,THPT
DVT,Đại học Trà Vinh,7510401,Công nghệ kỹ thuật hoá học,A00,2025,15.0,,THPT
DVT,Đại Học Trà Vinh,7510401,Công nghệ kỹ thuật hóa học,A00,2025,15.0,,THPT
DVT,Đại Học Trà Vinh,7510401,Công nghệ kỹ thuật hóa học,B00,2025,15.0,,THPT
DVT,Đại học Trà Vinh,7510401,Công nghệ kỹ thuật hoá học,B00,2025,15.0,,THPT
DVT,Đại Học Trà Vinh,7510401,Công nghệ kỹ thuật hóa học,D07,2025,15.0,,THPT
DVT,Đại học Trà Vinh,7510401,Công nghệ kỹ thuật hoá học,D07,2025,15.0,,THPT
DVT,Đại học Trà Vinh,7510605,Logistics và Quản lý chuỗi cung ứng,A00,2025,19.25,,THPT
DVT,Đại Học Trà Vinh,7510605,Logistics và Quản lý chuỗi cung ứng,A00,2025,19.25,,THPT
DVT,Đại Học Trà Vinh,7510605,Logistics và Quản lý chuỗi cung ứng,D01,2025,19.25,,THPT
DVT,Đại học Trà Vinh,7510605,Logistics và Quản lý chuỗi cung ứng,D01,2025,19.25,,THPT
DVT,Đại học Trà Vinh,7520320,Ngành Kỹ thuật môi trường,A01,2025,14.0,,THPT
DVT,Đại Học Trà Vinh,7520320,Kỹ thuật môi trường,A01,2025,14.0,,THPT
DVT,Đại Học Trà Vinh,7520320,Kỹ thuật môi trường,B00,2025,14.0,,THPT
DVT,Đại học Trà Vinh,7520320,Ngành Kỹ thuật môi trường,B00,2025,14.0,,THPT
DVT,Đại Học Trà Vinh,7540101,Công nghệ thực phẩm,B00,2025,14.0,,THPT
DVT,Đại học Trà Vinh,7540101,Công nghệ thực phẩm,B00,2025,14.0,,THPT
DVT,Đại học Trà Vinh,7580205,Kỹ thuật xây dựng công trình giao thông,A00,2025,15.0,,THPT
DVT,Đại Học Trà Vinh,7580205,Kỹ thuật xây dựng công trình giao thông,A00,2025,15.0,,THPT
DVT,Đại Học Trà Vinh,7580205,Kỹ thuật xây dựng công trình giao thông,A01,2025,15.0,,THPT
DVT,Đại học Trà Vinh,7580205,Kỹ thuật xây dựng công trình giao thông,A01,2025,15.0,,THPT
DVT,Đại Học Trà Vinh,7620101,Nông nghiệp,B00,2025,14.0,,THPT
DVT,Đại học Trà Vinh,7620101,Nông nghiệp,B00,2025,14.0,,THPT
DVT,Đại Học Trà Vinh,7620112,Bảo vệ thực vật,B00,2025,14.0,,THPT
DVT,Đại học Trà Vinh,7620112,Bảo vệ thực vật,B00,2025,14.0,,THPT
DVT,Đại Học Trà Vinh,7620301,Nuôi trồng thủy sản,B00,2025,14.0,,THPT
DVT,Đại học Trà Vinh,7620301,ĐH Nuôi trồng thủy sản,B00,2025,14.0,,THPT
DVT,Đại Học Trà Vinh,7640101,Thú y,B00,2025,14.0,,THPT
DVT,Đại học Trà Vinh,7640101,Thú y,B00,2025,14.0,,THPT
DVT,Đại học Trà Vinh,7720101,Y khoa,B00,2025,21.25,,THPT
DVT,Đại Học Trà Vinh,7720101,Y khoa,B00,2025,21.25,,THPT
DVT,Đại học Trà Vinh,7720110,Y học dự phòng,B00,2025,17.0,,THPT
DVT,Đại Học Trà Vinh,7720110,Y học dự phòng,B00,2025,17.0,,THPT
DVT,Đại học Trà Vinh,7720201,Dược học,A00,2025,19.0,,THPT
DVT,Đại Học Trà Vinh,7720201,Dược học,A00,2025,19.0,,THPT
DVT,Đại Học Trà Vinh,7720201,Dược học,B00,2025,19.0,,THPT
DVT,Đại học Trà Vinh,7720201,Dược học,B00,2025,19.0,,THPT
DVT,Đại học Trà Vinh,7720203,Hoá dược,A00,2025,14.0,,THPT
DVT,Đại Học Trà Vinh,7720203,Hóa dược,A00,2025,14.0,,THPT
DVT,Đại Học Trà Vinh,7720203,Hóa dược,B00,2025,14.0,,THPT
DVT,Đại học Trà Vinh,7720203,Hoá dược,B00,2025,14.0,,THPT
DVT,Đại Học Trà Vinh,7720203,Hóa dược,D07,2025,14.0,,THPT
DVT,Đại học Trà Vinh,7720203,Hoá dược,D07,2025,14.0,,THPT
DVT,Đại học Trà Vinh,7720301,Điều dưỡng,B00,2025,17.25,,THPT
DVT,Đại Học Trà Vinh,7720301,Điều dưỡng,B00,2025,17.25,,THPT
DVT,Đại học Trà Vinh,7720501,Răng- Hàm -Mặt,B00,2025,20.75,,THPT
DVT,Đại Học Trà Vinh,7720501,Răng - Hàm - Mặt,B00,2025,20.75,,THPT
DVT,Đại học Trà Vinh,7720601,Kỹ thuật xét nghiệm y học,A00,2025,21.5,,THPT
DVT,Đại Học Trà Vinh,7720601,Kỹ thuật xét nghiệm y học,A00,2025,21.5,,THPT
DVT,Đại Học Trà Vinh,7720601,Kỹ thuật xét nghiệm y học,B00,2025,21.5,,THPT
DVT,Đại học Trà Vinh,7720601,Kỹ thuật xét nghiệm y học,B00,2025,21.5,,THPT
DVT,Đại học Trà Vinh,7720602,Kỹ thuật hình ảnh y học,A00,2025,17.25,,THPT
DVT,Đại Học Trà Vinh,7720602,Kỹ thuật hình ảnh y học,A00,2025,17.25,,THPT
DVT,Đại Học Trà Vinh,7720602,Kỹ thuật hình ảnh y học,B00,2025,17.25,,THPT
DVT,Đại học Trà Vinh,7720602,Kỹ thuật hình ảnh y học,B00,2025,17.25,,THPT
DVT,Đại học Trà Vinh,7720603,Kỹ thuật phục hồi chức năng,A00,2025,17.25,,THPT
DVT,Đại Học Trà Vinh,7720603,Kỹ thuật phục hồi chức năng,A00,2025,17.25,,THPT
DVT,Đại Học Trà Vinh,7720603,Kỹ thuật phục hồi chức năng,B00,2025,17.25,,THPT
DVT,Đại học Trà Vinh,7720603,Kỹ thuật phục hồi chức năng,B00,2025,17.25,,THPT
DVT,Đại học Trà Vinh,7720701,Y tế công cộng,A00,2025,15.0,,THPT
DVT,Đại Học Trà Vinh,7720701,Y tế công cộng,A00,2025,15.0,,THPT
DVT,Đại Học Trà Vinh,7720701,Y tế công cộng,B00,2025,15.0,,THPT
DVT,Đại học Trà Vinh,7720701,Y tế công cộng,B00,2025,15.0,,THPT
DVT,Đại học Trà Vinh,7760101,Công tác xã hội,C00,2025,16.52,,THPT
DVT,Đại Học Trà Vinh,7760101,Công tác xã hội,C00,2025,16.52,,THPT
DVT,Đại học Trà Vinh,7810103,Quản trị dịch vụ du lịch và lữ hành,C00,2025,15.0,,THPT
DVT,Đại Học Trà Vinh,7810103,Quản trị dịch vụ du lịch và lữ hành,C00,2025,15.0,,THPT
DVT,Đại Học Trà Vinh,7810103,Quản trị dịch vụ du lịch và lữ hành,D01,2025,15.0,,THPT
DVT,Đại học Trà Vinh,7810103,Quản trị dịch vụ du lịch và lữ hành,D01,2025,15.0,,THPT
DVT,Đại Học Trà Vinh,7810301,Quản lý thể dục thể thao,C00,2025,22.0,,THPT
DVT,Đại học Trà Vinh,7810301,Quản lý thể dục thể thao,C00,2025,22.0,,THPT
DVT,Đại học Trà Vinh,7850101,Quản lý tài nguyên và môi trường,A00,2025,14.0,,THPT
DVT,Đại Học Trà Vinh,7850101,Quản lý tài nguyên và môi trường,A00,2025,14.0,,THPT
DVT,Đại Học Trà Vinh,7850101,Quản lý tài nguyên và môi trường,B00,2025,14.0,,THPT
DVT,Đại học Trà Vinh,7850101,Quản lý tài nguyên và môi trường,B00,2025,14.0,,THPT
DVX,Trường Đại Học Công Nghệ Vạn Xuân,7220201,Ngôn ngữ Anh,A01,2025,15.0,,THPT
DVX,Trường Đại Học Công Nghệ Vạn Xuân,7220201,Ngôn ngữ Anh,D01,2025,15.0,,THPT
DVX,Trường Đại Học Công Nghệ Vạn Xuân,7340101,Quản trị kinh doanh,D01,2025,15.0,,THPT
DVX,Trường Đại Học Công Nghệ Vạn Xuân,7340201,Tài chính ngân hàng,A00,2025,15.0,,THPT
DVX,Trường Đại Học Công Nghệ Vạn Xuân,7340201,Tài chính ngân hàng,A01,2025,15.0,,THPT
DVX,Trường Đại Học Công Nghệ Vạn Xuân,7340201,Tài chính ngân hàng,D01,2025,15.0,,THPT
DVX,Trường Đại Học Công Nghệ Vạn Xuân,7340301,Kế toán,A00,2025,15.0,,THPT
DVX,Trường Đại Học Công Nghệ Vạn Xuân,7340301,Kế toán,A01,2025,15.0,,THPT
DVX,Trường Đại Học Công Nghệ Vạn Xuân,7340301,Kế toán,D01,2025,15.0,,THPT
DVX,Trường Đại Học Công Nghệ Vạn Xuân,7420201,Công nghệ sinh học,B00,2025,15.0,,THPT
DVX,Trường Đại Học Công Nghệ Vạn Xuân,7480201,Công nghệ thông tin,A00,2025,15.0,,THPT
DVX,Trường Đại Học Công Nghệ Vạn Xuân,7480201,Công nghệ thông tin,A01,2025,15.0,,THPT
DVX,Trường Đại Học Công Nghệ Vạn Xuân,7580201,Kỹ thuật xây dựng,A00,2025,15.0,,THPT
DVX,Trường Đại Học Công Nghệ Vạn Xuân,7580201,Kỹ thuật xây dựng,A01,2025,15.0,,THPT
DVX,Trường Đại Học Công Nghệ Vạn Xuân,7580201,Kỹ thuật xây dựng,D07,2025,15.0,,THPT
DVX,Trường Đại Học Công Nghệ Vạn Xuân,7810201,Quản trị khách sạn,C00,2025,15.0,,THPT
DYD,Đại học Yersin Đà Lạt,7220201,Ngôn ngữ Anh,A01,2025,15.5,,THPT
DYD,Trường Đại Học Yersin Đà Lạt,7220201,Ngôn ngữ Anh,A01,2025,15.5,,THPT
DYD,Đại học Yersin Đà Lạt,7220201,Ngôn ngữ Anh,D01,2025,15.5,,THPT
DYD,Trường Đại Học Yersin Đà Lạt,7220201,Ngôn ngữ Anh,D01,2025,15.5,,THPT
DYD,Đại học Yersin Đà Lạt,7310401,Tâm lý học,C00,2025,15.5,,THPT
DYD,Trường Đại Học Yersin Đà Lạt,7310401,Tâm lý học,C00,2025,15.5,,THPT
DYD,Đại học Yersin Đà Lạt,7310401,Tâm lý học,D01,2025,15.5,,THPT
DYD,Trường Đại Học Yersin Đà Lạt,7310401,Tâm lý học,D01,2025,15.5,,THPT
DYD,Trường Đại Học Yersin Đà Lạt,7310401,Tâm lý học,D07,2025,15.5,,THPT
DYD,Đại học Yersin Đà Lạt,7310401,Tâm lý học,D07,2025,15.5,,THPT
DYD,Đại học Yersin Đà Lạt,7310608,Đông phương học,C00,2025,15.5,,THPT
DYD,Trường Đại Học Yersin Đà Lạt,7310608,Đông phương học,C00,2025,15.5,,THPT
DYD,Đại học Yersin Đà Lạt,7310608,Đông phương học,D01,2025,15.5,,THPT
DYD,Trường Đại Học Yersin Đà Lạt,7310608,Đông phương học,D01,2025,15.5,,THPT
DYD,Đại học Yersin Đà Lạt,7320108,Quan hệ công chúng,C00,2025,15.5,,THPT
DYD,Trường Đại Học Yersin Đà Lạt,7320108,Quan hệ công chúng,C00,2025,15.5,,THPT
DYD,Đại học Yersin Đà Lạt,7320108,Quan hệ công chúng,D01,2025,15.5,,THPT
DYD,Trường Đại Học Yersin Đà Lạt,7320108,Quan hệ công chúng,D01,2025,15.5,,THPT
DYD,Trường Đại Học Yersin Đà Lạt,7340101,Quản trị kinh doanh,A00,2025,15.5,,THPT
DYD,Trường Đại Học Yersin Đà Lạt,7340101,Quản trị kinh doanh,A01,2025,15.5,,THPT
DYD,Trường Đại Học Yersin Đà Lạt,7340101,Quản trị kinh doanh,D01,2025,15.5,,THPT
DYD,Đại học Yersin Đà Lạt,7340101,Quản trị Kinh doanh,D01,2025,15.5,,THPT
DYD,Đại học Yersin Đà Lạt,7380107,Luật kinh tế,C00,2025,15.5,,THPT
DYD,Trường Đại Học Yersin Đà Lạt,7380107,Luật kinh tế,C00,2025,15.5,,THPT
DYD,Đại học Yersin Đà Lạt,7380107,Luật kinh tế,D01,2025,15.5,,THPT
DYD,Trường Đại Học Yersin Đà Lạt,7380107,Luật kinh tế,D01,2025,15.5,,THPT
DYD,Trường Đại Học Yersin Đà Lạt,7420201,Công nghệ sinh học,B00,2025,15.5,,THPT
DYD,Đại học Yersin Đà Lạt,7420201,Công nghệ sinh học,B00,2025,15.5,,THPT
DYD,Trường Đại Học Yersin Đà Lạt,7420201,Công nghệ sinh học,D01,2025,15.5,,THPT
DYD,Đại học Yersin Đà Lạt,7420201,Công nghệ sinh học,D01,2025,15.5,,THPT
DYD,Đại học Yersin Đà Lạt,7480201,Công nghệ thông tin,A00,2025,15.5,,THPT
DYD,Trường Đại Học Yersin Đà Lạt,7480201,Công nghệ thông tin,A00,2025,15.5,,THPT
DYD,Trường Đại Học Yersin Đà Lạt,7480201,Công nghệ thông tin,A01,2025,15.5,,THPT
DYD,Đại học Yersin Đà Lạt,7480201,Công nghệ thông tin,A01,2025,15.5,,THPT
DYD,Trường Đại Học Yersin Đà Lạt,7480201,Công nghệ thông tin,D01,2025,15.5,,THPT
DYD,Đại học Yersin Đà Lạt,7480201,Công nghệ thông tin,D01,2025,15.5,,THPT
DYD,Đại học Yersin Đà Lạt,7510205,Công nghệ kỹ thuật ô tô,A00,2025,15.5,,THPT
DYD,Trường Đại Học Yersin Đà Lạt,7510205,Công nghệ kỹ thuật ô tô,A00,2025,15.5,,THPT
DYD,Trường Đại Học Yersin Đà Lạt,7510205,Công nghệ kỹ thuật ô tô,A01,2025,15.5,,THPT
DYD,Đại học Yersin Đà Lạt,7510205,Công nghệ kỹ thuật ô tô,A01,2025,15.5,,THPT
DYD,Trường Đại Học Yersin Đà Lạt,7510205,Công nghệ kỹ thuật ô tô,D01,2025,15.5,,THPT
DYD,Đại học Yersin Đà Lạt,7510205,Công nghệ kỹ thuật ô tô,D01,2025,15.5,,THPT
DYD,Đại học Yersin Đà Lạt,7520114,Kỹ thuật cơ điện tử,A00,2025,15.5,,THPT
DYD,Trường Đại Học Yersin Đà Lạt,7520114,Kỹ thuật cơ điện tử,A00,2025,15.5,,THPT
DYD,Trường Đại Học Yersin Đà Lạt,7520114,Kỹ thuật cơ điện tử,A01,2025,15.5,,THPT
DYD,Đại học Yersin Đà Lạt,7520114,Kỹ thuật cơ điện tử,A01,2025,15.5,,THPT
DYD,Trường Đại Học Yersin Đà Lạt,7520114,Kỹ thuật cơ điện tử,D01,2025,15.5,,THPT
DYD,Đại học Yersin Đà Lạt,7520114,Kỹ thuật cơ điện tử,D01,2025,15.5,,THPT
DYD,Trường Đại Học Yersin Đà Lạt,7540101,Công nghệ thực phẩm,B00,2025,15.5,,THPT
DYD,Đại học Yersin Đà Lạt,7540101,Công nghệ thực phẩm,B00,2025,15.5,,THPT
DYD,Trường Đại Học Yersin Đà Lạt,7540101,Công nghệ thực phẩm,D01,2025,15.5,,THPT
DYD,Đại học Yersin Đà Lạt,7540101,Công nghệ thực phẩm,D01,2025,15.5,,THPT
DYD,Đại học Yersin Đà Lạt,7580101,Kiến trúc,D01,2025,15.5,,THPT
DYD,Trường Đại Học Yersin Đà Lạt,7580101,Kiến trúc,D01,2025,15.5,,THPT
DYD,Đại học Yersin Đà Lạt,7580108,Thiết kế nội thất,D01,2025,15.5,,THPT
DYD,Trường Đại Học Yersin Đà Lạt,7580108,Thiết kế nội thất,D01,2025,15.5,,THPT
DYD,Đại học Yersin Đà Lạt,7720101,Y khoa,B00,2025,20.5,,THPT
DYD,Trường Đại Học Yersin Đà Lạt,7720101,Y khoa,B00,2025,20.5,,THPT
DYD,Đại học Yersin Đà Lạt,7720201,Dược học,A00,2025,19.0,,THPT
DYD,Trường Đại Học Yersin Đà Lạt,7720201,Dược học,A00,2025,19.0,,THPT
DYD,Đại học Yersin Đà Lạt,7720201,Dược học,B00,2025,19.0,,THPT
DYD,Trường Đại Học Yersin Đà Lạt,7720201,Dược học,B00,2025,19.0,,THPT
DYD,Trường Đại Học Yersin Đà Lạt,7720201,Dược học,D07,2025,19.0,,THPT
DYD,Đại học Yersin Đà Lạt,7720201,Dược học,D07,2025,19.0,,THPT
DYD,Đại học Yersin Đà Lạt,7720301,Điều dưỡng,A00,2025,17.0,,THPT
DYD,Trường Đại Học Yersin Đà Lạt,7720301,Điều dưỡng,A00,2025,17.0,,THPT
DYD,Đại học Yersin Đà Lạt,7720301,Điều dưỡng,B00,2025,17.0,,THPT
DYD,Trường Đại Học Yersin Đà Lạt,7720301,Điều dưỡng,B00,2025,17.0,,THPT
DYD,Trường Đại Học Yersin Đà Lạt,7720301,Điều dưỡng,D07,2025,17.0,,THPT
DYD,Đại học Yersin Đà Lạt,7720301,Điều dưỡng,D07,2025,17.0,,THPT
DYD,Đại học Yersin Đà Lạt,7810103,Quản trị dịch vụ du lịch và lữ hành,C00,2025,15.5,,THPT
DYD,Trường Đại Học Yersin Đà Lạt,7810103,Quản trị dịch vụ du lịch và lữ hành,C00,2025,15.5,,THPT
DYD,Đại học Yersin Đà Lạt,7810103,Quản trị dịch vụ du lịch và lữ hành,D01,2025,15.5,,THPT
DYD,Trường Đại Học Yersin Đà Lạt,7810103,Quản trị dịch vụ du lịch và lữ hành,D01,2025,15.5,,THPT
DYD,Trường Đại Học Yersin Đà Lạt,7810103,Quản trị dịch vụ du lịch và lữ hành,D09,2025,15.5,,THPT
DYD,Đại học Yersin Đà Lạt,7810103,Quản trị dịch vụ du lịch và lữ hành,D09,2025,15.5,,THPT
DYD,Trường Đại Học Yersin Đà Lạt,7810103,Quản trị dịch vụ du lịch và lữ hành,D10,2025,15.5,,THPT
DYD,Đại học Yersin Đà Lạt,7810103,Quản trị dịch vụ du lịch và lữ hành,D10,2025,15.5,,THPT
DYH,Học Viện Quân Y - Hệ Dân sự,7720101_DANSU_1,Y khoa,A00,2025,27.33,,THPT
DYH,Học Viện Quân Y - Hệ Dân sự,7720101_DANSU_1,Y khoa,B00,2025,27.33,,THPT
DYH,Học Viện Quân Y - Hệ Dân sự,7720101_DANSU_1,Y khoa,D07,2025,27.33,,THPT
DYH,Học Viện Quân Y - Hệ Dân sự,7720201_DANSU_2,Dược học,A00,2025,23.93,,THPT
DYH,Học Viện Quân Y - Hệ Dân sự,7720201_DANSU_2,Dược học,D07,2025,23.93,,THPT
EIU,Trường Đại Học Quốc Tế Miền Đông,7310101,Kinh tế,A00,2025,15.0,,THPT
EIU,Trường Đại Học Quốc Tế Miền Đông,7310101,Kinh tế,A01,2025,15.0,,THPT
EIU,Trường Đại Học Quốc Tế Miền Đông,7310101,Kinh tế,B00,2025,15.0,,THPT
EIU,Trường Đại Học Quốc Tế Miền Đông,7310101,Kinh tế,D01,2025,15.0,,THPT
EIU,Trường Đại Học Quốc Tế Miền Đông,7310101,Kinh tế,D07,2025,15.0,,THPT
EIU,Trường Đại Học Quốc Tế Miền Đông,7310101,Kinh tế,D09,2025,15.0,,THPT
EIU,Trường Đại Học Quốc Tế Miền Đông,7310101,Kinh tế,D10,2025,15.0,,THPT
EIU,Trường Đại Học Quốc Tế Miền Đông,7340101,Quản trị kinh doanh,A00,2025,15.0,,THPT
EIU,Trường Đại Học Quốc Tế Miền Đông,7340101,Quản trị kinh doanh,A01,2025,15.0,,THPT
EIU,Trường Đại Học Quốc Tế Miền Đông,7340101,Quản trị kinh doanh,B00,2025,15.0,,THPT
EIU,Trường Đại Học Quốc Tế Miền Đông,7340101,Quản trị kinh doanh,D01,2025,15.0,,THPT
EIU,Trường Đại Học Quốc Tế Miền Đông,7340101,Quản trị kinh doanh,D07,2025,15.0,,THPT
EIU,Trường Đại Học Quốc Tế Miền Đông,7340101,Quản trị kinh doanh,D09,2025,15.0,,THPT
EIU,Trường Đại Học Quốc Tế Miền Đông,7340101,Quản trị kinh doanh,D10,2025,15.0,,THPT
EIU,Trường Đại Học Quốc Tế Miền Đông,7480102,Mạng máy tính và truyền thông dữ liệu,A00,2025,15.0,,THPT
EIU,Trường Đại Học Quốc Tế Miền Đông,7480102,Mạng máy tính và truyền thông dữ liệu,A01,2025,15.0,,THPT
EIU,Trường Đại Học Quốc Tế Miền Đông,7480102,Mạng máy tính và truyền thông dữ liệu,B00,2025,15.0,,THPT
EIU,Trường Đại Học Quốc Tế Miền Đông,7480102,Mạng máy tính và truyền thông dữ liệu,D01,2025,15.0,,THPT
EIU,Trường Đại Học Quốc Tế Miền Đông,7480102,Mạng máy tính và truyền thông dữ liệu,D07,2025,15.0,,THPT
EIU,Trường Đại Học Quốc Tế Miền Đông,7480103,Kỹ thuật phần mềm,A00,2025,15.0,,THPT
EIU,Trường Đại Học Quốc Tế Miền Đông,7480103,Kỹ thuật phần mềm,A01,2025,15.0,,THPT
EIU,Trường Đại Học Quốc Tế Miền Đông,7480103,Kỹ thuật phần mềm,B00,2025,15.0,,THPT
EIU,Trường Đại Học Quốc Tế Miền Đông,7480103,Kỹ thuật phần mềm,D01,2025,15.0,,THPT
EIU,Trường Đại Học Quốc Tế Miền Đông,7480103,Kỹ thuật phần mềm,D07,2025,15.0,,THPT
EIU,Trường Đại Học Quốc Tế Miền Đông,7520103,Kỹ thuật cơ khí,A00,2025,15.0,,THPT
EIU,Trường Đại Học Quốc Tế Miền Đông,7520103,Kỹ thuật cơ khí,A01,2025,15.0,,THPT
EIU,Trường Đại Học Quốc Tế Miền Đông,7520103,Kỹ thuật cơ khí,B00,2025,15.0,,THPT
EIU,Trường Đại Học Quốc Tế Miền Đông,7520103,Kỹ thuật cơ khí,D01,2025,15.0,,THPT
EIU,Trường Đại Học Quốc Tế Miền Đông,7520103,Kỹ thuật cơ khí,D07,2025,15.0,,THPT
EIU,Trường Đại Học Quốc Tế Miền Đông,7520114,Kỹ thuật cơ điện tử,A00,2025,15.0,,THPT
EIU,Trường Đại Học Quốc Tế Miền Đông,7520114,Kỹ thuật cơ điện tử,A01,2025,15.0,,THPT
EIU,Trường Đại Học Quốc Tế Miền Đông,7520114,Kỹ thuật cơ điện tử,B00,2025,15.0,,THPT
EIU,Trường Đại Học Quốc Tế Miền Đông,7520114,Kỹ thuật cơ điện tử,D01,2025,15.0,,THPT
EIU,Trường Đại Học Quốc Tế Miền Đông,7520114,Kỹ thuật cơ điện tử,D07,2025,15.0,,THPT
EIU,Trường Đại Học Quốc Tế Miền Đông,7520201,Kỹ thuật điện,A00,2025,15.0,,THPT
EIU,Trường Đại Học Quốc Tế Miền Đông,7520201,Kỹ thuật điện,A00,2025,15.0,,THPT
EIU,Trường Đại Học Quốc Tế Miền Đông,7520201,Kỹ thuật điện,A01,2025,15.0,,THPT
EIU,Trường Đại Học Quốc Tế Miền Đông,7520201,Kỹ thuật điện,A01,2025,15.0,,THPT
EIU,Trường Đại Học Quốc Tế Miền Đông,7520201,Kỹ thuật điện,B00,2025,15.0,,THPT
EIU,Trường Đại Học Quốc Tế Miền Đông,7520201,Kỹ thuật điện,B00,2025,15.0,,THPT
EIU,Trường Đại Học Quốc Tế Miền Đông,7520201,Kỹ thuật điện,D01,2025,15.0,,THPT
EIU,Trường Đại Học Quốc Tế Miền Đông,7520201,Kỹ thuật điện,D01,2025,15.0,,THPT
EIU,Trường Đại Học Quốc Tế Miền Đông,7520201,Kỹ thuật điện,D07,2025,15.0,,THPT
EIU,Trường Đại Học Quốc Tế Miền Đông,7520201,Kỹ thuật điện,D07,2025,15.0,,THPT
EIU,Trường Đại Học Quốc Tế Miền Đông,7520201,Kỹ thuật điện,D09,2025,15.0,,THPT
EIU,Trường Đại Học Quốc Tế Miền Đông,7520201,Kỹ thuật điện,D10,2025,15.0,,THPT
EIU,Trường Đại Học Quốc Tế Miền Đông,7520207,Kỹ thuật điện tử – viễn thông,A00,2025,15.0,,THPT
EIU,Trường Đại Học Quốc Tế Miền Đông,7520207,Kỹ thuật điện tử – viễn thông,A01,2025,15.0,,THPT
EIU,Trường Đại Học Quốc Tế Miền Đông,7520207,Kỹ thuật điện tử – viễn thông,B00,2025,15.0,,THPT
EIU,Trường Đại Học Quốc Tế Miền Đông,7520207,Kỹ thuật điện tử – viễn thông,D01,2025,15.0,,THPT
EIU,Trường Đại Học Quốc Tế Miền Đông,7520207,Kỹ thuật điện tử – viễn thông,D07,2025,15.0,,THPT
EIU,Trường Đại Học Quốc Tế Miền Đông,7520216,Kỹ thuật điều khiển và tự động hóa,A00,2025,15.0,,THPT
EIU,Trường Đại Học Quốc Tế Miền Đông,7520216,Kỹ thuật điều khiển và tự động hóa,A01,2025,15.0,,THPT
EIU,Trường Đại Học Quốc Tế Miền Đông,7520216,Kỹ thuật điều khiển và tự động hóa,B00,2025,15.0,,THPT
EIU,Trường Đại Học Quốc Tế Miền Đông,7520216,Kỹ thuật điều khiển và tự động hóa,D01,2025,15.0,,THPT
EIU,Trường Đại Học Quốc Tế Miền Đông,7520216,Kỹ thuật điều khiển và tự động hóa,D07,2025,15.0,,THPT
EIU,Trường Đại Học Quốc Tế Miền Đông,7720301,Điều dưỡng,A00,2025,17.0,,THPT
EIU,Trường Đại Học Quốc Tế Miền Đông,7720301,Điều dưỡng,A01,2025,17.0,,THPT
EIU,Trường Đại Học Quốc Tế Miền Đông,7720301,Điều dưỡng,B00,2025,17.0,,THPT
EIU,Trường Đại Học Quốc Tế Miền Đông,7720301,Điều dưỡng,D01,2025,17.0,,THPT
EIU,Trường Đại Học Quốc Tế Miền Đông,7720301,Điều dưỡng,D07,2025,17.0,,THPT
EIU,Trường Đại Học Quốc Tế Miền Đông,7720301,Điều dưỡng,D09,2025,17.0,,THPT
EIU,Trường Đại Học Quốc Tế Miền Đông,7720301,Điều dưỡng,D10,2025,17.0,,THPT
ETU,Đại học Hòa Bình,7220201,Ngôn ngữ Anh,A01,2025,15.0,,THPT
ETU,Trường Đại Học Hòa Bình,7220201,Ngôn ngữ Anh,A01,2025,15.0,,THPT
ETU,Đại học Hòa Bình,7220201,Ngôn ngữ Anh,D01,2025,15.0,,THPT
ETU,Trường Đại Học Hòa Bình,7220201,Ngôn ngữ Anh,D01,2025,15.0,,THPT
ETU,Trường Đại Học Hòa Bình,7220201,Ngôn ngữ Anh,D07,2025,15.0,,THPT
ETU,Đại học Hòa Bình,7220201,Ngôn ngữ Anh,D07,2025,15.0,,THPT
ETU,Trường Đại Học Hòa Bình,7220201,Ngôn ngữ Anh,D08,2025,15.0,,THPT
ETU,Đại học Hòa Bình,7220201,Ngôn ngữ Anh,D08,2025,15.0,,THPT
ETU,Đại học Hòa Bình,7220204,Ngôn ngữ Trung Quốc,C00,2025,15.0,,THPT
ETU,Trường Đại Học Hòa Bình,7220204,Ngôn ngữ Trung Quốc,C00,2025,15.0,,THPT
ETU,Đại học Hòa Bình,7220204,Ngôn ngữ Trung Quốc,D01,2025,15.0,,THPT
ETU,Trường Đại Học Hòa Bình,7220204,Ngôn ngữ Trung Quốc,D01,2025,15.0,,THPT
ETU,Trường Đại Học Hòa Bình,7220204,Ngôn ngữ Trung Quốc,D10,2025,15.0,,THPT
ETU,Đại học Hòa Bình,7220204,Ngôn ngữ Trung Quốc,D10,2025,15.0,,THPT
ETU,Đại học Hòa Bình,7320104,Truyền thông đa phương tiện,C00,2025,15.0,,THPT
ETU,Trường Đại Học Hòa Bình,7320104,Truyền thông đa phương tiện,C00,2025,15.0,,THPT
ETU,Trường Đại Học Hòa Bình,7320104,Truyền thông đa phương tiện,D01,2025,15.0,,THPT
ETU,Đại học Hòa Bình,7320104,Truyền thông đa phương tiện,D01,2025,15.0,,THPT
ETU,Đại học Hòa Bình,7320108,Quan hệ công chúng,C00,2025,15.0,,THPT
ETU,Trường Đại Học Hòa Bình,7320108,Quan hệ công chúng,C00,2025,15.0,,THPT
ETU,Trường Đại Học Hòa Bình,7320108,Quan hệ công chúng,D01,2025,15.0,,THPT
ETU,Đại học Hòa Bình,7320108,Quan hệ công chúng,D01,2025,15.0,,THPT
ETU,Đại học Hòa Bình,7340101,Quản trị Kinh doanh,A00,2025,15.0,,THPT
ETU,Trường Đại Học Hòa Bình,7340101,Quản trị kinh doanh,A00,2025,15.0,,THPT
ETU,Trường Đại Học Hòa Bình,7340101,Quản trị kinh doanh,A01,2025,15.0,,THPT
ETU,Đại học Hòa Bình,7340101,Quản trị Kinh doanh,A01,2025,15.0,,THPT
ETU,Trường Đại Học Hòa Bình,7340101,Quản trị kinh doanh,D01,2025,15.0,,THPT
ETU,Đại học Hòa Bình,7340101,Quản trị Kinh doanh,D01,2025,15.0,,THPT
ETU,Đại học Hòa Bình,7340122,Thương mại điện tử,A00,2025,15.0,,THPT
ETU,Trường Đại Học Hòa Bình,7340122,Thương mại điện tử,A00,2025,15.0,,THPT
ETU,Trường Đại Học Hòa Bình,7340122,Thương mại điện tử,A01,2025,15.0,,THPT
ETU,Đại học Hòa Bình,7340122,Thương mại điện tử,A01,2025,15.0,,THPT
ETU,Trường Đại Học Hòa Bình,7340122,Thương mại điện tử,D01,2025,15.0,,THPT
ETU,Đại học Hòa Bình,7340122,Thương mại điện tử,D01,2025,15.0,,THPT
ETU,Đại học Hòa Bình,7340201,Tài chính – Ngân hàng,A00,2025,15.0,,THPT
ETU,Trường Đại Học Hòa Bình,7340201,Tài chính Ngân hàng,A00,2025,15.0,,THPT
ETU,Trường Đại Học Hòa Bình,7340201,Tài chính Ngân hàng,A01,2025,15.0,,THPT
ETU,Đại học Hòa Bình,7340201,Tài chính – Ngân hàng,A01,2025,15.0,,THPT
ETU,Trường Đại Học Hòa Bình,7340201,Tài chính Ngân hàng,D01,2025,15.0,,THPT
ETU,Đại học Hòa Bình,7340201,Tài chính – Ngân hàng,D01,2025,15.0,,THPT
ETU,Đại học Hòa Bình,7340301,Kế toán,A00,2025,15.0,,THPT
ETU,Trường Đại Học Hòa Bình,7340301,Kế toán,A00,2025,15.0,,THPT
ETU,Trường Đại Học Hòa Bình,7340301,Kế toán,A01,2025,15.0,,THPT
ETU,Đại học Hòa Bình,7340301,Kế toán,A01,2025,15.0,,THPT
ETU,Trường Đại Học Hòa Bình,7340301,Kế toán,D01,2025,15.0,,THPT
ETU,Đại học Hòa Bình,7340301,Kế toán,D01,2025,15.0,,THPT
ETU,Đại học Hòa Bình,7380107,Luật kinh tế,C00,2025,15.0,,THPT
ETU,Trường Đại Học Hòa Bình,7380107,Luật kinh tế,C00,2025,15.0,,THPT
ETU,Trường Đại Học Hòa Bình,7380107,Luật kinh tế,D01,2025,15.0,,THPT
ETU,Đại học Hòa Bình,7380107,Luật kinh tế,D01,2025,15.0,,THPT
ETU,Đại học Hòa Bình,7480201,Công nghệ thông tin,A00,2025,15.0,,THPT
ETU,Trường Đại Học Hòa Bình,7480201,Công nghệ thông tin,A00,2025,15.0,,THPT
ETU,Trường Đại Học Hòa Bình,7480201,Công nghệ thông tin,A01,2025,15.0,,THPT
ETU,Đại học Hòa Bình,7480201,Công nghệ thông tin,A01,2025,15.0,,THPT
ETU,Trường Đại Học Hòa Bình,7480201,Công nghệ thông tin,D01,2025,15.0,,THPT
ETU,Đại học Hòa Bình,7480201,Công nghệ thông tin,D01,2025,15.0,,THPT
ETU,Trường Đại Học Hòa Bình,7480201,Công nghệ thông tin,D07,2025,15.0,,THPT
ETU,Đại học Hòa Bình,7480201,Công nghệ thông tin,D07,2025,15.0,,THPT
ETU,Đại học Hòa Bình,7510605,Logistics và Quản lý chuỗi cung ứng,A00,2025,15.0,,THPT
ETU,Trường Đại Học Hòa Bình,7510605,Logistics & Quản lý chuỗi cung ứng,A00,2025,15.0,,THPT
ETU,Trường Đại Học Hòa Bình,7510605,Logistics & Quản lý chuỗi cung ứng,A01,2025,15.0,,THPT
ETU,Đại học Hòa Bình,7510605,Logistics và Quản lý chuỗi cung ứng,A01,2025,15.0,,THPT
ETU,Trường Đại Học Hòa Bình,7510605,Logistics & Quản lý chuỗi cung ứng,D01,2025,15.0,,THPT
ETU,Đại học Hòa Bình,7510605,Logistics và Quản lý chuỗi cung ứng,D01,2025,15.0,,THPT
ETU,Đại học Hòa Bình,7520130,Kỹ thuật ô tô,A00,2025,15.0,,THPT
ETU,Trường Đại Học Hòa Bình,7520130,Kỹ thuật ô tô,A00,2025,15.0,,THPT
ETU,Trường Đại Học Hòa Bình,7520130,Kỹ thuật ô tô,A01,2025,15.0,,THPT
ETU,Đại học Hòa Bình,7520130,Kỹ thuật ô tô,A01,2025,15.0,,THPT
ETU,Trường Đại Học Hòa Bình,7520130,Kỹ thuật ô tô,D01,2025,15.0,,THPT
ETU,Đại học Hòa Bình,7520130,Kỹ thuật ô tô,D01,2025,15.0,,THPT
ETU,Trường Đại Học Hòa Bình,7520130,Kỹ thuật ô tô,D07,2025,15.0,,THPT
ETU,Đại học Hòa Bình,7520130,Kỹ thuật ô tô,D07,2025,15.0,,THPT
ETU,Đại học Hòa Bình,7720101,Y khoa,A00,2025,20.5,,THPT
ETU,Trường Đại Học Hòa Bình,7720101,Y khoa,A00,2025,20.5,,THPT
ETU,Đại học Hòa Bình,7720101,Y khoa,B00,2025,20.5,,THPT
ETU,Trường Đại Học Hòa Bình,7720101,Y khoa,B00,2025,20.5,,THPT
ETU,Đại học Hòa Bình,7720115,Y học cổ truyền,A00,2025,19.0,,THPT
ETU,Trường Đại Học Hòa Bình,7720115,Y học Cổ truyền,A00,2025,19.0,,THPT
ETU,Đại học Hòa Bình,7720115,Y học cổ truyền,B00,2025,19.0,,THPT
ETU,Trường Đại Học Hòa Bình,7720115,Y học Cổ truyền,B00,2025,19.0,,THPT
ETU,Đại học Hòa Bình,7720201,Dược học,A00,2025,19.0,,THPT
ETU,Trường Đại Học Hòa Bình,7720201,Dược học,A00,2025,19.0,,THPT
ETU,Trường Đại Học Hòa Bình,7720201,Dược học,B00,2025,19.0,,THPT
ETU,Đại học Hòa Bình,7720201,Dược học,B00,2025,19.0,,THPT
ETU,Trường Đại Học Hòa Bình,7720201,Dược học,D07,2025,19.0,,THPT
ETU,Đại học Hòa Bình,7720201,Dược học,D07,2025,19.0,,THPT
ETU,Đại học Hòa Bình,7720301,Điều dưỡng,B00,2025,17.0,,THPT
ETU,Trường Đại Học Hòa Bình,7720301,Điều dưỡng,B00,2025,17.0,,THPT
ETU,Đại học Hòa Bình,7810103,Quản trị dịch vụ du lịch và lữ hành,C00,2025,15.0,,THPT
ETU,Trường Đại Học Hòa Bình,7810103,Quản trị dịch vụ Du lịch và Lữ hành,C00,2025,15.0,,THPT
ETU,Trường Đại Học Hòa Bình,7810103,Quản trị dịch vụ Du lịch và Lữ hành,D01,2025,15.0,,THPT
ETU,Đại học Hòa Bình,7810103,Quản trị dịch vụ du lịch và lữ hành,D01,2025,15.0,,THPT
ETU,Đại học Hòa Bình,7810201,Quản trị khách sạn,C00,2025,15.0,,THPT
ETU,Trường Đại Học Hòa Bình,7810201,Quản trị khách sạn,C00,2025,15.0,,THPT
ETU,Trường Đại Học Hòa Bình,7810201,Quản trị khách sạn,D01,2025,15.0,,THPT
ETU,Đại học Hòa Bình,7810201,Quản trị khách sạn,D01,2025,15.0,,THPT
FBU,Trường Đại Học Tài Chính Ngân Hàng Hà Nội,7220201,Ngôn ngữ Anh,A01,2025,18.5,,THPT
FBU,Trường Đại Học Tài Chính Ngân Hàng Hà Nội,7220201,Ngôn ngữ Anh,D01,2025,18.5,,THPT
FBU,Trường Đại Học Tài Chính Ngân Hàng Hà Nội,7220201,Ngôn ngữ Anh,D10,2025,18.5,,THPT
FBU,Trường Đại Học Tài Chính Ngân Hàng Hà Nội,7220204,Ngôn ngữ Tiếng Trung,C00,2025,24.25,,THPT
FBU,Trường Đại Học Tài Chính Ngân Hàng Hà Nội,7220204,Ngôn ngữ Tiếng Trung,D01,2025,24.25,,THPT
FBU,Trường Đại Học Tài Chính Ngân Hàng Hà Nội,7340101,Quản trị kinh doanh,A00,2025,23.0,,THPT
FBU,Trường Đại Học Tài Chính Ngân Hàng Hà Nội,7340101,Quản trị kinh doanh,A01,2025,23.0,,THPT
FBU,Trường Đại Học Tài Chính Ngân Hàng Hà Nội,7340101,Quản trị kinh doanh,D01,2025,23.0,,THPT
FBU,Trường Đại Học Tài Chính Ngân Hàng Hà Nội,7340120,Kinh doanh quốc tế,A01,2025,18.5,,THPT
FBU,Trường Đại Học Tài Chính Ngân Hàng Hà Nội,7340120,Kinh doanh quốc tế,D01,2025,18.5,,THPT
FBU,Trường Đại Học Tài Chính Ngân Hàng Hà Nội,7340120,Kinh doanh quốc tế,D07,2025,18.5,,THPT
FBU,Trường Đại Học Tài Chính Ngân Hàng Hà Nội,7340120,Kinh doanh quốc tế,D09,2025,18.5,,THPT
FBU,Trường Đại Học Tài Chính Ngân Hàng Hà Nội,7340120,Kinh doanh quốc tế,D10,2025,18.5,,THPT
FBU,Trường Đại Học Tài Chính Ngân Hàng Hà Nội,7340121,Kinh doanh thương mại,A00,2025,23.0,,THPT
FBU,Trường Đại Học Tài Chính Ngân Hàng Hà Nội,7340121,Kinh doanh thương mại,A01,2025,23.0,,THPT
FBU,Trường Đại Học Tài Chính Ngân Hàng Hà Nội,7340121,Kinh doanh thương mại,D01,2025,23.0,,THPT
FBU,Trường Đại Học Tài Chính Ngân Hàng Hà Nội,7340201,Tài chính - Ngân hàng,A00,2025,22.0,,THPT
FBU,Trường Đại Học Tài Chính Ngân Hàng Hà Nội,7340201,Tài chính - Ngân hàng,A01,2025,22.0,,THPT
FBU,Trường Đại Học Tài Chính Ngân Hàng Hà Nội,7340201,Tài chính - Ngân hàng,D01,2025,22.0,,THPT
FBU,Trường Đại Học Tài Chính Ngân Hàng Hà Nội,7340301,Kế toán,A00,2025,23.0,,THPT
FBU,Trường Đại Học Tài Chính Ngân Hàng Hà Nội,7340301,Kế toán,A01,2025,23.0,,THPT
FBU,Trường Đại Học Tài Chính Ngân Hàng Hà Nội,7340301,Kế toán,D01,2025,23.0,,THPT
FBU,Trường Đại Học Tài Chính Ngân Hàng Hà Nội,7340302,Kiểm toán,A00,2025,17.0,,THPT
FBU,Trường Đại Học Tài Chính Ngân Hàng Hà Nội,7340302,Kiểm toán,A01,2025,17.0,,THPT
FBU,Trường Đại Học Tài Chính Ngân Hàng Hà Nội,7340302,Kiểm toán,D01,2025,17.0,,THPT
FBU,Trường Đại Học Tài Chính Ngân Hàng Hà Nội,7380107,Luật kinh tế,A00,2025,21.5,,THPT
FBU,Trường Đại Học Tài Chính Ngân Hàng Hà Nội,7380107,Luật kinh tế,A01,2025,21.5,,THPT
FBU,Trường Đại Học Tài Chính Ngân Hàng Hà Nội,7380107,Luật kinh tế,D01,2025,21.5,,THPT
FBU,Trường Đại Học Tài Chính Ngân Hàng Hà Nội,7480201,Công nghệ thông tin,A00,2025,17.0,,THPT
FBU,Trường Đại Học Tài Chính Ngân Hàng Hà Nội,7480201,Công nghệ thông tin,A01,2025,17.0,,THPT
FBU,Trường Đại Học Tài Chính Ngân Hàng Hà Nội,7480201,Công nghệ thông tin,D01,2025,17.0,,THPT
GDU,Đại học Gia Định,7220201,Ngôn ngữ Anh,A00,2025,15.0,,THPT
GDU,Trường Đại Học Gia Định,7220201,Ngôn ngữ Anh,A00,2025,15.0,,THPT
GDU,Trường Đại Học Gia Định,7220201,Ngôn ngữ Anh,A01,2025,15.0,,THPT
GDU,Đại học Gia Định,7220201,Ngôn ngữ Anh,A01,2025,15.0,,THPT
GDU,Trường Đại Học Gia Định,7220201,Ngôn ngữ Anh,C00,2025,15.0,,THPT
GDU,Đại học Gia Định,7220201,Ngôn ngữ Anh,C00,2025,15.0,,THPT
GDU,Trường Đại Học Gia Định,7220201,Ngôn ngữ Anh,D01,2025,15.0,,THPT
GDU,Đại học Gia Định,7220201,Ngôn ngữ Anh,D01,2025,15.0,,THPT
GDU,Đại học Gia Định,7220204,Ngôn ngữ Trung Quốc,A00,2025,16.0,,THPT
GDU,Trường Đại Học Gia Định,7220204,Ngôn ngữ Trung quốc,A00,2025,16.0,,THPT
GDU,Trường Đại Học Gia Định,7220204,Ngôn ngữ Trung quốc,A01,2025,16.0,,THPT
GDU,Đại học Gia Định,7220204,Ngôn ngữ Trung Quốc,A01,2025,16.0,,THPT
GDU,Trường Đại Học Gia Định,7220204,Ngôn ngữ Trung quốc,C00,2025,16.0,,THPT
GDU,Đại học Gia Định,7220204,Ngôn ngữ Trung Quốc,C00,2025,16.0,,THPT
GDU,Trường Đại Học Gia Định,7220204,Ngôn ngữ Trung quốc,D01,2025,16.0,,THPT
GDU,Đại học Gia Định,7220204,Ngôn ngữ Trung Quốc,D01,2025,16.0,,THPT
GDU,Đại học Gia Định,7310401,Tâm lý học,A00,2025,15.0,,THPT
GDU,Trường Đại Học Gia Định,7310401,Tâm lý học,A00,2025,15.0,,THPT
GDU,Trường Đại Học Gia Định,7310401,Tâm lý học,A01,2025,15.0,,THPT
GDU,Đại học Gia Định,7310401,Tâm lý học,A01,2025,15.0,,THPT
GDU,Trường Đại Học Gia Định,7310401,Tâm lý học,C00,2025,15.0,,THPT
GDU,Đại học Gia Định,7310401,Tâm lý học,C00,2025,15.0,,THPT
GDU,Trường Đại Học Gia Định,7310401,Tâm lý học,D01,2025,15.0,,THPT
GDU,Đại học Gia Định,7310401,Tâm lý học,D01,2025,15.0,,THPT
GDU,Đại học Gia Định,7310608,Đông phương học,A00,2025,15.0,,THPT
GDU,Trường Đại Học Gia Định,7310608,Đông phương học,A00,2025,15.0,,THPT
GDU,Trường Đại Học Gia Định,7310608,Đông phương học,A01,2025,15.0,,THPT
GDU,Đại học Gia Định,7310608,Đông phương học,A01,2025,15.0,,THPT
GDU,Trường Đại Học Gia Định,7310608,Đông phương học,C00,2025,15.0,,THPT
GDU,Đại học Gia Định,7310608,Đông phương học,C00,2025,15.0,,THPT
GDU,Trường Đại Học Gia Định,7310608,Đông phương học,D01,2025,15.0,,THPT
GDU,Đại học Gia Định,7310608,Đông phương học,D01,2025,15.0,,THPT
GDU,Đại học Gia Định,7320104,Truyền thông đa phương tiện,A00,2025,16.0,,THPT
GDU,Trường Đại Học Gia Định,7320104,Truyền thông đa phương tiện,A00,2025,16.0,,THPT
GDU,Trường Đại Học Gia Định,7320104,Truyền thông đa phương tiện,A01,2025,16.0,,THPT
GDU,Đại học Gia Định,7320104,Truyền thông đa phương tiện,A01,2025,16.0,,THPT
GDU,Trường Đại Học Gia Định,7320104,Truyền thông đa phương tiện,C00,2025,16.0,,THPT
GDU,Đại học Gia Định,7320104,Truyền thông đa phương tiện,C00,2025,16.0,,THPT
GDU,Trường Đại Học Gia Định,7320104,Truyền thông đa phương tiện,D01,2025,16.0,,THPT
GDU,Đại học Gia Định,7320104,Truyền thông đa phương tiện,D01,2025,16.0,,THPT
GDU,Đại học Gia Định,7320106,Công nghệ truyền thông,A00,2025,15.0,,THPT
GDU,Trường Đại Học Gia Định,7320106,Công nghệ truyền thông,A00,2025,15.0,,THPT
GDU,Trường Đại Học Gia Định,7320106,Công nghệ truyền thông,A01,2025,15.0,,THPT
GDU,Đại học Gia Định,7320106,Công nghệ truyền thông,A01,2025,15.0,,THPT
GDU,Trường Đại Học Gia Định,7320106,Công nghệ truyền thông,C00,2025,15.0,,THPT
GDU,Đại học Gia Định,7320106,Công nghệ truyền thông,C00,2025,15.0,,THPT
GDU,Trường Đại Học Gia Định,7320106,Công nghệ truyền thông,D01,2025,15.0,,THPT
GDU,Đại học Gia Định,7320106,Công nghệ truyền thông,D01,2025,15.0,,THPT
GDU,Đại học Gia Định,7320108,Quan hệ công chúng,A00,2025,15.0,,THPT
GDU,Trường Đại Học Gia Định,7320108,Quan hệ công chúng,A00,2025,15.0,,THPT
GDU,Trường Đại Học Gia Định,7320108,Quan hệ công chúng,A01,2025,15.0,,THPT
GDU,Đại học Gia Định,7320108,Quan hệ công chúng,A01,2025,15.0,,THPT
GDU,Trường Đại Học Gia Định,7320108,Quan hệ công chúng,C00,2025,15.0,,THPT
GDU,Đại học Gia Định,7320108,Quan hệ công chúng,C00,2025,15.0,,THPT
GDU,Trường Đại Học Gia Định,7320108,Quan hệ công chúng,D01,2025,15.0,,THPT
GDU,Đại học Gia Định,7320108,Quan hệ công chúng,D01,2025,15.0,,THPT
GDU,Đại học Gia Định,7340101,Quản trị Kinh doanh,A00,2025,15.0,,THPT
GDU,Trường Đại Học Gia Định,7340101,Quản trị kinh doanh,A00,2025,15.0,,THPT
GDU,Trường Đại Học Gia Định,7340101,Quản trị kinh doanh,A01,2025,15.0,,THPT
GDU,Đại học Gia Định,7340101,Quản trị Kinh doanh,A01,2025,15.0,,THPT
GDU,Trường Đại Học Gia Định,7340101,Quản trị kinh doanh,C00,2025,15.0,,THPT
GDU,Đại học Gia Định,7340101,Quản trị Kinh doanh,C00,2025,15.0,,THPT
GDU,Trường Đại Học Gia Định,7340101,Quản trị kinh doanh,D01,2025,15.0,,THPT
GDU,Đại học Gia Định,7340101,Quản trị Kinh doanh,D01,2025,15.0,,THPT
GDU,Đại học Gia Định,7340115,Marketing,A00,2025,16.0,,THPT
GDU,Trường Đại Học Gia Định,7340115,Marketing,A00,2025,16.0,,THPT
GDU,Trường Đại Học Gia Định,7340115,Marketing,A01,2025,16.0,,THPT
GDU,Đại học Gia Định,7340115,Marketing,A01,2025,16.0,,THPT
GDU,Trường Đại Học Gia Định,7340115,Marketing,C00,2025,16.0,,THPT
GDU,Đại học Gia Định,7340115,Marketing,C00,2025,16.0,,THPT
GDU,Trường Đại Học Gia Định,7340115,Marketing,D01,2025,16.0,,THPT
GDU,Đại học Gia Định,7340115,Marketing,D01,2025,16.0,,THPT
GDU,Đại học Gia Định,7340120,Ngành Kinh doanh quốc tế,A00,2025,15.0,,THPT
GDU,Trường Đại Học Gia Định,7340120,Kinh doanh quốc tế,A00,2025,15.0,,THPT
GDU,Trường Đại Học Gia Định,7340120,Kinh doanh quốc tế,A01,2025,15.0,,THPT
GDU,Đại học Gia Định,7340120,Ngành Kinh doanh quốc tế,A01,2025,15.0,,THPT
GDU,Trường Đại Học Gia Định,7340120,Kinh doanh quốc tế,C00,2025,15.0,,THPT
GDU,Đại học Gia Định,7340120,Ngành Kinh doanh quốc tế,C00,2025,15.0,,THPT
GDU,Trường Đại Học Gia Định,7340120,Kinh doanh quốc tế,D01,2025,15.0,,THPT
GDU,Đại học Gia Định,7340120,Ngành Kinh doanh quốc tế,D01,2025,15.0,,THPT
GDU,Đại học Gia Định,7340121,Kinh doanh thương mại,A00,2025,15.0,,THPT
GDU,Trường Đại Học Gia Định,7340121,Kinh doanh thương mại,A00,2025,15.0,,THPT
GDU,Trường Đại Học Gia Định,7340121,Kinh doanh thương mại,A01,2025,15.0,,THPT
GDU,Đại học Gia Định,7340121,Kinh doanh thương mại,A01,2025,15.0,,THPT
GDU,Trường Đại Học Gia Định,7340121,Kinh doanh thương mại,C00,2025,15.0,,THPT
GDU,Đại học Gia Định,7340121,Kinh doanh thương mại,C00,2025,15.0,,THPT
GDU,Trường Đại Học Gia Định,7340121,Kinh doanh thương mại,D01,2025,15.0,,THPT
GDU,Đại học Gia Định,7340121,Kinh doanh thương mại,D01,2025,15.0,,THPT
GDU,Đại học Gia Định,7340122,Thương mại điện tử,A00,2025,15.0,,THPT
GDU,Trường Đại Học Gia Định,7340122,Thương mại điện tử,A00,2025,15.0,,THPT
GDU,Trường Đại Học Gia Định,7340122,Thương mại điện tử,A01,2025,15.0,,THPT
GDU,Đại học Gia Định,7340122,Thương mại điện tử,A01,2025,15.0,,THPT
GDU,Trường Đại Học Gia Định,7340122,Thương mại điện tử,C00,2025,15.0,,THPT
GDU,Đại học Gia Định,7340122,Thương mại điện tử,C00,2025,15.0,,THPT
GDU,Trường Đại Học Gia Định,7340122,Thương mại điện tử,D01,2025,15.0,,THPT
GDU,Đại học Gia Định,7340122,Thương mại điện tử,D01,2025,15.0,,THPT
GDU,Đại học Gia Định,7340201,Tài chính – Ngân hàng,A00,2025,15.0,,THPT
GDU,Trường Đại Học Gia Định,7340201,Tài chính - ngân hàng,A00,2025,15.0,,THPT
GDU,Trường Đại Học Gia Định,7340201,Tài chính - ngân hàng,A01,2025,15.0,,THPT
GDU,Đại học Gia Định,7340201,Tài chính – Ngân hàng,A01,2025,15.0,,THPT
GDU,Trường Đại Học Gia Định,7340201,Tài chính - ngân hàng,C00,2025,15.0,,THPT
GDU,Đại học Gia Định,7340201,Tài chính – Ngân hàng,C00,2025,15.0,,THPT
GDU,Trường Đại Học Gia Định,7340201,Tài chính - ngân hàng,D01,2025,15.0,,THPT
GDU,Đại học Gia Định,7340201,Tài chính – Ngân hàng,D01,2025,15.0,,THPT
GDU,Đại học Gia Định,7340205,Công nghệ tài chính,A00,2025,15.0,,THPT
GDU,Trường Đại Học Gia Định,7340205,Công nghệ tài chính,A00,2025,15.0,,THPT
GDU,Trường Đại Học Gia Định,7340205,Công nghệ tài chính,A01,2025,15.0,,THPT
GDU,Đại học Gia Định,7340205,Công nghệ tài chính,A01,2025,15.0,,THPT
GDU,Trường Đại Học Gia Định,7340205,Công nghệ tài chính,C00,2025,15.0,,THPT
GDU,Đại học Gia Định,7340205,Công nghệ tài chính,C00,2025,15.0,,THPT
GDU,Trường Đại Học Gia Định,7340205,Công nghệ tài chính,D01,2025,15.0,,THPT
GDU,Đại học Gia Định,7340205,Công nghệ tài chính,D01,2025,15.0,,THPT
GDU,Đại học Gia Định,7340301,Kế toán,A00,2025,15.0,,THPT
GDU,Trường Đại Học Gia Định,7340301,Kế toán,A00,2025,15.0,,THPT
GDU,Trường Đại Học Gia Định,7340301,Kế toán,A01,2025,15.0,,THPT
GDU,Đại học Gia Định,7340301,Kế toán,A01,2025,15.0,,THPT
GDU,Trường Đại Học Gia Định,7340301,Kế toán,C00,2025,15.0,,THPT
GDU,Đại học Gia Định,7340301,Kế toán,C00,2025,15.0,,THPT
GDU,Trường Đại Học Gia Định,7340301,Kế toán,D01,2025,15.0,,THPT
GDU,Đại học Gia Định,7340301,Kế toán,D01,2025,15.0,,THPT
GDU,Đại học Gia Định,7380101,Ngành Luật,A00,2025,15.0,,THPT
GDU,Trường Đại Học Gia Định,7380101,Luật,A00,2025,15.0,,THPT
GDU,Trường Đại Học Gia Định,7380101,Luật,A01,2025,15.0,,THPT
GDU,Đại học Gia Định,7380101,Ngành Luật,A01,2025,15.0,,THPT
GDU,Trường Đại Học Gia Định,7380101,Luật,C00,2025,15.0,,THPT
GDU,Đại học Gia Định,7380101,Ngành Luật,C00,2025,15.0,,THPT
GDU,Trường Đại Học Gia Định,7380101,Luật,D01,2025,15.0,,THPT
GDU,Đại học Gia Định,7380101,Ngành Luật,D01,2025,15.0,,THPT
GDU,Đại học Gia Định,7380107,Luật kinh tế,A00,2025,15.0,,THPT
GDU,Trường Đại Học Gia Định,7380107,Luật kinh tế,A00,2025,15.0,,THPT
GDU,Trường Đại Học Gia Định,7380107,Luật kinh tế,A01,2025,15.0,,THPT
GDU,Đại học Gia Định,7380107,Luật kinh tế,A01,2025,15.0,,THPT
GDU,Trường Đại Học Gia Định,7380107,Luật kinh tế,C00,2025,15.0,,THPT
GDU,Đại học Gia Định,7380107,Luật kinh tế,C00,2025,15.0,,THPT
GDU,Trường Đại Học Gia Định,7380107,Luật kinh tế,D01,2025,15.0,,THPT
GDU,Đại học Gia Định,7380107,Luật kinh tế,D01,2025,15.0,,THPT
GDU,Đại học Gia Định,7480102,Mạng máy tính và truyền thông dữ liệu,A00,2025,15.0,,THPT
GDU,Trường Đại Học Gia Định,7480102,Mạng máy tính & truyền thông dữ liệu,A00,2025,15.0,,THPT
GDU,Trường Đại Học Gia Định,7480102,Mạng máy tính & truyền thông dữ liệu,A01,2025,15.0,,THPT
GDU,Đại học Gia Định,7480102,Mạng máy tính và truyền thông dữ liệu,A01,2025,15.0,,THPT
GDU,Trường Đại Học Gia Định,7480102,Mạng máy tính & truyền thông dữ liệu,D01,2025,15.0,,THPT
GDU,Đại học Gia Định,7480102,Mạng máy tính và truyền thông dữ liệu,D01,2025,15.0,,THPT
GDU,Đại học Gia Định,7480103,Kỹ thuật phần mềm,A00,2025,15.0,,THPT
GDU,Trường Đại Học Gia Định,7480103,Kỹ thuật phần mềm,A00,2025,15.0,,THPT
GDU,Trường Đại Học Gia Định,7480103,Kỹ thuật phần mềm,A01,2025,15.0,,THPT
GDU,Đại học Gia Định,7480103,Kỹ thuật phần mềm,A01,2025,15.0,,THPT
GDU,Trường Đại Học Gia Định,7480103,Kỹ thuật phần mềm,D01,2025,15.0,,THPT
GDU,Đại học Gia Định,7480103,Kỹ thuật phần mềm,D01,2025,15.0,,THPT
GDU,Đại học Gia Định,7480107,Trí tuệ nhân tạo,A00,2025,17.0,,THPT
GDU,Trường Đại Học Gia Định,7480107,Trí tuệ nhân tạo,A00,2025,17.0,,THPT
GDU,Trường Đại Học Gia Định,7480107,Trí tuệ nhân tạo,A01,2025,17.0,,THPT
GDU,Đại học Gia Định,7480107,Trí tuệ nhân tạo,A01,2025,17.0,,THPT
GDU,Trường Đại Học Gia Định,7480107,Trí tuệ nhân tạo,C00,2025,17.0,,THPT
GDU,Trường Đại Học Gia Định,7480107,Trí tuệ nhân tạo,D01,2025,17.0,,THPT
GDU,Đại học Gia Định,7480107,Trí tuệ nhân tạo,D01,2025,17.0,,THPT
GDU,Đại học Gia Định,7480201,Công nghệ thông tin,A00,2025,16.0,,THPT
GDU,Trường Đại Học Gia Định,7480201,Công nghệ thông tin,A00,2025,16.0,,THPT
GDU,Trường Đại Học Gia Định,7480201,Công nghệ thông tin,A01,2025,16.0,,THPT
GDU,Đại học Gia Định,7480201,Công nghệ thông tin,A01,2025,16.0,,THPT
GDU,Trường Đại Học Gia Định,7480201,Công nghệ thông tin,D01,2025,16.0,,THPT
GDU,Đại học Gia Định,7480201,Công nghệ thông tin,D01,2025,16.0,,THPT
GDU,Đại học Gia Định,7510605,Logistics và Quản lý chuỗi cung ứng,A00,2025,16.0,,THPT
GDU,Trường Đại Học Gia Định,7510605,Logistics & quản lý chuỗi cung ứng,A00,2025,16.0,,THPT
GDU,Trường Đại Học Gia Định,7510605,Logistics & quản lý chuỗi cung ứng,A01,2025,16.0,,THPT
GDU,Đại học Gia Định,7510605,Logistics và Quản lý chuỗi cung ứng,A01,2025,16.0,,THPT
GDU,Trường Đại Học Gia Định,7510605,Logistics & quản lý chuỗi cung ứng,C00,2025,16.0,,THPT
GDU,Đại học Gia Định,7510605,Logistics và Quản lý chuỗi cung ứng,C00,2025,16.0,,THPT
GDU,Trường Đại Học Gia Định,7510605,Logistics & quản lý chuỗi cung ứng,D01,2025,16.0,,THPT
GDU,Đại học Gia Định,7510605,Logistics và Quản lý chuỗi cung ứng,D01,2025,16.0,,THPT
GDU,Đại học Gia Định,7720501,Răng- Hàm -Mặt,A00,2025,20.5,,THPT
GDU,Trường Đại Học Gia Định,7720501,Răng - Hàm - Mặt,A00,2025,20.5,,THPT
GDU,Trường Đại Học Gia Định,7720501,Răng - Hàm - Mặt,A01,2025,20.5,,THPT
GDU,Đại học Gia Định,7720501,Răng- Hàm -Mặt,A01,2025,20.5,,THPT
GDU,Trường Đại Học Gia Định,7720501,Răng - Hàm - Mặt,B00,2025,20.5,,THPT
GDU,Đại học Gia Định,7720501,Răng- Hàm -Mặt,B00,2025,20.5,,THPT
GDU,Trường Đại Học Gia Định,7720501,Răng - Hàm - Mặt,D07,2025,20.5,,THPT
GDU,Đại học Gia Định,7720501,Răng- Hàm -Mặt,D07,2025,20.5,,THPT
GDU,Trường Đại Học Gia Định,7720501,Răng - Hàm - Mặt,D08,2025,20.5,,THPT
GDU,Đại học Gia Định,7720501,Răng- Hàm -Mặt,D08,2025,20.5,,THPT
GDU,Đại học Gia Định,7810103,Quản trị dịch vụ du lịch và lữ hành,A00,2025,15.0,,THPT
GDU,Trường Đại Học Gia Định,7810103,Quản trị dịch vụ du lịch & lữ hành,A00,2025,15.0,,THPT
GDU,Trường Đại Học Gia Định,7810103,Quản trị dịch vụ du lịch & lữ hành,A01,2025,15.0,,THPT
GDU,Đại học Gia Định,7810103,Quản trị dịch vụ du lịch và lữ hành,A01,2025,15.0,,THPT
GDU,Trường Đại Học Gia Định,7810103,Quản trị dịch vụ du lịch & lữ hành,C00,2025,15.0,,THPT
GDU,Đại học Gia Định,7810103,Quản trị dịch vụ du lịch và lữ hành,C00,2025,15.0,,THPT
GDU,Trường Đại Học Gia Định,7810103,Quản trị dịch vụ du lịch & lữ hành,D01,2025,15.0,,THPT
GDU,Đại học Gia Định,7810103,Quản trị dịch vụ du lịch và lữ hành,D01,2025,15.0,,THPT
GDU,Đại học Gia Định,7810201,Quản trị khách sạn,A00,2025,15.0,,THPT
GDU,Trường Đại Học Gia Định,7810201,Quản trị khách sạn,A00,2025,15.0,,THPT
GDU,Trường Đại Học Gia Định,7810201,Quản trị khách sạn,A01,2025,15.0,,THPT
GDU,Đại học Gia Định,7810201,Quản trị khách sạn,A01,2025,15.0,,THPT
GDU,Trường Đại Học Gia Định,7810201,Quản trị khách sạn,C00,2025,15.0,,THPT
GDU,Đại học Gia Định,7810201,Quản trị khách sạn,C00,2025,15.0,,THPT
GDU,Trường Đại Học Gia Định,7810201,Quản trị khách sạn,D01,2025,15.0,,THPT
GDU,Đại học Gia Định,7810201,Quản trị khách sạn,D01,2025,15.0,,THPT
GHA,Đại học Giao thông Vận tải ( Cơ sở Phía Bắc ),7220201,Ngôn ngữ Anh,D01,2025,25.33,,THPT
GHA,Trường Đại Học Giao Thông Vận Tải,7220201,Ngôn ngữ Anh,D01,2025,25.33,,THPT
GHA,Trường Đại Học Giao Thông Vận Tải,7220201,Ngôn ngữ Anh,D09,2025,25.33,,THPT
GHA,Đại học Giao thông Vận tải ( Cơ sở Phía Bắc ),7220201,Ngôn ngữ Anh,D09,2025,25.33,,THPT
GHA,Trường Đại Học Giao Thông Vận Tải,7220201,Ngôn ngữ Anh,D10,2025,25.33,,THPT
GHA,Đại học Giao thông Vận tải ( Cơ sở Phía Bắc ),7220201,Ngôn ngữ Anh,D10,2025,25.33,,THPT
GHA,Đại học Giao thông Vận tải ( Cơ sở Phía Bắc ),7310101,Kinh tế,A00,2025,25.15,,THPT
GHA,Trường Đại Học Giao Thông Vận Tải,7310101,"Kinh tế (chuyên ngành: kinh tế và quản lý đầu tư, kinh tế bưu chính viễn thông)",A00,2025,25.15,,THPT
GHA,Trường Đại Học Giao Thông Vận Tải,7310101,"Kinh tế (chuyên ngành: kinh tế và quản lý đầu tư, kinh tế bưu chính viễn thông)",A01,2025,25.15,,THPT
GHA,Đại học Giao thông Vận tải ( Cơ sở Phía Bắc ),7310101,Kinh tế,A01,2025,25.15,,THPT
GHA,Trường Đại Học Giao Thông Vận Tải,7310101,"Kinh tế (chuyên ngành: kinh tế và quản lý đầu tư, kinh tế bưu chính viễn thông)",D01,2025,25.15,,THPT
GHA,Đại học Giao thông Vận tải ( Cơ sở Phía Bắc ),7310101,Kinh tế,D01,2025,25.15,,THPT
GHA,Trường Đại Học Giao Thông Vận Tải,7310101,"Kinh tế (chuyên ngành: kinh tế và quản lý đầu tư, kinh tế bưu chính viễn thông)",D07,2025,25.15,,THPT
GHA,Đại học Giao thông Vận tải ( Cơ sở Phía Bắc ),7310101,Kinh tế,D07,2025,25.15,,THPT
GHA,Đại học Giao thông Vận tải ( Cơ sở Phía Bắc ),7340101,Quản trị Kinh doanh,A00,2025,25.41,,THPT
GHA,Trường Đại Học Giao Thông Vận Tải,7340101,Quản trị kinh doanh,A00,2025,25.41,,THPT
GHA,Trường Đại Học Giao Thông Vận Tải,7340101,Quản trị kinh doanh,A01,2025,25.41,,THPT
GHA,Đại học Giao thông Vận tải ( Cơ sở Phía Bắc ),7340101,Quản trị Kinh doanh,A01,2025,25.41,,THPT
GHA,Trường Đại Học Giao Thông Vận Tải,7340101,Quản trị kinh doanh,D01,2025,25.41,,THPT
GHA,Đại học Giao thông Vận tải ( Cơ sở Phía Bắc ),7340101,Quản trị Kinh doanh,D01,2025,25.41,,THPT
GHA,Trường Đại Học Giao Thông Vận Tải,7340101,Quản trị kinh doanh,D07,2025,25.41,,THPT
GHA,Đại học Giao thông Vận tải ( Cơ sở Phía Bắc ),7340101,Quản trị Kinh doanh,D07,2025,25.41,,THPT
GHA,Trường Đại Học Giao Thông Vận Tải,7340101 QT,Quản trị kinh doanh (Chương trình CLC Quản trị kinh doanh Việt-Anh),A00,2025,22.63,,THPT
GHA,Trường Đại Học Giao Thông Vận Tải,7340101 QT,Quản trị kinh doanh (Chương trình CLC Quản trị kinh doanh Việt-Anh),A01,2025,22.63,,THPT
GHA,Trường Đại Học Giao Thông Vận Tải,7340101 QT,Quản trị kinh doanh (Chương trình CLC Quản trị kinh doanh Việt-Anh),D01,2025,22.63,,THPT
GHA,Trường Đại Học Giao Thông Vận Tải,7340101 QT,Quản trị kinh doanh (Chương trình CLC Quản trị kinh doanh Việt-Anh),D07,2025,22.63,,THPT
GHA,Đại học Giao thông Vận tải ( Cơ sở Phía Bắc ),7340101QT,Quản trị kinh doanh (liên kết quốc tế do Đại học Troy - Hoa Kỳ cấp bằng),A00,2025,22.63,,THPT
GHA,Đại học Giao thông Vận tải ( Cơ sở Phía Bắc ),7340101QT,Quản trị kinh doanh (liên kết quốc tế do Đại học Troy - Hoa Kỳ cấp bằng),A01,2025,22.63,,THPT
GHA,Đại học Giao thông Vận tải ( Cơ sở Phía Bắc ),7340101QT,Quản trị kinh doanh (liên kết quốc tế do Đại học Troy - Hoa Kỳ cấp bằng),D01,2025,22.63,,THPT
GHA,Đại học Giao thông Vận tải ( Cơ sở Phía Bắc ),7340101QT,Quản trị kinh doanh (liên kết quốc tế do Đại học Troy - Hoa Kỳ cấp bằng),D07,2025,22.63,,THPT
GHA,Đại học Giao thông Vận tải ( Cơ sở Phía Bắc ),7340201,Tài chính – Ngân hàng,A00,2025,25.86,,THPT
GHA,Trường Đại Học Giao Thông Vận Tải,7340201,Tài chính - Ngân hàng,A00,2025,25.86,,THPT
GHA,Trường Đại Học Giao Thông Vận Tải,7340201,Tài chính - Ngân hàng,A01,2025,25.86,,THPT
GHA,Đại học Giao thông Vận tải ( Cơ sở Phía Bắc ),7340201,Tài chính – Ngân hàng,A01,2025,25.86,,THPT
GHA,Trường Đại Học Giao Thông Vận Tải,7340201,Tài chính - Ngân hàng,D01,2025,25.86,,THPT
GHA,Đại học Giao thông Vận tải ( Cơ sở Phía Bắc ),7340201,Tài chính – Ngân hàng,D01,2025,25.86,,THPT
GHA,Trường Đại Học Giao Thông Vận Tải,7340201,Tài chính - Ngân hàng,D07,2025,25.86,,THPT
GHA,Đại học Giao thông Vận tải ( Cơ sở Phía Bắc ),7340201,Tài chính – Ngân hàng,D07,2025,25.86,,THPT
GHA,Đại học Giao thông Vận tải ( Cơ sở Phía Bắc ),7340301,Kế toán,A00,2025,25.41,,THPT
GHA,Trường Đại Học Giao Thông Vận Tải,7340301,Kế toán (chuyên ngành Kế toán tổng hợp),A00,2025,25.41,,THPT
GHA,Trường Đại Học Giao Thông Vận Tải,7340301,Kế toán (chuyên ngành Kế toán tổng hợp),A01,2025,25.41,,THPT
GHA,Đại học Giao thông Vận tải ( Cơ sở Phía Bắc ),7340301,Kế toán,A01,2025,25.41,,THPT
GHA,Trường Đại Học Giao Thông Vận Tải,7340301,Kế toán (chuyên ngành Kế toán tổng hợp),D01,2025,25.41,,THPT
GHA,Đại học Giao thông Vận tải ( Cơ sở Phía Bắc ),7340301,Kế toán,D01,2025,25.41,,THPT
GHA,Trường Đại Học Giao Thông Vận Tải,7340301,Kế toán (chuyên ngành Kế toán tổng hợp),D07,2025,25.41,,THPT
GHA,Đại học Giao thông Vận tải ( Cơ sở Phía Bắc ),7340301,Kế toán,D07,2025,25.41,,THPT
GHA,Trường Đại Học Giao Thông Vận Tải,7340301 QT,Kế toán (Chương trình CLC Kế toán tổng hợp Việt-Anh),A00,2025,21.15,,THPT
GHA,Trường Đại Học Giao Thông Vận Tải,7340301 QT,Kế toán (Chương trình CLC Kế toán tổng hợp Việt-Anh),A01,2025,21.15,,THPT
GHA,Trường Đại Học Giao Thông Vận Tải,7340301 QT,Kế toán (Chương trình CLC Kế toán tổng hợp Việt-Anh),D01,2025,21.15,,THPT
GHA,Trường Đại Học Giao Thông Vận Tải,7340301 QT,Kế toán (Chương trình CLC Kế toán tổng hợp Việt-Anh),D07,2025,21.15,,THPT
GHA,Đại học Giao thông Vận tải ( Cơ sở Phía Bắc ),7340301QT,Kế toán (Chương trình chất lượng cao Kế toán tổng hợp Việt - Anh),A00,2025,21.15,,THPT
GHA,Đại học Giao thông Vận tải ( Cơ sở Phía Bắc ),7340301QT,Kế toán (Chương trình chất lượng cao Kế toán tổng hợp Việt - Anh),A01,2025,21.15,,THPT
GHA,Đại học Giao thông Vận tải ( Cơ sở Phía Bắc ),7340301QT,Kế toán (Chương trình chất lượng cao Kế toán tổng hợp Việt - Anh),D01,2025,21.15,,THPT
GHA,Đại học Giao thông Vận tải ( Cơ sở Phía Bắc ),7340301QT,Kế toán (Chương trình chất lượng cao Kế toán tổng hợp Việt - Anh),D07,2025,21.15,,THPT
GHA,Đại học Giao thông Vận tải ( Cơ sở Phía Bắc ),7460112,ĐH Toán ứng dụng,A00,2025,24.15,,THPT
GHA,Trường Đại Học Giao Thông Vận Tải,7460112,Toán ứng dụng (chuyên ngành toán tin ứng dụng),A00,2025,24.15,,THPT
GHA,Trường Đại Học Giao Thông Vận Tải,7460112,Toán ứng dụng (chuyên ngành toán tin ứng dụng),A01,2025,24.15,,THPT
GHA,Đại học Giao thông Vận tải ( Cơ sở Phía Bắc ),7460112,ĐH Toán ứng dụng,A01,2025,24.15,,THPT
GHA,Trường Đại Học Giao Thông Vận Tải,7460112,Toán ứng dụng (chuyên ngành toán tin ứng dụng),D01,2025,24.15,,THPT
GHA,Đại học Giao thông Vận tải ( Cơ sở Phía Bắc ),7460112,ĐH Toán ứng dụng,D01,2025,24.15,,THPT
GHA,Trường Đại Học Giao Thông Vận Tải,7460112,Toán ứng dụng (chuyên ngành toán tin ứng dụng),D07,2025,24.15,,THPT
GHA,Đại học Giao thông Vận tải ( Cơ sở Phía Bắc ),7460112,ĐH Toán ứng dụng,D07,2025,24.15,,THPT
GHA,Đại học Giao thông Vận tải ( Cơ sở Phía Bắc ),7480101,Khoa học máy tính,A00,2025,24.35,,THPT
GHA,Trường Đại Học Giao Thông Vận Tải,7480101,Khoa học máy tính,A00,2025,24.35,,THPT
GHA,Trường Đại Học Giao Thông Vận Tải,7480101,Khoa học máy tính,A01,2025,24.35,,THPT
GHA,Đại học Giao thông Vận tải ( Cơ sở Phía Bắc ),7480101,Khoa học máy tính,A01,2025,24.35,,THPT
GHA,Trường Đại Học Giao Thông Vận Tải,7480101,Khoa học máy tính,D07,2025,24.35,,THPT
GHA,Đại học Giao thông Vận tải ( Cơ sở Phía Bắc ),7480101,Khoa học máy tính,D07,2025,24.35,,THPT
GHA,Đại học Giao thông Vận tải ( Cơ sở Phía Bắc ),7480106,Kỹ thuật máy tính,A00,2025,23.95,,THPT
GHA,Trường Đại Học Giao Thông Vận Tải,7480106,"Kỹ thuật máy tính (theo hướng chuyên sâu vi mạch bán dẫn, bao gồm lớp kỹ sư tài năng)",A00,2025,23.95,,THPT
GHA,Trường Đại Học Giao Thông Vận Tải,7480106,"Kỹ thuật máy tính (theo hướng chuyên sâu vi mạch bán dẫn, bao gồm lớp kỹ sư tài năng)",A01,2025,23.95,,THPT
GHA,Đại học Giao thông Vận tải ( Cơ sở Phía Bắc ),7480106,Kỹ thuật máy tính,A01,2025,23.95,,THPT
GHA,Trường Đại Học Giao Thông Vận Tải,7480106,"Kỹ thuật máy tính (theo hướng chuyên sâu vi mạch bán dẫn, bao gồm lớp kỹ sư tài năng)",D07,2025,23.95,,THPT
GHA,Đại học Giao thông Vận tải ( Cơ sở Phía Bắc ),7480106,Kỹ thuật máy tính,D07,2025,23.95,,THPT
GHA,Đại học Giao thông Vận tải ( Cơ sở Phía Bắc ),7480201,Công nghệ thông tin,A00,2025,23.7,,THPT
GHA,Trường Đại Học Giao Thông Vận Tải,7480201,Công nghệ thông tin,A00,2025,23.7,,THPT
GHA,Trường Đại Học Giao Thông Vận Tải,7480201,Công nghệ thông tin,A01,2025,23.7,,THPT
GHA,Đại học Giao thông Vận tải ( Cơ sở Phía Bắc ),7480201,Công nghệ thông tin,A01,2025,23.7,,THPT
GHA,Trường Đại Học Giao Thông Vận Tải,7480201,Công nghệ thông tin,D07,2025,23.7,,THPT
GHA,Đại học Giao thông Vận tải ( Cơ sở Phía Bắc ),7480201,Công nghệ thông tin,D07,2025,23.7,,THPT
GHA,Trường Đại Học Giao Thông Vận Tải,7480201 QT,Công nghệ thông tin (Chương trình CLC Công nghệ thông tin Việt-Anh),A00,2025,23.1,,THPT
GHA,Trường Đại Học Giao Thông Vận Tải,7480201 QT,Công nghệ thông tin (Chương trình CLC Công nghệ thông tin Việt-Anh),A01,2025,23.1,,THPT
GHA,Trường Đại Học Giao Thông Vận Tải,7480201 QT,Công nghệ thông tin (Chương trình CLC Công nghệ thông tin Việt-Anh),D07,2025,23.1,,THPT
GHA,Đại học Giao thông Vận tải ( Cơ sở Phía Bắc ),7480201QT,Công nghệ thông tin (CT Chất lượng cao Công nghệ thông tin Việt - Anh),A00,2025,23.1,,THPT
GHA,Đại học Giao thông Vận tải ( Cơ sở Phía Bắc ),7480201QT,Công nghệ thông tin (CT Chất lượng cao Công nghệ thông tin Việt - Anh),A01,2025,23.1,,THPT
GHA,Đại học Giao thông Vận tải ( Cơ sở Phía Bắc ),7480201QT,Công nghệ thông tin (CT Chất lượng cao Công nghệ thông tin Việt - Anh),D07,2025,23.1,,THPT
GHA,Đại học Giao thông Vận tải ( Cơ sở Phía Bắc ),7510605,Logistics và Quản lý chuỗi cung ứng,A00,2025,27.52,,THPT
GHA,Trường Đại Học Giao Thông Vận Tải,7510605,Logistics và quản lý chuỗi cung ứng,A00,2025,27.52,,THPT
GHA,Trường Đại Học Giao Thông Vận Tải,7510605,Logistics và quản lý chuỗi cung ứng,A01,2025,27.52,,THPT
GHA,Đại học Giao thông Vận tải ( Cơ sở Phía Bắc ),7510605,Logistics và Quản lý chuỗi cung ứng,A01,2025,27.52,,THPT
GHA,Trường Đại Học Giao Thông Vận Tải,7510605,Logistics và quản lý chuỗi cung ứng,D01,2025,27.52,,THPT
GHA,Đại học Giao thông Vận tải ( Cơ sở Phía Bắc ),7510605,Logistics và Quản lý chuỗi cung ứng,D01,2025,27.52,,THPT
GHA,Trường Đại Học Giao Thông Vận Tải,7510605,Logistics và quản lý chuỗi cung ứng,D07,2025,27.52,,THPT
GHA,Đại học Giao thông Vận tải ( Cơ sở Phía Bắc ),7510605,Logistics và Quản lý chuỗi cung ứng,D07,2025,27.52,,THPT
GHA,Đại học Giao thông Vận tải ( Cơ sở Phía Bắc ),7520103,Kỹ thuật cơ khí,A00,2025,25.95,,THPT
GHA,Trường Đại Học Giao Thông Vận Tải,7520103,"Kỹ thuật cơ khí (chuyên ngành: Công nghệ chế tạo cơ khí, Tự động hoá thiết kế cơ khí)",A00,2025,25.95,,THPT
GHA,Trường Đại Học Giao Thông Vận Tải,7520103,"Kỹ thuật cơ khí (chuyên ngành: Công nghệ chế tạo cơ khí, Tự động hoá thiết kế cơ khí)",A01,2025,25.95,,THPT
GHA,Đại học Giao thông Vận tải ( Cơ sở Phía Bắc ),7520103,Kỹ thuật cơ khí,A01,2025,25.95,,THPT
GHA,Trường Đại Học Giao Thông Vận Tải,7520103,"Kỹ thuật cơ khí (chuyên ngành: Công nghệ chế tạo cơ khí, Tự động hoá thiết kế cơ khí)",D07,2025,25.95,,THPT
GHA,Đại học Giao thông Vận tải ( Cơ sở Phía Bắc ),7520103,Kỹ thuật cơ khí,D07,2025,25.95,,THPT
GHA,Trường Đại Học Giao Thông Vận Tải,7520103 QT,Kỹ thuật cơ khí (Chương trình CLC Cơ khí ô tô Việt - Anh),A00,2025,22.78,,THPT
GHA,Trường Đại Học Giao Thông Vận Tải,7520103 QT,Kỹ thuật cơ khí (Chương trình CLC Cơ khí ô tô Việt - Anh),A01,2025,22.78,,THPT
GHA,Trường Đại Học Giao Thông Vận Tải,7520103 QT,Kỹ thuật cơ khí (Chương trình CLC Cơ khí ô tô Việt - Anh),D01,2025,22.78,,THPT
GHA,Trường Đại Học Giao Thông Vận Tải,7520103 QT,Kỹ thuật cơ khí (Chương trình CLC Cơ khí ô tô Việt - Anh),D07,2025,22.78,,THPT
GHA,Đại học Giao thông Vận tải ( Cơ sở Phía Bắc ),7520103QT,Kỹ thuật cơ khí (CT Chất lượng cao Cơ khí ô tô Việt - Anh),A00,2025,22.78,,THPT
GHA,Đại học Giao thông Vận tải ( Cơ sở Phía Bắc ),7520103QT,Kỹ thuật cơ khí (CT Chất lượng cao Cơ khí ô tô Việt - Anh),A01,2025,22.78,,THPT
GHA,Đại học Giao thông Vận tải ( Cơ sở Phía Bắc ),7520103QT,Kỹ thuật cơ khí (CT Chất lượng cao Cơ khí ô tô Việt - Anh),D01,2025,22.78,,THPT
GHA,Đại học Giao thông Vận tải ( Cơ sở Phía Bắc ),7520103QT,Kỹ thuật cơ khí (CT Chất lượng cao Cơ khí ô tô Việt - Anh),D07,2025,22.78,,THPT
GHA,Đại học Giao thông Vận tải ( Cơ sở Phía Bắc ),7520107,Kỹ thuật Robot,A00,2025,24.2,,THPT
GHA,Trường Đại Học Giao Thông Vận Tải,7520107,Kỹ thuật robot (chuyên ngành Kỹ thuật robot và trí tuệ nhân tạo),A00,2025,24.2,,THPT
GHA,Trường Đại Học Giao Thông Vận Tải,7520107,Kỹ thuật robot (chuyên ngành Kỹ thuật robot và trí tuệ nhân tạo),A01,2025,24.2,,THPT
GHA,Đại học Giao thông Vận tải ( Cơ sở Phía Bắc ),7520107,Kỹ thuật Robot,A01,2025,24.2,,THPT
GHA,Trường Đại Học Giao Thông Vận Tải,7520107,Kỹ thuật robot (chuyên ngành Kỹ thuật robot và trí tuệ nhân tạo),D07,2025,24.2,,THPT
GHA,Đại học Giao thông Vận tải ( Cơ sở Phía Bắc ),7520107,Kỹ thuật Robot,D07,2025,24.2,,THPT
GHA,Đại học Giao thông Vận tải ( Cơ sở Phía Bắc ),7520114,Kỹ thuật cơ điện tử,A00,2025,24.93,,THPT
GHA,Trường Đại Học Giao Thông Vận Tải,7520114,Kỹ thuật cơ điện tử,A00,2025,24.93,,THPT
GHA,Trường Đại Học Giao Thông Vận Tải,7520114,Kỹ thuật cơ điện tử,A01,2025,24.93,,THPT
GHA,Đại học Giao thông Vận tải ( Cơ sở Phía Bắc ),7520114,Kỹ thuật cơ điện tử,A01,2025,24.93,,THPT
GHA,Trường Đại Học Giao Thông Vận Tải,7520114,Kỹ thuật cơ điện tử,D07,2025,24.93,,THPT
GHA,Đại học Giao thông Vận tải ( Cơ sở Phía Bắc ),7520114,Kỹ thuật cơ điện tử,D07,2025,24.93,,THPT
GHA,Đại học Giao thông Vận tải ( Cơ sở Phía Bắc ),7520115,"Kỹ thuật nhiệt (3 chuyên ngành: Kỹ thuật điện lạnh; Máy lạnh, điều hòa không khí và thông gió; Máy lạnh và thiết bị thực phẩm)",A00,2025,24.71,,THPT
GHA,Trường Đại Học Giao Thông Vận Tải,7520115,Kỹ thuật nhiệt (chuyên ngành: Kỹ thuật nhiệt lạnh và điều hoà không khí),A00,2025,24.71,,THPT
GHA,Trường Đại Học Giao Thông Vận Tải,7520115,Kỹ thuật nhiệt (chuyên ngành: Kỹ thuật nhiệt lạnh và điều hoà không khí),A01,2025,24.71,,THPT
GHA,Đại học Giao thông Vận tải ( Cơ sở Phía Bắc ),7520115,"Kỹ thuật nhiệt (3 chuyên ngành: Kỹ thuật điện lạnh; Máy lạnh, điều hòa không khí và thông gió; Máy lạnh và thiết bị thực phẩm)",A01,2025,24.71,,THPT
GHA,Trường Đại Học Giao Thông Vận Tải,7520115,Kỹ thuật nhiệt (chuyên ngành: Kỹ thuật nhiệt lạnh và điều hoà không khí),D01,2025,24.71,,THPT
GHA,Đại học Giao thông Vận tải ( Cơ sở Phía Bắc ),7520115,"Kỹ thuật nhiệt (3 chuyên ngành: Kỹ thuật điện lạnh; Máy lạnh, điều hòa không khí và thông gió; Máy lạnh và thiết bị thực phẩm)",D01,2025,24.71,,THPT
GHA,Trường Đại Học Giao Thông Vận Tải,7520115,Kỹ thuật nhiệt (chuyên ngành: Kỹ thuật nhiệt lạnh và điều hoà không khí),D07,2025,24.71,,THPT
GHA,Đại học Giao thông Vận tải ( Cơ sở Phía Bắc ),7520115,"Kỹ thuật nhiệt (3 chuyên ngành: Kỹ thuật điện lạnh; Máy lạnh, điều hòa không khí và thông gió; Máy lạnh và thiết bị thực phẩm)",D07,2025,24.71,,THPT
GHA,Đại học Giao thông Vận tải ( Cơ sở Phía Bắc ),7520116,Kỹ thuật cơ khí động lực,A00,2025,23.82,,THPT
GHA,Trường Đại Học Giao Thông Vận Tải,7520116,"Kỹ thuật cơ khí động lực (chuyên ngành: Kỹ thuật phương tiện đường sắt, Máy xây dựng, Kỹ thuật máy động lực)",A00,2025,23.82,,THPT
GHA,Trường Đại Học Giao Thông Vận Tải,7520116,"Kỹ thuật cơ khí động lực (chuyên ngành: Kỹ thuật phương tiện đường sắt, Máy xây dựng, Kỹ thuật máy động lực)",A01,2025,23.82,,THPT
GHA,Đại học Giao thông Vận tải ( Cơ sở Phía Bắc ),7520116,Kỹ thuật cơ khí động lực,A01,2025,23.82,,THPT
GHA,Trường Đại Học Giao Thông Vận Tải,7520116,"Kỹ thuật cơ khí động lực (chuyên ngành: Kỹ thuật phương tiện đường sắt, Máy xây dựng, Kỹ thuật máy động lực)",D01,2025,23.82,,THPT
GHA,Đại học Giao thông Vận tải ( Cơ sở Phía Bắc ),7520116,Kỹ thuật cơ khí động lực,D01,2025,23.82,,THPT
GHA,Trường Đại Học Giao Thông Vận Tải,7520116,"Kỹ thuật cơ khí động lực (chuyên ngành: Kỹ thuật phương tiện đường sắt, Máy xây dựng, Kỹ thuật máy động lực)",D07,2025,23.82,,THPT
GHA,Đại học Giao thông Vận tải ( Cơ sở Phía Bắc ),7520116,Kỹ thuật cơ khí động lực,D07,2025,23.82,,THPT
GHA,Trường Đại Học Giao Thông Vận Tải,7520116 DS,Kỹ thuật cơ khí động lực (chuyên ngành Kỹ thuật phương tiện đường sắt tốc độ cao),A00,2025,22.63,,THPT
GHA,Trường Đại Học Giao Thông Vận Tải,7520116 DS,Kỹ thuật cơ khí động lực (chuyên ngành Kỹ thuật phương tiện đường sắt tốc độ cao),A01,2025,22.63,,THPT
GHA,Trường Đại Học Giao Thông Vận Tải,7520116 DS,Kỹ thuật cơ khí động lực (chuyên ngành Kỹ thuật phương tiện đường sắt tốc độ cao),D01,2025,22.63,,THPT
GHA,Trường Đại Học Giao Thông Vận Tải,7520116 DS,Kỹ thuật cơ khí động lực (chuyên ngành Kỹ thuật phương tiện đường sắt tốc độ cao),D07,2025,22.63,,THPT
GHA,Đại học Giao thông Vận tải ( Cơ sở Phía Bắc ),7520116DS,Kỹ thuật cơ khí động lực (chuyên ngành Kỹ thuật phương tiện đường sắt tốc độ cao),A00,2025,22.63,,THPT
GHA,Đại học Giao thông Vận tải ( Cơ sở Phía Bắc ),7520116DS,Kỹ thuật cơ khí động lực (chuyên ngành Kỹ thuật phương tiện đường sắt tốc độ cao),A01,2025,22.63,,THPT
GHA,Đại học Giao thông Vận tải ( Cơ sở Phía Bắc ),7520116DS,Kỹ thuật cơ khí động lực (chuyên ngành Kỹ thuật phương tiện đường sắt tốc độ cao),D01,2025,22.63,,THPT
GHA,Đại học Giao thông Vận tải ( Cơ sở Phía Bắc ),7520116DS,Kỹ thuật cơ khí động lực (chuyên ngành Kỹ thuật phương tiện đường sắt tốc độ cao),D07,2025,22.63,,THPT
GHA,Đại học Giao thông Vận tải ( Cơ sở Phía Bắc ),7520130,Kỹ thuật ô tô,A00,2025,23.66,,THPT
GHA,Trường Đại Học Giao Thông Vận Tải,7520130,Kỹ thuật ô tô (bao gồm lớp kỹ sư tài năng),A00,2025,23.66,,THPT
GHA,Trường Đại Học Giao Thông Vận Tải,7520130,Kỹ thuật ô tô (bao gồm lớp kỹ sư tài năng),A01,2025,23.66,,THPT
GHA,Đại học Giao thông Vận tải ( Cơ sở Phía Bắc ),7520130,Kỹ thuật ô tô,A01,2025,23.66,,THPT
GHA,Trường Đại Học Giao Thông Vận Tải,7520130,Kỹ thuật ô tô (bao gồm lớp kỹ sư tài năng),D07,2025,23.66,,THPT
GHA,Đại học Giao thông Vận tải ( Cơ sở Phía Bắc ),7520130,Kỹ thuật ô tô,D07,2025,23.66,,THPT
GHA,Đại học Giao thông Vận tải ( Cơ sở Phía Bắc ),7520201,Kỹ thuật điện,A00,2025,23.88,,THPT
GHA,Trường Đại Học Giao Thông Vận Tải,7520201,"Kỹ thuật điện (chuyên ngành: Trang bị điện trong công nghiệp và GTVT, Hệ thống điện trong giao thông và công nghiệp)",A00,2025,23.88,,THPT
GHA,Trường Đại Học Giao Thông Vận Tải,7520201,"Kỹ thuật điện (chuyên ngành: Trang bị điện trong công nghiệp và GTVT, Hệ thống điện trong giao thông và công nghiệp)",A01,2025,23.88,,THPT
GHA,Đại học Giao thông Vận tải ( Cơ sở Phía Bắc ),7520201,Kỹ thuật điện,A01,2025,23.88,,THPT
GHA,Trường Đại Học Giao Thông Vận Tải,7520201,"Kỹ thuật điện (chuyên ngành: Trang bị điện trong công nghiệp và GTVT, Hệ thống điện trong giao thông và công nghiệp)",D07,2025,23.88,,THPT
GHA,Đại học Giao thông Vận tải ( Cơ sở Phía Bắc ),7520201,Kỹ thuật điện,D07,2025,23.88,,THPT
GHA,Trường Đại Học Giao Thông Vận Tải,7520201 DS,"Kỹ thuật điện (chuyên ngành Hệ thống điện đường sắt tốc độ cao, đường sắt đô thị)",A00,2025,23.39,,THPT
GHA,Trường Đại Học Giao Thông Vận Tải,7520201 DS,"Kỹ thuật điện (chuyên ngành Hệ thống điện đường sắt tốc độ cao, đường sắt đô thị)",A01,2025,23.39,,THPT
GHA,Trường Đại Học Giao Thông Vận Tải,7520201 DS,"Kỹ thuật điện (chuyên ngành Hệ thống điện đường sắt tốc độ cao, đường sắt đô thị)",D07,2025,23.39,,THPT
GHA,Đại học Giao thông Vận tải ( Cơ sở Phía Bắc ),7520201DS,"Kỹ thuật điện (chuyên ngành Hệ thống điện đường sắt tốc độ cao, Đường sắt đô thị)",A00,2025,23.39,,THPT
GHA,Đại học Giao thông Vận tải ( Cơ sở Phía Bắc ),7520201DS,"Kỹ thuật điện (chuyên ngành Hệ thống điện đường sắt tốc độ cao, Đường sắt đô thị)",A01,2025,23.39,,THPT
GHA,Đại học Giao thông Vận tải ( Cơ sở Phía Bắc ),7520201DS,"Kỹ thuật điện (chuyên ngành Hệ thống điện đường sắt tốc độ cao, Đường sắt đô thị)",D07,2025,23.39,,THPT
GHA,Đại học Giao thông Vận tải ( Cơ sở Phía Bắc ),7520207,Ngành Kỹ thuật điện tử truyền thông,A00,2025,23.67,,THPT
GHA,Trường Đại Học Giao Thông Vận Tải,7520207,"Kỹ thuật điện tử - viễn thông (chuyên ngành: Kỹ thuật viễn thông, Kỹ thuật thông tin và truyền thông, Kỹ thuật điện tử và tin học công nghiệp)",A00,2025,23.67,,THPT
GHA,Trường Đại Học Giao Thông Vận Tải,7520207,"Kỹ thuật điện tử - viễn thông (chuyên ngành: Kỹ thuật viễn thông, Kỹ thuật thông tin và truyền thông, Kỹ thuật điện tử và tin học công nghiệp)",A01,2025,23.67,,THPT
GHA,Đại học Giao thông Vận tải ( Cơ sở Phía Bắc ),7520207,Ngành Kỹ thuật điện tử truyền thông,A01,2025,23.67,,THPT
GHA,Trường Đại Học Giao Thông Vận Tải,7520207,"Kỹ thuật điện tử - viễn thông (chuyên ngành: Kỹ thuật viễn thông, Kỹ thuật thông tin và truyền thông, Kỹ thuật điện tử và tin học công nghiệp)",D07,2025,23.67,,THPT
GHA,Đại học Giao thông Vận tải ( Cơ sở Phía Bắc ),7520207,Ngành Kỹ thuật điện tử truyền thông,D07,2025,23.67,,THPT
GHA,Đại học Giao thông Vận tải ( Cơ sở Phía Bắc ),7520216,Ngành Kỹ thuật điều khiển & Tự động hóa,A00,2025,25.42,,THPT
GHA,Trường Đại Học Giao Thông Vận Tải,7520216,Kỹ thuật điều khiển và tự động hoá (chuyên ngành: Tự động hoá),A00,2025,25.42,,THPT
GHA,Trường Đại Học Giao Thông Vận Tải,7520216,Kỹ thuật điều khiển và tự động hoá (chuyên ngành: Tự động hoá),A01,2025,25.42,,THPT
GHA,Đại học Giao thông Vận tải ( Cơ sở Phía Bắc ),7520216,Ngành Kỹ thuật điều khiển & Tự động hóa,A01,2025,25.42,,THPT
GHA,Trường Đại Học Giao Thông Vận Tải,7520216,Kỹ thuật điều khiển và tự động hoá (chuyên ngành: Tự động hoá),D07,2025,25.42,,THPT
GHA,Đại học Giao thông Vận tải ( Cơ sở Phía Bắc ),7520216,Ngành Kỹ thuật điều khiển & Tự động hóa,D07,2025,25.42,,THPT
GHA,Trường Đại Học Giao Thông Vận Tải,7520216 DS,Kỹ thuật điều khiển và tự động hoá (chuyên ngành Điều khiển và thông tin tín hiệu đường sắt hiện đại),A00,2025,24.39,,THPT
GHA,Trường Đại Học Giao Thông Vận Tải,7520216 DS,Kỹ thuật điều khiển và tự động hoá (chuyên ngành Điều khiển và thông tin tín hiệu đường sắt hiện đại),A01,2025,24.39,,THPT
GHA,Trường Đại Học Giao Thông Vận Tải,7520216 DS,Kỹ thuật điều khiển và tự động hoá (chuyên ngành Điều khiển và thông tin tín hiệu đường sắt hiện đại),D07,2025,24.39,,THPT
GHA,Đại học Giao thông Vận tải ( Cơ sở Phía Bắc ),7520216-GTTM,Kỹ thuật điều khiển và tự động hóa (chuyên ngành Hệ thống giao thông thông minh),A00,2025,25.56,,THPT
GHA,Trường Đại Học Giao Thông Vận Tải,7520216-GTTM,Kỹ thuật điều khiển và tự động hoá (chuyên ngành Hệ thống giao thông thông minh),A00,2025,25.56,,THPT
GHA,Trường Đại Học Giao Thông Vận Tải,7520216-GTTM,Kỹ thuật điều khiển và tự động hoá (chuyên ngành Hệ thống giao thông thông minh),A01,2025,25.56,,THPT
GHA,Đại học Giao thông Vận tải ( Cơ sở Phía Bắc ),7520216-GTTM,Kỹ thuật điều khiển và tự động hóa (chuyên ngành Hệ thống giao thông thông minh),A01,2025,25.56,,THPT
GHA,Trường Đại Học Giao Thông Vận Tải,7520216-GTTM,Kỹ thuật điều khiển và tự động hoá (chuyên ngành Hệ thống giao thông thông minh),D07,2025,25.56,,THPT
GHA,Đại học Giao thông Vận tải ( Cơ sở Phía Bắc ),7520216-GTTM,Kỹ thuật điều khiển và tự động hóa (chuyên ngành Hệ thống giao thông thông minh),D07,2025,25.56,,THPT
GHA,Đại học Giao thông Vận tải ( Cơ sở Phía Bắc ),7520216DS,Kỹ thuật điều khiển và tự động hóa (chuyên ngành Điều khiển và thông tin tín hiệu đường sắt hiện đại),A00,2025,24.39,,THPT
GHA,Đại học Giao thông Vận tải ( Cơ sở Phía Bắc ),7520216DS,Kỹ thuật điều khiển và tự động hóa (chuyên ngành Điều khiển và thông tin tín hiệu đường sắt hiện đại),A01,2025,24.39,,THPT
GHA,Đại học Giao thông Vận tải ( Cơ sở Phía Bắc ),7520216DS,Kỹ thuật điều khiển và tự động hóa (chuyên ngành Điều khiển và thông tin tín hiệu đường sắt hiện đại),D07,2025,24.39,,THPT
GHA,Đại học Giao thông Vận tải ( Cơ sở Phía Bắc ),7520320,Ngành Kỹ thuật môi trường,A00,2025,21.38,,THPT
GHA,Trường Đại Học Giao Thông Vận Tải,7520320,Kỹ thuật môi trường,A00,2025,21.38,,THPT
GHA,Trường Đại Học Giao Thông Vận Tải,7520320,Kỹ thuật môi trường,B00,2025,21.38,,THPT
GHA,Đại học Giao thông Vận tải ( Cơ sở Phía Bắc ),7520320,Ngành Kỹ thuật môi trường,B00,2025,21.38,,THPT
GHA,Trường Đại Học Giao Thông Vận Tải,7520320,Kỹ thuật môi trường,D01,2025,21.38,,THPT
GHA,Đại học Giao thông Vận tải ( Cơ sở Phía Bắc ),7520320,Ngành Kỹ thuật môi trường,D01,2025,21.38,,THPT
GHA,Trường Đại Học Giao Thông Vận Tải,7520320,Kỹ thuật môi trường,D07,2025,21.38,,THPT
GHA,Đại học Giao thông Vận tải ( Cơ sở Phía Bắc ),7520320,Ngành Kỹ thuật môi trường,D07,2025,21.38,,THPT
GHA,Đại học Giao thông Vận tải ( Cơ sở Phía Bắc ),7580101,Kiến trúc,A00,2025,23.52,,THPT
GHA,Trường Đại Học Giao Thông Vận Tải,7580101,Kiến trúc,A00,2025,23.52,,THPT
GHA,Trường Đại Học Giao Thông Vận Tải,7580101,Kiến trúc,A01,2025,23.52,,THPT
GHA,Đại học Giao thông Vận tải ( Cơ sở Phía Bắc ),7580101,Kiến trúc,A01,2025,23.52,,THPT
GHA,Đại học Giao thông Vận tải ( Cơ sở Phía Bắc ),7580106,Quản lý đô thị và công trình,A00,2025,22.62,,THPT
GHA,Trường Đại Học Giao Thông Vận Tải,7580106,Quản lý đô thị và công trình,A00,2025,22.62,,THPT
GHA,Trường Đại Học Giao Thông Vận Tải,7580106,Quản lý đô thị và công trình,A01,2025,22.62,,THPT
GHA,Đại học Giao thông Vận tải ( Cơ sở Phía Bắc ),7580106,Quản lý đô thị và công trình,A01,2025,22.62,,THPT
GHA,Trường Đại Học Giao Thông Vận Tải,7580106,Quản lý đô thị và công trình,D01,2025,22.62,,THPT
GHA,Đại học Giao thông Vận tải ( Cơ sở Phía Bắc ),7580106,Quản lý đô thị và công trình,D01,2025,22.62,,THPT
GHA,Trường Đại Học Giao Thông Vận Tải,7580106,Quản lý đô thị và công trình,D07,2025,22.62,,THPT
GHA,Đại học Giao thông Vận tải ( Cơ sở Phía Bắc ),7580106,Quản lý đô thị và công trình,D07,2025,22.62,,THPT
GHA,Đại học Giao thông Vận tải ( Cơ sở Phía Bắc ),7580201,Kỹ thuật xây dựng,A00,2025,22.44,,THPT
GHA,Trường Đại Học Giao Thông Vận Tải,7580201,"Kỹ thuật xây dựng (chuyên ngành: Xây dựng dân dụng và công nghiệp, Kết cấu xây dựng, Vật liệu và công nghệ xây dựng)",A00,2025,22.44,,THPT
GHA,Trường Đại Học Giao Thông Vận Tải,7580201,"Kỹ thuật xây dựng (chuyên ngành: Xây dựng dân dụng và công nghiệp, Kết cấu xây dựng, Vật liệu và công nghệ xây dựng)",A01,2025,22.44,,THPT
GHA,Đại học Giao thông Vận tải ( Cơ sở Phía Bắc ),7580201,Kỹ thuật xây dựng,A01,2025,22.44,,THPT
GHA,Trường Đại Học Giao Thông Vận Tải,7580201,"Kỹ thuật xây dựng (chuyên ngành: Xây dựng dân dụng và công nghiệp, Kết cấu xây dựng, Vật liệu và công nghệ xây dựng)",D01,2025,22.44,,THPT
GHA,Đại học Giao thông Vận tải ( Cơ sở Phía Bắc ),7580201,Kỹ thuật xây dựng,D01,2025,22.44,,THPT
GHA,Trường Đại Học Giao Thông Vận Tải,7580201,"Kỹ thuật xây dựng (chuyên ngành: Xây dựng dân dụng và công nghiệp, Kết cấu xây dựng, Vật liệu và công nghệ xây dựng)",D07,2025,22.44,,THPT
GHA,Đại học Giao thông Vận tải ( Cơ sở Phía Bắc ),7580201,Kỹ thuật xây dựng,D07,2025,22.44,,THPT
GHA,Trường Đại Học Giao Thông Vận Tải,7580201 QT,Kỹ thuật xây dựng (Chương trình tiên tiến Kỹ thuật xây dựng công trình GT),A00,2025,19.71,,THPT
GHA,Trường Đại Học Giao Thông Vận Tải,7580201 QT,Kỹ thuật xây dựng (Chương trình tiên tiến Kỹ thuật xây dựng công trình GT),A01,2025,19.71,,THPT
GHA,Trường Đại Học Giao Thông Vận Tải,7580201 QT,Kỹ thuật xây dựng (Chương trình tiên tiến Kỹ thuật xây dựng công trình GT),D01,2025,19.71,,THPT
GHA,Trường Đại Học Giao Thông Vận Tải,7580201 QT,Kỹ thuật xây dựng (Chương trình tiên tiến Kỹ thuật xây dựng công trình GT),D07,2025,19.71,,THPT
GHA,Đại học Giao thông Vận tải ( Cơ sở Phía Bắc ),7580201QT,Xây dựng (Tongmyong - Hàn Quốc),A00,2025,19.71,,THPT
GHA,Đại học Giao thông Vận tải ( Cơ sở Phía Bắc ),7580201QT,Xây dựng (Tongmyong - Hàn Quốc),A01,2025,19.71,,THPT
GHA,Đại học Giao thông Vận tải ( Cơ sở Phía Bắc ),7580201QT,Xây dựng (Tongmyong - Hàn Quốc),D01,2025,19.71,,THPT
GHA,Đại học Giao thông Vận tải ( Cơ sở Phía Bắc ),7580201QT,Xây dựng (Tongmyong - Hàn Quốc),D07,2025,19.71,,THPT
GHA,Đại học Giao thông Vận tải ( Cơ sở Phía Bắc ),7580202,Kỹ thuật xây dựng công trình thủy,A00,2025,20.48,,THPT
GHA,Trường Đại Học Giao Thông Vận Tải,7580202,Kỹ thuật xây dựng công trình thủy,A00,2025,20.48,,THPT
GHA,Trường Đại Học Giao Thông Vận Tải,7580202,Kỹ thuật xây dựng công trình thủy,A01,2025,20.48,,THPT
GHA,Đại học Giao thông Vận tải ( Cơ sở Phía Bắc ),7580202,Kỹ thuật xây dựng công trình thủy,A01,2025,20.48,,THPT
GHA,Trường Đại Học Giao Thông Vận Tải,7580202,Kỹ thuật xây dựng công trình thủy,D01,2025,20.48,,THPT
GHA,Đại học Giao thông Vận tải ( Cơ sở Phía Bắc ),7580202,Kỹ thuật xây dựng công trình thủy,D01,2025,20.48,,THPT
GHA,Trường Đại Học Giao Thông Vận Tải,7580202,Kỹ thuật xây dựng công trình thủy,D07,2025,20.48,,THPT
GHA,Đại học Giao thông Vận tải ( Cơ sở Phía Bắc ),7580202,Kỹ thuật xây dựng công trình thủy,D07,2025,20.48,,THPT
GHA,Đại học Giao thông Vận tải ( Cơ sở Phía Bắc ),7580205,Kỹ thuật xây dựng công trình giao thông,A00,2025,17.94,,THPT
GHA,Trường Đại Học Giao Thông Vận Tải,7580205,"Kỹ thuật xây dựng công trình giao thông (chuyên ngành: Cầu đường bộ, Đường bộ và kỹ thuật giao thông, Cầu và kết cấu, ĐS/ ĐS đô thị, XD sân bay cảng hàng không, Công trình GT đô thị)",A00,2025,17.94,,THPT
GHA,Trường Đại Học Giao Thông Vận Tải,7580205,"Kỹ thuật xây dựng công trình giao thông (chuyên ngành: Cầu đường bộ, Đường bộ và kỹ thuật giao thông, Cầu và kết cấu, ĐS/ ĐS đô thị, XD sân bay cảng hàng không, Công trình GT đô thị)",A01,2025,17.94,,THPT
GHA,Đại học Giao thông Vận tải ( Cơ sở Phía Bắc ),7580205,Kỹ thuật xây dựng công trình giao thông,A01,2025,17.94,,THPT
GHA,Trường Đại Học Giao Thông Vận Tải,7580205,"Kỹ thuật xây dựng công trình giao thông (chuyên ngành: Cầu đường bộ, Đường bộ và kỹ thuật giao thông, Cầu và kết cấu, ĐS/ ĐS đô thị, XD sân bay cảng hàng không, Công trình GT đô thị)",D01,2025,17.94,,THPT
GHA,Đại học Giao thông Vận tải ( Cơ sở Phía Bắc ),7580205,Kỹ thuật xây dựng công trình giao thông,D01,2025,17.94,,THPT
GHA,Trường Đại Học Giao Thông Vận Tải,7580205,"Kỹ thuật xây dựng công trình giao thông (chuyên ngành: Cầu đường bộ, Đường bộ và kỹ thuật giao thông, Cầu và kết cấu, ĐS/ ĐS đô thị, XD sân bay cảng hàng không, Công trình GT đô thị)",D07,2025,17.94,,THPT
GHA,Đại học Giao thông Vận tải ( Cơ sở Phía Bắc ),7580205,Kỹ thuật xây dựng công trình giao thông,D07,2025,17.94,,THPT
GHA,Trường Đại Học Giao Thông Vận Tải,7580205 DS,Kỹ thuật xây dựng công trình giao thông (chuyên ngành đường sắt tốc độ cao),A00,2025,22.47,,THPT
GHA,Trường Đại Học Giao Thông Vận Tải,7580205 DS,Kỹ thuật xây dựng công trình giao thông (chuyên ngành đường sắt tốc độ cao),A01,2025,22.47,,THPT
GHA,Trường Đại Học Giao Thông Vận Tải,7580205 DS,Kỹ thuật xây dựng công trình giao thông (chuyên ngành đường sắt tốc độ cao),D01,2025,22.47,,THPT
GHA,Trường Đại Học Giao Thông Vận Tải,7580205 DS,Kỹ thuật xây dựng công trình giao thông (chuyên ngành đường sắt tốc độ cao),D07,2025,22.47,,THPT
GHA,Trường Đại Học Giao Thông Vận Tải,7580205 QT1,Kỹ thuật xây dựng công trình giao thông (Chương trình CLC Cầu-Đường bộ Việt-Pháp),A00,2025,20.01,,THPT
GHA,Trường Đại Học Giao Thông Vận Tải,7580205 QT1,Kỹ thuật xây dựng công trình giao thông (Chương trình CLC Cầu-Đường bộ Việt-Pháp),A01,2025,20.01,,THPT
GHA,Trường Đại Học Giao Thông Vận Tải,7580205 QT1,Kỹ thuật xây dựng công trình giao thông (Chương trình CLC Cầu-Đường bộ Việt-Pháp),D07,2025,20.01,,THPT
GHA,Trường Đại Học Giao Thông Vận Tải,7580205 QT2,Kỹ thuật xây dựng công trình giao thông (Chương trình CLC Cầu-Đường bộ Việt-Anh),A00,2025,17.25,,THPT
GHA,Trường Đại Học Giao Thông Vận Tải,7580205 QT2,Kỹ thuật xây dựng công trình giao thông (Chương trình CLC Cầu-Đường bộ Việt-Anh),A01,2025,17.25,,THPT
GHA,Trường Đại Học Giao Thông Vận Tải,7580205 QT2,Kỹ thuật xây dựng công trình giao thông (Chương trình CLC Cầu-Đường bộ Việt-Anh),D01,2025,17.25,,THPT
GHA,Trường Đại Học Giao Thông Vận Tải,7580205 QT2,Kỹ thuật xây dựng công trình giao thông (Chương trình CLC Cầu-Đường bộ Việt-Anh),D07,2025,17.25,,THPT
GHA,Trường Đại Học Giao Thông Vận Tải,7580205 QT3,Kỹ thuật xây dựng công trình giao thông (Chương trình CLC Công trình giao thông đô thị Việt-Nhật),A00,2025,16.19,,THPT
GHA,Trường Đại Học Giao Thông Vận Tải,7580205 QT3,Kỹ thuật xây dựng công trình giao thông (Chương trình CLC Công trình giao thông đô thị Việt-Nhật),A01,2025,16.19,,THPT
GHA,Trường Đại Học Giao Thông Vận Tải,7580205 QT3,Kỹ thuật xây dựng công trình giao thông (Chương trình CLC Công trình giao thông đô thị Việt-Nhật),D01,2025,16.19,,THPT
GHA,Trường Đại Học Giao Thông Vận Tải,7580205 QT3,Kỹ thuật xây dựng công trình giao thông (Chương trình CLC Công trình giao thông đô thị Việt-Nhật),D07,2025,16.19,,THPT
GHA,Đại học Giao thông Vận tải ( Cơ sở Phía Bắc ),7580205DS,Kỹ thuật xây dựng công trình giao thông (chuyên ngành đường sắt tốc độ cao),A00,2025,22.47,,THPT
GHA,Đại học Giao thông Vận tải ( Cơ sở Phía Bắc ),7580205DS,Kỹ thuật xây dựng công trình giao thông (chuyên ngành đường sắt tốc độ cao),A01,2025,22.47,,THPT
GHA,Đại học Giao thông Vận tải ( Cơ sở Phía Bắc ),7580205DS,Kỹ thuật xây dựng công trình giao thông (chuyên ngành đường sắt tốc độ cao),D01,2025,22.47,,THPT
GHA,Đại học Giao thông Vận tải ( Cơ sở Phía Bắc ),7580205DS,Kỹ thuật xây dựng công trình giao thông (chuyên ngành đường sắt tốc độ cao),D07,2025,22.47,,THPT
GHA,Đại học Giao thông Vận tải ( Cơ sở Phía Bắc ),7580205QT1,Kỹ thuật xây dựng công trình giao thông (chương trình CLC Cầu - Đường bộ Việt - Pháp),A00,2025,20.01,,THPT
GHA,Đại học Giao thông Vận tải ( Cơ sở Phía Bắc ),7580205QT1,Kỹ thuật xây dựng công trình giao thông (chương trình CLC Cầu - Đường bộ Việt - Pháp),A01,2025,20.01,,THPT
GHA,Đại học Giao thông Vận tải ( Cơ sở Phía Bắc ),7580205QT1,Kỹ thuật xây dựng công trình giao thông (chương trình CLC Cầu - Đường bộ Việt - Pháp),D07,2025,20.01,,THPT
GHA,Đại học Giao thông Vận tải ( Cơ sở Phía Bắc ),7580205QT2,Kỹ thuật xây dựng công trình giao thông (chương trình CLC Cầu - Đường bộ Việt - Anh),A00,2025,17.25,,THPT
GHA,Đại học Giao thông Vận tải ( Cơ sở Phía Bắc ),7580205QT2,Kỹ thuật xây dựng công trình giao thông (chương trình CLC Cầu - Đường bộ Việt - Anh),A01,2025,17.25,,THPT
GHA,Đại học Giao thông Vận tải ( Cơ sở Phía Bắc ),7580205QT2,Kỹ thuật xây dựng công trình giao thông (chương trình CLC Cầu - Đường bộ Việt - Anh),D01,2025,17.25,,THPT
GHA,Đại học Giao thông Vận tải ( Cơ sở Phía Bắc ),7580205QT2,Kỹ thuật xây dựng công trình giao thông (chương trình CLC Cầu - Đường bộ Việt - Anh),D07,2025,17.25,,THPT
GHA,Đại học Giao thông Vận tải ( Cơ sở Phía Bắc ),7580205QT3,Kỹ thuật xây dựng công trình giao thông (chương trình CLC Công trình giao thông đô thị Việt - Nhật),A00,2025,16.19,,THPT
GHA,Đại học Giao thông Vận tải ( Cơ sở Phía Bắc ),7580205QT3,Kỹ thuật xây dựng công trình giao thông (chương trình CLC Công trình giao thông đô thị Việt - Nhật),A01,2025,16.19,,THPT
GHA,Đại học Giao thông Vận tải ( Cơ sở Phía Bắc ),7580205QT3,Kỹ thuật xây dựng công trình giao thông (chương trình CLC Công trình giao thông đô thị Việt - Nhật),D01,2025,16.19,,THPT
GHA,Đại học Giao thông Vận tải ( Cơ sở Phía Bắc ),7580205QT3,Kỹ thuật xây dựng công trình giao thông (chương trình CLC Công trình giao thông đô thị Việt - Nhật),D07,2025,16.19,,THPT
GHA,Đại học Giao thông Vận tải ( Cơ sở Phía Bắc ),7580210,Kỹ thuật cơ sở hạ tầng,A00,2025,22.28,,THPT
GHA,Trường Đại Học Giao Thông Vận Tải,7580210,Kỹ thuật cơ sở hạ tầng (chuyên ngành: cơ sở hạ tầng kỹ thuật đô thị),A00,2025,22.28,,THPT
GHA,Trường Đại Học Giao Thông Vận Tải,7580210,Kỹ thuật cơ sở hạ tầng (chuyên ngành: cơ sở hạ tầng kỹ thuật đô thị),A01,2025,22.28,,THPT
GHA,Đại học Giao thông Vận tải ( Cơ sở Phía Bắc ),7580210,Kỹ thuật cơ sở hạ tầng,A01,2025,22.28,,THPT
GHA,Trường Đại Học Giao Thông Vận Tải,7580210,Kỹ thuật cơ sở hạ tầng (chuyên ngành: cơ sở hạ tầng kỹ thuật đô thị),D01,2025,22.28,,THPT
GHA,Đại học Giao thông Vận tải ( Cơ sở Phía Bắc ),7580210,Kỹ thuật cơ sở hạ tầng,D01,2025,22.28,,THPT
GHA,Trường Đại Học Giao Thông Vận Tải,7580210,Kỹ thuật cơ sở hạ tầng (chuyên ngành: cơ sở hạ tầng kỹ thuật đô thị),D07,2025,22.28,,THPT
GHA,Đại học Giao thông Vận tải ( Cơ sở Phía Bắc ),7580210,Kỹ thuật cơ sở hạ tầng,D07,2025,22.28,,THPT
GHA,Đại học Giao thông Vận tải ( Cơ sở Phía Bắc ),7580215,Kỹ thuật an toàn giao thông,A00,2025,21.44,,THPT
GHA,Trường Đại Học Giao Thông Vận Tải,7580215,Kỹ thuật an toàn giao thông (Ngành tuyển sinh các năm trước: Công nghệ kỹ thuật giao thông - Chuyên ngành: Kỹ thuật an toàn giao thông),A00,2025,21.44,,THPT
GHA,Trường Đại Học Giao Thông Vận Tải,7580215,Kỹ thuật an toàn giao thông (Ngành tuyển sinh các năm trước: Công nghệ kỹ thuật giao thông - Chuyên ngành: Kỹ thuật an toàn giao thông),A01,2025,21.44,,THPT
GHA,Đại học Giao thông Vận tải ( Cơ sở Phía Bắc ),7580215,Kỹ thuật an toàn giao thông,A01,2025,21.44,,THPT
GHA,Trường Đại Học Giao Thông Vận Tải,7580215,Kỹ thuật an toàn giao thông (Ngành tuyển sinh các năm trước: Công nghệ kỹ thuật giao thông - Chuyên ngành: Kỹ thuật an toàn giao thông),D01,2025,21.44,,THPT
GHA,Đại học Giao thông Vận tải ( Cơ sở Phía Bắc ),7580215,Kỹ thuật an toàn giao thông,D01,2025,21.44,,THPT
GHA,Trường Đại Học Giao Thông Vận Tải,7580215,Kỹ thuật an toàn giao thông (Ngành tuyển sinh các năm trước: Công nghệ kỹ thuật giao thông - Chuyên ngành: Kỹ thuật an toàn giao thông),D07,2025,21.44,,THPT
GHA,Đại học Giao thông Vận tải ( Cơ sở Phía Bắc ),7580215,Kỹ thuật an toàn giao thông,D07,2025,21.44,,THPT
GHA,Đại học Giao thông Vận tải ( Cơ sở Phía Bắc ),7580301,Kinh tế xây dựng,A00,2025,24.08,,THPT
GHA,Trường Đại Học Giao Thông Vận Tải,7580301,Kinh tế xây dựng (chuyên ngành: Kinh tế và quản lý đầu tư xây dựng),A00,2025,24.08,,THPT
GHA,Trường Đại Học Giao Thông Vận Tải,7580301,Kinh tế xây dựng (chuyên ngành: Kinh tế và quản lý đầu tư xây dựng),A01,2025,24.08,,THPT
GHA,Đại học Giao thông Vận tải ( Cơ sở Phía Bắc ),7580301,Kinh tế xây dựng,A01,2025,24.08,,THPT
GHA,Trường Đại Học Giao Thông Vận Tải,7580301,Kinh tế xây dựng (chuyên ngành: Kinh tế và quản lý đầu tư xây dựng),D01,2025,24.08,,THPT
GHA,Đại học Giao thông Vận tải ( Cơ sở Phía Bắc ),7580301,Kinh tế xây dựng,D01,2025,24.08,,THPT
GHA,Trường Đại Học Giao Thông Vận Tải,7580301,Kinh tế xây dựng (chuyên ngành: Kinh tế và quản lý đầu tư xây dựng),D07,2025,24.08,,THPT
GHA,Đại học Giao thông Vận tải ( Cơ sở Phía Bắc ),7580301,Kinh tế xây dựng,D07,2025,24.08,,THPT
GHA,Trường Đại Học Giao Thông Vận Tải,7580301 QT,Kinh tế xây dựng (Chương trình CLC Kinh tế xây dựng công trình GT Việt-Anh),A00,2025,20.52,,THPT
GHA,Trường Đại Học Giao Thông Vận Tải,7580301 QT,Kinh tế xây dựng (Chương trình CLC Kinh tế xây dựng công trình GT Việt-Anh),A01,2025,20.52,,THPT
GHA,Trường Đại Học Giao Thông Vận Tải,7580301 QT,Kinh tế xây dựng (Chương trình CLC Kinh tế xây dựng công trình GT Việt-Anh),D01,2025,20.52,,THPT
GHA,Trường Đại Học Giao Thông Vận Tải,7580301 QT,Kinh tế xây dựng (Chương trình CLC Kinh tế xây dựng công trình GT Việt-Anh),D07,2025,20.52,,THPT
GHA,Đại học Giao thông Vận tải ( Cơ sở Phía Bắc ),7580301QT,Kinh tế xây dựng (Chương trình chất lượng cao Kinh tế xây dựng công trình Giao thông Việt - Anh),A00,2025,20.52,,THPT
GHA,Đại học Giao thông Vận tải ( Cơ sở Phía Bắc ),7580301QT,Kinh tế xây dựng (Chương trình chất lượng cao Kinh tế xây dựng công trình Giao thông Việt - Anh),A01,2025,20.52,,THPT
GHA,Đại học Giao thông Vận tải ( Cơ sở Phía Bắc ),7580301QT,Kinh tế xây dựng (Chương trình chất lượng cao Kinh tế xây dựng công trình Giao thông Việt - Anh),D01,2025,20.52,,THPT
GHA,Đại học Giao thông Vận tải ( Cơ sở Phía Bắc ),7580301QT,Kinh tế xây dựng (Chương trình chất lượng cao Kinh tế xây dựng công trình Giao thông Việt - Anh),D07,2025,20.52,,THPT
GHA,Đại học Giao thông Vận tải ( Cơ sở Phía Bắc ),7580302,Quản lý xây dựng,A00,2025,23.24,,THPT
GHA,Trường Đại Học Giao Thông Vận Tải,7580302,Quản lý xây dựng,A00,2025,23.24,,THPT
GHA,Trường Đại Học Giao Thông Vận Tải,7580302,Quản lý xây dựng,A01,2025,23.24,,THPT
GHA,Đại học Giao thông Vận tải ( Cơ sở Phía Bắc ),7580302,Quản lý xây dựng,A01,2025,23.24,,THPT
GHA,Trường Đại Học Giao Thông Vận Tải,7580302,Quản lý xây dựng,D01,2025,23.24,,THPT
GHA,Đại học Giao thông Vận tải ( Cơ sở Phía Bắc ),7580302,Quản lý xây dựng,D01,2025,23.24,,THPT
GHA,Trường Đại Học Giao Thông Vận Tải,7580302,Quản lý xây dựng,D07,2025,23.24,,THPT
GHA,Đại học Giao thông Vận tải ( Cơ sở Phía Bắc ),7580302,Quản lý xây dựng,D07,2025,23.24,,THPT
GHA,Trường Đại Học Giao Thông Vận Tải,7580302 QT,Quản lý xây dựng (Chương trình CLC Quản lý xây dựng Việt - Anh),A00,2025,16.36,,THPT
GHA,Trường Đại Học Giao Thông Vận Tải,7580302 QT,Quản lý xây dựng (Chương trình CLC Quản lý xây dựng Việt - Anh),A01,2025,16.36,,THPT
GHA,Trường Đại Học Giao Thông Vận Tải,7580302 QT,Quản lý xây dựng (Chương trình CLC Quản lý xây dựng Việt - Anh),D01,2025,16.36,,THPT
GHA,Trường Đại Học Giao Thông Vận Tải,7580302 QT,Quản lý xây dựng (Chương trình CLC Quản lý xây dựng Việt - Anh),D07,2025,16.36,,THPT
GHA,Đại học Giao thông Vận tải ( Cơ sở Phía Bắc ),7580302QT,Quản lý xây dựng CLC Việt - Anh,A00,2025,16.36,,THPT
GHA,Đại học Giao thông Vận tải ( Cơ sở Phía Bắc ),7580302QT,Quản lý xây dựng CLC Việt - Anh,A01,2025,16.36,,THPT
GHA,Đại học Giao thông Vận tải ( Cơ sở Phía Bắc ),7580302QT,Quản lý xây dựng CLC Việt - Anh,D01,2025,16.36,,THPT
GHA,Đại học Giao thông Vận tải ( Cơ sở Phía Bắc ),7580302QT,Quản lý xây dựng CLC Việt - Anh,D07,2025,16.36,,THPT
GHA,Đại học Giao thông Vận tải ( Cơ sở Phía Bắc ),7810103,Quản trị dịch vụ du lịch và lữ hành,A00,2025,24.02,,THPT
GHA,Trường Đại Học Giao Thông Vận Tải,7810103,Quản trị dịch vụ du lịch và lữ hành,A00,2025,24.02,,THPT
GHA,Trường Đại Học Giao Thông Vận Tải,7810103,Quản trị dịch vụ du lịch và lữ hành,A01,2025,24.02,,THPT
GHA,Đại học Giao thông Vận tải ( Cơ sở Phía Bắc ),7810103,Quản trị dịch vụ du lịch và lữ hành,A01,2025,24.02,,THPT
GHA,Trường Đại Học Giao Thông Vận Tải,7810103,Quản trị dịch vụ du lịch và lữ hành,D01,2025,24.02,,THPT
GHA,Đại học Giao thông Vận tải ( Cơ sở Phía Bắc ),7810103,Quản trị dịch vụ du lịch và lữ hành,D01,2025,24.02,,THPT
GHA,Trường Đại Học Giao Thông Vận Tải,7810103,Quản trị dịch vụ du lịch và lữ hành,D07,2025,24.02,,THPT
GHA,Đại học Giao thông Vận tải ( Cơ sở Phía Bắc ),7810103,Quản trị dịch vụ du lịch và lữ hành,D07,2025,24.02,,THPT
GHA,Đại học Giao thông Vận tải ( Cơ sở Phía Bắc ),7840101,Khai thác vận tải,A00,2025,24.99,,THPT
GHA,Trường Đại Học Giao Thông Vận Tải,7840101,"Khai thác vận tải (chuyên ngành: Vận tải - Thương mại quốc tế, Quy hoạch và quản lý GTVT đô thị, Vận tải - Kinh tế đường bộ và thành phố, Vận tải đường sắt)",A00,2025,24.99,,THPT
GHA,Trường Đại Học Giao Thông Vận Tải,7840101,"Khai thác vận tải (chuyên ngành: Vận tải - Thương mại quốc tế, Quy hoạch và quản lý GTVT đô thị, Vận tải - Kinh tế đường bộ và thành phố, Vận tải đường sắt)",A01,2025,24.99,,THPT
GHA,Đại học Giao thông Vận tải ( Cơ sở Phía Bắc ),7840101,Khai thác vận tải,A01,2025,24.99,,THPT
GHA,Trường Đại Học Giao Thông Vận Tải,7840101,"Khai thác vận tải (chuyên ngành: Vận tải - Thương mại quốc tế, Quy hoạch và quản lý GTVT đô thị, Vận tải - Kinh tế đường bộ và thành phố, Vận tải đường sắt)",D01,2025,24.99,,THPT
GHA,Đại học Giao thông Vận tải ( Cơ sở Phía Bắc ),7840101,Khai thác vận tải,D01,2025,24.99,,THPT
GHA,Trường Đại Học Giao Thông Vận Tải,7840101,"Khai thác vận tải (chuyên ngành: Vận tải - Thương mại quốc tế, Quy hoạch và quản lý GTVT đô thị, Vận tải - Kinh tế đường bộ và thành phố, Vận tải đường sắt)",D07,2025,24.99,,THPT
GHA,Đại học Giao thông Vận tải ( Cơ sở Phía Bắc ),7840101,Khai thác vận tải,D07,2025,24.99,,THPT
GHA,Trường Đại Học Giao Thông Vận Tải,7840101 DS,"Khai thác vận tải (chuyên ngành Khai thác và quản lý đường sắt tốc độ cao, Khai thác và quản lý đường sắt đô thị)",A00,2025,21.29,,THPT
GHA,Trường Đại Học Giao Thông Vận Tải,7840101 DS,"Khai thác vận tải (chuyên ngành Khai thác và quản lý đường sắt tốc độ cao, Khai thác và quản lý đường sắt đô thị)",A01,2025,21.29,,THPT
GHA,Trường Đại Học Giao Thông Vận Tải,7840101 DS,"Khai thác vận tải (chuyên ngành Khai thác và quản lý đường sắt tốc độ cao, Khai thác và quản lý đường sắt đô thị)",D01,2025,21.29,,THPT
GHA,Trường Đại Học Giao Thông Vận Tải,7840101 DS,"Khai thác vận tải (chuyên ngành Khai thác và quản lý đường sắt tốc độ cao, Khai thác và quản lý đường sắt đô thị)",D07,2025,21.29,,THPT
GHA,Đại học Giao thông Vận tải ( Cơ sở Phía Bắc ),7840101DS,"Khai thác vận tải (chuyên ngành Khai thác và quản lý đường sắt tốc độ cao, Khai thác và quản lý đường sắt đô thị)",A00,2025,21.29,,THPT
GHA,Đại học Giao thông Vận tải ( Cơ sở Phía Bắc ),7840101DS,"Khai thác vận tải (chuyên ngành Khai thác và quản lý đường sắt tốc độ cao, Khai thác và quản lý đường sắt đô thị)",A01,2025,21.29,,THPT
GHA,Đại học Giao thông Vận tải ( Cơ sở Phía Bắc ),7840101DS,"Khai thác vận tải (chuyên ngành Khai thác và quản lý đường sắt tốc độ cao, Khai thác và quản lý đường sắt đô thị)",D01,2025,21.29,,THPT
GHA,Đại học Giao thông Vận tải ( Cơ sở Phía Bắc ),7840101DS,"Khai thác vận tải (chuyên ngành Khai thác và quản lý đường sắt tốc độ cao, Khai thác và quản lý đường sắt đô thị)",D07,2025,21.29,,THPT
GHA,Đại học Giao thông Vận tải ( Cơ sở Phía Bắc ),7840104,Ngành Kinh tế vận tải,A00,2025,25.07,,THPT
GHA,Trường Đại Học Giao Thông Vận Tải,7840104,"Kinh tế vận tải (chuyên ngành: Kinh tế vận tải ô tô, Kinh tế vận tải hàng không, Kinh tế vận tải đường sắt, Kinh tế vận tải thuỷ bộ)",A00,2025,25.07,,THPT
GHA,Trường Đại Học Giao Thông Vận Tải,7840104,"Kinh tế vận tải (chuyên ngành: Kinh tế vận tải ô tô, Kinh tế vận tải hàng không, Kinh tế vận tải đường sắt, Kinh tế vận tải thuỷ bộ)",A01,2025,25.07,,THPT
GHA,Đại học Giao thông Vận tải ( Cơ sở Phía Bắc ),7840104,Ngành Kinh tế vận tải,A01,2025,25.07,,THPT
GHA,Trường Đại Học Giao Thông Vận Tải,7840104,"Kinh tế vận tải (chuyên ngành: Kinh tế vận tải ô tô, Kinh tế vận tải hàng không, Kinh tế vận tải đường sắt, Kinh tế vận tải thuỷ bộ)",D01,2025,25.07,,THPT
GHA,Đại học Giao thông Vận tải ( Cơ sở Phía Bắc ),7840104,Ngành Kinh tế vận tải,D01,2025,25.07,,THPT
GHA,Trường Đại Học Giao Thông Vận Tải,7840104,"Kinh tế vận tải (chuyên ngành: Kinh tế vận tải ô tô, Kinh tế vận tải hàng không, Kinh tế vận tải đường sắt, Kinh tế vận tải thuỷ bộ)",D07,2025,25.07,,THPT
GHA,Đại học Giao thông Vận tải ( Cơ sở Phía Bắc ),7840104,Ngành Kinh tế vận tải,D07,2025,25.07,,THPT
GNT,Đại Học Sư Phạm Nghệ Thuật Trung Ương,7229042,Quản lý văn hoá,C00,2025,18.0,,THPT
GNT,Đại Học Sư Phạm Nghệ Thuật Trung Ương,7540204,Công nghệ may,A00,2025,18.0,,THPT
GNT,Đại Học Sư Phạm Nghệ Thuật Trung Ương,7540204,Công nghệ may,D01,2025,18.0,,THPT
GNT,Đại Học Sư Phạm Nghệ Thuật Trung Ương,7760101,Công tác xã hội,C00,2025,18.0,,THPT
GNT,Trường Đại Học Sư Phạm Nghệ Thuật Trung Ương,7760101,Công tác xã hội,C00,2025,18.0,,THPT
GNT,Đại Học Sư Phạm Nghệ Thuật Trung Ương,7810101,Du lịch,C00,2025,19.0,,THPT
GNT,Trường Đại Học Sư Phạm Nghệ Thuật Trung Ương,7810101,Du lịch,C00,2025,19.0,,THPT
GSA,Đại học Giao thông Vận tải ( Cơ sở Phía Nam),7340101,Quản trị Kinh doanh,A00,2025,23.52,,THPT
GSA,Trường Đại Học Giao Thông Vận Tải (Cơ sở 2),7340101,Quản trị kinh doanh,A00,2025,23.52,,THPT
GSA,Trường Đại Học Giao Thông Vận Tải (Cơ sở 2),7340101,Quản trị kinh doanh,A01,2025,23.52,,THPT
GSA,Đại học Giao thông Vận tải ( Cơ sở Phía Nam),7340101,Quản trị Kinh doanh,A01,2025,23.52,,THPT
GSA,Trường Đại Học Giao Thông Vận Tải (Cơ sở 2),7340101,Quản trị kinh doanh,D01,2025,23.52,,THPT
GSA,Đại học Giao thông Vận tải ( Cơ sở Phía Nam),7340101,Quản trị Kinh doanh,D01,2025,23.52,,THPT
GSA,Đại học Giao thông Vận tải ( Cơ sở Phía Nam),7340120,Ngành Kinh doanh quốc tế,A00,2025,25.86,,THPT
GSA,Trường Đại Học Giao Thông Vận Tải (Cơ sở 2),7340120,Kinh doanh quốc tế,A00,2025,25.86,,THPT
GSA,Trường Đại Học Giao Thông Vận Tải (Cơ sở 2),7340120,Kinh doanh quốc tế,A01,2025,25.86,,THPT
GSA,Đại học Giao thông Vận tải ( Cơ sở Phía Nam),7340120,Ngành Kinh doanh quốc tế,A01,2025,25.86,,THPT
GSA,Trường Đại Học Giao Thông Vận Tải (Cơ sở 2),7340120,Kinh doanh quốc tế,D01,2025,25.86,,THPT
GSA,Đại học Giao thông Vận tải ( Cơ sở Phía Nam),7340120,Ngành Kinh doanh quốc tế,D01,2025,25.86,,THPT
GSA,Đại học Giao thông Vận tải ( Cơ sở Phía Nam),7340201,Tài chính – Ngân hàng,A00,2025,24.3,,THPT
GSA,Trường Đại Học Giao Thông Vận Tải (Cơ sở 2),7340201,Tài chính - Ngân hàng,A00,2025,24.3,,THPT
GSA,Trường Đại Học Giao Thông Vận Tải (Cơ sở 2),7340201,Tài chính - Ngân hàng,A01,2025,24.3,,THPT
GSA,Đại học Giao thông Vận tải ( Cơ sở Phía Nam),7340201,Tài chính – Ngân hàng,A01,2025,24.3,,THPT
GSA,Trường Đại Học Giao Thông Vận Tải (Cơ sở 2),7340201,Tài chính - Ngân hàng,D01,2025,24.3,,THPT
GSA,Đại học Giao thông Vận tải ( Cơ sở Phía Nam),7340201,Tài chính – Ngân hàng,D01,2025,24.3,,THPT
GSA,Đại học Giao thông Vận tải ( Cơ sở Phía Nam),7340301,Kế toán,A00,2025,23.18,,THPT
GSA,Trường Đại Học Giao Thông Vận Tải (Cơ sở 2),7340301,Kế toán (chuyên ngành Kế toán tổng hợp),A00,2025,23.18,,THPT
GSA,Trường Đại Học Giao Thông Vận Tải (Cơ sở 2),7340301,Kế toán (chuyên ngành Kế toán tổng hợp),A01,2025,23.18,,THPT
GSA,Đại học Giao thông Vận tải ( Cơ sở Phía Nam),7340301,Kế toán,A01,2025,23.18,,THPT
GSA,Trường Đại Học Giao Thông Vận Tải (Cơ sở 2),7340301,Kế toán (chuyên ngành Kế toán tổng hợp),D01,2025,23.18,,THPT
GSA,Đại học Giao thông Vận tải ( Cơ sở Phía Nam),7340301,Kế toán,D01,2025,23.18,,THPT
GSA,Đại học Giao thông Vận tải ( Cơ sở Phía Nam),7480106,Kỹ thuật máy tính,A00,2025,23.86,,THPT
GSA,Trường Đại Học Giao Thông Vận Tải (Cơ sở 2),7480106,Kỹ thuật máy tính (theo hướng chuyên sâu vi mạch bán dẫn),A00,2025,23.86,,THPT
GSA,Trường Đại Học Giao Thông Vận Tải (Cơ sở 2),7480106,Kỹ thuật máy tính (theo hướng chuyên sâu vi mạch bán dẫn),A01,2025,23.86,,THPT
GSA,Đại học Giao thông Vận tải ( Cơ sở Phía Nam),7480106,Kỹ thuật máy tính,A01,2025,23.86,,THPT
GSA,Đại học Giao thông Vận tải ( Cơ sở Phía Nam),7480201,Công nghệ thông tin,A00,2025,24.76,,THPT
GSA,Trường Đại Học Giao Thông Vận Tải (Cơ sở 2),7480201,Công nghệ thông tin,A00,2025,24.76,,THPT
GSA,Trường Đại Học Giao Thông Vận Tải (Cơ sở 2),7480201,Công nghệ thông tin,A01,2025,24.76,,THPT
GSA,Đại học Giao thông Vận tải ( Cơ sở Phía Nam),7480201,Công nghệ thông tin,A01,2025,24.76,,THPT
GSA,Trường Đại Học Giao Thông Vận Tải (Cơ sở 2),7480201,Công nghệ thông tin,D01,2025,24.76,,THPT
GSA,Đại học Giao thông Vận tải ( Cơ sở Phía Nam),7480201,Công nghệ thông tin,D01,2025,24.76,,THPT
GSA,Đại học Giao thông Vận tải ( Cơ sở Phía Nam),7510605,Logistics và Quản lý chuỗi cung ứng,A00,2025,27.38,,THPT
GSA,Trường Đại Học Giao Thông Vận Tải (Cơ sở 2),7510605,Logistics và Quản lý chuỗi cung ứng,A00,2025,27.38,,THPT
GSA,Trường Đại Học Giao Thông Vận Tải (Cơ sở 2),7510605,Logistics và Quản lý chuỗi cung ứng,A01,2025,27.38,,THPT
GSA,Đại học Giao thông Vận tải ( Cơ sở Phía Nam),7510605,Logistics và Quản lý chuỗi cung ứng,A01,2025,27.38,,THPT
GSA,Trường Đại Học Giao Thông Vận Tải (Cơ sở 2),7510605,Logistics và Quản lý chuỗi cung ứng,D01,2025,27.38,,THPT
GSA,Đại học Giao thông Vận tải ( Cơ sở Phía Nam),7510605,Logistics và Quản lý chuỗi cung ứng,D01,2025,27.38,,THPT
GSA,Đại học Giao thông Vận tải ( Cơ sở Phía Nam),7520114,Kỹ thuật cơ điện tử,A00,2025,25.5,,THPT
GSA,Trường Đại Học Giao Thông Vận Tải (Cơ sở 2),7520114,Kỹ thuật cơ điện tử,A00,2025,25.5,,THPT
GSA,Trường Đại Học Giao Thông Vận Tải (Cơ sở 2),7520114,Kỹ thuật cơ điện tử,A01,2025,25.5,,THPT
GSA,Đại học Giao thông Vận tải ( Cơ sở Phía Nam),7520114,Kỹ thuật cơ điện tử,A01,2025,25.5,,THPT
GSA,Trường Đại Học Giao Thông Vận Tải (Cơ sở 2),7520114,Kỹ thuật cơ điện tử,D01,2025,25.5,,THPT
GSA,Đại học Giao thông Vận tải ( Cơ sở Phía Nam),7520114,Kỹ thuật cơ điện tử,D01,2025,25.5,,THPT
GSA,Đại học Giao thông Vận tải ( Cơ sở Phía Nam),7520116,Kỹ thuật cơ khí động lực,A00,2025,24.02,,THPT
GSA,Trường Đại Học Giao Thông Vận Tải (Cơ sở 2),7520116,"Kỹ thuật cơ khí động lực (chuyên ngành: Máy xây dựng, Kỹ thuật máy động lực)",A00,2025,24.02,,THPT
GSA,Trường Đại Học Giao Thông Vận Tải (Cơ sở 2),7520116,"Kỹ thuật cơ khí động lực (chuyên ngành: Máy xây dựng, Kỹ thuật máy động lực)",A01,2025,24.02,,THPT
GSA,Đại học Giao thông Vận tải ( Cơ sở Phía Nam),7520116,Kỹ thuật cơ khí động lực,A01,2025,24.02,,THPT
GSA,Trường Đại Học Giao Thông Vận Tải (Cơ sở 2),7520116,"Kỹ thuật cơ khí động lực (chuyên ngành: Máy xây dựng, Kỹ thuật máy động lực)",D01,2025,24.02,,THPT
GSA,Đại học Giao thông Vận tải ( Cơ sở Phía Nam),7520116,Kỹ thuật cơ khí động lực,D01,2025,24.02,,THPT
GSA,Đại học Giao thông Vận tải ( Cơ sở Phía Nam),7520130,Kỹ thuật ô tô,A00,2025,24.42,,THPT
GSA,Trường Đại Học Giao Thông Vận Tải (Cơ sở 2),7520130,Kỹ thuật ô tô,A00,2025,24.42,,THPT
GSA,Trường Đại Học Giao Thông Vận Tải (Cơ sở 2),7520130,Kỹ thuật ô tô,A01,2025,24.42,,THPT
GSA,Đại học Giao thông Vận tải ( Cơ sở Phía Nam),7520130,Kỹ thuật ô tô,A01,2025,24.42,,THPT
GSA,Trường Đại Học Giao Thông Vận Tải (Cơ sở 2),7520130,Kỹ thuật ô tô,D01,2025,24.42,,THPT
GSA,Đại học Giao thông Vận tải ( Cơ sở Phía Nam),7520130,Kỹ thuật ô tô,D01,2025,24.42,,THPT
GSA,Đại học Giao thông Vận tải ( Cơ sở Phía Nam),7520201,Kỹ thuật điện,A00,2025,24.58,,THPT
GSA,Trường Đại Học Giao Thông Vận Tải (Cơ sở 2),7520201,Kỹ thuật điện (chuyên ngành: Trang bị điện trong công nghiệp và GTVT),A00,2025,24.58,,THPT
GSA,Trường Đại Học Giao Thông Vận Tải (Cơ sở 2),7520201,Kỹ thuật điện (chuyên ngành: Trang bị điện trong công nghiệp và GTVT),A01,2025,24.58,,THPT
GSA,Đại học Giao thông Vận tải ( Cơ sở Phía Nam),7520201,Kỹ thuật điện,A01,2025,24.58,,THPT
GSA,Trường Đại Học Giao Thông Vận Tải (Cơ sở 2),7520201,Kỹ thuật điện (chuyên ngành: Trang bị điện trong công nghiệp và GTVT),D01,2025,24.58,,THPT
GSA,Đại học Giao thông Vận tải ( Cơ sở Phía Nam),7520201,Kỹ thuật điện,D01,2025,24.58,,THPT
GSA,Đại học Giao thông Vận tải ( Cơ sở Phía Nam),7520207,Ngành Kỹ thuật điện tử truyền thông,A00,2025,24.2,,THPT
GSA,Trường Đại Học Giao Thông Vận Tải (Cơ sở 2),7520207,"Kỹ thuật điện tử - viễn thông (chuyên ngành: Kỹ thuật viễn thông, Kỹ thuật Điện tử và tin học công nghiệp)",A00,2025,24.2,,THPT
GSA,Trường Đại Học Giao Thông Vận Tải (Cơ sở 2),7520207,"Kỹ thuật điện tử - viễn thông (chuyên ngành: Kỹ thuật viễn thông, Kỹ thuật Điện tử và tin học công nghiệp)",A01,2025,24.2,,THPT
GSA,Đại học Giao thông Vận tải ( Cơ sở Phía Nam),7520207,Ngành Kỹ thuật điện tử truyền thông,A01,2025,24.2,,THPT
GSA,Trường Đại Học Giao Thông Vận Tải (Cơ sở 2),7520207,"Kỹ thuật điện tử - viễn thông (chuyên ngành: Kỹ thuật viễn thông, Kỹ thuật Điện tử và tin học công nghiệp)",D01,2025,24.2,,THPT
GSA,Đại học Giao thông Vận tải ( Cơ sở Phía Nam),7520207,Ngành Kỹ thuật điện tử truyền thông,D01,2025,24.2,,THPT
GSA,Đại học Giao thông Vận tải ( Cơ sở Phía Nam),7520216,Ngành Kỹ thuật điều khiển & Tự động hóa,A00,2025,25.7,,THPT
GSA,Trường Đại Học Giao Thông Vận Tải (Cơ sở 2),7520216,Kỹ thuật điều khiển và tự động hoá (chuyên ngành: Tự động hoá),A00,2025,25.7,,THPT
GSA,Trường Đại Học Giao Thông Vận Tải (Cơ sở 2),7520216,Kỹ thuật điều khiển và tự động hoá (chuyên ngành: Tự động hoá),A01,2025,25.7,,THPT
GSA,Đại học Giao thông Vận tải ( Cơ sở Phía Nam),7520216,Ngành Kỹ thuật điều khiển & Tự động hóa,A01,2025,25.7,,THPT
GSA,Trường Đại Học Giao Thông Vận Tải (Cơ sở 2),7520216,Kỹ thuật điều khiển và tự động hoá (chuyên ngành: Tự động hoá),D01,2025,25.7,,THPT
GSA,Đại học Giao thông Vận tải ( Cơ sở Phía Nam),7520216,Ngành Kỹ thuật điều khiển & Tự động hóa,D01,2025,25.7,,THPT
GSA,Đại học Giao thông Vận tải ( Cơ sở Phía Nam),7580101,Kiến trúc,A00,2025,22.12,,THPT
GSA,Trường Đại Học Giao Thông Vận Tải (Cơ sở 2),7580101,Kiến trúc,A00,2025,22.12,,THPT
GSA,Trường Đại Học Giao Thông Vận Tải (Cơ sở 2),7580101,Kiến trúc,A01,2025,22.12,,THPT
GSA,Đại học Giao thông Vận tải ( Cơ sở Phía Nam),7580101,Kiến trúc,A01,2025,22.12,,THPT
GSA,Đại học Giao thông Vận tải ( Cơ sở Phía Nam),7580106,Quản lý đô thị và công trình,A00,2025,15.06,,THPT
GSA,Trường Đại Học Giao Thông Vận Tải (Cơ sở 2),7580106,Quản lý đô thị và công trình,A00,2025,15.06,,THPT
GSA,Trường Đại Học Giao Thông Vận Tải (Cơ sở 2),7580106,Quản lý đô thị và công trình,A01,2025,15.06,,THPT
GSA,Đại học Giao thông Vận tải ( Cơ sở Phía Nam),7580106,Quản lý đô thị và công trình,A01,2025,15.06,,THPT
GSA,Trường Đại Học Giao Thông Vận Tải (Cơ sở 2),7580106,Quản lý đô thị và công trình,D01,2025,15.06,,THPT
GSA,Đại học Giao thông Vận tải ( Cơ sở Phía Nam),7580106,Quản lý đô thị và công trình,D01,2025,15.06,,THPT
GSA,Đại học Giao thông Vận tải ( Cơ sở Phía Nam),7580201,Kỹ thuật xây dựng,A00,2025,21.34,,THPT
GSA,Trường Đại Học Giao Thông Vận Tải (Cơ sở 2),7580201,Kỹ thuật xây dựng (chuyên ngành: Xây dựng dân dụng và công nghiệp),A00,2025,21.34,,THPT
GSA,Trường Đại Học Giao Thông Vận Tải (Cơ sở 2),7580201,Kỹ thuật xây dựng (chuyên ngành: Xây dựng dân dụng và công nghiệp),A01,2025,21.34,,THPT
GSA,Đại học Giao thông Vận tải ( Cơ sở Phía Nam),7580201,Kỹ thuật xây dựng,A01,2025,21.34,,THPT
GSA,Trường Đại Học Giao Thông Vận Tải (Cơ sở 2),7580201,Kỹ thuật xây dựng (chuyên ngành: Xây dựng dân dụng và công nghiệp),D01,2025,21.34,,THPT
GSA,Đại học Giao thông Vận tải ( Cơ sở Phía Nam),7580201,Kỹ thuật xây dựng,D01,2025,21.34,,THPT
GSA,Đại học Giao thông Vận tải ( Cơ sở Phía Nam),7580205,Kỹ thuật xây dựng công trình giao thông,A00,2025,19.76,,THPT
GSA,Trường Đại Học Giao Thông Vận Tải (Cơ sở 2),7580205,"Kỹ thuật xây dựng công trình giao thông (chuyên ngành: Cầu đường bộ, Đường bộ và kỹ thuật giao thông)",A00,2025,19.76,,THPT
GSA,Trường Đại Học Giao Thông Vận Tải (Cơ sở 2),7580205,"Kỹ thuật xây dựng công trình giao thông (chuyên ngành: Cầu đường bộ, Đường bộ và kỹ thuật giao thông)",A01,2025,19.76,,THPT
GSA,Đại học Giao thông Vận tải ( Cơ sở Phía Nam),7580205,Kỹ thuật xây dựng công trình giao thông,A01,2025,19.76,,THPT
GSA,Trường Đại Học Giao Thông Vận Tải (Cơ sở 2),7580205,"Kỹ thuật xây dựng công trình giao thông (chuyên ngành: Cầu đường bộ, Đường bộ và kỹ thuật giao thông)",D01,2025,19.76,,THPT
GSA,Đại học Giao thông Vận tải ( Cơ sở Phía Nam),7580205,Kỹ thuật xây dựng công trình giao thông,D01,2025,19.76,,THPT
GSA,Trường Đại Học Giao Thông Vận Tải (Cơ sở 2),7580205-CLC,Kỹ thuật xây dựng công trình giao thông (Chương trình CLC Cầu - Đường bộ Việt-Anh),A00,2025,15.12,,THPT
GSA,Trường Đại Học Giao Thông Vận Tải (Cơ sở 2),7580205-CLC,Kỹ thuật xây dựng công trình giao thông (Chương trình CLC Cầu - Đường bộ Việt-Anh),A01,2025,15.12,,THPT
GSA,Trường Đại Học Giao Thông Vận Tải (Cơ sở 2),7580205-CLC,Kỹ thuật xây dựng công trình giao thông (Chương trình CLC Cầu - Đường bộ Việt-Anh),D01,2025,15.12,,THPT
GSA,Trường Đại Học Giao Thông Vận Tải (Cơ sở 2),7580205-DS,Kỹ thuật xây dựng công trình giao thông (chuyên ngành Đường sắt tốc độ cao),A00,2025,21.46,,THPT
GSA,Trường Đại Học Giao Thông Vận Tải (Cơ sở 2),7580205-DS,Kỹ thuật xây dựng công trình giao thông (chuyên ngành Đường sắt tốc độ cao),A01,2025,21.46,,THPT
GSA,Trường Đại Học Giao Thông Vận Tải (Cơ sở 2),7580205-DS,Kỹ thuật xây dựng công trình giao thông (chuyên ngành Đường sắt tốc độ cao),D01,2025,21.46,,THPT
GSA,Đại học Giao thông Vận tải ( Cơ sở Phía Nam),7580205CLC,Kỹ thuật xây dựng công trình giao thông (CLC),A00,2025,15.12,,THPT
GSA,Đại học Giao thông Vận tải ( Cơ sở Phía Nam),7580205CLC,Kỹ thuật xây dựng công trình giao thông (CLC),A01,2025,15.12,,THPT
GSA,Đại học Giao thông Vận tải ( Cơ sở Phía Nam),7580205CLC,Kỹ thuật xây dựng công trình giao thông (CLC),D01,2025,15.12,,THPT
GSA,Đại học Giao thông Vận tải ( Cơ sở Phía Nam),7580205DS,Kỹ thuật xây dựng công trình giao thông (chuyên ngành đường sắt tốc độ cao),A00,2025,21.46,,THPT
GSA,Đại học Giao thông Vận tải ( Cơ sở Phía Nam),7580205DS,Kỹ thuật xây dựng công trình giao thông (chuyên ngành đường sắt tốc độ cao),A01,2025,21.46,,THPT
GSA,Đại học Giao thông Vận tải ( Cơ sở Phía Nam),7580205DS,Kỹ thuật xây dựng công trình giao thông (chuyên ngành đường sắt tốc độ cao),D01,2025,21.46,,THPT
GSA,Đại học Giao thông Vận tải ( Cơ sở Phía Nam),7580301,Kinh tế xây dựng,A00,2025,22.04,,THPT
GSA,Trường Đại Học Giao Thông Vận Tải (Cơ sở 2),7580301,Kinh tế xây dựng (chuyên ngành: Kinh tế và quản lý đầu tư xây dựng),A00,2025,22.04,,THPT
GSA,Trường Đại Học Giao Thông Vận Tải (Cơ sở 2),7580301,Kinh tế xây dựng (chuyên ngành: Kinh tế và quản lý đầu tư xây dựng),A01,2025,22.04,,THPT
GSA,Đại học Giao thông Vận tải ( Cơ sở Phía Nam),7580301,Kinh tế xây dựng,A01,2025,22.04,,THPT
GSA,Trường Đại Học Giao Thông Vận Tải (Cơ sở 2),7580301,Kinh tế xây dựng (chuyên ngành: Kinh tế và quản lý đầu tư xây dựng),D01,2025,22.04,,THPT
GSA,Đại học Giao thông Vận tải ( Cơ sở Phía Nam),7580301,Kinh tế xây dựng,D01,2025,22.04,,THPT
GSA,Đại học Giao thông Vận tải ( Cơ sở Phía Nam),7580302,Quản lý xây dựng,A00,2025,21.14,,THPT
GSA,Trường Đại Học Giao Thông Vận Tải (Cơ sở 2),7580302,Quản lý xây dựng (chuyên ngành: Quản lý dự án),A00,2025,21.14,,THPT
GSA,Trường Đại Học Giao Thông Vận Tải (Cơ sở 2),7580302,Quản lý xây dựng (chuyên ngành: Quản lý dự án),A01,2025,21.14,,THPT
GSA,Đại học Giao thông Vận tải ( Cơ sở Phía Nam),7580302,Quản lý xây dựng,A01,2025,21.14,,THPT
GSA,Trường Đại Học Giao Thông Vận Tải (Cơ sở 2),7580302,Quản lý xây dựng (chuyên ngành: Quản lý dự án),D01,2025,21.14,,THPT
GSA,Đại học Giao thông Vận tải ( Cơ sở Phía Nam),7580302,Quản lý xây dựng,D01,2025,21.14,,THPT
GSA,Đại học Giao thông Vận tải ( Cơ sở Phía Nam),7810103,Quản trị dịch vụ du lịch và lữ hành,A00,2025,22.48,,THPT
GSA,Trường Đại Học Giao Thông Vận Tải (Cơ sở 2),7810103,Quản trị dịch vụ du lịch và lữ hành,A00,2025,22.48,,THPT
GSA,Trường Đại Học Giao Thông Vận Tải (Cơ sở 2),7810103,Quản trị dịch vụ du lịch và lữ hành,A01,2025,22.48,,THPT
GSA,Đại học Giao thông Vận tải ( Cơ sở Phía Nam),7810103,Quản trị dịch vụ du lịch và lữ hành,A01,2025,22.48,,THPT
GSA,Trường Đại Học Giao Thông Vận Tải (Cơ sở 2),7810103,Quản trị dịch vụ du lịch và lữ hành,D01,2025,22.48,,THPT
GSA,Đại học Giao thông Vận tải ( Cơ sở Phía Nam),7810103,Quản trị dịch vụ du lịch và lữ hành,D01,2025,22.48,,THPT
GSA,Đại học Giao thông Vận tải ( Cơ sở Phía Nam),7840101,Khai thác vận tải,A00,2025,25.78,,THPT
GSA,Trường Đại Học Giao Thông Vận Tải (Cơ sở 2),7840101,"Khai thác vận tải (chuyên ngành: Vận tải - Thương mại quốc tế, Quy hoạch và quản lý GTVT đô thị)",A00,2025,25.78,,THPT
GSA,Trường Đại Học Giao Thông Vận Tải (Cơ sở 2),7840101,"Khai thác vận tải (chuyên ngành: Vận tải - Thương mại quốc tế, Quy hoạch và quản lý GTVT đô thị)",A01,2025,25.78,,THPT
GSA,Đại học Giao thông Vận tải ( Cơ sở Phía Nam),7840101,Khai thác vận tải,A01,2025,25.78,,THPT
GSA,Trường Đại Học Giao Thông Vận Tải (Cơ sở 2),7840101,"Khai thác vận tải (chuyên ngành: Vận tải - Thương mại quốc tế, Quy hoạch và quản lý GTVT đô thị)",D01,2025,25.78,,THPT
GSA,Đại học Giao thông Vận tải ( Cơ sở Phía Nam),7840101,Khai thác vận tải,D01,2025,25.78,,THPT
GSA,Đại học Giao thông Vận tải ( Cơ sở Phía Nam),7840104,Ngành Kinh tế vận tải,A00,2025,25.46,,THPT
GSA,Trường Đại Học Giao Thông Vận Tải (Cơ sở 2),7840104,Kinh tế vận tải (chuyên ngành: Kinh tế vận tải thuỷ bộ),A00,2025,25.46,,THPT
GSA,Trường Đại Học Giao Thông Vận Tải (Cơ sở 2),7840104,Kinh tế vận tải (chuyên ngành: Kinh tế vận tải thuỷ bộ),A01,2025,25.46,,THPT
GSA,Đại học Giao thông Vận tải ( Cơ sở Phía Nam),7840104,Ngành Kinh tế vận tải,A01,2025,25.46,,THPT
GSA,Trường Đại Học Giao Thông Vận Tải (Cơ sở 2),7840104,Kinh tế vận tải (chuyên ngành: Kinh tế vận tải thuỷ bộ),D01,2025,25.46,,THPT
GSA,Đại học Giao thông Vận tải ( Cơ sở Phía Nam),7840104,Ngành Kinh tế vận tải,D01,2025,25.46,,THPT
GTA,Đại học Công nghệ Giao thông vận tải,GTADCAT2,An toàn dữ liệu và an ninh mạng,A00,2025,23.0,,THPT
GTA,Trường Đại học Công nghệ Giao thông vận tải,GTADCAT2,An toàn dữ liệu và an ninh mạng,A00,2025,23.0,,THPT
GTA,Trường Đại học Công nghệ Giao thông vận tải,GTADCAT2,An toàn dữ liệu và an ninh mạng,A01,2025,23.0,,THPT
GTA,Đại học Công nghệ Giao thông vận tải,GTADCAT2,An toàn dữ liệu và an ninh mạng,A01,2025,23.0,,THPT
GTA,Trường Đại học Công nghệ Giao thông vận tải,GTADCAT2,An toàn dữ liệu và an ninh mạng,D01,2025,23.0,,THPT
GTA,Đại học Công nghệ Giao thông vận tải,GTADCAT2,An toàn dữ liệu và an ninh mạng,D01,2025,23.0,,THPT
GTA,Trường Đại học Công nghệ Giao thông vận tải,GTADCAT2,An toàn dữ liệu và an ninh mạng,D07,2025,23.0,,THPT
GTA,Đại học Công nghệ Giao thông vận tải,GTADCAT2,An toàn dữ liệu và an ninh mạng,D07,2025,23.0,,THPT
GTA,Đại học Công nghệ Giao thông vận tải,GTADCBC2,"Quản lý, khai thác và bảo trì đường cao tốc",A00,2025,16.0,,THPT
GTA,Trường Đại học Công nghệ Giao thông vận tải,GTADCBC2,Quản lý; khai thác và bảo trì đường cao tốc,A00,2025,16.0,,THPT
GTA,Trường Đại học Công nghệ Giao thông vận tải,GTADCBC2,Quản lý; khai thác và bảo trì đường cao tốc,A01,2025,16.0,,THPT
GTA,Đại học Công nghệ Giao thông vận tải,GTADCBC2,"Quản lý, khai thác và bảo trì đường cao tốc",A01,2025,16.0,,THPT
GTA,Trường Đại học Công nghệ Giao thông vận tải,GTADCBC2,Quản lý; khai thác và bảo trì đường cao tốc,D01,2025,16.0,,THPT
GTA,Đại học Công nghệ Giao thông vận tải,GTADCBC2,"Quản lý, khai thác và bảo trì đường cao tốc",D01,2025,16.0,,THPT
GTA,Trường Đại học Công nghệ Giao thông vận tải,GTADCBC2,Quản lý; khai thác và bảo trì đường cao tốc,D07,2025,16.0,,THPT
GTA,Đại học Công nghệ Giao thông vận tải,GTADCBC2,"Quản lý, khai thác và bảo trì đường cao tốc",D07,2025,16.0,,THPT
GTA,Đại học Công nghệ Giao thông vận tải,GTADCBI2,Mô hình thông tin công trình trong dự án Hạ tầng giao thông,A00,2025,16.0,,THPT
GTA,Trường Đại học Công nghệ Giao thông vận tải,GTADCBI2,Mô hình thông tin công trình giao thông (BIM),A00,2025,16.0,,THPT
GTA,Trường Đại học Công nghệ Giao thông vận tải,GTADCBI2,Mô hình thông tin công trình giao thông (BIM),A01,2025,16.0,,THPT
GTA,Đại học Công nghệ Giao thông vận tải,GTADCBI2,Mô hình thông tin công trình trong dự án Hạ tầng giao thông,A01,2025,16.0,,THPT
GTA,Trường Đại học Công nghệ Giao thông vận tải,GTADCBI2,Mô hình thông tin công trình giao thông (BIM),D01,2025,16.0,,THPT
GTA,Đại học Công nghệ Giao thông vận tải,GTADCBI2,Mô hình thông tin công trình trong dự án Hạ tầng giao thông,D01,2025,16.0,,THPT
GTA,Trường Đại học Công nghệ Giao thông vận tải,GTADCBI2,Mô hình thông tin công trình giao thông (BIM),D07,2025,16.0,,THPT
GTA,Đại học Công nghệ Giao thông vận tải,GTADCBI2,Mô hình thông tin công trình trong dự án Hạ tầng giao thông,D07,2025,16.0,,THPT
GTA,Trường Đại học Công nghệ Giao thông vận tải,GTADCCD1,CNKT Cầu đường bộ (học tại Vĩnh Phúc),A00,2025,16.0,,THPT
GTA,Trường Đại học Công nghệ Giao thông vận tải,GTADCCD1,CNKT Cầu đường bộ (học tại Vĩnh Phúc),A01,2025,16.0,,THPT
GTA,Trường Đại học Công nghệ Giao thông vận tải,GTADCCD1,CNKT Cầu đường bộ (học tại Vĩnh Phúc),D01,2025,16.0,,THPT
GTA,Trường Đại học Công nghệ Giao thông vận tải,GTADCCD1,CNKT Cầu đường bộ (học tại Vĩnh Phúc),D07,2025,16.0,,THPT
GTA,Đại học Công nghệ Giao thông vận tải,GTADCCD2,Công nghệ kỹ thuật xây dựng cầu đường bộ,A00,2025,16.0,,THPT
GTA,Trường Đại học Công nghệ Giao thông vận tải,GTADCCD2,Công nghệ kỹ thuật xây dựng Cầu đường bộ,A00,2025,16.0,,THPT
GTA,Trường Đại học Công nghệ Giao thông vận tải,GTADCCD2,Công nghệ kỹ thuật xây dựng Cầu đường bộ,A01,2025,16.0,,THPT
GTA,Đại học Công nghệ Giao thông vận tải,GTADCCD2,Công nghệ kỹ thuật xây dựng cầu đường bộ,A01,2025,16.0,,THPT
GTA,Trường Đại học Công nghệ Giao thông vận tải,GTADCCD2,Công nghệ kỹ thuật xây dựng Cầu đường bộ,D01,2025,16.0,,THPT
GTA,Đại học Công nghệ Giao thông vận tải,GTADCCD2,Công nghệ kỹ thuật xây dựng cầu đường bộ,D01,2025,16.0,,THPT
GTA,Trường Đại học Công nghệ Giao thông vận tải,GTADCCD2,Công nghệ kỹ thuật xây dựng Cầu đường bộ,D07,2025,16.0,,THPT
GTA,Đại học Công nghệ Giao thông vận tải,GTADCCD2,Công nghệ kỹ thuật xây dựng cầu đường bộ,D07,2025,16.0,,THPT
GTA,Đại học Công nghệ Giao thông vận tải,GTADCCDD2,Công nghệ kỹ thuật xây dựng cầu đường bộ (hợp tác doanh nghiệp),A00,2025,16.0,,THPT
GTA,Trường Đại học Công nghệ Giao thông vận tải,GTADCCDD2,Công nghệ kỹ thuật xây dựng cầu đường bộ (hợp tác doanh nghiệp),A00,2025,16.0,,THPT
GTA,Trường Đại học Công nghệ Giao thông vận tải,GTADCCDD2,Công nghệ kỹ thuật xây dựng cầu đường bộ (hợp tác doanh nghiệp),A01,2025,16.0,,THPT
GTA,Đại học Công nghệ Giao thông vận tải,GTADCCDD2,Công nghệ kỹ thuật xây dựng cầu đường bộ (hợp tác doanh nghiệp),A01,2025,16.0,,THPT
GTA,Trường Đại học Công nghệ Giao thông vận tải,GTADCCDD2,Công nghệ kỹ thuật xây dựng cầu đường bộ (hợp tác doanh nghiệp),D01,2025,16.0,,THPT
GTA,Đại học Công nghệ Giao thông vận tải,GTADCCDD2,Công nghệ kỹ thuật xây dựng cầu đường bộ (hợp tác doanh nghiệp),D01,2025,16.0,,THPT
GTA,Trường Đại học Công nghệ Giao thông vận tải,GTADCCDD2,Công nghệ kỹ thuật xây dựng cầu đường bộ (hợp tác doanh nghiệp),D07,2025,16.0,,THPT
GTA,Đại học Công nghệ Giao thông vận tải,GTADCCDD2,Công nghệ kỹ thuật xây dựng cầu đường bộ (hợp tác doanh nghiệp),D07,2025,16.0,,THPT
GTA,Đại học Công nghệ Giao thông vận tải,GTADCCDJ2,"Công nghệ kỹ thuật xây dựng Cầu đường bộ (tăng cường tiếng Nhật, định hướng làm việc tại Nhật Bản)",A00,2025,18.0,,THPT
GTA,Trường Đại học Công nghệ Giao thông vận tải,GTADCCDJ2,Công nghệ kỹ thuật xây dựng Cầu đường bộ (tăng cường tiếng Nhật; định hướng làm việc tại Nhật Bản),A00,2025,18.0,,THPT
GTA,Trường Đại học Công nghệ Giao thông vận tải,GTADCCDJ2,Công nghệ kỹ thuật xây dựng Cầu đường bộ (tăng cường tiếng Nhật; định hướng làm việc tại Nhật Bản),A01,2025,18.0,,THPT
GTA,Đại học Công nghệ Giao thông vận tải,GTADCCDJ2,"Công nghệ kỹ thuật xây dựng Cầu đường bộ (tăng cường tiếng Nhật, định hướng làm việc tại Nhật Bản)",A01,2025,18.0,,THPT
GTA,Trường Đại học Công nghệ Giao thông vận tải,GTADCCDJ2,Công nghệ kỹ thuật xây dựng Cầu đường bộ (tăng cường tiếng Nhật; định hướng làm việc tại Nhật Bản),D01,2025,18.0,,THPT
GTA,Đại học Công nghệ Giao thông vận tải,GTADCCDJ2,"Công nghệ kỹ thuật xây dựng Cầu đường bộ (tăng cường tiếng Nhật, định hướng làm việc tại Nhật Bản)",D01,2025,18.0,,THPT
GTA,Trường Đại học Công nghệ Giao thông vận tải,GTADCCDJ2,Công nghệ kỹ thuật xây dựng Cầu đường bộ (tăng cường tiếng Nhật; định hướng làm việc tại Nhật Bản),D07,2025,18.0,,THPT
GTA,Đại học Công nghệ Giao thông vận tải,GTADCCDJ2,"Công nghệ kỹ thuật xây dựng Cầu đường bộ (tăng cường tiếng Nhật, định hướng làm việc tại Nhật Bản)",D07,2025,18.0,,THPT
GTA,Đại học Công nghệ Giao thông vận tải,GTADCCH2,Hạ tầng giao thông đô thị thông minh,A00,2025,17.0,,THPT
GTA,Trường Đại học Công nghệ Giao thông vận tải,GTADCCH2,Hạ tầng giao thông đô thị thông minh,A00,2025,17.0,,THPT
GTA,Trường Đại học Công nghệ Giao thông vận tải,GTADCCH2,Hạ tầng giao thông đô thị thông minh,A01,2025,17.0,,THPT
GTA,Đại học Công nghệ Giao thông vận tải,GTADCCH2,Hạ tầng giao thông đô thị thông minh,A01,2025,17.0,,THPT
GTA,Trường Đại học Công nghệ Giao thông vận tải,GTADCCH2,Hạ tầng giao thông đô thị thông minh,D01,2025,17.0,,THPT
GTA,Đại học Công nghệ Giao thông vận tải,GTADCCH2,Hạ tầng giao thông đô thị thông minh,D01,2025,17.0,,THPT
GTA,Trường Đại học Công nghệ Giao thông vận tải,GTADCCH2,Hạ tầng giao thông đô thị thông minh,D07,2025,17.0,,THPT
GTA,Đại học Công nghệ Giao thông vận tải,GTADCCH2,Hạ tầng giao thông đô thị thông minh,D07,2025,17.0,,THPT
GTA,Trường Đại học Công nghệ Giao thông vận tải,GTADCCI2,Thương mại quốc tế,A00,2025,22.5,,THPT
GTA,Trường Đại học Công nghệ Giao thông vận tải,GTADCCI2,Thương mại quốc tế,A01,2025,22.5,,THPT
GTA,Trường Đại học Công nghệ Giao thông vận tải,GTADCCI2,Thương mại quốc tế,D01,2025,22.5,,THPT
GTA,Đại học Công nghệ Giao thông vận tải,GTADCCI2,Thương mại quốc tế,D01,2025,22.5,,THPT
GTA,Trường Đại học Công nghệ Giao thông vận tải,GTADCCI2,Thương mại quốc tế,D07,2025,22.5,,THPT
GTA,Đại học Công nghệ Giao thông vận tải,GTADCCI2,Thương mại quốc tế,D07,2025,22.5,,THPT
GTA,Đại học Công nghệ Giao thông vận tải,GTADCCM2,Công nghệ chế tạo máy,A00,2025,21.0,,THPT
GTA,Trường Đại học Công nghệ Giao thông vận tải,GTADCCM2,Công nghệ chế tạo máy,A00,2025,21.0,,THPT
GTA,Trường Đại học Công nghệ Giao thông vận tải,GTADCCM2,Công nghệ chế tạo máy,A01,2025,21.0,,THPT
GTA,Đại học Công nghệ Giao thông vận tải,GTADCCM2,Công nghệ chế tạo máy,A01,2025,21.0,,THPT
GTA,Trường Đại học Công nghệ Giao thông vận tải,GTADCCM2,Công nghệ chế tạo máy,D01,2025,21.0,,THPT
GTA,Đại học Công nghệ Giao thông vận tải,GTADCCM2,Công nghệ chế tạo máy,D01,2025,21.0,,THPT
GTA,Trường Đại học Công nghệ Giao thông vận tải,GTADCCM2,Công nghệ chế tạo máy,D07,2025,21.0,,THPT
GTA,Đại học Công nghệ Giao thông vận tải,GTADCCM2,Công nghệ chế tạo máy,D07,2025,21.0,,THPT
GTA,Đại học Công nghệ Giao thông vận tải,GTADCCMJ2,"Công nghệ chế tạo máy (tăng cường tiếng Nhật, định hướng làm việc tại Nhật Bản)",A00,2025,18.0,,THPT
GTA,Trường Đại học Công nghệ Giao thông vận tải,GTADCCMJ2,Công nghệ chế tạo máy (tăng cường tiếng Nhật; định hướng làm việc tại Nhật Bản),A00,2025,18.0,,THPT
GTA,Trường Đại học Công nghệ Giao thông vận tải,GTADCCMJ2,Công nghệ chế tạo máy (tăng cường tiếng Nhật; định hướng làm việc tại Nhật Bản),A01,2025,18.0,,THPT
GTA,Đại học Công nghệ Giao thông vận tải,GTADCCMJ2,"Công nghệ chế tạo máy (tăng cường tiếng Nhật, định hướng làm việc tại Nhật Bản)",A01,2025,18.0,,THPT
GTA,Trường Đại học Công nghệ Giao thông vận tải,GTADCCMJ2,Công nghệ chế tạo máy (tăng cường tiếng Nhật; định hướng làm việc tại Nhật Bản),D01,2025,18.0,,THPT
GTA,Đại học Công nghệ Giao thông vận tải,GTADCCMJ2,"Công nghệ chế tạo máy (tăng cường tiếng Nhật, định hướng làm việc tại Nhật Bản)",D01,2025,18.0,,THPT
GTA,Trường Đại học Công nghệ Giao thông vận tải,GTADCCMJ2,Công nghệ chế tạo máy (tăng cường tiếng Nhật; định hướng làm việc tại Nhật Bản),D07,2025,18.0,,THPT
GTA,Đại học Công nghệ Giao thông vận tải,GTADCCMJ2,"Công nghệ chế tạo máy (tăng cường tiếng Nhật, định hướng làm việc tại Nhật Bản)",D07,2025,18.0,,THPT
GTA,Đại học Công nghệ Giao thông vận tải,GTADCCN2,Công nghệ kỹ thuật cơ điện tử,A00,2025,23.0,,THPT
GTA,Trường Đại học Công nghệ Giao thông vận tải,GTADCCN2,Công nghệ kỹ thuật cơ điện tử,A00,2025,23.0,,THPT
GTA,Trường Đại học Công nghệ Giao thông vận tải,GTADCCN2,Công nghệ kỹ thuật cơ điện tử,A01,2025,23.0,,THPT
GTA,Đại học Công nghệ Giao thông vận tải,GTADCCN2,Công nghệ kỹ thuật cơ điện tử,A01,2025,23.0,,THPT
GTA,Trường Đại học Công nghệ Giao thông vận tải,GTADCCN2,Công nghệ kỹ thuật cơ điện tử,D01,2025,23.0,,THPT
GTA,Đại học Công nghệ Giao thông vận tải,GTADCCN2,Công nghệ kỹ thuật cơ điện tử,D01,2025,23.0,,THPT
GTA,Trường Đại học Công nghệ Giao thông vận tải,GTADCCN2,Công nghệ kỹ thuật cơ điện tử,D07,2025,23.0,,THPT
GTA,Đại học Công nghệ Giao thông vận tải,GTADCCN2,Công nghệ kỹ thuật cơ điện tử,D07,2025,23.0,,THPT
GTA,Đại học Công nghệ Giao thông vận tải,GTADCDD2,Công nghệ kỹ thuật xây dựng công trình dân dụng và công nghiệp,A00,2025,16.0,,THPT
GTA,Trường Đại học Công nghệ Giao thông vận tải,GTADCDD2,CNKT công trình xây dựng dân dụng và công nghiệp,A00,2025,16.0,,THPT
GTA,Trường Đại học Công nghệ Giao thông vận tải,GTADCDD2,CNKT công trình xây dựng dân dụng và công nghiệp,A01,2025,16.0,,THPT
GTA,Đại học Công nghệ Giao thông vận tải,GTADCDD2,Công nghệ kỹ thuật xây dựng công trình dân dụng và công nghiệp,A01,2025,16.0,,THPT
GTA,Trường Đại học Công nghệ Giao thông vận tải,GTADCDD2,CNKT công trình xây dựng dân dụng và công nghiệp,D01,2025,16.0,,THPT
GTA,Đại học Công nghệ Giao thông vận tải,GTADCDD2,Công nghệ kỹ thuật xây dựng công trình dân dụng và công nghiệp,D01,2025,16.0,,THPT
GTA,Trường Đại học Công nghệ Giao thông vận tải,GTADCDD2,CNKT công trình xây dựng dân dụng và công nghiệp,D07,2025,16.0,,THPT
GTA,Đại học Công nghệ Giao thông vận tải,GTADCDD2,Công nghệ kỹ thuật xây dựng công trình dân dụng và công nghiệp,D07,2025,16.0,,THPT
GTA,Đại học Công nghệ Giao thông vận tải,GTADCDM2,CNKT Đầu máy - toa xe và tàu điện Metro,A00,2025,16.0,,THPT
GTA,Trường Đại học Công nghệ Giao thông vận tải,GTADCDM2,CNKT cơ khí đầu máy - toa xe và tàu điện Metro,A00,2025,16.0,,THPT
GTA,Trường Đại học Công nghệ Giao thông vận tải,GTADCDM2,CNKT cơ khí đầu máy - toa xe và tàu điện Metro,A01,2025,16.0,,THPT
GTA,Đại học Công nghệ Giao thông vận tải,GTADCDM2,CNKT Đầu máy - toa xe và tàu điện Metro,A01,2025,16.0,,THPT
GTA,Trường Đại học Công nghệ Giao thông vận tải,GTADCDM2,CNKT cơ khí đầu máy - toa xe và tàu điện Metro,D01,2025,16.0,,THPT
GTA,Đại học Công nghệ Giao thông vận tải,GTADCDM2,CNKT Đầu máy - toa xe và tàu điện Metro,D01,2025,16.0,,THPT
GTA,Trường Đại học Công nghệ Giao thông vận tải,GTADCDM2,CNKT cơ khí đầu máy - toa xe và tàu điện Metro,D07,2025,16.0,,THPT
GTA,Đại học Công nghệ Giao thông vận tải,GTADCDM2,CNKT Đầu máy - toa xe và tàu điện Metro,D07,2025,16.0,,THPT
GTA,Đại học Công nghệ Giao thông vận tải,GTADCDT2,Công nghệ kỹ thuật Điện tử - viễn thông,A00,2025,21.5,,THPT
GTA,Trường Đại học Công nghệ Giao thông vận tải,GTADCDT2,Công nghệ kỹ thuật điện tử - viễn thông,A00,2025,21.5,,THPT
GTA,Trường Đại học Công nghệ Giao thông vận tải,GTADCDT2,Công nghệ kỹ thuật điện tử - viễn thông,A01,2025,21.5,,THPT
GTA,Đại học Công nghệ Giao thông vận tải,GTADCDT2,Công nghệ kỹ thuật Điện tử - viễn thông,A01,2025,21.5,,THPT
GTA,Trường Đại học Công nghệ Giao thông vận tải,GTADCDT2,Công nghệ kỹ thuật điện tử - viễn thông,D01,2025,21.5,,THPT
GTA,Đại học Công nghệ Giao thông vận tải,GTADCDT2,Công nghệ kỹ thuật Điện tử - viễn thông,D01,2025,21.5,,THPT
GTA,Trường Đại học Công nghệ Giao thông vận tải,GTADCDT2,Công nghệ kỹ thuật điện tử - viễn thông,D07,2025,21.5,,THPT
GTA,Đại học Công nghệ Giao thông vận tải,GTADCDT2,Công nghệ kỹ thuật Điện tử - viễn thông,D07,2025,21.5,,THPT
GTA,Đại học Công nghệ Giao thông vận tải,GTADCDTJ2,"Công nghệ kỹ thuật Điện tử - Viễn thông (tăng cường tiếng Nhật, định hướng làm việc tại Nhật Bản)",A00,2025,18.0,,THPT
GTA,Trường Đại học Công nghệ Giao thông vận tải,GTADCDTJ2,Công nghệ kỹ thuật Điện tử - Viễn thông (tăng cường tiếng Nhật; định hướng làm việc tại Nhật Bản),A00,2025,18.0,,THPT
GTA,Trường Đại học Công nghệ Giao thông vận tải,GTADCDTJ2,Công nghệ kỹ thuật Điện tử - Viễn thông (tăng cường tiếng Nhật; định hướng làm việc tại Nhật Bản),A01,2025,18.0,,THPT
GTA,Đại học Công nghệ Giao thông vận tải,GTADCDTJ2,"Công nghệ kỹ thuật Điện tử - Viễn thông (tăng cường tiếng Nhật, định hướng làm việc tại Nhật Bản)",A01,2025,18.0,,THPT
GTA,Trường Đại học Công nghệ Giao thông vận tải,GTADCDTJ2,Công nghệ kỹ thuật Điện tử - Viễn thông (tăng cường tiếng Nhật; định hướng làm việc tại Nhật Bản),D01,2025,18.0,,THPT
GTA,Đại học Công nghệ Giao thông vận tải,GTADCDTJ2,"Công nghệ kỹ thuật Điện tử - Viễn thông (tăng cường tiếng Nhật, định hướng làm việc tại Nhật Bản)",D01,2025,18.0,,THPT
GTA,Trường Đại học Công nghệ Giao thông vận tải,GTADCDTJ2,Công nghệ kỹ thuật Điện tử - Viễn thông (tăng cường tiếng Nhật; định hướng làm việc tại Nhật Bản),D07,2025,18.0,,THPT
GTA,Đại học Công nghệ Giao thông vận tải,GTADCDTJ2,"Công nghệ kỹ thuật Điện tử - Viễn thông (tăng cường tiếng Nhật, định hướng làm việc tại Nhật Bản)",D07,2025,18.0,,THPT
GTA,Đại học Công nghệ Giao thông vận tải,GTADCEN2,Ngôn ngữ Anh,A01,2025,23.2,,THPT
GTA,Trường Đại học Công nghệ Giao thông vận tải,GTADCEN2,Ngôn ngữ Anh,A01,2025,23.2,,THPT
GTA,Trường Đại học Công nghệ Giao thông vận tải,GTADCEN2,Ngôn ngữ Anh,D01,2025,23.2,,THPT
GTA,Đại học Công nghệ Giao thông vận tải,GTADCEN2,Ngôn ngữ Anh,D01,2025,23.2,,THPT
GTA,Trường Đại học Công nghệ Giao thông vận tải,GTADCEN2,Ngôn ngữ Anh,D07,2025,23.2,,THPT
GTA,Đại học Công nghệ Giao thông vận tải,GTADCEN2,Ngôn ngữ Anh,D07,2025,23.2,,THPT
GTA,Trường Đại học Công nghệ Giao thông vận tải,GTADCFT2,Công nghệ tài chính,A00,2025,21.0,,THPT
GTA,Trường Đại học Công nghệ Giao thông vận tải,GTADCFT2,Công nghệ tài chính,A01,2025,21.0,,THPT
GTA,Trường Đại học Công nghệ Giao thông vận tải,GTADCFT2,Công nghệ tài chính,D01,2025,21.0,,THPT
GTA,Đại học Công nghệ Giao thông vận tải,GTADCFT2,Công nghệ tài chính,D01,2025,21.0,,THPT
GTA,Trường Đại học Công nghệ Giao thông vận tải,GTADCFT2,Công nghệ tài chính,D07,2025,21.0,,THPT
GTA,Đại học Công nghệ Giao thông vận tải,GTADCFT2,Công nghệ tài chính,D07,2025,21.0,,THPT
GTA,Trường Đại học Công nghệ Giao thông vận tải,GTADCHQ2,Hải quan và Logistics,A00,2025,23.0,,THPT
GTA,Trường Đại học Công nghệ Giao thông vận tải,GTADCHQ2,Hải quan và Logistics,A01,2025,23.0,,THPT
GTA,Trường Đại học Công nghệ Giao thông vận tải,GTADCHQ2,Hải quan và Logistics,D01,2025,23.0,,THPT
GTA,Đại học Công nghệ Giao thông vận tải,GTADCHQ2,Hải quan và Logistics,D01,2025,23.0,,THPT
GTA,Trường Đại học Công nghệ Giao thông vận tải,GTADCHQ2,Hải quan và Logistics,D07,2025,23.0,,THPT
GTA,Đại học Công nghệ Giao thông vận tải,GTADCHQ2,Hải quan và Logistics,D07,2025,23.0,,THPT
GTA,Đại học Công nghệ Giao thông vận tải,GTADCHS2,Đường sắt tốc độ cao,A00,2025,16.0,,THPT
GTA,Trường Đại học Công nghệ Giao thông vận tải,GTADCHS2,Đường sắt tốc độ cao,A00,2025,16.0,,THPT
GTA,Trường Đại học Công nghệ Giao thông vận tải,GTADCHS2,Đường sắt tốc độ cao,A01,2025,16.0,,THPT
GTA,Đại học Công nghệ Giao thông vận tải,GTADCHS2,Đường sắt tốc độ cao,A01,2025,16.0,,THPT
GTA,Trường Đại học Công nghệ Giao thông vận tải,GTADCHS2,Đường sắt tốc độ cao,D01,2025,16.0,,THPT
GTA,Đại học Công nghệ Giao thông vận tải,GTADCHS2,Đường sắt tốc độ cao,D01,2025,16.0,,THPT
GTA,Trường Đại học Công nghệ Giao thông vận tải,GTADCHS2,Đường sắt tốc độ cao,D07,2025,16.0,,THPT
GTA,Đại học Công nghệ Giao thông vận tải,GTADCHS2,Đường sắt tốc độ cao,D07,2025,16.0,,THPT
GTA,Đại học Công nghệ Giao thông vận tải,GTADCHSA2,"Đường sắt tốc độ cao (công nghệ Hàn Quốc, tăng cường tiếng Anh)",A00,2025,18.0,,THPT
GTA,Trường Đại học Công nghệ Giao thông vận tải,GTADCHSA2,Đường sắt tốc độ cao (công nghệ Hàn Quốc; tăng cường tiếng Anh),A00,2025,18.0,,THPT
GTA,Trường Đại học Công nghệ Giao thông vận tải,GTADCHSA2,Đường sắt tốc độ cao (công nghệ Hàn Quốc; tăng cường tiếng Anh),A01,2025,18.0,,THPT
GTA,Đại học Công nghệ Giao thông vận tải,GTADCHSA2,"Đường sắt tốc độ cao (công nghệ Hàn Quốc, tăng cường tiếng Anh)",A01,2025,18.0,,THPT
GTA,Trường Đại học Công nghệ Giao thông vận tải,GTADCHSA2,Đường sắt tốc độ cao (công nghệ Hàn Quốc; tăng cường tiếng Anh),D01,2025,18.0,,THPT
GTA,Đại học Công nghệ Giao thông vận tải,GTADCHSA2,"Đường sắt tốc độ cao (công nghệ Hàn Quốc, tăng cường tiếng Anh)",D01,2025,18.0,,THPT
GTA,Trường Đại học Công nghệ Giao thông vận tải,GTADCHSA2,Đường sắt tốc độ cao (công nghệ Hàn Quốc; tăng cường tiếng Anh),D07,2025,18.0,,THPT
GTA,Đại học Công nghệ Giao thông vận tải,GTADCHSA2,"Đường sắt tốc độ cao (công nghệ Hàn Quốc, tăng cường tiếng Anh)",D07,2025,18.0,,THPT
GTA,Đại học Công nghệ Giao thông vận tải,GTADCHT2,Hệ thống thông tin,A00,2025,21.0,,THPT
GTA,Trường Đại học Công nghệ Giao thông vận tải,GTADCHT2,Hệ thống thông tin,A00,2025,21.0,,THPT
GTA,Trường Đại học Công nghệ Giao thông vận tải,GTADCHT2,Hệ thống thông tin,A01,2025,21.0,,THPT
GTA,Đại học Công nghệ Giao thông vận tải,GTADCHT2,Hệ thống thông tin,A01,2025,21.0,,THPT
GTA,Trường Đại học Công nghệ Giao thông vận tải,GTADCHT2,Hệ thống thông tin,D01,2025,21.0,,THPT
GTA,Đại học Công nghệ Giao thông vận tải,GTADCHT2,Hệ thống thông tin,D01,2025,21.0,,THPT
GTA,Trường Đại học Công nghệ Giao thông vận tải,GTADCHT2,Hệ thống thông tin,D07,2025,21.0,,THPT
GTA,Đại học Công nghệ Giao thông vận tải,GTADCHT2,Hệ thống thông tin,D07,2025,21.0,,THPT
GTA,Đại học Công nghệ Giao thông vận tải,GTADCKB2,Kinh tế và quản lý bất động sản,A00,2025,20.0,,THPT
GTA,Trường Đại học Công nghệ Giao thông vận tải,GTADCKB2,Kinh tế và quản lý bất động sản,A00,2025,20.0,,THPT
GTA,Trường Đại học Công nghệ Giao thông vận tải,GTADCKB2,Kinh tế và quản lý bất động sản,A01,2025,20.0,,THPT
GTA,Đại học Công nghệ Giao thông vận tải,GTADCKB2,Kinh tế và quản lý bất động sản,A01,2025,20.0,,THPT
GTA,Trường Đại học Công nghệ Giao thông vận tải,GTADCKB2,Kinh tế và quản lý bất động sản,D01,2025,20.0,,THPT
GTA,Đại học Công nghệ Giao thông vận tải,GTADCKB2,Kinh tế và quản lý bất động sản,D01,2025,20.0,,THPT
GTA,Trường Đại học Công nghệ Giao thông vận tải,GTADCKB2,Kinh tế và quản lý bất động sản,D07,2025,20.0,,THPT
GTA,Đại học Công nghệ Giao thông vận tải,GTADCKB2,Kinh tế và quản lý bất động sản,D07,2025,20.0,,THPT
GTA,Đại học Công nghệ Giao thông vận tải,GTADCKN2,Kiến trúc nội thất,A00,2025,20.0,,THPT
GTA,Trường Đại học Công nghệ Giao thông vận tải,GTADCKN2,Kiến trúc nội thất,A00,2025,20.0,,THPT
GTA,Trường Đại học Công nghệ Giao thông vận tải,GTADCKN2,Kiến trúc nội thất,A01,2025,20.0,,THPT
GTA,Đại học Công nghệ Giao thông vận tải,GTADCKN2,Kiến trúc nội thất,A01,2025,20.0,,THPT
GTA,Trường Đại học Công nghệ Giao thông vận tải,GTADCKN2,Kiến trúc nội thất,D01,2025,20.0,,THPT
GTA,Đại học Công nghệ Giao thông vận tải,GTADCKN2,Kiến trúc nội thất,D01,2025,20.0,,THPT
GTA,Trường Đại học Công nghệ Giao thông vận tải,GTADCKN2,Kiến trúc nội thất,D07,2025,20.0,,THPT
GTA,Đại học Công nghệ Giao thông vận tải,GTADCKN2,Kiến trúc nội thất,D07,2025,20.0,,THPT
GTA,Trường Đại học Công nghệ Giao thông vận tải,GTADCKQA2,Kinh doanh quốc tế (tăng cường tiếng Anh),A00,2025,18.0,,THPT
GTA,Trường Đại học Công nghệ Giao thông vận tải,GTADCKQA2,Kinh doanh quốc tế (tăng cường tiếng Anh),A01,2025,18.0,,THPT
GTA,Trường Đại học Công nghệ Giao thông vận tải,GTADCKQA2,Kinh doanh quốc tế (tăng cường tiếng Anh),D01,2025,18.0,,THPT
GTA,Đại học Công nghệ Giao thông vận tải,GTADCKQA2,Kinh doanh quốc tế (tăng cường tiếng Anh),D01,2025,18.0,,THPT
GTA,Trường Đại học Công nghệ Giao thông vận tải,GTADCKQA2,Kinh doanh quốc tế (tăng cường tiếng Anh),D07,2025,18.0,,THPT
GTA,Đại học Công nghệ Giao thông vận tải,GTADCKQA2,Kinh doanh quốc tế (tăng cường tiếng Anh),D07,2025,18.0,,THPT
GTA,Trường Đại học Công nghệ Giao thông vận tải,GTADCKS2,Kinh doanh số,A00,2025,20.0,,THPT
GTA,Trường Đại học Công nghệ Giao thông vận tải,GTADCKS2,Kinh doanh số,A01,2025,20.0,,THPT
GTA,Trường Đại học Công nghệ Giao thông vận tải,GTADCKS2,Kinh doanh số,D01,2025,20.0,,THPT
GTA,Đại học Công nghệ Giao thông vận tải,GTADCKS2,Kinh doanh số,D01,2025,20.0,,THPT
GTA,Trường Đại học Công nghệ Giao thông vận tải,GTADCKS2,Kinh doanh số,D07,2025,20.0,,THPT
GTA,Đại học Công nghệ Giao thông vận tải,GTADCKS2,Kinh doanh số,D07,2025,20.0,,THPT
GTA,Trường Đại học Công nghệ Giao thông vận tải,GTADCKT1,Kế toán doanh nghiệp (học tại Vĩnh Phúc),A00,2025,16.0,,THPT
GTA,Trường Đại học Công nghệ Giao thông vận tải,GTADCKT1,Kế toán doanh nghiệp (học tại Vĩnh Phúc),A01,2025,16.0,,THPT
GTA,Trường Đại học Công nghệ Giao thông vận tải,GTADCKT1,Kế toán doanh nghiệp (học tại Vĩnh Phúc),D01,2025,16.0,,THPT
GTA,Trường Đại học Công nghệ Giao thông vận tải,GTADCKT1,Kế toán doanh nghiệp (học tại Vĩnh Phúc),D07,2025,16.0,,THPT
GTA,Trường Đại học Công nghệ Giao thông vận tải,GTADCKT2,Kế toán doanh nghiệp,A00,2025,21.0,,THPT
GTA,Trường Đại học Công nghệ Giao thông vận tải,GTADCKT2,Kế toán doanh nghiệp,A01,2025,21.0,,THPT
GTA,Trường Đại học Công nghệ Giao thông vận tải,GTADCKT2,Kế toán doanh nghiệp,D01,2025,21.0,,THPT
GTA,Đại học Công nghệ Giao thông vận tải,GTADCKT2,Kế toán doanh nghiệp,D01,2025,21.0,,THPT
GTA,Trường Đại học Công nghệ Giao thông vận tải,GTADCKT2,Kế toán doanh nghiệp,D07,2025,21.0,,THPT
GTA,Đại học Công nghệ Giao thông vận tải,GTADCKT2,Kế toán doanh nghiệp,D07,2025,21.0,,THPT
GTA,Đại học Công nghệ Giao thông vận tải,GTADCKX2,Kinh tế xây dựng,A00,2025,20.0,,THPT
GTA,Trường Đại học Công nghệ Giao thông vận tải,GTADCKX2,Kinh tế xây dựng,A00,2025,20.0,,THPT
GTA,Trường Đại học Công nghệ Giao thông vận tải,GTADCKX2,Kinh tế xây dựng,A01,2025,20.0,,THPT
GTA,Đại học Công nghệ Giao thông vận tải,GTADCKX2,Kinh tế xây dựng,A01,2025,20.0,,THPT
GTA,Trường Đại học Công nghệ Giao thông vận tải,GTADCKX2,Kinh tế xây dựng,D01,2025,20.0,,THPT
GTA,Đại học Công nghệ Giao thông vận tải,GTADCKX2,Kinh tế xây dựng,D01,2025,20.0,,THPT
GTA,Trường Đại học Công nghệ Giao thông vận tải,GTADCKX2,Kinh tế xây dựng,D07,2025,20.0,,THPT
GTA,Đại học Công nghệ Giao thông vận tải,GTADCKX2,Kinh tế xây dựng,D07,2025,20.0,,THPT
GTA,Đại học Công nghệ Giao thông vận tải,GTADCLA2,Luật,C00,2025,24.0,,THPT
GTA,Trường Đại học Công nghệ Giao thông vận tải,GTADCLA2,Luật,C00,2025,24.0,,THPT
GTA,Trường Đại học Công nghệ Giao thông vận tải,GTADCLA2,Luật,D01,2025,24.0,,THPT
GTA,Đại học Công nghệ Giao thông vận tải,GTADCLA2,Luật,D01,2025,24.0,,THPT
GTA,Đại học Công nghệ Giao thông vận tải,GTADCLD2,Lữ hành và du lịch,A00,2025,22.0,,THPT
GTA,Trường Đại học Công nghệ Giao thông vận tải,GTADCLD2,Lữ hành và du lịch,A00,2025,22.0,,THPT
GTA,Trường Đại học Công nghệ Giao thông vận tải,GTADCLD2,Lữ hành và du lịch,A01,2025,22.0,,THPT
GTA,Đại học Công nghệ Giao thông vận tải,GTADCLD2,Lữ hành và du lịch,A01,2025,22.0,,THPT
GTA,Trường Đại học Công nghệ Giao thông vận tải,GTADCLD2,Lữ hành và du lịch,D01,2025,22.0,,THPT
GTA,Đại học Công nghệ Giao thông vận tải,GTADCLD2,Lữ hành và du lịch,D01,2025,22.0,,THPT
GTA,Trường Đại học Công nghệ Giao thông vận tải,GTADCLD2,Lữ hành và du lịch,D07,2025,22.0,,THPT
GTA,Đại học Công nghệ Giao thông vận tải,GTADCLD2,Lữ hành và du lịch,D07,2025,22.0,,THPT
GTA,Đại học Công nghệ Giao thông vận tải,GTADCLDA2,Lữ hành và du lịch (tăng cường tiếng Anh),A00,2025,18.0,,THPT
GTA,Trường Đại học Công nghệ Giao thông vận tải,GTADCLDA2,Lữ hành và du lịch (tăng cường tiếng Anh),A00,2025,18.0,,THPT
GTA,Trường Đại học Công nghệ Giao thông vận tải,GTADCLDA2,Lữ hành và du lịch (tăng cường tiếng Anh),A01,2025,18.0,,THPT
GTA,Đại học Công nghệ Giao thông vận tải,GTADCLDA2,Lữ hành và du lịch (tăng cường tiếng Anh),A01,2025,18.0,,THPT
GTA,Trường Đại học Công nghệ Giao thông vận tải,GTADCLDA2,Lữ hành và du lịch (tăng cường tiếng Anh),D01,2025,18.0,,THPT
GTA,Đại học Công nghệ Giao thông vận tải,GTADCLDA2,Lữ hành và du lịch (tăng cường tiếng Anh),D01,2025,18.0,,THPT
GTA,Trường Đại học Công nghệ Giao thông vận tải,GTADCLDA2,Lữ hành và du lịch (tăng cường tiếng Anh),D07,2025,18.0,,THPT
GTA,Đại học Công nghệ Giao thông vận tải,GTADCLDA2,Lữ hành và du lịch (tăng cường tiếng Anh),D07,2025,18.0,,THPT
GTA,Đại học Công nghệ Giao thông vận tải,GTADCLG2,Logistics và quản lý chuỗi cung ứng,A00,2025,24.5,,THPT
GTA,Trường Đại học Công nghệ Giao thông vận tải,GTADCLG2,Logistics và quản lý chuỗi cung ứng,A00,2025,24.5,,THPT
GTA,Trường Đại học Công nghệ Giao thông vận tải,GTADCLG2,Logistics và quản lý chuỗi cung ứng,A01,2025,24.5,,THPT
GTA,Đại học Công nghệ Giao thông vận tải,GTADCLG2,Logistics và quản lý chuỗi cung ứng,A01,2025,24.5,,THPT
GTA,Trường Đại học Công nghệ Giao thông vận tải,GTADCLG2,Logistics và quản lý chuỗi cung ứng,D01,2025,24.5,,THPT
GTA,Đại học Công nghệ Giao thông vận tải,GTADCLG2,Logistics và quản lý chuỗi cung ứng,D01,2025,24.5,,THPT
GTA,Trường Đại học Công nghệ Giao thông vận tải,GTADCLG2,Logistics và quản lý chuỗi cung ứng,D07,2025,24.5,,THPT
GTA,Đại học Công nghệ Giao thông vận tải,GTADCLG2,Logistics và quản lý chuỗi cung ứng,D07,2025,24.5,,THPT
GTA,Đại học Công nghệ Giao thông vận tải,GTADCLGA2,Logistics và quản lý chuỗi cung ứng (tăng cường tiếng Anh),A00,2025,20.0,,THPT
GTA,Trường Đại học Công nghệ Giao thông vận tải,GTADCLGA2,Logistics và quản lý chuỗi cung ứng (tăng cường tiếng Anh),A00,2025,20.0,,THPT
GTA,Trường Đại học Công nghệ Giao thông vận tải,GTADCLGA2,Logistics và quản lý chuỗi cung ứng (tăng cường tiếng Anh),A01,2025,20.0,,THPT
GTA,Đại học Công nghệ Giao thông vận tải,GTADCLGA2,Logistics và quản lý chuỗi cung ứng (tăng cường tiếng Anh),A01,2025,20.0,,THPT
GTA,Trường Đại học Công nghệ Giao thông vận tải,GTADCLGA2,Logistics và quản lý chuỗi cung ứng (tăng cường tiếng Anh),D01,2025,20.0,,THPT
GTA,Đại học Công nghệ Giao thông vận tải,GTADCLGA2,Logistics và quản lý chuỗi cung ứng (tăng cường tiếng Anh),D01,2025,20.0,,THPT
GTA,Trường Đại học Công nghệ Giao thông vận tải,GTADCLGA2,Logistics và quản lý chuỗi cung ứng (tăng cường tiếng Anh),D07,2025,20.0,,THPT
GTA,Đại học Công nghệ Giao thông vận tải,GTADCLGA2,Logistics và quản lý chuỗi cung ứng (tăng cường tiếng Anh),D07,2025,20.0,,THPT
GTA,Đại học Công nghệ Giao thông vận tải,GTADCLGJ2,"Logistics và quản lý chuỗi cung ứng (tăng cường tiếng Nhật, định hướng làm việc tại Nhật Bản)",A00,2025,20.0,,THPT
GTA,Trường Đại học Công nghệ Giao thông vận tải,GTADCLGJ2,Logistics và quản lý chuỗi cung ứng (tăng cường tiếng Nhật; định hướng làm việc tại Nhật Bản),A00,2025,20.0,,THPT
GTA,Trường Đại học Công nghệ Giao thông vận tải,GTADCLGJ2,Logistics và quản lý chuỗi cung ứng (tăng cường tiếng Nhật; định hướng làm việc tại Nhật Bản),A01,2025,20.0,,THPT
GTA,Đại học Công nghệ Giao thông vận tải,GTADCLGJ2,"Logistics và quản lý chuỗi cung ứng (tăng cường tiếng Nhật, định hướng làm việc tại Nhật Bản)",A01,2025,20.0,,THPT
GTA,Trường Đại học Công nghệ Giao thông vận tải,GTADCLGJ2,Logistics và quản lý chuỗi cung ứng (tăng cường tiếng Nhật; định hướng làm việc tại Nhật Bản),D01,2025,20.0,,THPT
GTA,Đại học Công nghệ Giao thông vận tải,GTADCLGJ2,"Logistics và quản lý chuỗi cung ứng (tăng cường tiếng Nhật, định hướng làm việc tại Nhật Bản)",D01,2025,20.0,,THPT
GTA,Trường Đại học Công nghệ Giao thông vận tải,GTADCLGJ2,Logistics và quản lý chuỗi cung ứng (tăng cường tiếng Nhật; định hướng làm việc tại Nhật Bản),D07,2025,20.0,,THPT
GTA,Đại học Công nghệ Giao thông vận tải,GTADCLGJ2,"Logistics và quản lý chuỗi cung ứng (tăng cường tiếng Nhật, định hướng làm việc tại Nhật Bản)",D07,2025,20.0,,THPT
GTA,Đại học Công nghệ Giao thông vận tải,GTADCLH2,Logistics và hạ tầng giao thông,A00,2025,21.0,,THPT
GTA,Trường Đại học Công nghệ Giao thông vận tải,GTADCLH2,Logistics và hạ tầng giao thông,A00,2025,21.0,,THPT
GTA,Trường Đại học Công nghệ Giao thông vận tải,GTADCLH2,Logistics và hạ tầng giao thông,A01,2025,21.0,,THPT
GTA,Đại học Công nghệ Giao thông vận tải,GTADCLH2,Logistics và hạ tầng giao thông,A01,2025,21.0,,THPT
GTA,Trường Đại học Công nghệ Giao thông vận tải,GTADCLH2,Logistics và hạ tầng giao thông,D01,2025,21.0,,THPT
GTA,Đại học Công nghệ Giao thông vận tải,GTADCLH2,Logistics và hạ tầng giao thông,D01,2025,21.0,,THPT
GTA,Trường Đại học Công nghệ Giao thông vận tải,GTADCLH2,Logistics và hạ tầng giao thông,D07,2025,21.0,,THPT
GTA,Đại học Công nghệ Giao thông vận tải,GTADCLH2,Logistics và hạ tầng giao thông,D07,2025,21.0,,THPT
GTA,Trường Đại học Công nghệ Giao thông vận tải,GTADCLHA2,Hải quan và Logistics (tăng cường tiếng Anh),A00,2025,20.0,,THPT
GTA,Trường Đại học Công nghệ Giao thông vận tải,GTADCLHA2,Hải quan và Logistics (tăng cường tiếng Anh),A01,2025,20.0,,THPT
GTA,Trường Đại học Công nghệ Giao thông vận tải,GTADCLHA2,Hải quan và Logistics (tăng cường tiếng Anh),D01,2025,20.0,,THPT
GTA,Đại học Công nghệ Giao thông vận tải,GTADCLHA2,Hải quan và Logistics (tăng cường tiếng Anh),D01,2025,20.0,,THPT
GTA,Trường Đại học Công nghệ Giao thông vận tải,GTADCLHA2,Hải quan và Logistics (tăng cường tiếng Anh),D07,2025,20.0,,THPT
GTA,Đại học Công nghệ Giao thông vận tải,GTADCLHA2,Hải quan và Logistics (tăng cường tiếng Anh),D07,2025,20.0,,THPT
GTA,Đại học Công nghệ Giao thông vận tải,GTADCMN2,Công nghệ và quản lý môi trường,A00,2025,16.0,,THPT
GTA,Trường Đại học Công nghệ Giao thông vận tải,GTADCMN2,Công nghệ và quản lý môi trường,A00,2025,16.0,,THPT
GTA,Trường Đại học Công nghệ Giao thông vận tải,GTADCMN2,Công nghệ và quản lý môi trường,A01,2025,16.0,,THPT
GTA,Đại học Công nghệ Giao thông vận tải,GTADCMN2,Công nghệ và quản lý môi trường,A01,2025,16.0,,THPT
GTA,Trường Đại học Công nghệ Giao thông vận tải,GTADCMN2,Công nghệ và quản lý môi trường,D01,2025,16.0,,THPT
GTA,Đại học Công nghệ Giao thông vận tải,GTADCMN2,Công nghệ và quản lý môi trường,D01,2025,16.0,,THPT
GTA,Trường Đại học Công nghệ Giao thông vận tải,GTADCMN2,Công nghệ và quản lý môi trường,D07,2025,16.0,,THPT
GTA,Đại học Công nghệ Giao thông vận tải,GTADCMN2,Công nghệ và quản lý môi trường,D07,2025,16.0,,THPT
GTA,Đại học Công nghệ Giao thông vận tải,GTADCMT2,Công nghệ kỹ thuật Tàu thủy và thiết bị nổi,A00,2025,16.0,,THPT
GTA,Trường Đại học Công nghệ Giao thông vận tải,GTADCMT2,CNKT cơ khí tàu thủy và công trình nổi,A00,2025,16.0,,THPT
GTA,Trường Đại học Công nghệ Giao thông vận tải,GTADCMT2,CNKT cơ khí tàu thủy và công trình nổi,A01,2025,16.0,,THPT
GTA,Đại học Công nghệ Giao thông vận tải,GTADCMT2,Công nghệ kỹ thuật Tàu thủy và thiết bị nổi,A01,2025,16.0,,THPT
GTA,Trường Đại học Công nghệ Giao thông vận tải,GTADCMT2,CNKT cơ khí tàu thủy và công trình nổi,D01,2025,16.0,,THPT
GTA,Đại học Công nghệ Giao thông vận tải,GTADCMT2,Công nghệ kỹ thuật Tàu thủy và thiết bị nổi,D01,2025,16.0,,THPT
GTA,Trường Đại học Công nghệ Giao thông vận tải,GTADCMT2,CNKT cơ khí tàu thủy và công trình nổi,D07,2025,16.0,,THPT
GTA,Đại học Công nghệ Giao thông vận tải,GTADCMT2,Công nghệ kỹ thuật Tàu thủy và thiết bị nổi,D07,2025,16.0,,THPT
GTA,Đại học Công nghệ Giao thông vận tải,GTADCMX2,Công nghệ kỹ thuật Máy xây dựng,A00,2025,16.0,,THPT
GTA,Trường Đại học Công nghệ Giao thông vận tải,GTADCMX2,Máy và thiết bị tự động hóa xây dựng,A00,2025,16.0,,THPT
GTA,Trường Đại học Công nghệ Giao thông vận tải,GTADCMX2,Máy và thiết bị tự động hóa xây dựng,A01,2025,16.0,,THPT
GTA,Đại học Công nghệ Giao thông vận tải,GTADCMX2,Công nghệ kỹ thuật Máy xây dựng,A01,2025,16.0,,THPT
GTA,Trường Đại học Công nghệ Giao thông vận tải,GTADCMX2,Máy và thiết bị tự động hóa xây dựng,D01,2025,16.0,,THPT
GTA,Đại học Công nghệ Giao thông vận tải,GTADCMX2,Công nghệ kỹ thuật Máy xây dựng,D01,2025,16.0,,THPT
GTA,Trường Đại học Công nghệ Giao thông vận tải,GTADCMX2,Máy và thiết bị tự động hóa xây dựng,D07,2025,16.0,,THPT
GTA,Đại học Công nghệ Giao thông vận tải,GTADCMX2,Công nghệ kỹ thuật Máy xây dựng,D07,2025,16.0,,THPT
GTA,Đại học Công nghệ Giao thông vận tải,GTADCOD2,Cơ điện tử ô tô,A00,2025,21.0,,THPT
GTA,Trường Đại học Công nghệ Giao thông vận tải,GTADCOD2,Cơ điện tử ô tô,A00,2025,21.0,,THPT
GTA,Trường Đại học Công nghệ Giao thông vận tải,GTADCOD2,Cơ điện tử ô tô,A01,2025,21.0,,THPT
GTA,Đại học Công nghệ Giao thông vận tải,GTADCOD2,Cơ điện tử ô tô,A01,2025,21.0,,THPT
GTA,Trường Đại học Công nghệ Giao thông vận tải,GTADCOD2,Cơ điện tử ô tô,D01,2025,21.0,,THPT
GTA,Đại học Công nghệ Giao thông vận tải,GTADCOD2,Cơ điện tử ô tô,D01,2025,21.0,,THPT
GTA,Trường Đại học Công nghệ Giao thông vận tải,GTADCOD2,Cơ điện tử ô tô,D07,2025,21.0,,THPT
GTA,Đại học Công nghệ Giao thông vận tải,GTADCOD2,Cơ điện tử ô tô,D07,2025,21.0,,THPT
GTA,Đại học Công nghệ Giao thông vận tải,GTADCODA2,Cơ điện tử·ô tô (tăng cường tiếng Anh),A00,2025,18.0,,THPT
GTA,Trường Đại học Công nghệ Giao thông vận tải,GTADCODA2,Cơ điện tử·ô tô (tăng cường tiếng Anh),A00,2025,18.0,,THPT
GTA,Trường Đại học Công nghệ Giao thông vận tải,GTADCODA2,Cơ điện tử·ô tô (tăng cường tiếng Anh),A01,2025,18.0,,THPT
GTA,Đại học Công nghệ Giao thông vận tải,GTADCODA2,Cơ điện tử·ô tô (tăng cường tiếng Anh),A01,2025,18.0,,THPT
GTA,Trường Đại học Công nghệ Giao thông vận tải,GTADCODA2,Cơ điện tử·ô tô (tăng cường tiếng Anh),D01,2025,18.0,,THPT
GTA,Đại học Công nghệ Giao thông vận tải,GTADCODA2,Cơ điện tử·ô tô (tăng cường tiếng Anh),D01,2025,18.0,,THPT
GTA,Trường Đại học Công nghệ Giao thông vận tải,GTADCODA2,Cơ điện tử·ô tô (tăng cường tiếng Anh),D07,2025,18.0,,THPT
GTA,Đại học Công nghệ Giao thông vận tải,GTADCODA2,Cơ điện tử·ô tô (tăng cường tiếng Anh),D07,2025,18.0,,THPT
GTA,Đại học Công nghệ Giao thông vận tải,GTADCOG2,Công nghệ ô tô và giao thông thông minh,A00,2025,21.5,,THPT
GTA,Trường Đại học Công nghệ Giao thông vận tải,GTADCOG2,Công nghệ ô tô và giao thông thông minh,A00,2025,21.5,,THPT
GTA,Trường Đại học Công nghệ Giao thông vận tải,GTADCOG2,Công nghệ ô tô và giao thông thông minh,A01,2025,21.5,,THPT
GTA,Đại học Công nghệ Giao thông vận tải,GTADCOG2,Công nghệ ô tô và giao thông thông minh,A01,2025,21.5,,THPT
GTA,Trường Đại học Công nghệ Giao thông vận tải,GTADCOG2,Công nghệ ô tô và giao thông thông minh,D01,2025,21.5,,THPT
GTA,Đại học Công nghệ Giao thông vận tải,GTADCOG2,Công nghệ ô tô và giao thông thông minh,D01,2025,21.5,,THPT
GTA,Trường Đại học Công nghệ Giao thông vận tải,GTADCOG2,Công nghệ ô tô và giao thông thông minh,D07,2025,21.5,,THPT
GTA,Đại học Công nghệ Giao thông vận tải,GTADCOG2,Công nghệ ô tô và giao thông thông minh,D07,2025,21.5,,THPT
GTA,Đại học Công nghệ Giao thông vận tải,GTADCOH2,Công nghệ ô tô điện và ô tô hybrid,A00,2025,22.0,,THPT
GTA,Trường Đại học Công nghệ Giao thông vận tải,GTADCOH2,Công nghệ ô tô điện và ô tô hybrid,A00,2025,22.0,,THPT
GTA,Trường Đại học Công nghệ Giao thông vận tải,GTADCOH2,Công nghệ ô tô điện và ô tô hybrid,A01,2025,22.0,,THPT
GTA,Đại học Công nghệ Giao thông vận tải,GTADCOH2,Công nghệ ô tô điện và ô tô hybrid,A01,2025,22.0,,THPT
GTA,Trường Đại học Công nghệ Giao thông vận tải,GTADCOH2,Công nghệ ô tô điện và ô tô hybrid,D01,2025,22.0,,THPT
GTA,Đại học Công nghệ Giao thông vận tải,GTADCOH2,Công nghệ ô tô điện và ô tô hybrid,D01,2025,22.0,,THPT
GTA,Trường Đại học Công nghệ Giao thông vận tải,GTADCOH2,Công nghệ ô tô điện và ô tô hybrid,D07,2025,22.0,,THPT
GTA,Đại học Công nghệ Giao thông vận tải,GTADCOH2,Công nghệ ô tô điện và ô tô hybrid,D07,2025,22.0,,THPT
GTA,Trường Đại học Công nghệ Giao thông vận tải,GTADCOT1,Công nghệ kỹ thuật ô tô (học tại Vĩnh Phúc),A00,2025,16.0,,THPT
GTA,Trường Đại học Công nghệ Giao thông vận tải,GTADCOT1,Công nghệ kỹ thuật ô tô (học tại Vĩnh Phúc),A01,2025,16.0,,THPT
GTA,Trường Đại học Công nghệ Giao thông vận tải,GTADCOT1,Công nghệ kỹ thuật ô tô (học tại Vĩnh Phúc),D01,2025,16.0,,THPT
GTA,Trường Đại học Công nghệ Giao thông vận tải,GTADCOT1,Công nghệ kỹ thuật ô tô (học tại Vĩnh Phúc),D07,2025,16.0,,THPT
GTA,Đại học Công nghệ Giao thông vận tải,GTADCOT2,Công nghệ kỹ thuật Ô tô,A00,2025,23.0,,THPT
GTA,Trường Đại học Công nghệ Giao thông vận tải,GTADCOT2,Công nghệ kỹ thuật ô tô,A00,2025,23.0,,THPT
GTA,Trường Đại học Công nghệ Giao thông vận tải,GTADCOT2,Công nghệ kỹ thuật ô tô,A01,2025,23.0,,THPT
GTA,Đại học Công nghệ Giao thông vận tải,GTADCOT2,Công nghệ kỹ thuật Ô tô,A01,2025,23.0,,THPT
GTA,Trường Đại học Công nghệ Giao thông vận tải,GTADCOT2,Công nghệ kỹ thuật ô tô,D01,2025,23.0,,THPT
GTA,Đại học Công nghệ Giao thông vận tải,GTADCOT2,Công nghệ kỹ thuật Ô tô,D01,2025,23.0,,THPT
GTA,Trường Đại học Công nghệ Giao thông vận tải,GTADCOT2,Công nghệ kỹ thuật ô tô,D07,2025,23.0,,THPT
GTA,Đại học Công nghệ Giao thông vận tải,GTADCOT2,Công nghệ kỹ thuật Ô tô,D07,2025,23.0,,THPT
GTA,Trường Đại học Công nghệ Giao thông vận tải,GTADCQM2,Quản trị Marketing,A00,2025,22.5,,THPT
GTA,Trường Đại học Công nghệ Giao thông vận tải,GTADCQM2,Quản trị Marketing,A01,2025,22.5,,THPT
GTA,Trường Đại học Công nghệ Giao thông vận tải,GTADCQM2,Quản trị Marketing,D01,2025,22.5,,THPT
GTA,Đại học Công nghệ Giao thông vận tải,GTADCQM2,Quản trị Marketing,D01,2025,22.5,,THPT
GTA,Trường Đại học Công nghệ Giao thông vận tải,GTADCQM2,Quản trị Marketing,D07,2025,22.5,,THPT
GTA,Đại học Công nghệ Giao thông vận tải,GTADCQM2,Quản trị Marketing,D07,2025,22.5,,THPT
GTA,Trường Đại học Công nghệ Giao thông vận tải,GTADCQMA2,Quản trị Marketing (tăng cường tiếng Anh),A00,2025,20.0,,THPT
GTA,Trường Đại học Công nghệ Giao thông vận tải,GTADCQMA2,Quản trị Marketing (tăng cường tiếng Anh),A01,2025,20.0,,THPT
GTA,Trường Đại học Công nghệ Giao thông vận tải,GTADCQMA2,Quản trị Marketing (tăng cường tiếng Anh),D01,2025,20.0,,THPT
GTA,Đại học Công nghệ Giao thông vận tải,GTADCQMA2,Quản trị Marketing (tăng cường tiếng Anh),D01,2025,20.0,,THPT
GTA,Trường Đại học Công nghệ Giao thông vận tải,GTADCQMA2,Quản trị Marketing (tăng cường tiếng Anh),D07,2025,20.0,,THPT
GTA,Đại học Công nghệ Giao thông vận tải,GTADCQMA2,Quản trị Marketing (tăng cường tiếng Anh),D07,2025,20.0,,THPT
GTA,Trường Đại học Công nghệ Giao thông vận tải,GTADCQT2,Quản trị doanh nghiệp,A00,2025,22.0,,THPT
GTA,Trường Đại học Công nghệ Giao thông vận tải,GTADCQT2,Quản trị doanh nghiệp,A01,2025,22.0,,THPT
GTA,Trường Đại học Công nghệ Giao thông vận tải,GTADCQT2,Quản trị doanh nghiệp,D01,2025,22.0,,THPT
GTA,Đại học Công nghệ Giao thông vận tải,GTADCQT2,Quản trị doanh nghiệp,D01,2025,22.0,,THPT
GTA,Trường Đại học Công nghệ Giao thông vận tải,GTADCQT2,Quản trị doanh nghiệp,D07,2025,22.0,,THPT
GTA,Đại học Công nghệ Giao thông vận tải,GTADCQT2,Quản trị doanh nghiệp,D07,2025,22.0,,THPT
GTA,Đại học Công nghệ Giao thông vận tải,GTADCQX2,Quản lý xây dựng,A00,2025,20.0,,THPT
GTA,Trường Đại học Công nghệ Giao thông vận tải,GTADCQX2,Quản lý xây dựng,A00,2025,20.0,,THPT
GTA,Trường Đại học Công nghệ Giao thông vận tải,GTADCQX2,Quản lý xây dựng,A01,2025,20.0,,THPT
GTA,Đại học Công nghệ Giao thông vận tải,GTADCQX2,Quản lý xây dựng,A01,2025,20.0,,THPT
GTA,Trường Đại học Công nghệ Giao thông vận tải,GTADCQX2,Quản lý xây dựng,D01,2025,20.0,,THPT
GTA,Đại học Công nghệ Giao thông vận tải,GTADCQX2,Quản lý xây dựng,D01,2025,20.0,,THPT
GTA,Trường Đại học Công nghệ Giao thông vận tải,GTADCQX2,Quản lý xây dựng,D07,2025,20.0,,THPT
GTA,Đại học Công nghệ Giao thông vận tải,GTADCQX2,Quản lý xây dựng,D07,2025,20.0,,THPT
GTA,Đại học Công nghệ Giao thông vận tải,GTADCQXD2,Quản lý xây dựng (hợp tác doanh nghiệp),A00,2025,18.0,,THPT
GTA,Trường Đại học Công nghệ Giao thông vận tải,GTADCQXD2,Quản lý xây dựng (hợp tác doanh nghiệp),A00,2025,18.0,,THPT
GTA,Trường Đại học Công nghệ Giao thông vận tải,GTADCQXD2,Quản lý xây dựng (hợp tác doanh nghiệp),A01,2025,18.0,,THPT
GTA,Đại học Công nghệ Giao thông vận tải,GTADCQXD2,Quản lý xây dựng (hợp tác doanh nghiệp),A01,2025,18.0,,THPT
GTA,Trường Đại học Công nghệ Giao thông vận tải,GTADCQXD2,Quản lý xây dựng (hợp tác doanh nghiệp),D01,2025,18.0,,THPT
GTA,Đại học Công nghệ Giao thông vận tải,GTADCQXD2,Quản lý xây dựng (hợp tác doanh nghiệp),D01,2025,18.0,,THPT
GTA,Trường Đại học Công nghệ Giao thông vận tải,GTADCQXD2,Quản lý xây dựng (hợp tác doanh nghiệp),D07,2025,18.0,,THPT
GTA,Đại học Công nghệ Giao thông vận tải,GTADCQXD2,Quản lý xây dựng (hợp tác doanh nghiệp),D07,2025,18.0,,THPT
GTA,Đại học Công nghệ Giao thông vận tải,GTADCRT2,Công nghệ kỹ thuật Robot và Trí tuệ nhân tạo,A00,2025,20.0,,THPT
GTA,Trường Đại học Công nghệ Giao thông vận tải,GTADCRT2,Công nghệ kỹ thuật Robot và Trí tuệ nhân tạo,A00,2025,20.0,,THPT
GTA,Trường Đại học Công nghệ Giao thông vận tải,GTADCRT2,Công nghệ kỹ thuật Robot và Trí tuệ nhân tạo,A01,2025,20.0,,THPT
GTA,Đại học Công nghệ Giao thông vận tải,GTADCRT2,Công nghệ kỹ thuật Robot và Trí tuệ nhân tạo,A01,2025,20.0,,THPT
GTA,Trường Đại học Công nghệ Giao thông vận tải,GTADCRT2,Công nghệ kỹ thuật Robot và Trí tuệ nhân tạo,D01,2025,20.0,,THPT
GTA,Đại học Công nghệ Giao thông vận tải,GTADCRT2,Công nghệ kỹ thuật Robot và Trí tuệ nhân tạo,D01,2025,20.0,,THPT
GTA,Trường Đại học Công nghệ Giao thông vận tải,GTADCRT2,Công nghệ kỹ thuật Robot và Trí tuệ nhân tạo,D07,2025,20.0,,THPT
GTA,Đại học Công nghệ Giao thông vận tải,GTADCRT2,Công nghệ kỹ thuật Robot và Trí tuệ nhân tạo,D07,2025,20.0,,THPT
GTA,Trường Đại học Công nghệ Giao thông vận tải,GTADCTD2,Thương mại điện tử,A00,2025,23.5,,THPT
GTA,Trường Đại học Công nghệ Giao thông vận tải,GTADCTD2,Thương mại điện tử,A01,2025,23.5,,THPT
GTA,Trường Đại học Công nghệ Giao thông vận tải,GTADCTD2,Thương mại điện tử,D01,2025,23.5,,THPT
GTA,Đại học Công nghệ Giao thông vận tải,GTADCTD2,Thương mại điện tử,D01,2025,23.5,,THPT
GTA,Trường Đại học Công nghệ Giao thông vận tải,GTADCTD2,Thương mại điện tử,D07,2025,23.5,,THPT
GTA,Đại học Công nghệ Giao thông vận tải,GTADCTD2,Thương mại điện tử,D07,2025,23.5,,THPT
GTA,Trường Đại học Công nghệ Giao thông vận tải,GTADCTDA2,Thương mại điện tử (tăng cường tiếng Anh),A00,2025,20.0,,THPT
GTA,Trường Đại học Công nghệ Giao thông vận tải,GTADCTDA2,Thương mại điện tử (tăng cường tiếng Anh),A01,2025,20.0,,THPT
GTA,Trường Đại học Công nghệ Giao thông vận tải,GTADCTDA2,Thương mại điện tử (tăng cường tiếng Anh),D01,2025,20.0,,THPT
GTA,Đại học Công nghệ Giao thông vận tải,GTADCTDA2,Thương mại điện tử (tăng cường tiếng Anh),D01,2025,20.0,,THPT
GTA,Trường Đại học Công nghệ Giao thông vận tải,GTADCTDA2,Thương mại điện tử (tăng cường tiếng Anh),D07,2025,20.0,,THPT
GTA,Đại học Công nghệ Giao thông vận tải,GTADCTDA2,Thương mại điện tử (tăng cường tiếng Anh),D07,2025,20.0,,THPT
GTA,Đại học Công nghệ Giao thông vận tải,GTADCTG2,Trí tuệ nhân tạo và giao thông thông minh,A00,2025,21.0,,THPT
GTA,Trường Đại học Công nghệ Giao thông vận tải,GTADCTG2,Trí tuệ nhân tạo và giao thông thông minh,A00,2025,21.0,,THPT
GTA,Trường Đại học Công nghệ Giao thông vận tải,GTADCTG2,Trí tuệ nhân tạo và giao thông thông minh,A01,2025,21.0,,THPT
GTA,Đại học Công nghệ Giao thông vận tải,GTADCTG2,Trí tuệ nhân tạo và giao thông thông minh,A01,2025,21.0,,THPT
GTA,Trường Đại học Công nghệ Giao thông vận tải,GTADCTG2,Trí tuệ nhân tạo và giao thông thông minh,D01,2025,21.0,,THPT
GTA,Đại học Công nghệ Giao thông vận tải,GTADCTG2,Trí tuệ nhân tạo và giao thông thông minh,D01,2025,21.0,,THPT
GTA,Trường Đại học Công nghệ Giao thông vận tải,GTADCTG2,Trí tuệ nhân tạo và giao thông thông minh,D07,2025,21.0,,THPT
GTA,Đại học Công nghệ Giao thông vận tải,GTADCTG2,Trí tuệ nhân tạo và giao thông thông minh,D07,2025,21.0,,THPT
GTA,Đại học Công nghệ Giao thông vận tải,GTADCTGA2,Trí tuệ nhân tạo và giao thông thông minh (tăng cường tiếng Anh),A00,2025,20.0,,THPT
GTA,Trường Đại học Công nghệ Giao thông vận tải,GTADCTGA2,Trí tuệ nhân tạo và giao thông thông minh (tăng cường tiếng Anh),A00,2025,20.0,,THPT
GTA,Trường Đại học Công nghệ Giao thông vận tải,GTADCTGA2,Trí tuệ nhân tạo và giao thông thông minh (tăng cường tiếng Anh),A01,2025,20.0,,THPT
GTA,Đại học Công nghệ Giao thông vận tải,GTADCTGA2,Trí tuệ nhân tạo và giao thông thông minh (tăng cường tiếng Anh),A01,2025,20.0,,THPT
GTA,Trường Đại học Công nghệ Giao thông vận tải,GTADCTGA2,Trí tuệ nhân tạo và giao thông thông minh (tăng cường tiếng Anh),D01,2025,20.0,,THPT
GTA,Đại học Công nghệ Giao thông vận tải,GTADCTGA2,Trí tuệ nhân tạo và giao thông thông minh (tăng cường tiếng Anh),D01,2025,20.0,,THPT
GTA,Trường Đại học Công nghệ Giao thông vận tải,GTADCTGA2,Trí tuệ nhân tạo và giao thông thông minh (tăng cường tiếng Anh),D07,2025,20.0,,THPT
GTA,Đại học Công nghệ Giao thông vận tải,GTADCTGA2,Trí tuệ nhân tạo và giao thông thông minh (tăng cường tiếng Anh),D07,2025,20.0,,THPT
GTA,Trường Đại học Công nghệ Giao thông vận tải,GTADCTN2,Tài chính doanh nghiệp,A00,2025,21.0,,THPT
GTA,Trường Đại học Công nghệ Giao thông vận tải,GTADCTN2,Tài chính doanh nghiệp,A01,2025,21.0,,THPT
GTA,Trường Đại học Công nghệ Giao thông vận tải,GTADCTN2,Tài chính doanh nghiệp,D01,2025,21.0,,THPT
GTA,Đại học Công nghệ Giao thông vận tải,GTADCTN2,Tài chính doanh nghiệp,D01,2025,21.0,,THPT
GTA,Trường Đại học Công nghệ Giao thông vận tải,GTADCTN2,Tài chính doanh nghiệp,D07,2025,21.0,,THPT
GTA,Đại học Công nghệ Giao thông vận tải,GTADCTN2,Tài chính doanh nghiệp,D07,2025,21.0,,THPT
GTA,Đại học Công nghệ Giao thông vận tải,GTADCTQ2,Thanh tra và quản lý công trình giao thông,A00,2025,16.0,,THPT
GTA,Trường Đại học Công nghệ Giao thông vận tải,GTADCTQ2,Thanh tra và quản lý công trình giao thông,A00,2025,16.0,,THPT
GTA,Trường Đại học Công nghệ Giao thông vận tải,GTADCTQ2,Thanh tra và quản lý công trình giao thông,A01,2025,16.0,,THPT
GTA,Đại học Công nghệ Giao thông vận tải,GTADCTQ2,Thanh tra và quản lý công trình giao thông,A01,2025,16.0,,THPT
GTA,Trường Đại học Công nghệ Giao thông vận tải,GTADCTQ2,Thanh tra và quản lý công trình giao thông,D01,2025,16.0,,THPT
GTA,Đại học Công nghệ Giao thông vận tải,GTADCTQ2,Thanh tra và quản lý công trình giao thông,D01,2025,16.0,,THPT
GTA,Trường Đại học Công nghệ Giao thông vận tải,GTADCTQ2,Thanh tra và quản lý công trình giao thông,D07,2025,16.0,,THPT
GTA,Đại học Công nghệ Giao thông vận tải,GTADCTQ2,Thanh tra và quản lý công trình giao thông,D07,2025,16.0,,THPT
GTA,Trường Đại học Công nghệ Giao thông vận tải,GTADCTT1,Công nghệ thông tin (học tại Vĩnh Phúc),A00,2025,16.0,,THPT
GTA,Trường Đại học Công nghệ Giao thông vận tải,GTADCTT1,Công nghệ thông tin (học tại Vĩnh Phúc),A01,2025,16.0,,THPT
GTA,Trường Đại học Công nghệ Giao thông vận tải,GTADCTT1,Công nghệ thông tin (học tại Vĩnh Phúc),D01,2025,16.0,,THPT
GTA,Trường Đại học Công nghệ Giao thông vận tải,GTADCTT1,Công nghệ thông tin (học tại Vĩnh Phúc),D07,2025,16.0,,THPT
GTA,Đại học Công nghệ Giao thông vận tải,GTADCTT2,Công nghệ thông tin,A00,2025,23.5,,THPT
GTA,Trường Đại học Công nghệ Giao thông vận tải,GTADCTT2,Công nghệ thông tin,A00,2025,23.5,,THPT
GTA,Trường Đại học Công nghệ Giao thông vận tải,GTADCTT2,Công nghệ thông tin,A01,2025,23.5,,THPT
GTA,Đại học Công nghệ Giao thông vận tải,GTADCTT2,Công nghệ thông tin,A01,2025,23.5,,THPT
GTA,Trường Đại học Công nghệ Giao thông vận tải,GTADCTT2,Công nghệ thông tin,D01,2025,23.5,,THPT
GTA,Đại học Công nghệ Giao thông vận tải,GTADCTT2,Công nghệ thông tin,D01,2025,23.5,,THPT
GTA,Trường Đại học Công nghệ Giao thông vận tải,GTADCTT2,Công nghệ thông tin,D07,2025,23.5,,THPT
GTA,Đại học Công nghệ Giao thông vận tải,GTADCTT2,Công nghệ thông tin,D07,2025,23.5,,THPT
GTA,Đại học Công nghệ Giao thông vận tải,GTADCTTA2,Công nghệ thông tin (tăng cường tiếng Anh),A00,2025,20.0,,THPT
GTA,Trường Đại học Công nghệ Giao thông vận tải,GTADCTTA2,Công nghệ thông tin (tăng cường tiếng Anh),A00,2025,20.0,,THPT
GTA,Trường Đại học Công nghệ Giao thông vận tải,GTADCTTA2,Công nghệ thông tin (tăng cường tiếng Anh),A01,2025,20.0,,THPT
GTA,Đại học Công nghệ Giao thông vận tải,GTADCTTA2,Công nghệ thông tin (tăng cường tiếng Anh),A01,2025,20.0,,THPT
GTA,Trường Đại học Công nghệ Giao thông vận tải,GTADCTTA2,Công nghệ thông tin (tăng cường tiếng Anh),D01,2025,20.0,,THPT
GTA,Đại học Công nghệ Giao thông vận tải,GTADCTTA2,Công nghệ thông tin (tăng cường tiếng Anh),D01,2025,20.0,,THPT
GTA,Trường Đại học Công nghệ Giao thông vận tải,GTADCTTA2,Công nghệ thông tin (tăng cường tiếng Anh),D07,2025,20.0,,THPT
GTA,Đại học Công nghệ Giao thông vận tải,GTADCTTA2,Công nghệ thông tin (tăng cường tiếng Anh),D07,2025,20.0,,THPT
GTA,Đại học Công nghệ Giao thông vận tải,GTADCVL2,Logistics và vận tài đa phương thức,A00,2025,22.5,,THPT
GTA,Trường Đại học Công nghệ Giao thông vận tải,GTADCVL2,Logistics và vận tải đa phương thức,A00,2025,22.5,,THPT
GTA,Trường Đại học Công nghệ Giao thông vận tải,GTADCVL2,Logistics và vận tải đa phương thức,A01,2025,22.5,,THPT
GTA,Đại học Công nghệ Giao thông vận tải,GTADCVL2,Logistics và vận tài đa phương thức,A01,2025,22.5,,THPT
GTA,Trường Đại học Công nghệ Giao thông vận tải,GTADCVL2,Logistics và vận tải đa phương thức,D01,2025,22.5,,THPT
GTA,Đại học Công nghệ Giao thông vận tải,GTADCVL2,Logistics và vận tài đa phương thức,D01,2025,22.5,,THPT
GTA,Trường Đại học Công nghệ Giao thông vận tải,GTADCVL2,Logistics và vận tải đa phương thức,D07,2025,22.5,,THPT
GTA,Đại học Công nghệ Giao thông vận tải,GTADCVL2,Logistics và vận tài đa phương thức,D07,2025,22.5,,THPT
GTA,Đại học Công nghệ Giao thông vận tải,GTADCVM2,Công nghệ Kỹ thuật Vi mạch bán dẫn,A00,2025,24.0,,THPT
GTA,Trường Đại học Công nghệ Giao thông vận tải,GTADCVM2,Công nghệ kỹ thuật vi mạch bán dẫn,A00,2025,24.0,,THPT
GTA,Trường Đại học Công nghệ Giao thông vận tải,GTADCVM2,Công nghệ kỹ thuật vi mạch bán dẫn,A01,2025,24.0,,THPT
GTA,Đại học Công nghệ Giao thông vận tải,GTADCVM2,Công nghệ Kỹ thuật Vi mạch bán dẫn,A01,2025,24.0,,THPT
GTA,Trường Đại học Công nghệ Giao thông vận tải,GTADCVM2,Công nghệ kỹ thuật vi mạch bán dẫn,D01,2025,24.0,,THPT
GTA,Đại học Công nghệ Giao thông vận tải,GTADCVM2,Công nghệ Kỹ thuật Vi mạch bán dẫn,D01,2025,24.0,,THPT
GTA,Trường Đại học Công nghệ Giao thông vận tải,GTADCVM2,Công nghệ kỹ thuật vi mạch bán dẫn,D07,2025,24.0,,THPT
GTA,Đại học Công nghệ Giao thông vận tải,GTADCVM2,Công nghệ Kỹ thuật Vi mạch bán dẫn,D07,2025,24.0,,THPT
GTA,Đại học Công nghệ Giao thông vận tải,GTADCVS2,Quản lý và điều hành vận tải đường sắt,A00,2025,18.0,,THPT
GTA,Trường Đại học Công nghệ Giao thông vận tải,GTADCVS2,Quản lý và điều hành vận tải đường sắt,A00,2025,18.0,,THPT
GTA,Trường Đại học Công nghệ Giao thông vận tải,GTADCVS2,Quản lý và điều hành vận tải đường sắt,A01,2025,18.0,,THPT
GTA,Đại học Công nghệ Giao thông vận tải,GTADCVS2,Quản lý và điều hành vận tải đường sắt,A01,2025,18.0,,THPT
GTA,Trường Đại học Công nghệ Giao thông vận tải,GTADCVS2,Quản lý và điều hành vận tải đường sắt,D01,2025,18.0,,THPT
GTA,Đại học Công nghệ Giao thông vận tải,GTADCVS2,Quản lý và điều hành vận tải đường sắt,D01,2025,18.0,,THPT
GTA,Trường Đại học Công nghệ Giao thông vận tải,GTADCVS2,Quản lý và điều hành vận tải đường sắt,D07,2025,18.0,,THPT
GTA,Đại học Công nghệ Giao thông vận tải,GTADCVS2,Quản lý và điều hành vận tải đường sắt,D07,2025,18.0,,THPT
GTA,Đại học Công nghệ Giao thông vận tải,GTADCVV2,Kỹ thuật vi điện tử và vật lý bán dẫn,A00,2025,21.0,,THPT
GTA,Trường Đại học Công nghệ Giao thông vận tải,GTADCVV2,Kỹ thuật vi điện tử và vật lý bán dẫn,A00,2025,21.0,,THPT
GTA,Trường Đại học Công nghệ Giao thông vận tải,GTADCVV2,Kỹ thuật vi điện tử và vật lý bán dẫn,A01,2025,21.0,,THPT
GTA,Đại học Công nghệ Giao thông vận tải,GTADCVV2,Kỹ thuật vi điện tử và vật lý bán dẫn,A01,2025,21.0,,THPT
GTA,Trường Đại học Công nghệ Giao thông vận tải,GTADCVV2,Kỹ thuật vi điện tử và vật lý bán dẫn,D01,2025,21.0,,THPT
GTA,Đại học Công nghệ Giao thông vận tải,GTADCVV2,Kỹ thuật vi điện tử và vật lý bán dẫn,D01,2025,21.0,,THPT
GTA,Trường Đại học Công nghệ Giao thông vận tải,GTADCVV2,Kỹ thuật vi điện tử và vật lý bán dẫn,D07,2025,21.0,,THPT
GTA,Đại học Công nghệ Giao thông vận tải,GTADCVV2,Kỹ thuật vi điện tử và vật lý bán dẫn,D07,2025,21.0,,THPT
GTA,Đại học Công nghệ Giao thông vận tải,GTADCXQ2,Xây dựng và quản lý hạ tầng đô thị,A00,2025,19.0,,THPT
GTA,Trường Đại học Công nghệ Giao thông vận tải,GTADCXQ2,Xây dựng và quản lý hạ tầng đô thị,A00,2025,19.0,,THPT
GTA,Trường Đại học Công nghệ Giao thông vận tải,GTADCXQ2,Xây dựng và quản lý hạ tầng đô thị,A01,2025,19.0,,THPT
GTA,Đại học Công nghệ Giao thông vận tải,GTADCXQ2,Xây dựng và quản lý hạ tầng đô thị,A01,2025,19.0,,THPT
GTA,Trường Đại học Công nghệ Giao thông vận tải,GTADCXQ2,Xây dựng và quản lý hạ tầng đô thị,D01,2025,19.0,,THPT
GTA,Đại học Công nghệ Giao thông vận tải,GTADCXQ2,Xây dựng và quản lý hạ tầng đô thị,D01,2025,19.0,,THPT
GTA,Trường Đại học Công nghệ Giao thông vận tải,GTADCXQ2,Xây dựng và quản lý hạ tầng đô thị,D07,2025,19.0,,THPT
GTA,Đại học Công nghệ Giao thông vận tải,GTADCXQ2,Xây dựng và quản lý hạ tầng đô thị,D07,2025,19.0,,THPT
GTA,Đại học Công nghệ Giao thông vận tải,GTADKLG2,Logistics Đại học Tongmyong Hàn Quốc cấp bằng,A00,2025,21.0,,THPT
GTA,Trường Đại học Công nghệ Giao thông vận tải,GTADKLG2,Logistics (Trường Đại học Tongmyong - Hàn Quốc cấp bằng),A00,2025,21.0,,THPT
GTA,Trường Đại học Công nghệ Giao thông vận tải,GTADKLG2,Logistics (Trường Đại học Tongmyong - Hàn Quốc cấp bằng),A01,2025,21.0,,THPT
GTA,Đại học Công nghệ Giao thông vận tải,GTADKLG2,Logistics Đại học Tongmyong Hàn Quốc cấp bằng,A01,2025,21.0,,THPT
GTA,Trường Đại học Công nghệ Giao thông vận tải,GTADKLG2,Logistics (Trường Đại học Tongmyong - Hàn Quốc cấp bằng),D01,2025,21.0,,THPT
GTA,Đại học Công nghệ Giao thông vận tải,GTADKLG2,Logistics Đại học Tongmyong Hàn Quốc cấp bằng,D01,2025,21.0,,THPT
GTA,Trường Đại học Công nghệ Giao thông vận tải,GTADKLG2,Logistics (Trường Đại học Tongmyong - Hàn Quốc cấp bằng),D07,2025,21.0,,THPT
GTA,Đại học Công nghệ Giao thông vận tải,GTADKLG2,Logistics Đại học Tongmyong Hàn Quốc cấp bằng,D07,2025,21.0,,THPT
GTA,Đại học Công nghệ Giao thông vận tải,GTADKTT2,Công nghệ thông tin ĐH UITM cấp bằng,A00,2025,21.0,,THPT
GTA,Trường Đại học Công nghệ Giao thông vận tải,GTADKTT2,Công nghệ thông tin (ĐH Công nghệ thông tin và quản lý Ba Lan- UITM cấp bằng),A00,2025,21.0,,THPT
GTA,Trường Đại học Công nghệ Giao thông vận tải,GTADKTT2,Công nghệ thông tin (ĐH Công nghệ thông tin và quản lý Ba Lan- UITM cấp bằng),A01,2025,21.0,,THPT
GTA,Đại học Công nghệ Giao thông vận tải,GTADKTT2,Công nghệ thông tin ĐH UITM cấp bằng,A01,2025,21.0,,THPT
GTA,Trường Đại học Công nghệ Giao thông vận tải,GTADKTT2,Công nghệ thông tin (ĐH Công nghệ thông tin và quản lý Ba Lan- UITM cấp bằng),D01,2025,21.0,,THPT
GTA,Đại học Công nghệ Giao thông vận tải,GTADKTT2,Công nghệ thông tin ĐH UITM cấp bằng,D01,2025,21.0,,THPT
GTA,Trường Đại học Công nghệ Giao thông vận tải,GTADKTT2,Công nghệ thông tin (ĐH Công nghệ thông tin và quản lý Ba Lan- UITM cấp bằng),D07,2025,21.0,,THPT
GTA,Đại học Công nghệ Giao thông vận tải,GTADKTT2,Công nghệ thông tin ĐH UITM cấp bằng,D07,2025,21.0,,THPT
GTS,Trường Đại Học Giao Thông Vận Tải TPHCM,7220201A,Ngôn ngữ Anh – chương trình tiên tiến,C00,2025,0.0,,THPT
GTS,Trường Đại Học Giao Thông Vận Tải TPHCM,7220201A,Ngôn ngữ Anh – chương trình tiên tiến,D01,2025,0.0,,THPT
GTS,Trường Đại Học Giao Thông Vận Tải TPHCM,7220201E,"Ngôn ngữ Anh (chuyên ngành Tiếng Anh thương mại, logistics và vận tải quốc tế) - chương trình hoàn toàn bằng Tiếng Anh",C00,2025,0.0,,THPT
GTS,Trường Đại Học Giao Thông Vận Tải TPHCM,7220201E,"Ngôn ngữ Anh (chuyên ngành Tiếng Anh thương mại, logistics và vận tải quốc tế) - chương trình hoàn toàn bằng Tiếng Anh",D01,2025,0.0,,THPT
GTS,Trường Đại Học Giao Thông Vận Tải TPHCM,7340101A,Quản trị kinh doanh – chương trình tiên tiến,A00,2025,0.0,,THPT
GTS,Trường Đại Học Giao Thông Vận Tải TPHCM,7340101A,Quản trị kinh doanh – chương trình tiên tiến,A01,2025,0.0,,THPT
GTS,Trường Đại Học Giao Thông Vận Tải TPHCM,7340101A,Quản trị kinh doanh – chương trình tiên tiến,B00,2025,0.0,,THPT
GTS,Trường Đại Học Giao Thông Vận Tải TPHCM,7340101A,Quản trị kinh doanh – chương trình tiên tiến,D01,2025,0.0,,THPT
GTS,Trường Đại Học Giao Thông Vận Tải TPHCM,7340101A,Quản trị kinh doanh – chương trình tiên tiến,D07,2025,0.0,,THPT
GTS,Trường Đại Học Giao Thông Vận Tải TPHCM,7340101A,Quản trị kinh doanh – chương trình tiên tiến,D09,2025,0.0,,THPT
GTS,Trường Đại Học Giao Thông Vận Tải TPHCM,734040502A,Hệ thống thông tin quản lý (chuyên ngành Kinh tế số và Trí tuệ nhân tạo) - chương trình tiên tiến,A00,2025,0.0,,THPT
GTS,Trường Đại Học Giao Thông Vận Tải TPHCM,734040502A,Hệ thống thông tin quản lý (chuyên ngành Kinh tế số và Trí tuệ nhân tạo) - chương trình tiên tiến,A01,2025,0.0,,THPT
GTS,Trường Đại Học Giao Thông Vận Tải TPHCM,734040502A,Hệ thống thông tin quản lý (chuyên ngành Kinh tế số và Trí tuệ nhân tạo) - chương trình tiên tiến,B00,2025,0.0,,THPT
GTS,Trường Đại Học Giao Thông Vận Tải TPHCM,734040502A,Hệ thống thông tin quản lý (chuyên ngành Kinh tế số và Trí tuệ nhân tạo) - chương trình tiên tiến,D01,2025,0.0,,THPT
GTS,Trường Đại Học Giao Thông Vận Tải TPHCM,734040502A,Hệ thống thông tin quản lý (chuyên ngành Kinh tế số và Trí tuệ nhân tạo) - chương trình tiên tiến,D07,2025,0.0,,THPT
GTS,Trường Đại Học Giao Thông Vận Tải TPHCM,734040502A,Hệ thống thông tin quản lý (chuyên ngành Kinh tế số và Trí tuệ nhân tạo) - chương trình tiên tiến,D09,2025,0.0,,THPT
GTS,Trường Đại Học Giao Thông Vận Tải TPHCM,734040502E,Hệ thống thông tin quản lý (chuyên ngành Kinh tế số và Trí tuệ nhân tạo) - chương trình hoàn toàn bằng Tiếng Anh,A00,2025,0.0,,THPT
GTS,Trường Đại Học Giao Thông Vận Tải TPHCM,734040502E,Hệ thống thông tin quản lý (chuyên ngành Kinh tế số và Trí tuệ nhân tạo) - chương trình hoàn toàn bằng Tiếng Anh,A01,2025,0.0,,THPT
GTS,Trường Đại Học Giao Thông Vận Tải TPHCM,734040502E,Hệ thống thông tin quản lý (chuyên ngành Kinh tế số và Trí tuệ nhân tạo) - chương trình hoàn toàn bằng Tiếng Anh,B00,2025,0.0,,THPT
GTS,Trường Đại Học Giao Thông Vận Tải TPHCM,734040502E,Hệ thống thông tin quản lý (chuyên ngành Kinh tế số và Trí tuệ nhân tạo) - chương trình hoàn toàn bằng Tiếng Anh,D01,2025,0.0,,THPT
GTS,Trường Đại Học Giao Thông Vận Tải TPHCM,734040502E,Hệ thống thông tin quản lý (chuyên ngành Kinh tế số và Trí tuệ nhân tạo) - chương trình hoàn toàn bằng Tiếng Anh,D07,2025,0.0,,THPT
GTS,Trường Đại Học Giao Thông Vận Tải TPHCM,734040502E,Hệ thống thông tin quản lý (chuyên ngành Kinh tế số và Trí tuệ nhân tạo) - chương trình hoàn toàn bằng Tiếng Anh,D09,2025,0.0,,THPT
GTS,Trường Đại Học Giao Thông Vận Tải TPHCM,7340405A,Hệ thống thông tin quản lý - chương trình tiên tiến,A00,2025,0.0,,THPT
GTS,Trường Đại Học Giao Thông Vận Tải TPHCM,7340405A,Hệ thống thông tin quản lý - chương trình tiên tiến,A01,2025,0.0,,THPT
GTS,Trường Đại Học Giao Thông Vận Tải TPHCM,7340405A,Hệ thống thông tin quản lý - chương trình tiên tiến,B00,2025,0.0,,THPT
GTS,Trường Đại Học Giao Thông Vận Tải TPHCM,7340405A,Hệ thống thông tin quản lý - chương trình tiên tiến,D01,2025,0.0,,THPT
GTS,Trường Đại Học Giao Thông Vận Tải TPHCM,7340405A,Hệ thống thông tin quản lý - chương trình tiên tiến,D07,2025,0.0,,THPT
GTS,Trường Đại Học Giao Thông Vận Tải TPHCM,7340405A,Hệ thống thông tin quản lý - chương trình tiên tiến,D09,2025,0.0,,THPT
GTS,Trường Đại Học Giao Thông Vận Tải TPHCM,7380101A,Luật – chương trình tiên tiến,D01,2025,0.0,,THPT
GTS,Trường Đại Học Giao Thông Vận Tải TPHCM,7460108A,Khoa học dữ liệu - chương trình tiên tiến,A00,2025,0.0,,THPT
GTS,Trường Đại Học Giao Thông Vận Tải TPHCM,7460108A,Khoa học dữ liệu - chương trình tiên tiến,A01,2025,0.0,,THPT
GTS,Trường Đại Học Giao Thông Vận Tải TPHCM,7460108A,Khoa học dữ liệu - chương trình tiên tiến,B00,2025,0.0,,THPT
GTS,Trường Đại Học Giao Thông Vận Tải TPHCM,7460108A,Khoa học dữ liệu - chương trình tiên tiến,D01,2025,0.0,,THPT
GTS,Trường Đại Học Giao Thông Vận Tải TPHCM,7460108A,Khoa học dữ liệu - chương trình tiên tiến,D07,2025,0.0,,THPT
GTS,Trường Đại Học Giao Thông Vận Tải TPHCM,7460108A,Khoa học dữ liệu - chương trình tiên tiến,D09,2025,0.0,,THPT
GTS,Trường Đại Học Giao Thông Vận Tải TPHCM,7480102A,Mạng máy tính và truyền thông dữ liệu (chuyên ngành Mạng máy tính và truyền thông dữ liệu; Kỹ thuật thiết kế vi mạch và AI) - chương trình tiên tiến,A00,2025,0.0,,THPT
GTS,Trường Đại Học Giao Thông Vận Tải TPHCM,7480102A,Mạng máy tính và truyền thông dữ liệu (chuyên ngành Mạng máy tính và truyền thông dữ liệu; Kỹ thuật thiết kế vi mạch và AI) - chương trình tiên tiến,A01,2025,0.0,,THPT
GTS,Trường Đại Học Giao Thông Vận Tải TPHCM,7480102A,Mạng máy tính và truyền thông dữ liệu (chuyên ngành Mạng máy tính và truyền thông dữ liệu; Kỹ thuật thiết kế vi mạch và AI) - chương trình tiên tiến,B00,2025,0.0,,THPT
GTS,Trường Đại Học Giao Thông Vận Tải TPHCM,7480102A,Mạng máy tính và truyền thông dữ liệu (chuyên ngành Mạng máy tính và truyền thông dữ liệu; Kỹ thuật thiết kế vi mạch và AI) - chương trình tiên tiến,D01,2025,0.0,,THPT
GTS,Trường Đại Học Giao Thông Vận Tải TPHCM,7480102A,Mạng máy tính và truyền thông dữ liệu (chuyên ngành Mạng máy tính và truyền thông dữ liệu; Kỹ thuật thiết kế vi mạch và AI) - chương trình tiên tiến,D07,2025,0.0,,THPT
GTS,Trường Đại Học Giao Thông Vận Tải TPHCM,7480102A,Mạng máy tính và truyền thông dữ liệu (chuyên ngành Mạng máy tính và truyền thông dữ liệu; Kỹ thuật thiết kế vi mạch và AI) - chương trình tiên tiến,D09,2025,0.0,,THPT
GTS,Trường Đại Học Giao Thông Vận Tải TPHCM,748020101A,Công nghệ thông tin (chuyên ngành Công nghệ thông tin) - chương trình tiên tiến,A00,2025,0.0,,THPT
GTS,Trường Đại Học Giao Thông Vận Tải TPHCM,748020101A,Công nghệ thông tin (chuyên ngành Công nghệ thông tin) - chương trình tiên tiến,A01,2025,0.0,,THPT
GTS,Trường Đại Học Giao Thông Vận Tải TPHCM,748020101A,Công nghệ thông tin (chuyên ngành Công nghệ thông tin) - chương trình tiên tiến,B00,2025,0.0,,THPT
GTS,Trường Đại Học Giao Thông Vận Tải TPHCM,748020101A,Công nghệ thông tin (chuyên ngành Công nghệ thông tin) - chương trình tiên tiến,D01,2025,0.0,,THPT
GTS,Trường Đại Học Giao Thông Vận Tải TPHCM,748020101A,Công nghệ thông tin (chuyên ngành Công nghệ thông tin) - chương trình tiên tiến,D07,2025,0.0,,THPT
GTS,Trường Đại Học Giao Thông Vận Tải TPHCM,748020101A,Công nghệ thông tin (chuyên ngành Công nghệ thông tin) - chương trình tiên tiến,D09,2025,0.0,,THPT
GTS,Trường Đại Học Giao Thông Vận Tải TPHCM,748020101E,Công nghệ thông tin (chuyên ngành Công nghệ thông tin)- chương trình hoàn toàn bằng Tiếng Anh,A00,2025,0.0,,THPT
GTS,Trường Đại Học Giao Thông Vận Tải TPHCM,748020101E,Công nghệ thông tin (chuyên ngành Công nghệ thông tin)- chương trình hoàn toàn bằng Tiếng Anh,A01,2025,0.0,,THPT
GTS,Trường Đại Học Giao Thông Vận Tải TPHCM,748020101E,Công nghệ thông tin (chuyên ngành Công nghệ thông tin)- chương trình hoàn toàn bằng Tiếng Anh,B00,2025,0.0,,THPT
GTS,Trường Đại Học Giao Thông Vận Tải TPHCM,748020101E,Công nghệ thông tin (chuyên ngành Công nghệ thông tin)- chương trình hoàn toàn bằng Tiếng Anh,D01,2025,0.0,,THPT
GTS,Trường Đại Học Giao Thông Vận Tải TPHCM,748020101E,Công nghệ thông tin (chuyên ngành Công nghệ thông tin)- chương trình hoàn toàn bằng Tiếng Anh,D07,2025,0.0,,THPT
GTS,Trường Đại Học Giao Thông Vận Tải TPHCM,748020101E,Công nghệ thông tin (chuyên ngành Công nghệ thông tin)- chương trình hoàn toàn bằng Tiếng Anh,D09,2025,0.0,,THPT
GTS,Trường Đại Học Giao Thông Vận Tải TPHCM,748020104A,Công nghệ thông tin (chuyên ngành Khoa học dữ liệu và AI) - chương trình tiên tiến,A00,2025,0.0,,THPT
GTS,Trường Đại Học Giao Thông Vận Tải TPHCM,748020104A,Công nghệ thông tin (chuyên ngành Khoa học dữ liệu và AI) - chương trình tiên tiến,A01,2025,0.0,,THPT
GTS,Trường Đại Học Giao Thông Vận Tải TPHCM,748020104A,Công nghệ thông tin (chuyên ngành Khoa học dữ liệu và AI) - chương trình tiên tiến,B00,2025,0.0,,THPT
GTS,Trường Đại Học Giao Thông Vận Tải TPHCM,748020104A,Công nghệ thông tin (chuyên ngành Khoa học dữ liệu và AI) - chương trình tiên tiến,D01,2025,0.0,,THPT
GTS,Trường Đại Học Giao Thông Vận Tải TPHCM,748020104A,Công nghệ thông tin (chuyên ngành Khoa học dữ liệu và AI) - chương trình tiên tiến,D07,2025,0.0,,THPT
GTS,Trường Đại Học Giao Thông Vận Tải TPHCM,748020104A,Công nghệ thông tin (chuyên ngành Khoa học dữ liệu và AI) - chương trình tiên tiến,D09,2025,0.0,,THPT
GTS,Trường Đại Học Giao Thông Vận Tải TPHCM,748020105A,Công nghệ thông tin (chuyên ngành Smart logistics) - chương trình tiên tiến,A00,2025,0.0,,THPT
GTS,Trường Đại Học Giao Thông Vận Tải TPHCM,748020105A,Công nghệ thông tin (chuyên ngành Smart logistics) - chương trình tiên tiến,A01,2025,0.0,,THPT
GTS,Trường Đại Học Giao Thông Vận Tải TPHCM,748020105A,Công nghệ thông tin (chuyên ngành Smart logistics) - chương trình tiên tiến,B00,2025,0.0,,THPT
GTS,Trường Đại Học Giao Thông Vận Tải TPHCM,748020105A,Công nghệ thông tin (chuyên ngành Smart logistics) - chương trình tiên tiến,D01,2025,0.0,,THPT
GTS,Trường Đại Học Giao Thông Vận Tải TPHCM,748020105A,Công nghệ thông tin (chuyên ngành Smart logistics) - chương trình tiên tiến,D07,2025,0.0,,THPT
GTS,Trường Đại Học Giao Thông Vận Tải TPHCM,748020105A,Công nghệ thông tin (chuyên ngành Smart logistics) - chương trình tiên tiến,D09,2025,0.0,,THPT
GTS,Trường Đại Học Giao Thông Vận Tải TPHCM,748020106A,Công nghệ thông tin (chuyên ngành Công nghệ ô tô số) - chương trình tiên tiến,A00,2025,0.0,,THPT
GTS,Trường Đại Học Giao Thông Vận Tải TPHCM,748020106A,Công nghệ thông tin (chuyên ngành Công nghệ ô tô số) - chương trình tiên tiến,A01,2025,0.0,,THPT
GTS,Trường Đại Học Giao Thông Vận Tải TPHCM,748020106A,Công nghệ thông tin (chuyên ngành Công nghệ ô tô số) - chương trình tiên tiến,B00,2025,0.0,,THPT
GTS,Trường Đại Học Giao Thông Vận Tải TPHCM,748020106A,Công nghệ thông tin (chuyên ngành Công nghệ ô tô số) - chương trình tiên tiến,D01,2025,0.0,,THPT
GTS,Trường Đại Học Giao Thông Vận Tải TPHCM,748020106A,Công nghệ thông tin (chuyên ngành Công nghệ ô tô số) - chương trình tiên tiến,D07,2025,0.0,,THPT
GTS,Trường Đại Học Giao Thông Vận Tải TPHCM,748020106A,Công nghệ thông tin (chuyên ngành Công nghệ ô tô số) - chương trình tiên tiến,D09,2025,0.0,,THPT
GTS,Trường Đại Học Giao Thông Vận Tải TPHCM,748020107A,Công nghệ thông tin (chuyên ngành Truyền thông số và Đổi mới sáng tạo) - chương trình tiên tiến,A00,2025,0.0,,THPT
GTS,Trường Đại Học Giao Thông Vận Tải TPHCM,748020107A,Công nghệ thông tin (chuyên ngành Truyền thông số và Đổi mới sáng tạo) - chương trình tiên tiến,A01,2025,0.0,,THPT
GTS,Trường Đại Học Giao Thông Vận Tải TPHCM,748020107A,Công nghệ thông tin (chuyên ngành Truyền thông số và Đổi mới sáng tạo) - chương trình tiên tiến,B00,2025,0.0,,THPT
GTS,Trường Đại Học Giao Thông Vận Tải TPHCM,748020107A,Công nghệ thông tin (chuyên ngành Truyền thông số và Đổi mới sáng tạo) - chương trình tiên tiến,D01,2025,0.0,,THPT
GTS,Trường Đại Học Giao Thông Vận Tải TPHCM,748020107A,Công nghệ thông tin (chuyên ngành Truyền thông số và Đổi mới sáng tạo) - chương trình tiên tiến,D07,2025,0.0,,THPT
GTS,Trường Đại Học Giao Thông Vận Tải TPHCM,748020107A,Công nghệ thông tin (chuyên ngành Truyền thông số và Đổi mới sáng tạo) - chương trình tiên tiến,D09,2025,0.0,,THPT
GTS,Trường Đại Học Giao Thông Vận Tải TPHCM,7510104A,Công nghệ kỹ thuật giao thông (chuyên ngành Quy hoạch và quản lý giao thông;  Logistics và hạ tầng giao thông) - chương trình tiên tiến,A00,2025,0.0,,THPT
GTS,Trường Đại Học Giao Thông Vận Tải TPHCM,7510104A,Công nghệ kỹ thuật giao thông (chuyên ngành Quy hoạch và quản lý giao thông;  Logistics và hạ tầng giao thông) - chương trình tiên tiến,A01,2025,0.0,,THPT
GTS,Trường Đại Học Giao Thông Vận Tải TPHCM,7510104A,Công nghệ kỹ thuật giao thông (chuyên ngành Quy hoạch và quản lý giao thông;  Logistics và hạ tầng giao thông) - chương trình tiên tiến,B00,2025,0.0,,THPT
GTS,Trường Đại Học Giao Thông Vận Tải TPHCM,7510104A,Công nghệ kỹ thuật giao thông (chuyên ngành Quy hoạch và quản lý giao thông;  Logistics và hạ tầng giao thông) - chương trình tiên tiến,D01,2025,0.0,,THPT
GTS,Trường Đại Học Giao Thông Vận Tải TPHCM,7510104A,Công nghệ kỹ thuật giao thông (chuyên ngành Quy hoạch và quản lý giao thông;  Logistics và hạ tầng giao thông) - chương trình tiên tiến,D07,2025,0.0,,THPT
GTS,Trường Đại Học Giao Thông Vận Tải TPHCM,7510104A,Công nghệ kỹ thuật giao thông (chuyên ngành Quy hoạch và quản lý giao thông;  Logistics và hạ tầng giao thông) - chương trình tiên tiến,D09,2025,0.0,,THPT
GTS,Trường Đại Học Giao Thông Vận Tải TPHCM,7510201A,Công nghệ kỹ thuật cơ khí - chương trình tiên tiến,A00,2025,0.0,,THPT
GTS,Trường Đại Học Giao Thông Vận Tải TPHCM,7510201A,Công nghệ kỹ thuật cơ khí - chương trình tiên tiến,A01,2025,0.0,,THPT
GTS,Trường Đại Học Giao Thông Vận Tải TPHCM,7510201A,Công nghệ kỹ thuật cơ khí - chương trình tiên tiến,B00,2025,0.0,,THPT
GTS,Trường Đại Học Giao Thông Vận Tải TPHCM,7510201A,Công nghệ kỹ thuật cơ khí - chương trình tiên tiến,D01,2025,0.0,,THPT
GTS,Trường Đại Học Giao Thông Vận Tải TPHCM,7510201A,Công nghệ kỹ thuật cơ khí - chương trình tiên tiến,D07,2025,0.0,,THPT
GTS,Trường Đại Học Giao Thông Vận Tải TPHCM,7510201A,Công nghệ kỹ thuật cơ khí - chương trình tiên tiến,D09,2025,0.0,,THPT
GTS,Trường Đại Học Giao Thông Vận Tải TPHCM,7510205A,Công nghệ kỹ thuật ô tô - chương trình tiên tiến,A00,2025,0.0,,THPT
GTS,Trường Đại Học Giao Thông Vận Tải TPHCM,7510205A,Công nghệ kỹ thuật ô tô - chương trình tiên tiến,A01,2025,0.0,,THPT
GTS,Trường Đại Học Giao Thông Vận Tải TPHCM,7510205A,Công nghệ kỹ thuật ô tô - chương trình tiên tiến,B00,2025,0.0,,THPT
GTS,Trường Đại Học Giao Thông Vận Tải TPHCM,7510205A,Công nghệ kỹ thuật ô tô - chương trình tiên tiến,D01,2025,0.0,,THPT
GTS,Trường Đại Học Giao Thông Vận Tải TPHCM,7510205A,Công nghệ kỹ thuật ô tô - chương trình tiên tiến,D07,2025,0.0,,THPT
GTS,Trường Đại Học Giao Thông Vận Tải TPHCM,7510205A,Công nghệ kỹ thuật ô tô - chương trình tiên tiến,D09,2025,0.0,,THPT
GTS,Trường Đại Học Giao Thông Vận Tải TPHCM,7510303A,Công nghệ kỹ thuật điều khiển và tự động hóa - chương trình tiên tiến,A00,2025,0.0,,THPT
GTS,Trường Đại Học Giao Thông Vận Tải TPHCM,7510303A,Công nghệ kỹ thuật điều khiển và tự động hóa - chương trình tiên tiến,A01,2025,0.0,,THPT
GTS,Trường Đại Học Giao Thông Vận Tải TPHCM,7510303A,Công nghệ kỹ thuật điều khiển và tự động hóa - chương trình tiên tiến,B00,2025,0.0,,THPT
GTS,Trường Đại Học Giao Thông Vận Tải TPHCM,7510303A,Công nghệ kỹ thuật điều khiển và tự động hóa - chương trình tiên tiến,D01,2025,0.0,,THPT
GTS,Trường Đại Học Giao Thông Vận Tải TPHCM,7510303A,Công nghệ kỹ thuật điều khiển và tự động hóa - chương trình tiên tiến,D07,2025,0.0,,THPT
GTS,Trường Đại Học Giao Thông Vận Tải TPHCM,7510303A,Công nghệ kỹ thuật điều khiển và tự động hóa - chương trình tiên tiến,D09,2025,0.0,,THPT
GTS,Trường Đại Học Giao Thông Vận Tải TPHCM,7510605A,Logistics và quản lý chuỗi cung ứng - chương trình tiên tiến,A00,2025,0.0,,THPT
GTS,Trường Đại Học Giao Thông Vận Tải TPHCM,7510605A,Logistics và quản lý chuỗi cung ứng - chương trình tiên tiến,A01,2025,0.0,,THPT
GTS,Trường Đại Học Giao Thông Vận Tải TPHCM,7510605A,Logistics và quản lý chuỗi cung ứng - chương trình tiên tiến,B00,2025,0.0,,THPT
GTS,Trường Đại Học Giao Thông Vận Tải TPHCM,7510605A,Logistics và quản lý chuỗi cung ứng - chương trình tiên tiến,D01,2025,0.0,,THPT
GTS,Trường Đại Học Giao Thông Vận Tải TPHCM,7510605A,Logistics và quản lý chuỗi cung ứng - chương trình tiên tiến,D07,2025,0.0,,THPT
GTS,Trường Đại Học Giao Thông Vận Tải TPHCM,7510605A,Logistics và quản lý chuỗi cung ứng - chương trình tiên tiến,D09,2025,0.0,,THPT
GTS,Trường Đại Học Giao Thông Vận Tải TPHCM,7510605E,Logistics và quản lý chuỗi cung ứng - chương trình hoàn toàn bằng Tiếng Anh,A00,2025,0.0,,THPT
GTS,Trường Đại Học Giao Thông Vận Tải TPHCM,7510605E,Logistics và quản lý chuỗi cung ứng - chương trình hoàn toàn bằng Tiếng Anh,A01,2025,0.0,,THPT
GTS,Trường Đại Học Giao Thông Vận Tải TPHCM,7510605E,Logistics và quản lý chuỗi cung ứng - chương trình hoàn toàn bằng Tiếng Anh,B00,2025,0.0,,THPT
GTS,Trường Đại Học Giao Thông Vận Tải TPHCM,7510605E,Logistics và quản lý chuỗi cung ứng - chương trình hoàn toàn bằng Tiếng Anh,D01,2025,0.0,,THPT
GTS,Trường Đại Học Giao Thông Vận Tải TPHCM,7510605E,Logistics và quản lý chuỗi cung ứng - chương trình hoàn toàn bằng Tiếng Anh,D07,2025,0.0,,THPT
GTS,Trường Đại Học Giao Thông Vận Tải TPHCM,7510605E,Logistics và quản lý chuỗi cung ứng - chương trình hoàn toàn bằng Tiếng Anh,D09,2025,0.0,,THPT
GTS,Trường Đại Học Giao Thông Vận Tải TPHCM,752010304A,Kỹ thuật cơ khí (chuyên ngành Cơ khí tự động)- chương trình tiên tiến,A00,2025,0.0,,THPT
GTS,Trường Đại Học Giao Thông Vận Tải TPHCM,752010304A,Kỹ thuật cơ khí (chuyên ngành Cơ khí tự động)- chương trình tiên tiến,A01,2025,0.0,,THPT
GTS,Trường Đại Học Giao Thông Vận Tải TPHCM,752010304A,Kỹ thuật cơ khí (chuyên ngành Cơ khí tự động)- chương trình tiên tiến,B00,2025,0.0,,THPT
GTS,Trường Đại Học Giao Thông Vận Tải TPHCM,752010304A,Kỹ thuật cơ khí (chuyên ngành Cơ khí tự động)- chương trình tiên tiến,D01,2025,0.0,,THPT
GTS,Trường Đại Học Giao Thông Vận Tải TPHCM,752010304A,Kỹ thuật cơ khí (chuyên ngành Cơ khí tự động)- chương trình tiên tiến,D07,2025,0.0,,THPT
GTS,Trường Đại Học Giao Thông Vận Tải TPHCM,752010304A,Kỹ thuật cơ khí (chuyên ngành Cơ khí tự động)- chương trình tiên tiến,D09,2025,0.0,,THPT
GTS,Trường Đại Học Giao Thông Vận Tải TPHCM,752010308A,Kỹ thuật cơ khí (chuyên ngành Cơ khí đường sắt tốc độ cao và đường sắt đô thị) - chương trình tiên tiến,A00,2025,0.0,,THPT
GTS,Trường Đại Học Giao Thông Vận Tải TPHCM,752010308A,Kỹ thuật cơ khí (chuyên ngành Cơ khí đường sắt tốc độ cao và đường sắt đô thị) - chương trình tiên tiến,A01,2025,0.0,,THPT
GTS,Trường Đại Học Giao Thông Vận Tải TPHCM,752010308A,Kỹ thuật cơ khí (chuyên ngành Cơ khí đường sắt tốc độ cao và đường sắt đô thị) - chương trình tiên tiến,B00,2025,0.0,,THPT
GTS,Trường Đại Học Giao Thông Vận Tải TPHCM,752010308A,Kỹ thuật cơ khí (chuyên ngành Cơ khí đường sắt tốc độ cao và đường sắt đô thị) - chương trình tiên tiến,D01,2025,0.0,,THPT
GTS,Trường Đại Học Giao Thông Vận Tải TPHCM,752010308A,Kỹ thuật cơ khí (chuyên ngành Cơ khí đường sắt tốc độ cao và đường sắt đô thị) - chương trình tiên tiến,D07,2025,0.0,,THPT
GTS,Trường Đại Học Giao Thông Vận Tải TPHCM,752010308A,Kỹ thuật cơ khí (chuyên ngành Cơ khí đường sắt tốc độ cao và đường sắt đô thị) - chương trình tiên tiến,D09,2025,0.0,,THPT
GTS,Trường Đại Học Giao Thông Vận Tải TPHCM,752010309A,Kỹ thuật cơ khí (chuyên ngành kỹ thuật cơ khí hàng không) - chương trình tiên tiến,A00,2025,0.0,,THPT
GTS,Trường Đại Học Giao Thông Vận Tải TPHCM,752010309A,Kỹ thuật cơ khí (chuyên ngành kỹ thuật cơ khí hàng không) - chương trình tiên tiến,A01,2025,0.0,,THPT
GTS,Trường Đại Học Giao Thông Vận Tải TPHCM,752010309A,Kỹ thuật cơ khí (chuyên ngành kỹ thuật cơ khí hàng không) - chương trình tiên tiến,B00,2025,0.0,,THPT
GTS,Trường Đại Học Giao Thông Vận Tải TPHCM,752010309A,Kỹ thuật cơ khí (chuyên ngành kỹ thuật cơ khí hàng không) - chương trình tiên tiến,D01,2025,0.0,,THPT
GTS,Trường Đại Học Giao Thông Vận Tải TPHCM,752010309A,Kỹ thuật cơ khí (chuyên ngành kỹ thuật cơ khí hàng không) - chương trình tiên tiến,D07,2025,0.0,,THPT
GTS,Trường Đại Học Giao Thông Vận Tải TPHCM,752010309A,Kỹ thuật cơ khí (chuyên ngành kỹ thuật cơ khí hàng không) - chương trình tiên tiến,D09,2025,0.0,,THPT
GTS,Trường Đại Học Giao Thông Vận Tải TPHCM,7520103I,"Nhóm ngành liên quan đường sắt tốc độ cao và đường sắt đô thị (Công nghệ thông tin;Viễn thông, Điện; năng lượng, Cơ khí)",A00,2025,0.0,,THPT
GTS,Trường Đại Học Giao Thông Vận Tải TPHCM,7520103I,"Nhóm ngành liên quan đường sắt tốc độ cao và đường sắt đô thị (Công nghệ thông tin;Viễn thông, Điện; năng lượng, Cơ khí)",A01,2025,0.0,,THPT
GTS,Trường Đại Học Giao Thông Vận Tải TPHCM,7520103I,"Nhóm ngành liên quan đường sắt tốc độ cao và đường sắt đô thị (Công nghệ thông tin;Viễn thông, Điện; năng lượng, Cơ khí)",B00,2025,0.0,,THPT
GTS,Trường Đại Học Giao Thông Vận Tải TPHCM,7520103I,"Nhóm ngành liên quan đường sắt tốc độ cao và đường sắt đô thị (Công nghệ thông tin;Viễn thông, Điện; năng lượng, Cơ khí)",D01,2025,0.0,,THPT
GTS,Trường Đại Học Giao Thông Vận Tải TPHCM,7520103I,"Nhóm ngành liên quan đường sắt tốc độ cao và đường sắt đô thị (Công nghệ thông tin;Viễn thông, Điện; năng lượng, Cơ khí)",D07,2025,0.0,,THPT
GTS,Trường Đại Học Giao Thông Vận Tải TPHCM,7520103I,"Nhóm ngành liên quan đường sắt tốc độ cao và đường sắt đô thị (Công nghệ thông tin;Viễn thông, Điện; năng lượng, Cơ khí)",D09,2025,0.0,,THPT
GTS,Trường Đại Học Giao Thông Vận Tải TPHCM,7520122,"Kỹ thuật tàu thủy (chuyên ngành Kỹ thuật tàu thủy, công trình nổi và quản lý hệ thống công nghiệp)",A00,2025,0.0,,THPT
GTS,Trường Đại Học Giao Thông Vận Tải TPHCM,7520122,"Kỹ thuật tàu thủy (chuyên ngành Kỹ thuật tàu thủy, công trình nổi và quản lý hệ thống công nghiệp)",A01,2025,0.0,,THPT
GTS,Trường Đại Học Giao Thông Vận Tải TPHCM,7520122,"Kỹ thuật tàu thủy (chuyên ngành Kỹ thuật tàu thủy, công trình nổi và quản lý hệ thống công nghiệp)",B00,2025,0.0,,THPT
GTS,Trường Đại Học Giao Thông Vận Tải TPHCM,7520122,"Kỹ thuật tàu thủy (chuyên ngành Kỹ thuật tàu thủy, công trình nổi và quản lý hệ thống công nghiệp)",D01,2025,0.0,,THPT
GTS,Trường Đại Học Giao Thông Vận Tải TPHCM,7520122,"Kỹ thuật tàu thủy (chuyên ngành Kỹ thuật tàu thủy, công trình nổi và quản lý hệ thống công nghiệp)",D07,2025,0.0,,THPT
GTS,Trường Đại Học Giao Thông Vận Tải TPHCM,7520122,"Kỹ thuật tàu thủy (chuyên ngành Kỹ thuật tàu thủy, công trình nổi và quản lý hệ thống công nghiệp)",D09,2025,0.0,,THPT
GTS,Trường Đại Học Giao Thông Vận Tải TPHCM,7520130A,Kỹ thuật ô tô (chuyên ngành Cơ khí ô tô; Cơ điện tử ô tô) - chương trình tiên tiến,A00,2025,0.0,,THPT
GTS,Trường Đại Học Giao Thông Vận Tải TPHCM,7520130A,Kỹ thuật ô tô (chuyên ngành Cơ khí ô tô; Cơ điện tử ô tô) - chương trình tiên tiến,A01,2025,0.0,,THPT
GTS,Trường Đại Học Giao Thông Vận Tải TPHCM,7520130A,Kỹ thuật ô tô (chuyên ngành Cơ khí ô tô; Cơ điện tử ô tô) - chương trình tiên tiến,B00,2025,0.0,,THPT
GTS,Trường Đại Học Giao Thông Vận Tải TPHCM,7520130A,Kỹ thuật ô tô (chuyên ngành Cơ khí ô tô; Cơ điện tử ô tô) - chương trình tiên tiến,D01,2025,0.0,,THPT
GTS,Trường Đại Học Giao Thông Vận Tải TPHCM,7520130A,Kỹ thuật ô tô (chuyên ngành Cơ khí ô tô; Cơ điện tử ô tô) - chương trình tiên tiến,D07,2025,0.0,,THPT
GTS,Trường Đại Học Giao Thông Vận Tải TPHCM,7520130A,Kỹ thuật ô tô (chuyên ngành Cơ khí ô tô; Cơ điện tử ô tô) - chương trình tiên tiến,D09,2025,0.0,,THPT
GTS,Trường Đại Học Giao Thông Vận Tải TPHCM,7520201,Kỹ thuật điện (chuyên ngành Điện công nghiệp; Hệ thống điện giao thông; Năng lượng tái tạo),A00,2025,0.0,,THPT
GTS,Trường Đại Học Giao Thông Vận Tải TPHCM,7520201,Kỹ thuật điện (chuyên ngành Điện công nghiệp; Hệ thống điện giao thông; Năng lượng tái tạo),A01,2025,0.0,,THPT
GTS,Trường Đại Học Giao Thông Vận Tải TPHCM,7520201,Kỹ thuật điện (chuyên ngành Điện công nghiệp; Hệ thống điện giao thông; Năng lượng tái tạo),B00,2025,0.0,,THPT
GTS,Trường Đại Học Giao Thông Vận Tải TPHCM,7520201,Kỹ thuật điện (chuyên ngành Điện công nghiệp; Hệ thống điện giao thông; Năng lượng tái tạo),D01,2025,0.0,,THPT
GTS,Trường Đại Học Giao Thông Vận Tải TPHCM,7520201,Kỹ thuật điện (chuyên ngành Điện công nghiệp; Hệ thống điện giao thông; Năng lượng tái tạo),D07,2025,0.0,,THPT
GTS,Trường Đại Học Giao Thông Vận Tải TPHCM,7520201,Kỹ thuật điện (chuyên ngành Điện công nghiệp; Hệ thống điện giao thông; Năng lượng tái tạo),D09,2025,0.0,,THPT
GTS,Trường Đại Học Giao Thông Vận Tải TPHCM,7520207A,Kỹ thuật điện tử - viễn thông - chương trình tiên tiến,A00,2025,0.0,,THPT
GTS,Trường Đại Học Giao Thông Vận Tải TPHCM,7520207A,Kỹ thuật điện tử - viễn thông - chương trình tiên tiến,A01,2025,0.0,,THPT
GTS,Trường Đại Học Giao Thông Vận Tải TPHCM,7520207A,Kỹ thuật điện tử - viễn thông - chương trình tiên tiến,B00,2025,0.0,,THPT
GTS,Trường Đại Học Giao Thông Vận Tải TPHCM,7520207A,Kỹ thuật điện tử - viễn thông - chương trình tiên tiến,D01,2025,0.0,,THPT
GTS,Trường Đại Học Giao Thông Vận Tải TPHCM,7520207A,Kỹ thuật điện tử - viễn thông - chương trình tiên tiến,D07,2025,0.0,,THPT
GTS,Trường Đại Học Giao Thông Vận Tải TPHCM,7520207A,Kỹ thuật điện tử - viễn thông - chương trình tiên tiến,D09,2025,0.0,,THPT
GTS,Trường Đại Học Giao Thông Vận Tải TPHCM,752021603A,Kỹ thuật điều khiển và tự động hóa (chuyên ngành Kỹ thuật điều khiển tự động và thông tin tín hiệu đường sắt tốc độ cao) - chương trình tiên tiến,A00,2025,0.0,,THPT
GTS,Trường Đại Học Giao Thông Vận Tải TPHCM,752021603A,Kỹ thuật điều khiển và tự động hóa (chuyên ngành Kỹ thuật điều khiển tự động và thông tin tín hiệu đường sắt tốc độ cao) - chương trình tiên tiến,A01,2025,0.0,,THPT
GTS,Trường Đại Học Giao Thông Vận Tải TPHCM,752021603A,Kỹ thuật điều khiển và tự động hóa (chuyên ngành Kỹ thuật điều khiển tự động và thông tin tín hiệu đường sắt tốc độ cao) - chương trình tiên tiến,B00,2025,0.0,,THPT
GTS,Trường Đại Học Giao Thông Vận Tải TPHCM,752021603A,Kỹ thuật điều khiển và tự động hóa (chuyên ngành Kỹ thuật điều khiển tự động và thông tin tín hiệu đường sắt tốc độ cao) - chương trình tiên tiến,D01,2025,0.0,,THPT
GTS,Trường Đại Học Giao Thông Vận Tải TPHCM,752021603A,Kỹ thuật điều khiển và tự động hóa (chuyên ngành Kỹ thuật điều khiển tự động và thông tin tín hiệu đường sắt tốc độ cao) - chương trình tiên tiến,D07,2025,0.0,,THPT
GTS,Trường Đại Học Giao Thông Vận Tải TPHCM,752021603A,Kỹ thuật điều khiển và tự động hóa (chuyên ngành Kỹ thuật điều khiển tự động và thông tin tín hiệu đường sắt tốc độ cao) - chương trình tiên tiến,D09,2025,0.0,,THPT
GTS,Trường Đại Học Giao Thông Vận Tải TPHCM,7520216A,Kỹ thuật điều khiển và tự động hóa - chương trình tiên tiến,A00,2025,0.0,,THPT
GTS,Trường Đại Học Giao Thông Vận Tải TPHCM,7520216A,Kỹ thuật điều khiển và tự động hóa - chương trình tiên tiến,A01,2025,0.0,,THPT
GTS,Trường Đại Học Giao Thông Vận Tải TPHCM,7520216A,Kỹ thuật điều khiển và tự động hóa - chương trình tiên tiến,B00,2025,0.0,,THPT
GTS,Trường Đại Học Giao Thông Vận Tải TPHCM,7520216A,Kỹ thuật điều khiển và tự động hóa - chương trình tiên tiến,D01,2025,0.0,,THPT
GTS,Trường Đại Học Giao Thông Vận Tải TPHCM,7520216A,Kỹ thuật điều khiển và tự động hóa - chương trình tiên tiến,D07,2025,0.0,,THPT
GTS,Trường Đại Học Giao Thông Vận Tải TPHCM,7520216A,Kỹ thuật điều khiển và tự động hóa - chương trình tiên tiến,D09,2025,0.0,,THPT
GTS,Trường Đại Học Giao Thông Vận Tải TPHCM,7520320,Kỹ thuật môi trường (chuyên ngành Kỹ thuật môi trường; Quản lý an toàn và môi trường),A00,2025,0.0,,THPT
GTS,Trường Đại Học Giao Thông Vận Tải TPHCM,7520320,Kỹ thuật môi trường (chuyên ngành Kỹ thuật môi trường; Quản lý an toàn và môi trường),A01,2025,0.0,,THPT
GTS,Trường Đại Học Giao Thông Vận Tải TPHCM,7520320,Kỹ thuật môi trường (chuyên ngành Kỹ thuật môi trường; Quản lý an toàn và môi trường),B00,2025,0.0,,THPT
GTS,Trường Đại Học Giao Thông Vận Tải TPHCM,7520320,Kỹ thuật môi trường (chuyên ngành Kỹ thuật môi trường; Quản lý an toàn và môi trường),D01,2025,0.0,,THPT
GTS,Trường Đại Học Giao Thông Vận Tải TPHCM,7520320,Kỹ thuật môi trường (chuyên ngành Kỹ thuật môi trường; Quản lý an toàn và môi trường),D07,2025,0.0,,THPT
GTS,Trường Đại Học Giao Thông Vận Tải TPHCM,7520320,Kỹ thuật môi trường (chuyên ngành Kỹ thuật môi trường; Quản lý an toàn và môi trường),D09,2025,0.0,,THPT
GTS,Trường Đại Học Giao Thông Vận Tải TPHCM,7520320A,Logistics xanh và phát triển bền vững – chương trình tiên tiến,A00,2025,0.0,,THPT
GTS,Trường Đại Học Giao Thông Vận Tải TPHCM,7520320A,Logistics xanh và phát triển bền vững – chương trình tiên tiến,A01,2025,0.0,,THPT
GTS,Trường Đại Học Giao Thông Vận Tải TPHCM,7520320A,Logistics xanh và phát triển bền vững – chương trình tiên tiến,B00,2025,0.0,,THPT
GTS,Trường Đại Học Giao Thông Vận Tải TPHCM,7520320A,Logistics xanh và phát triển bền vững – chương trình tiên tiến,D01,2025,0.0,,THPT
GTS,Trường Đại Học Giao Thông Vận Tải TPHCM,7520320A,Logistics xanh và phát triển bền vững – chương trình tiên tiến,D07,2025,0.0,,THPT
GTS,Trường Đại Học Giao Thông Vận Tải TPHCM,7520320A,Logistics xanh và phát triển bền vững – chương trình tiên tiến,D09,2025,0.0,,THPT
GTS,Trường Đại Học Giao Thông Vận Tải TPHCM,758020101,Kỹ thuật xây dựng (chuyên ngành Xây dựng dân dụng và công nghiệp),A00,2025,0.0,,THPT
GTS,Trường Đại Học Giao Thông Vận Tải TPHCM,758020101,Kỹ thuật xây dựng (chuyên ngành Xây dựng dân dụng và công nghiệp),A01,2025,0.0,,THPT
GTS,Trường Đại Học Giao Thông Vận Tải TPHCM,758020101,Kỹ thuật xây dựng (chuyên ngành Xây dựng dân dụng và công nghiệp),B00,2025,0.0,,THPT
GTS,Trường Đại Học Giao Thông Vận Tải TPHCM,758020101,Kỹ thuật xây dựng (chuyên ngành Xây dựng dân dụng và công nghiệp),D01,2025,0.0,,THPT
GTS,Trường Đại Học Giao Thông Vận Tải TPHCM,758020101,Kỹ thuật xây dựng (chuyên ngành Xây dựng dân dụng và công nghiệp),D07,2025,0.0,,THPT
GTS,Trường Đại Học Giao Thông Vận Tải TPHCM,758020101,Kỹ thuật xây dựng (chuyên ngành Xây dựng dân dụng và công nghiệp),D09,2025,0.0,,THPT
GTS,Trường Đại Học Giao Thông Vận Tải TPHCM,758020105A,Kỹ thuật xây dựng (chuyên ngành Thiết kế nội thất) – chương trình tiên tiến,A00,2025,0.0,,THPT
GTS,Trường Đại Học Giao Thông Vận Tải TPHCM,758020105A,Kỹ thuật xây dựng (chuyên ngành Thiết kế nội thất) – chương trình tiên tiến,A01,2025,0.0,,THPT
GTS,Trường Đại Học Giao Thông Vận Tải TPHCM,758020105A,Kỹ thuật xây dựng (chuyên ngành Thiết kế nội thất) – chương trình tiên tiến,B00,2025,0.0,,THPT
GTS,Trường Đại Học Giao Thông Vận Tải TPHCM,758020105A,Kỹ thuật xây dựng (chuyên ngành Thiết kế nội thất) – chương trình tiên tiến,D01,2025,0.0,,THPT
GTS,Trường Đại Học Giao Thông Vận Tải TPHCM,758020105A,Kỹ thuật xây dựng (chuyên ngành Thiết kế nội thất) – chương trình tiên tiến,D07,2025,0.0,,THPT
GTS,Trường Đại Học Giao Thông Vận Tải TPHCM,758020105A,Kỹ thuật xây dựng (chuyên ngành Thiết kế nội thất) – chương trình tiên tiến,D09,2025,0.0,,THPT
GTS,Trường Đại Học Giao Thông Vận Tải TPHCM,758020106,Kỹ thuật xây dựng (chuyên ngành Kỹ thuật xây dựng dân dụng Ứng dụng công nghệ số),A00,2025,0.0,,THPT
GTS,Trường Đại Học Giao Thông Vận Tải TPHCM,758020106,Kỹ thuật xây dựng (chuyên ngành Kỹ thuật xây dựng dân dụng Ứng dụng công nghệ số),A01,2025,0.0,,THPT
GTS,Trường Đại Học Giao Thông Vận Tải TPHCM,758020106,Kỹ thuật xây dựng (chuyên ngành Kỹ thuật xây dựng dân dụng Ứng dụng công nghệ số),B00,2025,0.0,,THPT
GTS,Trường Đại Học Giao Thông Vận Tải TPHCM,758020106,Kỹ thuật xây dựng (chuyên ngành Kỹ thuật xây dựng dân dụng Ứng dụng công nghệ số),D01,2025,0.0,,THPT
GTS,Trường Đại Học Giao Thông Vận Tải TPHCM,758020106,Kỹ thuật xây dựng (chuyên ngành Kỹ thuật xây dựng dân dụng Ứng dụng công nghệ số),D07,2025,0.0,,THPT
GTS,Trường Đại Học Giao Thông Vận Tải TPHCM,758020106,Kỹ thuật xây dựng (chuyên ngành Kỹ thuật xây dựng dân dụng Ứng dụng công nghệ số),D09,2025,0.0,,THPT
GTS,Trường Đại Học Giao Thông Vận Tải TPHCM,7580201I,Nhóm ngành liên quan đường sắt tốc độ cao và đường sắt đô thị (Kỹ thuật; Công nghệ kỹ thuật; Kiến trúc và Xây dựng),A00,2025,0.0,,THPT
GTS,Trường Đại Học Giao Thông Vận Tải TPHCM,7580201I,Nhóm ngành liên quan đường sắt tốc độ cao và đường sắt đô thị (Kỹ thuật; Công nghệ kỹ thuật; Kiến trúc và Xây dựng),A01,2025,0.0,,THPT
GTS,Trường Đại Học Giao Thông Vận Tải TPHCM,7580201I,Nhóm ngành liên quan đường sắt tốc độ cao và đường sắt đô thị (Kỹ thuật; Công nghệ kỹ thuật; Kiến trúc và Xây dựng),B00,2025,0.0,,THPT
GTS,Trường Đại Học Giao Thông Vận Tải TPHCM,7580201I,Nhóm ngành liên quan đường sắt tốc độ cao và đường sắt đô thị (Kỹ thuật; Công nghệ kỹ thuật; Kiến trúc và Xây dựng),D01,2025,0.0,,THPT
GTS,Trường Đại Học Giao Thông Vận Tải TPHCM,7580201I,Nhóm ngành liên quan đường sắt tốc độ cao và đường sắt đô thị (Kỹ thuật; Công nghệ kỹ thuật; Kiến trúc và Xây dựng),D07,2025,0.0,,THPT
GTS,Trường Đại Học Giao Thông Vận Tải TPHCM,7580201I,Nhóm ngành liên quan đường sắt tốc độ cao và đường sắt đô thị (Kỹ thuật; Công nghệ kỹ thuật; Kiến trúc và Xây dựng),D09,2025,0.0,,THPT
GTS,Trường Đại Học Giao Thông Vận Tải TPHCM,7580202,Kỹ thuật xây dựng công trình thủy (chuyên ngành Xây dựng và quản lý cảng - công trình giao thông thủy),A00,2025,0.0,,THPT
GTS,Trường Đại Học Giao Thông Vận Tải TPHCM,7580202,Kỹ thuật xây dựng công trình thủy (chuyên ngành Xây dựng và quản lý cảng - công trình giao thông thủy),A01,2025,0.0,,THPT
GTS,Trường Đại Học Giao Thông Vận Tải TPHCM,7580202,Kỹ thuật xây dựng công trình thủy (chuyên ngành Xây dựng và quản lý cảng - công trình giao thông thủy),B00,2025,0.0,,THPT
GTS,Trường Đại Học Giao Thông Vận Tải TPHCM,7580202,Kỹ thuật xây dựng công trình thủy (chuyên ngành Xây dựng và quản lý cảng - công trình giao thông thủy),D01,2025,0.0,,THPT
GTS,Trường Đại Học Giao Thông Vận Tải TPHCM,7580202,Kỹ thuật xây dựng công trình thủy (chuyên ngành Xây dựng và quản lý cảng - công trình giao thông thủy),D07,2025,0.0,,THPT
GTS,Trường Đại Học Giao Thông Vận Tải TPHCM,7580202,Kỹ thuật xây dựng công trình thủy (chuyên ngành Xây dựng và quản lý cảng - công trình giao thông thủy),D09,2025,0.0,,THPT
GTS,Trường Đại Học Giao Thông Vận Tải TPHCM,7580205,Kỹ thuật xây dựng công trình giao thông (chuyên ngành Xây dựng cầu đường; Xây dựng đường bộ; Xây dựng công trình giao thông đô thị),A00,2025,0.0,,THPT
GTS,Trường Đại Học Giao Thông Vận Tải TPHCM,7580205,Kỹ thuật xây dựng công trình giao thông (chuyên ngành Xây dựng cầu đường; Xây dựng đường bộ; Xây dựng công trình giao thông đô thị),A01,2025,0.0,,THPT
GTS,Trường Đại Học Giao Thông Vận Tải TPHCM,7580205,Kỹ thuật xây dựng công trình giao thông (chuyên ngành Xây dựng cầu đường; Xây dựng đường bộ; Xây dựng công trình giao thông đô thị),B00,2025,0.0,,THPT
GTS,Trường Đại Học Giao Thông Vận Tải TPHCM,7580205,Kỹ thuật xây dựng công trình giao thông (chuyên ngành Xây dựng cầu đường; Xây dựng đường bộ; Xây dựng công trình giao thông đô thị),D01,2025,0.0,,THPT
GTS,Trường Đại Học Giao Thông Vận Tải TPHCM,7580205,Kỹ thuật xây dựng công trình giao thông (chuyên ngành Xây dựng cầu đường; Xây dựng đường bộ; Xây dựng công trình giao thông đô thị),D07,2025,0.0,,THPT
GTS,Trường Đại Học Giao Thông Vận Tải TPHCM,7580205,Kỹ thuật xây dựng công trình giao thông (chuyên ngành Xây dựng cầu đường; Xây dựng đường bộ; Xây dựng công trình giao thông đô thị),D09,2025,0.0,,THPT
GTS,Trường Đại Học Giao Thông Vận Tải TPHCM,758020512,Kỹ thuật xây dựng công trình giao thông (chuyên ngành Xây dựng đường sắt tốc độ cao và đường sắt đô thị),A00,2025,0.0,,THPT
GTS,Trường Đại Học Giao Thông Vận Tải TPHCM,758020512,Kỹ thuật xây dựng công trình giao thông (chuyên ngành Xây dựng đường sắt tốc độ cao và đường sắt đô thị),A01,2025,0.0,,THPT
GTS,Trường Đại Học Giao Thông Vận Tải TPHCM,758020512,Kỹ thuật xây dựng công trình giao thông (chuyên ngành Xây dựng đường sắt tốc độ cao và đường sắt đô thị),B00,2025,0.0,,THPT
GTS,Trường Đại Học Giao Thông Vận Tải TPHCM,758020512,Kỹ thuật xây dựng công trình giao thông (chuyên ngành Xây dựng đường sắt tốc độ cao và đường sắt đô thị),D01,2025,0.0,,THPT
GTS,Trường Đại Học Giao Thông Vận Tải TPHCM,758020512,Kỹ thuật xây dựng công trình giao thông (chuyên ngành Xây dựng đường sắt tốc độ cao và đường sắt đô thị),D07,2025,0.0,,THPT
GTS,Trường Đại Học Giao Thông Vận Tải TPHCM,758020512,Kỹ thuật xây dựng công trình giao thông (chuyên ngành Xây dựng đường sắt tốc độ cao và đường sắt đô thị),D09,2025,0.0,,THPT
GTS,Trường Đại Học Giao Thông Vận Tải TPHCM,758030101A,Kinh tế xây dựng (chuyên ngành Kinh tế xây dựng) - chương trình tiên tiến,A00,2025,0.0,,THPT
GTS,Trường Đại Học Giao Thông Vận Tải TPHCM,758030101A,Kinh tế xây dựng (chuyên ngành Kinh tế xây dựng) - chương trình tiên tiến,A01,2025,0.0,,THPT
GTS,Trường Đại Học Giao Thông Vận Tải TPHCM,758030101A,Kinh tế xây dựng (chuyên ngành Kinh tế xây dựng) - chương trình tiên tiến,B00,2025,0.0,,THPT
GTS,Trường Đại Học Giao Thông Vận Tải TPHCM,758030101A,Kinh tế xây dựng (chuyên ngành Kinh tế xây dựng) - chương trình tiên tiến,D01,2025,0.0,,THPT
GTS,Trường Đại Học Giao Thông Vận Tải TPHCM,758030101A,Kinh tế xây dựng (chuyên ngành Kinh tế xây dựng) - chương trình tiên tiến,D07,2025,0.0,,THPT
GTS,Trường Đại Học Giao Thông Vận Tải TPHCM,758030101A,Kinh tế xây dựng (chuyên ngành Kinh tế xây dựng) - chương trình tiên tiến,D09,2025,0.0,,THPT
GTS,Trường Đại Học Giao Thông Vận Tải TPHCM,758030103A,Kinh tế xây dựng (chuyên ngành Kinh tế và quản lý bất động sản) - chương trình tiên tiến,A00,2025,0.0,,THPT
GTS,Trường Đại Học Giao Thông Vận Tải TPHCM,758030103A,Kinh tế xây dựng (chuyên ngành Kinh tế và quản lý bất động sản) - chương trình tiên tiến,A01,2025,0.0,,THPT
GTS,Trường Đại Học Giao Thông Vận Tải TPHCM,758030103A,Kinh tế xây dựng (chuyên ngành Kinh tế và quản lý bất động sản) - chương trình tiên tiến,B00,2025,0.0,,THPT
GTS,Trường Đại Học Giao Thông Vận Tải TPHCM,758030103A,Kinh tế xây dựng (chuyên ngành Kinh tế và quản lý bất động sản) - chương trình tiên tiến,D01,2025,0.0,,THPT
GTS,Trường Đại Học Giao Thông Vận Tải TPHCM,758030103A,Kinh tế xây dựng (chuyên ngành Kinh tế và quản lý bất động sản) - chương trình tiên tiến,D07,2025,0.0,,THPT
GTS,Trường Đại Học Giao Thông Vận Tải TPHCM,758030103A,Kinh tế xây dựng (chuyên ngành Kinh tế và quản lý bất động sản) - chương trình tiên tiến,D09,2025,0.0,,THPT
GTS,Trường Đại Học Giao Thông Vận Tải TPHCM,7580302A,Quản lý xây dựng - chương trình tiên tiến,A00,2025,0.0,,THPT
GTS,Trường Đại Học Giao Thông Vận Tải TPHCM,7580302A,Quản lý xây dựng - chương trình tiên tiến,A01,2025,0.0,,THPT
GTS,Trường Đại Học Giao Thông Vận Tải TPHCM,7580302A,Quản lý xây dựng - chương trình tiên tiến,B00,2025,0.0,,THPT
GTS,Trường Đại Học Giao Thông Vận Tải TPHCM,7580302A,Quản lý xây dựng - chương trình tiên tiến,D01,2025,0.0,,THPT
GTS,Trường Đại Học Giao Thông Vận Tải TPHCM,7580302A,Quản lý xây dựng - chương trình tiên tiến,D07,2025,0.0,,THPT
GTS,Trường Đại Học Giao Thông Vận Tải TPHCM,7580302A,Quản lý xây dựng - chương trình tiên tiến,D09,2025,0.0,,THPT
GTS,Trường Đại Học Giao Thông Vận Tải TPHCM,784010101A,Khai thác vận tải (chuyên ngành Quản trị logistics và vận tải đa phương thức) - chương trình tiên tiến,A00,2025,0.0,,THPT
GTS,Trường Đại Học Giao Thông Vận Tải TPHCM,784010101A,Khai thác vận tải (chuyên ngành Quản trị logistics và vận tải đa phương thức) - chương trình tiên tiến,A01,2025,0.0,,THPT
GTS,Trường Đại Học Giao Thông Vận Tải TPHCM,784010101A,Khai thác vận tải (chuyên ngành Quản trị logistics và vận tải đa phương thức) - chương trình tiên tiến,B00,2025,0.0,,THPT
GTS,Trường Đại Học Giao Thông Vận Tải TPHCM,784010101A,Khai thác vận tải (chuyên ngành Quản trị logistics và vận tải đa phương thức) - chương trình tiên tiến,D01,2025,0.0,,THPT
GTS,Trường Đại Học Giao Thông Vận Tải TPHCM,784010101A,Khai thác vận tải (chuyên ngành Quản trị logistics và vận tải đa phương thức) - chương trình tiên tiến,D07,2025,0.0,,THPT
GTS,Trường Đại Học Giao Thông Vận Tải TPHCM,784010101A,Khai thác vận tải (chuyên ngành Quản trị logistics và vận tải đa phương thức) - chương trình tiên tiến,D09,2025,0.0,,THPT
GTS,Trường Đại Học Giao Thông Vận Tải TPHCM,784010102A,Khai thác vận tải (chuyên ngành Quản lý và kinh doanh vận tải) - chương trình tiên tiến,A00,2025,0.0,,THPT
GTS,Trường Đại Học Giao Thông Vận Tải TPHCM,784010102A,Khai thác vận tải (chuyên ngành Quản lý và kinh doanh vận tải) - chương trình tiên tiến,A01,2025,0.0,,THPT
GTS,Trường Đại Học Giao Thông Vận Tải TPHCM,784010102A,Khai thác vận tải (chuyên ngành Quản lý và kinh doanh vận tải) - chương trình tiên tiến,B00,2025,0.0,,THPT
GTS,Trường Đại Học Giao Thông Vận Tải TPHCM,784010102A,Khai thác vận tải (chuyên ngành Quản lý và kinh doanh vận tải) - chương trình tiên tiến,D01,2025,0.0,,THPT
GTS,Trường Đại Học Giao Thông Vận Tải TPHCM,784010102A,Khai thác vận tải (chuyên ngành Quản lý và kinh doanh vận tải) - chương trình tiên tiến,D07,2025,0.0,,THPT
GTS,Trường Đại Học Giao Thông Vận Tải TPHCM,784010102A,Khai thác vận tải (chuyên ngành Quản lý và kinh doanh vận tải) - chương trình tiên tiến,D09,2025,0.0,,THPT
GTS,Trường Đại Học Giao Thông Vận Tải TPHCM,784010104A,Khai thác vận tải (chuyên ngành Khai thác đường sắt tốc độ cao) - chương trình tiên tiến,A00,2025,0.0,,THPT
GTS,Trường Đại Học Giao Thông Vận Tải TPHCM,784010104A,Khai thác vận tải (chuyên ngành Khai thác đường sắt tốc độ cao) - chương trình tiên tiến,A01,2025,0.0,,THPT
GTS,Trường Đại Học Giao Thông Vận Tải TPHCM,784010104A,Khai thác vận tải (chuyên ngành Khai thác đường sắt tốc độ cao) - chương trình tiên tiến,B00,2025,0.0,,THPT
GTS,Trường Đại Học Giao Thông Vận Tải TPHCM,784010104A,Khai thác vận tải (chuyên ngành Khai thác đường sắt tốc độ cao) - chương trình tiên tiến,D01,2025,0.0,,THPT
GTS,Trường Đại Học Giao Thông Vận Tải TPHCM,784010104A,Khai thác vận tải (chuyên ngành Khai thác đường sắt tốc độ cao) - chương trình tiên tiến,D07,2025,0.0,,THPT
GTS,Trường Đại Học Giao Thông Vận Tải TPHCM,784010104A,Khai thác vận tải (chuyên ngành Khai thác đường sắt tốc độ cao) - chương trình tiên tiến,D09,2025,0.0,,THPT
GTS,Trường Đại Học Giao Thông Vận Tải TPHCM,7840101I,Nhóm ngành liên quan đường sắt tốc độ cao và đường sắt đô thị (Kinh tế; Quản lý; vận hành và khai thác),A00,2025,0.0,,THPT
GTS,Trường Đại Học Giao Thông Vận Tải TPHCM,7840101I,Nhóm ngành liên quan đường sắt tốc độ cao và đường sắt đô thị (Kinh tế; Quản lý; vận hành và khai thác),A01,2025,0.0,,THPT
GTS,Trường Đại Học Giao Thông Vận Tải TPHCM,7840101I,Nhóm ngành liên quan đường sắt tốc độ cao và đường sắt đô thị (Kinh tế; Quản lý; vận hành và khai thác),B00,2025,0.0,,THPT
GTS,Trường Đại Học Giao Thông Vận Tải TPHCM,7840101I,Nhóm ngành liên quan đường sắt tốc độ cao và đường sắt đô thị (Kinh tế; Quản lý; vận hành và khai thác),D01,2025,0.0,,THPT
GTS,Trường Đại Học Giao Thông Vận Tải TPHCM,7840101I,Nhóm ngành liên quan đường sắt tốc độ cao và đường sắt đô thị (Kinh tế; Quản lý; vận hành và khai thác),D07,2025,0.0,,THPT
GTS,Trường Đại Học Giao Thông Vận Tải TPHCM,7840101I,Nhóm ngành liên quan đường sắt tốc độ cao và đường sắt đô thị (Kinh tế; Quản lý; vận hành và khai thác),D09,2025,0.0,,THPT
GTS,Trường Đại Học Giao Thông Vận Tải TPHCM,784010403A,Kinh tế vận tải (chuyên ngành Kinh tế hàng hải và đường thủy) - chương trình tiên tiến,A00,2025,0.0,,THPT
GTS,Trường Đại Học Giao Thông Vận Tải TPHCM,784010403A,Kinh tế vận tải (chuyên ngành Kinh tế hàng hải và đường thủy) - chương trình tiên tiến,A01,2025,0.0,,THPT
GTS,Trường Đại Học Giao Thông Vận Tải TPHCM,784010403A,Kinh tế vận tải (chuyên ngành Kinh tế hàng hải và đường thủy) - chương trình tiên tiến,B00,2025,0.0,,THPT
GTS,Trường Đại Học Giao Thông Vận Tải TPHCM,784010403A,Kinh tế vận tải (chuyên ngành Kinh tế hàng hải và đường thủy) - chương trình tiên tiến,D01,2025,0.0,,THPT
GTS,Trường Đại Học Giao Thông Vận Tải TPHCM,784010403A,Kinh tế vận tải (chuyên ngành Kinh tế hàng hải và đường thủy) - chương trình tiên tiến,D07,2025,0.0,,THPT
GTS,Trường Đại Học Giao Thông Vận Tải TPHCM,784010403A,Kinh tế vận tải (chuyên ngành Kinh tế hàng hải và đường thủy) - chương trình tiên tiến,D09,2025,0.0,,THPT
GTS,Trường Đại Học Giao Thông Vận Tải TPHCM,784010404A,Kinh tế vận tải (chuyên ngành Kinh tế hàng không) - chương trình tiên tiến,A00,2025,0.0,,THPT
GTS,Trường Đại Học Giao Thông Vận Tải TPHCM,784010404A,Kinh tế vận tải (chuyên ngành Kinh tế hàng không) - chương trình tiên tiến,A01,2025,0.0,,THPT
GTS,Trường Đại Học Giao Thông Vận Tải TPHCM,784010404A,Kinh tế vận tải (chuyên ngành Kinh tế hàng không) - chương trình tiên tiến,B00,2025,0.0,,THPT
GTS,Trường Đại Học Giao Thông Vận Tải TPHCM,784010404A,Kinh tế vận tải (chuyên ngành Kinh tế hàng không) - chương trình tiên tiến,D01,2025,0.0,,THPT
GTS,Trường Đại Học Giao Thông Vận Tải TPHCM,784010404A,Kinh tế vận tải (chuyên ngành Kinh tế hàng không) - chương trình tiên tiến,D07,2025,0.0,,THPT
GTS,Trường Đại Học Giao Thông Vận Tải TPHCM,784010404A,Kinh tế vận tải (chuyên ngành Kinh tế hàng không) - chương trình tiên tiến,D09,2025,0.0,,THPT
GTS,Trường Đại Học Giao Thông Vận Tải TPHCM,7840106,"Khoa học hàng hải (chuyên ngành Kỹ thuật điện, điện tử và điều khiển; Cơ điện tử)",A00,2025,0.0,,THPT
GTS,Trường Đại Học Giao Thông Vận Tải TPHCM,7840106,"Khoa học hàng hải (chuyên ngành Kỹ thuật điện, điện tử và điều khiển; Cơ điện tử)",A01,2025,0.0,,THPT
GTS,Trường Đại Học Giao Thông Vận Tải TPHCM,7840106,"Khoa học hàng hải (chuyên ngành Kỹ thuật điện, điện tử và điều khiển; Cơ điện tử)",B00,2025,0.0,,THPT
GTS,Trường Đại Học Giao Thông Vận Tải TPHCM,7840106,"Khoa học hàng hải (chuyên ngành Kỹ thuật điện, điện tử và điều khiển; Cơ điện tử)",D01,2025,0.0,,THPT
GTS,Trường Đại Học Giao Thông Vận Tải TPHCM,7840106,"Khoa học hàng hải (chuyên ngành Kỹ thuật điện, điện tử và điều khiển; Cơ điện tử)",D07,2025,0.0,,THPT
GTS,Trường Đại Học Giao Thông Vận Tải TPHCM,7840106,"Khoa học hàng hải (chuyên ngành Kỹ thuật điện, điện tử và điều khiển; Cơ điện tử)",D09,2025,0.0,,THPT
GTS,Trường Đại Học Giao Thông Vận Tải TPHCM,784010606,Khoa học hàng hải (chuyên ngành Điều khiển và quản lý tàu biển),A00,2025,0.0,,THPT
GTS,Trường Đại Học Giao Thông Vận Tải TPHCM,784010606,Khoa học hàng hải (chuyên ngành Điều khiển và quản lý tàu biển),A01,2025,0.0,,THPT
GTS,Trường Đại Học Giao Thông Vận Tải TPHCM,784010606,Khoa học hàng hải (chuyên ngành Điều khiển và quản lý tàu biển),B00,2025,0.0,,THPT
GTS,Trường Đại Học Giao Thông Vận Tải TPHCM,784010606,Khoa học hàng hải (chuyên ngành Điều khiển và quản lý tàu biển),D01,2025,0.0,,THPT
GTS,Trường Đại Học Giao Thông Vận Tải TPHCM,784010606,Khoa học hàng hải (chuyên ngành Điều khiển và quản lý tàu biển),D07,2025,0.0,,THPT
GTS,Trường Đại Học Giao Thông Vận Tải TPHCM,784010606,Khoa học hàng hải (chuyên ngành Điều khiển và quản lý tàu biển),D09,2025,0.0,,THPT
GTS,Trường Đại Học Giao Thông Vận Tải TPHCM,784010607,Khoa học hàng hải (chuyên ngành Khai thác máy tàu thủy và quản lý kỹ thuật),A00,2025,0.0,,THPT
GTS,Trường Đại Học Giao Thông Vận Tải TPHCM,784010607,Khoa học hàng hải (chuyên ngành Khai thác máy tàu thủy và quản lý kỹ thuật),A01,2025,0.0,,THPT
GTS,Trường Đại Học Giao Thông Vận Tải TPHCM,784010607,Khoa học hàng hải (chuyên ngành Khai thác máy tàu thủy và quản lý kỹ thuật),B00,2025,0.0,,THPT
GTS,Trường Đại Học Giao Thông Vận Tải TPHCM,784010607,Khoa học hàng hải (chuyên ngành Khai thác máy tàu thủy và quản lý kỹ thuật),D01,2025,0.0,,THPT
GTS,Trường Đại Học Giao Thông Vận Tải TPHCM,784010607,Khoa học hàng hải (chuyên ngành Khai thác máy tàu thủy và quản lý kỹ thuật),D07,2025,0.0,,THPT
GTS,Trường Đại Học Giao Thông Vận Tải TPHCM,784010607,Khoa học hàng hải (chuyên ngành Khai thác máy tàu thủy và quản lý kỹ thuật),D09,2025,0.0,,THPT
GTS,Trường Đại Học Giao Thông Vận Tải TPHCM,784010609A,Khoa học hàng hải (chuyên ngành Quản lý cảng và logistics) - chương trình tiên tiến,A00,2025,0.0,,THPT
GTS,Trường Đại Học Giao Thông Vận Tải TPHCM,784010609A,Khoa học hàng hải (chuyên ngành Quản lý cảng và logistics) - chương trình tiên tiến,A01,2025,0.0,,THPT
GTS,Trường Đại Học Giao Thông Vận Tải TPHCM,784010609A,Khoa học hàng hải (chuyên ngành Quản lý cảng và logistics) - chương trình tiên tiến,B00,2025,0.0,,THPT
GTS,Trường Đại Học Giao Thông Vận Tải TPHCM,784010609A,Khoa học hàng hải (chuyên ngành Quản lý cảng và logistics) - chương trình tiên tiến,D01,2025,0.0,,THPT
GTS,Trường Đại Học Giao Thông Vận Tải TPHCM,784010609A,Khoa học hàng hải (chuyên ngành Quản lý cảng và logistics) - chương trình tiên tiến,D07,2025,0.0,,THPT
GTS,Trường Đại Học Giao Thông Vận Tải TPHCM,784010609A,Khoa học hàng hải (chuyên ngành Quản lý cảng và logistics) - chương trình tiên tiến,D09,2025,0.0,,THPT
GTS,Trường Đại Học Giao Thông Vận Tải TPHCM,784010613A,Khoa học hàng hải (chuyên ngành Quản lý hàng hải và đường thủy) - chương trình tiên tiến,A00,2025,0.0,,THPT
GTS,Trường Đại Học Giao Thông Vận Tải TPHCM,784010613A,Khoa học hàng hải (chuyên ngành Quản lý hàng hải và đường thủy) - chương trình tiên tiến,A01,2025,0.0,,THPT
GTS,Trường Đại Học Giao Thông Vận Tải TPHCM,784010613A,Khoa học hàng hải (chuyên ngành Quản lý hàng hải và đường thủy) - chương trình tiên tiến,B00,2025,0.0,,THPT
GTS,Trường Đại Học Giao Thông Vận Tải TPHCM,784010613A,Khoa học hàng hải (chuyên ngành Quản lý hàng hải và đường thủy) - chương trình tiên tiến,D01,2025,0.0,,THPT
GTS,Trường Đại Học Giao Thông Vận Tải TPHCM,784010613A,Khoa học hàng hải (chuyên ngành Quản lý hàng hải và đường thủy) - chương trình tiên tiến,D07,2025,0.0,,THPT
GTS,Trường Đại Học Giao Thông Vận Tải TPHCM,784010613A,Khoa học hàng hải (chuyên ngành Quản lý hàng hải và đường thủy) - chương trình tiên tiến,D09,2025,0.0,,THPT
GTS,Trường Đại Học Giao Thông Vận Tải TPHCM,7840201L,Nhóm ngành tuyển chung (dành cho đối tượng chưa xác định được ngành học) – Chương trình tiên tiến,A00,2025,0.0,,THPT
GTS,Trường Đại Học Giao Thông Vận Tải TPHCM,7840201L,Nhóm ngành tuyển chung (dành cho đối tượng chưa xác định được ngành học) – Chương trình tiên tiến,A01,2025,0.0,,THPT
GTS,Trường Đại Học Giao Thông Vận Tải TPHCM,7840201L,Nhóm ngành tuyển chung (dành cho đối tượng chưa xác định được ngành học) – Chương trình tiên tiến,B00,2025,0.0,,THPT
GTS,Trường Đại Học Giao Thông Vận Tải TPHCM,7840201L,Nhóm ngành tuyển chung (dành cho đối tượng chưa xác định được ngành học) – Chương trình tiên tiến,D01,2025,0.0,,THPT
GTS,Trường Đại Học Giao Thông Vận Tải TPHCM,7840201L,Nhóm ngành tuyển chung (dành cho đối tượng chưa xác định được ngành học) – Chương trình tiên tiến,D07,2025,0.0,,THPT
GTS,Trường Đại Học Giao Thông Vận Tải TPHCM,7840201L,Nhóm ngành tuyển chung (dành cho đối tượng chưa xác định được ngành học) – Chương trình tiên tiến,D09,2025,0.0,,THPT
HBT,Học viện Báo chí và Tuyên truyền,527,"Kinh tế, chuyên ngành Quản lý kinh tế",D01,2025,25.08,,THPT
HBT,Học viện Báo chí và Tuyên truyền,527,"Ngành Kinh tế, chuyên ngành Quản lý kinh tế",D01,2025,24.58,,THPT
HBT,Học viện Báo chí và Tuyên truyền,527,"Kinh tế, chuyên ngành Quản lý kinh tế",D01,2025,25.08,,THPT
HBT,Học viện Báo chí và Tuyên truyền,530,"Chính trị học, chuyên ngành Công tác tư tưởng - văn hóa",D01,2025,23.48,,THPT
HBT,Học viện Báo chí và Tuyên truyền,530,"Ngành Chính trị học, chuyên ngành Quản lý hoạt động tư tưởng - văn hóa",D01,2025,22.98,,THPT
HBT,Học viện Báo chí và Tuyên truyền,530,"Chính trị học, chuyên ngành Công tác tư tưởng - văn hóa",D01,2025,23.48,,THPT
HBT,Học viện Báo chí và Tuyên truyền,531,"Chính trị học, chuyên ngành Chính trị phát triển",D01,2025,23.57,,THPT
HBT,Học viện Báo chí và Tuyên truyền,531,"Ngành Chính trị học, chuyên ngành Chính trị học phát triển",D01,2025,23.07,,THPT
HBT,Học viện Báo chí và Tuyên truyền,531,"Chính trị học, chuyên ngành Chính trị phát triển",D01,2025,23.57,,THPT
HBT,Học viện Báo chí và Tuyên truyền,532,"Ngành Chính trị học, chuyên ngành Quản lý xã hội",D01,2025,23.75,,THPT
HBT,Học viện Báo chí và Tuyên truyền,533,"Chính trị học, chuyên ngành Tư tưởng Hồ Chí Minh",D01,2025,23.67,,THPT
HBT,Học viện Báo chí và Tuyên truyền,533,"Ngành Chính trị học, chuyên ngành Tư tưởng Hồ Chí Minh",D01,2025,23.17,,THPT
HBT,Học viện Báo chí và Tuyên truyền,533,"Chính trị học, chuyên ngành Tư tưởng Hồ Chí Minh",D01,2025,23.67,,THPT
HBT,Học viện Báo chí và Tuyên truyền,538,"Chính trị học, chuyên ngành Truyền thông chính sách",D01,2025,24.6,,THPT
HBT,Học viện Báo chí và Tuyên truyền,538,"Ngành Chính trị học, chuyên ngành Truyền thông chính sách",D01,2025,24.1,,THPT
HBT,Học viện Báo chí và Tuyên truyền,538,"Chính trị học, chuyên ngành Truyền thông chính sách",D01,2025,24.6,,THPT
HBT,Học viện Báo chí và Tuyên truyền,602,Báo in,D01,2025,33.82,,THPT
HBT,Học viện Báo chí và Tuyên truyền,602,"Báo chí, chuyên ngành Báo in",D01,2025,34.32,,THPT
HBT,Học viện Báo chí và Tuyên truyền,603,"Ngành Báo chí, chuyên ngành Ảnh báo chí",D01,2025,34.08,,THPT
HBT,Học viện Báo chí và Tuyên truyền,603,"Báo chí, chuyên ngành Ảnh báo chí",D01,2025,34.58,,THPT
HBT,Học viện Báo chí và Tuyên truyền,604,Báo phát thanh,D01,2025,34.3,,THPT
HBT,Học viện Báo chí và Tuyên truyền,604,"Báo chí, chuyên ngành Báo phát thanh",D01,2025,34.8,,THPT
HBT,Học viện Báo chí và Tuyên truyền,605,Báo truyền hình,D01,2025,34.96,,THPT
HBT,Học viện Báo chí và Tuyên truyền,605,"Báo chí, chuyên ngành Báo truyền hình",D01,2025,35.46,,THPT
HBT,Học viện Báo chí và Tuyên truyền,606,"Ngành Báo chí, chuyên ngành Quay phim truyền hình",D01,2025,33.64,,THPT
HBT,Học viện Báo chí và Tuyên truyền,606,"Báo chí, chuyên ngành Quay phim truyền hình",D01,2025,34.14,,THPT
HBT,Học viện Báo chí và Tuyên truyền,607,Báo mạng điện tử,D01,2025,34.57,,THPT
HBT,Học viện Báo chí và Tuyên truyền,607,"Báo chí, chuyên ngành Báo mạng điện tử",D01,2025,35.07,,THPT
HBT,Học viện Báo chí và Tuyên truyền,610,"Ngành Quan hệ quốc tế, chuyên ngành Thông tin đối ngoại",D01,2025,35.0,,THPT
HBT,Học viện Báo chí và Tuyên truyền,610,"Quan hệ quốc tế, chuyên ngành Thông tin đối ngoại",D01,2025,35.5,,THPT
HBT,Học viện Báo chí và Tuyên truyền,611,"Ngành Quan hệ quốc tế, chuyên ngành Quan hệ chính trị và truyền thông quốc tế",D01,2025,35.0,,THPT
HBT,Học viện Báo chí và Tuyên truyền,611,"Quan hệ quốc tế, chuyên ngành Quan hệ chính trị và Truyền thông quốc tế",D01,2025,35.5,,THPT
HBT,Học viện Báo chí và Tuyên truyền,614,"Ngành Quan hệ quốc tế, chuyên ngành Quan hệ quốc tế và truyền thông toàn cầu (chất lượng cao)",D01,2025,35.73,,THPT
HBT,Học viện Báo chí và Tuyên truyền,614,"Quan hệ quốc tế, chuyên ngành Quan hệ quốc tế và Truyền thông toàn cầu",D01,2025,36.23,,THPT
HBT,Học viện Báo chí và Tuyên truyền,615,"Ngành Quan hệ công chúng, chuyên ngành Quan hệ công chúng chuyên nghiệp",D01,2025,36.2,,THPT
HBT,Học viện Báo chí và Tuyên truyền,615,"Quan hệ công chúng, chuyên ngành Quan hệ công chúng chuyên nghiệp",D01,2025,36.7,,THPT
HBT,Học viện Báo chí và Tuyên truyền,616,"Ngành Quan hệ công chúng, chuyên ngành Truyền thông marketing (chất lượng cao)",D01,2025,36.5,,THPT
HBT,Học viện Báo chí và Tuyên truyền,616,"Quan hệ công chúng, chuyên ngành Truyền thông marketing",D01,2025,37.0,,THPT
HBT,Học viện Báo chí và Tuyên truyền,7220201,Ngôn ngữ Anh,D01,2025,35.25,,THPT
HBT,Học viện Báo chí và Tuyên truyền,7220201,Ngôn ngữ Anh,D01,2025,35.75,,THPT
HBT,Học viện Báo chí và Tuyên truyền,7229001,Triết học,D01,2025,23.61,,THPT
HBT,Học viện Báo chí và Tuyên truyền,7229001,Triết học,D01,2025,23.11,,THPT
HBT,Học viện Báo chí và Tuyên truyền,7229001,Triết học,D01,2025,23.61,,THPT
HBT,Học viện Báo chí và Tuyên truyền,7229008,Chủ nghĩa xã hội khoa học,D01,2025,23.46,,THPT
HBT,Học viện Báo chí và Tuyên truyền,7229008,Chủ nghĩa xã hội khoa học,D01,2025,22.96,,THPT
HBT,Học viện Báo chí và Tuyên truyền,7229008,Chủ nghĩa xã hội khoa học,D01,2025,23.46,,THPT
HBT,Học viện Báo chí và Tuyên truyền,7310102,Kinh tế chính trị,D01,2025,24.82,,THPT
HBT,Học viện Báo chí và Tuyên truyền,7310102,Kinh tế chính trị,D01,2025,24.32,,THPT
HBT,Học viện Báo chí và Tuyên truyền,7310102,Kinh tế chính trị,D01,2025,24.82,,THPT
HBT,Học viện Báo chí và Tuyên truyền,7310202,Xây dựng Đảng và chính quyền nhà nước,D01,2025,23.68,,THPT
HBT,Học viện Báo chí và Tuyên truyền,7310202,Xây dựng Đảng và Chính quyền nhà nước,D01,2025,23.18,,THPT
HBT,Học viện Báo chí và Tuyên truyền,7310202,Xây dựng Đảng và chính quyền nhà nước,D01,2025,23.68,,THPT
HBT,Học viện Báo chí và Tuyên truyền,7310205,Quản lý nhà nước,D01,2025,24.25,,THPT
HBT,Học viện Báo chí và Tuyên truyền,7310205,Quản lý nhà nước,D01,2025,24.25,,THPT
HBT,Học viện Báo chí và Tuyên truyền,7310301,Xã hội học,D01,2025,24.94,,THPT
HBT,Học viện Báo chí và Tuyên truyền,7310301,Xã hội học,D01,2025,24.44,,THPT
HBT,Học viện Báo chí và Tuyên truyền,7310301,Xã hội học,D01,2025,24.94,,THPT
HBT,Học viện Báo chí và Tuyên truyền,7320104,Truyền thông đa phương tiện,D01,2025,36.5,,THPT
HBT,Học viện Báo chí và Tuyên truyền,7320104,Truyền thông đa phương tiện,D01,2025,37.0,,THPT
HBT,Học viện Báo chí và Tuyên truyền,7320105,Truyền thông đại chúng,D01,2025,35.74,,THPT
HBT,Học viện Báo chí và Tuyên truyền,7320105,Truyền thông đại chúng,D01,2025,36.24,,THPT
HBT,Học viện Báo chí và Tuyên truyền,7320107,Truyền thông quốc tế,D01,2025,36.0,,THPT
HBT,Học viện Báo chí và Tuyên truyền,7320107,Truyền thông quốc tế,D01,2025,36.5,,THPT
HBT,Học viện Báo chí và Tuyên truyền,7320110,Quảng cáo,D01,2025,35.5,,THPT
HBT,Học viện Báo chí và Tuyên truyền,7320110,Quảng cáo,D01,2025,36.0,,THPT
HBT,Học viện Báo chí và Tuyên truyền,7340403,Quản lý công,D01,2025,24.0,,THPT
HBT,Học viện Báo chí và Tuyên truyền,7340403,Quản lý công,D01,2025,23.5,,THPT
HBT,Học viện Báo chí và Tuyên truyền,7340403,Quản lý công,D01,2025,24.0,,THPT
HBT,Học viện Báo chí và Tuyên truyền,7760101,Công tác xã hội,D01,2025,24.7,,THPT
HBT,Học viện Báo chí và Tuyên truyền,7760101,Công tác xã hội,D01,2025,24.2,,THPT
HBT,Học viện Báo chí và Tuyên truyền,7760101,Công tác xã hội,D01,2025,24.7,,THPT
HBT,Học viện Báo chí và Tuyên truyền,801,"Ngành Xuất bản, chuyên ngành Biên tập xuất bản",D01,2025,33.83,,THPT
HBT,Học viện Báo chí và Tuyên truyền,801,"Xuất bản, chuyên ngành Biên tập xuất bản",D01,2025,34.33,,THPT
HBT,Học viện Báo chí và Tuyên truyền,802,"Ngành Xuất bản, chuyên ngành Xuất bản điện tử",D01,2025,33.69,,THPT
HBT,Học viện Báo chí và Tuyên truyền,802,"Xuất bản, chuyên ngành Xuất bản điện tử",D01,2025,34.19,,THPT
HCA,Học Viện Chính Trị Công An Nhân Dân,7310202_Nam_B,"Xây dựng Đảng và chính quyền nhà nước (Thí sinh Nam, miền Bắc)",A01,2025,22.51,,THPT
HCA,Học Viện Chính Trị Công An Nhân Dân,7310202_Nam_B,"Xây dựng Đảng và chính quyền nhà nước (Thí sinh Nam, miền Bắc)",C00,2025,22.51,,THPT
HCA,Học Viện Chính Trị Công An Nhân Dân,7310202_Nam_B,"Xây dựng Đảng và chính quyền nhà nước (Thí sinh Nam, miền Bắc)",D01,2025,22.51,,THPT
HCA,Học Viện Chính Trị Công An Nhân Dân,7310202_Nam_N,"Xây dựng Đảng và chính quyền nhà nước (Thí sinh Nam, miền Nam)",A01,2025,21.74,,THPT
HCA,Học Viện Chính Trị Công An Nhân Dân,7310202_Nam_N,"Xây dựng Đảng và chính quyền nhà nước (Thí sinh Nam, miền Nam)",C00,2025,21.74,,THPT
HCA,Học Viện Chính Trị Công An Nhân Dân,7310202_Nam_N,"Xây dựng Đảng và chính quyền nhà nước (Thí sinh Nam, miền Nam)",D01,2025,21.74,,THPT
HCA,Học Viện Chính Trị Công An Nhân Dân,7310202_Nu_B,"Xây dựng Đảng và chính quyền nhà nước (Thí sinh Nữ, miền Bắc)",A01,2025,25.21,,THPT
HCA,Học Viện Chính Trị Công An Nhân Dân,7310202_Nu_B,"Xây dựng Đảng và chính quyền nhà nước (Thí sinh Nữ, miền Bắc)",C00,2025,25.21,,THPT
HCA,Học Viện Chính Trị Công An Nhân Dân,7310202_Nu_B,"Xây dựng Đảng và chính quyền nhà nước (Thí sinh Nữ, miền Bắc)",D01,2025,25.21,,THPT
HCA,Học Viện Chính Trị Công An Nhân Dân,7310202_Nu_N,"Xây dựng Đảng và chính quyền nhà nước (Thí sinh Nữ, miền Nam)",A01,2025,23.57,,THPT
HCA,Học Viện Chính Trị Công An Nhân Dân,7310202_Nu_N,"Xây dựng Đảng và chính quyền nhà nước (Thí sinh Nữ, miền Nam)",C00,2025,23.57,,THPT
HCA,Học Viện Chính Trị Công An Nhân Dân,7310202_Nu_N,"Xây dựng Đảng và chính quyền nhà nước (Thí sinh Nữ, miền Nam)",D01,2025,23.57,,THPT
HCB,Học viện Kỹ thuật và Công nghệ an ninh (Phía Bắc),7480200_Nam_B,"Nhóm ngành Kỹ thuật - Hậu cần (Thí sinh Nam, miền Bắc)",A00,2025,21.7,,THPT
HCB,Học viện Kỹ thuật và Công nghệ an ninh (Phía Bắc),7480200_Nam_B,"Nhóm ngành Kỹ thuật - Hậu cần (Thí sinh Nam, miền Bắc)",A01,2025,21.7,,THPT
HCB,Học viện Kỹ thuật và Công nghệ an ninh (Phía Bắc),7480200_Nam_B,"Nhóm ngành Kỹ thuật - Hậu cần (Thí sinh Nam, miền Bắc)",D01,2025,21.7,,THPT
HCB,Học viện Kỹ thuật và Công nghệ an ninh (Phía Bắc),7480200_Nam_N,"Nhóm ngành Kỹ thuật - Hậu cần (Thí sinh Nam, miền Nam)",A00,2025,20.53,,THPT
HCB,Học viện Kỹ thuật và Công nghệ an ninh (Phía Bắc),7480200_Nam_N,"Nhóm ngành Kỹ thuật - Hậu cần (Thí sinh Nam, miền Nam)",A01,2025,20.53,,THPT
HCB,Học viện Kỹ thuật và Công nghệ an ninh (Phía Bắc),7480200_Nam_N,"Nhóm ngành Kỹ thuật - Hậu cần (Thí sinh Nam, miền Nam)",D01,2025,20.53,,THPT
HCB,Học viện Kỹ thuật và Công nghệ an ninh (Phía Bắc),7480200_Nu_B,"Nhóm ngành Kỹ thuật - Hậu cần (Thí sinh Nữ, miền Bắc)",A00,2025,25.21,,THPT
HCB,Học viện Kỹ thuật và Công nghệ an ninh (Phía Bắc),7480200_Nu_B,"Nhóm ngành Kỹ thuật - Hậu cần (Thí sinh Nữ, miền Bắc)",A01,2025,25.21,,THPT
HCB,Học viện Kỹ thuật và Công nghệ an ninh (Phía Bắc),7480200_Nu_B,"Nhóm ngành Kỹ thuật - Hậu cần (Thí sinh Nữ, miền Bắc)",D01,2025,25.21,,THPT
HCB,Học viện Kỹ thuật và Công nghệ an ninh (Phía Bắc),7480200_Nu_N,"Nhóm ngành Kỹ thuật - Hậu cần (Thí sinh Nữ, miền Nam)",A00,2025,23.96,,THPT
HCB,Học viện Kỹ thuật và Công nghệ an ninh (Phía Bắc),7480200_Nu_N,"Nhóm ngành Kỹ thuật - Hậu cần (Thí sinh Nữ, miền Nam)",A01,2025,23.96,,THPT
HCB,Học viện Kỹ thuật và Công nghệ an ninh (Phía Bắc),7480200_Nu_N,"Nhóm ngành Kỹ thuật - Hậu cần (Thí sinh Nữ, miền Nam)",D01,2025,23.96,,THPT
HCB,Học viện Kỹ thuật và Công nghệ an ninh (Phía Bắc),7520207,Kỹ thuật Điện tử - Viễn thông,A00,2025,20.33,,THPT
HCB,Học viện Kỹ thuật và Công nghệ an ninh (Phía Bắc),7520207,Kỹ thuật Điện tử - Viễn thông,A01,2025,20.33,,THPT
HCB,Học viện Kỹ thuật và Công nghệ an ninh (Phía Bắc),7520207,Kỹ thuật Điện tử - Viễn thông,D01,2025,20.33,,THPT
HCB,Học viện Kỹ thuật và Công nghệ an ninh (Phía Bắc),7720100,Y Khoa,A00,2025,19.05,,THPT
HCB,Học viện Kỹ thuật và Công nghệ an ninh (Phía Bắc),7720100,Y Khoa,A01,2025,19.05,,THPT
HCB,Học viện Kỹ thuật và Công nghệ an ninh (Phía Bắc),7720100,Y Khoa,B00,2025,19.05,,THPT
HCB,Học viện Kỹ thuật và Công nghệ an ninh (Phía Bắc),7720100,Y Khoa,D07,2025,19.05,,THPT
HCB,Học viện Kỹ thuật và Công nghệ an ninh (Phía Bắc),7720101_NAM,Y Khoa,A00,2025,20.01,,THPT
HCB,Học viện Kỹ thuật và Công nghệ an ninh (Phía Bắc),7720101_NAM,Y Khoa,A01,2025,20.01,,THPT
HCB,Học viện Kỹ thuật và Công nghệ an ninh (Phía Bắc),7720101_NAM,Y Khoa,B00,2025,20.01,,THPT
HCB,Học viện Kỹ thuật và Công nghệ an ninh (Phía Bắc),7720101_NAM,Y Khoa,D07,2025,20.01,,THPT
HCB,Học viện Kỹ thuật và Công nghệ an ninh (Phía Bắc),7720101_NU,Y Khoa,A00,2025,23.49,,THPT
HCB,Học viện Kỹ thuật và Công nghệ an ninh (Phía Bắc),7720101_NU,Y Khoa,A01,2025,23.49,,THPT
HCB,Học viện Kỹ thuật và Công nghệ an ninh (Phía Bắc),7720101_NU,Y Khoa,B00,2025,23.49,,THPT
HCB,Học viện Kỹ thuật và Công nghệ an ninh (Phía Bắc),7720101_NU,Y Khoa,D07,2025,23.49,,THPT
HCH,Học Viện Hành Chính và Quản trị công,7220201-Hà Nội,Ngôn ngữ Anh,D01,2025,24.0,,THPT
HCH,Học Viện Hành Chính và Quản trị công,7220201-Hà Nội,Ngôn ngữ Anh,D10,2025,24.0,,THPT
HCH,Học Viện Hành Chính và Quản trị công,7229040-01-Hà Nội,Chuyên ngành Văn hóa Du lịch thuộc ngành Văn hóa học,C00,2025,25.9,,THPT
HCH,Học Viện Hành Chính và Quản trị công,7229040-01-Hà Nội,Chuyên ngành Văn hóa Du lịch thuộc ngành Văn hóa học,C00,2025,25.9,,THPT
HCH,Học Viện Hành Chính và Quản trị công,7229040-01-Hà Nội,Chuyên ngành Văn hóa Du lịch thuộc ngành Văn hóa học,D01,2025,25.9,,THPT
HCH,Học Viện Hành Chính và Quản trị công,7229040-01-Hà Nội,Chuyên ngành Văn hóa Du lịch thuộc ngành Văn hóa học,D01,2025,25.9,,THPT
HCH,Học Viện Hành Chính và Quản trị công,7229040-02-Hà Nội,Chuyên ngành Văn hóa Truyền thông thuộc ngành Văn hóa học,C00,2025,23.9,,THPT
HCH,Học Viện Hành Chính và Quản trị công,7229040-02-Hà Nội,Chuyên ngành Văn hóa Truyền thông thuộc ngành Văn hóa học,C00,2025,23.9,,THPT
HCH,Học Viện Hành Chính và Quản trị công,7229040-02-Hà Nội,Chuyên ngành Văn hóa Truyền thông thuộc ngành Văn hóa học,D01,2025,23.9,,THPT
HCH,Học Viện Hành Chính và Quản trị công,7229040-02-Hà Nội,Chuyên ngành Văn hóa Truyền thông thuộc ngành Văn hóa học,D01,2025,23.9,,THPT
HCH,Học Viện Hành Chính và Quản trị công,7229042-01-Hà Nội,Chuyên ngành Quản lý di sản văn hóa và phát triển du lịch thuộc ngành Quản lý văn hóa,C00,2025,25.55,,THPT
HCH,Học Viện Hành Chính và Quản trị công,7229042-01-Hà Nội,Chuyên ngành Quản lý di sản văn hóa và phát triển du lịch thuộc ngành Quản lý văn hóa,C00,2025,25.55,,THPT
HCH,Học Viện Hành Chính và Quản trị công,7229042-01-Hà Nội,Chuyên ngành Quản lý di sản văn hóa và phát triển du lịch thuộc ngành Quản lý văn hóa,D01,2025,25.55,,THPT
HCH,Học Viện Hành Chính và Quản trị công,7229042-01-Hà Nội,Chuyên ngành Quản lý di sản văn hóa và phát triển du lịch thuộc ngành Quản lý văn hóa,D01,2025,25.55,,THPT
HCH,Học Viện Hành Chính và Quản trị công,7229042-Hà Nội,Quản lý văn hóa,C00,2025,25.55,,THPT
HCH,Học Viện Hành Chính và Quản trị công,7229042-Hà Nội,Quản lý văn hóa,C00,2025,25.55,,THPT
HCH,Học Viện Hành Chính và Quản trị công,7229042-Hà Nội,Quản lý văn hóa,D01,2025,25.55,,THPT
HCH,Học Viện Hành Chính và Quản trị công,7229042-Hà Nội,Quản lý văn hóa,D01,2025,25.55,,THPT
HCH,Học Viện Hành Chính và Quản trị công,7310101-01-Hà Nội,Chuyên ngành Kinh tế du lịch thuộc ngành Kinh tể,A00,2025,23.5,,THPT
HCH,Học Viện Hành Chính và Quản trị công,7310101-01-Hà Nội,Chuyên ngành Kinh tế du lịch thuộc ngành Kinh tể,A01,2025,23.5,,THPT
HCH,Học Viện Hành Chính và Quản trị công,7310101-01-Hà Nội,Chuyên ngành Kinh tế du lịch thuộc ngành Kinh tể,D01,2025,23.5,,THPT
HCH,Học Viện Hành Chính và Quản trị công,7310101-Hà Nội,Kinh tế,A00,2025,23.5,,THPT
HCH,Học Viện Hành Chính và Quản trị công,7310101-Hà Nội,Kinh tế,A01,2025,23.5,,THPT
HCH,Học Viện Hành Chính và Quản trị công,7310101-Hà Nội,Kinh tế,D01,2025,23.5,,THPT
HCH,Học Viện Hành Chính và Quản trị công,7310101-Quảng Nam,Kinh tế,A00,2025,16.0,,THPT
HCH,Học Viện Hành Chính và Quản trị công,7310101-Quảng Nam,Kinh tế,A01,2025,16.0,,THPT
HCH,Học Viện Hành Chính và Quản trị công,7310101-Quảng Nam,Kinh tế,D01,2025,16.0,,THPT
HCH,Học Viện Hành Chính và Quản trị công,7310201-01-Hà Nội,Chuyên ngành Chính sách công thuộc ngành Chính trị học,C00,2025,23.35,,THPT
HCH,Học Viện Hành Chính và Quản trị công,7310201-01-Hà Nội,Chuyên ngành Chính sách công thuộc ngành Chính trị học,C00,2025,23.35,,THPT
HCH,Học Viện Hành Chính và Quản trị công,7310201-01-Hà Nội,Chuyên ngành Chính sách công thuộc ngành Chính trị học,D01,2025,23.35,,THPT
HCH,Học Viện Hành Chính và Quản trị công,7310201-01-Hà Nội,Chuyên ngành Chính sách công thuộc ngành Chính trị học,D01,2025,23.35,,THPT
HCH,Học Viện Hành Chính và Quản trị công,7310201-Hà Nội,Chính trị học,C00,2025,23.35,,THPT
HCH,Học Viện Hành Chính và Quản trị công,7310201-Hà Nội,Chính trị học,C00,2025,23.35,,THPT
HCH,Học Viện Hành Chính và Quản trị công,7310201-Hà Nội,Chính trị học,D01,2025,23.35,,THPT
HCH,Học Viện Hành Chính và Quản trị công,7310201-Hà Nội,Chính trị học,D01,2025,23.35,,THPT
HCH,Học Viện Hành Chính và Quản trị công,7310202-Hà Nội,Xây dựng Đảng và chính quyền nhà nước,C00,2025,25.85,,THPT
HCH,Học Viện Hành Chính và Quản trị công,7310202-Hà Nội,Xây dựng Đảng và chính quyền nhà nước,C00,2025,25.85,,THPT
HCH,Học Viện Hành Chính và Quản trị công,7310202-Hà Nội,Xây dựng Đảng và chính quyền nhà nước,D01,2025,25.85,,THPT
HCH,Học Viện Hành Chính và Quản trị công,7310202-Hà Nội,Xây dựng Đảng và chính quyền nhà nước,D01,2025,25.85,,THPT
HCH,Học Viện Hành Chính và Quản trị công,7310205-Hà Nội,Quản lý nhà nước,A01,2025,23.75,,THPT
HCH,Học Viện Hành Chính và Quản trị công,7310205-Hà Nội,Quản lý nhà nước,A01,2025,23.75,,THPT
HCH,Học Viện Hành Chính và Quản trị công,7310205-Hà Nội,Quản lý nhà nước,C00,2025,23.75,,THPT
HCH,Học Viện Hành Chính và Quản trị công,7310205-Hà Nội,Quản lý nhà nước,C00,2025,23.75,,THPT
HCH,Học Viện Hành Chính và Quản trị công,7310205-Hà Nội,Quản lý nhà nước,D01,2025,23.75,,THPT
HCH,Học Viện Hành Chính và Quản trị công,7310205-Hà Nội,Quản lý nhà nước,D01,2025,23.75,,THPT
HCH,Học Viện Hành Chính và Quản trị công,7310205-Quảng Nam,Quản lý nhà nước,C00,2025,16.0,,THPT
HCH,Học Viện Hành Chính và Quản trị công,7310205-Quảng Nam,Quản lý nhà nước,C00,2025,16.0,,THPT
HCH,Học Viện Hành Chính và Quản trị công,7310205-Quảng Nam,Quản lý nhà nước,D01,2025,16.0,,THPT
HCH,Học Viện Hành Chính và Quản trị công,7310205-Quảng Nam,Quản lý nhà nước,D01,2025,16.0,,THPT
HCH,Học Viện Hành Chính và Quản trị công,7320201-01-Hà Nội,Chuyên ngành Quản trị thông tin thuộc ngành Thông tin - thư viện,A01,2025,24.35,,THPT
HCH,Học Viện Hành Chính và Quản trị công,7320201-01-Hà Nội,Chuyên ngành Quản trị thông tin thuộc ngành Thông tin - thư viện,A01,2025,24.35,,THPT
HCH,Học Viện Hành Chính và Quản trị công,7320201-01-Hà Nội,Chuyên ngành Quản trị thông tin thuộc ngành Thông tin - thư viện,C00,2025,24.35,,THPT
HCH,Học Viện Hành Chính và Quản trị công,7320201-01-Hà Nội,Chuyên ngành Quản trị thông tin thuộc ngành Thông tin - thư viện,C00,2025,24.35,,THPT
HCH,Học Viện Hành Chính và Quản trị công,7320201-01-Hà Nội,Chuyên ngành Quản trị thông tin thuộc ngành Thông tin - thư viện,D01,2025,24.35,,THPT
HCH,Học Viện Hành Chính và Quản trị công,7320201-01-Hà Nội,Chuyên ngành Quản trị thông tin thuộc ngành Thông tin - thư viện,D01,2025,24.35,,THPT
HCH,Học Viện Hành Chính và Quản trị công,7320201-Hà Nội,Thông tin - thư viện,A01,2025,22.35,,THPT
HCH,Học Viện Hành Chính và Quản trị công,7320201-Hà Nội,Thông tin - thư viện,A01,2025,22.35,,THPT
HCH,Học Viện Hành Chính và Quản trị công,7320201-Hà Nội,Thông tin - thư viện,C00,2025,22.35,,THPT
HCH,Học Viện Hành Chính và Quản trị công,7320201-Hà Nội,Thông tin - thư viện,C00,2025,22.35,,THPT
HCH,Học Viện Hành Chính và Quản trị công,7320201-Hà Nội,Thông tin - thư viện,D01,2025,22.35,,THPT
HCH,Học Viện Hành Chính và Quản trị công,7320201-Hà Nội,Thông tin - thư viện,D01,2025,22.35,,THPT
HCH,Học Viện Hành Chính và Quản trị công,7320303-01-Hà Nội,Chuyên ngành Văn thư - Lưu trữ thuộc ngành Lưu trữ học,C00,2025,23.0,,THPT
HCH,Học Viện Hành Chính và Quản trị công,7320303-01-Hà Nội,Chuyên ngành Văn thư - Lưu trữ thuộc ngành Lưu trữ học,C00,2025,23.0,,THPT
HCH,Học Viện Hành Chính và Quản trị công,7320303-01-Hà Nội,Chuyên ngành Văn thư - Lưu trữ thuộc ngành Lưu trữ học,D01,2025,23.0,,THPT
HCH,Học Viện Hành Chính và Quản trị công,7320303-01-Hà Nội,Chuyên ngành Văn thư - Lưu trữ thuộc ngành Lưu trữ học,D01,2025,23.0,,THPT
HCH,Học Viện Hành Chính và Quản trị công,7320303-Hà Nội,Lưu trữ học,C00,2025,23.0,,THPT
HCH,Học Viện Hành Chính và Quản trị công,7320303-Hà Nội,Lưu trữ học,C00,2025,23.0,,THPT
HCH,Học Viện Hành Chính và Quản trị công,7320303-Hà Nội,Lưu trữ học,D01,2025,23.0,,THPT
HCH,Học Viện Hành Chính và Quản trị công,7320303-Hà Nội,Lưu trữ học,D01,2025,23.0,,THPT
HCH,Học Viện Hành Chính và Quản trị công,7340404-Hà Nội,Quản trị nhân lực,A00,2025,26.2,,THPT
HCH,Học Viện Hành Chính và Quản trị công,7340404-Hà Nội,Quản trị nhân lực,A00,2025,26.2,,THPT
HCH,Học Viện Hành Chính và Quản trị công,7340404-Hà Nội,Quản trị nhân lực,A01,2025,26.2,,THPT
HCH,Học Viện Hành Chính và Quản trị công,7340404-Hà Nội,Quản trị nhân lực,A01,2025,26.2,,THPT
HCH,Học Viện Hành Chính và Quản trị công,7340404-Hà Nội,Quản trị nhân lực,C00,2025,26.2,,THPT
HCH,Học Viện Hành Chính và Quản trị công,7340404-Hà Nội,Quản trị nhân lực,C00,2025,26.2,,THPT
HCH,Học Viện Hành Chính và Quản trị công,7340404-Hà Nội,Quản trị nhân lực,D01,2025,26.2,,THPT
HCH,Học Viện Hành Chính và Quản trị công,7340404-Hà Nội,Quản trị nhân lực,D01,2025,26.2,,THPT
HCH,Học Viện Hành Chính và Quản trị công,7340404-Quảng Nam,Quản trị nhân lực,A00,2025,18.0,,THPT
HCH,Học Viện Hành Chính và Quản trị công,7340404-Quảng Nam,Quản trị nhân lực,A00,2025,18.0,,THPT
HCH,Học Viện Hành Chính và Quản trị công,7340404-Quảng Nam,Quản trị nhân lực,C00,2025,18.0,,THPT
HCH,Học Viện Hành Chính và Quản trị công,7340404-Quảng Nam,Quản trị nhân lực,C00,2025,18.0,,THPT
HCH,Học Viện Hành Chính và Quản trị công,7340404-Quảng Nam,Quản trị nhân lực,D01,2025,18.0,,THPT
HCH,Học Viện Hành Chính và Quản trị công,7340404-Quảng Nam,Quản trị nhân lực,D01,2025,18.0,,THPT
HCH,Học Viện Hành Chính và Quản trị công,7340406-01-Hà Nội,Chuyên ngành Thư ký văn phòng doanh nghiệp thuộc ngành Quản trị văn phòng,A00,2025,26.05,,THPT
HCH,Học Viện Hành Chính và Quản trị công,7340406-01-Hà Nội,Chuyên ngành Thư ký văn phòng doanh nghiệp thuộc ngành Quản trị văn phòng,A00,2025,26.05,,THPT
HCH,Học Viện Hành Chính và Quản trị công,7340406-01-Hà Nội,Chuyên ngành Thư ký văn phòng doanh nghiệp thuộc ngành Quản trị văn phòng,A01,2025,26.05,,THPT
HCH,Học Viện Hành Chính và Quản trị công,7340406-01-Hà Nội,Chuyên ngành Thư ký văn phòng doanh nghiệp thuộc ngành Quản trị văn phòng,A01,2025,26.05,,THPT
HCH,Học Viện Hành Chính và Quản trị công,7340406-01-Hà Nội,Chuyên ngành Thư ký văn phòng doanh nghiệp thuộc ngành Quản trị văn phòng,C00,2025,26.05,,THPT
HCH,Học Viện Hành Chính và Quản trị công,7340406-01-Hà Nội,Chuyên ngành Thư ký văn phòng doanh nghiệp thuộc ngành Quản trị văn phòng,C00,2025,26.05,,THPT
HCH,Học Viện Hành Chính và Quản trị công,7340406-01-Hà Nội,Chuyên ngành Thư ký văn phòng doanh nghiệp thuộc ngành Quản trị văn phòng,D01,2025,26.05,,THPT
HCH,Học Viện Hành Chính và Quản trị công,7340406-01-Hà Nội,Chuyên ngành Thư ký văn phòng doanh nghiệp thuộc ngành Quản trị văn phòng,D01,2025,26.05,,THPT
HCH,Học Viện Hành Chính và Quản trị công,7340406-Hà Nội,Quản trị văn phòng,A00,2025,24.05,,THPT
HCH,Học Viện Hành Chính và Quản trị công,7340406-Hà Nội,Quản trị văn phòng,A00,2025,24.05,,THPT
HCH,Học Viện Hành Chính và Quản trị công,7340406-Hà Nội,Quản trị văn phòng,A01,2025,24.05,,THPT
HCH,Học Viện Hành Chính và Quản trị công,7340406-Hà Nội,Quản trị văn phòng,A01,2025,24.05,,THPT
HCH,Học Viện Hành Chính và Quản trị công,7340406-Hà Nội,Quản trị văn phòng,C00,2025,24.05,,THPT
HCH,Học Viện Hành Chính và Quản trị công,7340406-Hà Nội,Quản trị văn phòng,C00,2025,24.05,,THPT
HCH,Học Viện Hành Chính và Quản trị công,7340406-Hà Nội,Quản trị văn phòng,D01,2025,24.05,,THPT
HCH,Học Viện Hành Chính và Quản trị công,7340406-Hà Nội,Quản trị văn phòng,D01,2025,24.05,,THPT
HCH,Học Viện Hành Chính và Quản trị công,7340406-Quảng Nam,Quản trị văn phòng,A00,2025,17.0,,THPT
HCH,Học Viện Hành Chính và Quản trị công,7340406-Quảng Nam,Quản trị văn phòng,A00,2025,17.0,,THPT
HCH,Học Viện Hành Chính và Quản trị công,7340406-Quảng Nam,Quản trị văn phòng,C00,2025,17.0,,THPT
HCH,Học Viện Hành Chính và Quản trị công,7340406-Quảng Nam,Quản trị văn phòng,C00,2025,17.0,,THPT
HCH,Học Viện Hành Chính và Quản trị công,7340406-Quảng Nam,Quản trị văn phòng,D01,2025,17.0,,THPT
HCH,Học Viện Hành Chính và Quản trị công,7340406-Quảng Nam,Quản trị văn phòng,D01,2025,17.0,,THPT
HCH,Học Viện Hành Chính và Quản trị công,7380101-01-Hà Nội,Chuyên ngành Thanh tra thuộc ngành Luật,A00,2025,24.2,,THPT
HCH,Học Viện Hành Chính và Quản trị công,7380101-01-Hà Nội,Chuyên ngành Thanh tra thuộc ngành Luật,A00,2025,24.2,,THPT
HCH,Học Viện Hành Chính và Quản trị công,7380101-01-Hà Nội,Chuyên ngành Thanh tra thuộc ngành Luật,A01,2025,24.2,,THPT
HCH,Học Viện Hành Chính và Quản trị công,7380101-01-Hà Nội,Chuyên ngành Thanh tra thuộc ngành Luật,A01,2025,24.2,,THPT
HCH,Học Viện Hành Chính và Quản trị công,7380101-01-Hà Nội,Chuyên ngành Thanh tra thuộc ngành Luật,C00,2025,24.2,,THPT
HCH,Học Viện Hành Chính và Quản trị công,7380101-01-Hà Nội,Chuyên ngành Thanh tra thuộc ngành Luật,C00,2025,24.2,,THPT
HCH,Học Viện Hành Chính và Quản trị công,7380101-01-Hà Nội,Chuyên ngành Thanh tra thuộc ngành Luật,D01,2025,24.2,,THPT
HCH,Học Viện Hành Chính và Quản trị công,7380101-01-Hà Nội,Chuyên ngành Thanh tra thuộc ngành Luật,D01,2025,24.2,,THPT
HCH,Học Viện Hành Chính và Quản trị công,7380101-01-Quảng Nam,Chuyên ngành Thanh tra thuộc ngành Luật,A00,2025,22.0,,THPT
HCH,Học Viện Hành Chính và Quản trị công,7380101-01-Quảng Nam,Chuyên ngành Thanh tra thuộc ngành Luật,C00,2025,22.0,,THPT
HCH,Học Viện Hành Chính và Quản trị công,7380101-01-Quảng Nam,Chuyên ngành Thanh tra thuộc ngành Luật,D01,2025,22.0,,THPT
HCH,Học Viện Hành Chính và Quản trị công,7380101-Hà Nội,Luật,A00,2025,26.7,,THPT
HCH,Học Viện Hành Chính và Quản trị công,7380101-Hà Nội,Luật,A00,2025,26.7,,THPT
HCH,Học Viện Hành Chính và Quản trị công,7380101-Hà Nội,Luật,A01,2025,26.7,,THPT
HCH,Học Viện Hành Chính và Quản trị công,7380101-Hà Nội,Luật,A01,2025,26.7,,THPT
HCH,Học Viện Hành Chính và Quản trị công,7380101-Hà Nội,Luật,C00,2025,26.7,,THPT
HCH,Học Viện Hành Chính và Quản trị công,7380101-Hà Nội,Luật,C00,2025,26.7,,THPT
HCH,Học Viện Hành Chính và Quản trị công,7380101-Hà Nội,Luật,D01,2025,26.7,,THPT
HCH,Học Viện Hành Chính và Quản trị công,7380101-Hà Nội,Luật,D01,2025,26.7,,THPT
HCH,Học Viện Hành Chính và Quản trị công,7380101-Quảng Nam,Luật,A00,2025,22.0,,THPT
HCH,Học Viện Hành Chính và Quản trị công,7380101-Quảng Nam,Luật,A00,2025,22.0,,THPT
HCH,Học Viện Hành Chính và Quản trị công,7380101-Quảng Nam,Luật,C00,2025,22.0,,THPT
HCH,Học Viện Hành Chính và Quản trị công,7380101-Quảng Nam,Luật,D01,2025,22.0,,THPT
HCH,Học Viện Hành Chính và Quản trị công,7380101-Quảng Nam,Luật,D01,2025,22.0,,THPT
HCH,Học Viện Hành Chính và Quản trị công,7480104-01-Hà Nội,Chuyên ngành Hệ thống thông tin thương mại điện tử thuộc ngành Hệ thống thông tin,A00,2025,19.75,,THPT
HCH,Học Viện Hành Chính và Quản trị công,7480104-01-Hà Nội,Chuyên ngành Hệ thống thông tin thương mại điện tử thuộc ngành Hệ thống thông tin,A01,2025,19.75,,THPT
HCH,Học Viện Hành Chính và Quản trị công,7480104-01-Hà Nội,Chuyên ngành Hệ thống thông tin thương mại điện tử thuộc ngành Hệ thống thông tin,D01,2025,19.75,,THPT
HCH,Học Viện Hành Chính và Quản trị công,7480104-Hà Nội,Hệ thống thông tin,A00,2025,19.75,,THPT
HCH,Học Viện Hành Chính và Quản trị công,7480104-Hà Nội,Hệ thống thông tin,A01,2025,19.75,,THPT
HCH,Học Viện Hành Chính và Quản trị công,7480104-Hà Nội,Hệ thống thông tin,D01,2025,19.75,,THPT
HCH,Học Viện Hành Chính và Quản trị công,7810103-Hà Nội,Quản trị dịch vụ du lịch và lữ hành,C00,2025,0.0,,THPT
HCH,Học Viện Hành Chính và Quản trị công,7810103-Hà Nội,Quản trị dịch vụ du lịch và lữ hành,C00,2025,0.0,,THPT
HCH,Học Viện Hành Chính và Quản trị công,7810103-Hà Nội,Quản trị dịch vụ du lịch và lữ hành,D01,2025,0.0,,THPT
HCH,Học Viện Hành Chính và Quản trị công,7810103-Hà Nội,Quản trị dịch vụ du lịch và lữ hành,D01,2025,0.0,,THPT
HCH,Học Viện Hành Chính và Quản trị công,7810103-Quảng Nam,Quản trị dịch vụ du lịch và lữ hành,C00,2025,17.0,,THPT
HCH,Học Viện Hành Chính và Quản trị công,7810103-Quảng Nam,Quản trị dịch vụ du lịch và lữ hành,C00,2025,17.0,,THPT
HCH,Học Viện Hành Chính và Quản trị công,7810103-Quảng Nam,Quản trị dịch vụ du lịch và lữ hành,D01,2025,17.0,,THPT
HCH,Học Viện Hành Chính và Quản trị công,7810103-Quảng Nam,Quản trị dịch vụ du lịch và lữ hành,D01,2025,17.0,,THPT
HCN,Học viện Kỹ thuật và Công nghệ an ninh (Phía Nam),7480200_Nam_B,"Nhóm ngành Kỹ thuật - Hậu cần (Thí sinh Nam, miền Bắc)",A00,2025,21.7,,THPT
HCN,Học viện Kỹ thuật và Công nghệ an ninh (Phía Nam),7480200_Nam_B,"Nhóm ngành Kỹ thuật - Hậu cần (Thí sinh Nam, miền Bắc)",A01,2025,21.7,,THPT
HCN,Học viện Kỹ thuật và Công nghệ an ninh (Phía Nam),7480200_Nam_B,"Nhóm ngành Kỹ thuật - Hậu cần (Thí sinh Nam, miền Bắc)",D01,2025,21.7,,THPT
HCN,Học viện Kỹ thuật và Công nghệ an ninh (Phía Nam),7480200_Nam_N,"Nhóm ngành Kỹ thuật - Hậu cần (Thí sinh Nam, miền Nam)",A00,2025,20.53,,THPT
HCN,Học viện Kỹ thuật và Công nghệ an ninh (Phía Nam),7480200_Nam_N,"Nhóm ngành Kỹ thuật - Hậu cần (Thí sinh Nam, miền Nam)",A01,2025,20.53,,THPT
HCN,Học viện Kỹ thuật và Công nghệ an ninh (Phía Nam),7480200_Nam_N,"Nhóm ngành Kỹ thuật - Hậu cần (Thí sinh Nam, miền Nam)",D01,2025,20.53,,THPT
HCN,Học viện Kỹ thuật và Công nghệ an ninh (Phía Nam),7480200_Nu_B,"Nhóm ngành Kỹ thuật - Hậu cần (Thí sinh Nữ, miền Bắc)",A00,2025,25.21,,THPT
HCN,Học viện Kỹ thuật và Công nghệ an ninh (Phía Nam),7480200_Nu_B,"Nhóm ngành Kỹ thuật - Hậu cần (Thí sinh Nữ, miền Bắc)",A01,2025,25.21,,THPT
HCN,Học viện Kỹ thuật và Công nghệ an ninh (Phía Nam),7480200_Nu_B,"Nhóm ngành Kỹ thuật - Hậu cần (Thí sinh Nữ, miền Bắc)",D01,2025,25.21,,THPT
HCN,Học viện Kỹ thuật và Công nghệ an ninh (Phía Nam),7480200_Nu_N,"Nhóm ngành Kỹ thuật - Hậu cần (Thí sinh Nữ, miền Nam)",A00,2025,23.96,,THPT
HCN,Học viện Kỹ thuật và Công nghệ an ninh (Phía Nam),7480200_Nu_N,"Nhóm ngành Kỹ thuật - Hậu cần (Thí sinh Nữ, miền Nam)",A01,2025,23.96,,THPT
HCN,Học viện Kỹ thuật và Công nghệ an ninh (Phía Nam),7480200_Nu_N,"Nhóm ngành Kỹ thuật - Hậu cần (Thí sinh Nữ, miền Nam)",D01,2025,23.96,,THPT
HCN,Học viện Kỹ thuật và Công nghệ an ninh (Phía Nam),7520207,Kỹ thuật Điện tử - Viễn thông,A00,2025,20.33,,THPT
HCN,Học viện Kỹ thuật và Công nghệ an ninh (Phía Nam),7520207,Kỹ thuật Điện tử - Viễn thông,A01,2025,20.33,,THPT
HCN,Học viện Kỹ thuật và Công nghệ an ninh (Phía Nam),7520207,Kỹ thuật Điện tử - Viễn thông,D01,2025,20.33,,THPT
HCN,Học viện Kỹ thuật và Công nghệ an ninh (Phía Nam),7720100,Y Khoa,A00,2025,19.05,,THPT
HCN,Học viện Kỹ thuật và Công nghệ an ninh (Phía Nam),7720100,Y Khoa,A01,2025,19.05,,THPT
HCN,Học viện Kỹ thuật và Công nghệ an ninh (Phía Nam),7720100,Y Khoa,B00,2025,19.05,,THPT
HCN,Học viện Kỹ thuật và Công nghệ an ninh (Phía Nam),7720100,Y Khoa,D07,2025,19.05,,THPT
HCN,Học viện Kỹ thuật và Công nghệ an ninh (Phía Nam),7720101_NAM,Y Khoa,A00,2025,20.01,,THPT
HCN,Học viện Kỹ thuật và Công nghệ an ninh (Phía Nam),7720101_NAM,Y Khoa,A01,2025,20.01,,THPT
HCN,Học viện Kỹ thuật và Công nghệ an ninh (Phía Nam),7720101_NAM,Y Khoa,B00,2025,20.01,,THPT
HCN,Học viện Kỹ thuật và Công nghệ an ninh (Phía Nam),7720101_NAM,Y Khoa,D07,2025,20.01,,THPT
HCN,Học viện Kỹ thuật và Công nghệ an ninh (Phía Nam),7720101_NU,Y Khoa,A00,2025,23.49,,THPT
HCN,Học viện Kỹ thuật và Công nghệ an ninh (Phía Nam),7720101_NU,Y Khoa,A01,2025,23.49,,THPT
HCN,Học viện Kỹ thuật và Công nghệ an ninh (Phía Nam),7720101_NU,Y Khoa,B00,2025,23.49,,THPT
HCN,Học viện Kỹ thuật và Công nghệ an ninh (Phía Nam),7720101_NU,Y Khoa,D07,2025,23.49,,THPT
HCP,Học viện Chính sách và Phát triển,7220201,Ngôn ngữ Anh,A01,2025,30.02,,THPT
HCP,Học Viện Chính Sách và Phát Triển,7220201,Ngành Ngôn ngữ Anh,A01,2025,30.02,,THPT
HCP,Học Viện Chính Sách và Phát Triển,7220201,Ngành Ngôn ngữ Anh,D01,2025,30.02,,THPT
HCP,Học viện Chính sách và Phát triển,7220201,Ngôn ngữ Anh,D01,2025,30.02,,THPT
HCP,Học Viện Chính Sách và Phát Triển,7220201,Ngành Ngôn ngữ Anh,D07,2025,30.02,,THPT
HCP,Học viện Chính sách và Phát triển,7220201,Ngôn ngữ Anh,D07,2025,30.02,,THPT
HCP,Học Viện Chính Sách và Phát Triển,7220201,Ngành Ngôn ngữ Anh,D09,2025,30.02,,THPT
HCP,Học viện Chính sách và Phát triển,7220201,Ngôn ngữ Anh,D09,2025,30.02,,THPT
HCP,Học viện Chính sách và Phát triển,7310101,Kinh tế,A01,2025,22.02,,THPT
HCP,Học Viện Chính Sách và Phát Triển,7310101,Ngành Kinh tế,A01,2025,22.02,,THPT
HCP,Học Viện Chính Sách và Phát Triển,7310101,Ngành Kinh tế,D01,2025,22.02,,THPT
HCP,Học viện Chính sách và Phát triển,7310101,Kinh tế,D01,2025,22.02,,THPT
HCP,Học Viện Chính Sách và Phát Triển,7310101,Ngành Kinh tế,D07,2025,22.02,,THPT
HCP,Học viện Chính sách và Phát triển,7310101,Kinh tế,D07,2025,22.02,,THPT
HCP,Học viện Chính sách và Phát triển,7310105,Kinh tế phát triển,A00,2025,22.36,,THPT
HCP,Học Viện Chính Sách và Phát Triển,7310105,Ngành Kinh tế phát triển,A00,2025,22.36,,THPT
HCP,Học Viện Chính Sách và Phát Triển,7310105,Ngành Kinh tế phát triển,A01,2025,22.36,,THPT
HCP,Học viện Chính sách và Phát triển,7310105,Kinh tế phát triển,A01,2025,22.36,,THPT
HCP,Học Viện Chính Sách và Phát Triển,7310105,Ngành Kinh tế phát triển,D01,2025,22.36,,THPT
HCP,Học viện Chính sách và Phát triển,7310105,Kinh tế phát triển,D01,2025,22.36,,THPT
HCP,Học viện Chính sách và Phát triển,7310106,Kinh tế quốc tế,A00,2025,22.0,,THPT
HCP,Học Viện Chính Sách và Phát Triển,7310106,Ngành Kinh tế quốc tế,A00,2025,22.0,,THPT
HCP,Học Viện Chính Sách và Phát Triển,7310106,Ngành Kinh tế quốc tế,A01,2025,22.0,,THPT
HCP,Học viện Chính sách và Phát triển,7310106,Kinh tế quốc tế,A01,2025,22.0,,THPT
HCP,Học Viện Chính Sách và Phát Triển,7310106,Ngành Kinh tế quốc tế,D01,2025,22.0,,THPT
HCP,Học viện Chính sách và Phát triển,7310106,Kinh tế quốc tế,D01,2025,22.0,,THPT
HCP,Học viện Chính sách và Phát triển,7310106_1,Kinh tế đối ngoại CLC,A01,2025,28.61,,THPT
HCP,Học Viện Chính Sách và Phát Triển,7310106_1,Ngành Kinh tế quốc tế (Chuyên ngành Kinh tế đối ngoại chất lượng cao giảng dạy bằng Tiếng Anh),A01,2025,28.61,,THPT
HCP,Học Viện Chính Sách và Phát Triển,7310106_1,Ngành Kinh tế quốc tế (Chuyên ngành Kinh tế đối ngoại chất lượng cao giảng dạy bằng Tiếng Anh),D01,2025,28.61,,THPT
HCP,Học viện Chính sách và Phát triển,7310106_1,Kinh tế đối ngoại CLC,D01,2025,28.61,,THPT
HCP,Học Viện Chính Sách và Phát Triển,7310106_1,Ngành Kinh tế quốc tế (Chuyên ngành Kinh tế đối ngoại chất lượng cao giảng dạy bằng Tiếng Anh),D07,2025,28.61,,THPT
HCP,Học viện Chính sách và Phát triển,7310106_1,Kinh tế đối ngoại CLC,D07,2025,28.61,,THPT
HCP,Học viện Chính sách và Phát triển,7310106_2,Kinh tế quốc tế CLC,A01,2025,27.14,,THPT
HCP,Học Viện Chính Sách và Phát Triển,7310106_2,Ngành Kinh tế quốc tế (Chuyên ngành Kinh doanh toàn cầu),A01,2025,27.14,,THPT
HCP,Học Viện Chính Sách và Phát Triển,7310106_2,Ngành Kinh tế quốc tế (Chuyên ngành Kinh doanh toàn cầu),D01,2025,27.14,,THPT
HCP,Học viện Chính sách và Phát triển,7310106_2,Kinh tế quốc tế CLC,D01,2025,27.14,,THPT
HCP,Học Viện Chính Sách và Phát Triển,7310106_2,Ngành Kinh tế quốc tế (Chuyên ngành Kinh doanh toàn cầu),D07,2025,27.14,,THPT
HCP,Học viện Chính sách và Phát triển,7310106_2,Kinh tế quốc tế CLC,D07,2025,27.14,,THPT
HCP,Học Viện Chính Sách và Phát Triển,7310109,Ngành Kinh tế số,A00,2025,23.35,,THPT
HCP,Học Viện Chính Sách và Phát Triển,7310109,Ngành Kinh tế số,A01,2025,23.35,,THPT
HCP,Học viện Chính sách và Phát triển,7310109,Kinh tế số,A01,2025,23.35,,THPT
HCP,Học viện Chính sách và Phát triển,7310109,Kinh tế số,C00,2025,23.35,,THPT
HCP,Học Viện Chính Sách và Phát Triển,7310109,Ngành Kinh tế số,D01,2025,23.35,,THPT
HCP,Học viện Chính sách và Phát triển,7310109,Kinh tế số,D01,2025,23.35,,THPT
HCP,Học viện Chính sách và Phát triển,7310205,Quản lý nhà nước,A01,2025,24.39,,THPT
HCP,Học Viện Chính Sách và Phát Triển,7310205,Ngành Quản lý nhà nước,A01,2025,26.39,,THPT
HCP,Học viện Chính sách và Phát triển,7310205,Quản lý nhà nước,C00,2025,26.39,,THPT
HCP,Học Viện Chính Sách và Phát Triển,7310205,Ngành Quản lý nhà nước,D01,2025,26.39,,THPT
HCP,Học viện Chính sách và Phát triển,7310205,Quản lý nhà nước,D01,2025,24.39,,THPT
HCP,Học Viện Chính Sách và Phát Triển,7310206,Ngành Quản lý nhà nước,C00,2025,26.39,,THPT
HCP,Học viện Chính sách và Phát triển,7340101,Quản trị Kinh doanh,A01,2025,22.3,,THPT
HCP,Học Viện Chính Sách và Phát Triển,7340101,Ngành Quản trị kinh doanh,A01,2025,22.3,,THPT
HCP,Học Viện Chính Sách và Phát Triển,7340101,Ngành Quản trị kinh doanh,D01,2025,22.3,,THPT
HCP,Học viện Chính sách và Phát triển,7340101,Quản trị Kinh doanh,D01,2025,22.3,,THPT
HCP,Học Viện Chính Sách và Phát Triển,7340101,Ngành Quản trị kinh doanh,D07,2025,22.3,,THPT
HCP,Học viện Chính sách và Phát triển,7340101,Quản trị Kinh doanh,D07,2025,22.3,,THPT
HCP,Học viện Chính sách và Phát triển,7340101_1,"Quản trị kinh doanh (Liên kết với Đại học CityU, Hoa Kỳ)",A01,2025,28.91,,THPT
HCP,Học Viện Chính Sách và Phát Triển,7340101_1,Ngành Quản trị kinh doanh (Chuyên ngành Quản trị kinh doanh chất lượng cao giảng dạy bằng Tiếng Anh),A01,2025,28.91,,THPT
HCP,Học Viện Chính Sách và Phát Triển,7340101_1,Ngành Quản trị kinh doanh (Chuyên ngành Quản trị kinh doanh chất lượng cao giảng dạy bằng Tiếng Anh),D01,2025,28.91,,THPT
HCP,Học viện Chính sách và Phát triển,7340101_1,"Quản trị kinh doanh (Liên kết với Đại học CityU, Hoa Kỳ)",D01,2025,28.91,,THPT
HCP,Học Viện Chính Sách và Phát Triển,7340101_1,Ngành Quản trị kinh doanh (Chuyên ngành Quản trị kinh doanh chất lượng cao giảng dạy bằng Tiếng Anh),D07,2025,28.91,,THPT
HCP,Học viện Chính sách và Phát triển,7340101_1,"Quản trị kinh doanh (Liên kết với Đại học CityU, Hoa Kỳ)",D07,2025,28.91,,THPT
HCP,Học viện Chính sách và Phát triển,7340115_2,Marketing CLC,A01,2025,28.66,,THPT
HCP,Học Viện Chính Sách và Phát Triển,7340115_2,Ngành Marketing,A01,2025,28.66,,THPT
HCP,Học Viện Chính Sách và Phát Triển,7340115_2,Ngành Marketing,D01,2025,28.66,,THPT
HCP,Học viện Chính sách và Phát triển,7340115_2,Marketing CLC,D01,2025,28.66,,THPT
HCP,Học Viện Chính Sách và Phát Triển,7340115_2,Ngành Marketing,D07,2025,28.66,,THPT
HCP,Học viện Chính sách và Phát triển,7340115_2,Marketing CLC,D07,2025,28.66,,THPT
HCP,Học viện Chính sách và Phát triển,7340201_1,Tài chính ngân hàng (chuyên ngành Tài chính doanh nghiệp),A01,2025,29.9,,THPT
HCP,Học Viện Chính Sách và Phát Triển,7340201_1,Ngành Tài chính - Ngân hàng (Chuyên ngành Tài chính chất lượng cao giảng dạy bằng Tiếng Anh),A01,2025,29.9,,THPT
HCP,Học Viện Chính Sách và Phát Triển,7340201_1,Ngành Tài chính - Ngân hàng (Chuyên ngành Tài chính chất lượng cao giảng dạy bằng Tiếng Anh),D01,2025,29.9,,THPT
HCP,Học viện Chính sách và Phát triển,7340201_1,Tài chính ngân hàng (chuyên ngành Tài chính doanh nghiệp),D01,2025,29.9,,THPT
HCP,Học Viện Chính Sách và Phát Triển,7340201_1,Ngành Tài chính - Ngân hàng (Chuyên ngành Tài chính chất lượng cao giảng dạy bằng Tiếng Anh),D07,2025,29.9,,THPT
HCP,Học viện Chính sách và Phát triển,7340201_1,Tài chính ngân hàng (chuyên ngành Tài chính doanh nghiệp),D07,2025,29.9,,THPT
HCP,Học viện Chính sách và Phát triển,7340201_2,Tài chính ngân hàng (chuyên ngành Ngân hàng thương mại),A01,2025,26.54,,THPT
HCP,Học Viện Chính Sách và Phát Triển,7340201_2,Ngành Tài chính - Ngân hàng,A01,2025,26.54,,THPT
HCP,Học Viện Chính Sách và Phát Triển,7340201_2,Ngành Tài chính - Ngân hàng,D01,2025,26.54,,THPT
HCP,Học viện Chính sách và Phát triển,7340201_2,Tài chính ngân hàng (chuyên ngành Ngân hàng thương mại),D01,2025,26.54,,THPT
HCP,Học Viện Chính Sách và Phát Triển,7340201_2,Ngành Tài chính - Ngân hàng,D07,2025,26.54,,THPT
HCP,Học viện Chính sách và Phát triển,7340201_2,Tài chính ngân hàng (chuyên ngành Ngân hàng thương mại),D07,2025,26.54,,THPT
HCP,Học viện Chính sách và Phát triển,7340301,Kế toán,A00,2025,23.23,,THPT
HCP,Học Viện Chính Sách và Phát Triển,7340301,Ngành Kế toán,A00,2025,23.23,,THPT
HCP,Học Viện Chính Sách và Phát Triển,7340301,Ngành Kế toán,A01,2025,23.23,,THPT
HCP,Học viện Chính sách và Phát triển,7340301,Kế toán,A01,2025,23.23,,THPT
HCP,Học Viện Chính Sách và Phát Triển,7340301,Ngành Kế toán,D01,2025,23.23,,THPT
HCP,Học viện Chính sách và Phát triển,7340301,Kế toán,D01,2025,23.23,,THPT
HCP,Học viện Chính sách và Phát triển,7380107,Luật kinh tế,A01,2025,24.73,,THPT
HCP,Học Viện Chính Sách và Phát Triển,7380107,Ngành Luật Kinh tế,A01,2025,26.73,,THPT
HCP,Học viện Chính sách và Phát triển,7380107,Luật kinh tế,C00,2025,26.73,,THPT
HCP,Học Viện Chính Sách và Phát Triển,7380107,Ngành Luật Kinh tế,D09,2025,26.73,,THPT
HCP,Học viện Chính sách và Phát triển,7380107,Luật kinh tế,D09,2025,24.73,,THPT
HCS,Học Viện Hành Chính Và Quản Trị Công (phía Nam),7310101-TP-HCM,Kinh tế,A01,2025,19.15,,THPT
HCS,Học Viện Hành Chính Và Quản Trị Công (phía Nam),7310101-TP-HCM,Kinh tế,A01,2025,19.15,,THPT
HCS,Học Viện Hành Chính Và Quản Trị Công (phía Nam),7310101-TP-HCM,Kinh tế,C00,2025,19.15,,THPT
HCS,Học Viện Hành Chính Và Quản Trị Công (phía Nam),7310101-TP-HCM,Kinh tế,D01,2025,19.15,,THPT
HCS,Học Viện Hành Chính Và Quản Trị Công (phía Nam),7310101-TP-HCM,Kinh tế,D01,2025,19.15,,THPT
HCS,Học Viện Hành Chính Và Quản Trị Công (phía Nam),7310202-TP-HCM,Xây dựng Đảng và chính quyền nhà nước,C00,2025,23.45,,THPT
HCS,Học Viện Hành Chính Và Quản Trị Công (phía Nam),7310202-TP-HCM,Xây dựng Đàng và chính quyền nhà nước,C00,2025,25.45,,THPT
HCS,Học Viện Hành Chính Và Quản Trị Công (phía Nam),7310202-TP-HCM,Xây dựng Đảng và chính quyền nhà nước,D01,2025,23.45,,THPT
HCS,Học Viện Hành Chính Và Quản Trị Công (phía Nam),7310202-TP-HCM,Xây dựng Đảng và chính quyền nhà nước,D01,2025,23.45,,THPT
HCS,Học Viện Hành Chính Và Quản Trị Công (phía Nam),7310205-TP-HCM,Quản lý nhà nước,C00,2025,26.0,,THPT
HCS,Học Viện Hành Chính Và Quản Trị Công (phía Nam),7310205-TP-HCM,Quản lý nhà nước,C00,2025,26.0,,THPT
HCS,Học Viện Hành Chính Và Quản Trị Công (phía Nam),7310205-TP-HCM,Quản lý nhà nước,D01,2025,26.0,,THPT
HCS,Học Viện Hành Chính Và Quản Trị Công (phía Nam),7310205-TP-HCM,Quản lý nhà nước,D01,2025,26.0,,THPT
HCS,Học Viện Hành Chính Và Quản Trị Công (phía Nam),7310205-Đắk Lắk,Quản lý nhà nước,C00,2025,18.0,,THPT
HCS,Học Viện Hành Chính Và Quản Trị Công (phía Nam),7310205-Đắk Lắk,Quản lý nhà nước,C00,2025,18.0,,THPT
HCS,Học Viện Hành Chính Và Quản Trị Công (phía Nam),7310205-Đắk Lắk,Quản lý nhà nước,D01,2025,18.0,,THPT
HCS,Học Viện Hành Chính Và Quản Trị Công (phía Nam),7310205-Đắk Lắk,Quản lý nhà nước,D01,2025,18.0,,THPT
HCS,Học Viện Hành Chính Và Quản Trị Công (phía Nam),7320303-01-TP-HCM,Chuyên ngành Văn thư - Lưu trữ thuộc ngành Lưu trữ học,C00,2025,27.9,,THPT
HCS,Học Viện Hành Chính Và Quản Trị Công (phía Nam),7320303-01-TP-HCM,Chuyên ngành Văn thư - Lưu trữ thuộc ngành Lưu trữ học,C00,2025,27.9,,THPT
HCS,Học Viện Hành Chính Và Quản Trị Công (phía Nam),7320303-01-TP-HCM,Chuyên ngành Văn thư - Lưu trữ thuộc ngành Lưu trữ học,D01,2025,27.9,,THPT
HCS,Học Viện Hành Chính Và Quản Trị Công (phía Nam),7320303-01-TP-HCM,Chuyên ngành Văn thư - Lưu trữ thuộc ngành Lưu trữ học,D01,2025,27.9,,THPT
HCS,Học Viện Hành Chính Và Quản Trị Công (phía Nam),7320303-01-TP-HCM,Chuyên ngành Văn thư - Lưu trữ thuộc ngành Lưu trữ học,D07,2025,27.9,,THPT
HCS,Học Viện Hành Chính Và Quản Trị Công (phía Nam),7320303-01-TP-HCM,Chuyên ngành Văn thư - Lưu trữ thuộc ngành Lưu trữ học,D07,2025,27.9,,THPT
HCS,Học Viện Hành Chính Và Quản Trị Công (phía Nam),7320303-TP-HCM,Lưu trữ học,C00,2025,23.35,,THPT
HCS,Học Viện Hành Chính Và Quản Trị Công (phía Nam),7320303-TP-HCM,Lưu trữ học,C00,2025,23.35,,THPT
HCS,Học Viện Hành Chính Và Quản Trị Công (phía Nam),7320303-TP-HCM,Lưu trữ học,D01,2025,23.35,,THPT
HCS,Học Viện Hành Chính Và Quản Trị Công (phía Nam),7320303-TP-HCM,Lưu trữ học,D01,2025,23.35,,THPT
HCS,Học Viện Hành Chính Và Quản Trị Công (phía Nam),7320303-TP-HCM,Lưu trữ học,D07,2025,23.35,,THPT
HCS,Học Viện Hành Chính Và Quản Trị Công (phía Nam),7320303-TP-HCM,Lưu trữ học,D07,2025,23.35,,THPT
HCS,Học Viện Hành Chính Và Quản Trị Công (phía Nam),7340404-TP-HCM,Quản trị nhân lực,A01,2025,24.5,,THPT
HCS,Học Viện Hành Chính Và Quản Trị Công (phía Nam),7340404-TP-HCM,Quản trị nhân lực,A01,2025,24.5,,THPT
HCS,Học Viện Hành Chính Và Quản Trị Công (phía Nam),7340404-TP-HCM,Quản trị nhân lực,C00,2025,24.5,,THPT
HCS,Học Viện Hành Chính Và Quản Trị Công (phía Nam),7340404-TP-HCM,Quản trị nhân lực,C00,2025,24.5,,THPT
HCS,Học Viện Hành Chính Và Quản Trị Công (phía Nam),7340404-TP-HCM,Quản trị nhân lực,D01,2025,24.5,,THPT
HCS,Học Viện Hành Chính Và Quản Trị Công (phía Nam),7340404-TP-HCM,Quản trị nhân lực,D01,2025,24.5,,THPT
HCS,Học Viện Hành Chính Và Quản Trị Công (phía Nam),7340404-Đắk Lắk,Quản trị nhân lực,A00,2025,16.0,,THPT
HCS,Học Viện Hành Chính Và Quản Trị Công (phía Nam),7340404-Đắk Lắk,Quản trị nhân lực,A01,2025,16.0,,THPT
HCS,Học Viện Hành Chính Và Quản Trị Công (phía Nam),7340404-Đắk Lắk,Quản trị nhân lực,C00,2025,16.0,,THPT
HCS,Học Viện Hành Chính Và Quản Trị Công (phía Nam),7340404-Đắk Lắk,Quản trị nhân lực,D01,2025,16.0,,THPT
HCS,Học Viện Hành Chính Và Quản Trị Công (phía Nam),7340406-TP-HCM,Quản trị văn phòng,A01,2025,26.05,,THPT
HCS,Học Viện Hành Chính Và Quản Trị Công (phía Nam),7340406-TP-HCM,Quản trị văn phòng,A01,2025,26.05,,THPT
HCS,Học Viện Hành Chính Và Quản Trị Công (phía Nam),7340406-TP-HCM,Quản trị văn phòng,C00,2025,26.05,,THPT
HCS,Học Viện Hành Chính Và Quản Trị Công (phía Nam),7340406-TP-HCM,Quản trị văn phòng,C00,2025,26.05,,THPT
HCS,Học Viện Hành Chính Và Quản Trị Công (phía Nam),7340406-TP-HCM,Quản trị văn phòng,D01,2025,26.05,,THPT
HCS,Học Viện Hành Chính Và Quản Trị Công (phía Nam),7340406-TP-HCM,Quản trị văn phòng,D01,2025,26.05,,THPT
HCS,Học Viện Hành Chính Và Quản Trị Công (phía Nam),7380101-01-TP-HCM,Chuyên ngành Thanh tra thuộc ngành Luật,A01,2025,25.5,,THPT
HCS,Học Viện Hành Chính Và Quản Trị Công (phía Nam),7380101-01-TP-HCM,Chuyên ngành Thanh tra thuộc ngành Luật,A01,2025,25.5,,THPT
HCS,Học Viện Hành Chính Và Quản Trị Công (phía Nam),7380101-01-TP-HCM,Chuyên ngành Thanh tra thuộc ngành Luật,C00,2025,25.5,,THPT
HCS,Học Viện Hành Chính Và Quản Trị Công (phía Nam),7380101-01-TP-HCM,Chuyên ngành Thanh tra thuộc ngành Luật,C00,2025,25.5,,THPT
HCS,Học Viện Hành Chính Và Quản Trị Công (phía Nam),7380101-01-TP-HCM,Chuyên ngành Thanh tra thuộc ngành Luật,D01,2025,25.5,,THPT
HCS,Học Viện Hành Chính Và Quản Trị Công (phía Nam),7380101-01-TP-HCM,Chuyên ngành Thanh tra thuộc ngành Luật,D01,2025,25.5,,THPT
HCS,Học Viện Hành Chính Và Quản Trị Công (phía Nam),7380101-TP-HCM,Luật,A01,2025,26.4,,THPT
HCS,Học Viện Hành Chính Và Quản Trị Công (phía Nam),7380101-TP-HCM,Luật,A01,2025,26.4,,THPT
HCS,Học Viện Hành Chính Và Quản Trị Công (phía Nam),7380101-TP-HCM,Luật,C00,2025,26.4,,THPT
HCS,Học Viện Hành Chính Và Quản Trị Công (phía Nam),7380101-TP-HCM,Luật,C00,2025,26.4,,THPT
HCS,Học Viện Hành Chính Và Quản Trị Công (phía Nam),7380101-TP-HCM,Luật,D01,2025,26.4,,THPT
HCS,Học Viện Hành Chính Và Quản Trị Công (phía Nam),7380101-TP-HCM,Luật,D01,2025,26.4,,THPT
HCS,Học Viện Hành Chính Và Quản Trị Công (phía Nam),7380101-Đắk Lắk,Luật,A00,2025,18.0,,THPT
HCS,Học Viện Hành Chính Và Quản Trị Công (phía Nam),7380101-Đắk Lắk,Luật,A01,2025,18.0,,THPT
HCS,Học Viện Hành Chính Và Quản Trị Công (phía Nam),7380101-Đắk Lắk,Luật,C00,2025,18.0,,THPT
HCS,Học Viện Hành Chính Và Quản Trị Công (phía Nam),7380101-Đắk Lắk,Luật,D01,2025,18.0,,THPT
HDT,Trường Đại Học Hồng Đức,7140202,Giáo dục Tiểu học,D01,2025,25.13,,THPT
HDT,Đại học Hồng Đức,7140202,Giáo dục Tiểu học,D01,2025,25.13,,THPT
HDT,Đại học Hồng Đức,7140209,Sư phạm Toán học,A00,2025,27.22,,THPT
HDT,Trường Đại Học Hồng Đức,7140209,Sư phạm Toán học,A00,2025,27.97,,THPT
HDT,Trường Đại Học Hồng Đức,7140209,Sư phạm Toán học,A01,2025,27.97,,THPT
HDT,Đại học Hồng Đức,7140210,Sư phạm Tin học (Chuyên ngành Tin học – Công nghệ Tiểu học),A00,2025,24.46,,THPT
HDT,Trường Đại Học Hồng Đức,7140210,Sư phạm Tin học,A00,2025,23.21,,THPT
HDT,Trường Đại Học Hồng Đức,7140210,Sư phạm Tin học,A01,2025,23.21,,THPT
HDT,Đại học Hồng Đức,7140211,Sư phạm Vật lý,A00,2025,26.38,,THPT
HDT,Trường Đại Học Hồng Đức,7140211,Sư phạm Vật lý,A00,2025,25.13,,THPT
HDT,Trường Đại Học Hồng Đức,7140211,Sư phạm Vật lý,A01,2025,25.13,,THPT
HDT,Đại học Hồng Đức,7140212,Sư phạm Hóa học,A00,2025,25.8,,THPT
HDT,Trường Đại Học Hồng Đức,7140212,Sư phạm Hóa học,A00,2025,27.05,,THPT
HDT,Trường Đại Học Hồng Đức,7140212,Sư phạm Hóa học,B00,2025,27.05,,THPT
HDT,Trường Đại Học Hồng Đức,7140212,Sư phạm Hóa học,D07,2025,27.05,,THPT
HDT,Trường Đại Học Hồng Đức,7140213,Sư phạm Sinh học,B00,2025,22.75,,THPT
HDT,Đại học Hồng Đức,7140213,Sư phạm Sinh học,B00,2025,22.75,,THPT
HDT,Đại học Hồng Đức,7140217,Sư phạm Ngữ văn,C00,2025,28.38,,THPT
HDT,Trường Đại Học Hồng Đức,7140217,Sư phạm Ngữ văn,C00,2025,28.38,,THPT
HDT,Đại học Hồng Đức,7140218,Sư phạm Lịch sử,C00,2025,28.13,,THPT
HDT,Trường Đại Học Hồng Đức,7140218,Sư phạm Lịch sử,C00,2025,28.13,,THPT
HDT,Đại học Hồng Đức,7140219,Sư phạm Địa lý,C00,2025,28.2,,THPT
HDT,Trường Đại Học Hồng Đức,7140219,Sư phạm Địa lý,C00,2025,28.2,,THPT
HDT,Trường Đại Học Hồng Đức,7140231,Sư phạm Tiếng Anh,A01,2025,25.57,,THPT
HDT,Đại học Hồng Đức,7140231,Sư phạm Tiếng Anh,D01,2025,25.32,,THPT
HDT,Trường Đại Học Hồng Đức,7140231,Sư phạm Tiếng Anh,D01,2025,25.57,,THPT
HDT,Trường Đại Học Hồng Đức,7140231,Sư phạm Tiếng Anh,D09,2025,25.57,,THPT
HDT,Trường Đại Học Hồng Đức,7140231,Sư phạm Tiếng Anh,D10,2025,25.57,,THPT
HDT,Đại học Hồng Đức,7140247,Sư phạm khoa học tự nhiên,A00,2025,25.02,,THPT
HDT,Trường Đại Học Hồng Đức,7140247,Sư phạm Khoa học Tự nhiên,A00,2025,22.27,,THPT
HDT,Trường Đại Học Hồng Đức,7140247,Sư phạm Khoa học Tự nhiên,A01,2025,22.27,,THPT
HDT,Đại học Hồng Đức,7140249,Sư phạm Lịch sử - Địa lý,C00,2025,27.9,,THPT
HDT,Trường Đại Học Hồng Đức,7140249,Sư phạm Lịch sử - Địa lý,C00,2025,27.9,,THPT
HDT,Đại học Hồng Đức,7220201,Ngôn ngữ Anh,D01,2025,17.5,,THPT
HDT,Trường Đại Học Hồng Đức,7220201,Ngôn ngữ Anh,D01,2025,17.5,,THPT
HDT,Đại học Hồng Đức,7229030,Văn học,C00,2025,16.0,,THPT
HDT,Trường Đại Học Hồng Đức,7229030,Văn học,C00,2025,16.0,,THPT
HDT,Trường Đại Học Hồng Đức,7310101,Kinh tế,D01,2025,16.0,,THPT
HDT,Trường Đại Học Hồng Đức,7310101,Kinh tế,D01,2025,16.0,,THPT
HDT,Đại học Hồng Đức,7310101,Kinh tế,D01,2025,16.0,,THPT
HDT,Đại học Hồng Đức,7310201,Chính trị học,C00,2025,16.0,,THPT
HDT,Trường Đại Học Hồng Đức,7310201,Chính trị học,C00,2025,16.0,,THPT
HDT,Trường Đại Học Hồng Đức,7310401,Tâm lý học,D01,2025,16.0,,THPT
HDT,Đại học Hồng Đức,7310401,Tâm lý học,D01,2025,16.0,,THPT
HDT,Trường Đại Học Hồng Đức,7320104,Truyền thông đa phương tiện,D01,2025,14.25,,THPT
HDT,Trường Đại Học Hồng Đức,7320104,Truyền thông đa phương tiện,D01,2025,14.25,,THPT
HDT,Đại học Hồng Đức,7320104,Truyền thông đa phương tiện,D01,2025,16.0,,THPT
HDT,Trường Đại Học Hồng Đức,7340101,Quản trị kinh doanh,D01,2025,16.25,,THPT
HDT,Trường Đại Học Hồng Đức,7340101,Quản trị kinh doanh,D01,2025,16.25,,THPT
HDT,Đại học Hồng Đức,7340101,Quản trị Kinh doanh,D01,2025,18.0,,THPT
HDT,Trường Đại Học Hồng Đức,7340201,Tài chính - Ngân hàng,D01,2025,17.75,,THPT
HDT,Trường Đại Học Hồng Đức,7340201,Tài chính - Ngân hàng,D01,2025,17.75,,THPT
HDT,Đại học Hồng Đức,7340201,Tài chính – Ngân hàng,D01,2025,16.0,,THPT
HDT,Trường Đại Học Hồng Đức,7340301,Kế toán,D01,2025,16.25,,THPT
HDT,Trường Đại Học Hồng Đức,7340301,Kế toán,D01,2025,16.25,,THPT
HDT,Đại học Hồng Đức,7340301,Kế toán,D01,2025,18.0,,THPT
HDT,Trường Đại Học Hồng Đức,7340302,Kiểm toán,D01,2025,14.25,,THPT
HDT,Trường Đại Học Hồng Đức,7340302,Kiểm toán,D01,2025,14.25,,THPT
HDT,Đại học Hồng Đức,7340302,Kiểm toán,D01,2025,16.0,,THPT
HDT,Đại học Hồng Đức,7380101,Ngành Luật,C00,2025,18.0,,THPT
HDT,Trường Đại Học Hồng Đức,7380101,Luật,C00,2025,18.0,,THPT
HDT,Trường Đại Học Hồng Đức,7380107,Luật Kinh tế,D01,2025,16.25,,THPT
HDT,Trường Đại Học Hồng Đức,7380107,Luật Kinh tế,D01,2025,16.25,,THPT
HDT,Đại học Hồng Đức,7380107,Luật kinh tế,D01,2025,18.0,,THPT
HDT,Đại học Hồng Đức,7440122,Khoa học vật liệu,A00,2025,16.0,,THPT
HDT,Trường Đại Học Hồng Đức,7440122,Khoa học vật liệu,A00,2025,14.75,,THPT
HDT,Trường Đại Học Hồng Đức,7440122,Khoa học vật liệu,A00,2025,14.75,,THPT
HDT,Trường Đại Học Hồng Đức,7440122,Khoa học vật liệu,A01,2025,14.75,,THPT
HDT,Trường Đại Học Hồng Đức,7440122,Khoa học vật liệu,A01,2025,14.75,,THPT
HDT,Trường Đại Học Hồng Đức,7460101,Toán học,D01,2025,18.0,,THPT
HDT,Trường Đại Học Hồng Đức,7480201,Công nghệ thông tin,D01,2025,17.5,,THPT
HDT,Đại học Hồng Đức,7480201,Công nghệ thông tin,D01,2025,17.5,,THPT
HDT,Trường Đại Học Hồng Đức,7510605,Logistics và QL chuỗi cung ứng,D01,2025,16.25,,THPT
HDT,Trường Đại Học Hồng Đức,7510605,Logistics và QL chuỗi cung ứng,D01,2025,16.25,,THPT
HDT,Đại học Hồng Đức,7510605,Logistics và Quản lý chuỗi cung ứng,D01,2025,18.0,,THPT
HDT,Trường Đại Học Hồng Đức,7520201,Kỹ thuật điện,D01,2025,14.75,,THPT
HDT,Trường Đại Học Hồng Đức,7520201,Kỹ thuật điện,D01,2025,14.75,,THPT
HDT,Đại học Hồng Đức,7520201,Kỹ thuật điện,D01,2025,16.5,,THPT
HDT,Trường Đại Học Hồng Đức,7580201,Kỹ thuật xây dựng,D01,2025,14.25,,THPT
HDT,Trường Đại Học Hồng Đức,7580201,Kỹ thuật xây dựng,D01,2025,14.25,,THPT
HDT,Đại học Hồng Đức,7580201,Kỹ thuật xây dựng,D01,2025,16.0,,THPT
HDT,Trường Đại Học Hồng Đức,7760101,Công tác xã hội,D01,2025,16.0,,THPT
HDT,Đại học Hồng Đức,7760101,Công tác xã hội,D01,2025,16.0,,THPT
HDT,Trường Đại Học Hồng Đức,7810101,Du lịch,D01,2025,16.0,,THPT
HDT,Đại học Hồng Đức,7810101,Du lịch,D01,2025,16.0,,THPT
HDT,Trường Đại Học Hồng Đức,7810201,Quản trị khách sạn,D01,2025,16.0,,THPT
HDT,Đại học Hồng Đức,7810201,Quản trị khách sạn,D01,2025,16.0,,THPT
HEH,Học Viện Hậu Cần - Hệ Quân sự,7860218_Nam_B_A00,Hậu cần quân sự (Thí sinh Nam miền Bắc),A00,2025,26.0,,THPT
HEH,Học Viện Hậu Cần - Hệ Quân sự,7860218_Nam_B_A01,Hậu cần quân sự (Thí sinh Nam miền Bắc),A01,2025,26.0,,THPT
HEH,Học Viện Hậu Cần - Hệ Quân sự,7860218_Nam_N_A00,Hậu cần quân sự (Thí sinh Nam miền Nam),A00,2025,23.67,,THPT
HEH,Học Viện Hậu Cần - Hệ Quân sự,7860218_Nam_N_A01,Hậu cần quân sự (Thí sinh Nam miền Nam),A01,2025,23.67,,THPT
HEH,Học Viện Hậu Cần - Hệ Quân sự,7860218_Nu_B_A00,Hậu cần quân sự (Thí sinh Nữ miền Bắc),A00,2025,28.33,,THPT
HEH,Học Viện Hậu Cần - Hệ Quân sự,7860218_Nu_B_A01,Hậu cần quân sự (Thí sinh Nữ miền Bắc),A01,2025,28.33,,THPT
HEH,Học Viện Hậu Cần - Hệ Quân sự,7860218_Nu_N_A00,Hậu cần quân sự (Thí sinh Nữ miền Nam),A00,2025,27.83,,THPT
HEH,Học Viện Hậu Cần - Hệ Quân sự,7860218_Nu_N_A01,Hậu cần quân sự (Thí sinh Nữ miền Nam),A01,2025,27.83,,THPT
HEH,Học viện Hậu Cần - Hệ Quân sự,7860218|11A00,Thí sinh Nữ miền Bắc,A00,2025,28.33,,THPT
HEH,Học viện Hậu Cần - Hệ Quân sự,7860218|12A00,Hậu cần quân sự (Nữ - Phía Nam),A00,2025,27.83,,THPT
HEH,Học viện Hậu Cần - Hệ Quân sự,7860218|12A01,Hậu cần quân sự (Nữ - Phía Bắc),A01,2025,28.33,,THPT
HEH,Học viện Hậu Cần - Hệ Quân sự,7860218|21A00,Hậu cần quân sự (Nam - Phía Bắc),A00,2025,26.0,,THPT
HEH,Học viện Hậu Cần - Hệ Quân sự,7860218|21A01,Hậu cần quân sự (Nam - Phía Bắc),A01,2025,26.0,,THPT
HEH,Học viện Hậu Cần - Hệ Quân sự,7860218|22A00,Hậu cần quân sự (Nam - Phía Nam),A00,2025,23.67,,THPT
HEH,Học viện Hậu Cần - Hệ Quân sự,7860218|22A01,Hậu cần quân sự (Nam - Phía Nam),A01,2025,23.67,,THPT
HFH,Học Viện Hậu Cần - Hệ Dân sự,7340201,Tài chính - Ngân hàng  (Đào tạo hệ Dân sự),A00,2025,18.0,,THPT
HFH,Học Viện Hậu Cần - Hệ Dân sự,7340201,Tài chính - Ngân hàng  (Đào tạo hệ Dân sự),A01,2025,18.0,,THPT
HFH,Học Viện Hậu Cần - Hệ Dân sự,7340301,Kế toán  (Đào tạo hệ Dân sự),A00,2025,18.0,,THPT
HFH,Học Viện Hậu Cần - Hệ Dân sự,7340301,Kế toán  (Đào tạo hệ Dân sự),A01,2025,18.0,,THPT
HFH,Học Viện Hậu Cần - Hệ Dân sự,7580201,Kỹ thuật xây dựng  (Đào tạo hệ Dân sự),A00,2025,18.0,,THPT
HFH,Học Viện Hậu Cần - Hệ Dân sự,7580201,Kỹ thuật xây dựng  (Đào tạo hệ Dân sự),A01,2025,18.0,,THPT
HGH,Trường Sĩ Quan Phòng Hóa,7860229_B,Ngành Chỉ huy Kỹ thuật hóa học (Thí sinh ở miền Bắc),A00,2025,22.99,,THPT
HGH,Trường Sĩ Quan Phòng Hóa,7860229_B,Ngành Chỉ huy Kỹ thuật hóa học (Thí sinh ở miền Bắc),A01,2025,22.99,,THPT
HGH,Trường Sĩ Quan Phòng Hóa,7860229_B,Ngành Chỉ huy Kỹ thuật hóa học (Thí sinh ở miền Bắc),D07,2025,22.99,,THPT
HGH,Trường Sĩ Quan Phòng Hóa,7860229_N,Ngành Chỉ huy Kỹ thuật hóa học (Thí sinh ở miền Nam),A00,2025,22.45,,THPT
HGH,Trường Sĩ Quan Phòng Hóa,7860229_N,Ngành Chỉ huy Kỹ thuật hóa học (Thí sinh ở miền Nam),A01,2025,22.45,,THPT
HGH,Trường Sĩ Quan Phòng Hóa,7860229_N,Ngành Chỉ huy Kỹ thuật hóa học (Thí sinh ở miền Nam),D07,2025,22.45,,THPT
HGH,Trường Sĩ Quan Phòng Hóa,7860229|21A00,Ngành Chỉ huy Kỹ thuật Hóa học (Thí sinh Nam miền Bắc),A00,2025,22.99,,THPT
HGH,Trường Sĩ Quan Phòng Hóa,7860229|21A00,Ngành Chỉ huy Kỹ thuật Hóa học (Thí sinh Nam miền Bắc),A01,2025,22.99,,THPT
HGH,Trường Sĩ Quan Phòng Hóa,7860229|22A00,Chỉ huy Kỹ thuật Hóa học (Thí sinh Nam miền Nam),A00,2025,22.45,,THPT
HGH,Trường Sĩ Quan Phòng Hóa,7860229|22A00,Chỉ huy Kỹ thuật Hóa học (Thí sinh Nam miền Nam),A01,2025,22.45,,THPT
HHA,Đại học Hàng hải Việt Nam,A403,Quản lý kinh doanh & Marketing tiên tiến,A01,2025,20.75,,THPT
HHA,Đại học Hàng hải Việt Nam,A403,Quản lý kinh doanh & Marketing tiên tiến,D01,2025,20.75,,THPT
HHA,Đại học Hàng hải Việt Nam,A403,Quản lý kinh doanh & Marketing tiên tiến,D09,2025,20.75,,THPT
HHA,Đại học Hàng hải Việt Nam,A403,Quản lý kinh doanh & Marketing tiên tiến,D10,2025,20.75,,THPT
HHA,Đại học Hàng hải Việt Nam,A404,Quản lý kinh doanh TMĐT tiên tiến,A01,2025,20.0,,THPT
HHA,Đại học Hàng hải Việt Nam,A404,Quản lý kinh doanh TMĐT tiên tiến,D01,2025,20.0,,THPT
HHA,Đại học Hàng hải Việt Nam,A404,Quản lý kinh doanh TMĐT tiên tiến,D09,2025,20.0,,THPT
HHA,Đại học Hàng hải Việt Nam,A404,Quản lý kinh doanh TMĐT tiên tiến,D10,2025,20.0,,THPT
HHA,Đại học Hàng hải Việt Nam,A408,Kinh tế Hàng hài &Toàn cầu hoá,A01,2025,20.25,,THPT
HHA,Đại học Hàng hải Việt Nam,A408,Kinh tế Hàng hài &Toàn cầu hoá,D01,2025,20.25,,THPT
HHA,Đại học Hàng hải Việt Nam,A408,Kinh tế Hàng hài &Toàn cầu hoá,D09,2025,20.25,,THPT
HHA,Đại học Hàng hải Việt Nam,A408,Kinh tế Hàng hài &Toàn cầu hoá,D10,2025,20.25,,THPT
HHA,Đại học Hàng hải Việt Nam,D101,Điều khiển tàu biển,A00,2025,22.25,,THPT
HHA,Đại học Hàng hải Việt Nam,D101,Điều khiển tàu biển,A01,2025,22.25,,THPT
HHA,Đại học Hàng hải Việt Nam,D101,Điều khiển tàu biển,D01,2025,22.25,,THPT
HHA,Đại học Hàng hải Việt Nam,D102,Khai thác máy tàu biển,A00,2025,21.0,,THPT
HHA,Đại học Hàng hải Việt Nam,D102,Khai thác máy tàu biển,A01,2025,21.0,,THPT
HHA,Đại học Hàng hải Việt Nam,D102,Khai thác máy tàu biển,D01,2025,21.0,,THPT
HHA,Đại học Hàng hải Việt Nam,D103,Điện tự động tàu thủy,A00,2025,20.5,,THPT
HHA,Đại học Hàng hải Việt Nam,D103,Điện tự động tàu thủy,A01,2025,20.5,,THPT
HHA,Đại học Hàng hải Việt Nam,D103,Điện tự động tàu thủy,D01,2025,20.5,,THPT
HHA,Đại học Hàng hải Việt Nam,D104,Điện tử viễn thông,A00,2025,22.0,,THPT
HHA,Đại học Hàng hải Việt Nam,D104,Điện tử viễn thông,A01,2025,22.0,,THPT
HHA,Đại học Hàng hải Việt Nam,D104,Điện tử viễn thông,D01,2025,22.0,,THPT
HHA,Đại học Hàng hải Việt Nam,D105,Điện tự động công nghiệp,A00,2025,23.5,,THPT
HHA,Đại học Hàng hải Việt Nam,D105,Điện tự động công nghiệp,A01,2025,23.5,,THPT
HHA,Đại học Hàng hải Việt Nam,D105,Điện tự động công nghiệp,D01,2025,23.5,,THPT
HHA,Đại học Hàng hải Việt Nam,D106,Máy tàu thủy,A00,2025,20.5,,THPT
HHA,Đại học Hàng hải Việt Nam,D106,Máy tàu thủy,A01,2025,20.5,,THPT
HHA,Đại học Hàng hải Việt Nam,D106,Máy tàu thủy,D01,2025,20.5,,THPT
HHA,Đại học Hàng hải Việt Nam,D107,Thiết kế tàu và công trình ngoài khơi,A00,2025,20.0,,THPT
HHA,Đại học Hàng hải Việt Nam,D107,Thiết kế tàu và công trình ngoài khơi,A01,2025,20.0,,THPT
HHA,Đại học Hàng hải Việt Nam,D107,Thiết kế tàu và công trình ngoài khơi,D01,2025,20.0,,THPT
HHA,Đại học Hàng hải Việt Nam,D108,Đóng tàu và công trình ngoài khơi,A00,2025,19.5,,THPT
HHA,Đại học Hàng hải Việt Nam,D108,Đóng tàu và công trình ngoài khơi,A01,2025,19.5,,THPT
HHA,Đại học Hàng hải Việt Nam,D108,Đóng tàu và công trình ngoài khơi,D01,2025,19.5,,THPT
HHA,Đại học Hàng hải Việt Nam,D109,Máy và tự động hóa xếp dỡ,A00,2025,20.25,,THPT
HHA,Đại học Hàng hải Việt Nam,D109,Máy và tự động hóa xếp dỡ,A01,2025,20.25,,THPT
HHA,Đại học Hàng hải Việt Nam,D109,Máy và tự động hóa xếp dỡ,D01,2025,20.25,,THPT
HHA,Đại học Hàng hải Việt Nam,D110,Xây dựng công trình thủy,A00,2025,19.0,,THPT
HHA,Đại học Hàng hải Việt Nam,D110,Xây dựng công trình thủy,A01,2025,19.0,,THPT
HHA,Đại học Hàng hải Việt Nam,D110,Xây dựng công trình thủy,D01,2025,19.0,,THPT
HHA,Đại học Hàng hải Việt Nam,D111,Kỹ thuật an toàn hàng hải,A00,2025,20.5,,THPT
HHA,Đại học Hàng hải Việt Nam,D111,Kỹ thuật an toàn hàng hải,A01,2025,20.5,,THPT
HHA,Đại học Hàng hải Việt Nam,D111,Kỹ thuật an toàn hàng hải,D01,2025,20.5,,THPT
HHA,Đại học Hàng hải Việt Nam,D112,Xây dựng dân dụng và công nghiệp,A00,2025,19.5,,THPT
HHA,Đại học Hàng hải Việt Nam,D112,Xây dựng dân dụng và công nghiệp,A01,2025,19.5,,THPT
HHA,Đại học Hàng hải Việt Nam,D112,Xây dựng dân dụng và công nghiệp,D01,2025,19.5,,THPT
HHA,Đại học Hàng hải Việt Nam,D113,Kỹ thuật cầu đường,A00,2025,19.0,,THPT
HHA,Đại học Hàng hải Việt Nam,D113,Kỹ thuật cầu đường,A01,2025,19.0,,THPT
HHA,Đại học Hàng hải Việt Nam,D113,Kỹ thuật cầu đường,D01,2025,19.0,,THPT
HHA,Đại học Hàng hải Việt Nam,D114,"Công nghệ thông tin,",A00,2025,23.5,,THPT
HHA,Đại học Hàng hải Việt Nam,D114,"Công nghệ thông tin,",A01,2025,23.5,,THPT
HHA,Đại học Hàng hải Việt Nam,D114,"Công nghệ thông tin,",D01,2025,23.5,,THPT
HHA,Đại học Hàng hải Việt Nam,D115,"Kỹ thuật môi trường,",A00,2025,20.75,,THPT
HHA,Đại học Hàng hải Việt Nam,D115,"Kỹ thuật môi trường,",A01,2025,20.75,,THPT
HHA,Đại học Hàng hải Việt Nam,D115,"Kỹ thuật môi trường,",D01,2025,20.75,,THPT
HHA,Đại học Hàng hải Việt Nam,D116,Kỹ thuật cơ khí,A00,2025,21.75,,THPT
HHA,Đại học Hàng hải Việt Nam,D116,Kỹ thuật cơ khí,A01,2025,21.75,,THPT
HHA,Đại học Hàng hải Việt Nam,D116,Kỹ thuật cơ khí,D01,2025,21.75,,THPT
HHA,Đại học Hàng hải Việt Nam,D117,Kỹ thuật cơ điện tử,A00,2025,22.75,,THPT
HHA,Đại học Hàng hải Việt Nam,D117,Kỹ thuật cơ điện tử,A01,2025,22.75,,THPT
HHA,Đại học Hàng hải Việt Nam,D117,Kỹ thuật cơ điện tử,D01,2025,22.75,,THPT
HHA,Đại học Hàng hải Việt Nam,D118,Công nghệ phần mềm,A00,2025,22.25,,THPT
HHA,Đại học Hàng hải Việt Nam,D118,Công nghệ phần mềm,A01,2025,22.25,,THPT
HHA,Đại học Hàng hải Việt Nam,D118,Công nghệ phần mềm,D01,2025,22.25,,THPT
HHA,Đại học Hàng hải Việt Nam,D119,Kỹ thuật truyền thông và mạng máy tính,A00,2025,21.5,,THPT
HHA,Đại học Hàng hải Việt Nam,D119,Kỹ thuật truyền thông và mạng máy tính,A01,2025,21.5,,THPT
HHA,Đại học Hàng hải Việt Nam,D119,Kỹ thuật truyền thông và mạng máy tính,D01,2025,21.5,,THPT
HHA,Đại học Hàng hải Việt Nam,D120,Luật hàng hải,C00,2025,23.25,,THPT
HHA,Đại học Hàng hải Việt Nam,D120,Luật hàng hải,D01,2025,23.25,,THPT
HHA,Đại học Hàng hải Việt Nam,D121,Tự động hóa hệ thống điện,A00,2025,22.25,,THPT
HHA,Đại học Hàng hải Việt Nam,D121,Tự động hóa hệ thống điện,A01,2025,22.25,,THPT
HHA,Đại học Hàng hải Việt Nam,D121,Tự động hóa hệ thống điện,D01,2025,22.25,,THPT
HHA,Đại học Hàng hải Việt Nam,D122,Kỹ thuật ôtô,A00,2025,22.5,,THPT
HHA,Đại học Hàng hải Việt Nam,D122,Kỹ thuật ôtô,A01,2025,22.5,,THPT
HHA,Đại học Hàng hải Việt Nam,D122,Kỹ thuật ôtô,D01,2025,22.5,,THPT
HHA,Đại học Hàng hải Việt Nam,D123,Kỹ thuật nhiệt lạnh,A00,2025,20.5,,THPT
HHA,Đại học Hàng hải Việt Nam,D123,Kỹ thuật nhiệt lạnh,A01,2025,20.5,,THPT
HHA,Đại học Hàng hải Việt Nam,D123,Kỹ thuật nhiệt lạnh,D01,2025,20.5,,THPT
HHA,Đại học Hàng hải Việt Nam,D124,Tiếng Anh thương mại,A01,2025,27.0,,THPT
HHA,Đại học Hàng hải Việt Nam,D124,Tiếng Anh thương mại,D01,2025,27.0,,THPT
HHA,Đại học Hàng hải Việt Nam,D124,Tiếng Anh thương mại,D09,2025,27.0,,THPT
HHA,Đại học Hàng hải Việt Nam,D124,Tiếng Anh thương mại,D10,2025,27.0,,THPT
HHA,Đại học Hàng hải Việt Nam,D125,Ngôn ngữ Anh,A01,2025,28.5,,THPT
HHA,Đại học Hàng hải Việt Nam,D125,Ngôn ngữ Anh,D01,2025,28.5,,THPT
HHA,Đại học Hàng hải Việt Nam,D125,Ngôn ngữ Anh,D09,2025,28.5,,THPT
HHA,Đại học Hàng hải Việt Nam,D125,Ngôn ngữ Anh,D10,2025,28.5,,THPT
HHA,Đại học Hàng hải Việt Nam,D126,Kỹ thuật hóa dầu,A00,2025,19.5,,THPT
HHA,Đại học Hàng hải Việt Nam,D126,Kỹ thuật hóa dầu,A01,2025,19.5,,THPT
HHA,Đại học Hàng hải Việt Nam,D126,Kỹ thuật hóa dầu,D01,2025,19.5,,THPT
HHA,Đại học Hàng hải Việt Nam,D127,Kiến trúc dân dụng và công nghiệp,A00,2025,19.0,,THPT
HHA,Đại học Hàng hải Việt Nam,D127,Kiến trúc dân dụng và công nghiệp,A01,2025,19.0,,THPT
HHA,Đại học Hàng hải Việt Nam,D127,Kiến trúc dân dụng và công nghiệp,D01,2025,19.0,,THPT
HHA,Đại học Hàng hải Việt Nam,D128,Máy và tự động công nghiệp,A00,2025,21.0,,THPT
HHA,Đại học Hàng hải Việt Nam,D128,Máy và tự động công nghiệp,A01,2025,21.0,,THPT
HHA,Đại học Hàng hải Việt Nam,D128,Máy và tự động công nghiệp,D01,2025,21.0,,THPT
HHA,Đại học Hàng hải Việt Nam,D129,Quản lý hàng hải,A00,2025,23.5,,THPT
HHA,Đại học Hàng hải Việt Nam,D129,Quản lý hàng hải,A01,2025,23.5,,THPT
HHA,Đại học Hàng hải Việt Nam,D129,Quản lý hàng hải,D01,2025,23.5,,THPT
HHA,Đại học Hàng hải Việt Nam,D130,Quản lý công trình xây dựng,A00,2025,20.25,,THPT
HHA,Đại học Hàng hải Việt Nam,D130,Quản lý công trình xây dựng,A01,2025,20.25,,THPT
HHA,Đại học Hàng hải Việt Nam,D130,Quản lý công trình xây dựng,D01,2025,20.25,,THPT
HHA,Đại học Hàng hải Việt Nam,D131,Quản lý kỹ thuật công nghiệp,A00,2025,21.75,,THPT
HHA,Đại học Hàng hải Việt Nam,D131,Quản lý kỹ thuật công nghiệp,A01,2025,21.75,,THPT
HHA,Đại học Hàng hải Việt Nam,D131,Quản lý kỹ thuật công nghiệp,D01,2025,21.75,,THPT
HHA,Đại học Hàng hải Việt Nam,D132,Luật kinh doanh,C00,2025,23.0,,THPT
HHA,Đại học Hàng hải Việt Nam,D132,Luật kinh doanh,D01,2025,23.0,,THPT
HHA,Đại học Hàng hải Việt Nam,D401,Kinh tế vận tải biển,A01,2025,23.7,,THPT
HHA,Đại học Hàng hải Việt Nam,D401,Kinh tế vận tải biển,D01,2025,23.7,,THPT
HHA,Đại học Hàng hải Việt Nam,D401,Kinh tế vận tải biển,D09,2025,23.7,,THPT
HHA,Đại học Hàng hải Việt Nam,D402,Kinh tế ngoại thương,A01,2025,23.75,,THPT
HHA,Đại học Hàng hải Việt Nam,D402,Kinh tế ngoại thương,D01,2025,23.75,,THPT
HHA,Đại học Hàng hải Việt Nam,D402,Kinh tế ngoại thương,D09,2025,23.75,,THPT
HHA,Đại học Hàng hải Việt Nam,D403,Quản trị kinh doanh,A01,2025,22.5,,THPT
HHA,Đại học Hàng hải Việt Nam,D403,Quản trị kinh doanh,D01,2025,22.5,,THPT
HHA,Đại học Hàng hải Việt Nam,D403,Quản trị kinh doanh,D09,2025,22.5,,THPT
HHA,Đại học Hàng hải Việt Nam,D404,Quản trị tài chính kế toán,A01,2025,22.15,,THPT
HHA,Đại học Hàng hải Việt Nam,D404,Quản trị tài chính kế toán,D01,2025,22.15,,THPT
HHA,Đại học Hàng hải Việt Nam,D404,Quản trị tài chính kế toán,D09,2025,22.15,,THPT
HHA,Đại học Hàng hải Việt Nam,D407,Logistics và chuỗi cung ứng,A01,2025,25.0,,THPT
HHA,Đại học Hàng hải Việt Nam,D407,Logistics và chuỗi cung ứng,D01,2025,25.0,,THPT
HHA,Đại học Hàng hải Việt Nam,D407,Logistics và chuỗi cung ứng,D09,2025,25.0,,THPT
HHA,Đại học Hàng hải Việt Nam,D409,Kinh doanh quốc tế và logistics,A01,2025,22.25,,THPT
HHA,Đại học Hàng hải Việt Nam,D409,Kinh doanh quốc tế và logistics,D01,2025,22.25,,THPT
HHA,Đại học Hàng hải Việt Nam,D409,Kinh doanh quốc tế và logistics,D09,2025,22.25,,THPT
HHA,Đại học Hàng hải Việt Nam,D409,Kinh doanh quốc tế và logistics,D10,2025,22.25,,THPT
HHA,Đại học Hàng hải Việt Nam,D410,Kinh tế vận tải thủy,A01,2025,22.75,,THPT
HHA,Đại học Hàng hải Việt Nam,D410,Kinh tế vận tải thủy,D01,2025,22.75,,THPT
HHA,Đại học Hàng hải Việt Nam,D410,Kinh tế vận tải thủy,D09,2025,22.75,,THPT
HHA,Đại học Hàng hải Việt Nam,D411,Quản trị tài chính ngân hàng,A01,2025,22.0,,THPT
HHA,Đại học Hàng hải Việt Nam,D411,Quản trị tài chính ngân hàng,D01,2025,22.0,,THPT
HHA,Đại học Hàng hải Việt Nam,D411,Quản trị tài chính ngân hàng,D09,2025,22.0,,THPT
HHA,Đại học Hàng hải Việt Nam,D412,Truyền thông Marketing,A01,2025,23.15,,THPT
HHA,Đại học Hàng hải Việt Nam,D412,Truyền thông Marketing,D01,2025,23.15,,THPT
HHA,Đại học Hàng hải Việt Nam,D412,Truyền thông Marketing,D09,2025,23.15,,THPT
HHA,Đại học Hàng hải Việt Nam,H105,Điện tự động công nghiệp chương trình nâng cao,A00,2025,19.5,,THPT
HHA,Đại học Hàng hải Việt Nam,H105,Điện tự động công nghiệp chương trình nâng cao,A01,2025,19.5,,THPT
HHA,Đại học Hàng hải Việt Nam,H105,Điện tự động công nghiệp chương trình nâng cao,D01,2025,19.5,,THPT
HHA,Đại học Hàng hải Việt Nam,H114,Công nghệ thông tin chương trình nâng cao,A00,2025,20.0,,THPT
HHA,Đại học Hàng hải Việt Nam,H114,Công nghệ thông tin chương trình nâng cao,A01,2025,20.0,,THPT
HHA,Đại học Hàng hải Việt Nam,H114,Công nghệ thông tin chương trình nâng cao,D01,2025,20.0,,THPT
HHA,Đại học Hàng hải Việt Nam,H401,Kinh tế vận tải biển,A01,2025,21.25,,THPT
HHA,Đại học Hàng hải Việt Nam,H401,Kinh tế vận tải biển,D01,2025,21.25,,THPT
HHA,Đại học Hàng hải Việt Nam,H401,Kinh tế vận tải biển,D09,2025,21.25,,THPT
HHA,Đại học Hàng hải Việt Nam,H402,Kinh tế ngoại thương,A01,2025,21.65,,THPT
HHA,Đại học Hàng hải Việt Nam,H402,Kinh tế ngoại thương,D01,2025,21.65,,THPT
HHA,Đại học Hàng hải Việt Nam,H402,Kinh tế ngoại thương,D09,2025,21.65,,THPT
HHA,Đại học Hàng hải Việt Nam,S101,Điều khiển tàu biển lớp chọn,A00,2025,20.75,,THPT
HHA,Đại học Hàng hải Việt Nam,S101,Điều khiển tàu biển lớp chọn,A01,2025,20.75,,THPT
HHA,Đại học Hàng hải Việt Nam,S101,Điều khiển tàu biển lớp chọn,D01,2025,20.75,,THPT
HHA,Đại học Hàng hải Việt Nam,S102,Khai thác máy tàu biển lớp chọn,A00,2025,19.5,,THPT
HHA,Đại học Hàng hải Việt Nam,S102,Khai thác máy tàu biển lớp chọn,A01,2025,19.5,,THPT
HHA,Đại học Hàng hải Việt Nam,S102,Khai thác máy tàu biển lớp chọn,D01,2025,19.5,,THPT
HHK,Học Viện Hàng không Việt Nam,7220201,Ngôn ngữ Anh,A01,2025,20.0,,THPT
HHK,Học Viện Hàng không Việt Nam,7220201,Ngôn ngữ Anh,D01,2025,20.0,,THPT
HHK,Học Viện Hàng không Việt Nam,7220201,Ngôn ngữ Anh,D07,2025,20.0,,THPT
HHK,Học Viện Hàng không Việt Nam,7220201,Ngôn ngữ Anh,D09,2025,20.0,,THPT
HHK,Học Viện Hàng không Việt Nam,7220201,Ngôn ngữ Anh,D10,2025,20.0,,THPT
HHK,Học Viện Hàng không Việt Nam,7340101,Quản trị kinh doanh,A00,2025,21.0,,THPT
HHK,Học Viện Hàng không Việt Nam,7340101,Quản trị kinh doanh,A01,2025,21.0,,THPT
HHK,Học Viện Hàng không Việt Nam,7340101,Quản trị kinh doanh,B00,2025,21.0,,THPT
HHK,Học Viện Hàng không Việt Nam,7340101,Quản trị kinh doanh,C00,2025,21.0,,THPT
HHK,Học Viện Hàng không Việt Nam,7340101,Quản trị kinh doanh,D01,2025,21.0,,THPT
HHK,Học Viện Hàng không Việt Nam,7340101,Quản trị kinh doanh,D07,2025,21.0,,THPT
HHK,Học Viện Hàng không Việt Nam,7340101,Quản trị kinh doanh,D09,2025,21.0,,THPT
HHK,Học Viện Hàng không Việt Nam,7340101,Quản trị kinh doanh,D10,2025,21.0,,THPT
HHK,Học Viện Hàng không Việt Nam,7340101D,Kinh doanh số (Ngành: QTKD),A00,2025,20.0,,THPT
HHK,Học Viện Hàng không Việt Nam,7340101D,Kinh doanh số (Ngành: QTKD),A01,2025,20.0,,THPT
HHK,Học Viện Hàng không Việt Nam,7340101D,Kinh doanh số (Ngành: QTKD),B00,2025,20.0,,THPT
HHK,Học Viện Hàng không Việt Nam,7340101D,Kinh doanh số (Ngành: QTKD),C00,2025,20.0,,THPT
HHK,Học Viện Hàng không Việt Nam,7340101D,Kinh doanh số (Ngành: QTKD),D01,2025,20.0,,THPT
HHK,Học Viện Hàng không Việt Nam,7340101D,Kinh doanh số (Ngành: QTKD),D07,2025,20.0,,THPT
HHK,Học Viện Hàng không Việt Nam,7340101D,Kinh doanh số (Ngành: QTKD),D09,2025,20.0,,THPT
HHK,Học Viện Hàng không Việt Nam,7340101D,Kinh doanh số (Ngành: QTKD),D10,2025,20.0,,THPT
HHK,Học Viện Hàng không Việt Nam,7340101E,Quản trị Hàng không (học bằng Tiếng Anh),A01,2025,21.0,,THPT
HHK,Học Viện Hàng không Việt Nam,7340101E,Quản trị Hàng không (học bằng Tiếng Anh),D01,2025,21.0,,THPT
HHK,Học Viện Hàng không Việt Nam,7340101E,Quản trị Hàng không (học bằng Tiếng Anh),D07,2025,21.0,,THPT
HHK,Học Viện Hàng không Việt Nam,7340101E,Quản trị Hàng không (học bằng Tiếng Anh),D09,2025,21.0,,THPT
HHK,Học Viện Hàng không Việt Nam,7340101E,Quản trị Hàng không (học bằng Tiếng Anh),D10,2025,21.0,,THPT
HHK,Học Viện Hàng không Việt Nam,7340115,Marketing,A00,2025,24.5,,THPT
HHK,Học Viện Hàng không Việt Nam,7340115,Marketing,A01,2025,24.5,,THPT
HHK,Học Viện Hàng không Việt Nam,7340115,Marketing,B00,2025,24.5,,THPT
HHK,Học Viện Hàng không Việt Nam,7340115,Marketing,C00,2025,24.5,,THPT
HHK,Học Viện Hàng không Việt Nam,7340115,Marketing,D01,2025,24.5,,THPT
HHK,Học Viện Hàng không Việt Nam,7340115,Marketing,D07,2025,24.5,,THPT
HHK,Học Viện Hàng không Việt Nam,7340115,Marketing,D09,2025,24.5,,THPT
HHK,Học Viện Hàng không Việt Nam,7340115,Marketing,D10,2025,24.5,,THPT
HHK,Học Viện Hàng không Việt Nam,7340120,Thương mại quốc tế (Ngành: Kinh doanh quốc tế),A00,2025,23.0,,THPT
HHK,Học Viện Hàng không Việt Nam,7340120,Thương mại quốc tế (Ngành: Kinh doanh quốc tế),A01,2025,23.0,,THPT
HHK,Học Viện Hàng không Việt Nam,7340120,Thương mại quốc tế (Ngành: Kinh doanh quốc tế),B00,2025,23.0,,THPT
HHK,Học Viện Hàng không Việt Nam,7340120,Thương mại quốc tế (Ngành: Kinh doanh quốc tế),C00,2025,23.0,,THPT
HHK,Học Viện Hàng không Việt Nam,7340120,Thương mại quốc tế (Ngành: Kinh doanh quốc tế),D01,2025,23.0,,THPT
HHK,Học Viện Hàng không Việt Nam,7340120,Thương mại quốc tế (Ngành: Kinh doanh quốc tế),D07,2025,23.0,,THPT
HHK,Học Viện Hàng không Việt Nam,7340120,Thương mại quốc tế (Ngành: Kinh doanh quốc tế),D09,2025,23.0,,THPT
HHK,Học Viện Hàng không Việt Nam,7340120,Thương mại quốc tế (Ngành: Kinh doanh quốc tế),D10,2025,23.0,,THPT
HHK,Học Viện Hàng không Việt Nam,7340404,Quản trị nhân lực,A00,2025,21.5,,THPT
HHK,Học Viện Hàng không Việt Nam,7340404,Quản trị nhân lực,A01,2025,21.5,,THPT
HHK,Học Viện Hàng không Việt Nam,7340404,Quản trị nhân lực,B00,2025,21.5,,THPT
HHK,Học Viện Hàng không Việt Nam,7340404,Quản trị nhân lực,C00,2025,21.5,,THPT
HHK,Học Viện Hàng không Việt Nam,7340404,Quản trị nhân lực,D01,2025,21.5,,THPT
HHK,Học Viện Hàng không Việt Nam,7340404,Quản trị nhân lực,D07,2025,21.5,,THPT
HHK,Học Viện Hàng không Việt Nam,7340404,Quản trị nhân lực,D09,2025,21.5,,THPT
HHK,Học Viện Hàng không Việt Nam,7340404,Quản trị nhân lực,D10,2025,21.5,,THPT
HHK,Học Viện Hàng không Việt Nam,7480201B,Trí tuệ nhân tạo và Dữ liệu lớn (Ngành: CNTT),A00,2025,18.0,,THPT
HHK,Học Viện Hàng không Việt Nam,7480201B,Trí tuệ nhân tạo và Dữ liệu lớn (Ngành: CNTT),A01,2025,18.0,,THPT
HHK,Học Viện Hàng không Việt Nam,7480201B,Trí tuệ nhân tạo và Dữ liệu lớn (Ngành: CNTT),B00,2025,18.0,,THPT
HHK,Học Viện Hàng không Việt Nam,7480201B,Trí tuệ nhân tạo và Dữ liệu lớn (Ngành: CNTT),D01,2025,18.0,,THPT
HHK,Học Viện Hàng không Việt Nam,7480201B,Trí tuệ nhân tạo và Dữ liệu lớn (Ngành: CNTT),D07,2025,18.0,,THPT
HHK,Học Viện Hàng không Việt Nam,7480201B,Trí tuệ nhân tạo và Dữ liệu lớn (Ngành: CNTT),D09,2025,18.0,,THPT
HHK,Học Viện Hàng không Việt Nam,7480201B,Trí tuệ nhân tạo và Dữ liệu lớn (Ngành: CNTT),D10,2025,18.0,,THPT
HHK,Học Viện Hàng không Việt Nam,7480201I,Trí tuệ nhân tạo và Internet vạn vật (Ngành: CNTT),A00,2025,18.0,,THPT
HHK,Học Viện Hàng không Việt Nam,7480201I,Trí tuệ nhân tạo và Internet vạn vật (Ngành: CNTT),A01,2025,18.0,,THPT
HHK,Học Viện Hàng không Việt Nam,7480201I,Trí tuệ nhân tạo và Internet vạn vật (Ngành: CNTT),B00,2025,18.0,,THPT
HHK,Học Viện Hàng không Việt Nam,7480201I,Trí tuệ nhân tạo và Internet vạn vật (Ngành: CNTT),D01,2025,18.0,,THPT
HHK,Học Viện Hàng không Việt Nam,7480201I,Trí tuệ nhân tạo và Internet vạn vật (Ngành: CNTT),D07,2025,18.0,,THPT
HHK,Học Viện Hàng không Việt Nam,7480201I,Trí tuệ nhân tạo và Internet vạn vật (Ngành: CNTT),D09,2025,18.0,,THPT
HHK,Học Viện Hàng không Việt Nam,7480201I,Trí tuệ nhân tạo và Internet vạn vật (Ngành: CNTT),D10,2025,18.0,,THPT
HHK,Học Viện Hàng không Việt Nam,7480201S,Công nghệ phần mềm và Trí tuệ nhân tạo (Ngành: CNTT),A00,2025,18.0,,THPT
HHK,Học Viện Hàng không Việt Nam,7480201S,Công nghệ phần mềm và Trí tuệ nhân tạo (Ngành: CNTT),A01,2025,18.0,,THPT
HHK,Học Viện Hàng không Việt Nam,7480201S,Công nghệ phần mềm và Trí tuệ nhân tạo (Ngành: CNTT),B00,2025,18.0,,THPT
HHK,Học Viện Hàng không Việt Nam,7480201S,Công nghệ phần mềm và Trí tuệ nhân tạo (Ngành: CNTT),D01,2025,18.0,,THPT
HHK,Học Viện Hàng không Việt Nam,7480201S,Công nghệ phần mềm và Trí tuệ nhân tạo (Ngành: CNTT),D07,2025,18.0,,THPT
HHK,Học Viện Hàng không Việt Nam,7480201S,Công nghệ phần mềm và Trí tuệ nhân tạo (Ngành: CNTT),D09,2025,18.0,,THPT
HHK,Học Viện Hàng không Việt Nam,7480201S,Công nghệ phần mềm và Trí tuệ nhân tạo (Ngành: CNTT),D10,2025,18.0,,THPT
HHK,Học Viện Hàng không Việt Nam,7510102Q,Quản lý và khai thác cảng HK (Ngành: CNKT Công trình xây dựng),A00,2025,20.0,,THPT
HHK,Học Viện Hàng không Việt Nam,7510102Q,Quản lý và khai thác cảng HK (Ngành: CNKT Công trình xây dựng),A01,2025,20.0,,THPT
HHK,Học Viện Hàng không Việt Nam,7510102Q,Quản lý và khai thác cảng HK (Ngành: CNKT Công trình xây dựng),B00,2025,20.0,,THPT
HHK,Học Viện Hàng không Việt Nam,7510102Q,Quản lý và khai thác cảng HK (Ngành: CNKT Công trình xây dựng),D01,2025,20.0,,THPT
HHK,Học Viện Hàng không Việt Nam,7510102Q,Quản lý và khai thác cảng HK (Ngành: CNKT Công trình xây dựng),D07,2025,20.0,,THPT
HHK,Học Viện Hàng không Việt Nam,7510102Q,Quản lý và khai thác cảng HK (Ngành: CNKT Công trình xây dựng),D09,2025,20.0,,THPT
HHK,Học Viện Hàng không Việt Nam,7510102Q,Quản lý và khai thác cảng HK (Ngành: CNKT Công trình xây dựng),D10,2025,20.0,,THPT
HHK,Học Viện Hàng không Việt Nam,7510102X,Xây dựng và phát triển cảng HK (Ngành: CNKT Công trình xây dựng),A00,2025,18.0,,THPT
HHK,Học Viện Hàng không Việt Nam,7510102X,Xây dựng và phát triển cảng HK (Ngành: CNKT Công trình xây dựng),A01,2025,18.0,,THPT
HHK,Học Viện Hàng không Việt Nam,7510102X,Xây dựng và phát triển cảng HK (Ngành: CNKT Công trình xây dựng),B00,2025,18.0,,THPT
HHK,Học Viện Hàng không Việt Nam,7510102X,Xây dựng và phát triển cảng HK (Ngành: CNKT Công trình xây dựng),D01,2025,18.0,,THPT
HHK,Học Viện Hàng không Việt Nam,7510102X,Xây dựng và phát triển cảng HK (Ngành: CNKT Công trình xây dựng),D07,2025,18.0,,THPT
HHK,Học Viện Hàng không Việt Nam,7510102X,Xây dựng và phát triển cảng HK (Ngành: CNKT Công trình xây dựng),D09,2025,18.0,,THPT
HHK,Học Viện Hàng không Việt Nam,7510102X,Xây dựng và phát triển cảng HK (Ngành: CNKT Công trình xây dựng),D10,2025,18.0,,THPT
HHK,Học Viện Hàng không Việt Nam,7510302A,Điện tử ứng dụng và Trí tuệ nhân tạo (AI) (Ngành: CNKT Điện tử viễn thông),A00,2025,18.0,,THPT
HHK,Học Viện Hàng không Việt Nam,7510302A,Điện tử ứng dụng và Trí tuệ nhân tạo (AI) (Ngành: CNKT Điện tử viễn thông),A01,2025,18.0,,THPT
HHK,Học Viện Hàng không Việt Nam,7510302A,Điện tử ứng dụng và Trí tuệ nhân tạo (AI) (Ngành: CNKT Điện tử viễn thông),B00,2025,18.0,,THPT
HHK,Học Viện Hàng không Việt Nam,7510302A,Điện tử ứng dụng và Trí tuệ nhân tạo (AI) (Ngành: CNKT Điện tử viễn thông),D01,2025,18.0,,THPT
HHK,Học Viện Hàng không Việt Nam,7510302A,Điện tử ứng dụng và Trí tuệ nhân tạo (AI) (Ngành: CNKT Điện tử viễn thông),D07,2025,18.0,,THPT
HHK,Học Viện Hàng không Việt Nam,7510302A,Điện tử ứng dụng và Trí tuệ nhân tạo (AI) (Ngành: CNKT Điện tử viễn thông),D09,2025,18.0,,THPT
HHK,Học Viện Hàng không Việt Nam,7510302A,Điện tử ứng dụng và Trí tuệ nhân tạo (AI) (Ngành: CNKT Điện tử viễn thông),D10,2025,18.0,,THPT
HHK,Học Viện Hàng không Việt Nam,7510302V,Điện tử viễn thông và Trí tuệ nhân tạo (Ngành: CNKT Điện tử viễn thông),A00,2025,20.0,,THPT
HHK,Học Viện Hàng không Việt Nam,7510302V,Điện tử viễn thông và Trí tuệ nhân tạo (Ngành: CNKT Điện tử viễn thông),A01,2025,20.0,,THPT
HHK,Học Viện Hàng không Việt Nam,7510302V,Điện tử viễn thông và Trí tuệ nhân tạo (Ngành: CNKT Điện tử viễn thông),B00,2025,20.0,,THPT
HHK,Học Viện Hàng không Việt Nam,7510302V,Điện tử viễn thông và Trí tuệ nhân tạo (Ngành: CNKT Điện tử viễn thông),D01,2025,20.0,,THPT
HHK,Học Viện Hàng không Việt Nam,7510302V,Điện tử viễn thông và Trí tuệ nhân tạo (Ngành: CNKT Điện tử viễn thông),D07,2025,20.0,,THPT
HHK,Học Viện Hàng không Việt Nam,7510302V,Điện tử viễn thông và Trí tuệ nhân tạo (Ngành: CNKT Điện tử viễn thông),D09,2025,20.0,,THPT
HHK,Học Viện Hàng không Việt Nam,7510302V,Điện tử viễn thông và Trí tuệ nhân tạo (Ngành: CNKT Điện tử viễn thông),D10,2025,20.0,,THPT
HHK,Học Viện Hàng không Việt Nam,7510303A,Điện tự động cảng HK (Ngành: CNKT Điều khiển và tự động hóa),A00,2025,20.0,,THPT
HHK,Học Viện Hàng không Việt Nam,7510303A,Điện tự động cảng HK (Ngành: CNKT Điều khiển và tự động hóa),A01,2025,20.0,,THPT
HHK,Học Viện Hàng không Việt Nam,7510303A,Điện tự động cảng HK (Ngành: CNKT Điều khiển và tự động hóa),B00,2025,20.0,,THPT
HHK,Học Viện Hàng không Việt Nam,7510303A,Điện tự động cảng HK (Ngành: CNKT Điều khiển và tự động hóa),D01,2025,20.0,,THPT
HHK,Học Viện Hàng không Việt Nam,7510303A,Điện tự động cảng HK (Ngành: CNKT Điều khiển và tự động hóa),D07,2025,20.0,,THPT
HHK,Học Viện Hàng không Việt Nam,7510303A,Điện tự động cảng HK (Ngành: CNKT Điều khiển và tự động hóa),D09,2025,20.0,,THPT
HHK,Học Viện Hàng không Việt Nam,7510303A,Điện tự động cảng HK (Ngành: CNKT Điều khiển và tự động hóa),D10,2025,20.0,,THPT
HHK,Học Viện Hàng không Việt Nam,7510303U,Thiết bị bay không người lái và Robotics (Ngành: CNKT Điều khiển và tự động hóa),A00,2025,18.0,,THPT
HHK,Học Viện Hàng không Việt Nam,7510303U,Thiết bị bay không người lái và Robotics (Ngành: CNKT Điều khiển và tự động hóa),A01,2025,18.0,,THPT
HHK,Học Viện Hàng không Việt Nam,7510303U,Thiết bị bay không người lái và Robotics (Ngành: CNKT Điều khiển và tự động hóa),B00,2025,18.0,,THPT
HHK,Học Viện Hàng không Việt Nam,7510303U,Thiết bị bay không người lái và Robotics (Ngành: CNKT Điều khiển và tự động hóa),D01,2025,18.0,,THPT
HHK,Học Viện Hàng không Việt Nam,7510303U,Thiết bị bay không người lái và Robotics (Ngành: CNKT Điều khiển và tự động hóa),D07,2025,18.0,,THPT
HHK,Học Viện Hàng không Việt Nam,7510303U,Thiết bị bay không người lái và Robotics (Ngành: CNKT Điều khiển và tự động hóa),D09,2025,18.0,,THPT
HHK,Học Viện Hàng không Việt Nam,7510303U,Thiết bị bay không người lái và Robotics (Ngành: CNKT Điều khiển và tự động hóa),D10,2025,18.0,,THPT
HHK,Học Viện Hàng không Việt Nam,7520120,Kỹ thuật hàng không,A00,2025,24.5,,THPT
HHK,Học Viện Hàng không Việt Nam,7520120,Kỹ thuật hàng không,A01,2025,24.5,,THPT
HHK,Học Viện Hàng không Việt Nam,7520120,Kỹ thuật hàng không,B00,2025,24.5,,THPT
HHK,Học Viện Hàng không Việt Nam,7520120,Kỹ thuật hàng không,D01,2025,24.5,,THPT
HHK,Học Viện Hàng không Việt Nam,7520120,Kỹ thuật hàng không,D07,2025,24.5,,THPT
HHK,Học Viện Hàng không Việt Nam,7520120,Kỹ thuật hàng không,D09,2025,24.5,,THPT
HHK,Học Viện Hàng không Việt Nam,7520120,Kỹ thuật hàng không,D10,2025,24.5,,THPT
HHK,Học Viện Hàng không Việt Nam,7520120E,Kỹ thuật hàng không (học bằng Tiếng Anh),A01,2025,24.0,,THPT
HHK,Học Viện Hàng không Việt Nam,7520120E,Kỹ thuật hàng không (học bằng Tiếng Anh),D01,2025,24.0,,THPT
HHK,Học Viện Hàng không Việt Nam,7520120E,Kỹ thuật hàng không (học bằng Tiếng Anh),D07,2025,24.0,,THPT
HHK,Học Viện Hàng không Việt Nam,7520120E,Kỹ thuật hàng không (học bằng Tiếng Anh),D09,2025,24.0,,THPT
HHK,Học Viện Hàng không Việt Nam,7520120E,Kỹ thuật hàng không (học bằng Tiếng Anh),D10,2025,24.0,,THPT
HHK,Học Viện Hàng không Việt Nam,7520120M,Kỹ thuật bảo dưỡng tàu bay (Ngành: Kỹ thuật HK),A00,2025,24.0,,THPT
HHK,Học Viện Hàng không Việt Nam,7520120M,Kỹ thuật bảo dưỡng tàu bay (Ngành: Kỹ thuật HK),A01,2025,24.0,,THPT
HHK,Học Viện Hàng không Việt Nam,7520120M,Kỹ thuật bảo dưỡng tàu bay (Ngành: Kỹ thuật HK),B00,2025,24.0,,THPT
HHK,Học Viện Hàng không Việt Nam,7520120M,Kỹ thuật bảo dưỡng tàu bay (Ngành: Kỹ thuật HK),D01,2025,24.0,,THPT
HHK,Học Viện Hàng không Việt Nam,7520120M,Kỹ thuật bảo dưỡng tàu bay (Ngành: Kỹ thuật HK),D07,2025,24.0,,THPT
HHK,Học Viện Hàng không Việt Nam,7520120M,Kỹ thuật bảo dưỡng tàu bay (Ngành: Kỹ thuật HK),D09,2025,24.0,,THPT
HHK,Học Viện Hàng không Việt Nam,7520120M,Kỹ thuật bảo dưỡng tàu bay (Ngành: Kỹ thuật HK),D10,2025,24.0,,THPT
HHK,Học Viện Hàng không Việt Nam,7520120U,Kỹ thuật thiết bị bay không người lái (Ngành: Kỹ thuật HK),A00,2025,20.0,,THPT
HHK,Học Viện Hàng không Việt Nam,7520120U,Kỹ thuật thiết bị bay không người lái (Ngành: Kỹ thuật HK),A01,2025,20.0,,THPT
HHK,Học Viện Hàng không Việt Nam,7520120U,Kỹ thuật thiết bị bay không người lái (Ngành: Kỹ thuật HK),B00,2025,20.0,,THPT
HHK,Học Viện Hàng không Việt Nam,7520120U,Kỹ thuật thiết bị bay không người lái (Ngành: Kỹ thuật HK),D01,2025,20.0,,THPT
HHK,Học Viện Hàng không Việt Nam,7520120U,Kỹ thuật thiết bị bay không người lái (Ngành: Kỹ thuật HK),D07,2025,20.0,,THPT
HHK,Học Viện Hàng không Việt Nam,7520120U,Kỹ thuật thiết bị bay không người lái (Ngành: Kỹ thuật HK),D09,2025,20.0,,THPT
HHK,Học Viện Hàng không Việt Nam,7520120U,Kỹ thuật thiết bị bay không người lái (Ngành: Kỹ thuật HK),D10,2025,20.0,,THPT
HHK,Học Viện Hàng không Việt Nam,7810103A,Quản trị dịch vụ thương mại hàng không,A00,2025,23.5,,THPT
HHK,Học Viện Hàng không Việt Nam,7810103A,Quản trị dịch vụ thương mại hàng không,A01,2025,23.5,,THPT
HHK,Học Viện Hàng không Việt Nam,7810103A,Quản trị dịch vụ thương mại hàng không,B00,2025,23.5,,THPT
HHK,Học Viện Hàng không Việt Nam,7810103A,Quản trị dịch vụ thương mại hàng không,C00,2025,23.5,,THPT
HHK,Học Viện Hàng không Việt Nam,7810103A,Quản trị dịch vụ thương mại hàng không,D01,2025,23.5,,THPT
HHK,Học Viện Hàng không Việt Nam,7810103A,Quản trị dịch vụ thương mại hàng không,D07,2025,23.5,,THPT
HHK,Học Viện Hàng không Việt Nam,7810103A,Quản trị dịch vụ thương mại hàng không,D09,2025,23.5,,THPT
HHK,Học Viện Hàng không Việt Nam,7810103A,Quản trị dịch vụ thương mại hàng không,D10,2025,23.5,,THPT
HHK,Học Viện Hàng không Việt Nam,7810103H,Quản trị khách sạn nhà hàng,A00,2025,22.0,,THPT
HHK,Học Viện Hàng không Việt Nam,7810103H,Quản trị khách sạn nhà hàng,A01,2025,22.0,,THPT
HHK,Học Viện Hàng không Việt Nam,7810103H,Quản trị khách sạn nhà hàng,B00,2025,22.0,,THPT
HHK,Học Viện Hàng không Việt Nam,7810103H,Quản trị khách sạn nhà hàng,C00,2025,22.0,,THPT
HHK,Học Viện Hàng không Việt Nam,7810103H,Quản trị khách sạn nhà hàng,D01,2025,22.0,,THPT
HHK,Học Viện Hàng không Việt Nam,7810103H,Quản trị khách sạn nhà hàng,D07,2025,22.0,,THPT
HHK,Học Viện Hàng không Việt Nam,7810103H,Quản trị khách sạn nhà hàng,D09,2025,22.0,,THPT
HHK,Học Viện Hàng không Việt Nam,7810103H,Quản trị khách sạn nhà hàng,D10,2025,22.0,,THPT
HHK,Học Viện Hàng không Việt Nam,7810103T,Quản trị lữ hành,A00,2025,22.0,,THPT
HHK,Học Viện Hàng không Việt Nam,7810103T,Quản trị lữ hành,A01,2025,22.0,,THPT
HHK,Học Viện Hàng không Việt Nam,7810103T,Quản trị lữ hành,B00,2025,22.0,,THPT
HHK,Học Viện Hàng không Việt Nam,7810103T,Quản trị lữ hành,C00,2025,22.0,,THPT
HHK,Học Viện Hàng không Việt Nam,7810103T,Quản trị lữ hành,D01,2025,22.0,,THPT
HHK,Học Viện Hàng không Việt Nam,7810103T,Quản trị lữ hành,D07,2025,22.0,,THPT
HHK,Học Viện Hàng không Việt Nam,7810103T,Quản trị lữ hành,D09,2025,22.0,,THPT
HHK,Học Viện Hàng không Việt Nam,7810103T,Quản trị lữ hành,D10,2025,22.0,,THPT
HHK,Học Viện Hàng không Việt Nam,7840102,Quản lý hoạt động bay; Hệ thống kỹ thuật quản lý bay,A00,2025,25.0,,THPT
HHK,Học Viện Hàng không Việt Nam,7840102,Quản lý hoạt động bay; Hệ thống kỹ thuật quản lý bay,A01,2025,25.0,,THPT
HHK,Học Viện Hàng không Việt Nam,7840102,Quản lý hoạt động bay; Hệ thống kỹ thuật quản lý bay,B00,2025,25.0,,THPT
HHK,Học Viện Hàng không Việt Nam,7840102,Quản lý hoạt động bay; Hệ thống kỹ thuật quản lý bay,D01,2025,25.0,,THPT
HHK,Học Viện Hàng không Việt Nam,7840102,Quản lý hoạt động bay; Hệ thống kỹ thuật quản lý bay,D07,2025,25.0,,THPT
HHK,Học Viện Hàng không Việt Nam,7840102,Quản lý hoạt động bay; Hệ thống kỹ thuật quản lý bay,D09,2025,25.0,,THPT
HHK,Học Viện Hàng không Việt Nam,7840102,Quản lý hoạt động bay; Hệ thống kỹ thuật quản lý bay,D10,2025,25.0,,THPT
HHK,Học Viện Hàng không Việt Nam,7840102E,Quản lý hoạt động bay (học bằng Tiếng Anh); Quản lý và khai thác bay (học bằng Tiếng Anh),A01,2025,27.0,,THPT
HHK,Học Viện Hàng không Việt Nam,7840102E,Quản lý hoạt động bay (học bằng Tiếng Anh); Quản lý và khai thác bay (học bằng Tiếng Anh),D01,2025,27.0,,THPT
HHK,Học Viện Hàng không Việt Nam,7840102E,Quản lý hoạt động bay (học bằng Tiếng Anh); Quản lý và khai thác bay (học bằng Tiếng Anh),D07,2025,27.0,,THPT
HHK,Học Viện Hàng không Việt Nam,7840102E,Quản lý hoạt động bay (học bằng Tiếng Anh); Quản lý và khai thác bay (học bằng Tiếng Anh),D09,2025,27.0,,THPT
HHK,Học Viện Hàng không Việt Nam,7840102E,Quản lý hoạt động bay (học bằng Tiếng Anh); Quản lý và khai thác bay (học bằng Tiếng Anh),D10,2025,27.0,,THPT
HHK,Học Viện Hàng không Việt Nam,7840104,Logistics và Quản lý Chuỗi cung ứng; Logistics và Vận tải đa phương thức,A00,2025,23.5,,THPT
HHK,Học Viện Hàng không Việt Nam,7840104,Logistics và Quản lý Chuỗi cung ứng; Logistics và Vận tải đa phương thức,A01,2025,23.5,,THPT
HHK,Học Viện Hàng không Việt Nam,7840104,Logistics và Quản lý Chuỗi cung ứng; Logistics và Vận tải đa phương thức,B00,2025,23.5,,THPT
HHK,Học Viện Hàng không Việt Nam,7840104,Logistics và Quản lý Chuỗi cung ứng; Logistics và Vận tải đa phương thức,C00,2025,23.5,,THPT
HHK,Học Viện Hàng không Việt Nam,7840104,Logistics và Quản lý Chuỗi cung ứng; Logistics và Vận tải đa phương thức,D01,2025,23.5,,THPT
HHK,Học Viện Hàng không Việt Nam,7840104,Logistics và Quản lý Chuỗi cung ứng; Logistics và Vận tải đa phương thức,D07,2025,23.5,,THPT
HHK,Học Viện Hàng không Việt Nam,7840104,Logistics và Quản lý Chuỗi cung ứng; Logistics và Vận tải đa phương thức,D09,2025,23.5,,THPT
HHK,Học Viện Hàng không Việt Nam,7840104,Logistics và Quản lý Chuỗi cung ứng; Logistics và Vận tải đa phương thức,D10,2025,23.5,,THPT
HHK,Học Viện Hàng không Việt Nam,7840104E,Logistics và Vận tải đa phương thức (học bằng Tiếng Anh),A01,2025,22.0,,THPT
HHK,Học Viện Hàng không Việt Nam,7840104E,Logistics và Vận tải đa phương thức (học bằng Tiếng Anh),D01,2025,22.0,,THPT
HHK,Học Viện Hàng không Việt Nam,7840104E,Logistics và Vận tải đa phương thức (học bằng Tiếng Anh),D07,2025,22.0,,THPT
HHK,Học Viện Hàng không Việt Nam,7840104E,Logistics và Vận tải đa phương thức (học bằng Tiếng Anh),D09,2025,22.0,,THPT
HHK,Học Viện Hàng không Việt Nam,7840104E,Logistics và Vận tải đa phương thức (học bằng Tiếng Anh),D10,2025,22.0,,THPT
HHK,Học Viện Hàng không Việt Nam,7840104K,Kinh tế Hàng không (Ngành: Kinh tế vận tải),A00,2025,23.0,,THPT
HHK,Học Viện Hàng không Việt Nam,7840104K,Kinh tế Hàng không (Ngành: Kinh tế vận tải),A01,2025,23.0,,THPT
HHK,Học Viện Hàng không Việt Nam,7840104K,Kinh tế Hàng không (Ngành: Kinh tế vận tải),B00,2025,23.0,,THPT
HHK,Học Viện Hàng không Việt Nam,7840104K,Kinh tế Hàng không (Ngành: Kinh tế vận tải),C00,2025,23.0,,THPT
HHK,Học Viện Hàng không Việt Nam,7840104K,Kinh tế Hàng không (Ngành: Kinh tế vận tải),D01,2025,23.0,,THPT
HHK,Học Viện Hàng không Việt Nam,7840104K,Kinh tế Hàng không (Ngành: Kinh tế vận tải),D07,2025,23.0,,THPT
HHK,Học Viện Hàng không Việt Nam,7840104K,Kinh tế Hàng không (Ngành: Kinh tế vận tải),D09,2025,23.0,,THPT
HHK,Học Viện Hàng không Việt Nam,7840104K,Kinh tế Hàng không (Ngành: Kinh tế vận tải),D10,2025,23.0,,THPT
HHT,Trường Đại Học Hà Tĩnh,7140202,Giáo dục Tiểu học,D01,2025,26.35,,THPT
HHT,Đại học Hà Tĩnh,7140202,Giáo dục Tiểu học,D01,2025,25.85,,THPT
HHT,Đại học Hà Tĩnh,7220201,Ngôn ngữ Anh,D01,2025,15.0,,THPT
HHT,Trường Đại Học Hà Tĩnh,7220201,Ngôn ngữ Anh,D01,2025,15.0,,THPT
HHT,Trường Đại Học Hà Tĩnh,7220201,Ngôn ngữ Anh,D01,2025,15.0,,THPT
HHT,Trường Đại Học Hà Tĩnh,7220201,Ngôn ngữ Anh,D10,2025,15.0,,THPT
HHT,Đại học Hà Tĩnh,7220201,Ngôn ngữ Anh,D10,2025,15.0,,THPT
HHT,Đại học Hà Tĩnh,7220204,Ngôn ngữ Trung Quốc,A00,2025,20.0,,THPT
HHT,Trường Đại Học Hà Tĩnh,7220204,Ngôn ngữ Trung Quốc,A00,2025,20.0,,THPT
HHT,Trường Đại Học Hà Tĩnh,7220204,Ngôn ngữ Trung Quốc,C00,2025,20.0,,THPT
HHT,Đại học Hà Tĩnh,7220204,Ngôn ngữ Trung Quốc,C00,2025,20.0,,THPT
HHT,Trường Đại Học Hà Tĩnh,7220204,Ngôn ngữ Trung Quốc,C00,2025,20.0,,THPT
HHT,Trường Đại Học Hà Tĩnh,7220204,Ngôn ngữ Trung Quốc,D01,2025,20.0,,THPT
HHT,Trường Đại Học Hà Tĩnh,7220204,Ngôn ngữ Trung Quốc,D01,2025,20.0,,THPT
HHT,Đại học Hà Tĩnh,7220204,Ngôn ngữ Trung Quốc,D01,2025,20.0,,THPT
HHT,Đại học Hà Tĩnh,7310201,Chính trị học,A00,2025,15.0,,THPT
HHT,Trường Đại Học Hà Tĩnh,7310201,Chính trị học,A00,2025,15.0,,THPT
HHT,Trường Đại Học Hà Tĩnh,7310201,Chính trị học,A00,2025,15.0,,THPT
HHT,Trường Đại Học Hà Tĩnh,7310201,Chính trị học,C00,2025,15.0,,THPT
HHT,Trường Đại Học Hà Tĩnh,7310201,Chính trị học,C00,2025,15.0,,THPT
HHT,Đại học Hà Tĩnh,7310201,Chính trị học,C00,2025,15.0,,THPT
HHT,Trường Đại Học Hà Tĩnh,7310201,Chính trị học,D01,2025,15.0,,THPT
HHT,Trường Đại Học Hà Tĩnh,7310201,Chính trị học,D01,2025,15.0,,THPT
HHT,Đại học Hà Tĩnh,7310201,Chính trị học,D01,2025,15.0,,THPT
HHT,Trường Đại Học Hà Tĩnh,7340101_01,Quản trị kinh doanh,D01,2025,15.0,,THPT
HHT,Trường Đại Học Hà Tĩnh,7340101_01,Quản trị kinh doanh,D01,2025,15.0,,THPT
HHT,Đại học Hà Tĩnh,7340101_01,Ngành Quản trị kinh doanh - Chuyên ngành Quản trị bệnh viện,D01,2025,15.0,,THPT
HHT,Trường Đại Học Hà Tĩnh,7340101_02,Quản trị thương mại điện tử (ngành Quản trị kinh doanh),D01,2025,15.0,,THPT
HHT,Trường Đại Học Hà Tĩnh,7340101_02,Quản trị thương mại điện tử (ngành Quản trị kinh doanh),D01,2025,15.0,,THPT
HHT,Đại học Hà Tĩnh,7340101_02,Quản trị du lịch khách sạn,D01,2025,15.0,,THPT
HHT,Trường Đại Học Hà Tĩnh,7340101_03,Quản trị logistics (ngành Quản trị kinh doanh),D01,2025,15.0,,THPT
HHT,Đại học Hà Tĩnh,7340101_03,Quản trị doanh nghiệp _Chất lượng cao,D01,2025,15.0,,THPT
HHT,Trường Đại Học Hà Tĩnh,7340201,Tài chính - Ngân hàng,D01,2025,15.0,,THPT
HHT,Trường Đại Học Hà Tĩnh,7340201,Tài chính - Ngân hàng,D01,2025,15.0,,THPT
HHT,Đại học Hà Tĩnh,7340201,Tài chính – Ngân hàng,D01,2025,15.0,,THPT
HHT,Trường Đại Học Hà Tĩnh,7340301,Kế toán,D01,2025,15.0,,THPT
HHT,Trường Đại Học Hà Tĩnh,7340301,Kế toán,D01,2025,15.0,,THPT
HHT,Đại học Hà Tĩnh,7340301,Kế toán,D01,2025,15.0,,THPT
HHT,Trường Đại Học Hà Tĩnh,7380101,Luật,D01,2025,18.0,,THPT
HHT,Trường Đại Học Hà Tĩnh,7380101,Luật,D01,2025,18.0,,THPT
HHT,Đại học Hà Tĩnh,7380101,Ngành Luật,D01,2025,18.0,,THPT
HHT,Đại học Hà Tĩnh,7440301,Khoa học môi trường,A00,2025,15.0,,THPT
HHT,Trường Đại Học Hà Tĩnh,7440301,"An toàn, sức khoẻ và môi trường (ngành Khoa học môi trường)",A00,2025,15.0,,THPT
HHT,Trường Đại Học Hà Tĩnh,7440301,"An toàn, sức khoẻ và môi trường (ngành Khoa học môi trường)",A00,2025,15.0,,THPT
HHT,Trường Đại Học Hà Tĩnh,7440301,"An toàn, sức khoẻ và môi trường (ngành Khoa học môi trường)",B00,2025,15.0,,THPT
HHT,Trường Đại Học Hà Tĩnh,7440301,"An toàn, sức khoẻ và môi trường (ngành Khoa học môi trường)",B00,2025,15.0,,THPT
HHT,Đại học Hà Tĩnh,7440301,Khoa học môi trường,B00,2025,15.0,,THPT
HHT,Trường Đại Học Hà Tĩnh,7440301,"An toàn, sức khoẻ và môi trường (ngành Khoa học môi trường)",D01,2025,15.0,,THPT
HHT,Trường Đại Học Hà Tĩnh,7440301,"An toàn, sức khoẻ và môi trường (ngành Khoa học môi trường)",D01,2025,15.0,,THPT
HHT,Đại học Hà Tĩnh,7440301,Khoa học môi trường,D01,2025,15.0,,THPT
HHT,Trường Đại Học Hà Tĩnh,7440301,"An toàn, sức khoẻ và môi trường (ngành Khoa học môi trường)",D07,2025,15.0,,THPT
HHT,Trường Đại Học Hà Tĩnh,7440301,"An toàn, sức khoẻ và môi trường (ngành Khoa học môi trường)",D07,2025,15.0,,THPT
HHT,Đại học Hà Tĩnh,7440301,Khoa học môi trường,D07,2025,15.0,,THPT
HHT,Đại học Hà Tĩnh,7480201,Công nghệ thông tin,A00,2025,15.0,,THPT
HHT,Trường Đại Học Hà Tĩnh,7480201,Công nghệ thông tin,A00,2025,15.0,,THPT
HHT,Trường Đại Học Hà Tĩnh,7480201,Công nghệ thông tin,A00,2025,15.0,,THPT
HHT,Trường Đại Học Hà Tĩnh,7480201,Công nghệ thông tin,A01,2025,15.0,,THPT
HHT,Trường Đại Học Hà Tĩnh,7480201,Công nghệ thông tin,A01,2025,15.0,,THPT
HHT,Đại học Hà Tĩnh,7480201,Công nghệ thông tin,A01,2025,15.0,,THPT
HHT,Đại học Hà Tĩnh,7580201_01,Kỹ thuật công trình xây dựng (chuyên ngành: Xây dựng Dân dụng và Công nghiệp),A00,2025,15.0,,THPT
HHT,Trường Đại Học Hà Tĩnh,7580201_01,Xây dựng Dân dụng và Công nghiệp (ngành Kỹ thuật xây dựng),A00,2025,15.0,,THPT
HHT,Trường Đại Học Hà Tĩnh,7580201_01,Xây dựng Dân dụng và Công nghiệp (ngành Kỹ thuật xây dựng),A00,2025,15.0,,THPT
HHT,Trường Đại Học Hà Tĩnh,7580201_01,Xây dựng Dân dụng và Công nghiệp (ngành Kỹ thuật xây dựng),A01,2025,15.0,,THPT
HHT,Trường Đại Học Hà Tĩnh,7580201_01,Xây dựng Dân dụng và Công nghiệp (ngành Kỹ thuật xây dựng),A01,2025,15.0,,THPT
HHT,Đại học Hà Tĩnh,7580201_01,Kỹ thuật công trình xây dựng (chuyên ngành: Xây dựng Dân dụng và Công nghiệp),A01,2025,15.0,,THPT
HHT,Trường Đại Học Hà Tĩnh,7580201_01,Xây dựng Dân dụng và Công nghiệp (ngành Kỹ thuật xây dựng),D01,2025,15.0,,THPT
HHT,Trường Đại Học Hà Tĩnh,7580201_01,Xây dựng Dân dụng và Công nghiệp (ngành Kỹ thuật xây dựng),D01,2025,15.0,,THPT
HHT,Đại học Hà Tĩnh,7580201_01,Kỹ thuật công trình xây dựng (chuyên ngành: Xây dựng Dân dụng và Công nghiệp),D01,2025,15.0,,THPT
HHT,Đại học Hà Tĩnh,7580201_02,Kỹ thuật công trình xây dựng (chuyên ngành: Hệ thống kỹ thuật trong công trình),A00,2025,15.0,,THPT
HHT,Trường Đại Học Hà Tĩnh,7580201_02,Tin học xây dựng (ngành Kỹ thuật xây dựng),A00,2025,15.0,,THPT
HHT,Trường Đại Học Hà Tĩnh,7580201_02,Tin học xây dựng (ngành Kỹ thuật xây dựng),A00,2025,15.0,,THPT
HHT,Trường Đại Học Hà Tĩnh,7580201_02,Tin học xây dựng (ngành Kỹ thuật xây dựng),A01,2025,15.0,,THPT
HHT,Trường Đại Học Hà Tĩnh,7580201_02,Tin học xây dựng (ngành Kỹ thuật xây dựng),A01,2025,15.0,,THPT
HHT,Đại học Hà Tĩnh,7580201_02,Kỹ thuật công trình xây dựng (chuyên ngành: Hệ thống kỹ thuật trong công trình),A01,2025,15.0,,THPT
HHT,Trường Đại Học Hà Tĩnh,7580201_02,Tin học xây dựng (ngành Kỹ thuật xây dựng),D01,2025,15.0,,THPT
HHT,Trường Đại Học Hà Tĩnh,7580201_02,Tin học xây dựng (ngành Kỹ thuật xây dựng),D01,2025,15.0,,THPT
HHT,Đại học Hà Tĩnh,7580201_02,Kỹ thuật công trình xây dựng (chuyên ngành: Hệ thống kỹ thuật trong công trình),D01,2025,15.0,,THPT
HHT,Đại học Hà Tĩnh,7620110,Khoa học cây trồng,A00,2025,15.0,,THPT
HHT,Trường Đại Học Hà Tĩnh,7620110,Nông nghiệp công nghệ cao (ngành Khoa học cây trồng),A00,2025,15.0,,THPT
HHT,Trường Đại Học Hà Tĩnh,7620110,Nông nghiệp công nghệ cao (ngành Khoa học cây trồng),A00,2025,15.0,,THPT
HHT,Trường Đại Học Hà Tĩnh,7620110,Nông nghiệp công nghệ cao (ngành Khoa học cây trồng),B00,2025,15.0,,THPT
HHT,Trường Đại Học Hà Tĩnh,7620110,Nông nghiệp công nghệ cao (ngành Khoa học cây trồng),B00,2025,15.0,,THPT
HHT,Đại học Hà Tĩnh,7620110,Khoa học cây trồng,B00,2025,15.0,,THPT
HHT,Trường Đại Học Hà Tĩnh,7620110,Nông nghiệp công nghệ cao (ngành Khoa học cây trồng),D01,2025,15.0,,THPT
HHT,Trường Đại Học Hà Tĩnh,7620110,Nông nghiệp công nghệ cao (ngành Khoa học cây trồng),D01,2025,15.0,,THPT
HHT,Đại học Hà Tĩnh,7620110,Khoa học cây trồng,D01,2025,15.0,,THPT
HHT,Trường Đại Học Hà Tĩnh,7620110,Nông nghiệp công nghệ cao (ngành Khoa học cây trồng),D07,2025,15.0,,THPT
HHT,Trường Đại Học Hà Tĩnh,7620110,Nông nghiệp công nghệ cao (ngành Khoa học cây trồng),D07,2025,15.0,,THPT
HHT,Đại học Hà Tĩnh,7620110,Khoa học cây trồng,D07,2025,15.0,,THPT
HHT,Đại học Hà Tĩnh,7620115,Kinh tế nông nghiệp,A00,2025,15.0,,THPT
HHT,Trường Đại Học Hà Tĩnh,7620115,Kinh tế nông nghiệp,A00,2025,15.0,,THPT
HHT,Trường Đại Học Hà Tĩnh,7620115,Kinh tế nông nghiệp,A00,2025,15.0,,THPT
HHT,Trường Đại Học Hà Tĩnh,7620115,Kinh tế nông nghiệp,C00,2025,15.0,,THPT
HHT,Trường Đại Học Hà Tĩnh,7620115,Kinh tế nông nghiệp,C00,2025,15.0,,THPT
HHT,Đại học Hà Tĩnh,7620115,Kinh tế nông nghiệp,C00,2025,15.0,,THPT
HHT,Trường Đại Học Hà Tĩnh,7620115,Kinh tế nông nghiệp,D01,2025,15.0,,THPT
HHT,Trường Đại Học Hà Tĩnh,7620115,Kinh tế nông nghiệp,D01,2025,15.0,,THPT
HHT,Đại học Hà Tĩnh,7620115,Kinh tế nông nghiệp,D01,2025,15.0,,THPT
HHT,Đại học Hà Tĩnh,7640101,Thú y,A00,2025,15.0,,THPT
HHT,Trường Đại Học Hà Tĩnh,7640101,Thú y,A00,2025,15.0,,THPT
HHT,Trường Đại Học Hà Tĩnh,7640101,Thú y,A00,2025,15.0,,THPT
HHT,Trường Đại Học Hà Tĩnh,7640101,Thú y,B00,2025,15.0,,THPT
HHT,Trường Đại Học Hà Tĩnh,7640101,Thú y,B00,2025,15.0,,THPT
HHT,Đại học Hà Tĩnh,7640101,Thú y,B00,2025,15.0,,THPT
HHT,Trường Đại Học Hà Tĩnh,7640101,Thú y,D01,2025,15.0,,THPT
HHT,Trường Đại Học Hà Tĩnh,7640101,Thú y,D01,2025,15.0,,THPT
HHT,Đại học Hà Tĩnh,7640101,Thú y,D01,2025,15.0,,THPT
HHT,Trường Đại Học Hà Tĩnh,7640101,Thú y,D07,2025,15.0,,THPT
HHT,Trường Đại Học Hà Tĩnh,7640101,Thú y,D07,2025,15.0,,THPT
HHT,Đại học Hà Tĩnh,7640101,Thú y,D07,2025,15.0,,THPT
HHT,Đại học Hà Tĩnh,7810103,Quản trị dịch vụ du lịch và lữ hành,B00,2025,15.0,,THPT
HHT,Trường Đại Học Hà Tĩnh,7810103,QTDV Du lịch và Lữ hành,B00,2025,15.0,,THPT
HHT,Trường Đại Học Hà Tĩnh,7810103,QTDV Du lịch và Lữ hành,D01,2025,15.0,,THPT
HHT,Trường Đại Học Hà Tĩnh,7810103,QTDV Du lịch và Lữ hành,D01,2025,15.0,,THPT
HHT,Đại học Hà Tĩnh,7810103,Quản trị dịch vụ du lịch và lữ hành,D01,2025,15.0,,THPT
HIU,Đại học Quốc tế Hồng Bàng,7140114,Quản lý giáo dục,A00,2025,15.0,,THPT
HIU,Trường Đại Học Quốc Tế Hồng Bàng,7140114,Quản lý Giáo dục,A00,2025,15.0,,THPT
HIU,Trường Đại Học Quốc Tế Hồng Bàng,7140114,Quản lý Giáo dục,A01,2025,15.0,,THPT
HIU,Đại học Quốc tế Hồng Bàng,7140114,Quản lý giáo dục,A01,2025,15.0,,THPT
HIU,Trường Đại Học Quốc Tế Hồng Bàng,7140114,Quản lý Giáo dục,C00,2025,15.0,,THPT
HIU,Đại học Quốc tế Hồng Bàng,7140114,Quản lý giáo dục,C00,2025,15.0,,THPT
HIU,Trường Đại Học Quốc Tế Hồng Bàng,7140114,Quản lý Giáo dục,D01,2025,15.0,,THPT
HIU,Đại học Quốc tế Hồng Bàng,7140114,Quản lý giáo dục,D01,2025,15.0,,THPT
HIU,Đại học Quốc tế Hồng Bàng,7210403,Thiết kế đồ họa,A00,2025,15.0,,THPT
HIU,Trường Đại Học Quốc Tế Hồng Bàng,7210403,Thiết kế đồ họa,A00,2025,15.0,,THPT
HIU,Trường Đại Học Quốc Tế Hồng Bàng,7210403,Thiết kế đồ họa,A01,2025,15.0,,THPT
HIU,Đại học Quốc tế Hồng Bàng,7210403,Thiết kế đồ họa,A01,2025,15.0,,THPT
HIU,Đại học Quốc tế Hồng Bàng,7220201,Ngôn ngữ Anh,C00,2025,15.0,,THPT
HIU,Trường Đại Học Quốc Tế Hồng Bàng,7220201,Ngôn ngữ Anh,C00,2025,15.0,,THPT
HIU,Trường Đại Học Quốc Tế Hồng Bàng,7220201,Ngôn ngữ Anh,D01,2025,15.0,,THPT
HIU,Đại học Quốc tế Hồng Bàng,7220201,Ngôn ngữ Anh,D01,2025,15.0,,THPT
HIU,Đại học Quốc tế Hồng Bàng,7220204,Ngôn ngữ Trung Quốc,C00,2025,15.0,,THPT
HIU,Trường Đại Học Quốc Tế Hồng Bàng,7220204,Ngôn ngữ Trung Quốc,C00,2025,15.0,,THPT
HIU,Trường Đại Học Quốc Tế Hồng Bàng,7220204,Ngôn ngữ Trung Quốc,D01,2025,15.0,,THPT
HIU,Đại học Quốc tế Hồng Bàng,7220204,Ngôn ngữ Trung Quốc,D01,2025,15.0,,THPT
HIU,Đại học Quốc tế Hồng Bàng,7220209,Ngôn ngữ Nhật,C00,2025,15.0,,THPT
HIU,Trường Đại Học Quốc Tế Hồng Bàng,7220209,Ngôn ngữ Nhật,C00,2025,15.0,,THPT
HIU,Trường Đại Học Quốc Tế Hồng Bàng,7220209,Ngôn ngữ Nhật,D01,2025,15.0,,THPT
HIU,Đại học Quốc tế Hồng Bàng,7220209,Ngôn ngữ Nhật,D01,2025,15.0,,THPT
HIU,Đại học Quốc tế Hồng Bàng,7220210,Ngôn ngữ Hàn Quốc,C00,2025,15.0,,THPT
HIU,Trường Đại Học Quốc Tế Hồng Bàng,7220210,Ngôn ngữ Hàn Quốc,C00,2025,15.0,,THPT
HIU,Trường Đại Học Quốc Tế Hồng Bàng,7220210,Ngôn ngữ Hàn Quốc,D01,2025,15.0,,THPT
HIU,Đại học Quốc tế Hồng Bàng,7220210,Ngôn ngữ Hàn Quốc,D01,2025,15.0,,THPT
HIU,Đại học Quốc tế Hồng Bàng,7310206,Quan hệ quốc tế,C00,2025,15.0,,THPT
HIU,Trường Đại Học Quốc Tế Hồng Bàng,7310206,Quan hệ quốc tế,C00,2025,15.0,,THPT
HIU,Trường Đại Học Quốc Tế Hồng Bàng,7310206,Quan hệ quốc tế,D01,2025,15.0,,THPT
HIU,Đại học Quốc tế Hồng Bàng,7310206,Quan hệ quốc tế,D01,2025,15.0,,THPT
HIU,Đại học Quốc tế Hồng Bàng,7310401,Tâm lý học,C00,2025,15.0,,THPT
HIU,Trường Đại Học Quốc Tế Hồng Bàng,7310401,Tâm lý học,C00,2025,15.0,,THPT
HIU,Trường Đại Học Quốc Tế Hồng Bàng,7310401,Tâm lý học,D01,2025,15.0,,THPT
HIU,Đại học Quốc tế Hồng Bàng,7310401,Tâm lý học,D01,2025,15.0,,THPT
HIU,Đại học Quốc tế Hồng Bàng,7310630,Việt Nam học,C00,2025,15.0,,THPT
HIU,Trường Đại Học Quốc Tế Hồng Bàng,7310630,Việt Nam học,C00,2025,15.0,,THPT
HIU,Trường Đại Học Quốc Tế Hồng Bàng,7310630,Việt Nam học,D01,2025,15.0,,THPT
HIU,Đại học Quốc tế Hồng Bàng,7310630,Việt Nam học,D01,2025,15.0,,THPT
HIU,Đại học Quốc tế Hồng Bàng,7320104,Truyền thông đa phương tiện,C00,2025,15.0,,THPT
HIU,Trường Đại Học Quốc Tế Hồng Bàng,7320104,Truyền thông đa phương tiện,C00,2025,15.0,,THPT
HIU,Trường Đại Học Quốc Tế Hồng Bàng,7320104,Truyền thông đa phương tiện,D01,2025,15.0,,THPT
HIU,Đại học Quốc tế Hồng Bàng,7320104,Truyền thông đa phương tiện,D01,2025,15.0,,THPT
HIU,Đại học Quốc tế Hồng Bàng,7320108,Quan hệ công chúng,C00,2025,15.0,,THPT
HIU,Trường Đại Học Quốc Tế Hồng Bàng,7320108,Quan hệ công chúng,C00,2025,15.0,,THPT
HIU,Trường Đại Học Quốc Tế Hồng Bàng,7320108,Quan hệ công chúng,D01,2025,15.0,,THPT
HIU,Đại học Quốc tế Hồng Bàng,7320108,Quan hệ công chúng,D01,2025,15.0,,THPT
HIU,Đại học Quốc tế Hồng Bàng,7340101,Quản trị Kinh doanh,A00,2025,15.0,,THPT
HIU,Trường Đại Học Quốc Tế Hồng Bàng,7340101,Quản trị kinh doanh,A00,2025,15.0,,THPT
HIU,Trường Đại Học Quốc Tế Hồng Bàng,7340101,Quản trị kinh doanh,A01,2025,15.0,,THPT
HIU,Đại học Quốc tế Hồng Bàng,7340101,Quản trị Kinh doanh,A01,2025,15.0,,THPT
HIU,Trường Đại Học Quốc Tế Hồng Bàng,7340101,Quản trị kinh doanh,C00,2025,15.0,,THPT
HIU,Đại học Quốc tế Hồng Bàng,7340101,Quản trị Kinh doanh,C00,2025,15.0,,THPT
HIU,Trường Đại Học Quốc Tế Hồng Bàng,7340101,Quản trị kinh doanh,D01,2025,15.0,,THPT
HIU,Đại học Quốc tế Hồng Bàng,7340101,Quản trị Kinh doanh,D01,2025,15.0,,THPT
HIU,Đại học Quốc tế Hồng Bàng,7340114,Marketing kỹ thuật số,A00,2025,15.0,,THPT
HIU,Trường Đại Học Quốc Tế Hồng Bàng,7340114,Digital Marketing,A00,2025,15.0,,THPT
HIU,Trường Đại Học Quốc Tế Hồng Bàng,7340114,Digital Marketing,A01,2025,15.0,,THPT
HIU,Đại học Quốc tế Hồng Bàng,7340114,Marketing kỹ thuật số,A01,2025,15.0,,THPT
HIU,Trường Đại Học Quốc Tế Hồng Bàng,7340114,Digital Marketing,C00,2025,15.0,,THPT
HIU,Đại học Quốc tế Hồng Bàng,7340114,Marketing kỹ thuật số,C00,2025,15.0,,THPT
HIU,Trường Đại Học Quốc Tế Hồng Bàng,7340114,Digital Marketing,D01,2025,15.0,,THPT
HIU,Đại học Quốc tế Hồng Bàng,7340114,Marketing kỹ thuật số,D01,2025,15.0,,THPT
HIU,Đại học Quốc tế Hồng Bàng,7340120,Ngành Kinh doanh quốc tế,A00,2025,15.0,,THPT
HIU,Trường Đại Học Quốc Tế Hồng Bàng,7340120,Kinh doanh quốc tế,A00,2025,15.0,,THPT
HIU,Trường Đại Học Quốc Tế Hồng Bàng,7340120,Kinh doanh quốc tế,A01,2025,15.0,,THPT
HIU,Đại học Quốc tế Hồng Bàng,7340120,Ngành Kinh doanh quốc tế,A01,2025,15.0,,THPT
HIU,Trường Đại Học Quốc Tế Hồng Bàng,7340120,Kinh doanh quốc tế,C00,2025,15.0,,THPT
HIU,Đại học Quốc tế Hồng Bàng,7340120,Ngành Kinh doanh quốc tế,C00,2025,15.0,,THPT
HIU,Trường Đại Học Quốc Tế Hồng Bàng,7340120,Kinh doanh quốc tế,D01,2025,15.0,,THPT
HIU,Đại học Quốc tế Hồng Bàng,7340120,Ngành Kinh doanh quốc tế,D01,2025,15.0,,THPT
HIU,Đại học Quốc tế Hồng Bàng,7340122,Thương mại điện tử,A00,2025,15.0,,THPT
HIU,Trường Đại Học Quốc Tế Hồng Bàng,7340122,Thương mại điện tử,A00,2025,15.0,,THPT
HIU,Trường Đại Học Quốc Tế Hồng Bàng,7340122,Thương mại điện tử,A01,2025,15.0,,THPT
HIU,Đại học Quốc tế Hồng Bàng,7340122,Thương mại điện tử,A01,2025,15.0,,THPT
HIU,Trường Đại Học Quốc Tế Hồng Bàng,7340122,Thương mại điện tử,C00,2025,15.0,,THPT
HIU,Đại học Quốc tế Hồng Bàng,7340122,Thương mại điện tử,C00,2025,15.0,,THPT
HIU,Trường Đại Học Quốc Tế Hồng Bàng,7340122,Thương mại điện tử,D01,2025,15.0,,THPT
HIU,Đại học Quốc tế Hồng Bàng,7340122,Thương mại điện tử,D01,2025,15.0,,THPT
HIU,Đại học Quốc tế Hồng Bàng,7340201,Tài chính – Ngân hàng,A00,2025,15.0,,THPT
HIU,Trường Đại Học Quốc Tế Hồng Bàng,7340201,Tài chính - Ngân hàng,A00,2025,15.0,,THPT
HIU,Trường Đại Học Quốc Tế Hồng Bàng,7340201,Tài chính - Ngân hàng,A01,2025,15.0,,THPT
HIU,Đại học Quốc tế Hồng Bàng,7340201,Tài chính – Ngân hàng,A01,2025,15.0,,THPT
HIU,Trường Đại Học Quốc Tế Hồng Bàng,7340201,Tài chính - Ngân hàng,C00,2025,15.0,,THPT
HIU,Đại học Quốc tế Hồng Bàng,7340201,Tài chính – Ngân hàng,C00,2025,15.0,,THPT
HIU,Trường Đại Học Quốc Tế Hồng Bàng,7340201,Tài chính - Ngân hàng,D01,2025,15.0,,THPT
HIU,Đại học Quốc tế Hồng Bàng,7340201,Tài chính – Ngân hàng,D01,2025,15.0,,THPT
HIU,Đại học Quốc tế Hồng Bàng,7340205,Công nghệ tài chính,A00,2025,15.0,,THPT
HIU,Trường Đại Học Quốc Tế Hồng Bàng,7340205,Công nghệ tài chính,A00,2025,15.0,,THPT
HIU,Trường Đại Học Quốc Tế Hồng Bàng,7340205,Công nghệ tài chính,A01,2025,15.0,,THPT
HIU,Đại học Quốc tế Hồng Bàng,7340205,Công nghệ tài chính,A01,2025,15.0,,THPT
HIU,Trường Đại Học Quốc Tế Hồng Bàng,7340205,Công nghệ tài chính,C00,2025,15.0,,THPT
HIU,Đại học Quốc tế Hồng Bàng,7340205,Công nghệ tài chính,C00,2025,15.0,,THPT
HIU,Trường Đại Học Quốc Tế Hồng Bàng,7340205,Công nghệ tài chính,D01,2025,15.0,,THPT
HIU,Đại học Quốc tế Hồng Bàng,7340205,Công nghệ tài chính,D01,2025,15.0,,THPT
HIU,Đại học Quốc tế Hồng Bàng,7340301,Kế toán,A00,2025,15.0,,THPT
HIU,Trường Đại Học Quốc Tế Hồng Bàng,7340301,Kế toán,A00,2025,15.0,,THPT
HIU,Trường Đại Học Quốc Tế Hồng Bàng,7340301,Kế toán,A01,2025,15.0,,THPT
HIU,Đại học Quốc tế Hồng Bàng,7340301,Kế toán,A01,2025,15.0,,THPT
HIU,Trường Đại Học Quốc Tế Hồng Bàng,7340301,Kế toán,C00,2025,15.0,,THPT
HIU,Đại học Quốc tế Hồng Bàng,7340301,Kế toán,C00,2025,15.0,,THPT
HIU,Trường Đại Học Quốc Tế Hồng Bàng,7340301,Kế toán,D01,2025,15.0,,THPT
HIU,Đại học Quốc tế Hồng Bàng,7340301,Kế toán,D01,2025,15.0,,THPT
HIU,Đại học Quốc tế Hồng Bàng,7340412,Quản trị sự kiện,A00,2025,15.0,,THPT
HIU,Trường Đại Học Quốc Tế Hồng Bàng,7340412,Quản trị sự kiện,A00,2025,15.0,,THPT
HIU,Trường Đại Học Quốc Tế Hồng Bàng,7340412,Quản trị sự kiện,A01,2025,15.0,,THPT
HIU,Đại học Quốc tế Hồng Bàng,7340412,Quản trị sự kiện,A01,2025,15.0,,THPT
HIU,Trường Đại Học Quốc Tế Hồng Bàng,7340412,Quản trị sự kiện,C00,2025,15.0,,THPT
HIU,Đại học Quốc tế Hồng Bàng,7340412,Quản trị sự kiện,C00,2025,15.0,,THPT
HIU,Trường Đại Học Quốc Tế Hồng Bàng,7340412,Quản trị sự kiện,D01,2025,15.0,,THPT
HIU,Đại học Quốc tế Hồng Bàng,7340412,Quản trị sự kiện,D01,2025,15.0,,THPT
HIU,Trường Đại Học Quốc Tế Hồng Bàng,7380101,Luật,C00,2025,15.0,,THPT
HIU,Đại học Quốc tế Hồng Bàng,7380101,Ngành Luật,C00,2025,15.0,,THPT
HIU,Trường Đại Học Quốc Tế Hồng Bàng,7380101,Luật,D01,2025,15.0,,THPT
HIU,Đại học Quốc tế Hồng Bàng,7380101,Ngành Luật,D01,2025,15.0,,THPT
HIU,Trường Đại Học Quốc Tế Hồng Bàng,7380107,Luật kinh tế,C00,2025,15.0,,THPT
HIU,Đại học Quốc tế Hồng Bàng,7380107,Luật kinh tế,C00,2025,15.0,,THPT
HIU,Trường Đại Học Quốc Tế Hồng Bàng,7380107,Luật kinh tế,D01,2025,15.0,,THPT
HIU,Đại học Quốc tế Hồng Bàng,7380107,Luật kinh tế,D01,2025,15.0,,THPT
HIU,Đại học Quốc tế Hồng Bàng,7420201,Công nghệ sinh học,A00,2025,15.0,,THPT
HIU,Trường Đại Học Quốc Tế Hồng Bàng,7420201,Công nghệ sinh học,A00,2025,15.0,,THPT
HIU,Trường Đại Học Quốc Tế Hồng Bàng,7420201,Công nghệ sinh học,B00,2025,15.0,,THPT
HIU,Đại học Quốc tế Hồng Bàng,7420201,Công nghệ sinh học,B00,2025,15.0,,THPT
HIU,Trường Đại Học Quốc Tế Hồng Bàng,7420201,Công nghệ sinh học,D07,2025,15.0,,THPT
HIU,Đại học Quốc tế Hồng Bàng,7420201,Công nghệ sinh học,D07,2025,15.0,,THPT
HIU,Trường Đại Học Quốc Tế Hồng Bàng,7420201,Công nghệ sinh học,D08,2025,15.0,,THPT
HIU,Đại học Quốc tế Hồng Bàng,7420201,Công nghệ sinh học,D08,2025,15.0,,THPT
HIU,Đại học Quốc tế Hồng Bàng,7480201,Công nghệ thông tin,A00,2025,15.0,,THPT
HIU,Trường Đại Học Quốc Tế Hồng Bàng,7480201,Công nghệ thông tin,A00,2025,15.0,,THPT
HIU,Trường Đại Học Quốc Tế Hồng Bàng,7480201,Công nghệ thông tin,A01,2025,15.0,,THPT
HIU,Đại học Quốc tế Hồng Bàng,7480201,Công nghệ thông tin,A01,2025,15.0,,THPT
HIU,Trường Đại Học Quốc Tế Hồng Bàng,7480201,Công nghệ thông tin,D07,2025,15.0,,THPT
HIU,Đại học Quốc tế Hồng Bàng,7480201,Công nghệ thông tin,D07,2025,15.0,,THPT
HIU,Đại học Quốc tế Hồng Bàng,7510605,Logistics và Quản lý chuỗi cung ứng,A00,2025,15.0,,THPT
HIU,Trường Đại Học Quốc Tế Hồng Bàng,7510605,Logistics và quản lý chuỗi cung ứng,A00,2025,15.0,,THPT
HIU,Trường Đại Học Quốc Tế Hồng Bàng,7510605,Logistics và quản lý chuỗi cung ứng,A01,2025,15.0,,THPT
HIU,Đại học Quốc tế Hồng Bàng,7510605,Logistics và Quản lý chuỗi cung ứng,A01,2025,15.0,,THPT
HIU,Trường Đại Học Quốc Tế Hồng Bàng,7510605,Logistics và quản lý chuỗi cung ứng,D01,2025,15.0,,THPT
HIU,Đại học Quốc tế Hồng Bàng,7510605,Logistics và Quản lý chuỗi cung ứng,D01,2025,15.0,,THPT
HIU,Đại học Quốc tế Hồng Bàng,7520114,Kỹ thuật cơ điện tử,A00,2025,15.0,,THPT
HIU,Trường Đại Học Quốc Tế Hồng Bàng,7520114,Kỹ thuật cơ điện tử,A00,2025,15.0,,THPT
HIU,Trường Đại Học Quốc Tế Hồng Bàng,7520114,Kỹ thuật cơ điện tử,A01,2025,15.0,,THPT
HIU,Đại học Quốc tế Hồng Bàng,7520114,Kỹ thuật cơ điện tử,A01,2025,15.0,,THPT
HIU,Trường Đại Học Quốc Tế Hồng Bàng,7520114,Kỹ thuật cơ điện tử,D01,2025,15.0,,THPT
HIU,Đại học Quốc tế Hồng Bàng,7520114,Kỹ thuật cơ điện tử,D01,2025,15.0,,THPT
HIU,Đại học Quốc tế Hồng Bàng,7520212,Kỹ thuật y sinh,A00,2025,15.0,,THPT
HIU,Trường Đại Học Quốc Tế Hồng Bàng,7520212,Kỹ thuật y sinh,A00,2025,15.0,,THPT
HIU,Trường Đại Học Quốc Tế Hồng Bàng,7520212,Kỹ thuật y sinh,B00,2025,15.0,,THPT
HIU,Đại học Quốc tế Hồng Bàng,7520212,Kỹ thuật y sinh,B00,2025,15.0,,THPT
HIU,Trường Đại Học Quốc Tế Hồng Bàng,7520212,Kỹ thuật y sinh,D07,2025,15.0,,THPT
HIU,Đại học Quốc tế Hồng Bàng,7520212,Kỹ thuật y sinh,D07,2025,15.0,,THPT
HIU,Trường Đại Học Quốc Tế Hồng Bàng,7520212,Kỹ thuật y sinh,D08,2025,15.0,,THPT
HIU,Đại học Quốc tế Hồng Bàng,7520212,Kỹ thuật y sinh,D08,2025,15.0,,THPT
HIU,Đại học Quốc tế Hồng Bàng,7580101,Kiến trúc,A00,2025,15.0,,THPT
HIU,Trường Đại Học Quốc Tế Hồng Bàng,7580101,Kiến trúc,A00,2025,15.0,,THPT
HIU,Trường Đại Học Quốc Tế Hồng Bàng,7580101,Kiến trúc,A01,2025,15.0,,THPT
HIU,Đại học Quốc tế Hồng Bàng,7580101,Kiến trúc,A01,2025,15.0,,THPT
HIU,Đại học Quốc tế Hồng Bàng,7720101,Y khoa,A00,2025,20.5,,THPT
HIU,Trường Đại Học Quốc Tế Hồng Bàng,7720101,Y khoa,A00,2025,20.5,,THPT
HIU,Trường Đại Học Quốc Tế Hồng Bàng,7720101,Y khoa,B00,2025,20.5,,THPT
HIU,Đại học Quốc tế Hồng Bàng,7720101,Y khoa,B00,2025,20.5,,THPT
HIU,Trường Đại Học Quốc Tế Hồng Bàng,7720101,Y khoa,D07,2025,20.5,,THPT
HIU,Đại học Quốc tế Hồng Bàng,7720101,Y khoa,D07,2025,20.5,,THPT
HIU,Trường Đại Học Quốc Tế Hồng Bàng,7720101,Y khoa,D08,2025,20.5,,THPT
HIU,Đại học Quốc tế Hồng Bàng,7720101,Y khoa,D08,2025,20.5,,THPT
HIU,Đại học Quốc tế Hồng Bàng,7720115,Y học cổ truyền,A00,2025,19.0,,THPT
HIU,Trường Đại Học Quốc Tế Hồng Bàng,7720115,Y học cổ truyền,A00,2025,19.0,,THPT
HIU,Trường Đại Học Quốc Tế Hồng Bàng,7720115,Y học cổ truyền,B00,2025,19.0,,THPT
HIU,Đại học Quốc tế Hồng Bàng,7720115,Y học cổ truyền,B00,2025,19.0,,THPT
HIU,Trường Đại Học Quốc Tế Hồng Bàng,7720115,Y học cổ truyền,D07,2025,19.0,,THPT
HIU,Đại học Quốc tế Hồng Bàng,7720115,Y học cổ truyền,D07,2025,19.0,,THPT
HIU,Trường Đại Học Quốc Tế Hồng Bàng,7720115,Y học cổ truyền,D08,2025,19.0,,THPT
HIU,Đại học Quốc tế Hồng Bàng,7720115,Y học cổ truyền,D08,2025,19.0,,THPT
HIU,Đại học Quốc tế Hồng Bàng,7720201,Dược học,A00,2025,19.0,,THPT
HIU,Trường Đại Học Quốc Tế Hồng Bàng,7720201,Dược học,A00,2025,19.0,,THPT
HIU,Trường Đại Học Quốc Tế Hồng Bàng,7720201,Dược học,B00,2025,19.0,,THPT
HIU,Đại học Quốc tế Hồng Bàng,7720201,Dược học,B00,2025,19.0,,THPT
HIU,Trường Đại Học Quốc Tế Hồng Bàng,7720201,Dược học,D07,2025,19.0,,THPT
HIU,Đại học Quốc tế Hồng Bàng,7720201,Dược học,D07,2025,19.0,,THPT
HIU,Trường Đại Học Quốc Tế Hồng Bàng,7720201,Dược học,D08,2025,19.0,,THPT
HIU,Đại học Quốc tế Hồng Bàng,7720201,Dược học,D08,2025,19.0,,THPT
HIU,Đại học Quốc tế Hồng Bàng,7720301,Điều dưỡng,A00,2025,17.0,,THPT
HIU,Trường Đại Học Quốc Tế Hồng Bàng,7720301,Điều dưỡng,A00,2025,17.0,,THPT
HIU,Trường Đại Học Quốc Tế Hồng Bàng,7720301,Điều dưỡng,B00,2025,17.0,,THPT
HIU,Đại học Quốc tế Hồng Bàng,7720301,Điều dưỡng,B00,2025,17.0,,THPT
HIU,Trường Đại Học Quốc Tế Hồng Bàng,7720301,Điều dưỡng,D07,2025,17.0,,THPT
HIU,Đại học Quốc tế Hồng Bàng,7720301,Điều dưỡng,D07,2025,17.0,,THPT
HIU,Trường Đại Học Quốc Tế Hồng Bàng,7720301,Điều dưỡng,D08,2025,17.0,,THPT
HIU,Đại học Quốc tế Hồng Bàng,7720301,Điều dưỡng,D08,2025,17.0,,THPT
HIU,Đại học Quốc tế Hồng Bàng,7720302,Hộ sinh,A00,2025,17.0,,THPT
HIU,Trường Đại Học Quốc Tế Hồng Bàng,7720302,Hộ sinh,A00,2025,17.0,,THPT
HIU,Trường Đại Học Quốc Tế Hồng Bàng,7720302,Hộ sinh,B00,2025,17.0,,THPT
HIU,Đại học Quốc tế Hồng Bàng,7720302,Hộ sinh,B00,2025,17.0,,THPT
HIU,Trường Đại Học Quốc Tế Hồng Bàng,7720302,Hộ sinh,D07,2025,17.0,,THPT
HIU,Đại học Quốc tế Hồng Bàng,7720302,Hộ sinh,D07,2025,17.0,,THPT
HIU,Trường Đại Học Quốc Tế Hồng Bàng,7720302,Hộ sinh,D08,2025,17.0,,THPT
HIU,Đại học Quốc tế Hồng Bàng,7720302,Hộ sinh,D08,2025,17.0,,THPT
HIU,Đại học Quốc tế Hồng Bàng,7720401,Dinh dưỡng,A00,2025,15.0,,THPT
HIU,Trường Đại Học Quốc Tế Hồng Bàng,7720401,Dinh dưỡng,A00,2025,15.0,,THPT
HIU,Trường Đại Học Quốc Tế Hồng Bàng,7720401,Dinh dưỡng,B00,2025,15.0,,THPT
HIU,Đại học Quốc tế Hồng Bàng,7720401,Dinh dưỡng,B00,2025,15.0,,THPT
HIU,Trường Đại Học Quốc Tế Hồng Bàng,7720401,Dinh dưỡng,D07,2025,15.0,,THPT
HIU,Đại học Quốc tế Hồng Bàng,7720401,Dinh dưỡng,D07,2025,15.0,,THPT
HIU,Trường Đại Học Quốc Tế Hồng Bàng,7720401,Dinh dưỡng,D08,2025,15.0,,THPT
HIU,Đại học Quốc tế Hồng Bàng,7720401,Dinh dưỡng,D08,2025,15.0,,THPT
HIU,Đại học Quốc tế Hồng Bàng,7720501,Răng- Hàm -Mặt,A00,2025,20.5,,THPT
HIU,Trường Đại Học Quốc Tế Hồng Bàng,7720501,Răng - Hàm - Mặt,A00,2025,20.5,,THPT
HIU,Trường Đại Học Quốc Tế Hồng Bàng,7720501,Răng - Hàm - Mặt,B00,2025,20.5,,THPT
HIU,Đại học Quốc tế Hồng Bàng,7720501,Răng- Hàm -Mặt,B00,2025,20.5,,THPT
HIU,Trường Đại Học Quốc Tế Hồng Bàng,7720501,Răng - Hàm - Mặt,D07,2025,20.5,,THPT
HIU,Đại học Quốc tế Hồng Bàng,7720501,Răng- Hàm -Mặt,D07,2025,20.5,,THPT
HIU,Trường Đại Học Quốc Tế Hồng Bàng,7720501,Răng - Hàm - Mặt,D08,2025,20.5,,THPT
HIU,Đại học Quốc tế Hồng Bàng,7720501,Răng- Hàm -Mặt,D08,2025,20.5,,THPT
HIU,Đại học Quốc tế Hồng Bàng,7720601,Kỹ thuật xét nghiệm y học,A00,2025,17.0,,THPT
HIU,Trường Đại Học Quốc Tế Hồng Bàng,7720601,Kỹ thuật xét nghiệm y học,A00,2025,17.0,,THPT
HIU,Trường Đại Học Quốc Tế Hồng Bàng,7720601,Kỹ thuật xét nghiệm y học,B00,2025,17.0,,THPT
HIU,Đại học Quốc tế Hồng Bàng,7720601,Kỹ thuật xét nghiệm y học,B00,2025,17.0,,THPT
HIU,Trường Đại Học Quốc Tế Hồng Bàng,7720601,Kỹ thuật xét nghiệm y học,D07,2025,17.0,,THPT
HIU,Đại học Quốc tế Hồng Bàng,7720601,Kỹ thuật xét nghiệm y học,D07,2025,17.0,,THPT
HIU,Trường Đại Học Quốc Tế Hồng Bàng,7720601,Kỹ thuật xét nghiệm y học,D08,2025,17.0,,THPT
HIU,Đại học Quốc tế Hồng Bàng,7720601,Kỹ thuật xét nghiệm y học,D08,2025,17.0,,THPT
HIU,Đại học Quốc tế Hồng Bàng,7720602,Kỹ thuật hình ảnh y học,A00,2025,17.0,,THPT
HIU,Trường Đại Học Quốc Tế Hồng Bàng,7720602,Kỹ thuật hình ảnh y học,A00,2025,17.0,,THPT
HIU,Trường Đại Học Quốc Tế Hồng Bàng,7720602,Kỹ thuật hình ảnh y học,B00,2025,17.0,,THPT
HIU,Đại học Quốc tế Hồng Bàng,7720602,Kỹ thuật hình ảnh y học,B00,2025,17.0,,THPT
HIU,Trường Đại Học Quốc Tế Hồng Bàng,7720602,Kỹ thuật hình ảnh y học,D07,2025,17.0,,THPT
HIU,Đại học Quốc tế Hồng Bàng,7720602,Kỹ thuật hình ảnh y học,D07,2025,17.0,,THPT
HIU,Trường Đại Học Quốc Tế Hồng Bàng,7720602,Kỹ thuật hình ảnh y học,D08,2025,17.0,,THPT
HIU,Đại học Quốc tế Hồng Bàng,7720602,Kỹ thuật hình ảnh y học,D08,2025,17.0,,THPT
HIU,Đại học Quốc tế Hồng Bàng,7720603,Kỹ thuật phục hồi chức năng,A00,2025,17.0,,THPT
HIU,Trường Đại Học Quốc Tế Hồng Bàng,7720603,Kỹ thuật Phục hồi chức năng,A00,2025,17.0,,THPT
HIU,Trường Đại Học Quốc Tế Hồng Bàng,7720603,Kỹ thuật Phục hồi chức năng,B00,2025,17.0,,THPT
HIU,Đại học Quốc tế Hồng Bàng,7720603,Kỹ thuật phục hồi chức năng,B00,2025,17.0,,THPT
HIU,Trường Đại Học Quốc Tế Hồng Bàng,7720603,Kỹ thuật Phục hồi chức năng,D07,2025,17.0,,THPT
HIU,Đại học Quốc tế Hồng Bàng,7720603,Kỹ thuật phục hồi chức năng,D07,2025,17.0,,THPT
HIU,Trường Đại Học Quốc Tế Hồng Bàng,7720603,Kỹ thuật Phục hồi chức năng,D08,2025,17.0,,THPT
HIU,Đại học Quốc tế Hồng Bàng,7720603,Kỹ thuật phục hồi chức năng,D08,2025,17.0,,THPT
HIU,Đại học Quốc tế Hồng Bàng,7720701,Y tế công cộng,A00,2025,15.0,,THPT
HIU,Trường Đại Học Quốc Tế Hồng Bàng,7720701,Y tế công cộng,A00,2025,15.0,,THPT
HIU,Trường Đại Học Quốc Tế Hồng Bàng,7720701,Y tế công cộng,B00,2025,15.0,,THPT
HIU,Đại học Quốc tế Hồng Bàng,7720701,Y tế công cộng,B00,2025,15.0,,THPT
HIU,Trường Đại Học Quốc Tế Hồng Bàng,7720701,Y tế công cộng,D07,2025,15.0,,THPT
HIU,Đại học Quốc tế Hồng Bàng,7720701,Y tế công cộng,D07,2025,15.0,,THPT
HIU,Trường Đại Học Quốc Tế Hồng Bàng,7720701,Y tế công cộng,D08,2025,15.0,,THPT
HIU,Đại học Quốc tế Hồng Bàng,7720701,Y tế công cộng,D08,2025,15.0,,THPT
HIU,Đại học Quốc tế Hồng Bàng,7810103,Quản trị dịch vụ du lịch và lữ hành,C00,2025,15.0,,THPT
HIU,Trường Đại Học Quốc Tế Hồng Bàng,7810103,Quản trị dịch vụ du lịch và lữ hành,C00,2025,15.0,,THPT
HIU,Trường Đại Học Quốc Tế Hồng Bàng,7810103,Quản trị dịch vụ du lịch và lữ hành,D01,2025,15.0,,THPT
HIU,Đại học Quốc tế Hồng Bàng,7810103,Quản trị dịch vụ du lịch và lữ hành,D01,2025,15.0,,THPT
HIU,Đại học Quốc tế Hồng Bàng,7810201,Quản trị khách sạn,C00,2025,15.0,,THPT
HIU,Trường Đại Học Quốc Tế Hồng Bàng,7810201,Quản trị khách sạn,C00,2025,15.0,,THPT
HIU,Trường Đại Học Quốc Tế Hồng Bàng,7810201,Quản trị khách sạn,D01,2025,15.0,,THPT
HIU,Đại học Quốc tế Hồng Bàng,7810201,Quản trị khách sạn,D01,2025,15.0,,THPT
HLU,Đại học Hạ Long,7140201,Giáo dục Mầm non,C00,2025,26.28,,THPT
HLU,Trường Đại Học Hạ Long,7140201,Giáo dục Mầm non,C00,2025,26.28,,THPT
HLU,Trường Đại Học Hạ Long,7140202,Giáo dục Tiểu học,D01,2025,24.0,,THPT
HLU,Đại học Hạ Long,7140202,Giáo dục Tiểu học,D01,2025,24.0,,THPT
HLU,Đại học Hạ Long,7140209,Sư phạm Toán học,A00,2025,23.3,,THPT
HLU,Trường Đại Học Hạ Long,7140209,Sư phạm Toán học,A00,2025,23.3,,THPT
HLU,Trường Đại Học Hạ Long,7140209,Sư phạm Toán học,A01,2025,23.3,,THPT
HLU,Đại học Hạ Long,7140209,Sư phạm Toán học,A01,2025,23.3,,THPT
HLU,Trường Đại Học Hạ Long,7140209,Sư phạm Toán học,B00,2025,23.3,,THPT
HLU,Đại học Hạ Long,7140209,Sư phạm Toán học,B00,2025,23.3,,THPT
HLU,Trường Đại Học Hạ Long,7140209,Sư phạm Toán học,D01,2025,23.3,,THPT
HLU,Đại học Hạ Long,7140209,Sư phạm Toán học,D01,2025,23.3,,THPT
HLU,Trường Đại Học Hạ Long,7140209,Sư phạm Toán học,D07,2025,23.3,,THPT
HLU,Đại học Hạ Long,7140209,Sư phạm Toán học,D07,2025,23.3,,THPT
HLU,Đại học Hạ Long,7140210,Sư phạm Tin học (Chuyên ngành Tin học – Công nghệ Tiểu học),A00,2025,21.75,,THPT
HLU,Trường Đại Học Hạ Long,7140210,Sư phạm Tin học,A00,2025,21.75,,THPT
HLU,Trường Đại Học Hạ Long,7140210,Sư phạm Tin học,A01,2025,21.75,,THPT
HLU,Đại học Hạ Long,7140210,Sư phạm Tin học (Chuyên ngành Tin học – Công nghệ Tiểu học),A01,2025,21.75,,THPT
HLU,Trường Đại Học Hạ Long,7140210,Sư phạm Tin học,D01,2025,21.75,,THPT
HLU,Đại học Hạ Long,7140210,Sư phạm Tin học (Chuyên ngành Tin học – Công nghệ Tiểu học),D01,2025,21.75,,THPT
HLU,Trường Đại Học Hạ Long,7140210,Sư phạm Tin học,D07,2025,21.75,,THPT
HLU,Đại học Hạ Long,7140210,Sư phạm Tin học (Chuyên ngành Tin học – Công nghệ Tiểu học),D07,2025,21.75,,THPT
HLU,Đại học Hạ Long,7140217,Sư phạm Ngữ văn,C00,2025,27.32,,THPT
HLU,Trường Đại Học Hạ Long,7140217,Sư phạm Ngữ văn,C00,2025,27.32,,THPT
HLU,Trường Đại Học Hạ Long,7140217,Sư phạm Ngữ văn,D01,2025,27.32,,THPT
HLU,Đại học Hạ Long,7140217,Sư phạm Ngữ văn,D01,2025,27.32,,THPT
HLU,Đại học Hạ Long,7140231,Sư phạm Tiếng Anh,D01,2025,23.6,,THPT
HLU,Trường Đại Học Hạ Long,7140231,Sư phạm Tiếng Anh,D01,2025,23.6,,THPT
HLU,Trường Đại Học Hạ Long,7140231,Sư phạm Tiếng Anh,D09,2025,23.6,,THPT
HLU,Đại học Hạ Long,7140231,Sư phạm Tiếng Anh,D09,2025,23.6,,THPT
HLU,Trường Đại Học Hạ Long,7140231,Sư phạm Tiếng Anh,D10,2025,23.6,,THPT
HLU,Đại học Hạ Long,7140231,Sư phạm Tiếng Anh,D10,2025,23.6,,THPT
HLU,Đại học Hạ Long,7140247,Sư phạm khoa học tự nhiên,A00,2025,22.52,,THPT
HLU,Trường Đại Học Hạ Long,7140247,Sư phạm Khoa học tự nhiên,A00,2025,22.52,,THPT
HLU,Trường Đại Học Hạ Long,7140247,Sư phạm Khoa học tự nhiên,A01,2025,22.52,,THPT
HLU,Đại học Hạ Long,7140247,Sư phạm khoa học tự nhiên,A01,2025,22.52,,THPT
HLU,Trường Đại Học Hạ Long,7140247,Sư phạm Khoa học tự nhiên,B00,2025,22.52,,THPT
HLU,Đại học Hạ Long,7140247,Sư phạm khoa học tự nhiên,B00,2025,22.52,,THPT
HLU,Trường Đại Học Hạ Long,7140247,Sư phạm Khoa học tự nhiên,D07,2025,22.52,,THPT
HLU,Đại học Hạ Long,7140247,Sư phạm khoa học tự nhiên,D07,2025,22.52,,THPT
HLU,Đại học Hạ Long,7210403,Thiết kế đồ họa,A00,2025,15.0,,THPT
HLU,Trường Đại Học Hạ Long,7210403,Thiết kế đồ họa,A00,2025,15.0,,THPT
HLU,Trường Đại Học Hạ Long,7210403,Thiết kế đồ họa,A01,2025,15.0,,THPT
HLU,Đại học Hạ Long,7210403,Thiết kế đồ họa,A01,2025,15.0,,THPT
HLU,Trường Đại Học Hạ Long,7210403,Thiết kế đồ họa,D01,2025,15.0,,THPT
HLU,Đại học Hạ Long,7210403,Thiết kế đồ họa,D01,2025,15.0,,THPT
HLU,Đại học Hạ Long,7220201,Ngôn ngữ Anh,A01,2025,16.25,,THPT
HLU,Trường Đại Học Hạ Long,7220201,Ngôn ngữ Anh,A01,2025,16.25,,THPT
HLU,Trường Đại Học Hạ Long,7220201,Ngôn ngữ Anh,D01,2025,16.25,,THPT
HLU,Đại học Hạ Long,7220201,Ngôn ngữ Anh,D01,2025,16.25,,THPT
HLU,Trường Đại Học Hạ Long,7220201,Ngôn ngữ Anh,D10,2025,16.25,,THPT
HLU,Đại học Hạ Long,7220201,Ngôn ngữ Anh,D10,2025,16.25,,THPT
HLU,Đại học Hạ Long,7220204,Ngôn ngữ Trung Quốc,A01,2025,22.5,,THPT
HLU,Trường Đại Học Hạ Long,7220204,Ngôn ngữ Trung Quốc,A01,2025,22.5,,THPT
HLU,Trường Đại Học Hạ Long,7220204,Ngôn ngữ Trung Quốc,D01,2025,22.5,,THPT
HLU,Đại học Hạ Long,7220204,Ngôn ngữ Trung Quốc,D01,2025,22.5,,THPT
HLU,Đại học Hạ Long,7220209,Ngôn ngữ Nhật,A01,2025,15.0,,THPT
HLU,Trường Đại Học Hạ Long,7220209,Ngôn ngữ Nhật,A01,2025,15.0,,THPT
HLU,Trường Đại Học Hạ Long,7220209,Ngôn ngữ Nhật,D01,2025,15.0,,THPT
HLU,Đại học Hạ Long,7220209,Ngôn ngữ Nhật,D01,2025,15.0,,THPT
HLU,Trường Đại Học Hạ Long,7220209,Ngôn ngữ Nhật,D10,2025,15.0,,THPT
HLU,Đại học Hạ Long,7220209,Ngôn ngữ Nhật,D10,2025,15.0,,THPT
HLU,Đại học Hạ Long,7220210,Ngôn ngữ Hàn Quốc,A01,2025,15.0,,THPT
HLU,Trường Đại Học Hạ Long,7220210,Ngôn ngữ Hàn Quốc,A01,2025,15.0,,THPT
HLU,Trường Đại Học Hạ Long,7220210,Ngôn ngữ Hàn Quốc,D01,2025,15.0,,THPT
HLU,Đại học Hạ Long,7220210,Ngôn ngữ Hàn Quốc,D01,2025,15.0,,THPT
HLU,Đại học Hạ Long,7229030,Văn học,C00,2025,16.5,,THPT
HLU,Trường Đại Học Hạ Long,7229030,Văn học (Văn báo chí truyền thông),C00,2025,16.5,,THPT
HLU,Trường Đại Học Hạ Long,7229030,Văn học (Văn báo chí truyền thông),D01,2025,16.5,,THPT
HLU,Đại học Hạ Long,7229030,Văn học,D01,2025,16.5,,THPT
HLU,Đại học Hạ Long,7229042,Quản lý văn hoá,C00,2025,17.0,,THPT
HLU,Trường Đại Học Hạ Long,7229042,Quản lý văn hóa,C00,2025,17.0,,THPT
HLU,Trường Đại Học Hạ Long,7229042,Quản lý văn hóa,D01,2025,17.0,,THPT
HLU,Đại học Hạ Long,7229042,Quản lý văn hoá,D01,2025,17.0,,THPT
HLU,Đại học Hạ Long,7340101,Quản trị Kinh doanh,A00,2025,16.0,,THPT
HLU,Trường Đại Học Hạ Long,7340101,Quản trị kinh doanh,A00,2025,16.0,,THPT
HLU,Trường Đại Học Hạ Long,7340101,Quản trị kinh doanh,A01,2025,16.0,,THPT
HLU,Đại học Hạ Long,7340101,Quản trị Kinh doanh,A01,2025,16.0,,THPT
HLU,Trường Đại Học Hạ Long,7340101,Quản trị kinh doanh,D01,2025,16.0,,THPT
HLU,Đại học Hạ Long,7340101,Quản trị Kinh doanh,D01,2025,16.0,,THPT
HLU,Trường Đại Học Hạ Long,7340101,Quản trị kinh doanh,D10,2025,16.0,,THPT
HLU,Đại học Hạ Long,7340101,Quản trị Kinh doanh,D10,2025,16.0,,THPT
HLU,Đại học Hạ Long,7340301,Kế toán,A00,2025,16.0,,THPT
HLU,Trường Đại Học Hạ Long,7340301,Kế toán,A00,2025,16.0,,THPT
HLU,Trường Đại Học Hạ Long,7340301,Kế toán,A01,2025,16.0,,THPT
HLU,Đại học Hạ Long,7340301,Kế toán,A01,2025,16.0,,THPT
HLU,Trường Đại Học Hạ Long,7340301,Kế toán,D01,2025,16.0,,THPT
HLU,Đại học Hạ Long,7340301,Kế toán,D01,2025,16.0,,THPT
HLU,Trường Đại Học Hạ Long,7340301,Kế toán,D10,2025,16.0,,THPT
HLU,Đại học Hạ Long,7340301,Kế toán,D10,2025,16.0,,THPT
HLU,Đại học Hạ Long,7480101,Khoa học máy tính,A00,2025,15.0,,THPT
HLU,Trường Đại Học Hạ Long,7480101,Khoa học máy tính,A00,2025,15.0,,THPT
HLU,Trường Đại Học Hạ Long,7480101,Khoa học máy tính,A01,2025,15.0,,THPT
HLU,Đại học Hạ Long,7480101,Khoa học máy tính,A01,2025,15.0,,THPT
HLU,Trường Đại Học Hạ Long,7480101,Khoa học máy tính,D01,2025,15.0,,THPT
HLU,Đại học Hạ Long,7480101,Khoa học máy tính,D01,2025,15.0,,THPT
HLU,Trường Đại Học Hạ Long,7480101,Khoa học máy tính,D07,2025,15.0,,THPT
HLU,Đại học Hạ Long,7480101,Khoa học máy tính,D07,2025,15.0,,THPT
HLU,Đại học Hạ Long,7480201,Công nghệ thông tin,A00,2025,15.0,,THPT
HLU,Trường Đại Học Hạ Long,7480201,Công nghệ thông tin,A00,2025,15.0,,THPT
HLU,Trường Đại Học Hạ Long,7480201,Công nghệ thông tin,A01,2025,15.0,,THPT
HLU,Đại học Hạ Long,7480201,Công nghệ thông tin,A01,2025,15.0,,THPT
HLU,Trường Đại Học Hạ Long,7480201,Công nghệ thông tin,D01,2025,15.0,,THPT
HLU,Đại học Hạ Long,7480201,Công nghệ thông tin,D01,2025,15.0,,THPT
HLU,Trường Đại Học Hạ Long,7480201,Công nghệ thông tin,D07,2025,15.0,,THPT
HLU,Đại học Hạ Long,7480201,Công nghệ thông tin,D07,2025,15.0,,THPT
HLU,Đại học Hạ Long,7620301,ĐH Nuôi trồng thủy sản,A00,2025,15.0,,THPT
HLU,Trường Đại Học Hạ Long,7620301,Nuôi trồng thủy sản,A00,2025,15.0,,THPT
HLU,Trường Đại Học Hạ Long,7620301,Nuôi trồng thủy sản,B00,2025,15.0,,THPT
HLU,Đại học Hạ Long,7620301,ĐH Nuôi trồng thủy sản,B00,2025,15.0,,THPT
HLU,Trường Đại Học Hạ Long,7620301,Nuôi trồng thủy sản,D01,2025,15.0,,THPT
HLU,Đại học Hạ Long,7620301,ĐH Nuôi trồng thủy sản,D01,2025,15.0,,THPT
HLU,Trường Đại Học Hạ Long,7620301,Nuôi trồng thủy sản,D10,2025,15.0,,THPT
HLU,Đại học Hạ Long,7620301,ĐH Nuôi trồng thủy sản,D10,2025,15.0,,THPT
HLU,Đại học Hạ Long,7810101,Du lịch,A01,2025,17.0,,THPT
HLU,Trường Đại Học Hạ Long,7810101,Du lịch và dịch vụ hàng không,A01,2025,17.0,,THPT
HLU,Trường Đại Học Hạ Long,7810101,Du lịch và dịch vụ hàng không,C00,2025,17.0,,THPT
HLU,Đại học Hạ Long,7810101,Du lịch,C00,2025,17.0,,THPT
HLU,Trường Đại Học Hạ Long,7810101,Du lịch và dịch vụ hàng không,D01,2025,17.0,,THPT
HLU,Đại học Hạ Long,7810101,Du lịch,D01,2025,17.0,,THPT
HLU,Trường Đại Học Hạ Long,7810101,Du lịch và dịch vụ hàng không,D07,2025,17.0,,THPT
HLU,Đại học Hạ Long,7810101,Du lịch,D07,2025,17.0,,THPT
HLU,Đại học Hạ Long,7810103,Quản trị dịch vụ du lịch và lữ hành,A00,2025,20.0,,THPT
HLU,Trường Đại Học Hạ Long,7810103,Quản trị dịch vụ du lịch và lữ hành,A00,2025,20.0,,THPT
HLU,Trường Đại Học Hạ Long,7810103,Quản trị dịch vụ du lịch và lữ hành,A01,2025,20.0,,THPT
HLU,Đại học Hạ Long,7810103,Quản trị dịch vụ du lịch và lữ hành,A01,2025,20.0,,THPT
HLU,Trường Đại Học Hạ Long,7810103,Quản trị dịch vụ du lịch và lữ hành,C00,2025,20.0,,THPT
HLU,Đại học Hạ Long,7810103,Quản trị dịch vụ du lịch và lữ hành,C00,2025,20.0,,THPT
HLU,Trường Đại Học Hạ Long,7810103,Quản trị dịch vụ du lịch và lữ hành,D01,2025,20.0,,THPT
HLU,Đại học Hạ Long,7810103,Quản trị dịch vụ du lịch và lữ hành,D01,2025,20.0,,THPT
HLU,Trường Đại Học Hạ Long,7810103,Quản trị dịch vụ du lịch và lữ hành,D10,2025,20.0,,THPT
HLU,Đại học Hạ Long,7810103,Quản trị dịch vụ du lịch và lữ hành,D10,2025,20.0,,THPT
HLU,Đại học Hạ Long,7810201,Quản trị khách sạn,A00,2025,16.0,,THPT
HLU,Trường Đại Học Hạ Long,7810201,Quản trị khách sạn,A00,2025,16.0,,THPT
HLU,Trường Đại Học Hạ Long,7810201,Quản trị khách sạn,A01,2025,16.0,,THPT
HLU,Đại học Hạ Long,7810201,Quản trị khách sạn,A01,2025,16.0,,THPT
HLU,Trường Đại Học Hạ Long,7810201,Quản trị khách sạn,D01,2025,16.0,,THPT
HLU,Đại học Hạ Long,7810201,Quản trị khách sạn,D01,2025,16.0,,THPT
HLU,Trường Đại Học Hạ Long,7810201,Quản trị khách sạn,D10,2025,16.0,,THPT
HLU,Đại học Hạ Long,7810201,Quản trị khách sạn,D10,2025,16.0,,THPT
HLU,Đại học Hạ Long,7810202,Quản trị nhà hàng và dịch vụ ăn uống,C00,2025,16.0,,THPT
HLU,Trường Đại Học Hạ Long,7810202,Quản trị nhà hàng và dịch vụ ăn uống,C00,2025,16.0,,THPT
HLU,Trường Đại Học Hạ Long,7810202,Quản trị nhà hàng và dịch vụ ăn uống,D01,2025,16.0,,THPT
HLU,Đại học Hạ Long,7810202,Quản trị nhà hàng và dịch vụ ăn uống,D01,2025,16.0,,THPT
HLU,Đại học Hạ Long,7850101,Quản lý tài nguyên và môi trường,A00,2025,15.0,,THPT
HLU,Trường Đại Học Hạ Long,7850101,Quản lý tài nguyên và môi trường,A00,2025,15.0,,THPT
HLU,Trường Đại Học Hạ Long,7850101,Quản lý tài nguyên và môi trường,B00,2025,15.0,,THPT
HLU,Đại học Hạ Long,7850101,Quản lý tài nguyên và môi trường,B00,2025,15.0,,THPT
HLU,Trường Đại Học Hạ Long,7850101,Quản lý tài nguyên và môi trường,D01,2025,15.0,,THPT
HLU,Đại học Hạ Long,7850101,Quản lý tài nguyên và môi trường,D01,2025,15.0,,THPT
HLU,Trường Đại Học Hạ Long,7850101,Quản lý tài nguyên và môi trường,D10,2025,15.0,,THPT
HLU,Đại học Hạ Long,7850101,Quản lý tài nguyên và môi trường,D10,2025,15.0,,THPT
HNM,Trường Đại học Thủ Đô Hà Nội,7140114,Quản lí Giáo dục,D01,2025,23.97,,THPT
HNM,Trường Đại học Thủ Đô Hà Nội,7140114,Quản lí Giáo dục,D01,2025,23.97,,THPT
HNM,Trường Đại học Thủ Đô Hà Nội,7140201,Giáo dục Mầm non,D01,2025,24.25,,THPT
HNM,Trường Đại học Thủ Đô Hà Nội,7140201,Giáo dục Mầm non,D01,2025,24.25,,THPT
HNM,Trường Đại học Thủ Đô Hà Nội,7140202,Giáo dục Tiểu học,D01,2025,25.33,,THPT
HNM,Trường Đại học Thủ Đô Hà Nội,7140202,Giáo dục Tiểu học,D01,2025,25.33,,THPT
HNM,Trường Đại học Thủ Đô Hà Nội,7140203,Giáo dục đặc biệt,D01,2025,24.17,,THPT
HNM,Trường Đại học Thủ Đô Hà Nội,7140203,Giáo dục đặc biệt,D01,2025,24.17,,THPT
HNM,Trường Đại học Thủ Đô Hà Nội,7140204,Giáo dục công dân,C00,2025,27.95,,THPT
HNM,Trường Đại học Thủ Đô Hà Nội,7140209,Sư phạm Toán học,A00,2025,27.34,,THPT
HNM,Trường Đại học Thủ Đô Hà Nội,7140209,Sư phạm Toán học,A00,2025,27.34,,THPT
HNM,Trường Đại học Thủ Đô Hà Nội,7140209,Sư phạm Toán học,A01,2025,27.34,,THPT
HNM,Trường Đại học Thủ Đô Hà Nội,7140209,Sư phạm Toán học,A01,2025,27.34,,THPT
HNM,Trường Đại học Thủ Đô Hà Nội,7140210,Sư phạm Tin học,A00,2025,23.0,,THPT
HNM,Trường Đại học Thủ Đô Hà Nội,7140210,Sư phạm Tin học,A00,2025,23.0,,THPT
HNM,Trường Đại học Thủ Đô Hà Nội,7140210,Sư phạm Tin học,A01,2025,23.0,,THPT
HNM,Trường Đại học Thủ Đô Hà Nội,7140210,Sư phạm Tin học,A01,2025,23.0,,THPT
HNM,Trường Đại học Thủ Đô Hà Nội,7140211,Sư phạm Vật lí,A00,2025,26.27,,THPT
HNM,Trường Đại học Thủ Đô Hà Nội,7140211,Sư phạm Vật lí,A00,2025,26.27,,THPT
HNM,Trường Đại học Thủ Đô Hà Nội,7140211,Sư phạm Vật lí,A01,2025,26.27,,THPT
HNM,Trường Đại học Thủ Đô Hà Nội,7140211,Sư phạm Vật lí,A01,2025,26.27,,THPT
HNM,Trường Đại học Thủ Đô Hà Nội,7140217,Sư phạm Ngữ văn,C00,2025,28.1,,THPT
HNM,Trường Đại học Thủ Đô Hà Nội,7140217,Sư phạm Ngữ văn,D01,2025,28.1,,THPT
HNM,Trường Đại học Thủ Đô Hà Nội,7140217,Sư phạm Ngữ văn,D01,2025,28.1,,THPT
HNM,Trường Đại học Thủ Đô Hà Nội,7140218,Sư phạm Lịch sử,C00,2025,28.13,,THPT
HNM,Trường Đại học Thủ Đô Hà Nội,7140218,Sư phạm Lịch sử,C00,2025,28.13,,THPT
HNM,Trường Đại học Thủ Đô Hà Nội,7140218,Sư phạm Lịch sử,C00,2025,28.13,,THPT
HNM,Trường Đại học Thủ Đô Hà Nội,7140231,Sư phạm Tiếng Anh,D01,2025,25.89,,THPT
HNM,Trường Đại học Thủ Đô Hà Nội,7140231,Sư phạm Tiếng Anh,D01,2025,25.89,,THPT
HNM,Trường Đại học Thủ Đô Hà Nội,7220201,Ngôn ngữ Anh,D01,2025,25.22,,THPT
HNM,Trường Đại học Thủ Đô Hà Nội,7220201,Ngôn ngữ Anh,D01,2025,25.22,,THPT
HNM,Trường Đại học Thủ Đô Hà Nội,7220204,Ngôn ngữ Trung Quốc,D01,2025,25.32,,THPT
HNM,Trường Đại học Thủ Đô Hà Nội,7229030,Văn học,C00,2025,26.52,,THPT
HNM,Trường Đại học Thủ Đô Hà Nội,7229030,Văn học,C00,2025,26.52,,THPT
HNM,Trường Đại học Thủ Đô Hà Nội,7229030,Văn học,D01,2025,26.52,,THPT
HNM,Trường Đại học Thủ Đô Hà Nội,7229030,Văn học,D01,2025,26.52,,THPT
HNM,Trường Đại học Thủ Đô Hà Nội,7229030,Văn học,D01,2025,26.52,,THPT
HNM,Trường Đại học Thủ Đô Hà Nội,7229040,Văn hóa học,C00,2025,25.88,,THPT
HNM,Trường Đại học Thủ Đô Hà Nội,7229040,Văn hóa học,C00,2025,25.88,,THPT
HNM,Trường Đại học Thủ Đô Hà Nội,7229040,Văn hóa học,C00,2025,25.88,,THPT
HNM,Trường Đại học Thủ Đô Hà Nội,7310110,Quản lý kinh tế,D01,2025,21.23,,THPT
HNM,Trường Đại học Thủ Đô Hà Nội,7310110,Quản lý kinh tế,D01,2025,21.23,,THPT
HNM,Trường Đại học Thủ Đô Hà Nội,7310110,Quản lý kinh tế,D07,2025,21.23,,THPT
HNM,Trường Đại học Thủ Đô Hà Nội,7310110,Quản lý kinh tế,D07,2025,21.23,,THPT
HNM,Trường Đại học Thủ Đô Hà Nội,7310110,Quản lý kinh tế,D08,2025,21.23,,THPT
HNM,Trường Đại học Thủ Đô Hà Nội,7310110,Quản lý kinh tế,D08,2025,21.23,,THPT
HNM,Trường Đại học Thủ Đô Hà Nội,7310201,Chính trị học,C00,2025,25.5,,THPT
HNM,Trường Đại học Thủ Đô Hà Nội,7310201,Chính trị học,C00,2025,25.5,,THPT
HNM,Trường Đại học Thủ Đô Hà Nội,7310201,Chính trị học,D01,2025,25.5,,THPT
HNM,Trường Đại học Thủ Đô Hà Nội,7310201,Chính trị học,D01,2025,25.5,,THPT
HNM,Trường Đại học Thủ Đô Hà Nội,7310201,Chính trị học,D01,2025,25.5,,THPT
HNM,Trường Đại học Thủ Đô Hà Nội,7310401,Tâm lí học,C00,2025,26.03,,THPT
HNM,Trường Đại học Thủ Đô Hà Nội,7310401,Tâm lí học,C00,2025,26.03,,THPT
HNM,Trường Đại học Thủ Đô Hà Nội,7310401,Tâm lí học,D01,2025,26.03,,THPT
HNM,Trường Đại học Thủ Đô Hà Nội,7310401,Tâm lí học,D01,2025,26.03,,THPT
HNM,Trường Đại học Thủ Đô Hà Nội,7310401,Tâm lí học,D01,2025,26.03,,THPT
HNM,Trường Đại học Thủ Đô Hà Nội,7310630,Việt Nam học,C00,2025,25.47,,THPT
HNM,Trường Đại học Thủ Đô Hà Nội,7310630,Việt Nam học,C00,2025,25.47,,THPT
HNM,Trường Đại học Thủ Đô Hà Nội,7310630,Việt Nam học,C00,2025,25.47,,THPT
HNM,Trường Đại học Thủ Đô Hà Nội,7340101,Quản trị kinh doanh,D01,2025,22.85,,THPT
HNM,Trường Đại học Thủ Đô Hà Nội,7340101,Quản trị kinh doanh,D01,2025,22.85,,THPT
HNM,Trường Đại học Thủ Đô Hà Nội,7340101,Quản trị kinh doanh,D07,2025,22.85,,THPT
HNM,Trường Đại học Thủ Đô Hà Nội,7340101,Quản trị kinh doanh,D07,2025,22.85,,THPT
HNM,Trường Đại học Thủ Đô Hà Nội,7340101,Quản trị kinh doanh,D08,2025,22.85,,THPT
HNM,Trường Đại học Thủ Đô Hà Nội,7340101,Quản trị kinh doanh,D08,2025,22.85,,THPT
HNM,Trường Đại học Thủ Đô Hà Nội,7340201,Tài chính -Ngân hàng,D01,2025,23.4,,THPT
HNM,Trường Đại học Thủ Đô Hà Nội,7340201,Tài chính -Ngân hàng,D01,2025,23.4,,THPT
HNM,Trường Đại học Thủ Đô Hà Nội,7340201,Tài chính -Ngân hàng,D07,2025,23.4,,THPT
HNM,Trường Đại học Thủ Đô Hà Nội,7340201,Tài chính -Ngân hàng,D07,2025,23.4,,THPT
HNM,Trường Đại học Thủ Đô Hà Nội,7340201,Tài chính -Ngân hàng,D08,2025,23.4,,THPT
HNM,Trường Đại học Thủ Đô Hà Nội,7340201,Tài chính -Ngân hàng,D08,2025,23.4,,THPT
HNM,Trường Đại học Thủ Đô Hà Nội,7340403,Quản lí công,D01,2025,23.07,,THPT
HNM,Trường Đại học Thủ Đô Hà Nội,7340403,Quản lí công,D01,2025,23.07,,THPT
HNM,Trường Đại học Thủ Đô Hà Nội,7380101,Luật,C00,2025,26.13,,THPT
HNM,Trường Đại học Thủ Đô Hà Nội,7380101,Luật,C00,2025,26.13,,THPT
HNM,Trường Đại học Thủ Đô Hà Nội,7380101,Luật,D01,2025,26.13,,THPT
HNM,Trường Đại học Thủ Đô Hà Nội,7380101,Luật,D01,2025,26.13,,THPT
HNM,Trường Đại học Thủ Đô Hà Nội,7460112,Toán ứng dụng,A00,2025,24.44,,THPT
HNM,Trường Đại học Thủ Đô Hà Nội,7460112,Toán ứng dụng,A00,2025,24.44,,THPT
HNM,Trường Đại học Thủ Đô Hà Nội,7460112,Toán ứng dụng,A01,2025,24.44,,THPT
HNM,Trường Đại học Thủ Đô Hà Nội,7460112,Toán ứng dụng,A01,2025,24.44,,THPT
HNM,Trường Đại học Thủ Đô Hà Nội,7480201,Công nghệ thông tin,A00,2025,22.95,,THPT
HNM,Trường Đại học Thủ Đô Hà Nội,7480201,Công nghệ thông tin,A00,2025,22.95,,THPT
HNM,Trường Đại học Thủ Đô Hà Nội,7480201,Công nghệ thông tin,A01,2025,22.95,,THPT
HNM,Trường Đại học Thủ Đô Hà Nội,7480201,Công nghệ thông tin,A01,2025,22.95,,THPT
HNM,Trường Đại học Thủ Đô Hà Nội,7510406,Công nghệ kĩ thuật môi trường,D01,2025,20.86,,THPT
HNM,Trường Đại học Thủ Đô Hà Nội,7510406,Công nghệ kĩ thuật môi trường,D01,2025,20.86,,THPT
HNM,Trường Đại học Thủ Đô Hà Nội,7510406,Công nghệ kĩ thuật môi trường,D01,2025,20.86,,THPT
HNM,Trường Đại học Thủ Đô Hà Nội,7510605,Logistics và Quản lí chuỗi cung ứng,A01,2025,23.66,,THPT
HNM,Trường Đại học Thủ Đô Hà Nội,7510605,Logistics và Quản lí chuỗi cung ứng,A01,2025,23.66,,THPT
HNM,Trường Đại học Thủ Đô Hà Nội,7510605,Logistics và Quản lí chuỗi cung ứng,A01,2025,23.66,,THPT
HNM,Trường Đại học Thủ Đô Hà Nội,7510605,Logistics và Quản lí chuỗi cung ứng,D01,2025,23.66,,THPT
HNM,Trường Đại học Thủ Đô Hà Nội,7510605,Logistics và Quản lí chuỗi cung ứng,D01,2025,23.66,,THPT
HNM,Trường Đại học Thủ Đô Hà Nội,7510605,Logistics và Quản lí chuỗi cung ứng,D01,2025,23.66,,THPT
HNM,Trường Đại học Thủ Đô Hà Nội,7510605,Logistics và Quản lí chuỗi cung ứng,D07,2025,23.66,,THPT
HNM,Trường Đại học Thủ Đô Hà Nội,7510605,Logistics và Quản lí chuỗi cung ứng,D07,2025,23.66,,THPT
HNM,Trường Đại học Thủ Đô Hà Nội,7510605,Logistics và Quản lí chuỗi cung ứng,D07,2025,23.66,,THPT
HNM,Trường Đại học Thủ Đô Hà Nội,7510605,Logistics và Quản lí chuỗi cung ứng,D08,2025,23.66,,THPT
HNM,Trường Đại học Thủ Đô Hà Nội,7510605,Logistics và Quản lí chuỗi cung ứng,D08,2025,23.66,,THPT
HNM,Trường Đại học Thủ Đô Hà Nội,7510605,Logistics và Quản lí chuỗi cung ứng,D08,2025,23.66,,THPT
HNM,Trường Đại học Thủ Đô Hà Nội,7760101,Công tác xã hội,C00,2025,25.41,,THPT
HNM,Trường Đại học Thủ Đô Hà Nội,7760101,Công tác xã hội,C00,2025,25.41,,THPT
HNM,Trường Đại học Thủ Đô Hà Nội,7760101,Công tác xã hội,C00,2025,25.41,,THPT
HNM,Trường Đại học Thủ Đô Hà Nội,7760101,Công tác xã hội,D01,2025,25.41,,THPT
HNM,Trường Đại học Thủ Đô Hà Nội,7760101,Công tác xã hội,D01,2025,25.41,,THPT
HNM,Trường Đại học Thủ Đô Hà Nội,7760101,Công tác xã hội,D01,2025,25.41,,THPT
HNM,Trường Đại học Thủ Đô Hà Nội,7810103,Quản trị dịch vụ du lịch và lữ hành,D01,2025,23.96,,THPT
HNM,Trường Đại học Thủ Đô Hà Nội,7810103,Quản trị dịch vụ du lịch và lữ hành,D01,2025,23.96,,THPT
HNM,Trường Đại học Thủ Đô Hà Nội,7810201,Quản trị khách sạn,D01,2025,23.54,,THPT
HNM,Trường Đại học Thủ Đô Hà Nội,7810201,Quản trị khách sạn,D01,2025,23.54,,THPT
HPN,Học viện Phụ nữ Việt Nam,7310101,Kinh tế,A00,2025,24.03,,THPT
HPN,Học Viện Phụ Nữ Việt Nam,7310101,Kinh tế,A00,2025,24.0267,,THPT
HPN,Học viện Phụ nữ Việt Nam,7310101,Kinh tế,C00,2025,24.03,,THPT
HPN,Học viện Phụ nữ Việt Nam,7310101,Kinh tế,C00,2025,25.03,,THPT
HPN,Học Viện Phụ Nữ Việt Nam,7310101,Kinh tế,D01,2025,24.0267,,THPT
HPN,Học viện Phụ nữ Việt Nam,7310101,Kinh tế,D01,2025,24.03,,THPT
HPN,Học Viện Phụ Nữ Việt Nam,7310101,Kinh tế,D09,2025,24.0267,,THPT
HPN,Học viện Phụ nữ Việt Nam,7310101,Kinh tế,D09,2025,24.03,,THPT
HPN,Học viện Phụ nữ Việt Nam,7310109,Kinh tế số,A00,2025,23.2,,THPT
HPN,Học Viện Phụ Nữ Việt Nam,7310109,Kinh tế số,A00,2025,24.2,,THPT
HPN,Học viện Phụ nữ Việt Nam,7310109,Kinh tế số,C00,2025,24.2,,THPT
HPN,Học Viện Phụ Nữ Việt Nam,7310109,Kinh tế số,D01,2025,24.2,,THPT
HPN,Học viện Phụ nữ Việt Nam,7310109,Kinh tế số,D01,2025,23.2,,THPT
HPN,Học Viện Phụ Nữ Việt Nam,7310109,Kinh tế số,D09,2025,24.2,,THPT
HPN,Học viện Phụ nữ Việt Nam,7310109,Kinh tế số,D09,2025,23.2,,THPT
HPN,Học viện Phụ nữ Việt Nam,7310399,Giới và Phát triển*,A00,2025,22.43,,THPT
HPN,Học Viện Phụ Nữ Việt Nam,7310399,Giới và phát triển,A00,2025,22.4267,,THPT
HPN,Học Viện Phụ Nữ Việt Nam,7310399,Giới và phát triển,C00,2025,22.4267,,THPT
HPN,Học viện Phụ nữ Việt Nam,7310399,Giới và Phát triển*,C00,2025,22.43,,THPT
HPN,Học Viện Phụ Nữ Việt Nam,7310399,Giới và phát triển,D01,2025,22.4267,,THPT
HPN,Học viện Phụ nữ Việt Nam,7310399,Giới và Phát triển*,D01,2025,22.43,,THPT
HPN,Học viện Phụ nữ Việt Nam,7310401,Tâm lý học,A01,2025,24.17,,THPT
HPN,Học Viện Phụ Nữ Việt Nam,7310401,Tâm lý học,A01,2025,25.17,,THPT
HPN,Học Viện Phụ Nữ Việt Nam,7310401,Tâm lý học,A01,2025,25.17,,THPT
HPN,Học Viện Phụ Nữ Việt Nam,7310401,Tâm lý học,C00,2025,25.17,,THPT
HPN,Học viện Phụ nữ Việt Nam,7310401,Tâm lý học,C00,2025,24.17,,THPT
HPN,Học viện Phụ nữ Việt Nam,7310401,Tâm lý học,C00,2025,25.17,,THPT
HPN,Học Viện Phụ Nữ Việt Nam,7310401,Tâm lý học,D01,2025,25.17,,THPT
HPN,Học Viện Phụ Nữ Việt Nam,7310401,Tâm lý học,D01,2025,25.17,,THPT
HPN,Học viện Phụ nữ Việt Nam,7310401,Tâm lý học,D01,2025,24.17,,THPT
HPN,Học viện Phụ nữ Việt Nam,7320104,Truyền thông đa phương tiện,A00,2025,25.12,,THPT
HPN,Học Viện Phụ Nữ Việt Nam,7320104,Truyền thông đa phương tiện,A00,2025,26.62,,THPT
HPN,Học Viện Phụ Nữ Việt Nam,7320104,Truyền thông đa phương tiện,A00,2025,26.62,,THPT
HPN,Học Viện Phụ Nữ Việt Nam,7320104,Truyền thông đa phương tiện,A01,2025,26.62,,THPT
HPN,Học Viện Phụ Nữ Việt Nam,7320104,Truyền thông đa phương tiện,A01,2025,26.62,,THPT
HPN,Học viện Phụ nữ Việt Nam,7320104,Truyền thông đa phương tiện,A01,2025,25.12,,THPT
HPN,Học Viện Phụ Nữ Việt Nam,7320104,Truyền thông đa phương tiện,C00,2025,26.62,,THPT
HPN,Học viện Phụ nữ Việt Nam,7320104,Truyền thông đa phương tiện,C00,2025,26.62,,THPT
HPN,Học viện Phụ nữ Việt Nam,7320104,Truyền thông đa phương tiện,C00,2025,25.12,,THPT
HPN,Học Viện Phụ Nữ Việt Nam,7320104,Truyền thông đa phương tiện,D01,2025,26.62,,THPT
HPN,Học Viện Phụ Nữ Việt Nam,7320104,Truyền thông đa phương tiện,D01,2025,26.62,,THPT
HPN,Học viện Phụ nữ Việt Nam,7320104,Truyền thông đa phương tiện,D01,2025,25.12,,THPT
HPN,Học viện Phụ nữ Việt Nam,7340101,Quản trị Kinh doanh,A00,2025,23.93,,THPT
HPN,Học Viện Phụ Nữ Việt Nam,7340101,Quản trị kinh doanh,A00,2025,24.93,,THPT
HPN,Học Viện Phụ Nữ Việt Nam,7340101,Quản trị kinh doanh,A00,2025,24.93,,THPT
HPN,Học Viện Phụ Nữ Việt Nam,7340101,Quản trị kinh doanh,A01,2025,24.93,,THPT
HPN,Học Viện Phụ Nữ Việt Nam,7340101,Quản trị kinh doanh,A01,2025,24.93,,THPT
HPN,Học viện Phụ nữ Việt Nam,7340101,Quản trị Kinh doanh,A01,2025,23.93,,THPT
HPN,Học Viện Phụ Nữ Việt Nam,7340101,Quản trị kinh doanh,C00,2025,24.93,,THPT
HPN,Học viện Phụ nữ Việt Nam,7340101,Quản trị Kinh doanh,C00,2025,24.93,,THPT
HPN,Học viện Phụ nữ Việt Nam,7340101,Quản trị Kinh doanh,C00,2025,23.93,,THPT
HPN,Học Viện Phụ Nữ Việt Nam,7340101,Quản trị kinh doanh,D01,2025,24.93,,THPT
HPN,Học Viện Phụ Nữ Việt Nam,7340101,Quản trị kinh doanh,D01,2025,24.93,,THPT
HPN,Học viện Phụ nữ Việt Nam,7340101,Quản trị Kinh doanh,D01,2025,23.93,,THPT
HPN,Học viện Phụ nữ Việt Nam,7340115,Marketing,A00,2025,22.93,,THPT
HPN,Học Viện Phụ Nữ Việt Nam,7340115,Marketing,A00,2025,25.9333,,THPT
HPN,Học Viện Phụ Nữ Việt Nam,7340115,Marketing,A00,2025,25.9333,,THPT
HPN,Học Viện Phụ Nữ Việt Nam,7340115,Marketing,A01,2025,25.9333,,THPT
HPN,Học Viện Phụ Nữ Việt Nam,7340115,Marketing,A01,2025,25.9333,,THPT
HPN,Học viện Phụ nữ Việt Nam,7340115,Marketing,A01,2025,22.93,,THPT
HPN,Học Viện Phụ Nữ Việt Nam,7340115,Marketing,C00,2025,25.9333,,THPT
HPN,Học viện Phụ nữ Việt Nam,7340115,Marketing,C00,2025,25.93,,THPT
HPN,Học viện Phụ nữ Việt Nam,7340115,Marketing,C00,2025,22.93,,THPT
HPN,Học Viện Phụ Nữ Việt Nam,7340115,Marketing,D01,2025,25.9333,,THPT
HPN,Học Viện Phụ Nữ Việt Nam,7340115,Marketing,D01,2025,25.9333,,THPT
HPN,Học viện Phụ nữ Việt Nam,7340115,Marketing,D01,2025,22.93,,THPT
HPN,Học viện Phụ nữ Việt Nam,7380101,Ngành Luật,A00,2025,23.68,,THPT
HPN,Học Viện Phụ Nữ Việt Nam,7380101,Luật,A00,2025,23.68,,THPT
HPN,Học viện Phụ nữ Việt Nam,7380101,Ngành Luật,C00,2025,24.68,,THPT
HPN,Học viện Phụ nữ Việt Nam,7380101,Ngành Luật,C00,2025,23.68,,THPT
HPN,Học Viện Phụ Nữ Việt Nam,7380101,Luật,D01,2025,23.68,,THPT
HPN,Học viện Phụ nữ Việt Nam,7380101,Ngành Luật,D01,2025,23.68,,THPT
HPN,Học viện Phụ nữ Việt Nam,7380107,Luật kinh tế,A00,2025,23.83,,THPT
HPN,Học Viện Phụ Nữ Việt Nam,7380107,Luật kinh tế,A00,2025,24.83,,THPT
HPN,Học viện Phụ nữ Việt Nam,7380107,Luật kinh tế,C00,2025,24.83,,THPT
HPN,Học viện Phụ nữ Việt Nam,7380107,Luật kinh tế,C00,2025,23.83,,THPT
HPN,Học Viện Phụ Nữ Việt Nam,7380107,Luật kinh tế,D01,2025,24.83,,THPT
HPN,Học viện Phụ nữ Việt Nam,7380107,Luật kinh tế,D01,2025,23.83,,THPT
HPN,Học viện Phụ nữ Việt Nam,7480201,Công nghệ thông tin,A00,2025,20.68,,THPT
HPN,Học Viện Phụ Nữ Việt Nam,7480201,Công nghệ thông tin,A00,2025,20.68,,THPT
HPN,Học Viện Phụ Nữ Việt Nam,7480201,Công nghệ thông tin,A01,2025,20.68,,THPT
HPN,Học viện Phụ nữ Việt Nam,7480201,Công nghệ thông tin,A01,2025,20.68,,THPT
HPN,Học Viện Phụ Nữ Việt Nam,7480201,Công nghệ thông tin,D01,2025,20.68,,THPT
HPN,Học viện Phụ nữ Việt Nam,7480201,Công nghệ thông tin,D01,2025,20.68,,THPT
HPN,Học Viện Phụ Nữ Việt Nam,7480201,Công nghệ thông tin,D09,2025,20.68,,THPT
HPN,Học viện Phụ nữ Việt Nam,7480201,Công nghệ thông tin,D09,2025,20.68,,THPT
HPN,Học viện Phụ nữ Việt Nam,7760101,Công tác xã hội,A00,2025,24.17,,THPT
HPN,Học Viện Phụ Nữ Việt Nam,7760101,Công tác xã hội,A00,2025,24.17,,THPT
HPN,Học Viện Phụ Nữ Việt Nam,7760101,Công tác xã hội,C00,2025,24.17,,THPT
HPN,Học viện Phụ nữ Việt Nam,7760101,Công tác xã hội,C00,2025,24.17,,THPT
HPN,Học Viện Phụ Nữ Việt Nam,7760101,Công tác xã hội,D01,2025,24.17,,THPT
HPN,Học viện Phụ nữ Việt Nam,7760101,Công tác xã hội,D01,2025,24.17,,THPT
HPN,Học viện Phụ nữ Việt Nam,7810103,Quản trị dịch vụ du lịch và lữ hành,A00,2025,24.41,,THPT
HPN,Học Viện Phụ Nữ Việt Nam,7810103,Quản trị dịch vụ du lịch và lữ hành,A00,2025,25.41,,THPT
HPN,Học Viện Phụ Nữ Việt Nam,7810103,Quản trị dịch vụ du lịch và lữ hành,A01,2025,25.41,,THPT
HPN,Học viện Phụ nữ Việt Nam,7810103,Quản trị dịch vụ du lịch và lữ hành,A01,2025,24.41,,THPT
HPN,Học viện Phụ nữ Việt Nam,7810103,Quản trị dịch vụ du lịch và lữ hành,C00,2025,25.41,,THPT
HPN,Học viện Phụ nữ Việt Nam,7810103,Quản trị dịch vụ du lịch và lữ hành,C00,2025,24.41,,THPT
HPN,Học Viện Phụ Nữ Việt Nam,7810103,Quản trị dịch vụ du lịch và lữ hành,D01,2025,25.41,,THPT
HPN,Học viện Phụ nữ Việt Nam,7810103,Quản trị dịch vụ du lịch và lữ hành,D01,2025,24.41,,THPT
HPU,Trường Đại học Quản lý và Công nghệ Hải Phòng,7220201,Ngôn ngữ Anh,A01,2025,15.0,,THPT
HPU,Trường Đại học Quản lý và Công nghệ Hải Phòng,7220201,Ngôn ngữ Anh,D01,2025,15.0,,THPT
HPU,Trường Đại học Quản lý và Công nghệ Hải Phòng,7220201,Ngôn ngữ Anh,D07,2025,15.0,,THPT
HPU,Trường Đại học Quản lý và Công nghệ Hải Phòng,7220201,Ngôn ngữ Anh,D08,2025,15.0,,THPT
HPU,Trường Đại học Quản lý và Công nghệ Hải Phòng,7220201,Ngôn ngữ Anh,D09,2025,15.0,,THPT
HPU,Trường Đại học Quản lý và Công nghệ Hải Phòng,7220201,Ngôn ngữ Anh,D10,2025,15.0,,THPT
HPU,Trường Đại học Quản lý và Công nghệ Hải Phòng,7310630,Việt Nam học,C00,2025,15.0,,THPT
HPU,Trường Đại học Quản lý và Công nghệ Hải Phòng,7310630,Việt Nam học,D01,2025,15.0,,THPT
HPU,Trường Đại học Quản lý và Công nghệ Hải Phòng,7340101,Quản trị kinh doanh,A00,2025,15.0,,THPT
HPU,Trường Đại học Quản lý và Công nghệ Hải Phòng,7340101,Quản trị kinh doanh,A01,2025,15.0,,THPT
HPU,Trường Đại học Quản lý và Công nghệ Hải Phòng,7340101,Quản trị kinh doanh,B00,2025,15.0,,THPT
HPU,Trường Đại học Quản lý và Công nghệ Hải Phòng,7340101,Quản trị kinh doanh,D01,2025,15.0,,THPT
HPU,Trường Đại học Quản lý và Công nghệ Hải Phòng,7340101,Quản trị kinh doanh,D07,2025,15.0,,THPT
HPU,Trường Đại học Quản lý và Công nghệ Hải Phòng,7340101,Quản trị kinh doanh,D08,2025,15.0,,THPT
HPU,Trường Đại học Quản lý và Công nghệ Hải Phòng,7340101,Quản trị kinh doanh,D09,2025,15.0,,THPT
HPU,Trường Đại học Quản lý và Công nghệ Hải Phòng,7340101,Quản trị kinh doanh,D10,2025,15.0,,THPT
HPU,Trường Đại học Quản lý và Công nghệ Hải Phòng,7480201,Công nghệ thông tin,A00,2025,15.0,,THPT
HPU,Trường Đại học Quản lý và Công nghệ Hải Phòng,7480201,Công nghệ thông tin,A01,2025,15.0,,THPT
HPU,Trường Đại học Quản lý và Công nghệ Hải Phòng,7480201,Công nghệ thông tin,B00,2025,15.0,,THPT
HPU,Trường Đại học Quản lý và Công nghệ Hải Phòng,7480201,Công nghệ thông tin,D01,2025,15.0,,THPT
HPU,Trường Đại học Quản lý và Công nghệ Hải Phòng,7480201,Công nghệ thông tin,D07,2025,15.0,,THPT
HPU,Trường Đại học Quản lý và Công nghệ Hải Phòng,7480201,Công nghệ thông tin,D08,2025,15.0,,THPT
HPU,Trường Đại học Quản lý và Công nghệ Hải Phòng,7480201,Công nghệ thông tin,D09,2025,15.0,,THPT
HPU,Trường Đại học Quản lý và Công nghệ Hải Phòng,7480201,Công nghệ thông tin,D10,2025,15.0,,THPT
HPU,Trường Đại học Quản lý và Công nghệ Hải Phòng,7510301,"Công nghệ kỹ thuật điện, điện tử",A00,2025,16.1,,THPT
HPU,Trường Đại học Quản lý và Công nghệ Hải Phòng,7510301,"Công nghệ kỹ thuật điện, điện tử",A01,2025,16.1,,THPT
HPU,Trường Đại học Quản lý và Công nghệ Hải Phòng,7510301,"Công nghệ kỹ thuật điện, điện tử",B00,2025,16.1,,THPT
HPU,Trường Đại học Quản lý và Công nghệ Hải Phòng,7510301,"Công nghệ kỹ thuật điện, điện tử",D01,2025,16.1,,THPT
HPU,Trường Đại học Quản lý và Công nghệ Hải Phòng,7510301,"Công nghệ kỹ thuật điện, điện tử",D07,2025,16.1,,THPT
HPU,Trường Đại học Quản lý và Công nghệ Hải Phòng,7510301,"Công nghệ kỹ thuật điện, điện tử",D08,2025,16.1,,THPT
HPU,Trường Đại học Quản lý và Công nghệ Hải Phòng,7510301,"Công nghệ kỹ thuật điện, điện tử",D09,2025,16.1,,THPT
HPU,Trường Đại học Quản lý và Công nghệ Hải Phòng,7510301,"Công nghệ kỹ thuật điện, điện tử",D10,2025,16.1,,THPT
HPU,Trường Đại học Quản lý và Công nghệ Hải Phòng,7520320,Kỹ thuật môi trường,A00,2025,15.0,,THPT
HPU,Trường Đại học Quản lý và Công nghệ Hải Phòng,7520320,Kỹ thuật môi trường,A01,2025,15.0,,THPT
HPU,Trường Đại học Quản lý và Công nghệ Hải Phòng,7520320,Kỹ thuật môi trường,B00,2025,15.0,,THPT
HPU,Trường Đại học Quản lý và Công nghệ Hải Phòng,7520320,Kỹ thuật môi trường,D01,2025,15.0,,THPT
HPU,Trường Đại học Quản lý và Công nghệ Hải Phòng,7520320,Kỹ thuật môi trường,D07,2025,15.0,,THPT
HPU,Trường Đại học Quản lý và Công nghệ Hải Phòng,7520320,Kỹ thuật môi trường,D08,2025,15.0,,THPT
HPU,Trường Đại học Quản lý và Công nghệ Hải Phòng,7520320,Kỹ thuật môi trường,D09,2025,15.0,,THPT
HPU,Trường Đại học Quản lý và Công nghệ Hải Phòng,7520320,Kỹ thuật môi trường,D10,2025,15.0,,THPT
HQH,Học Viện Hải Quân,7860202_B_A01,Chỉ huy tham mưu Hải quân (Thí sinh miền Bắc),A01,2025,23.96,,THPT
HQH,Học Viện Hải Quân,7860202_N_A01,Chỉ huy tham mưu Hải quân (Thí sinh miền Nam),A01,2025,23.08,,THPT
HQH,Học viện Hải Quân,7860202|21A00,Chỉ huy tham mưu Hải quân (Nam - Phía Bắc),A00,2025,23.96,,THPT
HQH,Học viện Hải Quân,7860202|21A01,Chỉ huy tham mưu Hải quân (Nam - Phía Bắc),A01,2025,23.96,,THPT
HQH,Học viện Hải Quân,7860202|22A00,Chỉ huy tham mưu Hải quân (Nam - Phía Nam),A00,2025,23.08,,THPT
HQH,Học viện Hải Quân,7860202|22A01,Chỉ huy tham mưu Hải quân (Nam - Phía Nam),A01,2025,23.08,,THPT
HQT,Học viện Ngoại giao,HQT01,Quan hệ quốc tế,A00,2025,25.95,,THPT
HQT,Học Viện Ngoại Giao,HQT01,Quan hệ quốc tế,A00,2025,25.95,,THPT
HQT,Học Viện Ngoại Giao,HQT01,Quan hệ quốc tế,A00,2025,25.95,,THPT
HQT,Học Viện Ngoại Giao,HQT01,Quan hệ quốc tế,A01,2025,25.95,,THPT
HQT,Học viện Ngoại giao,HQT01,Quan hệ quốc tế,A01,2025,25.95,,THPT
HQT,Học Viện Ngoại Giao,HQT01,Quan hệ quốc tế,C00,2025,25.95,,THPT
HQT,Học viện Ngoại giao,HQT01,Quan hệ quốc tế,C00,2025,25.95,,THPT
HQT,Học Viện Ngoại Giao,HQT01,Quan hệ quốc tế,D01,2025,25.95,,THPT
HQT,Học Viện Ngoại Giao,HQT01,Quan hệ quốc tế,D01,2025,25.95,,THPT
HQT,Học viện Ngoại giao,HQT01,Quan hệ quốc tế,D01,2025,25.95,,THPT
HQT,Học Viện Ngoại Giao,HQT01,Quan hệ quốc tế,D07,2025,25.95,,THPT
HQT,Học Viện Ngoại Giao,HQT01,Quan hệ quốc tế,D07,2025,25.95,,THPT
HQT,Học viện Ngoại giao,HQT01,Quan hệ quốc tế,D07,2025,25.95,,THPT
HQT,Học Viện Ngoại Giao,HQT01,Quan hệ quốc tế,D09,2025,25.95,,THPT
HQT,Học Viện Ngoại Giao,HQT01,Quan hệ quốc tế,D09,2025,25.95,,THPT
HQT,Học viện Ngoại giao,HQT01,Quan hệ quốc tế,D09,2025,25.95,,THPT
HQT,Học Viện Ngoại Giao,HQT01,Quan hệ quốc tế,D10,2025,25.95,,THPT
HQT,Học Viện Ngoại Giao,HQT01,Quan hệ quốc tế,D10,2025,25.95,,THPT
HQT,Học viện Ngoại giao,HQT01,Quan hệ quốc tế,D10,2025,25.95,,THPT
HQT,Học viện Ngoại giao,HQT02,Ngôn ngữ Anh,A01,2025,25.28,,THPT
HQT,Học Viện Ngoại Giao,HQT02,Ngôn ngữ Anh,A01,2025,25.28,,THPT
HQT,Học Viện Ngoại Giao,HQT02,Ngôn ngữ Anh,A01,2025,25.28,,THPT
HQT,Học Viện Ngoại Giao,HQT02,Ngôn ngữ Anh,D01,2025,25.28,,THPT
HQT,Học viện Ngoại giao,HQT02,Ngôn ngữ Anh,D01,2025,25.28,,THPT
HQT,Học Viện Ngoại Giao,HQT02,Ngôn ngữ Anh,D07,2025,25.28,,THPT
HQT,Học Viện Ngoại Giao,HQT02,Ngôn ngữ Anh,D07,2025,25.28,,THPT
HQT,Học viện Ngoại giao,HQT02,Ngôn ngữ Anh,D07,2025,25.28,,THPT
HQT,Học Viện Ngoại Giao,HQT02,Ngôn ngữ Anh,D09,2025,25.28,,THPT
HQT,Học viện Ngoại giao,HQT02,Ngôn ngữ Anh,D09,2025,25.28,,THPT
HQT,Học Viện Ngoại Giao,HQT02,Ngôn ngữ Anh,D10,2025,25.28,,THPT
HQT,Học viện Ngoại giao,HQT02,Ngôn ngữ Anh,D10,2025,25.28,,THPT
HQT,Học viện Ngoại giao,HQT03,Kinh tế quốc tế,A00,2025,24.45,,THPT
HQT,Học Viện Ngoại Giao,HQT03,Kinh tế quốc tế,A00,2025,24.45,,THPT
HQT,Học Viện Ngoại Giao,HQT03,Kinh tế quốc tế,A00,2025,24.45,,THPT
HQT,Học Viện Ngoại Giao,HQT03,Kinh tế quốc tế,A01,2025,24.45,,THPT
HQT,Học Viện Ngoại Giao,HQT03,Kinh tế quốc tế,A01,2025,24.45,,THPT
HQT,Học viện Ngoại giao,HQT03,Kinh tế quốc tế,A01,2025,24.45,,THPT
HQT,Học Viện Ngoại Giao,HQT03,Kinh tế quốc tế,D01,2025,24.45,,THPT
HQT,Học Viện Ngoại Giao,HQT03,Kinh tế quốc tế,D01,2025,24.45,,THPT
HQT,Học viện Ngoại giao,HQT03,Kinh tế quốc tế,D01,2025,24.45,,THPT
HQT,Học Viện Ngoại Giao,HQT03,Kinh tế quốc tế,D07,2025,24.45,,THPT
HQT,Học Viện Ngoại Giao,HQT03,Kinh tế quốc tế,D07,2025,24.45,,THPT
HQT,Học viện Ngoại giao,HQT03,Kinh tế quốc tế,D07,2025,24.45,,THPT
HQT,Học Viện Ngoại Giao,HQT03,Kinh tế quốc tế,D09,2025,24.45,,THPT
HQT,Học Viện Ngoại Giao,HQT03,Kinh tế quốc tế,D09,2025,24.45,,THPT
HQT,Học viện Ngoại giao,HQT03,Kinh tế quốc tế,D09,2025,24.45,,THPT
HQT,Học Viện Ngoại Giao,HQT03,Kinh tế quốc tế,D10,2025,24.45,,THPT
HQT,Học Viện Ngoại Giao,HQT03,Kinh tế quốc tế,D10,2025,24.45,,THPT
HQT,Học viện Ngoại giao,HQT03,Kinh tế quốc tế,D10,2025,24.45,,THPT
HQT,Học viện Ngoại giao,HQT04,Luật quốc tế,A00,2025,24.95,,THPT
HQT,Học Viện Ngoại Giao,HQT04,Luật quốc tế,A00,2025,24.95,,THPT
HQT,Học Viện Ngoại Giao,HQT04,Luật quốc tế,A00,2025,24.95,,THPT
HQT,Học Viện Ngoại Giao,HQT04,Luật quốc tế,A01,2025,24.95,,THPT
HQT,Học Viện Ngoại Giao,HQT04,Luật quốc tế,A01,2025,24.95,,THPT
HQT,Học viện Ngoại giao,HQT04,Luật quốc tế,A01,2025,24.95,,THPT
HQT,Học Viện Ngoại Giao,HQT04,Luật quốc tế,C00,2025,24.95,,THPT
HQT,Học viện Ngoại giao,HQT04,Luật quốc tế,C00,2025,24.95,,THPT
HQT,Học Viện Ngoại Giao,HQT04,Luật quốc tế,D01,2025,24.95,,THPT
HQT,Học Viện Ngoại Giao,HQT04,Luật quốc tế,D01,2025,24.95,,THPT
HQT,Học viện Ngoại giao,HQT04,Luật quốc tế,D01,2025,24.95,,THPT
HQT,Học Viện Ngoại Giao,HQT04,Luật quốc tế,D07,2025,24.95,,THPT
HQT,Học Viện Ngoại Giao,HQT04,Luật quốc tế,D07,2025,24.95,,THPT
HQT,Học viện Ngoại giao,HQT04,Luật quốc tế,D07,2025,24.95,,THPT
HQT,Học Viện Ngoại Giao,HQT04,Luật quốc tế,D09,2025,24.95,,THPT
HQT,Học Viện Ngoại Giao,HQT04,Luật quốc tế,D09,2025,24.95,,THPT
HQT,Học viện Ngoại giao,HQT04,Luật quốc tế,D09,2025,24.95,,THPT
HQT,Học Viện Ngoại Giao,HQT04,Luật quốc tế,D10,2025,24.95,,THPT
HQT,Học Viện Ngoại Giao,HQT04,Luật quốc tế,D10,2025,24.95,,THPT
HQT,Học viện Ngoại giao,HQT04,Luật quốc tế,D10,2025,24.95,,THPT
HQT,Học viện Ngoại giao,HQT05,Truyền thông quốc tế,A00,2025,25.9,,THPT
HQT,Học Viện Ngoại Giao,HQT05,Truyền thông quốc tế,A00,2025,25.9,,THPT
HQT,Học Viện Ngoại Giao,HQT05,Truyền thông quốc tế,A00,2025,25.9,,THPT
HQT,Học Viện Ngoại Giao,HQT05,Truyền thông quốc tế,A01,2025,25.9,,THPT
HQT,Học Viện Ngoại Giao,HQT05,Truyền thông quốc tế,A01,2025,25.9,,THPT
HQT,Học viện Ngoại giao,HQT05,Truyền thông quốc tế,A01,2025,25.9,,THPT
HQT,Học Viện Ngoại Giao,HQT05,Truyền thông quốc tế,C00,2025,25.9,,THPT
HQT,Học Viện Ngoại Giao,HQT05,Truyền thông quốc tế,C00,2025,25.9,,THPT
HQT,Học viện Ngoại giao,HQT05,Truyền thông quốc tế,C00,2025,25.9,,THPT
HQT,Học Viện Ngoại Giao,HQT05,Truyền thông quốc tế,D01,2025,25.9,,THPT
HQT,Học viện Ngoại giao,HQT05,Truyền thông quốc tế,D01,2025,25.9,,THPT
HQT,Học Viện Ngoại Giao,HQT05,Truyền thông quốc tế,D07,2025,25.9,,THPT
HQT,Học Viện Ngoại Giao,HQT05,Truyền thông quốc tế,D07,2025,25.9,,THPT
HQT,Học viện Ngoại giao,HQT05,Truyền thông quốc tế,D07,2025,25.9,,THPT
HQT,Học Viện Ngoại Giao,HQT05,Truyền thông quốc tế,D09,2025,25.9,,THPT
HQT,Học Viện Ngoại Giao,HQT05,Truyền thông quốc tế,D09,2025,25.9,,THPT
HQT,Học viện Ngoại giao,HQT05,Truyền thông quốc tế,D09,2025,25.9,,THPT
HQT,Học Viện Ngoại Giao,HQT05,Truyền thông quốc tế,D10,2025,25.9,,THPT
HQT,Học Viện Ngoại Giao,HQT05,Truyền thông quốc tế,D10,2025,25.9,,THPT
HQT,Học viện Ngoại giao,HQT05,Truyền thông quốc tế,D10,2025,25.9,,THPT
HQT,Học viện Ngoại giao,HQT06,Kinh doanh quốc tế,A00,2025,24.75,,THPT
HQT,Học Viện Ngoại Giao,HQT06,Kinh doanh quốc tế,A00,2025,24.75,,THPT
HQT,Học Viện Ngoại Giao,HQT06,Kinh doanh quốc tế,A00,2025,24.75,,THPT
HQT,Học Viện Ngoại Giao,HQT06,Kinh doanh quốc tế,A01,2025,24.75,,THPT
HQT,Học Viện Ngoại Giao,HQT06,Kinh doanh quốc tế,A01,2025,24.75,,THPT
HQT,Học viện Ngoại giao,HQT06,Kinh doanh quốc tế,A01,2025,24.75,,THPT
HQT,Học Viện Ngoại Giao,HQT06,Kinh doanh quốc tế,D01,2025,24.75,,THPT
HQT,Học Viện Ngoại Giao,HQT06,Kinh doanh quốc tế,D01,2025,24.75,,THPT
HQT,Học viện Ngoại giao,HQT06,Kinh doanh quốc tế,D01,2025,24.75,,THPT
HQT,Học Viện Ngoại Giao,HQT06,Kinh doanh quốc tế,D07,2025,24.75,,THPT
HQT,Học Viện Ngoại Giao,HQT06,Kinh doanh quốc tế,D07,2025,24.75,,THPT
HQT,Học viện Ngoại giao,HQT06,Kinh doanh quốc tế,D07,2025,24.75,,THPT
HQT,Học Viện Ngoại Giao,HQT06,Kinh doanh quốc tế,D09,2025,24.75,,THPT
HQT,Học Viện Ngoại Giao,HQT06,Kinh doanh quốc tế,D09,2025,24.75,,THPT
HQT,Học viện Ngoại giao,HQT06,Kinh doanh quốc tế,D09,2025,24.75,,THPT
HQT,Học Viện Ngoại Giao,HQT06,Kinh doanh quốc tế,D10,2025,24.75,,THPT
HQT,Học Viện Ngoại Giao,HQT06,Kinh doanh quốc tế,D10,2025,24.75,,THPT
HQT,Học viện Ngoại giao,HQT06,Kinh doanh quốc tế,D10,2025,24.75,,THPT
HQT,Học viện Ngoại giao,HQT07,Luật thương mại quốc tế,A00,2025,24.7,,THPT
HQT,Học Viện Ngoại Giao,HQT07,Luật thương mại quốc tế,A00,2025,24.7,,THPT
HQT,Học Viện Ngoại Giao,HQT07,Luật thương mại quốc tế,A00,2025,24.7,,THPT
HQT,Học Viện Ngoại Giao,HQT07,Luật thương mại quốc tế,A01,2025,24.7,,THPT
HQT,Học Viện Ngoại Giao,HQT07,Luật thương mại quốc tế,A01,2025,24.7,,THPT
HQT,Học viện Ngoại giao,HQT07,Luật thương mại quốc tế,A01,2025,24.7,,THPT
HQT,Học Viện Ngoại Giao,HQT07,Luật thương mại quốc tế,C00,2025,24.7,,THPT
HQT,Học Viện Ngoại Giao,HQT07,Luật thương mại quốc tế,C00,2025,24.7,,THPT
HQT,Học viện Ngoại giao,HQT07,Luật thương mại quốc tế,C00,2025,24.7,,THPT
HQT,Học Viện Ngoại Giao,HQT07,Luật thương mại quốc tế,D01,2025,24.7,,THPT
HQT,Học Viện Ngoại Giao,HQT07,Luật thương mại quốc tế,D01,2025,24.7,,THPT
HQT,Học viện Ngoại giao,HQT07,Luật thương mại quốc tế,D01,2025,24.7,,THPT
HQT,Học Viện Ngoại Giao,HQT07,Luật thương mại quốc tế,D07,2025,24.7,,THPT
HQT,Học Viện Ngoại Giao,HQT07,Luật thương mại quốc tế,D07,2025,24.7,,THPT
HQT,Học viện Ngoại giao,HQT07,Luật thương mại quốc tế,D07,2025,24.7,,THPT
HQT,Học Viện Ngoại Giao,HQT07,Luật thương mại quốc tế,D09,2025,24.7,,THPT
HQT,Học viện Ngoại giao,HQT07,Luật thương mại quốc tế,D09,2025,24.7,,THPT
HQT,Học Viện Ngoại Giao,HQT07,Luật thương mại quốc tế,D10,2025,24.7,,THPT
HQT,Học viện Ngoại giao,HQT07,Luật thương mại quốc tế,D10,2025,24.7,,THPT
HQT,Học viện Ngoại giao,HQT08-01,Hàn Quốc học,A00,2025,25.1,,THPT
HQT,Học Viện Ngoại Giao,HQT08-01,Hàn Quốc học,A00,2025,25.1,,THPT
HQT,Học Viện Ngoại Giao,HQT08-01,Hàn Quốc học,A00,2025,25.1,,THPT
HQT,Học Viện Ngoại Giao,HQT08-01,Hàn Quốc học,A01,2025,25.1,,THPT
HQT,Học Viện Ngoại Giao,HQT08-01,Hàn Quốc học,A01,2025,25.1,,THPT
HQT,Học viện Ngoại giao,HQT08-01,Hàn Quốc học,A01,2025,25.1,,THPT
HQT,Học Viện Ngoại Giao,HQT08-01,Hàn Quốc học,C00,2025,25.1,,THPT
HQT,Học Viện Ngoại Giao,HQT08-01,Hàn Quốc học,C00,2025,25.1,,THPT
HQT,Học viện Ngoại giao,HQT08-01,Hàn Quốc học,C00,2025,25.1,,THPT
HQT,Học Viện Ngoại Giao,HQT08-01,Hàn Quốc học,D01,2025,25.1,,THPT
HQT,Học viện Ngoại giao,HQT08-01,Hàn Quốc học,D01,2025,25.1,,THPT
HQT,Học Viện Ngoại Giao,HQT08-01,Hàn Quốc học,D07,2025,25.1,,THPT
HQT,Học Viện Ngoại Giao,HQT08-01,Hàn Quốc học,D07,2025,25.1,,THPT
HQT,Học viện Ngoại giao,HQT08-01,Hàn Quốc học,D07,2025,25.1,,THPT
HQT,Học Viện Ngoại Giao,HQT08-01,Hàn Quốc học,D09,2025,25.1,,THPT
HQT,Học Viện Ngoại Giao,HQT08-01,Hàn Quốc học,D09,2025,25.1,,THPT
HQT,Học viện Ngoại giao,HQT08-01,Hàn Quốc học,D09,2025,25.1,,THPT
HQT,Học Viện Ngoại Giao,HQT08-01,Hàn Quốc học,D10,2025,25.1,,THPT
HQT,Học Viện Ngoại Giao,HQT08-01,Hàn Quốc học,D10,2025,25.1,,THPT
HQT,Học viện Ngoại giao,HQT08-01,Hàn Quốc học,D10,2025,25.1,,THPT
HQT,Học viện Ngoại giao,HQT08-02,Hoa Kỳ học,A00,2025,24.17,,THPT
HQT,Học Viện Ngoại Giao,HQT08-02,Hoa Kỳ học,A00,2025,24.17,,THPT
HQT,Học Viện Ngoại Giao,HQT08-02,Hoa Kỳ học,A00,2025,24.17,,THPT
HQT,Học Viện Ngoại Giao,HQT08-02,Hoa Kỳ học,A01,2025,24.17,,THPT
HQT,Học Viện Ngoại Giao,HQT08-02,Hoa Kỳ học,A01,2025,24.17,,THPT
HQT,Học viện Ngoại giao,HQT08-02,Hoa Kỳ học,A01,2025,24.17,,THPT
HQT,Học Viện Ngoại Giao,HQT08-02,Hoa Kỳ học,C00,2025,24.17,,THPT
HQT,Học viện Ngoại giao,HQT08-02,Hoa Kỳ học,C00,2025,24.17,,THPT
HQT,Học Viện Ngoại Giao,HQT08-02,Hoa Kỳ học,D01,2025,24.17,,THPT
HQT,Học Viện Ngoại Giao,HQT08-02,Hoa Kỳ học,D01,2025,24.17,,THPT
HQT,Học viện Ngoại giao,HQT08-02,Hoa Kỳ học,D01,2025,24.17,,THPT
HQT,Học Viện Ngoại Giao,HQT08-02,Hoa Kỳ học,D07,2025,24.17,,THPT
HQT,Học Viện Ngoại Giao,HQT08-02,Hoa Kỳ học,D07,2025,24.17,,THPT
HQT,Học viện Ngoại giao,HQT08-02,Hoa Kỳ học,D07,2025,24.17,,THPT
HQT,Học Viện Ngoại Giao,HQT08-02,Hoa Kỳ học,D09,2025,24.17,,THPT
HQT,Học Viện Ngoại Giao,HQT08-02,Hoa Kỳ học,D09,2025,24.17,,THPT
HQT,Học viện Ngoại giao,HQT08-02,Hoa Kỳ học,D09,2025,24.17,,THPT
HQT,Học Viện Ngoại Giao,HQT08-02,Hoa Kỳ học,D10,2025,24.17,,THPT
HQT,Học Viện Ngoại Giao,HQT08-02,Hoa Kỳ học,D10,2025,24.17,,THPT
HQT,Học viện Ngoại giao,HQT08-02,Hoa Kỳ học,D10,2025,24.17,,THPT
HQT,Học viện Ngoại giao,HQT08-03,Nhật Bản học,A00,2025,24.43,,THPT
HQT,Học Viện Ngoại Giao,HQT08-03,Nhật Bản học,A00,2025,24.43,,THPT
HQT,Học Viện Ngoại Giao,HQT08-03,Nhật Bản học,A01,2025,24.43,,THPT
HQT,Học viện Ngoại giao,HQT08-03,Nhật Bản học,A01,2025,24.43,,THPT
HQT,Học Viện Ngoại Giao,HQT08-03,Nhật Bản học,A01,2025,24.43,,THPT
HQT,Học Viện Ngoại Giao,HQT08-03,Nhật Bản học,C00,2025,24.43,,THPT
HQT,Học viện Ngoại giao,HQT08-03,Nhật Bản học,C00,2025,24.43,,THPT
HQT,Học Viện Ngoại Giao,HQT08-03,Nhật Bản học,D01,2025,24.43,,THPT
HQT,Học viện Ngoại giao,HQT08-03,Nhật Bản học,D01,2025,24.43,,THPT
HQT,Học Viện Ngoại Giao,HQT08-03,Nhật Bản học,D07,2025,24.43,,THPT
HQT,Học Viện Ngoại Giao,HQT08-03,Nhật Bản học,D07,2025,24.43,,THPT
HQT,Học viện Ngoại giao,HQT08-03,Nhật Bản học,D07,2025,24.43,,THPT
HQT,Học Viện Ngoại Giao,HQT08-03,Nhật Bản học,D09,2025,24.43,,THPT
HQT,Học Viện Ngoại Giao,HQT08-03,Nhật Bản học,D09,2025,24.43,,THPT
HQT,Học viện Ngoại giao,HQT08-03,Nhật Bản học,D09,2025,24.43,,THPT
HQT,Học Viện Ngoại Giao,HQT08-03,Nhật Bản học,D10,2025,24.43,,THPT
HQT,Học Viện Ngoại Giao,HQT08-03,Nhật Bản học,D10,2025,24.43,,THPT
HQT,Học viện Ngoại giao,HQT08-03,Nhật Bản học,D10,2025,24.43,,THPT
HQT,Học viện Ngoại giao,HQT08-04,Trung Quốc học,A00,2025,26.09,,THPT
HQT,Học Viện Ngoại Giao,HQT08-04,Trung Quốc học,A00,2025,26.09,,THPT
HQT,Học Viện Ngoại Giao,HQT08-04,Trung Quốc học,A00,2025,26.09,,THPT
HQT,Học Viện Ngoại Giao,HQT08-04,Trung Quốc học,A01,2025,26.09,,THPT
HQT,Học Viện Ngoại Giao,HQT08-04,Trung Quốc học,A01,2025,26.09,,THPT
HQT,Học viện Ngoại giao,HQT08-04,Trung Quốc học,A01,2025,26.09,,THPT
HQT,Học Viện Ngoại Giao,HQT08-04,Trung Quốc học,C00,2025,26.09,,THPT
HQT,Học Viện Ngoại Giao,HQT08-04,Trung Quốc học,C00,2025,26.09,,THPT
HQT,Học viện Ngoại giao,HQT08-04,Trung Quốc học,C00,2025,26.09,,THPT
HQT,Học Viện Ngoại Giao,HQT08-04,Trung Quốc học,D01,2025,26.09,,THPT
HQT,Học Viện Ngoại Giao,HQT08-04,Trung Quốc học,D01,2025,26.09,,THPT
HQT,Học viện Ngoại giao,HQT08-04,Trung Quốc học,D01,2025,26.09,,THPT
HQT,Học Viện Ngoại Giao,HQT08-04,Trung Quốc học,D07,2025,26.09,,THPT
HQT,Học viện Ngoại giao,HQT08-04,Trung Quốc học,D07,2025,26.09,,THPT
HQT,Học Viện Ngoại Giao,HQT08-04,Trung Quốc học,D09,2025,26.09,,THPT
HQT,Học Viện Ngoại Giao,HQT08-04,Trung Quốc học,D09,2025,26.09,,THPT
HQT,Học viện Ngoại giao,HQT08-04,Trung Quốc học,D09,2025,26.09,,THPT
HQT,Học Viện Ngoại Giao,HQT08-04,Trung Quốc học,D10,2025,26.09,,THPT
HQT,Học Viện Ngoại Giao,HQT08-04,Trung Quốc học,D10,2025,26.09,,THPT
HQT,Học viện Ngoại giao,HQT08-04,Trung Quốc học,D10,2025,26.09,,THPT
HSU,Đại học Hoa Sen,7210403,Thiết kế đồ họa,A00,2025,15.0,,THPT
HSU,Đại học Hoa Sen,7210403,Thiết kế đồ họa,A01,2025,15.0,,THPT
HSU,Trường Đại Học Hoa Sen,7210403,Thiết kế Đồ họa,A01,2025,15.0,,THPT
HSU,Trường Đại Học Hoa Sen,7210403,Thiết kế Đồ họa,A01,2025,15.0,,THPT
HSU,Trường Đại Học Hoa Sen,7210403,Thiết kế Đồ họa,D01,2025,15.0,,THPT
HSU,Đại học Hoa Sen,7210403,Thiết kế đồ họa,D01,2025,15.0,,THPT
HSU,Đại học Hoa Sen,7210404,Thiết kế thời trang,A00,2025,15.0,,THPT
HSU,Đại học Hoa Sen,7210404,Thiết kế thời trang,A01,2025,15.0,,THPT
HSU,Trường Đại Học Hoa Sen,7210404,Thiết kế Thời trang,A01,2025,15.0,,THPT
HSU,Trường Đại Học Hoa Sen,7210404,Thiết kế Thời trang,A01,2025,15.0,,THPT
HSU,Trường Đại Học Hoa Sen,7210404,Thiết kế Thời trang,D01,2025,15.0,,THPT
HSU,Đại học Hoa Sen,7210404,Thiết kế thời trang,D01,2025,15.0,,THPT
HSU,Đại học Hoa Sen,7210408,Nghệ thuật số,A00,2025,15.0,,THPT
HSU,Đại học Hoa Sen,7210408,Nghệ thuật số,A01,2025,15.0,,THPT
HSU,Trường Đại Học Hoa Sen,7210408,Nghệ thuật số,A01,2025,15.0,,THPT
HSU,Trường Đại Học Hoa Sen,7210408,Nghệ thuật số,A01,2025,15.0,,THPT
HSU,Trường Đại Học Hoa Sen,7210408,Nghệ thuật số,D01,2025,15.0,,THPT
HSU,Đại học Hoa Sen,7210408,Nghệ thuật số,D01,2025,15.0,,THPT
HSU,Trường Đại Học Hoa Sen,7220201,Ngôn ngữ Anh,C00,2025,15.0,,THPT
HSU,Đại học Hoa Sen,7220201,Ngôn ngữ Anh,D01,2025,15.0,,THPT
HSU,Trường Đại Học Hoa Sen,7220201,Ngôn ngữ Anh,D01,2025,15.0,,THPT
HSU,Trường Đại Học Hoa Sen,7220201,Ngôn ngữ Anh,D09,2025,15.0,,THPT
HSU,Đại học Hoa Sen,7220201,Ngôn ngữ Anh,D09,2025,15.0,,THPT
HSU,Đại học Hoa Sen,7220204,Ngôn ngữ Trung Quốc,A01,2025,15.0,,THPT
HSU,Trường Đại Học Hoa Sen,7220204,Ngôn ngữ Trung Quốc,A01,2025,15.0,,THPT
HSU,Trường Đại Học Hoa Sen,7220204,Ngôn ngữ Trung Quốc,C00,2025,15.0,,THPT
HSU,Trường Đại Học Hoa Sen,7220204,Ngôn ngữ Trung Quốc,D01,2025,15.0,,THPT
HSU,Đại học Hoa Sen,7220204,Ngôn ngữ Trung Quốc,D01,2025,15.0,,THPT
HSU,Đại học Hoa Sen,7220210,Ngôn ngữ Hàn Quốc,A01,2025,15.0,,THPT
HSU,Trường Đại Học Hoa Sen,7220210,Ngôn ngữ Hàn Quốc,A01,2025,15.0,,THPT
HSU,Trường Đại Học Hoa Sen,7220210,Ngôn ngữ Hàn Quốc,C00,2025,15.0,,THPT
HSU,Trường Đại Học Hoa Sen,7220210,Ngôn ngữ Hàn Quốc,D01,2025,15.0,,THPT
HSU,Đại học Hoa Sen,7220210,Ngôn ngữ Hàn Quốc,D01,2025,15.0,,THPT
HSU,Trường Đại Học Hoa Sen,7220210,Ngôn ngữ Hàn Quốc,D09,2025,15.0,,THPT
HSU,Đại học Hoa Sen,7220210,Ngôn ngữ Hàn Quốc,D09,2025,15.0,,THPT
HSU,Đại học Hoa Sen,7310113,Kinh tế thể thao,A00,2025,17.0,,THPT
HSU,Trường Đại Học Hoa Sen,7310113,Kinh tế thể thao,A00,2025,17.0,,THPT
HSU,Trường Đại Học Hoa Sen,7310113,Kinh tế thể thao,A01,2025,17.0,,THPT
HSU,Đại học Hoa Sen,7310113,Kinh tế thể thao,A01,2025,17.0,,THPT
HSU,Đại học Hoa Sen,7310113,Kinh tế thể thao,C00,2025,17.0,,THPT
HSU,Trường Đại Học Hoa Sen,7310113,Kinh tế thể thao,D01,2025,17.0,,THPT
HSU,Đại học Hoa Sen,7310113,Kinh tế thể thao,D01,2025,17.0,,THPT
HSU,Trường Đại Học Hoa Sen,7310113,Kinh tế thể thao,D09,2025,17.0,,THPT
HSU,Đại học Hoa Sen,7310113,Kinh tế thể thao,D09,2025,17.0,,THPT
HSU,Đại học Hoa Sen,7310401,Tâm lý học,A01,2025,15.0,,THPT
HSU,Trường Đại Học Hoa Sen,7310401,Tâm lý học,A01,2025,15.0,,THPT
HSU,Trường Đại Học Hoa Sen,7310401,Tâm lý học,C00,2025,15.0,,THPT
HSU,Đại học Hoa Sen,7310401,Tâm lý học,C00,2025,15.0,,THPT
HSU,Trường Đại Học Hoa Sen,7310401,Tâm lý học,D01,2025,15.0,,THPT
HSU,Đại học Hoa Sen,7310401,Tâm lý học,D01,2025,15.0,,THPT
HSU,Trường Đại Học Hoa Sen,7310401,Tâm lý học,D08,2025,15.0,,THPT
HSU,Đại học Hoa Sen,7310401,Tâm lý học,D08,2025,15.0,,THPT
HSU,Đại học Hoa Sen,7320104,Truyền thông đa phương tiện,A00,2025,15.0,,THPT
HSU,Trường Đại Học Hoa Sen,7320104,Truyền thông đa phương tiện,A00,2025,15.0,,THPT
HSU,Trường Đại Học Hoa Sen,7320104,Truyền thông đa phương tiện,A01,2025,15.0,,THPT
HSU,Đại học Hoa Sen,7320104,Truyền thông đa phương tiện,A01,2025,15.0,,THPT
HSU,Trường Đại Học Hoa Sen,7320104,Truyền thông đa phương tiện,C00,2025,15.0,,THPT
HSU,Đại học Hoa Sen,7320104,Truyền thông đa phương tiện,C00,2025,15.0,,THPT
HSU,Trường Đại Học Hoa Sen,7320104,Truyền thông đa phương tiện,D01,2025,15.0,,THPT
HSU,Đại học Hoa Sen,7320104,Truyền thông đa phương tiện,D01,2025,15.0,,THPT
HSU,Đại học Hoa Sen,7320108,Quan hệ công chúng,A00,2025,15.0,,THPT
HSU,Trường Đại Học Hoa Sen,7320108,Quan hệ công chúng,A00,2025,15.0,,THPT
HSU,Trường Đại Học Hoa Sen,7320108,Quan hệ công chúng,A01,2025,15.0,,THPT
HSU,Đại học Hoa Sen,7320108,Quan hệ công chúng,A01,2025,15.0,,THPT
HSU,Trường Đại Học Hoa Sen,7320108,Quan hệ công chúng,C00,2025,15.0,,THPT
HSU,Đại học Hoa Sen,7320108,Quan hệ công chúng,C00,2025,15.0,,THPT
HSU,Trường Đại Học Hoa Sen,7320108,Quan hệ công chúng,D01,2025,15.0,,THPT
HSU,Đại học Hoa Sen,7320108,Quan hệ công chúng,D01,2025,15.0,,THPT
HSU,Đại học Hoa Sen,7340101,Quản trị Kinh doanh,A00,2025,15.0,,THPT
HSU,Trường Đại Học Hoa Sen,7340101,Quản trị kinh doanh,A00,2025,15.0,,THPT
HSU,Trường Đại Học Hoa Sen,7340101,Quản trị kinh doanh,A01,2025,15.0,,THPT
HSU,Đại học Hoa Sen,7340101,Quản trị Kinh doanh,A01,2025,15.0,,THPT
HSU,Đại học Hoa Sen,7340101,Quản trị Kinh doanh,C00,2025,15.0,,THPT
HSU,Trường Đại Học Hoa Sen,7340101,Quản trị kinh doanh,D01,2025,15.0,,THPT
HSU,Đại học Hoa Sen,7340101,Quản trị Kinh doanh,D01,2025,15.0,,THPT
HSU,Trường Đại Học Hoa Sen,7340101,Quản trị kinh doanh,D09,2025,15.0,,THPT
HSU,Đại học Hoa Sen,7340101,Quản trị Kinh doanh,D09,2025,15.0,,THPT
HSU,Đại học Hoa Sen,7340114,Marketing kỹ thuật số,A00,2025,15.0,,THPT
HSU,Trường Đại Học Hoa Sen,7340114,Digital Marketing,A00,2025,15.0,,THPT
HSU,Trường Đại Học Hoa Sen,7340114,Digital Marketing,A01,2025,15.0,,THPT
HSU,Đại học Hoa Sen,7340114,Marketing kỹ thuật số,A01,2025,15.0,,THPT
HSU,Đại học Hoa Sen,7340114,Marketing kỹ thuật số,C00,2025,15.0,,THPT
HSU,Trường Đại Học Hoa Sen,7340114,Digital Marketing,D01,2025,15.0,,THPT
HSU,Đại học Hoa Sen,7340114,Marketing kỹ thuật số,D01,2025,15.0,,THPT
HSU,Trường Đại Học Hoa Sen,7340114,Digital Marketing,D09,2025,15.0,,THPT
HSU,Đại học Hoa Sen,7340114,Marketing kỹ thuật số,D09,2025,15.0,,THPT
HSU,Đại học Hoa Sen,7340115,Marketing,A00,2025,15.0,,THPT
HSU,Trường Đại Học Hoa Sen,7340115,Marketing,A00,2025,15.0,,THPT
HSU,Trường Đại Học Hoa Sen,7340115,Marketing,A01,2025,15.0,,THPT
HSU,Đại học Hoa Sen,7340115,Marketing,A01,2025,15.0,,THPT
HSU,Đại học Hoa Sen,7340115,Marketing,C00,2025,15.0,,THPT
HSU,Trường Đại Học Hoa Sen,7340115,Marketing,D01,2025,15.0,,THPT
HSU,Đại học Hoa Sen,7340115,Marketing,D01,2025,15.0,,THPT
HSU,Trường Đại Học Hoa Sen,7340115,Marketing,D09,2025,15.0,,THPT
HSU,Đại học Hoa Sen,7340115,Marketing,D09,2025,15.0,,THPT
HSU,Đại học Hoa Sen,7340120,Ngành Kinh doanh quốc tế,A00,2025,15.0,,THPT
HSU,Trường Đại Học Hoa Sen,7340120,Kinh doanh Quốc tế,A00,2025,15.0,,THPT
HSU,Trường Đại Học Hoa Sen,7340120,Kinh doanh Quốc tế,A01,2025,15.0,,THPT
HSU,Đại học Hoa Sen,7340120,Ngành Kinh doanh quốc tế,A01,2025,15.0,,THPT
HSU,Đại học Hoa Sen,7340120,Ngành Kinh doanh quốc tế,C00,2025,15.0,,THPT
HSU,Trường Đại Học Hoa Sen,7340120,Kinh doanh Quốc tế,D01,2025,15.0,,THPT
HSU,Đại học Hoa Sen,7340120,Ngành Kinh doanh quốc tế,D01,2025,15.0,,THPT
HSU,Trường Đại Học Hoa Sen,7340120,Kinh doanh Quốc tế,D09,2025,15.0,,THPT
HSU,Đại học Hoa Sen,7340120,Ngành Kinh doanh quốc tế,D09,2025,15.0,,THPT
HSU,Đại học Hoa Sen,7340122,Thương mại điện tử,A00,2025,15.0,,THPT
HSU,Trường Đại Học Hoa Sen,7340122,Thương mại điện tử,A00,2025,15.0,,THPT
HSU,Trường Đại Học Hoa Sen,7340122,Thương mại điện tử,A01,2025,15.0,,THPT
HSU,Đại học Hoa Sen,7340122,Thương mại điện tử,A01,2025,15.0,,THPT
HSU,Đại học Hoa Sen,7340122,Thương mại điện tử,C00,2025,15.0,,THPT
HSU,Trường Đại Học Hoa Sen,7340122,Thương mại điện tử,D01,2025,15.0,,THPT
HSU,Đại học Hoa Sen,7340122,Thương mại điện tử,D01,2025,15.0,,THPT
HSU,Trường Đại Học Hoa Sen,7340122,Thương mại điện tử,D09,2025,15.0,,THPT
HSU,Đại học Hoa Sen,7340122,Thương mại điện tử,D09,2025,15.0,,THPT
HSU,Đại học Hoa Sen,7340201,Tài chính – Ngân hàng,A00,2025,15.0,,THPT
HSU,Trường Đại Học Hoa Sen,7340201,Tài chính – Ngân hàng,A00,2025,15.0,,THPT
HSU,Trường Đại Học Hoa Sen,7340201,Tài chính – Ngân hàng,A01,2025,15.0,,THPT
HSU,Đại học Hoa Sen,7340201,Tài chính – Ngân hàng,A01,2025,15.0,,THPT
HSU,Đại học Hoa Sen,7340201,Tài chính – Ngân hàng,C00,2025,15.0,,THPT
HSU,Trường Đại Học Hoa Sen,7340201,Tài chính – Ngân hàng,D01,2025,15.0,,THPT
HSU,Đại học Hoa Sen,7340201,Tài chính – Ngân hàng,D01,2025,15.0,,THPT
HSU,Trường Đại Học Hoa Sen,7340201,Tài chính – Ngân hàng,D09,2025,15.0,,THPT
HSU,Đại học Hoa Sen,7340201,Tài chính – Ngân hàng,D09,2025,15.0,,THPT
HSU,Đại học Hoa Sen,7340205,Công nghệ tài chính,A00,2025,17.0,,THPT
HSU,Trường Đại Học Hoa Sen,7340205,Công nghệ tài chính,A00,2025,17.0,,THPT
HSU,Trường Đại Học Hoa Sen,7340205,Công nghệ tài chính,A01,2025,17.0,,THPT
HSU,Đại học Hoa Sen,7340205,Công nghệ tài chính,A01,2025,17.0,,THPT
HSU,Đại học Hoa Sen,7340205,Công nghệ tài chính,C00,2025,17.0,,THPT
HSU,Trường Đại Học Hoa Sen,7340205,Công nghệ tài chính,D01,2025,17.0,,THPT
HSU,Đại học Hoa Sen,7340205,Công nghệ tài chính,D01,2025,17.0,,THPT
HSU,Trường Đại Học Hoa Sen,7340205,Công nghệ tài chính,D09,2025,17.0,,THPT
HSU,Đại học Hoa Sen,7340205,Công nghệ tài chính,D09,2025,17.0,,THPT
HSU,Đại học Hoa Sen,7340301,Kế toán,A00,2025,15.0,,THPT
HSU,Trường Đại Học Hoa Sen,7340301,Kế toán,A00,2025,15.0,,THPT
HSU,Trường Đại Học Hoa Sen,7340301,Kế toán,A01,2025,15.0,,THPT
HSU,Đại học Hoa Sen,7340301,Kế toán,A01,2025,15.0,,THPT
HSU,Đại học Hoa Sen,7340301,Kế toán,C00,2025,15.0,,THPT
HSU,Trường Đại Học Hoa Sen,7340301,Kế toán,D01,2025,15.0,,THPT
HSU,Đại học Hoa Sen,7340301,Kế toán,D01,2025,15.0,,THPT
HSU,Trường Đại Học Hoa Sen,7340301,Kế toán,D09,2025,15.0,,THPT
HSU,Đại học Hoa Sen,7340301,Kế toán,D09,2025,15.0,,THPT
HSU,Đại học Hoa Sen,7340404,Quản trị nhân lực,A00,2025,15.0,,THPT
HSU,Trường Đại Học Hoa Sen,7340404,Quản trị Nhân lực,A00,2025,15.0,,THPT
HSU,Trường Đại Học Hoa Sen,7340404,Quản trị Nhân lực,A01,2025,15.0,,THPT
HSU,Đại học Hoa Sen,7340404,Quản trị nhân lực,A01,2025,15.0,,THPT
HSU,Đại học Hoa Sen,7340404,Quản trị nhân lực,C00,2025,15.0,,THPT
HSU,Trường Đại Học Hoa Sen,7340404,Quản trị Nhân lực,D01,2025,15.0,,THPT
HSU,Đại học Hoa Sen,7340404,Quản trị nhân lực,D01,2025,15.0,,THPT
HSU,Trường Đại Học Hoa Sen,7340404,Quản trị Nhân lực,D09,2025,15.0,,THPT
HSU,Đại học Hoa Sen,7340404,Quản trị nhân lực,D09,2025,15.0,,THPT
HSU,Đại học Hoa Sen,7340410,Quản trị công nghệ truyền thông*,A00,2025,15.0,,THPT
HSU,Trường Đại Học Hoa Sen,7340410,Quản trị công nghệ truyền thông,A00,2025,15.0,,THPT
HSU,Trường Đại Học Hoa Sen,7340410,Quản trị công nghệ truyền thông,A01,2025,15.0,,THPT
HSU,Đại học Hoa Sen,7340410,Quản trị công nghệ truyền thông*,A01,2025,15.0,,THPT
HSU,Đại học Hoa Sen,7340410,Quản trị công nghệ truyền thông*,C00,2025,15.0,,THPT
HSU,Trường Đại Học Hoa Sen,7340410,Quản trị công nghệ truyền thông,D01,2025,15.0,,THPT
HSU,Đại học Hoa Sen,7340410,Quản trị công nghệ truyền thông*,D01,2025,15.0,,THPT
HSU,Trường Đại Học Hoa Sen,7340410,Quản trị công nghệ truyền thông,D09,2025,15.0,,THPT
HSU,Đại học Hoa Sen,7340410,Quản trị công nghệ truyền thông*,D09,2025,15.0,,THPT
HSU,Đại học Hoa Sen,7340412,Quản trị sự kiện,A00,2025,15.0,,THPT
HSU,Trường Đại Học Hoa Sen,7340412,Quản trị sự kiện,A00,2025,15.0,,THPT
HSU,Trường Đại Học Hoa Sen,7340412,Quản trị sự kiện,A01,2025,15.0,,THPT
HSU,Đại học Hoa Sen,7340412,Quản trị sự kiện,A01,2025,15.0,,THPT
HSU,Đại học Hoa Sen,7340412,Quản trị sự kiện,C00,2025,15.0,,THPT
HSU,Trường Đại Học Hoa Sen,7340412,Quản trị sự kiện,D01,2025,15.0,,THPT
HSU,Đại học Hoa Sen,7340412,Quản trị sự kiện,D01,2025,15.0,,THPT
HSU,Trường Đại Học Hoa Sen,7340412,Quản trị sự kiện,D09,2025,15.0,,THPT
HSU,Đại học Hoa Sen,7340412,Quản trị sự kiện,D09,2025,15.0,,THPT
HSU,Đại học Hoa Sen,7380101,Ngành Luật,A00,2025,15.0,,THPT
HSU,Trường Đại Học Hoa Sen,7380101,Luật,A00,2025,15.0,,THPT
HSU,Trường Đại Học Hoa Sen,7380101,Luật,A01,2025,15.0,,THPT
HSU,Đại học Hoa Sen,7380101,Ngành Luật,A01,2025,15.0,,THPT
HSU,Trường Đại Học Hoa Sen,7380101,Luật,C00,2025,15.0,,THPT
HSU,Đại học Hoa Sen,7380101,Ngành Luật,C00,2025,15.0,,THPT
HSU,Trường Đại Học Hoa Sen,7380101,Luật,D01,2025,15.0,,THPT
HSU,Đại học Hoa Sen,7380101,Ngành Luật,D01,2025,15.0,,THPT
HSU,Đại học Hoa Sen,7380107,Luật kinh tế,A00,2025,15.0,,THPT
HSU,Trường Đại Học Hoa Sen,7380107,Luật Kinh tế,A00,2025,15.0,,THPT
HSU,Trường Đại Học Hoa Sen,7380107,Luật Kinh tế,A01,2025,15.0,,THPT
HSU,Đại học Hoa Sen,7380107,Luật kinh tế,A01,2025,15.0,,THPT
HSU,Trường Đại Học Hoa Sen,7380107,Luật Kinh tế,C00,2025,15.0,,THPT
HSU,Đại học Hoa Sen,7380107,Luật kinh tế,C00,2025,15.0,,THPT
HSU,Trường Đại Học Hoa Sen,7380107,Luật Kinh tế,D01,2025,15.0,,THPT
HSU,Đại học Hoa Sen,7380107,Luật kinh tế,D01,2025,15.0,,THPT
HSU,Đại học Hoa Sen,7480103,Kỹ thuật phần mềm,A00,2025,15.0,,THPT
HSU,Trường Đại Học Hoa Sen,7480103,Kỹ thuật phần mềm,A00,2025,15.0,,THPT
HSU,Trường Đại Học Hoa Sen,7480103,Kỹ thuật phần mềm,A01,2025,15.0,,THPT
HSU,Đại học Hoa Sen,7480103,Kỹ thuật phần mềm,A01,2025,15.0,,THPT
HSU,Trường Đại Học Hoa Sen,7480103,Kỹ thuật phần mềm,D01,2025,15.0,,THPT
HSU,Đại học Hoa Sen,7480103,Kỹ thuật phần mềm,D01,2025,15.0,,THPT
HSU,Trường Đại Học Hoa Sen,7480103,Kỹ thuật phần mềm,D07,2025,15.0,,THPT
HSU,Đại học Hoa Sen,7480103,Kỹ thuật phần mềm,D07,2025,15.0,,THPT
HSU,Đại học Hoa Sen,7480107,Trí tuệ nhân tạo,A00,2025,16.0,,THPT
HSU,Trường Đại Học Hoa Sen,7480107,Trí tuệ nhân tạo,A00,2025,16.0,,THPT
HSU,Trường Đại Học Hoa Sen,7480107,Trí tuệ nhân tạo,A01,2025,16.0,,THPT
HSU,Đại học Hoa Sen,7480107,Trí tuệ nhân tạo,A01,2025,16.0,,THPT
HSU,Trường Đại Học Hoa Sen,7480107,Trí tuệ nhân tạo,D01,2025,16.0,,THPT
HSU,Đại học Hoa Sen,7480107,Trí tuệ nhân tạo,D01,2025,16.0,,THPT
HSU,Trường Đại Học Hoa Sen,7480107,Trí tuệ nhân tạo,D07,2025,16.0,,THPT
HSU,Đại học Hoa Sen,7480107,Trí tuệ nhân tạo,D07,2025,16.0,,THPT
HSU,Đại học Hoa Sen,7480201,Công nghệ thông tin,A00,2025,15.0,,THPT
HSU,Trường Đại Học Hoa Sen,7480201,Công nghệ thông tin,A00,2025,15.0,,THPT
HSU,Trường Đại Học Hoa Sen,7480201,Công nghệ thông tin,A01,2025,15.0,,THPT
HSU,Đại học Hoa Sen,7480201,Công nghệ thông tin,A01,2025,15.0,,THPT
HSU,Trường Đại Học Hoa Sen,7480201,Công nghệ thông tin,D01,2025,15.0,,THPT
HSU,Đại học Hoa Sen,7480201,Công nghệ thông tin,D01,2025,15.0,,THPT
HSU,Trường Đại Học Hoa Sen,7480201,Công nghệ thông tin,D07,2025,15.0,,THPT
HSU,Đại học Hoa Sen,7480201,Công nghệ thông tin,D07,2025,15.0,,THPT
HSU,Đại học Hoa Sen,7510605,Logistics và Quản lý chuỗi cung ứng,A00,2025,15.0,,THPT
HSU,Trường Đại Học Hoa Sen,7510605,Logistics & Quản lý chuỗi cung ứng,A00,2025,15.0,,THPT
HSU,Trường Đại Học Hoa Sen,7510605,Logistics & Quản lý chuỗi cung ứng,A01,2025,15.0,,THPT
HSU,Đại học Hoa Sen,7510605,Logistics và Quản lý chuỗi cung ứng,A01,2025,15.0,,THPT
HSU,Trường Đại Học Hoa Sen,7510605,Logistics & Quản lý chuỗi cung ứng,C00,2025,15.0,,THPT
HSU,Đại học Hoa Sen,7510605,Logistics và Quản lý chuỗi cung ứng,C00,2025,15.0,,THPT
HSU,Trường Đại Học Hoa Sen,7510605,Logistics & Quản lý chuỗi cung ứng,D01,2025,15.0,,THPT
HSU,Đại học Hoa Sen,7510605,Logistics và Quản lý chuỗi cung ứng,D01,2025,15.0,,THPT
HSU,Đại học Hoa Sen,7580108,Thiết kế nội thất,A00,2025,15.0,,THPT
HSU,Trường Đại Học Hoa Sen,7580108,Thiết kế Nội thất,A00,2025,15.0,,THPT
HSU,Trường Đại Học Hoa Sen,7580108,Thiết kế Nội thất,A01,2025,15.0,,THPT
HSU,Đại học Hoa Sen,7580108,Thiết kế nội thất,A01,2025,15.0,,THPT
HSU,Trường Đại Học Hoa Sen,7580108,Thiết kế Nội thất,D01,2025,15.0,,THPT
HSU,Đại học Hoa Sen,7580108,Thiết kế nội thất,D01,2025,15.0,,THPT
HSU,Trường Đại Học Hoa Sen,7580108,Thiết kế Nội thất,D09,2025,15.0,,THPT
HSU,Đại học Hoa Sen,7580108,Thiết kế nội thất,D09,2025,15.0,,THPT
HSU,Đại học Hoa Sen,7810103,Quản trị dịch vụ du lịch và lữ hành,A00,2025,15.0,,THPT
HSU,Trường Đại Học Hoa Sen,7810103,Quản trị dịch vụ Du lịch & Lữ hành,A00,2025,15.0,,THPT
HSU,Trường Đại Học Hoa Sen,7810103,Quản trị dịch vụ Du lịch & Lữ hành,A01,2025,15.0,,THPT
HSU,Đại học Hoa Sen,7810103,Quản trị dịch vụ du lịch và lữ hành,A01,2025,15.0,,THPT
HSU,Trường Đại Học Hoa Sen,7810103,Quản trị dịch vụ Du lịch & Lữ hành,C00,2025,15.0,,THPT
HSU,Đại học Hoa Sen,7810103,Quản trị dịch vụ du lịch và lữ hành,C00,2025,15.0,,THPT
HSU,Trường Đại Học Hoa Sen,7810103,Quản trị dịch vụ Du lịch & Lữ hành,D01,2025,15.0,,THPT
HSU,Đại học Hoa Sen,7810103,Quản trị dịch vụ du lịch và lữ hành,D01,2025,15.0,,THPT
HSU,Đại học Hoa Sen,7810201,Quản trị khách sạn,A00,2025,15.0,,THPT
HSU,Trường Đại Học Hoa Sen,7810201,Quản trị khách sạn,A00,2025,15.0,,THPT
HSU,Trường Đại Học Hoa Sen,7810201,Quản trị khách sạn,A01,2025,15.0,,THPT
HSU,Đại học Hoa Sen,7810201,Quản trị khách sạn,A01,2025,15.0,,THPT
HSU,Trường Đại Học Hoa Sen,7810201,Quản trị khách sạn,C00,2025,15.0,,THPT
HSU,Đại học Hoa Sen,7810201,Quản trị khách sạn,C00,2025,15.0,,THPT
HSU,Trường Đại Học Hoa Sen,7810201,Quản trị khách sạn,D01,2025,15.0,,THPT
HSU,Đại học Hoa Sen,7810201,Quản trị khách sạn,D01,2025,15.0,,THPT
HSU,Đại học Hoa Sen,7810201E,Quản trị khách sạn (chương trình Elite),A00,2025,15.0,,THPT
HSU,Đại học Hoa Sen,7810201E,Quản trị khách sạn (chương trình Elite),A01,2025,15.0,,THPT
HSU,Đại học Hoa Sen,7810201E,Quản trị khách sạn (chương trình Elite),C00,2025,15.0,,THPT
HSU,Đại học Hoa Sen,7810201E,Quản trị khách sạn (chương trình Elite),D01,2025,15.0,,THPT
HSU,Đại học Hoa Sen,7810202,Quản trị nhà hàng và dịch vụ ăn uống,A00,2025,15.0,,THPT
HSU,Trường Đại Học Hoa Sen,7810202,Quản trị nhà hàng & Dịch vụ ăn uống,A00,2025,15.0,,THPT
HSU,Trường Đại Học Hoa Sen,7810202,Quản trị nhà hàng & Dịch vụ ăn uống,A01,2025,15.0,,THPT
HSU,Đại học Hoa Sen,7810202,Quản trị nhà hàng và dịch vụ ăn uống,A01,2025,15.0,,THPT
HSU,Trường Đại Học Hoa Sen,7810202,Quản trị nhà hàng & Dịch vụ ăn uống,C00,2025,15.0,,THPT
HSU,Đại học Hoa Sen,7810202,Quản trị nhà hàng và dịch vụ ăn uống,C00,2025,15.0,,THPT
HSU,Trường Đại Học Hoa Sen,7810202,Quản trị nhà hàng & Dịch vụ ăn uống,D01,2025,15.0,,THPT
HSU,Đại học Hoa Sen,7810202,Quản trị nhà hàng và dịch vụ ăn uống,D01,2025,15.0,,THPT
HSU,Đại học Hoa Sen,7810202E,Quản trị nhà hàng và dịch vụ ăn uống (chương trình Elite),A00,2025,15.0,,THPT
HSU,Đại học Hoa Sen,7810202E,Quản trị nhà hàng và dịch vụ ăn uống (chương trình Elite),A01,2025,15.0,,THPT
HSU,Đại học Hoa Sen,7810202E,Quản trị nhà hàng và dịch vụ ăn uống (chương trình Elite),C00,2025,15.0,,THPT
HSU,Đại học Hoa Sen,7810202E,Quản trị nhà hàng và dịch vụ ăn uống (chương trình Elite),D01,2025,15.0,,THPT
HTA,Học viện Tòa án,7380101_NAM_B,Luật (Thí sinh nam miền Bắc),A00,2025,21.93,,THPT
HTA,Học viện Tòa án,7380101_NAM_B,Luật (Thí sinh nam miền Bắc),A01,2025,21.93,,THPT
HTA,Học viện Tòa án,7380101_NAM_B,Luật (Thí sinh nam miền Bắc),C00,2025,21.93,,THPT
HTA,Học viện Tòa án,7380101_NAM_B,Luật (Thí sinh nam miền Bắc),D01,2025,21.93,,THPT
HTA,Học viện Tòa án,7380101_NAM_N,Luật (Thí sinh nam miền Nam),A00,2025,21.03,,THPT
HTA,Học viện Tòa án,7380101_NAM_N,Luật (Thí sinh nam miền Nam),A01,2025,21.03,,THPT
HTA,Học viện Tòa án,7380101_NAM_N,Luật (Thí sinh nam miền Nam),C00,2025,21.03,,THPT
HTA,Học viện Tòa án,7380101_NAM_N,Luật (Thí sinh nam miền Nam),D01,2025,21.03,,THPT
HTA,Học viện Tòa án,7380101_NU_B,Luật (Thí sinh nữ miền Bắc),A00,2025,23.0,,THPT
HTA,Học viện Tòa án,7380101_NU_B,Luật (Thí sinh nữ miền Bắc),A01,2025,23.0,,THPT
HTA,Học viện Tòa án,7380101_NU_B,Luật (Thí sinh nữ miền Bắc),C00,2025,23.0,,THPT
HTA,Học viện Tòa án,7380101_NU_B,Luật (Thí sinh nữ miền Bắc),D01,2025,23.0,,THPT
HTA,Học viện Tòa án,7380101_NU_N,Luật (Thí sinh nữ miền Nam),A00,2025,22.26,,THPT
HTA,Học viện Tòa án,7380101_NU_N,Luật (Thí sinh nữ miền Nam),A01,2025,22.26,,THPT
HTA,Học viện Tòa án,7380101_NU_N,Luật (Thí sinh nữ miền Nam),C00,2025,22.26,,THPT
HTA,Học viện Tòa án,7380101_NU_N,Luật (Thí sinh nữ miền Nam),D01,2025,22.26,,THPT
HTA,Học viện Tòa án,7380101|11A00,Luật (Nữ - Phía Bắc),A00,2025,23.0,,THPT
HTA,Học viện Tòa án,7380101|11A01,Luật (Nữ - Phía Bắc),A01,2025,23.0,,THPT
HTA,Học viện Tòa án,7380101|11C00,Luật (Nữ - Phía Bắc),C00,2025,23.0,,THPT
HTA,Học viện Tòa án,7380101|11D01,Luật (Nữ - Phía Bắc),D01,2025,23.0,,THPT
HTA,Học viện Tòa án,7380101|12A00,Luật (Nữ - Phía Nam),A00,2025,22.26,,THPT
HTA,Học viện Tòa án,7380101|12A01,Luật (Nữ - Phía Nam),A01,2025,22.26,,THPT
HTA,Học viện Tòa án,7380101|12C00,Luật (Nữ - Phía Nam),C00,2025,22.26,,THPT
HTA,Học viện Tòa án,7380101|12D01,Luật (Nữ - Phía Nam),D01,2025,22.26,,THPT
HTA,Học viện Tòa án,7380101|21A00,Luật (Nam - Phía Bắc),A00,2025,21.93,,THPT
HTA,Học viện Tòa án,7380101|21A01,Luật (Nam - Phía Bắc),A01,2025,21.93,,THPT
HTA,Học viện Tòa án,7380101|21C00,Luật (Nam - Phía Bắc),C00,2025,21.93,,THPT
HTA,Học viện Tòa án,7380101|21D01,Luật (Nam - Phía Bắc),D01,2025,21.93,,THPT
HTA,Học viện Tòa án,7380101|22A00,Luật (Nam - Phía Nam),A00,2025,21.03,,THPT
HTA,Học viện Tòa án,7380101|22A01,Luật (Nam - Phía Nam),A01,2025,21.03,,THPT
HTA,Học viện Tòa án,7380101|22C00,Luật (Nam - Phía Nam),C00,2025,21.03,,THPT
HTA,Học viện Tòa án,7380101|22D01,Luật (Nam - Phía Nam),D01,2025,21.03,,THPT
HTC,Học viện Tài chính,7220201,Ngôn ngữ Anh,A01,2025,24.1,,THPT
HTC,Học Viện Tài chính,7220201,Tiếng Anh tài chính kế toán,A01,2025,24.1,,THPT
HTC,Học Viện Tài chính,7220201,Tiếng Anh tài chính kế toán,D01,2025,24.1,,THPT
HTC,Học viện Tài chính,7220201,Ngôn ngữ Anh,D01,2025,24.1,,THPT
HTC,Học Viện Tài chính,7220201,Tiếng Anh tài chính kế toán,D07,2025,24.1,,THPT
HTC,Học viện Tài chính,7220201,Ngôn ngữ Anh,D07,2025,24.1,,THPT
HTC,Học viện Tài chính,7310101,Kinh tế,A00,2025,25.43,,THPT
HTC,Học Viện Tài chính,7310101,Kinh tế và quản lý nguồn lực tài chính,A00,2025,25.43,,THPT
HTC,Học Viện Tài chính,7310101,Kinh tế và quản lý nguồn lực tài chính,A01,2025,25.43,,THPT
HTC,Học viện Tài chính,7310101,Kinh tế,A01,2025,25.43,,THPT
HTC,Học Viện Tài chính,7310101,Kinh tế và quản lý nguồn lực tài chính,D01,2025,25.43,,THPT
HTC,Học viện Tài chính,7310101,Kinh tế,D01,2025,25.43,,THPT
HTC,Học Viện Tài chính,7310101,Kinh tế và quản lý nguồn lực tài chính,D07,2025,25.43,,THPT
HTC,Học viện Tài chính,7310101,Kinh tế,D07,2025,25.43,,THPT
HTC,Học viện Tài chính,7310102,Kinh tế chính trị,A00,2025,24.92,,THPT
HTC,Học Viện Tài chính,7310102,Kinh tế chính trị - tài chính,A00,2025,24.92,,THPT
HTC,Học Viện Tài chính,7310102,Kinh tế chính trị - tài chính,A01,2025,24.92,,THPT
HTC,Học viện Tài chính,7310102,Kinh tế chính trị,A01,2025,24.92,,THPT
HTC,Học Viện Tài chính,7310102,Kinh tế chính trị - tài chính,D01,2025,24.92,,THPT
HTC,Học viện Tài chính,7310102,Kinh tế chính trị,D01,2025,24.92,,THPT
HTC,Học Viện Tài chính,7310102,Kinh tế chính trị - tài chính,D07,2025,24.92,,THPT
HTC,Học viện Tài chính,7310102,Kinh tế chính trị,D07,2025,24.92,,THPT
HTC,Học viện Tài chính,7310104,Kinh tế đầu tư,A00,2025,25.56,,THPT
HTC,Học Viện Tài chính,7310104,Kinh tế đầu tư,A00,2025,25.56,,THPT
HTC,Học Viện Tài chính,7310104,Kinh tế đầu tư,A01,2025,25.56,,THPT
HTC,Học viện Tài chính,7310104,Kinh tế đầu tư,A01,2025,25.56,,THPT
HTC,Học Viện Tài chính,7310104,Kinh tế đầu tư,D01,2025,25.56,,THPT
HTC,Học viện Tài chính,7310104,Kinh tế đầu tư,D01,2025,25.56,,THPT
HTC,Học Viện Tài chính,7310104,Kinh tế đầu tư,D07,2025,25.56,,THPT
HTC,Học viện Tài chính,7310104,Kinh tế đầu tư,D07,2025,25.56,,THPT
HTC,Học viện Tài chính,7310104QT12.01,Kinh tế đầu tư (Theo định hướng ACCA),A01,2025,22.82,,THPT
HTC,Học Viện Tài chính,7310104QT12.01,Kinh tế đầu tư (Theo định hướng ACCA),A01,2025,22.82,,THPT
HTC,Học Viện Tài chính,7310104QT12.01,Kinh tế đầu tư (Theo định hướng ACCA),D01,2025,22.82,,THPT
HTC,Học viện Tài chính,7310104QT12.01,Kinh tế đầu tư (Theo định hướng ACCA),D01,2025,22.82,,THPT
HTC,Học Viện Tài chính,7310104QT12.01,Kinh tế đầu tư (Theo định hướng ACCA),D07,2025,22.82,,THPT
HTC,Học viện Tài chính,7310104QT12.01,Kinh tế đầu tư (Theo định hướng ACCA),D07,2025,22.82,,THPT
HTC,Học viện Tài chính,7310108,Toán kinh tế,A00,2025,24.57,,THPT
HTC,Học Viện Tài chính,7310108,Toán tài chính,A00,2025,24.57,,THPT
HTC,Học Viện Tài chính,7310108,Toán tài chính,A01,2025,24.57,,THPT
HTC,Học viện Tài chính,7310108,Toán kinh tế,A01,2025,24.57,,THPT
HTC,Học Viện Tài chính,7310108,Toán tài chính,D01,2025,24.57,,THPT
HTC,Học viện Tài chính,7310108,Toán kinh tế,D01,2025,24.57,,THPT
HTC,Học Viện Tài chính,7310108,Toán tài chính,D07,2025,24.57,,THPT
HTC,Học viện Tài chính,7310108,Toán kinh tế,D07,2025,24.57,,THPT
HTC,Học viện Tài chính,7340101,Quản trị Kinh doanh,A00,2025,24.98,,THPT
HTC,Học Viện Tài chính,7340101,Quản trị doanh nghiệp; Quản trị kinh doanh du lịch,A00,2025,24.98,,THPT
HTC,Học Viện Tài chính,7340101,Quản trị doanh nghiệp; Quản trị kinh doanh du lịch,A01,2025,24.98,,THPT
HTC,Học viện Tài chính,7340101,Quản trị Kinh doanh,A01,2025,24.98,,THPT
HTC,Học Viện Tài chính,7340101,Quản trị doanh nghiệp; Quản trị kinh doanh du lịch,D01,2025,24.98,,THPT
HTC,Học viện Tài chính,7340101,Quản trị Kinh doanh,D01,2025,24.98,,THPT
HTC,Học Viện Tài chính,7340101,Quản trị doanh nghiệp; Quản trị kinh doanh du lịch,D07,2025,24.98,,THPT
HTC,Học viện Tài chính,7340101,Quản trị Kinh doanh,D07,2025,24.98,,THPT
HTC,Học viện Tài chính,7340101QT03.01,Quản trị doanh nghiệp (Theo định hướng ICAEW CFAB),A01,2025,22.58,,THPT
HTC,Học Viện Tài chính,7340101QT03.01,Quản trị doanh nghiệp (Theo định hướng ICAEW CFAB),A01,2025,22.58,,THPT
HTC,Học Viện Tài chính,7340101QT03.01,Quản trị doanh nghiệp (Theo định hướng ICAEW CFAB),D01,2025,22.58,,THPT
HTC,Học viện Tài chính,7340101QT03.01,Quản trị doanh nghiệp (Theo định hướng ICAEW CFAB),D01,2025,22.58,,THPT
HTC,Học Viện Tài chính,7340101QT03.01,Quản trị doanh nghiệp (Theo định hướng ICAEW CFAB),D07,2025,22.58,,THPT
HTC,Học viện Tài chính,7340101QT03.01,Quản trị doanh nghiệp (Theo định hướng ICAEW CFAB),D07,2025,22.58,,THPT
HTC,Học viện Tài chính,7340115,Marketing,A00,2025,26.23,,THPT
HTC,Học Viện Tài chính,7340115,Marketing,A00,2025,26.23,,THPT
HTC,Học Viện Tài chính,7340115,Marketing,A01,2025,26.23,,THPT
HTC,Học viện Tài chính,7340115,Marketing,A01,2025,26.23,,THPT
HTC,Học Viện Tài chính,7340115,Marketing,D01,2025,26.23,,THPT
HTC,Học viện Tài chính,7340115,Marketing,D01,2025,26.23,,THPT
HTC,Học Viện Tài chính,7340115,Marketing,D07,2025,26.23,,THPT
HTC,Học viện Tài chính,7340115,Marketing,D07,2025,26.23,,THPT
HTC,Học Viện Tài chính,7340115QT11.02,Digital Marketing (Theo định hướng ICDL),A01,2025,23.44,,THPT
HTC,Học Viện Tài chính,7340115QT11.02,Digital Marketing (Theo định hướng ICDL),D01,2025,23.44,,THPT
HTC,Học Viện Tài chính,7340115QT11.02,Digital Marketing (Theo định hướng ICDL),D07,2025,23.44,,THPT
HTC,Học viện Tài chính,7340116,Bất động sản,A00,2025,21.51,,THPT
HTC,Học Viện Tài chính,7340116,Thẩm định giá và kinh doanh bất động sản,A00,2025,21.51,,THPT
HTC,Học Viện Tài chính,7340116,Thẩm định giá và kinh doanh bất động sản,A01,2025,21.51,,THPT
HTC,Học viện Tài chính,7340116,Bất động sản,A01,2025,21.51,,THPT
HTC,Học Viện Tài chính,7340116,Thẩm định giá và kinh doanh bất động sản,D01,2025,21.51,,THPT
HTC,Học viện Tài chính,7340116,Bất động sản,D01,2025,21.51,,THPT
HTC,Học Viện Tài chính,7340116,Thẩm định giá và kinh doanh bất động sản,D07,2025,21.51,,THPT
HTC,Học viện Tài chính,7340116,Bất động sản,D07,2025,21.51,,THPT
HTC,Học viện Tài chính,7340116QT09.01,Digital Marketing (theo định hướng ICDL),A01,2025,21.0,,THPT
HTC,Học Viện Tài chính,7340116QT09.01,Thẩm định giá và kinh doanh bất động sản (Theo định hướng ACCA),A01,2025,21.0,,THPT
HTC,Học Viện Tài chính,7340116QT09.01,Thẩm định giá và kinh doanh bất động sản (Theo định hướng ACCA),D01,2025,21.0,,THPT
HTC,Học viện Tài chính,7340116QT09.01,Digital Marketing (theo định hướng ICDL),D01,2025,21.0,,THPT
HTC,Học Viện Tài chính,7340116QT09.01,Thẩm định giá và kinh doanh bất động sản (Theo định hướng ACCA),D07,2025,21.0,,THPT
HTC,Học viện Tài chính,7340116QT09.01,Digital Marketing (theo định hướng ICDL),D07,2025,21.0,,THPT
HTC,Học viện Tài chính,7340116QT09.02,Digital Marketing (theo định hướng ICDL),A01,2025,23.44,,THPT
HTC,Học viện Tài chính,7340116QT09.02,Digital Marketing (theo định hướng ICDL),D01,2025,23.44,,THPT
HTC,Học viện Tài chính,7340116QT09.02,Digital Marketing (theo định hướng ICDL),D07,2025,23.44,,THPT
HTC,Học viện Tài chính,7340120QT15.01,Kinh doanh quốc tế (Theo định hướng ICAEW CFAB),A01,2025,24.89,,THPT
HTC,Học Viện Tài chính,7340120QT15.01,Kinh doanh quốc tế (Theo định hướng ICAEW CFAB),A01,2025,24.89,,THPT
HTC,Học Viện Tài chính,7340120QT15.01,Kinh doanh quốc tế (Theo định hướng ICAEW CFAB),D01,2025,24.89,,THPT
HTC,Học viện Tài chính,7340120QT15.01,Kinh doanh quốc tế (Theo định hướng ICAEW CFAB),D01,2025,24.89,,THPT
HTC,Học Viện Tài chính,7340120QT15.01,Kinh doanh quốc tế (Theo định hướng ICAEW CFAB),D07,2025,24.89,,THPT
HTC,Học viện Tài chính,7340120QT15.01,Kinh doanh quốc tế (Theo định hướng ICAEW CFAB),D07,2025,24.89,,THPT
HTC,Học viện Tài chính,73402011,Tài chính - Ngân hàng 1,A00,2025,25.47,,THPT
HTC,Học Viện Tài chính,73402011,Tài chính - Ngân hàng 1 (CN Thuế;  Hải quan và Nghiệp vụ ngoại thương;  Tài chính quốc tế,A00,2025,25.47,,THPT
HTC,Học Viện Tài chính,73402011,Tài chính - Ngân hàng 1 (CN Thuế;  Hải quan và Nghiệp vụ ngoại thương;  Tài chính quốc tế,A01,2025,25.47,,THPT
HTC,Học viện Tài chính,73402011,Tài chính - Ngân hàng 1,A01,2025,25.47,,THPT
HTC,Học Viện Tài chính,73402011,Tài chính - Ngân hàng 1 (CN Thuế;  Hải quan và Nghiệp vụ ngoại thương;  Tài chính quốc tế,D01,2025,25.47,,THPT
HTC,Học viện Tài chính,73402011,Tài chính - Ngân hàng 1,D01,2025,25.47,,THPT
HTC,Học Viện Tài chính,73402011,Tài chính - Ngân hàng 1 (CN Thuế;  Hải quan và Nghiệp vụ ngoại thương;  Tài chính quốc tế,D07,2025,25.47,,THPT
HTC,Học viện Tài chính,73402011,Tài chính - Ngân hàng 1,D07,2025,25.47,,THPT
HTC,Học viện Tài chính,73402012,Tài chính - Ngân hàng 2,A00,2025,26.31,,THPT
HTC,Học Viện Tài chính,73402012,Tài chính - Ngân hàng 2 (CN Tài chính doanh nghiệp; Phân tích tài chính),A00,2025,26.31,,THPT
HTC,Học Viện Tài chính,73402012,Tài chính - Ngân hàng 2 (CN Tài chính doanh nghiệp; Phân tích tài chính),A01,2025,26.31,,THPT
HTC,Học viện Tài chính,73402012,Tài chính - Ngân hàng 2,A01,2025,26.31,,THPT
HTC,Học Viện Tài chính,73402012,Tài chính - Ngân hàng 2 (CN Tài chính doanh nghiệp; Phân tích tài chính),D01,2025,26.31,,THPT
HTC,Học viện Tài chính,73402012,Tài chính - Ngân hàng 2,D01,2025,26.31,,THPT
HTC,Học Viện Tài chính,73402012,Tài chính - Ngân hàng 2 (CN Tài chính doanh nghiệp; Phân tích tài chính),D07,2025,26.31,,THPT
HTC,Học viện Tài chính,73402012,Tài chính - Ngân hàng 2,D07,2025,26.31,,THPT
HTC,Học viện Tài chính,73402013,Tài chính - Ngân hàng 3,A00,2025,25.4,,THPT
HTC,Học Viện Tài chính,73402013,Tài chính - Ngân hàng 3 (CN Ngân hàng;  Đầu tư tài chính),A00,2025,25.4,,THPT
HTC,Học Viện Tài chính,73402013,Tài chính - Ngân hàng 3 (CN Ngân hàng;  Đầu tư tài chính),A01,2025,25.4,,THPT
HTC,Học viện Tài chính,73402013,Tài chính - Ngân hàng 3,A01,2025,25.4,,THPT
HTC,Học Viện Tài chính,73402013,Tài chính - Ngân hàng 3 (CN Ngân hàng;  Đầu tư tài chính),D01,2025,25.4,,THPT
HTC,Học viện Tài chính,73402013,Tài chính - Ngân hàng 3,D01,2025,25.4,,THPT
HTC,Học Viện Tài chính,73402013,Tài chính - Ngân hàng 3 (CN Ngân hàng;  Đầu tư tài chính),D07,2025,25.4,,THPT
HTC,Học viện Tài chính,73402013,Tài chính - Ngân hàng 3,D07,2025,25.4,,THPT
HTC,Học viện Tài chính,7340201QT01.01,Thuế và Quản trị thuế (Theo định hướng ACCA),A01,2025,21.0,,THPT
HTC,Học Viện Tài chính,7340201QT01.01,Thuế và Quản trị thuế (Theo định hướng ACCA),A01,2025,21.0,,THPT
HTC,Học Viện Tài chính,7340201QT01.01,Thuế và Quản trị thuế (Theo định hướng ACCA),D01,2025,21.0,,THPT
HTC,Học viện Tài chính,7340201QT01.01,Thuế và Quản trị thuế (Theo định hướng ACCA),D01,2025,21.0,,THPT
HTC,Học Viện Tài chính,7340201QT01.01,Thuế và Quản trị thuế (Theo định hướng ACCA),D07,2025,21.0,,THPT
HTC,Học viện Tài chính,7340201QT01.01,Thuế và Quản trị thuế (Theo định hướng ACCA),D07,2025,21.0,,THPT
HTC,Học viện Tài chính,7340201QT01.06,Hải quan và Logistics (theo định hướng FIATA),A01,2025,21.3,,THPT
HTC,Học Viện Tài chính,7340201QT01.06,Hải quan và Logistics (Theo định hướng FIATA),A01,2025,21.3,,THPT
HTC,Học Viện Tài chính,7340201QT01.06,Hải quan và Logistics (Theo định hướng FIATA),D01,2025,21.3,,THPT
HTC,Học viện Tài chính,7340201QT01.06,Hải quan và Logistics (theo định hướng FIATA),D01,2025,21.3,,THPT
HTC,Học Viện Tài chính,7340201QT01.06,Hải quan và Logistics (Theo định hướng FIATA),D07,2025,21.3,,THPT
HTC,Học viện Tài chính,7340201QT01.06,Hải quan và Logistics (theo định hướng FIATA),D07,2025,21.3,,THPT
HTC,Học viện Tài chính,7340201QT01.09,Phân tích tài chính (theo định hướng ICAEW CFAB),A01,2025,21.0,,THPT
HTC,Học Viện Tài chính,7340201QT01.09,Phân tích tài chính (Theo định hướng ICAEW CFAB),A01,2025,21.0,,THPT
HTC,Học Viện Tài chính,7340201QT01.09,Phân tích tài chính (Theo định hướng ICAEW CFAB),D01,2025,21.0,,THPT
HTC,Học viện Tài chính,7340201QT01.09,Phân tích tài chính (theo định hướng ICAEW CFAB),D01,2025,21.0,,THPT
HTC,Học Viện Tài chính,7340201QT01.09,Phân tích tài chính (Theo định hướng ICAEW CFAB),D07,2025,21.0,,THPT
HTC,Học viện Tài chính,7340201QT01.09,Phân tích tài chính (theo định hướng ICAEW CFAB),D07,2025,21.0,,THPT
HTC,Học viện Tài chính,7340201QT01.11,Tài chính doanh nghiệp (theo định hướng ACCA),A01,2025,21.0,,THPT
HTC,Học Viện Tài chính,7340201QT01.11,Tài chính doanh nghiệp (Theo định hướng ACCA),A01,2025,21.0,,THPT
HTC,Học Viện Tài chính,7340201QT01.11,Tài chính doanh nghiệp (Theo định hướng ACCA),D01,2025,21.0,,THPT
HTC,Học viện Tài chính,7340201QT01.11,Tài chính doanh nghiệp (theo định hướng ACCA),D01,2025,21.0,,THPT
HTC,Học Viện Tài chính,7340201QT01.11,Tài chính doanh nghiệp (Theo định hướng ACCA),D07,2025,21.0,,THPT
HTC,Học viện Tài chính,7340201QT01.11,Tài chính doanh nghiệp (theo định hướng ACCA),D07,2025,21.0,,THPT
HTC,Học viện Tài chính,7340201QT01.15,Ngân hàng (Theo định hướng ICAEW CFAB),A01,2025,21.0,,THPT
HTC,Học Viện Tài chính,7340201QT01.15,Ngân hàng (Theo định hướng ICAEW CFAB),A01,2025,21.0,,THPT
HTC,Học Viện Tài chính,7340201QT01.15,Ngân hàng (Theo định hướng ICAEW CFAB),D01,2025,21.0,,THPT
HTC,Học viện Tài chính,7340201QT01.15,Ngân hàng (Theo định hướng ICAEW CFAB),D01,2025,21.0,,THPT
HTC,Học Viện Tài chính,7340201QT01.15,Ngân hàng (Theo định hướng ICAEW CFAB),D07,2025,21.0,,THPT
HTC,Học viện Tài chính,7340201QT01.15,Ngân hàng (Theo định hướng ICAEW CFAB),D07,2025,21.0,,THPT
HTC,Học viện Tài chính,7340201QT01.19,Đầu tư tài chính (Theo định hướng ICAEW CFAB),A01,2025,21.0,,THPT
HTC,Học Viện Tài chính,7340201QT01.19,Đầu tư tài chính (Theo định hướng ICAEW CFAB),A01,2025,21.0,,THPT
HTC,Học Viện Tài chính,7340201QT01.19,Đầu tư tài chính (Theo định hướng ICAEW CFAB),D01,2025,21.0,,THPT
HTC,Học viện Tài chính,7340201QT01.19,Đầu tư tài chính (Theo định hướng ICAEW CFAB),D01,2025,21.0,,THPT
HTC,Học Viện Tài chính,7340201QT01.19,Đầu tư tài chính (Theo định hướng ICAEW CFAB),D07,2025,21.0,,THPT
HTC,Học viện Tài chính,7340201QT01.19,Đầu tư tài chính (Theo định hướng ICAEW CFAB),D07,2025,21.0,,THPT
HTC,Học viện Tài chính,7340204,Bảo hiểm,A00,2025,22.56,,THPT
HTC,Học Viện Tài chính,7340204,Tài chính bảo hiểm,A00,2025,22.56,,THPT
HTC,Học Viện Tài chính,7340204,Tài chính bảo hiểm,A01,2025,22.56,,THPT
HTC,Học viện Tài chính,7340204,Bảo hiểm,A01,2025,22.56,,THPT
HTC,Học Viện Tài chính,7340204,Tài chính bảo hiểm,D01,2025,22.56,,THPT
HTC,Học viện Tài chính,7340204,Bảo hiểm,D01,2025,22.56,,THPT
HTC,Học Viện Tài chính,7340204,Tài chính bảo hiểm,D07,2025,22.56,,THPT
HTC,Học viện Tài chính,7340204,Bảo hiểm,D07,2025,22.56,,THPT
HTC,Học viện Tài chính,7340301,Kế toán,A00,2025,25.01,,THPT
HTC,Học Viện Tài chính,7340301,Kế toán doanh nghiệp; Kế toán công,A00,2025,25.01,,THPT
HTC,Học Viện Tài chính,7340301,Kế toán doanh nghiệp; Kế toán công,A01,2025,25.01,,THPT
HTC,Học viện Tài chính,7340301,Kế toán,A01,2025,25.01,,THPT
HTC,Học Viện Tài chính,7340301,Kế toán doanh nghiệp; Kế toán công,D01,2025,25.01,,THPT
HTC,Học viện Tài chính,7340301,Kế toán,D01,2025,25.01,,THPT
HTC,Học Viện Tài chính,7340301,Kế toán doanh nghiệp; Kế toán công,D07,2025,25.01,,THPT
HTC,Học viện Tài chính,7340301,Kế toán,D07,2025,25.01,,THPT
HTC,Học viện Tài chính,7340301QT02.01,Kế toán doanh nghiệp (theo định hướng ACCA),A01,2025,21.5,,THPT
HTC,Học Viện Tài chính,7340301QT02.01,Kế toán doanh nghiệp (Theo định hướng ACCA),A01,2025,21.5,,THPT
HTC,Học Viện Tài chính,7340301QT02.01,Kế toán doanh nghiệp (Theo định hướng ACCA),D01,2025,21.5,,THPT
HTC,Học viện Tài chính,7340301QT02.01,Kế toán doanh nghiệp (theo định hướng ACCA),D01,2025,21.5,,THPT
HTC,Học Viện Tài chính,7340301QT02.01,Kế toán doanh nghiệp (Theo định hướng ACCA),D07,2025,21.5,,THPT
HTC,Học viện Tài chính,7340301QT02.01,Kế toán doanh nghiệp (theo định hướng ACCA),D07,2025,21.5,,THPT
HTC,Học viện Tài chính,7340301QT02.02,Kế toán quản trị và Kiểm soát quản lý (Theo định hướng CMA),A01,2025,21.0,,THPT
HTC,Học Viện Tài chính,7340301QT02.02,Kế toán quản trị và Kiểm soát quản lý (Theo định hướng CMA),A01,2025,21.0,,THPT
HTC,Học Viện Tài chính,7340301QT02.02,Kế toán quản trị và Kiểm soát quản lý (Theo định hướng CMA),D01,2025,21.0,,THPT
HTC,Học viện Tài chính,7340301QT02.02,Kế toán quản trị và Kiểm soát quản lý (Theo định hướng CMA),D01,2025,21.0,,THPT
HTC,Học Viện Tài chính,7340301QT02.02,Kế toán quản trị và Kiểm soát quản lý (Theo định hướng CMA),D07,2025,21.0,,THPT
HTC,Học viện Tài chính,7340301QT02.02,Kế toán quản trị và Kiểm soát quản lý (Theo định hướng CMA),D07,2025,21.0,,THPT
HTC,Học viện Tài chính,7340301QT02.03,Kế toán công (Theo định hướng ACCA),A01,2025,21.5,,THPT
HTC,Học Viện Tài chính,7340301QT02.03,Kế toán công (Theo định hướng ACCA),A01,2025,21.5,,THPT
HTC,Học Viện Tài chính,7340301QT02.03,Kế toán công (Theo định hướng ACCA),D01,2025,21.5,,THPT
HTC,Học viện Tài chính,7340301QT02.03,Kế toán công (Theo định hướng ACCA),D01,2025,21.5,,THPT
HTC,Học Viện Tài chính,7340301QT02.03,Kế toán công (Theo định hướng ACCA),D07,2025,21.5,,THPT
HTC,Học viện Tài chính,7340301QT02.03,Kế toán công (Theo định hướng ACCA),D07,2025,21.5,,THPT
HTC,Học viện Tài chính,7340302,Kiểm toán,A00,2025,26.6,,THPT
HTC,Học Viện Tài chính,7340302,Kiểm toán,A00,2025,26.6,,THPT
HTC,Học Viện Tài chính,7340302,Kiểm toán,A01,2025,26.6,,THPT
HTC,Học viện Tài chính,7340302,Kiểm toán,A01,2025,26.6,,THPT
HTC,Học Viện Tài chính,7340302,Kiểm toán,D01,2025,26.6,,THPT
HTC,Học viện Tài chính,7340302,Kiểm toán,D01,2025,26.6,,THPT
HTC,Học Viện Tài chính,7340302,Kiểm toán,D07,2025,26.6,,THPT
HTC,Học viện Tài chính,7340302,Kiểm toán,D07,2025,26.6,,THPT
HTC,Học viện Tài chính,7340302QT10.01,Kiểm toán (theo định hướng ICAEW CFAB),A01,2025,21.5,,THPT
HTC,Học Viện Tài chính,7340302QT10.01,Kiểm toán (Theo định hướng ICAEW CFAB),A01,2025,21.5,,THPT
HTC,Học Viện Tài chính,7340302QT10.01,Kiểm toán (Theo định hướng ICAEW CFAB),D01,2025,21.5,,THPT
HTC,Học viện Tài chính,7340302QT10.01,Kiểm toán (theo định hướng ICAEW CFAB),D01,2025,21.5,,THPT
HTC,Học Viện Tài chính,7340302QT10.01,Kiểm toán (Theo định hướng ICAEW CFAB),D07,2025,21.5,,THPT
HTC,Học viện Tài chính,7340302QT10.01,Kiểm toán (theo định hướng ICAEW CFAB),D07,2025,21.5,,THPT
HTC,Học viện Tài chính,7340403,Quản lý công,A00,2025,22.55,,THPT
HTC,Học Viện Tài chính,7340403,Quản lý tài chính công,A00,2025,22.55,,THPT
HTC,Học Viện Tài chính,7340403,Quản lý tài chính công,A01,2025,22.55,,THPT
HTC,Học viện Tài chính,7340403,Quản lý công,A01,2025,22.55,,THPT
HTC,Học Viện Tài chính,7340403,Quản lý tài chính công,D01,2025,22.55,,THPT
HTC,Học viện Tài chính,7340403,Quản lý công,D01,2025,22.55,,THPT
HTC,Học Viện Tài chính,7340403,Quản lý tài chính công,D07,2025,22.55,,THPT
HTC,Học viện Tài chính,7340403,Quản lý công,D07,2025,22.55,,THPT
HTC,Học viện Tài chính,7340405,Hệ thống thông tin,A00,2025,25.07,,THPT
HTC,Học Viện Tài chính,7340405,Tin học tài chính kế toán,A00,2025,25.07,,THPT
HTC,Học Viện Tài chính,7340405,Tin học tài chính kế toán,A01,2025,25.07,,THPT
HTC,Học viện Tài chính,7340405,Hệ thống thông tin,A01,2025,25.07,,THPT
HTC,Học Viện Tài chính,7340405,Tin học tài chính kế toán,D01,2025,25.07,,THPT
HTC,Học viện Tài chính,7340405,Hệ thống thông tin,D01,2025,25.07,,THPT
HTC,Học Viện Tài chính,7340405,Tin học tài chính kế toán,D07,2025,25.07,,THPT
HTC,Học viện Tài chính,7340405,Hệ thống thông tin,D07,2025,25.07,,THPT
HTC,Học viện Tài chính,7380101,Ngành Luật,A00,2025,25.12,,THPT
HTC,Học Viện Tài chính,7380101,Luật kinh doanh,A00,2025,25.12,,THPT
HTC,Học Viện Tài chính,7380101,Luật kinh doanh,A01,2025,25.12,,THPT
HTC,Học viện Tài chính,7380101,Ngành Luật,A01,2025,25.12,,THPT
HTC,Học Viện Tài chính,7380101,Luật kinh doanh,D01,2025,25.12,,THPT
HTC,Học viện Tài chính,7380101,Ngành Luật,D01,2025,25.12,,THPT
HTC,Học Viện Tài chính,7380101,Luật kinh doanh,D07,2025,25.12,,THPT
HTC,Học viện Tài chính,7380101,Ngành Luật,D07,2025,25.12,,THPT
HTC,Học viện Tài chính,7460108,Khoa học dữ liệu (Data Science),A00,2025,25.52,,THPT
HTC,Học Viện Tài chính,7460108,Khoa học dữ liệu trong tài chính,A00,2025,25.52,,THPT
HTC,Học Viện Tài chính,7460108,Khoa học dữ liệu trong tài chính,A01,2025,25.52,,THPT
HTC,Học viện Tài chính,7460108,Khoa học dữ liệu (Data Science),A01,2025,25.52,,THPT
HTC,Học Viện Tài chính,7460108,Khoa học dữ liệu trong tài chính,D01,2025,25.52,,THPT
HTC,Học viện Tài chính,7460108,Khoa học dữ liệu (Data Science),D01,2025,25.52,,THPT
HTC,Học Viện Tài chính,7460108,Khoa học dữ liệu trong tài chính,D07,2025,25.52,,THPT
HTC,Học viện Tài chính,7460108,Khoa học dữ liệu (Data Science),D07,2025,25.52,,THPT
HTC,Học viện Tài chính,7480201,Công nghệ thông tin,A00,2025,24.97,,THPT
HTC,Học Viện Tài chính,7480201,Trí tuệ nhân tạo trong tài chính kế toán,A00,2025,24.97,,THPT
HTC,Học Viện Tài chính,7480201,Trí tuệ nhân tạo trong tài chính kế toán,A01,2025,24.97,,THPT
HTC,Học viện Tài chính,7480201,Công nghệ thông tin,A01,2025,24.97,,THPT
HTC,Học Viện Tài chính,7480201,Trí tuệ nhân tạo trong tài chính kế toán,D01,2025,24.97,,THPT
HTC,Học viện Tài chính,7480201,Công nghệ thông tin,D01,2025,24.97,,THPT
HTC,Học Viện Tài chính,7480201,Trí tuệ nhân tạo trong tài chính kế toán,D07,2025,24.97,,THPT
HTC,Học viện Tài chính,7480201,Công nghệ thông tin,D07,2025,24.97,,THPT
HTN,Học viện Thanh Thiếu Niên Việt Nam,7310101,Kinh tế,A00,2025,21.0,,THPT
HTN,Học Viện Thanh Thiếu Niên Việt Nam,7310101,Kinh tế,A00,2025,21.0,,THPT
HTN,Học viện Thanh Thiếu Niên Việt Nam,7310101,Kinh tế,A01,2025,21.0,,THPT
HTN,Học viện Thanh Thiếu Niên Việt Nam,7310101,Kinh tế,D01,2025,21.0,,THPT
HTN,Học Viện Thanh Thiếu Niên Việt Nam,7310101,Kinh tế,D01,2025,21.0,,THPT
HTN,Học Viện Thanh Thiếu Niên Việt Nam,7310101,Kinh tế,D10,2025,21.0,,THPT
HTN,Học viện Thanh Thiếu Niên Việt Nam,7310101,Kinh tế,D10,2025,21.0,,THPT
HTN,Học viện Thanh Thiếu Niên Việt Nam,7310202,Xây dựng Đảng và Chính quyền nhà nước,C00,2025,24.0,,THPT
HTN,Học Viện Thanh Thiếu Niên Việt Nam,7310202,Xây dựng Đảng và Chính quyền Nhà nước,C00,2025,24.0,,THPT
HTN,Học Viện Thanh Thiếu Niên Việt Nam,7310202,Xây dựng Đảng và Chính quyền Nhà nước - Đào tạo tại TPHCM,C00,2025,19.5,,THPT
HTN,Học Viện Thanh Thiếu Niên Việt Nam,7310202,Xây dựng Đảng và Chính quyền Nhà nước,C00,2025,24.0,,THPT
HTN,Học Viện Thanh Thiếu Niên Việt Nam,7310202,Xây dựng Đảng và Chính quyền Nhà nước - Đào tạo tại TPHCM,C00,2025,19.5,,THPT
HTN,Học Viện Thanh Thiếu Niên Việt Nam,7310202,Xây dựng Đảng và Chính quyền Nhà nước,D01,2025,24.0,,THPT
HTN,Học Viện Thanh Thiếu Niên Việt Nam,7310202,Xây dựng Đảng và Chính quyền Nhà nước - Đào tạo tại TPHCM,D01,2025,19.5,,THPT
HTN,Học Viện Thanh Thiếu Niên Việt Nam,7310202,Xây dựng Đảng và Chính quyền Nhà nước,D01,2025,24.0,,THPT
HTN,Học Viện Thanh Thiếu Niên Việt Nam,7310202,Xây dựng Đảng và Chính quyền Nhà nước - Đào tạo tại TPHCM,D01,2025,19.5,,THPT
HTN,Học viện Thanh Thiếu Niên Việt Nam,7310202,Xây dựng Đảng và Chính quyền nhà nước,D01,2025,24.0,,THPT
HTN,Học viện Thanh Thiếu Niên Việt Nam,7310205,Quản lý nhà nước,C00,2025,24.1,,THPT
HTN,Học Viện Thanh Thiếu Niên Việt Nam,7310205,Quản lý Nhà nước,C00,2025,24.1,,THPT
HTN,Học Viện Thanh Thiếu Niên Việt Nam,7310205,Quản lý Nhà nước,C00,2025,24.1,,THPT
HTN,Học Viện Thanh Thiếu Niên Việt Nam,7310205,Quản lý Nhà nước,D01,2025,24.1,,THPT
HTN,Học Viện Thanh Thiếu Niên Việt Nam,7310205,Quản lý Nhà nước,D01,2025,24.1,,THPT
HTN,Học viện Thanh Thiếu Niên Việt Nam,7310205,Quản lý nhà nước,D01,2025,24.1,,THPT
HTN,Học viện Thanh Thiếu Niên Việt Nam,7310401,Tâm lý học,C00,2025,25.3,,THPT
HTN,Học Viện Thanh Thiếu Niên Việt Nam,7310401,Tâm lý học,C00,2025,25.3,,THPT
HTN,Học Viện Thanh Thiếu Niên Việt Nam,7310401,Tâm lý học,D01,2025,25.3,,THPT
HTN,Học viện Thanh Thiếu Niên Việt Nam,7310401,Tâm lý học,D01,2025,25.3,,THPT
HTN,Học viện Thanh Thiếu Niên Việt Nam,7320108,Quan hệ công chúng,C00,2025,25.8,,THPT
HTN,Học Viện Thanh Thiếu Niên Việt Nam,7320108,Quan hệ Công chúng,C00,2025,25.8,,THPT
HTN,Học Viện Thanh Thiếu Niên Việt Nam,7320108,Quan hệ Công chúng,D01,2025,25.8,,THPT
HTN,Học viện Thanh Thiếu Niên Việt Nam,7320108,Quan hệ công chúng,D01,2025,25.8,,THPT
HTN,Học viện Thanh Thiếu Niên Việt Nam,7380101,Ngành Luật,A00,2025,24.8,,THPT
HTN,Học Viện Thanh Thiếu Niên Việt Nam,7380101,Luật,A00,2025,24.8,,THPT
HTN,Học Viện Thanh Thiếu Niên Việt Nam,7380101,Luật - Đào tạo tại TPHCM,A00,2025,17.5,,THPT
HTN,Học viện Thanh Thiếu Niên Việt Nam,7380101,Ngành Luật,C00,2025,24.8,,THPT
HTN,Học Viện Thanh Thiếu Niên Việt Nam,7380101,Luật,C00,2025,24.8,,THPT
HTN,Học Viện Thanh Thiếu Niên Việt Nam,7380101,Luật - Đào tạo tại TPHCM,C00,2025,17.5,,THPT
HTN,Học Viện Thanh Thiếu Niên Việt Nam,7380101,Luật,D01,2025,24.8,,THPT
HTN,Học Viện Thanh Thiếu Niên Việt Nam,7380101,Luật - Đào tạo tại TPHCM,D01,2025,17.5,,THPT
HTN,Học viện Thanh Thiếu Niên Việt Nam,7380101,Ngành Luật,D01,2025,24.8,,THPT
HTN,Học viện Thanh Thiếu Niên Việt Nam,7480201,Công nghệ thông tin,A00,2025,20.0,,THPT
HTN,Học Viện Thanh Thiếu Niên Việt Nam,7480201,Công nghệ thông tin,A00,2025,20.0,,THPT
HTN,Học viện Thanh Thiếu Niên Việt Nam,7480201,Công nghệ thông tin,A01,2025,20.0,,THPT
HTN,Học viện Thanh Thiếu Niên Việt Nam,7480201,Công nghệ thông tin,D01,2025,20.0,,THPT
HTN,Học Viện Thanh Thiếu Niên Việt Nam,7480201,Công nghệ thông tin,D01,2025,20.0,,THPT
HTN,Học Viện Thanh Thiếu Niên Việt Nam,7480201,Công nghệ thông tin,D10,2025,20.0,,THPT
HTN,Học viện Thanh Thiếu Niên Việt Nam,7480201,Công nghệ thông tin,D10,2025,20.0,,THPT
HTN,Học viện Thanh Thiếu Niên Việt Nam,7760101,Công tác xã hội,C00,2025,24.5,,THPT
HTN,Học Viện Thanh Thiếu Niên Việt Nam,7760101,Công tác Xã hội,C00,2025,24.5,,THPT
HTN,Học Viện Thanh Thiếu Niên Việt Nam,7760101,Công tác Xã hội,D01,2025,24.5,,THPT
HTN,Học viện Thanh Thiếu Niên Việt Nam,7760101,Công tác xã hội,D01,2025,24.5,,THPT
HTN,Học viện Thanh Thiếu Niên Việt Nam,7760102,Công tác thanh thiếu niên,C00,2025,23.8,,THPT
HTN,Học Viện Thanh Thiếu Niên Việt Nam,7760102,Công tác Thanh thiếu niên,C00,2025,23.8,,THPT
HTN,Học Viện Thanh Thiếu Niên Việt Nam,7760102,Công tác Thanh thiếu niên - Đào tạo tại TPHCM,C00,2025,18.5,,THPT
HTN,Học Viện Thanh Thiếu Niên Việt Nam,7760102,Công tác Thanh thiếu niên,D01,2025,23.8,,THPT
HTN,Học Viện Thanh Thiếu Niên Việt Nam,7760102,Công tác Thanh thiếu niên - Đào tạo tại TPHCM,D01,2025,18.5,,THPT
HTN,Học viện Thanh Thiếu Niên Việt Nam,7760102,Công tác thanh thiếu niên,D01,2025,23.8,,THPT
HUI,Đại học Công nghiệp TP HCM,7210404,Thiết kế thời trang,D01,2025,22.0,,THPT
HUI,Đại học Công nghiệp TP HCM,7220201,Ngôn ngữ Anh,D01,2025,23.25,,THPT
HUI,Đại học Công nghiệp TP HCM,7340101,Quản trị Kinh doanh,D01,2025,24.75,,THPT
HUI,Đại học Công nghiệp TP HCM,7340101C,Quản trị kinh doanh,D01,2025,21.0,,THPT
HUI,Đại học Công nghiệp TP HCM,7340115,Marketing,D01,2025,26.0,,THPT
HUI,Đại học Công nghiệp TP HCM,7340115C,Marketing,D01,2025,22.5,,THPT
HUI,Đại học Công nghiệp TP HCM,7340120,Ngành Kinh doanh quốc tế,A01,2025,25.0,,THPT
HUI,Đại học Công nghiệp TP HCM,7340120,Ngành Kinh doanh quốc tế,D01,2025,25.0,,THPT
HUI,Đại học Công nghiệp TP HCM,7340120,Ngành Kinh doanh quốc tế,D09,2025,25.0,,THPT
HUI,Đại học Công nghiệp TP HCM,7340120,Ngành Kinh doanh quốc tế,D10,2025,25.0,,THPT
HUI,Đại học Công nghiệp TP HCM,7340120C,Kinh doanh quốc tế (Chương trình chất lượng cao),A01,2025,23.0,,THPT
HUI,Đại học Công nghiệp TP HCM,7340120C,Kinh doanh quốc tế (Chương trình chất lượng cao),D01,2025,23.0,,THPT
HUI,Đại học Công nghiệp TP HCM,7340120C,Kinh doanh quốc tế (Chương trình chất lượng cao),D09,2025,23.0,,THPT
HUI,Đại học Công nghiệp TP HCM,7340120C,Kinh doanh quốc tế (Chương trình chất lượng cao),D10,2025,23.0,,THPT
HUI,Đại học Công nghiệp TP HCM,7340122,Thương mại điện tử,A01,2025,26.0,,THPT
HUI,Đại học Công nghiệp TP HCM,7340122,Thương mại điện tử,D01,2025,26.0,,THPT
HUI,Đại học Công nghiệp TP HCM,7340122,Thương mại điện tử,D09,2025,26.0,,THPT
HUI,Đại học Công nghiệp TP HCM,7340122,Thương mại điện tử,D10,2025,26.0,,THPT
HUI,Đại học Công nghiệp TP HCM,7340122C,Thương mại điện tử CLC,A01,2025,23.25,,THPT
HUI,Đại học Công nghiệp TP HCM,7340122C,Thương mại điện tử CLC,D01,2025,23.25,,THPT
HUI,Đại học Công nghiệp TP HCM,7340122C,Thương mại điện tử CLC,D09,2025,23.25,,THPT
HUI,Đại học Công nghiệp TP HCM,7340122C,Thương mại điện tử CLC,D10,2025,23.25,,THPT
HUI,Đại học Công nghiệp TP HCM,7340201,Tài chính – Ngân hàng,D01,2025,24.0,,THPT
HUI,Đại học Công nghiệp TP HCM,7340201C,Tài chính – Ngân hàng (Chương trình chất lượng cao),D01,2025,20.0,,THPT
HUI,Đại học Công nghiệp TP HCM,7340301,Kế toán,D01,2025,22.75,,THPT
HUI,Đại học Công nghiệp TP HCM,7340301C,Kế toán (CT chất lượng cao),D01,2025,17.0,,THPT
HUI,Đại học Công nghiệp TP HCM,7340301Q,Kế toán,D01,2025,17.0,,THPT
HUI,Đại học Công nghiệp TP HCM,7340302,Kiểm toán,D01,2025,22.5,,THPT
HUI,Đại học Công nghiệp TP HCM,7340302C,Kiểm toán,D01,2025,17.0,,THPT
HUI,Đại học Công nghiệp TP HCM,7340302Q,Kiểm toán CLC,D01,2025,17.0,,THPT
HUI,Đại học Công nghiệp TP HCM,7380107,Luật kinh tế,C00,2025,25.25,,THPT
HUI,Đại học Công nghiệp TP HCM,7380107,Luật kinh tế,D01,2025,25.25,,THPT
HUI,Đại học Công nghiệp TP HCM,7380107,Luật kinh tế,D09,2025,25.25,,THPT
HUI,Đại học Công nghiệp TP HCM,7380107,Luật kinh tế,D10,2025,25.25,,THPT
HUI,Đại học Công nghiệp TP HCM,7380107C,Luật kinh tế (CT chất lượng cao),C00,2025,23.5,,THPT
HUI,Đại học Công nghiệp TP HCM,7380107C,Luật kinh tế (CT chất lượng cao),D01,2025,23.5,,THPT
HUI,Đại học Công nghiệp TP HCM,7380107C,Luật kinh tế (CT chất lượng cao),D09,2025,23.5,,THPT
HUI,Đại học Công nghiệp TP HCM,7380107C,Luật kinh tế (CT chất lượng cao),D10,2025,23.5,,THPT
HUI,Đại học Công nghiệp TP HCM,7380108,Luật quốc tế,C00,2025,24.5,,THPT
HUI,Đại học Công nghiệp TP HCM,7380108,Luật quốc tế,D01,2025,24.5,,THPT
HUI,Đại học Công nghiệp TP HCM,7380108,Luật quốc tế,D09,2025,24.5,,THPT
HUI,Đại học Công nghiệp TP HCM,7380108,Luật quốc tế,D10,2025,24.5,,THPT
HUI,Đại học Công nghiệp TP HCM,7380108C,Luật quốc  tế,C00,2025,20.0,,THPT
HUI,Đại học Công nghiệp TP HCM,7380108C,Luật quốc  tế,D01,2025,20.0,,THPT
HUI,Đại học Công nghiệp TP HCM,7380108C,Luật quốc  tế,D09,2025,20.0,,THPT
HUI,Đại học Công nghiệp TP HCM,7380108C,Luật quốc  tế,D10,2025,20.0,,THPT
HUI,Đại học Công nghiệp TP HCM,7420201,Công nghệ sinh học,B00,2025,22.5,,THPT
HUI,Đại học Công nghiệp TP HCM,7420201C,Công nghệ sinh học,B00,2025,18.0,,THPT
HUI,Đại học Công nghiệp TP HCM,7480108,Công nghệ kỹ thuật máy tính,A00,2025,24.0,,THPT
HUI,Đại học Công nghiệp TP HCM,7480108,Công nghệ kỹ thuật máy tính,A01,2025,24.0,,THPT
HUI,Đại học Công nghiệp TP HCM,7480108C,Công nghệ kỹ thuật máy tinh (hệ Chất lượng cao ticng Việt),A00,2025,22.75,,THPT
HUI,Đại học Công nghiệp TP HCM,7480108C,Công nghệ kỹ thuật máy tinh (hệ Chất lượng cao ticng Việt),A01,2025,22.75,,THPT
HUI,Đại học Công nghiệp TP HCM,7480201,Công nghệ thông tin,D01,2025,24.5,,THPT
HUI,Đại học Công nghiệp TP HCM,7480201C,Công nghệ thông tin (CTCLC),D01,2025,22.0,,THPT
HUI,Đại học Công nghiệp TP HCM,7510201,Công nghệ kỹ thuật cơ khí (chuyên ngành Cơ khí chế tạo),A00,2025,25.5,,THPT
HUI,Đại học Công nghiệp TP HCM,7510201,Công nghệ kỹ thuật cơ khí (chuyên ngành Cơ khí chế tạo),A01,2025,25.5,,THPT
HUI,Đại học Công nghiệp TP HCM,7510201C,Công nghệ kỹ thuật cơ khí,A00,2025,23.25,,THPT
HUI,Đại học Công nghiệp TP HCM,7510201C,Công nghệ kỹ thuật cơ khí,A01,2025,23.25,,THPT
HUI,Đại học Công nghiệp TP HCM,7510202,Công nghệ chế tạo máy,A00,2025,24.5,,THPT
HUI,Đại học Công nghiệp TP HCM,7510202,Công nghệ chế tạo máy,A01,2025,24.5,,THPT
HUI,Đại học Công nghiệp TP HCM,7510202C,Công nghệ chế tạo máy,A00,2025,22.0,,THPT
HUI,Đại học Công nghiệp TP HCM,7510202C,Công nghệ chế tạo máy,A01,2025,22.0,,THPT
HUI,Đại học Công nghiệp TP HCM,7510203,Công nghệ kỹ thuật cơ điện tử,A00,2025,26.5,,THPT
HUI,Đại học Công nghiệp TP HCM,7510203,Công nghệ kỹ thuật cơ điện tử,A01,2025,26.5,,THPT
HUI,Đại học Công nghiệp TP HCM,7510203C,Công nghệ kỹ thuật cơ điện tử,A00,2025,23.5,,THPT
HUI,Đại học Công nghiệp TP HCM,7510203C,Công nghệ kỹ thuật cơ điện tử,A01,2025,23.5,,THPT
HUI,Đại học Công nghiệp TP HCM,7510205,Công nghệ kỹ thuật ô tô,A00,2025,25.0,,THPT
HUI,Đại học Công nghiệp TP HCM,7510205,Công nghệ kỹ thuật ô tô,A01,2025,25.0,,THPT
HUI,Đại học Công nghiệp TP HCM,7510205C,Công nghệ kỹ thuật ô tô (hệ CLC tiếng Việt),A00,2025,23.25,,THPT
HUI,Đại học Công nghiệp TP HCM,7510205C,Công nghệ kỹ thuật ô tô (hệ CLC tiếng Việt),A01,2025,23.25,,THPT
HUI,Đại học Công nghiệp TP HCM,7510206,Công nghệ kỹ thuật nhiệt,A00,2025,22.25,,THPT
HUI,Đại học Công nghiệp TP HCM,7510206,Công nghệ kỹ thuật nhiệt,A01,2025,22.25,,THPT
HUI,Đại học Công nghiệp TP HCM,7510206C,Công nghệ kỳ thuật nhiệt (hệ CLC tiếng Việt),A00,2025,19.0,,THPT
HUI,Đại học Công nghiệp TP HCM,7510206C,Công nghệ kỳ thuật nhiệt (hệ CLC tiếng Việt),A01,2025,19.0,,THPT
HUI,Đại học Công nghiệp TP HCM,7510301,"Công nghệ kỹ thuật điện, điện tử",A00,2025,25.25,,THPT
HUI,Đại học Công nghiệp TP HCM,7510301,"Công nghệ kỹ thuật điện, điện tử",A01,2025,25.25,,THPT
HUI,Đại học Công nghiệp TP HCM,7510301C,"Công nghệ kỹ thuật điện, điện lử",A00,2025,23.0,,THPT
HUI,Đại học Công nghiệp TP HCM,7510301C,"Công nghệ kỹ thuật điện, điện lử",A01,2025,23.0,,THPT
HUI,Đại học Công nghiệp TP HCM,7510302,Điện tử - viễn thông,A00,2025,24.25,,THPT
HUI,Đại học Công nghiệp TP HCM,7510302,Điện tử - viễn thông,A01,2025,24.25,,THPT
HUI,Đại học Công nghiệp TP HCM,7510302C,Công nghệ kỹ thuật điện tử - viễn Ihông,A00,2025,22.0,,THPT
HUI,Đại học Công nghiệp TP HCM,7510302C,Công nghệ kỹ thuật điện tử - viễn Ihông,A01,2025,22.0,,THPT
HUI,Đại học Công nghiệp TP HCM,7510303,Công nghệ kỹ thuật điều khiển và tự động hóa,A00,2025,26.5,,THPT
HUI,Đại học Công nghiệp TP HCM,7510303,Công nghệ kỹ thuật điều khiển và tự động hóa,A01,2025,26.5,,THPT
HUI,Đại học Công nghiệp TP HCM,7510303C,Công nghệ kỳ thuật điều khiên và tự động hoả (hệ (’hất lượng cao ticng Việt),A00,2025,23.75,,THPT
HUI,Đại học Công nghiệp TP HCM,7510303C,Công nghệ kỳ thuật điều khiên và tự động hoả (hệ (’hất lượng cao ticng Việt),A01,2025,23.75,,THPT
HUI,Đại học Công nghiệp TP HCM,7510401,Công nghệ kỹ thuật hoá học,A00,2025,24.0,,THPT
HUI,Đại học Công nghiệp TP HCM,7510401,Công nghệ kỹ thuật hoá học,B00,2025,24.0,,THPT
HUI,Đại học Công nghiệp TP HCM,7510401,Công nghệ kỹ thuật hoá học,D07,2025,24.0,,THPT
HUI,Đại học Công nghiệp TP HCM,7510401C,Công nghệ kỹ thuật hoá học (Chương trình chất lượng cao),A00,2025,20.0,,THPT
HUI,Đại học Công nghiệp TP HCM,7510401C,Công nghệ kỹ thuật hoá học (Chương trình chất lượng cao),B00,2025,20.0,,THPT
HUI,Đại học Công nghiệp TP HCM,7510401C,Công nghệ kỹ thuật hoá học (Chương trình chất lượng cao),D07,2025,20.0,,THPT
HUI,Đại học Công nghiệp TP HCM,7510406,Công nghệ kỹ thuật Môi trường,A00,2025,18.0,,THPT
HUI,Đại học Công nghiệp TP HCM,7510406,Công nghệ kỹ thuật Môi trường,B00,2025,18.0,,THPT
HUI,Đại học Công nghiệp TP HCM,7510406,Công nghệ kỹ thuật Môi trường,D07,2025,18.0,,THPT
HUI,Đại học Công nghiệp TP HCM,7540101,Công nghệ thực phẩm,A00,2025,21.5,,THPT
HUI,Đại học Công nghiệp TP HCM,7540101,Công nghệ thực phẩm,B00,2025,21.5,,THPT
HUI,Đại học Công nghiệp TP HCM,7540101,Công nghệ thực phẩm,D07,2025,21.5,,THPT
HUI,Đại học Công nghiệp TP HCM,7540101C,Công nghệ thực phẳm,A00,2025,17.0,,THPT
HUI,Đại học Công nghiệp TP HCM,7540101C,Công nghệ thực phẳm,B00,2025,17.0,,THPT
HUI,Đại học Công nghiệp TP HCM,7540101C,Công nghệ thực phẳm,D07,2025,17.0,,THPT
HUI,Đại học Công nghiệp TP HCM,7540106,Đảm bảo chất lượng và an toàn thực phẩm,A00,2025,18.0,,THPT
HUI,Đại học Công nghiệp TP HCM,7540106,Đảm bảo chất lượng và an toàn thực phẩm,B00,2025,18.0,,THPT
HUI,Đại học Công nghiệp TP HCM,7540106,Đảm bảo chất lượng và an toàn thực phẩm,D07,2025,18.0,,THPT
HUI,Đại học Công nghiệp TP HCM,7540204,Công nghệ may,D01,2025,18.0,,THPT
HUI,Đại học Công nghiệp TP HCM,7580201,Kỹ thuật xây dựng,A00,2025,22.5,,THPT
HUI,Đại học Công nghiệp TP HCM,7580201,Kỹ thuật xây dựng,A01,2025,22.5,,THPT
HUI,Đại học Công nghiệp TP HCM,7580205,Kỹ thuật xây dựng công trình giao thông,A00,2025,19.0,,THPT
HUI,Đại học Công nghiệp TP HCM,7580205,Kỹ thuật xây dựng công trình giao thông,A01,2025,19.0,,THPT
HUI,Đại học Công nghiệp TP HCM,7580302,Quản lý xây dựng,A00,2025,22.25,,THPT
HUI,Đại học Công nghiệp TP HCM,7580302,Quản lý xây dựng,A01,2025,22.25,,THPT
HUI,Đại học Công nghiệp TP HCM,7720201,Dược học,A00,2025,23.75,,THPT
HUI,Đại học Công nghiệp TP HCM,7720201,Dược học,B00,2025,23.75,,THPT
HUI,Đại học Công nghiệp TP HCM,7720201,Dược học,D07,2025,23.75,,THPT
HUI,Đại học Công nghiệp TP HCM,7720497,Dinh dưỡng và khoa học thực phẩm,A00,2025,18.0,,THPT
HUI,Đại học Công nghiệp TP HCM,7720497,Dinh dưỡng và khoa học thực phẩm,B00,2025,18.0,,THPT
HUI,Đại học Công nghiệp TP HCM,7720497,Dinh dưỡng và khoa học thực phẩm,D07,2025,18.0,,THPT
HUI,Đại học Công nghiệp TP HCM,7810103,Quản trị dịch vụ du lịch và lữ hành,A01,2025,22.75,,THPT
HUI,Đại học Công nghiệp TP HCM,7810103,Quản trị dịch vụ du lịch và lữ hành,D01,2025,22.75,,THPT
HUI,Đại học Công nghiệp TP HCM,7810103,Quản trị dịch vụ du lịch và lữ hành,D09,2025,22.75,,THPT
HUI,Đại học Công nghiệp TP HCM,7810103,Quản trị dịch vụ du lịch và lữ hành,D10,2025,22.75,,THPT
HUI,Đại học Công nghiệp TP HCM,7810103C,Quản trị dịch vụ du lịch và lữ hành,A01,2025,21.5,,THPT
HUI,Đại học Công nghiệp TP HCM,7810103C,Quản trị dịch vụ du lịch và lữ hành,D01,2025,21.5,,THPT
HUI,Đại học Công nghiệp TP HCM,7810103C,Quản trị dịch vụ du lịch và lữ hành,D09,2025,21.5,,THPT
HUI,Đại học Công nghiệp TP HCM,7810103C,Quản trị dịch vụ du lịch và lữ hành,D10,2025,21.5,,THPT
HUI,Đại học Công nghiệp TP HCM,7850101,Quản lý tài nguyên và môi trường,D10,2025,18.0,,THPT
HUI,Đại học Công nghiệp TP HCM,7850103,Quản lý đất đai,D01,2025,18.0,,THPT
HVC,Học viện Cán bộ TP HCM,7310201,Chính trị học,A01,2025,22.5,,THPT
HVC,Học viện cán bộ TPHCM,7310201,Chính trị học,A01,2025,22.5,,THPT
HVC,Học viện cán bộ TPHCM,7310201,Chính trị học,C00,2025,22.5,,THPT
HVC,Học viện Cán bộ TP HCM,7310201,Chính trị học,C00,2025,22.5,,THPT
HVC,Học viện cán bộ TPHCM,7310201,Chính trị học,D01,2025,22.5,,THPT
HVC,Học viện Cán bộ TP HCM,7310201,Chính trị học,D01,2025,22.5,,THPT
HVC,Học viện Cán bộ TP HCM,7310202,Xây dựng Đảng và Chính quyền nhà nước,A01,2025,23.25,,THPT
HVC,Học viện cán bộ TPHCM,7310202,Xây dựng Đảng và Chính quyền nhà nước,A01,2025,23.25,,THPT
HVC,Học viện cán bộ TPHCM,7310202,Xây dựng Đảng và Chính quyền nhà nước,C00,2025,23.25,,THPT
HVC,Học viện Cán bộ TP HCM,7310202,Xây dựng Đảng và Chính quyền nhà nước,C00,2025,23.25,,THPT
HVC,Học viện cán bộ TPHCM,7310202,Xây dựng Đảng và Chính quyền nhà nước,D01,2025,23.25,,THPT
HVC,Học viện Cán bộ TP HCM,7310202,Xây dựng Đảng và Chính quyền nhà nước,D01,2025,23.25,,THPT
HVC,Học viện Cán bộ TP HCM,7310205,Quản lý nhà nước,A00,2025,23.5,,THPT
HVC,Học viện cán bộ TPHCM,7310205,Quản lý nhà nước,A00,2025,23.5,,THPT
HVC,Học viện cán bộ TPHCM,7310205,Quản lý nhà nước,A01,2025,23.5,,THPT
HVC,Học viện Cán bộ TP HCM,7310205,Quản lý nhà nước,A01,2025,23.5,,THPT
HVC,Học viện cán bộ TPHCM,7310205,Quản lý nhà nước,C00,2025,23.5,,THPT
HVC,Học viện Cán bộ TP HCM,7310205,Quản lý nhà nước,C00,2025,23.5,,THPT
HVC,Học viện cán bộ TPHCM,7310205,Quản lý nhà nước,D01,2025,23.5,,THPT
HVC,Học viện Cán bộ TP HCM,7310205,Quản lý nhà nước,D01,2025,23.5,,THPT
HVC,Học viện Cán bộ TP HCM,7380101,Ngành Luật,A00,2025,24.0,,THPT
HVC,Học viện cán bộ TPHCM,7380101,Luật,A00,2025,24.0,,THPT
HVC,Học viện cán bộ TPHCM,7380101,Luật,A01,2025,24.0,,THPT
HVC,Học viện Cán bộ TP HCM,7380101,Ngành Luật,A01,2025,24.0,,THPT
HVC,Học viện cán bộ TPHCM,7380101,Luật,C00,2025,24.0,,THPT
HVC,Học viện Cán bộ TP HCM,7380101,Ngành Luật,C00,2025,24.0,,THPT
HVC,Học viện cán bộ TPHCM,7380101,Luật,D01,2025,24.0,,THPT
HVC,Học viện Cán bộ TP HCM,7380101,Ngành Luật,D01,2025,24.0,,THPT
HVC,Học viện Cán bộ TP HCM,7760101,Công tác xã hội,A01,2025,22.5,,THPT
HVC,Học viện cán bộ TPHCM,7760101,Công tác xã hội,A01,2025,22.5,,THPT
HVC,Học viện cán bộ TPHCM,7760101,Công tác xã hội,C00,2025,22.5,,THPT
HVC,Học viện Cán bộ TP HCM,7760101,Công tác xã hội,C00,2025,22.5,,THPT
HVC,Học viện cán bộ TPHCM,7760101,Công tác xã hội,D01,2025,22.5,,THPT
HVC,Học viện Cán bộ TP HCM,7760101,Công tác xã hội,D01,2025,22.5,,THPT
HVD,Học Viện Dân Tộc,TS2025,Kinh tế giáo dục vùng dân tộc thiểu số,C00,2025,15.0,,THPT
HVD,Học Viện Dân Tộc,TS2025,Kinh tế giáo dục vùng dân tộc thiểu số,D01,2025,15.0,,THPT
HVN,Học viện Nông nghiệp Việt Nam,HVN01,Thú y,A00,2025,20.5,,THPT
HVN,Học Viện Nông Nghiệp Việt Nam,HVN01,Thú y,A00,2025,20.5,,THPT
HVN,Học Viện Nông Nghiệp Việt Nam,HVN01,Thú y,A01,2025,20.5,,THPT
HVN,Học viện Nông nghiệp Việt Nam,HVN01,Thú y,A01,2025,20.5,,THPT
HVN,Học Viện Nông Nghiệp Việt Nam,HVN01,Thú y,B00,2025,20.5,,THPT
HVN,Học viện Nông nghiệp Việt Nam,HVN01,Thú y,B00,2025,20.5,,THPT
HVN,Học Viện Nông Nghiệp Việt Nam,HVN01,Thú y,D01,2025,20.5,,THPT
HVN,Học viện Nông nghiệp Việt Nam,HVN01,Thú y,D01,2025,20.5,,THPT
HVN,Học Viện Nông Nghiệp Việt Nam,HVN01,Thú y,D07,2025,20.5,,THPT
HVN,Học viện Nông nghiệp Việt Nam,HVN01,Thú y,D07,2025,20.5,,THPT
HVN,Học viện Nông nghiệp Việt Nam,HVN02,Chăn nuôi thú y - thuỷ sản,A00,2025,17.0,,THPT
HVN,Học Viện Nông Nghiệp Việt Nam,HVN02,Chăn nuôi thú y - Thủy sản,A00,2025,17.0,,THPT
HVN,Học Viện Nông Nghiệp Việt Nam,HVN02,Chăn nuôi thú y - Thủy sản,A01,2025,17.0,,THPT
HVN,Học viện Nông nghiệp Việt Nam,HVN02,Chăn nuôi thú y - thuỷ sản,A01,2025,17.0,,THPT
HVN,Học Viện Nông Nghiệp Việt Nam,HVN02,Chăn nuôi thú y - Thủy sản,B00,2025,17.0,,THPT
HVN,Học viện Nông nghiệp Việt Nam,HVN02,Chăn nuôi thú y - thuỷ sản,B00,2025,17.0,,THPT
HVN,Học Viện Nông Nghiệp Việt Nam,HVN02,Chăn nuôi thú y - Thủy sản,D01,2025,17.0,,THPT
HVN,Học viện Nông nghiệp Việt Nam,HVN02,Chăn nuôi thú y - thuỷ sản,D01,2025,17.0,,THPT
HVN,Học Viện Nông Nghiệp Việt Nam,HVN02,Chăn nuôi thú y - Thủy sản,D07,2025,17.0,,THPT
HVN,Học viện Nông nghiệp Việt Nam,HVN02,Chăn nuôi thú y - thuỷ sản,D07,2025,17.0,,THPT
HVN,Học viện Nông nghiệp Việt Nam,HVN03,Nông nghiệp sinh thái và Nông nghiệp đô thị,A00,2025,17.0,,THPT
HVN,Học Viện Nông Nghiệp Việt Nam,HVN03,Nông nghiệp và Cảnh quan,A00,2025,17.0,,THPT
HVN,Học Viện Nông Nghiệp Việt Nam,HVN03,Nông nghiệp và Cảnh quan,A01,2025,17.0,,THPT
HVN,Học viện Nông nghiệp Việt Nam,HVN03,Nông nghiệp sinh thái và Nông nghiệp đô thị,A01,2025,17.0,,THPT
HVN,Học Viện Nông Nghiệp Việt Nam,HVN03,Nông nghiệp và Cảnh quan,B00,2025,17.0,,THPT
HVN,Học viện Nông nghiệp Việt Nam,HVN03,Nông nghiệp sinh thái và Nông nghiệp đô thị,B00,2025,17.0,,THPT
HVN,Học Viện Nông Nghiệp Việt Nam,HVN03,Nông nghiệp và Cảnh quan,D01,2025,17.0,,THPT
HVN,Học viện Nông nghiệp Việt Nam,HVN03,Nông nghiệp sinh thái và Nông nghiệp đô thị,D01,2025,17.0,,THPT
HVN,Học Viện Nông Nghiệp Việt Nam,HVN03,Nông nghiệp và Cảnh quan,D07,2025,17.0,,THPT
HVN,Học viện Nông nghiệp Việt Nam,HVN03,Nông nghiệp sinh thái và Nông nghiệp đô thị,D07,2025,17.0,,THPT
HVN,Học viện Nông nghiệp Việt Nam,HVN04,Công nghệ kỹ thuật ô tô và Cơ điện tử,A00,2025,21.0,,THPT
HVN,Học Viện Nông Nghiệp Việt Nam,HVN04,Công nghệ kỹ thuật ô tô và Cơ điện tử,A00,2025,21.0,,THPT
HVN,Học Viện Nông Nghiệp Việt Nam,HVN04,Công nghệ kỹ thuật ô tô và Cơ điện tử,A01,2025,21.0,,THPT
HVN,Học viện Nông nghiệp Việt Nam,HVN04,Công nghệ kỹ thuật ô tô và Cơ điện tử,A01,2025,21.0,,THPT
HVN,Học Viện Nông Nghiệp Việt Nam,HVN04,Công nghệ kỹ thuật ô tô và Cơ điện tử,D01,2025,21.0,,THPT
HVN,Học viện Nông nghiệp Việt Nam,HVN04,Công nghệ kỹ thuật ô tô và Cơ điện tử,D01,2025,21.0,,THPT
HVN,Học viện Nông nghiệp Việt Nam,HVN05,Kỹ thuật cơ khí,A00,2025,21.5,,THPT
HVN,Học Viện Nông Nghiệp Việt Nam,HVN05,Kỹ thuật cơ khí,A00,2025,21.5,,THPT
HVN,Học Viện Nông Nghiệp Việt Nam,HVN05,Kỹ thuật cơ khí,A01,2025,21.5,,THPT
HVN,Học viện Nông nghiệp Việt Nam,HVN05,Kỹ thuật cơ khí,A01,2025,21.5,,THPT
HVN,Học Viện Nông Nghiệp Việt Nam,HVN05,Kỹ thuật cơ khí,D01,2025,21.5,,THPT
HVN,Học viện Nông nghiệp Việt Nam,HVN05,Kỹ thuật cơ khí,D01,2025,21.5,,THPT
HVN,Học viện Nông nghiệp Việt Nam,HVN06,"Kỹ thuật điện, Điện tử và Tự động hoá",A00,2025,22.0,,THPT
HVN,Học Viện Nông Nghiệp Việt Nam,HVN06,"Kỹ thuật điện, Điện tử và Tự động hóa",A00,2025,22.0,,THPT
HVN,Học Viện Nông Nghiệp Việt Nam,HVN06,"Kỹ thuật điện, Điện tử và Tự động hóa",A01,2025,22.0,,THPT
HVN,Học viện Nông nghiệp Việt Nam,HVN06,"Kỹ thuật điện, Điện tử và Tự động hoá",A01,2025,22.0,,THPT
HVN,Học Viện Nông Nghiệp Việt Nam,HVN06,"Kỹ thuật điện, Điện tử và Tự động hóa",D01,2025,22.0,,THPT
HVN,Học viện Nông nghiệp Việt Nam,HVN06,"Kỹ thuật điện, Điện tử và Tự động hoá",D01,2025,22.0,,THPT
HVN,Học viện Nông nghiệp Việt Nam,HVN07,Logistics và Quản lý chuỗi cung ứng,A00,2025,21.0,,THPT
HVN,Học Viện Nông Nghiệp Việt Nam,HVN07,Logistics và Quản lý chuỗi cung ứng,A00,2025,21.0,,THPT
HVN,Học Viện Nông Nghiệp Việt Nam,HVN07,Logistics và Quản lý chuỗi cung ứng,A01,2025,21.0,,THPT
HVN,Học viện Nông nghiệp Việt Nam,HVN07,Logistics và Quản lý chuỗi cung ứng,A01,2025,21.0,,THPT
HVN,Học Viện Nông Nghiệp Việt Nam,HVN07,Logistics và Quản lý chuỗi cung ứng,D01,2025,21.0,,THPT
HVN,Học viện Nông nghiệp Việt Nam,HVN07,Logistics và Quản lý chuỗi cung ứng,D01,2025,21.0,,THPT
HVN,Học viện Nông nghiệp Việt Nam,HVN08,"Quản trị kinh doanh, Thương mại và Du lịch",A00,2025,17.0,,THPT
HVN,Học Viện Nông Nghiệp Việt Nam,HVN08,"Kế toán, Quản trị kinh doanh và Thương mại",A00,2025,17.0,,THPT
HVN,Học Viện Nông Nghiệp Việt Nam,HVN08,"Kế toán, Quản trị kinh doanh và Thương mại",A01,2025,17.0,,THPT
HVN,Học viện Nông nghiệp Việt Nam,HVN08,"Quản trị kinh doanh, Thương mại và Du lịch",A01,2025,17.0,,THPT
HVN,Học Viện Nông Nghiệp Việt Nam,HVN08,"Kế toán, Quản trị kinh doanh và Thương mại",D01,2025,17.0,,THPT
HVN,Học viện Nông nghiệp Việt Nam,HVN08,"Quản trị kinh doanh, Thương mại và Du lịch",D01,2025,17.0,,THPT
HVN,Học viện Nông nghiệp Việt Nam,HVN09,Công nghệ sinh học và Công nghệ dược liệu,A00,2025,20.5,,THPT
HVN,Học Viện Nông Nghiệp Việt Nam,HVN09,Công nghệ sinh học và Công nghệ dược liệu,A00,2025,20.5,,THPT
HVN,Học Viện Nông Nghiệp Việt Nam,HVN09,Công nghệ sinh học và Công nghệ dược liệu,A01,2025,20.5,,THPT
HVN,Học viện Nông nghiệp Việt Nam,HVN09,Công nghệ sinh học và Công nghệ dược liệu,A01,2025,20.5,,THPT
HVN,Học Viện Nông Nghiệp Việt Nam,HVN09,Công nghệ sinh học và Công nghệ dược liệu,B00,2025,20.5,,THPT
HVN,Học viện Nông nghiệp Việt Nam,HVN09,Công nghệ sinh học và Công nghệ dược liệu,B00,2025,20.5,,THPT
HVN,Học Viện Nông Nghiệp Việt Nam,HVN09,Công nghệ sinh học và Công nghệ dược liệu,D01,2025,20.5,,THPT
HVN,Học viện Nông nghiệp Việt Nam,HVN09,Công nghệ sinh học và Công nghệ dược liệu,D01,2025,20.5,,THPT
HVN,Học viện Nông nghiệp Việt Nam,HVN10,Công nghệ thực phẩm và Chế biến,A00,2025,21.0,,THPT
HVN,Học Viện Nông Nghiệp Việt Nam,HVN10,Công nghệ thực phẩm và Chế biến,A00,2025,21.0,,THPT
HVN,Học Viện Nông Nghiệp Việt Nam,HVN10,Công nghệ thực phẩm và Chế biến,A01,2025,21.0,,THPT
HVN,Học viện Nông nghiệp Việt Nam,HVN10,Công nghệ thực phẩm và Chế biến,A01,2025,21.0,,THPT
HVN,Học Viện Nông Nghiệp Việt Nam,HVN10,Công nghệ thực phẩm và Chế biến,B00,2025,21.0,,THPT
HVN,Học viện Nông nghiệp Việt Nam,HVN10,Công nghệ thực phẩm và Chế biến,B00,2025,21.0,,THPT
HVN,Học Viện Nông Nghiệp Việt Nam,HVN10,Công nghệ thực phẩm và Chế biến,D01,2025,21.0,,THPT
HVN,Học viện Nông nghiệp Việt Nam,HVN10,Công nghệ thực phẩm và Chế biến,D01,2025,21.0,,THPT
HVN,Học Viện Nông Nghiệp Việt Nam,HVN10,Công nghệ thực phẩm và Chế biến,D07,2025,21.0,,THPT
HVN,Học viện Nông nghiệp Việt Nam,HVN10,Công nghệ thực phẩm và Chế biến,D07,2025,21.0,,THPT
HVN,Học viện Nông nghiệp Việt Nam,HVN11,Kinh tế và Quản lý,A00,2025,17.0,,THPT
HVN,Học Viện Nông Nghiệp Việt Nam,HVN11,Kinh tế và Quản lý,A00,2025,17.0,,THPT
HVN,Học Viện Nông Nghiệp Việt Nam,HVN11,Kinh tế và Quản lý,A01,2025,17.0,,THPT
HVN,Học viện Nông nghiệp Việt Nam,HVN11,Kinh tế và Quản lý,A01,2025,17.0,,THPT
HVN,Học Viện Nông Nghiệp Việt Nam,HVN11,Kinh tế và Quản lý,D01,2025,17.0,,THPT
HVN,Học viện Nông nghiệp Việt Nam,HVN11,Kinh tế và Quản lý,D01,2025,17.0,,THPT
HVN,Học viện Nông nghiệp Việt Nam,HVN12,Xã hội học,C00,2025,22.0,,THPT
HVN,Học Viện Nông Nghiệp Việt Nam,HVN12,Xã hội học,C00,2025,22.0,,THPT
HVN,Học Viện Nông Nghiệp Việt Nam,HVN12,Xã hội học,D01,2025,22.0,,THPT
HVN,Học viện Nông nghiệp Việt Nam,HVN12,Xã hội học,D01,2025,22.0,,THPT
HVN,Học viện Nông nghiệp Việt Nam,HVN13,Luật,C00,2025,23.3,,THPT
HVN,Học Viện Nông Nghiệp Việt Nam,HVN13,Luật,C00,2025,23.3,,THPT
HVN,Học Viện Nông Nghiệp Việt Nam,HVN13,Luật,D01,2025,23.3,,THPT
HVN,Học viện Nông nghiệp Việt Nam,HVN13,Luật,D01,2025,23.3,,THPT
HVN,Học viện Nông nghiệp Việt Nam,HVN14,Công nghệ thông tin và Kỹ thuật số,A00,2025,19.6,,THPT
HVN,Học Viện Nông Nghiệp Việt Nam,HVN14,Công nghệ thông tin và Kỹ thuật số,A00,2025,19.6,,THPT
HVN,Học Viện Nông Nghiệp Việt Nam,HVN14,Công nghệ thông tin và Kỹ thuật số,A01,2025,19.6,,THPT
HVN,Học viện Nông nghiệp Việt Nam,HVN14,Công nghệ thông tin và Kỹ thuật số,A01,2025,19.6,,THPT
HVN,Học Viện Nông Nghiệp Việt Nam,HVN14,Công nghệ thông tin và Kỹ thuật số,D01,2025,19.6,,THPT
HVN,Học viện Nông nghiệp Việt Nam,HVN14,Công nghệ thông tin và Kỹ thuật số,D01,2025,19.6,,THPT
HVN,Học viện Nông nghiệp Việt Nam,HVN15,"Quản lý đất đai, Bất động sản và Môi trường",A00,2025,18.3,,THPT
HVN,Học Viện Nông Nghiệp Việt Nam,HVN15,"Quản lý đất đai, Bất động sản và Môi trường",A00,2025,18.3,,THPT
HVN,Học Viện Nông Nghiệp Việt Nam,HVN15,"Quản lý đất đai, Bất động sản và Môi trường",A01,2025,18.3,,THPT
HVN,Học viện Nông nghiệp Việt Nam,HVN15,"Quản lý đất đai, Bất động sản và Môi trường",A01,2025,18.3,,THPT
HVN,Học Viện Nông Nghiệp Việt Nam,HVN15,"Quản lý đất đai, Bất động sản và Môi trường",D01,2025,18.3,,THPT
HVN,Học viện Nông nghiệp Việt Nam,HVN15,"Quản lý đất đai, Bất động sản và Môi trường",D01,2025,18.3,,THPT
HVN,Học viện Nông nghiệp Việt Nam,HVN16,Khoa học môi trường,A00,2025,21.0,,THPT
HVN,Học Viện Nông Nghiệp Việt Nam,HVN16,Khoa học Môi trường,A00,2025,21.0,,THPT
HVN,Học Viện Nông Nghiệp Việt Nam,HVN16,Khoa học Môi trường,A01,2025,21.0,,THPT
HVN,Học viện Nông nghiệp Việt Nam,HVN16,Khoa học môi trường,A01,2025,21.0,,THPT
HVN,Học Viện Nông Nghiệp Việt Nam,HVN16,Khoa học Môi trường,B00,2025,21.0,,THPT
HVN,Học viện Nông nghiệp Việt Nam,HVN16,Khoa học môi trường,B00,2025,21.0,,THPT
HVN,Học Viện Nông Nghiệp Việt Nam,HVN16,Khoa học Môi trường,D01,2025,21.0,,THPT
HVN,Học viện Nông nghiệp Việt Nam,HVN16,Khoa học môi trường,D01,2025,21.0,,THPT
HVN,Học Viện Nông Nghiệp Việt Nam,HVN16,Khoa học Môi trường,D07,2025,21.0,,THPT
HVN,Học viện Nông nghiệp Việt Nam,HVN16,Khoa học môi trường,D07,2025,21.0,,THPT
HVN,Học viện Nông nghiệp Việt Nam,HVN17,Ngôn ngữ Anh,A01,2025,21.2,,THPT
HVN,Học Viện Nông Nghiệp Việt Nam,HVN17,Ngôn ngữ Anh,A01,2025,21.2,,THPT
HVN,Học Viện Nông Nghiệp Việt Nam,HVN17,Ngôn ngữ Anh,D01,2025,21.2,,THPT
HVN,Học viện Nông nghiệp Việt Nam,HVN17,Ngôn ngữ Anh,D01,2025,21.2,,THPT
HVN,Học Viện Nông Nghiệp Việt Nam,HVN17,Ngôn ngữ Anh,D09,2025,21.2,,THPT
HVN,Học viện Nông nghiệp Việt Nam,HVN17,Ngôn ngữ Anh,D09,2025,21.2,,THPT
HVN,Học Viện Nông Nghiệp Việt Nam,HVN17,Ngôn ngữ Anh,D10,2025,21.2,,THPT
HVN,Học viện Nông nghiệp Việt Nam,HVN17,Ngôn ngữ Anh,D10,2025,21.2,,THPT
HVN,Học viện Nông nghiệp Việt Nam,HVN18,Sư phạm công nghệ,A00,2025,24.1,,THPT
HVN,Học Viện Nông Nghiệp Việt Nam,HVN18,Sư phạm Công nghệ,A00,2025,24.1,,THPT
HVN,Học Viện Nông Nghiệp Việt Nam,HVN18,Sư phạm Công nghệ,A01,2025,24.1,,THPT
HVN,Học viện Nông nghiệp Việt Nam,HVN18,Sư phạm công nghệ,A01,2025,24.1,,THPT
HVN,Học Viện Nông Nghiệp Việt Nam,HVN18,Sư phạm Công nghệ,B00,2025,24.1,,THPT
HVN,Học viện Nông nghiệp Việt Nam,HVN18,Sư phạm công nghệ,B00,2025,24.1,,THPT
HVN,Học Viện Nông Nghiệp Việt Nam,HVN18,Sư phạm Công nghệ,D01,2025,24.1,,THPT
HVN,Học viện Nông nghiệp Việt Nam,HVN18,Sư phạm công nghệ,D01,2025,24.1,,THPT
HVN,Học viện Nông nghiệp Việt Nam,HVN19,Quản lý đất đai và bất động sản,A00,2025,23.3,,THPT
HVN,Học Viện Nông Nghiệp Việt Nam,HVN19,Du lịch,A00,2025,23.3,,THPT
HVN,Học Viện Nông Nghiệp Việt Nam,HVN19,Du lịch,A01,2025,23.3,,THPT
HVN,Học viện Nông nghiệp Việt Nam,HVN19,Quản lý đất đai và bất động sản,A01,2025,23.3,,THPT
HVN,Học Viện Nông Nghiệp Việt Nam,HVN19,Du lịch,D01,2025,23.3,,THPT
HVN,Học viện Nông nghiệp Việt Nam,HVN19,Quản lý đất đai và bất động sản,D01,2025,23.3,,THPT
HVQ,Học viện Quản Lý Giáo Dục,7140101,Giáo dục học,A00,2025,24.83,,THPT
HVQ,Học Viện Quản Lý Giáo Dục,7140101,Giáo dục học (GD trẻ rối loạn phát triển),A00,2025,24.83,,THPT
HVQ,Học Viện Quản Lý Giáo Dục,7140101,Giáo dục học (GD trẻ rối loạn phát triển),B00,2025,24.83,,THPT
HVQ,Học viện Quản Lý Giáo Dục,7140101,Giáo dục học,B00,2025,24.83,,THPT
HVQ,Học Viện Quản Lý Giáo Dục,7140101,Giáo dục học (GD trẻ rối loạn phát triển),C00,2025,24.83,,THPT
HVQ,Học viện Quản Lý Giáo Dục,7140101,Giáo dục học,C00,2025,24.83,,THPT
HVQ,Học Viện Quản Lý Giáo Dục,7140101,Giáo dục học (GD trẻ rối loạn phát triển),D01,2025,24.83,,THPT
HVQ,Học viện Quản Lý Giáo Dục,7140101,Giáo dục học,D01,2025,24.83,,THPT
HVQ,Học viện Quản Lý Giáo Dục,7140114,Quản lý giáo dục,A00,2025,24.68,,THPT
HVQ,Học Viện Quản Lý Giáo Dục,7140114,Quản lý giáo dục,A00,2025,24.68,,THPT
HVQ,Học Viện Quản Lý Giáo Dục,7140114,Quản lý giáo dục,A01,2025,24.68,,THPT
HVQ,Học viện Quản Lý Giáo Dục,7140114,Quản lý giáo dục,A01,2025,24.68,,THPT
HVQ,Học Viện Quản Lý Giáo Dục,7140114,Quản lý giáo dục,C00,2025,24.68,,THPT
HVQ,Học viện Quản Lý Giáo Dục,7140114,Quản lý giáo dục,C00,2025,24.68,,THPT
HVQ,Học Viện Quản Lý Giáo Dục,7140114,Quản lý giáo dục,D01,2025,24.68,,THPT
HVQ,Học viện Quản Lý Giáo Dục,7140114,Quản lý giáo dục,D01,2025,24.68,,THPT
HVQ,Học viện Quản Lý Giáo Dục,7220201,Ngôn ngữ Anh,A01,2025,25.5,,THPT
HVQ,Học Viện Quản Lý Giáo Dục,7220201,Ngôn ngữ Anh,A01,2025,25.5,,THPT
HVQ,Học Viện Quản Lý Giáo Dục,7220201,Ngôn ngữ Anh,D01,2025,25.5,,THPT
HVQ,Học viện Quản Lý Giáo Dục,7220201,Ngôn ngữ Anh,D01,2025,25.5,,THPT
HVQ,Học Viện Quản Lý Giáo Dục,7220201,Ngôn ngữ Anh,D10,2025,25.5,,THPT
HVQ,Học viện Quản Lý Giáo Dục,7220201,Ngôn ngữ Anh,D10,2025,25.5,,THPT
HVQ,Học viện Quản Lý Giáo Dục,7310101,Kinh tế,A00,2025,21.46,,THPT
HVQ,Học Viện Quản Lý Giáo Dục,7310101,Kinh tế,A00,2025,21.4625,,THPT
HVQ,Học Viện Quản Lý Giáo Dục,7310101,Kinh tế,A01,2025,21.4625,,THPT
HVQ,Học viện Quản Lý Giáo Dục,7310101,Kinh tế,A01,2025,21.46,,THPT
HVQ,Học Viện Quản Lý Giáo Dục,7310101,Kinh tế,D01,2025,21.4625,,THPT
HVQ,Học viện Quản Lý Giáo Dục,7310101,Kinh tế,D01,2025,21.46,,THPT
HVQ,Học Viện Quản Lý Giáo Dục,7310101,Kinh tế,D10,2025,21.4625,,THPT
HVQ,Học viện Quản Lý Giáo Dục,7310101,Kinh tế,D10,2025,21.46,,THPT
HVQ,Học viện Quản Lý Giáo Dục,7310403,Tâm lý học giáo dục,A00,2025,24.87,,THPT
HVQ,Học Viện Quản Lý Giáo Dục,7310403,Tâm lý học giáo dục,A00,2025,24.87,,THPT
HVQ,Học Viện Quản Lý Giáo Dục,7310403,Tâm lý học giáo dục,B00,2025,24.87,,THPT
HVQ,Học viện Quản Lý Giáo Dục,7310403,Tâm lý học giáo dục,B00,2025,24.87,,THPT
HVQ,Học Viện Quản Lý Giáo Dục,7310403,Tâm lý học giáo dục,C00,2025,24.87,,THPT
HVQ,Học viện Quản Lý Giáo Dục,7310403,Tâm lý học giáo dục,C00,2025,24.87,,THPT
HVQ,Học Viện Quản Lý Giáo Dục,7310403,Tâm lý học giáo dục,D01,2025,24.87,,THPT
HVQ,Học viện Quản Lý Giáo Dục,7310403,Tâm lý học giáo dục,D01,2025,24.87,,THPT
HVQ,Học viện Quản Lý Giáo Dục,7340101,Quản trị Kinh doanh,A00,2025,24.38,,THPT
HVQ,Học viện Quản Lý Giáo Dục,7340101,Quản trị Kinh doanh,A01,2025,24.38,,THPT
HVQ,Học viện Quản Lý Giáo Dục,7340101,Quản trị Kinh doanh,C00,2025,24.38,,THPT
HVQ,Học viện Quản Lý Giáo Dục,7340101,Quản trị Kinh doanh,D01,2025,24.38,,THPT
HVQ,Học Viện Quản Lý Giáo Dục,7340406,Quản trị văn phòng,A00,2025,24.38,,THPT
HVQ,Học Viện Quản Lý Giáo Dục,7340406,Quản trị văn phòng,A01,2025,24.38,,THPT
HVQ,Học Viện Quản Lý Giáo Dục,7340406,Quản trị văn phòng,C00,2025,24.38,,THPT
HVQ,Học Viện Quản Lý Giáo Dục,7340406,Quản trị văn phòng,D01,2025,24.38,,THPT
HVQ,Học viện Quản Lý Giáo Dục,7480201,Công nghệ thông tin,A00,2025,15.0,,THPT
HVQ,Học Viện Quản Lý Giáo Dục,7480201,Công nghệ thông tin,A00,2025,15.0,,THPT
HVQ,Học Viện Quản Lý Giáo Dục,7480201,Công nghệ thông tin,A01,2025,15.0,,THPT
HVQ,Học viện Quản Lý Giáo Dục,7480201,Công nghệ thông tin,A01,2025,15.0,,THPT
HVQ,Học Viện Quản Lý Giáo Dục,7480201,Công nghệ thông tin,D01,2025,15.0,,THPT
HVQ,Học viện Quản Lý Giáo Dục,7480201,Công nghệ thông tin,D01,2025,15.0,,THPT
HVQ,Học Viện Quản Lý Giáo Dục,7480201,Công nghệ thông tin,D10,2025,15.0,,THPT
HVQ,Học viện Quản Lý Giáo Dục,7480201,Công nghệ thông tin,D10,2025,15.0,,THPT
HYD,Học viện Y Dược học cổ truyền Việt Nam,7720101,Y khoa,B00,2025,24.25,,THPT
HYD,Học Viện Y Dược Học Cổ Truyền Việt Nam,7720101,Y khoa,B00,2025,24.25,,THPT
HYD,Học Viện Y Dược Học Cổ Truyền Việt Nam,7720101,Y khoa,D08,2025,24.25,,THPT
HYD,Học viện Y Dược học cổ truyền Việt Nam,7720101,Y khoa,D08,2025,24.25,,THPT
HYD,Học viện Y Dược học cổ truyền Việt Nam,7720115,Y học cổ truyền,B00,2025,21.0,,THPT
HYD,Học Viện Y Dược Học Cổ Truyền Việt Nam,7720115,Y học cổ truyền,B00,2025,21.0,,THPT
HYD,Học Viện Y Dược Học Cổ Truyền Việt Nam,7720115,Y học cổ truyền,D08,2025,21.0,,THPT
HYD,Học viện Y Dược học cổ truyền Việt Nam,7720115,Y học cổ truyền,D08,2025,21.0,,THPT
HYD,Học viện Y Dược học cổ truyền Việt Nam,7720201,Dược học,A00,2025,21.35,,THPT
HYD,Học Viện Y Dược Học Cổ Truyền Việt Nam,7720201,Dược học,A00,2025,21.35,,THPT
HYD,Học Viện Y Dược Học Cổ Truyền Việt Nam,7720201,Dược học,B00,2025,21.35,,THPT
HYD,Học viện Y Dược học cổ truyền Việt Nam,7720201,Dược học,B00,2025,21.35,,THPT
HYD,Học Viện Y Dược Học Cổ Truyền Việt Nam,7720201,Dược học,D07,2025,21.35,,THPT
HYD,Học viện Y Dược học cổ truyền Việt Nam,7720201,Dược học,D07,2025,21.35,,THPT
IUH,Trường Đại Học Công Nghiệp TPHCM,7210404,Thiết kế thời trang,D01,2025,22.0,,THPT
IUH,Trường Đại Học Công Nghiệp TPHCM,7220201,Nhóm ngành Ngôn ngữ gồm 02 ngành: Ngôn ngữ Anh; Ngôn ngữ Trung,D01,2025,23.25,,THPT
IUH,Trường Đại Học Công Nghiệp TPHCM,7340101,Quản trị kinh doanh (Đào tạo tại Quảng Ngãi),D01,2025,16.0,,THPT
IUH,Trường Đại Học Công Nghiệp TPHCM,7340101,Quản trị kinh doanh gồm 03 chuyên ngành: Quản trị kinh doanh; Quản trị nguồn nhân lực; Logistics và Quản lý chuỗi cung ứng,D01,2025,24.0,,THPT
IUH,Trường Đại Học Công Nghiệp TPHCM,7340101C,Quản trị kinh doanh (CT tăng cường TA),D01,2025,21.0,,THPT
IUH,Trường Đại Học Công Nghiệp TPHCM,7340115,Marketing gồm 02 chuyên ngành: Marketing; Digital Marketing,D01,2025,26.0,,THPT
IUH,Trường Đại Học Công Nghiệp TPHCM,7340115C,Marketing gồm 02 chuyên ngành: Marketing; Digital Marketing (CT tăng cường TA),D01,2025,22.5,,THPT
IUH,Trường Đại Học Công Nghiệp TPHCM,7340120,Kinh doanh quốc tế,A01,2025,25.0,,THPT
IUH,Trường Đại Học Công Nghiệp TPHCM,7340120,Kinh doanh quốc tế,D01,2025,25.0,,THPT
IUH,Trường Đại Học Công Nghiệp TPHCM,7340120,Kinh doanh quốc tế,D09,2025,25.0,,THPT
IUH,Trường Đại Học Công Nghiệp TPHCM,7340120,Kinh doanh quốc tế,D10,2025,25.0,,THPT
IUH,Trường Đại Học Công Nghiệp TPHCM,7340120C,Kinh doanh quốc tế (CT tăng cường TA),A01,2025,23.0,,THPT
IUH,Trường Đại Học Công Nghiệp TPHCM,7340120C,Kinh doanh quốc tế (CT tăng cường TA),D01,2025,23.0,,THPT
IUH,Trường Đại Học Công Nghiệp TPHCM,7340120C,Kinh doanh quốc tế (CT tăng cường TA),D09,2025,23.0,,THPT
IUH,Trường Đại Học Công Nghiệp TPHCM,7340120C,Kinh doanh quốc tế (CT tăng cường TA),D10,2025,23.0,,THPT
IUH,Trường Đại Học Công Nghiệp TPHCM,7340122,Thương mại điện tử,A01,2025,26.0,,THPT
IUH,Trường Đại Học Công Nghiệp TPHCM,7340122,Thương mại điện tử,D01,2025,26.0,,THPT
IUH,Trường Đại Học Công Nghiệp TPHCM,7340122,Thương mại điện tử,D09,2025,26.0,,THPT
IUH,Trường Đại Học Công Nghiệp TPHCM,7340122,Thương mại điện tử,D10,2025,26.0,,THPT
IUH,Trường Đại Học Công Nghiệp TPHCM,7340122C,Thương mại điện tử (CT tăng cường TA),A01,2025,23.25,,THPT
IUH,Trường Đại Học Công Nghiệp TPHCM,7340122C,Thương mại điện tử (CT tăng cường TA),D01,2025,23.25,,THPT
IUH,Trường Đại Học Công Nghiệp TPHCM,7340122C,Thương mại điện tử (CT tăng cường TA),D09,2025,23.25,,THPT
IUH,Trường Đại Học Công Nghiệp TPHCM,7340122C,Thương mại điện tử (CT tăng cường TA),D10,2025,23.25,,THPT
IUH,Trường Đại Học Công Nghiệp TPHCM,7340201,Nhóm Tài chính ngân hàng gồm 02 ngành: Ngân hàng; Công nghệ tài chính,D01,2025,24.0,,THPT
IUH,Trường Đại Học Công Nghiệp TPHCM,7340201C,Tài chính ngân hàng (CT tăng cường TA),D01,2025,20.0,,THPT
IUH,Trường Đại Học Công Nghiệp TPHCM,7340301,Kế toán (Đào tạo tại Quảng Ngãi),D01,2025,16.0,,THPT
IUH,Trường Đại Học Công Nghiệp TPHCM,7340301,Kế toán,D01,2025,22.75,,THPT
IUH,Trường Đại Học Công Nghiệp TPHCM,7340301C,Kế toán (CT tăng cường TA),D01,2025,17.0,,THPT
IUH,Trường Đại Học Công Nghiệp TPHCM,7340301Q,Kế toán tích hợp chứng chỉ quốc tế Advanced Diploma in Accounting & Business của Hiệp hội Kế toán công chứng Anh (ACCA),D01,2025,17.0,,THPT
IUH,Trường Đại Học Công Nghiệp TPHCM,7340302,Kiểm toán,D01,2025,22.5,,THPT
IUH,Trường Đại Học Công Nghiệp TPHCM,7340302C,Kiểm toán (CT tăng cường TA),D01,2025,17.0,,THPT
IUH,Trường Đại Học Công Nghiệp TPHCM,7340302Q,Kiểm toán tích hợp chứng chỉ quốc tế CFAB của Viện Kế toán Công chứng Anh và xứ Wales (ICAEW),D01,2025,17.0,,THPT
IUH,Trường Đại Học Công Nghiệp TPHCM,7380107,Luật kinh tế,C00,2025,25.25,,THPT
IUH,Trường Đại Học Công Nghiệp TPHCM,7380107,Luật kinh tế,D01,2025,25.25,,THPT
IUH,Trường Đại Học Công Nghiệp TPHCM,7380107,Luật kinh tế,D09,2025,25.25,,THPT
IUH,Trường Đại Học Công Nghiệp TPHCM,7380107,Luật kinh tế,D10,2025,25.25,,THPT
IUH,Trường Đại Học Công Nghiệp TPHCM,7380107C,Luật kinh tế (CT tăng cường TA),C00,2025,23.5,,THPT
IUH,Trường Đại Học Công Nghiệp TPHCM,7380107C,Luật kinh tế (CT tăng cường TA),D01,2025,23.5,,THPT
IUH,Trường Đại Học Công Nghiệp TPHCM,7380107C,Luật kinh tế (CT tăng cường TA),D09,2025,23.5,,THPT
IUH,Trường Đại Học Công Nghiệp TPHCM,7380107C,Luật kinh tế (CT tăng cường TA),D10,2025,23.5,,THPT
IUH,Trường Đại Học Công Nghiệp TPHCM,7380108,Luật quốc tế,C00,2025,24.5,,THPT
IUH,Trường Đại Học Công Nghiệp TPHCM,7380108,Luật quốc tế,D01,2025,24.5,,THPT
IUH,Trường Đại Học Công Nghiệp TPHCM,7380108,Luật quốc tế,D09,2025,24.5,,THPT
IUH,Trường Đại Học Công Nghiệp TPHCM,7380108,Luật quốc tế,D10,2025,24.5,,THPT
IUH,Trường Đại Học Công Nghiệp TPHCM,7380108C,Luật quốc tế (CT tăng cường TA),C00,2025,20.0,,THPT
IUH,Trường Đại Học Công Nghiệp TPHCM,7380108C,Luật quốc tế (CT tăng cường TA),D01,2025,20.0,,THPT
IUH,Trường Đại Học Công Nghiệp TPHCM,7380108C,Luật quốc tế (CT tăng cường TA),D09,2025,20.0,,THPT
IUH,Trường Đại Học Công Nghiệp TPHCM,7380108C,Luật quốc tế (CT tăng cường TA),D10,2025,20.0,,THPT
IUH,Trường Đại Học Công Nghiệp TPHCM,7420201,Công nghệ sinh học,B00,2025,22.5,,THPT
IUH,Trường Đại Học Công Nghiệp TPHCM,7420201C,Công nghệ sinh học (CT tăng cường TA),B00,2025,18.0,,THPT
IUH,Trường Đại Học Công Nghiệp TPHCM,7480108,Kỹ thuật máy tính gồm 02 chuyên ngành: Công nghệ kỹ thuật máy tính; Kỹ thuật thiết kế vi mạch,A00,2025,24.0,,THPT
IUH,Trường Đại Học Công Nghiệp TPHCM,7480108,Kỹ thuật máy tính gồm 02 chuyên ngành: Công nghệ kỹ thuật máy tính; Kỹ thuật thiết kế vi mạch,A01,2025,24.0,,THPT
IUH,Trường Đại Học Công Nghiệp TPHCM,7480108C,Kỹ thuật máy tính gồm 02 chuyên ngành: Công nghệ kỹ thuật máy tính; Kỹ thuật thiết kế vi mạch (CT tăng cường TA),A00,2025,22.75,,THPT
IUH,Trường Đại Học Công Nghiệp TPHCM,7480108C,Kỹ thuật máy tính gồm 02 chuyên ngành: Công nghệ kỹ thuật máy tính; Kỹ thuật thiết kế vi mạch (CT tăng cường TA),A01,2025,22.75,,THPT
IUH,Trường Đại Học Công Nghiệp TPHCM,7480201,Công nghệ thông tin (Đào tạo tại Quảng Ngãi),D01,2025,16.0,,THPT
IUH,Trường Đại Học Công Nghiệp TPHCM,7480201,Nhóm ngành Công nghệ thông tin gồm 04 ngành Công nghệ thông tin; Kỹ thuật phần mềm; Khoa học máy tính; Hệ thống thông tin; và 02 chuyên ngành: Trí tuệ nhân tạo; Khoa học dữ liệu,D01,2025,24.5,,THPT
IUH,Trường Đại Học Công Nghiệp TPHCM,7480201C,Nhóm ngành Công nghệ thông tin gồm 04 ngành: Công nghệ thông tin; Kỹ thuật phần mềm; Khoa học máy tính; Hệ thống thông tin. (CT tăng cường TA),D01,2025,22.0,,THPT
IUH,Trường Đại Học Công Nghiệp TPHCM,7510201,Công nghệ kỹ thuật cơ khí,A00,2025,25.5,,THPT
IUH,Trường Đại Học Công Nghiệp TPHCM,7510201,Công nghệ kỹ thuật cơ khí (Đào tạo tại Quảng Ngãi),A00,2025,16.0,,THPT
IUH,Trường Đại Học Công Nghiệp TPHCM,7510201,Công nghệ kỹ thuật cơ khí,A01,2025,25.5,,THPT
IUH,Trường Đại Học Công Nghiệp TPHCM,7510201,Công nghệ kỹ thuật cơ khí (Đào tạo tại Quảng Ngãi),A01,2025,16.0,,THPT
IUH,Trường Đại Học Công Nghiệp TPHCM,7510201C,Công nghệ kỹ thuật cơ khí (CT tăng cường TA),A00,2025,23.25,,THPT
IUH,Trường Đại Học Công Nghiệp TPHCM,7510201C,Công nghệ kỹ thuật cơ khí (CT tăng cường TA),A01,2025,23.25,,THPT
IUH,Trường Đại Học Công Nghiệp TPHCM,7510202,Công nghệ chế tạo máy,A00,2025,24.5,,THPT
IUH,Trường Đại Học Công Nghiệp TPHCM,7510202,Công nghệ chế tạo máy,A01,2025,24.5,,THPT
IUH,Trường Đại Học Công Nghiệp TPHCM,7510202C,Công nghệ chế tạo máy (CT tăng cường TA),A00,2025,22.0,,THPT
IUH,Trường Đại Học Công Nghiệp TPHCM,7510202C,Công nghệ chế tạo máy (CT tăng cường TA),A01,2025,22.0,,THPT
IUH,Trường Đại Học Công Nghiệp TPHCM,7510203,Công nghệ kỹ thuật cơ điện tử,A00,2025,26.5,,THPT
IUH,Trường Đại Học Công Nghiệp TPHCM,7510203,Công nghệ kỹ thuật cơ điện tử,A01,2025,26.5,,THPT
IUH,Trường Đại Học Công Nghiệp TPHCM,7510203C,Công nghệ kỹ thuật cơ điện tử (CT tăng cường TA),A00,2025,23.5,,THPT
IUH,Trường Đại Học Công Nghiệp TPHCM,7510203C,Công nghệ kỹ thuật cơ điện tử (CT tăng cường TA),A01,2025,23.5,,THPT
IUH,Trường Đại Học Công Nghiệp TPHCM,7510205,Công nghệ kỹ thuật ô tô gồm 02 chuyên ngành: Công nghệ kỹ thuật ô tô; Công nghệ kỹ thuật ô tô điện,A00,2025,25.0,,THPT
IUH,Trường Đại Học Công Nghiệp TPHCM,7510205,Công nghệ kỹ thuật ô tô (Đào tạo tại Quảng Ngãi),A00,2025,16.0,,THPT
IUH,Trường Đại Học Công Nghiệp TPHCM,7510205,Công nghệ kỹ thuật ô tô gồm 02 chuyên ngành: Công nghệ kỹ thuật ô tô; Công nghệ kỹ thuật ô tô điện,A00,2025,25.0,,THPT
IUH,Trường Đại Học Công Nghiệp TPHCM,7510205,Công nghệ kỹ thuật ô tô gồm 02 chuyên ngành: Công nghệ kỹ thuật ô tô; Công nghệ kỹ thuật ô tô điện,A01,2025,25.0,,THPT
IUH,Trường Đại Học Công Nghiệp TPHCM,7510205,Công nghệ kỹ thuật ô tô (Đào tạo tại Quảng Ngãi),A01,2025,16.0,,THPT
IUH,Trường Đại Học Công Nghiệp TPHCM,7510205,Công nghệ kỹ thuật ô tô gồm 02 chuyên ngành: Công nghệ kỹ thuật ô tô; Công nghệ kỹ thuật ô tô điện,A01,2025,25.0,,THPT
IUH,Trường Đại Học Công Nghiệp TPHCM,7510205C,Công nghệ kỹ thuật ô tô (CT tăng cường TA),A00,2025,23.25,,THPT
IUH,Trường Đại Học Công Nghiệp TPHCM,7510205C,Công nghệ kỹ thuật ô tô (CT tăng cường TA),A01,2025,23.25,,THPT
IUH,Trường Đại Học Công Nghiệp TPHCM,7510206,Công nghệ kỹ thuật nhiệt gồm 03 chuyên ngành: Công nghệ kỹ thuật nhiệt; Công nghệ kỹ thuật năng lượng; Quản lý năng lượng,A00,2025,22.25,,THPT
IUH,Trường Đại Học Công Nghiệp TPHCM,7510206,Công nghệ kỹ thuật nhiệt gồm 03 chuyên ngành: Công nghệ kỹ thuật nhiệt; Công nghệ kỹ thuật năng lượng; Quản lý năng lượng,A01,2025,22.25,,THPT
IUH,Trường Đại Học Công Nghiệp TPHCM,7510206C,Công nghệ kỹ thuật nhiệt (CT tăng cường TA),A00,2025,19.0,,THPT
IUH,Trường Đại Học Công Nghiệp TPHCM,7510206C,Công nghệ kỹ thuật nhiệt (CT tăng cường TA),A01,2025,19.0,,THPT
IUH,Trường Đại Học Công Nghiệp TPHCM,7510301,"Công nghệ kỹ thuật điện, điện tử (Đào tạo tại Quảng Ngãi)",A00,2025,16.0,,THPT
IUH,Trường Đại Học Công Nghiệp TPHCM,7510301,"Công nghệ kỹ thuật điện, điện tử gồm 03 chuyên ngành: Công nghệ kỹ thuật điện, điện tử; Năng lượng tái tạo; Điện hạt nhân",A00,2025,25.25,,THPT
IUH,Trường Đại Học Công Nghiệp TPHCM,7510301,"Công nghệ kỹ thuật điện, điện tử (Đào tạo tại Quảng Ngãi)",A01,2025,16.0,,THPT
IUH,Trường Đại Học Công Nghiệp TPHCM,7510301,"Công nghệ kỹ thuật điện, điện tử gồm 03 chuyên ngành: Công nghệ kỹ thuật điện, điện tử; Năng lượng tái tạo; Điện hạt nhân",A01,2025,25.25,,THPT
IUH,Trường Đại Học Công Nghiệp TPHCM,7510301C,"Công nghệ kỹ thuật điện, điện tử gồm 02 chuyên ngành: Công nghệ kỹ thuật điện, điện tử; Năng lượng tái tạo (CT tăng cường TA)",A00,2025,23.0,,THPT
IUH,Trường Đại Học Công Nghiệp TPHCM,7510301C,"Công nghệ kỹ thuật điện, điện tử gồm 02 chuyên ngành: Công nghệ kỹ thuật điện, điện tử; Năng lượng tái tạo (CT tăng cường TA)",A01,2025,23.0,,THPT
IUH,Trường Đại Học Công Nghiệp TPHCM,7510302,Công nghệ kỹ thuật điện tử - viễn thông gồm 03 chuyên ngành: Điện tử công nghiệp; Điện tử viễn thông; IOT và Trí tuệ nhân tạo ứng dụng,A00,2025,24.25,,THPT
IUH,Trường Đại Học Công Nghiệp TPHCM,7510302,Công nghệ kỹ thuật điện tử - viễn thông gồm 03 chuyên ngành: Điện tử công nghiệp; Điện tử viễn thông; IOT và Trí tuệ nhân tạo ứng dụng,A01,2025,24.25,,THPT
IUH,Trường Đại Học Công Nghiệp TPHCM,7510302C,Công nghệ kỹ thuật điện tử - viễn thông gồm 02 chuyên ngành: Điện tử công nghiệp; Điện tử viễn thông (CT tăng cường TA),A00,2025,22.0,,THPT
IUH,Trường Đại Học Công Nghiệp TPHCM,7510302C,Công nghệ kỹ thuật điện tử - viễn thông gồm 02 chuyên ngành: Điện tử công nghiệp; Điện tử viễn thông (CT tăng cường TA),A01,2025,22.0,,THPT
IUH,Trường Đại Học Công Nghiệp TPHCM,7510303,Tự động hóa gồm 02 chuyên ngành: Công nghệ kỹ thuật điều khiển và tự động hóa; Robot và hệ thống điều khiển thông minh,A00,2025,26.5,,THPT
IUH,Trường Đại Học Công Nghiệp TPHCM,7510303,Tự động hóa gồm 02 chuyên ngành: Công nghệ kỹ thuật điều khiển và tự động hóa; Robot và hệ thống điều khiển thông minh,A01,2025,26.5,,THPT
IUH,Trường Đại Học Công Nghiệp TPHCM,7510303C,Tự động hóa gồm 02 chuyên ngành: Công nghệ kỹ thuật điều khiển và tự động hóa; Robot và hệ thống điều khiển thông minh (CT tăng cường TA),A00,2025,23.75,,THPT
IUH,Trường Đại Học Công Nghiệp TPHCM,7510303C,Tự động hóa gồm 02 chuyên ngành: Công nghệ kỹ thuật điều khiển và tự động hóa; Robot và hệ thống điều khiển thông minh (CT tăng cường TA),A01,2025,23.75,,THPT
IUH,Trường Đại Học Công Nghiệp TPHCM,7510401,Công nghệ hóa học gồm 03 chuyên ngành: Công nghệ kỹ thuật hóa học; Kỹ thuật hóa phân tích; Hóa dược.,A00,2025,24.0,,THPT
IUH,Trường Đại Học Công Nghiệp TPHCM,7510401,Công nghệ hóa học gồm 03 chuyên ngành: Công nghệ kỹ thuật hóa học; Kỹ thuật hóa phân tích; Hóa dược.,B00,2025,24.0,,THPT
IUH,Trường Đại Học Công Nghiệp TPHCM,7510401,Công nghệ hóa học gồm 03 chuyên ngành: Công nghệ kỹ thuật hóa học; Kỹ thuật hóa phân tích; Hóa dược.,D07,2025,24.0,,THPT
IUH,Trường Đại Học Công Nghiệp TPHCM,7510401C,Công nghệ hóa học gồm 03 chuyên ngành: Công nghệ kỹ thuật hóa học; Kỹ thuật hóa phân tích; Hóa dược. (CT tăng cường TA),A00,2025,20.0,,THPT
IUH,Trường Đại Học Công Nghiệp TPHCM,7510401C,Công nghệ hóa học gồm 03 chuyên ngành: Công nghệ kỹ thuật hóa học; Kỹ thuật hóa phân tích; Hóa dược. (CT tăng cường TA),B00,2025,20.0,,THPT
IUH,Trường Đại Học Công Nghiệp TPHCM,7510401C,Công nghệ hóa học gồm 03 chuyên ngành: Công nghệ kỹ thuật hóa học; Kỹ thuật hóa phân tích; Hóa dược. (CT tăng cường TA),D07,2025,20.0,,THPT
IUH,Trường Đại Học Công Nghiệp TPHCM,7510406,Công nghệ kỹ thuật môi trường,A00,2025,18.0,,THPT
IUH,Trường Đại Học Công Nghiệp TPHCM,7510406,Công nghệ kỹ thuật môi trường,B00,2025,18.0,,THPT
IUH,Trường Đại Học Công Nghiệp TPHCM,7510406,Công nghệ kỹ thuật môi trường,D07,2025,18.0,,THPT
IUH,Trường Đại Học Công Nghiệp TPHCM,7540101,Công nghệ thực phẩm,A00,2025,21.5,,THPT
IUH,Trường Đại Học Công Nghiệp TPHCM,7540101,Công nghệ thực phẩm,B00,2025,21.5,,THPT
IUH,Trường Đại Học Công Nghiệp TPHCM,7540101,Công nghệ thực phẩm,D07,2025,21.5,,THPT
IUH,Trường Đại Học Công Nghiệp TPHCM,7540101C,Công nghệ thực phẩm (CT tăng cường TA),A00,2025,17.0,,THPT
IUH,Trường Đại Học Công Nghiệp TPHCM,7540101C,Công nghệ thực phẩm (CT tăng cường TA),B00,2025,17.0,,THPT
IUH,Trường Đại Học Công Nghiệp TPHCM,7540101C,Công nghệ thực phẩm (CT tăng cường TA),D07,2025,17.0,,THPT
IUH,Trường Đại Học Công Nghiệp TPHCM,7540106,Đảm bảo chất lượng và An toàn thực phẩm,A00,2025,18.0,,THPT
IUH,Trường Đại Học Công Nghiệp TPHCM,7540106,Đảm bảo chất lượng và An toàn thực phẩm,B00,2025,18.0,,THPT
IUH,Trường Đại Học Công Nghiệp TPHCM,7540106,Đảm bảo chất lượng và An toàn thực phẩm,D07,2025,18.0,,THPT
IUH,Trường Đại Học Công Nghiệp TPHCM,7540204,"Công nghệ dệt, may",D01,2025,18.0,,THPT
IUH,Trường Đại Học Công Nghiệp TPHCM,7580201,Kỹ thuật xây dựng,A00,2025,22.5,,THPT
IUH,Trường Đại Học Công Nghiệp TPHCM,7580201,Kỹ thuật xây dựng,A01,2025,22.5,,THPT
IUH,Trường Đại Học Công Nghiệp TPHCM,7580205,Kỹ thuật xây dựng công trình giao thông,A00,2025,19.0,,THPT
IUH,Trường Đại Học Công Nghiệp TPHCM,7580205,Kỹ thuật xây dựng công trình giao thông,A01,2025,19.0,,THPT
IUH,Trường Đại Học Công Nghiệp TPHCM,7580302,Quản lý xây dựng,A00,2025,22.25,,THPT
IUH,Trường Đại Học Công Nghiệp TPHCM,7580302,Quản lý xây dựng,A01,2025,22.25,,THPT
IUH,Trường Đại Học Công Nghiệp TPHCM,7720201,Dược học,A00,2025,23.75,,THPT
IUH,Trường Đại Học Công Nghiệp TPHCM,7720201,Dược học,B00,2025,23.75,,THPT
IUH,Trường Đại Học Công Nghiệp TPHCM,7720201,Dược học,D07,2025,23.75,,THPT
IUH,Trường Đại Học Công Nghiệp TPHCM,7720497,Dinh dưỡng và Khoa học thực phẩm,A00,2025,18.0,,THPT
IUH,Trường Đại Học Công Nghiệp TPHCM,7720497,Dinh dưỡng và Khoa học thực phẩm,B00,2025,18.0,,THPT
IUH,Trường Đại Học Công Nghiệp TPHCM,7720497,Dinh dưỡng và Khoa học thực phẩm,D07,2025,18.0,,THPT
IUH,Trường Đại Học Công Nghiệp TPHCM,7810103,Quản trị dịch vụ du lịch và lữ hành gồm 03 chuyên ngành: Quản trị dịch vụ du lịch và lữ hành; Quản trị khách sạn; Quản trị nhà hàng và dịch vụ ăn uống,A01,2025,22.75,,THPT
IUH,Trường Đại Học Công Nghiệp TPHCM,7810103,Quản trị dịch vụ du lịch và lữ hành gồm 03 chuyên ngành: Quản trị dịch vụ du lịch và lữ hành; Quản trị khách sạn; Quản trị nhà hàng và dịch vụ ăn uống,D01,2025,22.75,,THPT
IUH,Trường Đại Học Công Nghiệp TPHCM,7810103,Quản trị dịch vụ du lịch và lữ hành gồm 03 chuyên ngành: Quản trị dịch vụ du lịch và lữ hành; Quản trị khách sạn; Quản trị nhà hàng và dịch vụ ăn uống,D09,2025,22.75,,THPT
IUH,Trường Đại Học Công Nghiệp TPHCM,7810103,Quản trị dịch vụ du lịch và lữ hành gồm 03 chuyên ngành: Quản trị dịch vụ du lịch và lữ hành; Quản trị khách sạn; Quản trị nhà hàng và dịch vụ ăn uống,D10,2025,22.75,,THPT
IUH,Trường Đại Học Công Nghiệp TPHCM,7810103C,Quản trị dịch vụ du lịch và lữ hành gồm 03 chuyên ngành: Quản trị dịch vụ du lịch và lữ hành; Quản trị khách sạn; Quản trị nhà hàng và dịch vụ ăn uống (CT tăng cường TA),A01,2025,21.5,,THPT
IUH,Trường Đại Học Công Nghiệp TPHCM,7810103C,Quản trị dịch vụ du lịch và lữ hành gồm 03 chuyên ngành: Quản trị dịch vụ du lịch và lữ hành; Quản trị khách sạn; Quản trị nhà hàng và dịch vụ ăn uống (CT tăng cường TA),D01,2025,21.5,,THPT
IUH,Trường Đại Học Công Nghiệp TPHCM,7810103C,Quản trị dịch vụ du lịch và lữ hành gồm 03 chuyên ngành: Quản trị dịch vụ du lịch và lữ hành; Quản trị khách sạn; Quản trị nhà hàng và dịch vụ ăn uống (CT tăng cường TA),D09,2025,21.5,,THPT
IUH,Trường Đại Học Công Nghiệp TPHCM,7810103C,Quản trị dịch vụ du lịch và lữ hành gồm 03 chuyên ngành: Quản trị dịch vụ du lịch và lữ hành; Quản trị khách sạn; Quản trị nhà hàng và dịch vụ ăn uống (CT tăng cường TA),D10,2025,21.5,,THPT
IUH,Trường Đại Học Công Nghiệp TPHCM,7850101,Quản lý tài nguyên và môi trường,D10,2025,18.0,,THPT
IUH,Trường Đại Học Công Nghiệp TPHCM,7850103,Quản lý đất đai gồm 02 chuyên ngành: Quản lý đất đai; Kinh tế tài nguyên thiên nhiên.,D01,2025,18.0,,THPT
KCC,Đại học Kỹ thuật Công nghệ Cần Thơ,7220201,Ngôn ngữ Anh,D01,2025,23.74,,THPT
KCC,Trường Đại học Kỹ Thuật Công Nghệ Cần Thơ,7220201,Ngôn ngữ Anh,D01,2025,23.74,,THPT
KCC,Trường Đại học Kỹ Thuật Công Nghệ Cần Thơ,7220201,Ngôn ngữ Anh,D09,2025,23.74,,THPT
KCC,Đại học Kỹ thuật Công nghệ Cần Thơ,7220201,Ngôn ngữ Anh,D09,2025,23.74,,THPT
KCC,Trường Đại học Kỹ Thuật Công Nghệ Cần Thơ,7220201,Ngôn ngữ Anh,D10,2025,23.74,,THPT
KCC,Đại học Kỹ thuật Công nghệ Cần Thơ,7220201,Ngôn ngữ Anh,D10,2025,23.74,,THPT
KCC,Đại học Kỹ thuật Công nghệ Cần Thơ,7340101,Quản trị Kinh doanh,A00,2025,23.04,,THPT
KCC,Trường Đại học Kỹ Thuật Công Nghệ Cần Thơ,7340101,Quản trị kinh doanh,A00,2025,23.04,,THPT
KCC,Trường Đại học Kỹ Thuật Công Nghệ Cần Thơ,7340101,Quản trị kinh doanh,A01,2025,23.04,,THPT
KCC,Đại học Kỹ thuật Công nghệ Cần Thơ,7340101,Quản trị Kinh doanh,A01,2025,23.04,,THPT
KCC,Trường Đại học Kỹ Thuật Công Nghệ Cần Thơ,7340101,Quản trị kinh doanh,D01,2025,23.04,,THPT
KCC,Đại học Kỹ thuật Công nghệ Cần Thơ,7340101,Quản trị Kinh doanh,D01,2025,23.04,,THPT
KCC,Đại học Kỹ thuật Công nghệ Cần Thơ,7340201,Tài chính – Ngân hàng,A00,2025,23.43,,THPT
KCC,Trường Đại học Kỹ Thuật Công Nghệ Cần Thơ,7340201,Tài chính - Ngân hàng,A00,2025,23.43,,THPT
KCC,Trường Đại học Kỹ Thuật Công Nghệ Cần Thơ,7340201,Tài chính - Ngân hàng,A01,2025,23.43,,THPT
KCC,Đại học Kỹ thuật Công nghệ Cần Thơ,7340201,Tài chính – Ngân hàng,A01,2025,23.43,,THPT
KCC,Trường Đại học Kỹ Thuật Công Nghệ Cần Thơ,7340201,Tài chính - Ngân hàng,D01,2025,23.43,,THPT
KCC,Đại học Kỹ thuật Công nghệ Cần Thơ,7340201,Tài chính – Ngân hàng,D01,2025,23.43,,THPT
KCC,Đại học Kỹ thuật Công nghệ Cần Thơ,7340301,Kế toán,A00,2025,23.29,,THPT
KCC,Trường Đại học Kỹ Thuật Công Nghệ Cần Thơ,7340301,Kế toán,A00,2025,23.29,,THPT
KCC,Trường Đại học Kỹ Thuật Công Nghệ Cần Thơ,7340301,Kế toán,A01,2025,23.29,,THPT
KCC,Đại học Kỹ thuật Công nghệ Cần Thơ,7340301,Kế toán,A01,2025,23.29,,THPT
KCC,Trường Đại học Kỹ Thuật Công Nghệ Cần Thơ,7340301,Kế toán,D01,2025,23.29,,THPT
KCC,Đại học Kỹ thuật Công nghệ Cần Thơ,7340301,Kế toán,D01,2025,23.29,,THPT
KCC,Đại học Kỹ thuật Công nghệ Cần Thơ,7380101,Ngành Luật,C00,2025,24.68,,THPT
KCC,Trường Đại học Kỹ Thuật Công Nghệ Cần Thơ,7380101,Luật,C00,2025,24.68,,THPT
KCC,Trường Đại học Kỹ Thuật Công Nghệ Cần Thơ,7380101,Luật,D01,2025,24.68,,THPT
KCC,Đại học Kỹ thuật Công nghệ Cần Thơ,7380101,Ngành Luật,D01,2025,24.68,,THPT
KCC,Đại học Kỹ thuật Công nghệ Cần Thơ,7420201,Công nghệ sinh học,B00,2025,22.55,,THPT
KCC,Trường Đại học Kỹ Thuật Công Nghệ Cần Thơ,7420201,Công nghệ sinh học,B00,2025,22.55,,THPT
KCC,Đại học Kỹ thuật Công nghệ Cần Thơ,7460108,Khoa học dữ liệu (Data Science),A00,2025,21.24,,THPT
KCC,Trường Đại học Kỹ Thuật Công Nghệ Cần Thơ,7460108,Khoa học dữ liệu,A00,2025,21.24,,THPT
KCC,Trường Đại học Kỹ Thuật Công Nghệ Cần Thơ,7460108,Khoa học dữ liệu,A01,2025,21.24,,THPT
KCC,Đại học Kỹ thuật Công nghệ Cần Thơ,7460108,Khoa học dữ liệu (Data Science),A01,2025,21.24,,THPT
KCC,Trường Đại học Kỹ Thuật Công Nghệ Cần Thơ,7460108,Khoa học dữ liệu,D01,2025,21.24,,THPT
KCC,Đại học Kỹ thuật Công nghệ Cần Thơ,7460108,Khoa học dữ liệu (Data Science),D01,2025,21.24,,THPT
KCC,Đại học Kỹ thuật Công nghệ Cần Thơ,7480101,Khoa học máy tính,A00,2025,22.54,,THPT
KCC,Trường Đại học Kỹ Thuật Công Nghệ Cần Thơ,7480101,Khoa học máy tính,A00,2025,22.54,,THPT
KCC,Trường Đại học Kỹ Thuật Công Nghệ Cần Thơ,7480101,Khoa học máy tính,A01,2025,22.54,,THPT
KCC,Đại học Kỹ thuật Công nghệ Cần Thơ,7480101,Khoa học máy tính,A01,2025,22.54,,THPT
KCC,Trường Đại học Kỹ Thuật Công Nghệ Cần Thơ,7480101,Khoa học máy tính,D01,2025,22.54,,THPT
KCC,Đại học Kỹ thuật Công nghệ Cần Thơ,7480101,Khoa học máy tính,D01,2025,22.54,,THPT
KCC,Đại học Kỹ thuật Công nghệ Cần Thơ,7480103,Kỹ thuật phần mềm,A00,2025,22.94,,THPT
KCC,Trường Đại học Kỹ Thuật Công Nghệ Cần Thơ,7480103,Kỹ thuật phần mềm,A00,2025,22.94,,THPT
KCC,Trường Đại học Kỹ Thuật Công Nghệ Cần Thơ,7480103,Kỹ thuật phần mềm,A01,2025,22.94,,THPT
KCC,Đại học Kỹ thuật Công nghệ Cần Thơ,7480103,Kỹ thuật phần mềm,A01,2025,22.94,,THPT
KCC,Trường Đại học Kỹ Thuật Công Nghệ Cần Thơ,7480103,Kỹ thuật phần mềm,D01,2025,22.94,,THPT
KCC,Đại học Kỹ thuật Công nghệ Cần Thơ,7480103,Kỹ thuật phần mềm,D01,2025,22.94,,THPT
KCC,Đại học Kỹ thuật Công nghệ Cần Thơ,7480104,Hệ thống thông tin,A00,2025,21.92,,THPT
KCC,Trường Đại học Kỹ Thuật Công Nghệ Cần Thơ,7480104,Hệ thống thông tin,A00,2025,21.92,,THPT
KCC,Trường Đại học Kỹ Thuật Công Nghệ Cần Thơ,7480104,Hệ thống thông tin,A01,2025,21.92,,THPT
KCC,Đại học Kỹ thuật Công nghệ Cần Thơ,7480104,Hệ thống thông tin,A01,2025,21.92,,THPT
KCC,Trường Đại học Kỹ Thuật Công Nghệ Cần Thơ,7480104,Hệ thống thông tin,D01,2025,21.92,,THPT
KCC,Đại học Kỹ thuật Công nghệ Cần Thơ,7480104,Hệ thống thông tin,D01,2025,21.92,,THPT
KCC,Đại học Kỹ thuật Công nghệ Cần Thơ,7480201,Công nghệ thông tin,A00,2025,24.23,,THPT
KCC,Trường Đại học Kỹ Thuật Công Nghệ Cần Thơ,7480201,Công nghệ thông tin,A00,2025,24.23,,THPT
KCC,Trường Đại học Kỹ Thuật Công Nghệ Cần Thơ,7480201,Công nghệ thông tin,A01,2025,24.23,,THPT
KCC,Đại học Kỹ thuật Công nghệ Cần Thơ,7480201,Công nghệ thông tin,A01,2025,24.23,,THPT
KCC,Trường Đại học Kỹ Thuật Công Nghệ Cần Thơ,7480201,Công nghệ thông tin,D01,2025,24.23,,THPT
KCC,Đại học Kỹ thuật Công nghệ Cần Thơ,7480201,Công nghệ thông tin,D01,2025,24.23,,THPT
KCC,Đại học Kỹ thuật Công nghệ Cần Thơ,7510102,Công nghệ kỹ thuật xây dựng dân dụng và công nghiệp,A00,2025,20.15,,THPT
KCC,Trường Đại học Kỹ Thuật Công Nghệ Cần Thơ,7510102,Công nghệ kỹ thuật công trình xây dựng,A00,2025,20.15,,THPT
KCC,Trường Đại học Kỹ Thuật Công Nghệ Cần Thơ,7510102,Công nghệ kỹ thuật công trình xây dựng,A01,2025,20.15,,THPT
KCC,Đại học Kỹ thuật Công nghệ Cần Thơ,7510102,Công nghệ kỹ thuật xây dựng dân dụng và công nghiệp,A01,2025,20.15,,THPT
KCC,Trường Đại học Kỹ Thuật Công Nghệ Cần Thơ,7510102,Công nghệ kỹ thuật công trình xây dựng,D01,2025,20.15,,THPT
KCC,Đại học Kỹ thuật Công nghệ Cần Thơ,7510102,Công nghệ kỹ thuật xây dựng dân dụng và công nghiệp,D01,2025,20.15,,THPT
KCC,Trường Đại học Kỹ Thuật Công Nghệ Cần Thơ,7510102,Công nghệ kỹ thuật công trình xây dựng,D07,2025,20.15,,THPT
KCC,Đại học Kỹ thuật Công nghệ Cần Thơ,7510102,Công nghệ kỹ thuật xây dựng dân dụng và công nghiệp,D07,2025,20.15,,THPT
KCC,Đại học Kỹ thuật Công nghệ Cần Thơ,7510203,Công nghệ kỹ thuật cơ điện tử,A00,2025,23.37,,THPT
KCC,Trường Đại học Kỹ Thuật Công Nghệ Cần Thơ,7510203,Công nghệ kỹ thuật cơ điện tử,A00,2025,23.37,,THPT
KCC,Trường Đại học Kỹ Thuật Công Nghệ Cần Thơ,7510203,Công nghệ kỹ thuật cơ điện tử,A01,2025,23.37,,THPT
KCC,Đại học Kỹ thuật Công nghệ Cần Thơ,7510203,Công nghệ kỹ thuật cơ điện tử,A01,2025,23.37,,THPT
KCC,Đại học Kỹ thuật Công nghệ Cần Thơ,7510301,"Công nghệ kỹ thuật điện, điện tử",A00,2025,23.37,,THPT
KCC,Trường Đại học Kỹ Thuật Công Nghệ Cần Thơ,7510301,"Công nghệ kỹ thuật điện, điện tử",A00,2025,23.37,,THPT
KCC,Trường Đại học Kỹ Thuật Công Nghệ Cần Thơ,7510301,"Công nghệ kỹ thuật điện, điện tử",A01,2025,23.37,,THPT
KCC,Đại học Kỹ thuật Công nghệ Cần Thơ,7510301,"Công nghệ kỹ thuật điện, điện tử",A01,2025,23.37,,THPT
KCC,Đại học Kỹ thuật Công nghệ Cần Thơ,7510303,Công nghệ kỹ thuật điều khiển và tự động hóa,A00,2025,23.13,,THPT
KCC,Trường Đại học Kỹ Thuật Công Nghệ Cần Thơ,7510303,Công nghệ kỹ thuật điều khiển và tự động hóa,A00,2025,23.13,,THPT
KCC,Trường Đại học Kỹ Thuật Công Nghệ Cần Thơ,7510303,Công nghệ kỹ thuật điều khiển và tự động hóa,A01,2025,23.13,,THPT
KCC,Đại học Kỹ thuật Công nghệ Cần Thơ,7510303,Công nghệ kỹ thuật điều khiển và tự động hóa,A01,2025,23.13,,THPT
KCC,Đại học Kỹ thuật Công nghệ Cần Thơ,7510401,Công nghệ kỹ thuật hoá học,A00,2025,23.04,,THPT
KCC,Trường Đại học Kỹ Thuật Công Nghệ Cần Thơ,7510401,Công nghệ kỹ thuật hóa học,A00,2025,23.04,,THPT
KCC,Trường Đại học Kỹ Thuật Công Nghệ Cần Thơ,7510401,Công nghệ kỹ thuật hóa học,B00,2025,23.04,,THPT
KCC,Đại học Kỹ thuật Công nghệ Cần Thơ,7510401,Công nghệ kỹ thuật hoá học,B00,2025,23.04,,THPT
KCC,Trường Đại học Kỹ Thuật Công Nghệ Cần Thơ,7510401,Công nghệ kỹ thuật hóa học,D07,2025,23.04,,THPT
KCC,Đại học Kỹ thuật Công nghệ Cần Thơ,7510401,Công nghệ kỹ thuật hoá học,D07,2025,23.04,,THPT
KCC,Đại học Kỹ thuật Công nghệ Cần Thơ,7510403,Công nghệ kỹ thuật năng lượng,A00,2025,21.24,,THPT
KCC,Trường Đại học Kỹ Thuật Công Nghệ Cần Thơ,7510403,Công nghệ kỹ thuật năng lượng,A00,2025,21.24,,THPT
KCC,Trường Đại học Kỹ Thuật Công Nghệ Cần Thơ,7510403,Công nghệ kỹ thuật năng lượng,A01,2025,21.24,,THPT
KCC,Đại học Kỹ thuật Công nghệ Cần Thơ,7510403,Công nghệ kỹ thuật năng lượng,A01,2025,21.24,,THPT
KCC,Đại học Kỹ thuật Công nghệ Cần Thơ,7510601,Quản lý công nghiệp,A00,2025,22.22,,THPT
KCC,Trường Đại học Kỹ Thuật Công Nghệ Cần Thơ,7510601,Quản lý công nghiệp,A00,2025,22.22,,THPT
KCC,Trường Đại học Kỹ Thuật Công Nghệ Cần Thơ,7510601,Quản lý công nghiệp,A01,2025,22.22,,THPT
KCC,Đại học Kỹ thuật Công nghệ Cần Thơ,7510601,Quản lý công nghiệp,A01,2025,22.22,,THPT
KCC,Trường Đại học Kỹ Thuật Công Nghệ Cần Thơ,7510601,Quản lý công nghiệp,D01,2025,22.22,,THPT
KCC,Đại học Kỹ thuật Công nghệ Cần Thơ,7510601,Quản lý công nghiệp,D01,2025,22.22,,THPT
KCC,Đại học Kỹ thuật Công nghệ Cần Thơ,7510605,Logistics và Quản lý chuỗi cung ứng,A00,2025,23.89,,THPT
KCC,Trường Đại học Kỹ Thuật Công Nghệ Cần Thơ,7510605,Logistics và quản lý chuỗi cung ứng,A00,2025,23.89,,THPT
KCC,Trường Đại học Kỹ Thuật Công Nghệ Cần Thơ,7510605,Logistics và quản lý chuỗi cung ứng,A01,2025,23.89,,THPT
KCC,Đại học Kỹ thuật Công nghệ Cần Thơ,7510605,Logistics và Quản lý chuỗi cung ứng,A01,2025,23.89,,THPT
KCC,Trường Đại học Kỹ Thuật Công Nghệ Cần Thơ,7510605,Logistics và quản lý chuỗi cung ứng,D01,2025,23.89,,THPT
KCC,Đại học Kỹ thuật Công nghệ Cần Thơ,7510605,Logistics và Quản lý chuỗi cung ứng,D01,2025,23.89,,THPT
KCC,Đại học Kỹ thuật Công nghệ Cần Thơ,7520118,Kỹ thuật hệ thống công nghiệp,A00,2025,20.98,,THPT
KCC,Trường Đại học Kỹ Thuật Công Nghệ Cần Thơ,7520118,Kỹ thuật hệ thống công nghiệp,A00,2025,20.98,,THPT
KCC,Trường Đại học Kỹ Thuật Công Nghệ Cần Thơ,7520118,Kỹ thuật hệ thống công nghiệp,A01,2025,20.98,,THPT
KCC,Đại học Kỹ thuật Công nghệ Cần Thơ,7520118,Kỹ thuật hệ thống công nghiệp,A01,2025,20.98,,THPT
KCC,Trường Đại học Kỹ Thuật Công Nghệ Cần Thơ,7520118,Kỹ thuật hệ thống công nghiệp,D01,2025,20.98,,THPT
KCC,Đại học Kỹ thuật Công nghệ Cần Thơ,7520118,Kỹ thuật hệ thống công nghiệp,D01,2025,20.98,,THPT
KCC,Đại học Kỹ thuật Công nghệ Cần Thơ,7540101,Công nghệ thực phẩm,A00,2025,23.26,,THPT
KCC,Trường Đại học Kỹ Thuật Công Nghệ Cần Thơ,7540101,Công nghệ thực phẩm,A00,2025,23.26,,THPT
KCC,Trường Đại học Kỹ Thuật Công Nghệ Cần Thơ,7540101,Công nghệ thực phẩm,B00,2025,23.26,,THPT
KCC,Đại học Kỹ thuật Công nghệ Cần Thơ,7540101,Công nghệ thực phẩm,B00,2025,23.26,,THPT
KCC,Trường Đại học Kỹ Thuật Công Nghệ Cần Thơ,7540101,Công nghệ thực phẩm,D07,2025,23.26,,THPT
KCC,Đại học Kỹ thuật Công nghệ Cần Thơ,7540101,Công nghệ thực phẩm,D07,2025,23.26,,THPT
KCC,Đại học Kỹ thuật Công nghệ Cần Thơ,7580302,Quản lý xây dựng,A00,2025,20.95,,THPT
KCC,Trường Đại học Kỹ Thuật Công Nghệ Cần Thơ,7580302,Quản lý xây dựng,A00,2025,20.95,,THPT
KCC,Trường Đại học Kỹ Thuật Công Nghệ Cần Thơ,7580302,Quản lý xây dựng,A01,2025,20.95,,THPT
KCC,Đại học Kỹ thuật Công nghệ Cần Thơ,7580302,Quản lý xây dựng,A01,2025,20.95,,THPT
KCC,Trường Đại học Kỹ Thuật Công Nghệ Cần Thơ,7580302,Quản lý xây dựng,D01,2025,20.95,,THPT
KCC,Đại học Kỹ thuật Công nghệ Cần Thơ,7580302,Quản lý xây dựng,D01,2025,20.95,,THPT
KCN,Đại học Khoa Học Và Công Nghệ Hà Nội,7420201,Công nghệ sinh học,A00,2025,19.25,,THPT
KCN,Trường Đại Học Khoa Học Và Công Nghệ Hà Nội,7420201,Công nghệ sinh học - Phát triển thuốc,A00,2025,19.25,,THPT
KCN,Trường Đại Học Khoa Học Và Công Nghệ Hà Nội,7420201,Công nghệ sinh học - Phát triển thuốc,A00,2025,19.25,,THPT
KCN,Trường Đại Học Khoa Học Và Công Nghệ Hà Nội,7420201,Công nghệ sinh học - Phát triển thuốc,B00,2025,19.25,,THPT
KCN,Đại học Khoa Học Và Công Nghệ Hà Nội,7420201,Công nghệ sinh học,B00,2025,19.25,,THPT
KCN,Trường Đại Học Khoa Học Và Công Nghệ Hà Nội,7420201,Công nghệ sinh học - Phát triển thuốc,B00,2025,19.25,,THPT
KCN,Trường Đại Học Khoa Học Và Công Nghệ Hà Nội,7420201,Công nghệ sinh học - Phát triển thuốc,D07,2025,19.25,,THPT
KCN,Đại học Khoa Học Và Công Nghệ Hà Nội,7420201,Công nghệ sinh học,D07,2025,19.25,,THPT
KCN,Trường Đại Học Khoa Học Và Công Nghệ Hà Nội,7420201,Công nghệ sinh học - Phát triển thuốc,D08,2025,19.25,,THPT
KCN,Đại học Khoa Học Và Công Nghệ Hà Nội,7420201-01,Công nghệ sinh học - phát triển thuốc (song bằng),A00,2025,24.82,,THPT
KCN,Trường Đại Học Khoa Học Và Công Nghệ Hà Nội,7420201-01,Công nghệ sinh học - Phát triển thuốc (Song bằng),A00,2025,24.82,,THPT
KCN,Trường Đại Học Khoa Học Và Công Nghệ Hà Nội,7420201-01,Công nghệ sinh học - Phát triển thuốc (Song bằng),A00,2025,24.82,,THPT
KCN,Trường Đại Học Khoa Học Và Công Nghệ Hà Nội,7420201-01,"Công nghệ sinh học - Phát triển thuốc (Các trường đối tác Pháp cấp song bằng với USTH: Đại học Sorbonne Paris Nord, Đại học Montpellier, Đại học Lille)",A00,2025,0.0,,THPT
KCN,Trường Đại Học Khoa Học Và Công Nghệ Hà Nội,7420201-01,Công nghệ sinh học - Phát triển thuốc (Song bằng),B00,2025,24.82,,THPT
KCN,Đại học Khoa Học Và Công Nghệ Hà Nội,7420201-01,Công nghệ sinh học - phát triển thuốc (song bằng),B00,2025,24.82,,THPT
KCN,Trường Đại Học Khoa Học Và Công Nghệ Hà Nội,7420201-01,Công nghệ sinh học - Phát triển thuốc (Song bằng),B00,2025,24.82,,THPT
KCN,Trường Đại Học Khoa Học Và Công Nghệ Hà Nội,7420201-01,"Công nghệ sinh học - Phát triển thuốc (Các trường đối tác Pháp cấp song bằng với USTH: Đại học Sorbonne Paris Nord, Đại học Montpellier, Đại học Lille)",B00,2025,0.0,,THPT
KCN,Trường Đại Học Khoa Học Và Công Nghệ Hà Nội,7420201-01,Công nghệ sinh học - Phát triển thuốc (Song bằng),D07,2025,24.82,,THPT
KCN,Đại học Khoa Học Và Công Nghệ Hà Nội,7420201-01,Công nghệ sinh học - phát triển thuốc (song bằng),D07,2025,24.82,,THPT
KCN,Trường Đại Học Khoa Học Và Công Nghệ Hà Nội,7420201-01,Công nghệ sinh học - Phát triển thuốc (Song bằng),D08,2025,24.82,,THPT
KCN,Đại học Khoa Học Và Công Nghệ Hà Nội,7440112,Hóa học,A00,2025,18.75,,THPT
KCN,Trường Đại Học Khoa Học Và Công Nghệ Hà Nội,7440112,Hóa học,A00,2025,18.75,,THPT
KCN,Trường Đại Học Khoa Học Và Công Nghệ Hà Nội,7440112,Hóa học,A00,2025,18.75,,THPT
KCN,Trường Đại Học Khoa Học Và Công Nghệ Hà Nội,7440112,Hóa học,B00,2025,18.75,,THPT
KCN,Trường Đại Học Khoa Học Và Công Nghệ Hà Nội,7440112,Hóa học,B00,2025,18.75,,THPT
KCN,Đại học Khoa Học Và Công Nghệ Hà Nội,7440112,Hóa học,B00,2025,18.75,,THPT
KCN,Trường Đại Học Khoa Học Và Công Nghệ Hà Nội,7440112,Hóa học,D07,2025,18.75,,THPT
KCN,Trường Đại Học Khoa Học Và Công Nghệ Hà Nội,7440112,Hóa học,D07,2025,18.75,,THPT
KCN,Đại học Khoa Học Và Công Nghệ Hà Nội,7440112,Hóa học,D07,2025,18.75,,THPT
KCN,Đại học Khoa Học Và Công Nghệ Hà Nội,7440112-01,Hóa học (song bằng),A00,2025,23.53,,THPT
KCN,Trường Đại Học Khoa Học Và Công Nghệ Hà Nội,7440112-01,Hóa học (Song bằng),A00,2025,23.53,,THPT
KCN,Trường Đại Học Khoa Học Và Công Nghệ Hà Nội,7440112-01,Hóa học (Song bằng),A00,2025,23.53,,THPT
KCN,Trường Đại Học Khoa Học Và Công Nghệ Hà Nội,7440112-01,"Hóa học (Các trường đối tác Pháp cấp song bằng với USTH: Đại học Paris Est - Créteil, Đại học Aix Marseille, Đại học Reims Champagne – Ardenne, Đại học Lille)",A00,2025,0.0,,THPT
KCN,Trường Đại Học Khoa Học Và Công Nghệ Hà Nội,7440112-01,Hóa học (Song bằng),B00,2025,23.53,,THPT
KCN,Trường Đại Học Khoa Học Và Công Nghệ Hà Nội,7440112-01,Hóa học (Song bằng),B00,2025,23.53,,THPT
KCN,Trường Đại Học Khoa Học Và Công Nghệ Hà Nội,7440112-01,"Hóa học (Các trường đối tác Pháp cấp song bằng với USTH: Đại học Paris Est - Créteil, Đại học Aix Marseille, Đại học Reims Champagne – Ardenne, Đại học Lille)",B00,2025,0.0,,THPT
KCN,Đại học Khoa Học Và Công Nghệ Hà Nội,7440112-01,Hóa học (song bằng),B00,2025,23.53,,THPT
KCN,Trường Đại Học Khoa Học Và Công Nghệ Hà Nội,7440112-01,Hóa học (Song bằng),D07,2025,23.53,,THPT
KCN,Trường Đại Học Khoa Học Và Công Nghệ Hà Nội,7440112-01,Hóa học (Song bằng),D07,2025,23.53,,THPT
KCN,Trường Đại Học Khoa Học Và Công Nghệ Hà Nội,7440112-01,"Hóa học (Các trường đối tác Pháp cấp song bằng với USTH: Đại học Paris Est - Créteil, Đại học Aix Marseille, Đại học Reims Champagne – Ardenne, Đại học Lille)",D07,2025,0.0,,THPT
KCN,Đại học Khoa Học Và Công Nghệ Hà Nội,7440112-01,Hóa học (song bằng),D07,2025,23.53,,THPT
KCN,Đại học Khoa Học Và Công Nghệ Hà Nội,7440122,Khoa học vật liệu,A00,2025,21.75,,THPT
KCN,Trường Đại Học Khoa Học Và Công Nghệ Hà Nội,7440122,Khoa học vật liệu tiên tiến và Công nghệ Nano,A00,2025,21.75,,THPT
KCN,Trường Đại Học Khoa Học Và Công Nghệ Hà Nội,7440122,Khoa học vật liệu tiên tiến và Công nghệ Nano,A00,2025,21.75,,THPT
KCN,Trường Đại Học Khoa Học Và Công Nghệ Hà Nội,7440122,Khoa học vật liệu tiên tiến và Công nghệ Nano,A01,2025,21.75,,THPT
KCN,Đại học Khoa Học Và Công Nghệ Hà Nội,7440122,Khoa học vật liệu,A01,2025,21.75,,THPT
KCN,Trường Đại Học Khoa Học Và Công Nghệ Hà Nội,7440122,Khoa học vật liệu tiên tiến và Công nghệ Nano,A01,2025,21.75,,THPT
KCN,Trường Đại Học Khoa Học Và Công Nghệ Hà Nội,7440122,Khoa học vật liệu tiên tiến và Công nghệ Nano,B00,2025,21.75,,THPT
KCN,Đại học Khoa Học Và Công Nghệ Hà Nội,7440122,Khoa học vật liệu,B00,2025,21.75,,THPT
KCN,Trường Đại Học Khoa Học Và Công Nghệ Hà Nội,7440122,Khoa học vật liệu tiên tiến và Công nghệ Nano,B00,2025,21.75,,THPT
KCN,Trường Đại Học Khoa Học Và Công Nghệ Hà Nội,7440122,Khoa học vật liệu tiên tiến và Công nghệ Nano,D07,2025,21.75,,THPT
KCN,Đại học Khoa Học Và Công Nghệ Hà Nội,7440122,Khoa học vật liệu,D07,2025,21.75,,THPT
KCN,Trường Đại Học Khoa Học Và Công Nghệ Hà Nội,7440122,Khoa học vật liệu tiên tiến và Công nghệ Nano,D07,2025,21.75,,THPT
KCN,Đại học Khoa Học Và Công Nghệ Hà Nội,7440301,Khoa học môi trường,A00,2025,19.75,,THPT
KCN,Trường Đại Học Khoa Học Và Công Nghệ Hà Nội,7440301,Khoa học Môi trường Ứng dụng,A00,2025,19.75,,THPT
KCN,Trường Đại Học Khoa Học Và Công Nghệ Hà Nội,7440301,Khoa học Môi trường Ứng dụng,A00,2025,19.75,,THPT
KCN,Trường Đại Học Khoa Học Và Công Nghệ Hà Nội,7440301,Khoa học Môi trường Ứng dụng,B00,2025,19.75,,THPT
KCN,Trường Đại Học Khoa Học Và Công Nghệ Hà Nội,7440301,Khoa học Môi trường Ứng dụng,B00,2025,19.75,,THPT
KCN,Đại học Khoa Học Và Công Nghệ Hà Nội,7440301,Khoa học môi trường,B00,2025,19.75,,THPT
KCN,Trường Đại Học Khoa Học Và Công Nghệ Hà Nội,7440301,Khoa học Môi trường Ứng dụng,D07,2025,19.75,,THPT
KCN,Trường Đại Học Khoa Học Và Công Nghệ Hà Nội,7440301,Khoa học Môi trường Ứng dụng,D07,2025,19.75,,THPT
KCN,Đại học Khoa Học Và Công Nghệ Hà Nội,7440301,Khoa học môi trường,D07,2025,19.75,,THPT
KCN,Trường Đại Học Khoa Học Và Công Nghệ Hà Nội,7440301,Khoa học Môi trường Ứng dụng,D08,2025,19.75,,THPT
KCN,Đại học Khoa Học Và Công Nghệ Hà Nội,7460108,Khoa học dữ liệu (Data Science),A00,2025,20.0,,THPT
KCN,Trường Đại Học Khoa Học Và Công Nghệ Hà Nội,7460108,Khoa học dữ liệu,A00,2025,20.0,,THPT
KCN,Trường Đại Học Khoa Học Và Công Nghệ Hà Nội,7460108,Khoa học dữ liệu,A01,2025,20.0,,THPT
KCN,Đại học Khoa Học Và Công Nghệ Hà Nội,7460108,Khoa học dữ liệu (Data Science),A01,2025,20.0,,THPT
KCN,Trường Đại Học Khoa Học Và Công Nghệ Hà Nội,7460108,Khoa học dữ liệu,A01,2025,20.0,,THPT
KCN,Trường Đại Học Khoa Học Và Công Nghệ Hà Nội,7460108,Khoa học dữ liệu,D08,2025,20.0,,THPT
KCN,Đại học Khoa Học Và Công Nghệ Hà Nội,7460112,ĐH Toán ứng dụng,A00,2025,19.25,,THPT
KCN,Trường Đại Học Khoa Học Và Công Nghệ Hà Nội,7460112,Toán ứng dụng,A00,2025,19.25,,THPT
KCN,Trường Đại Học Khoa Học Và Công Nghệ Hà Nội,7460112,Toán ứng dụng,A00,2025,19.25,,THPT
KCN,Trường Đại Học Khoa Học Và Công Nghệ Hà Nội,7460112,Toán ứng dụng,A01,2025,19.25,,THPT
KCN,Đại học Khoa Học Và Công Nghệ Hà Nội,7460112,ĐH Toán ứng dụng,A01,2025,19.25,,THPT
KCN,Trường Đại Học Khoa Học Và Công Nghệ Hà Nội,7460112,Toán ứng dụng,A01,2025,19.25,,THPT
KCN,Trường Đại Học Khoa Học Và Công Nghệ Hà Nội,7460112,Toán ứng dụng,B00,2025,19.25,,THPT
KCN,Đại học Khoa Học Và Công Nghệ Hà Nội,7460112,ĐH Toán ứng dụng,B00,2025,19.25,,THPT
KCN,Trường Đại Học Khoa Học Và Công Nghệ Hà Nội,7460112,Toán ứng dụng,D01,2025,19.25,,THPT
KCN,Đại học Khoa Học Và Công Nghệ Hà Nội,7460112,ĐH Toán ứng dụng,D01,2025,19.25,,THPT
KCN,Trường Đại Học Khoa Học Và Công Nghệ Hà Nội,7460112,Toán ứng dụng,D07,2025,19.25,,THPT
KCN,Đại học Khoa Học Và Công Nghệ Hà Nội,7460112,ĐH Toán ứng dụng,D07,2025,19.25,,THPT
KCN,Trường Đại Học Khoa Học Và Công Nghệ Hà Nội,7460112,Toán ứng dụng,D07,2025,19.25,,THPT
KCN,Trường Đại Học Khoa Học Và Công Nghệ Hà Nội,7460112,Toán ứng dụng,D08,2025,19.25,,THPT
KCN,Đại học Khoa Học Và Công Nghệ Hà Nội,7480201,Công nghệ thông tin,A00,2025,18.5,,THPT
KCN,Trường Đại Học Khoa Học Và Công Nghệ Hà Nội,7480201,Công nghệ thông tin - Truyền thông,A00,2025,18.5,,THPT
KCN,Trường Đại Học Khoa Học Và Công Nghệ Hà Nội,7480201,Công nghệ thông tin - Truyền thông,A01,2025,18.5,,THPT
KCN,Đại học Khoa Học Và Công Nghệ Hà Nội,7480201,Công nghệ thông tin,A01,2025,18.5,,THPT
KCN,Trường Đại Học Khoa Học Và Công Nghệ Hà Nội,7480201,Công nghệ thông tin - Truyền thông,A01,2025,18.5,,THPT
KCN,Trường Đại Học Khoa Học Và Công Nghệ Hà Nội,7480201,Công nghệ thông tin - Truyền thông,D08,2025,18.5,,THPT
KCN,Đại học Khoa Học Và Công Nghệ Hà Nội,7480201-01,Công nghệ thông tin - truyền thông (song bằng),A00,2025,24.25,,THPT
KCN,Trường Đại Học Khoa Học Và Công Nghệ Hà Nội,7480201-01,"Công nghệ thông tin - Truyền thông (Các trường đối tác Pháp cấp song bằng với USTH: Đại học Limoges, Đại học Sorbonne Paris Nord,   Đại học Lille)",A00,2025,24.25,,THPT
KCN,Trường Đại Học Khoa Học Và Công Nghệ Hà Nội,7480201-01,"Công nghệ thông tin - Truyền thông (Các trường đối tác Pháp cấp song bằng với USTH: Đại học Limoges, Đại học Sorbonne Paris Nord,   Đại học Lille)",A01,2025,24.25,,THPT
KCN,Đại học Khoa Học Và Công Nghệ Hà Nội,7480201-01,Công nghệ thông tin - truyền thông (song bằng),A01,2025,24.25,,THPT
KCN,Trường Đại Học Khoa Học Và Công Nghệ Hà Nội,7480201-01,"Công nghệ thông tin - Truyền thông (Các trường đối tác Pháp cấp song bằng với USTH: Đại học Limoges, Đại học Sorbonne Paris Nord,   Đại học Lille)",A01,2025,24.25,,THPT
KCN,Trường Đại Học Khoa Học Và Công Nghệ Hà Nội,7480201-01,"Công nghệ thông tin - Truyền thông (Các trường đối tác Pháp cấp song bằng với USTH: Đại học Limoges, Đại học Sorbonne Paris Nord,   Đại học Lille)",D08,2025,24.25,,THPT
KCN,Đại học Khoa Học Và Công Nghệ Hà Nội,7480202,An toàn thông tin,A00,2025,21.0,,THPT
KCN,Trường Đại Học Khoa Học Và Công Nghệ Hà Nội,7480202,An toàn thông tin,A00,2025,21.0,,THPT
KCN,Trường Đại Học Khoa Học Và Công Nghệ Hà Nội,7480202,An toàn thông tin,A01,2025,21.0,,THPT
KCN,Đại học Khoa Học Và Công Nghệ Hà Nội,7480202,An toàn thông tin,A01,2025,21.0,,THPT
KCN,Trường Đại Học Khoa Học Và Công Nghệ Hà Nội,7480202,An toàn thông tin,A01,2025,21.0,,THPT
KCN,Trường Đại Học Khoa Học Và Công Nghệ Hà Nội,7480202,An toàn thông tin,D08,2025,21.0,,THPT
KCN,Đại học Khoa Học Và Công Nghệ Hà Nội,7510203,Công nghệ kỹ thuật cơ điện tử,A00,2025,20.5,,THPT
KCN,Trường Đại Học Khoa Học Và Công Nghệ Hà Nội,7510203,Công nghệ Kỹ thuật Cơ điện tử,A00,2025,20.5,,THPT
KCN,Trường Đại Học Khoa Học Và Công Nghệ Hà Nội,7510203,Công nghệ Kỹ thuật Cơ điện tử,A01,2025,20.5,,THPT
KCN,Đại học Khoa Học Và Công Nghệ Hà Nội,7510203,Công nghệ kỹ thuật cơ điện tử,A01,2025,20.5,,THPT
KCN,Trường Đại Học Khoa Học Và Công Nghệ Hà Nội,7510203,Công nghệ Kỹ thuật Cơ điện tử,A01,2025,20.5,,THPT
KCN,Trường Đại Học Khoa Học Và Công Nghệ Hà Nội,7510203,Công nghệ Kỹ thuật Cơ điện tử,B00,2025,20.5,,THPT
KCN,Trường Đại Học Khoa Học Và Công Nghệ Hà Nội,7510203,Công nghệ Kỹ thuật Cơ điện tử,D07,2025,20.5,,THPT
KCN,Đại học Khoa Học Và Công Nghệ Hà Nội,7520120,Kỹ thuật hàng không,A00,2025,23.22,,THPT
KCN,Trường Đại Học Khoa Học Và Công Nghệ Hà Nội,7520120,Kỹ thuật Hàng không,A00,2025,23.22,,THPT
KCN,Trường Đại Học Khoa Học Và Công Nghệ Hà Nội,7520120,Kỹ thuật Hàng không,A00,2025,23.22,,THPT
KCN,Trường Đại Học Khoa Học Và Công Nghệ Hà Nội,7520120,Kỹ thuật Hàng không,A01,2025,23.22,,THPT
KCN,Đại học Khoa Học Và Công Nghệ Hà Nội,7520120,Kỹ thuật hàng không,A01,2025,23.22,,THPT
KCN,Trường Đại Học Khoa Học Và Công Nghệ Hà Nội,7520120,Kỹ thuật Hàng không,A01,2025,23.22,,THPT
KCN,Trường Đại Học Khoa Học Và Công Nghệ Hà Nội,7520120,Kỹ thuật Hàng không,D07,2025,23.22,,THPT
KCN,Đại học Khoa Học Và Công Nghệ Hà Nội,7520121,Kỹ thuật không gian,A00,2025,18.35,,THPT
KCN,Trường Đại Học Khoa Học Và Công Nghệ Hà Nội,7520121,Khoa học Vũ trụ và Công nghệ Vệ tinh,A00,2025,18.35,,THPT
KCN,Trường Đại Học Khoa Học Và Công Nghệ Hà Nội,7520121,Khoa học Vũ trụ và Công nghệ Vệ tinh,A00,2025,18.35,,THPT
KCN,Trường Đại Học Khoa Học Và Công Nghệ Hà Nội,7520121,Khoa học Vũ trụ và Công nghệ Vệ tinh,A01,2025,18.35,,THPT
KCN,Đại học Khoa Học Và Công Nghệ Hà Nội,7520121,Kỹ thuật không gian,A01,2025,18.35,,THPT
KCN,Trường Đại Học Khoa Học Và Công Nghệ Hà Nội,7520121,Khoa học Vũ trụ và Công nghệ Vệ tinh,A01,2025,18.35,,THPT
KCN,Trường Đại Học Khoa Học Và Công Nghệ Hà Nội,7520121,Khoa học Vũ trụ và Công nghệ Vệ tinh,D07,2025,18.35,,THPT
KCN,Đại học Khoa Học Và Công Nghệ Hà Nội,7520121,Kỹ thuật không gian,D07,2025,18.35,,THPT
KCN,Trường Đại Học Khoa Học Và Công Nghệ Hà Nội,7520121,Khoa học Vũ trụ và Công nghệ Vệ tinh,D07,2025,18.35,,THPT
KCN,Trường Đại Học Khoa Học Và Công Nghệ Hà Nội,7520121,Khoa học Vũ trụ và Công nghệ Vệ tinh,D08,2025,18.35,,THPT
KCN,Đại học Khoa Học Và Công Nghệ Hà Nội,7520121,Kỹ thuật không gian,D08,2025,18.35,,THPT
KCN,Trường Đại Học Khoa Học Và Công Nghệ Hà Nội,7520121,Khoa học Vũ trụ và Công nghệ Vệ tinh,D10,2025,18.35,,THPT
KCN,Đại học Khoa Học Và Công Nghệ Hà Nội,7520121,Kỹ thuật không gian,D10,2025,18.35,,THPT
KCN,Đại học Khoa Học Và Công Nghệ Hà Nội,7520130,Kỹ thuật ô tô,A00,2025,18.6,,THPT
KCN,Trường Đại Học Khoa Học Và Công Nghệ Hà Nội,7520130,Kỹ thuật ô tô,A00,2025,18.6,,THPT
KCN,Trường Đại Học Khoa Học Và Công Nghệ Hà Nội,7520130,Kỹ thuật ô tô,A01,2025,18.6,,THPT
KCN,Đại học Khoa Học Và Công Nghệ Hà Nội,7520130,Kỹ thuật ô tô,A01,2025,18.6,,THPT
KCN,Trường Đại Học Khoa Học Và Công Nghệ Hà Nội,7520130,Kỹ thuật ô tô,A01,2025,18.6,,THPT
KCN,Đại học Khoa Học Và Công Nghệ Hà Nội,7520201,Kỹ thuật điện,A00,2025,19.0,,THPT
KCN,Trường Đại Học Khoa Học Và Công Nghệ Hà Nội,7520201,Kỹ thuật điện và Năng lượng tái tạo,A00,2025,19.0,,THPT
KCN,Trường Đại Học Khoa Học Và Công Nghệ Hà Nội,7520201,Kỹ thuật điện và Năng lượng tái tạo,A01,2025,19.0,,THPT
KCN,Đại học Khoa Học Và Công Nghệ Hà Nội,7520201,Kỹ thuật điện,A01,2025,19.0,,THPT
KCN,Trường Đại Học Khoa Học Và Công Nghệ Hà Nội,7520201,Kỹ thuật điện và Năng lượng tái tạo,A01,2025,19.0,,THPT
KCN,Đại học Khoa Học Và Công Nghệ Hà Nội,7520401,Vật lý kỹ thuật,A00,2025,23.0,,THPT
KCN,Trường Đại Học Khoa Học Và Công Nghệ Hà Nội,7520401,Công nghệ vi mạch bán dẫn,A00,2025,23.0,,THPT
KCN,Trường Đại Học Khoa Học Và Công Nghệ Hà Nội,7520401,Công nghệ vi mạch bán dẫn,A00,2025,23.0,,THPT
KCN,Trường Đại Học Khoa Học Và Công Nghệ Hà Nội,7520401,Công nghệ vi mạch bán dẫn,A01,2025,23.0,,THPT
KCN,Đại học Khoa Học Và Công Nghệ Hà Nội,7520401,Vật lý kỹ thuật,A01,2025,23.0,,THPT
KCN,Trường Đại Học Khoa Học Và Công Nghệ Hà Nội,7520401,Công nghệ vi mạch bán dẫn,A01,2025,23.0,,THPT
KCN,Đại học Khoa Học Và Công Nghệ Hà Nội,7540101,Công nghệ thực phẩm,A00,2025,18.25,,THPT
KCN,Trường Đại Học Khoa Học Và Công Nghệ Hà Nội,7540101,Khoa học và Công nghệ thực phẩm,A00,2025,18.25,,THPT
KCN,Trường Đại Học Khoa Học Và Công Nghệ Hà Nội,7540101,Khoa học và Công nghệ thực phẩm,A00,2025,18.25,,THPT
KCN,Trường Đại Học Khoa Học Và Công Nghệ Hà Nội,7540101,Khoa học và Công nghệ thực phẩm,A01,2025,18.25,,THPT
KCN,Trường Đại Học Khoa Học Và Công Nghệ Hà Nội,7540101,Khoa học và Công nghệ thực phẩm,B00,2025,18.25,,THPT
KCN,Đại học Khoa Học Và Công Nghệ Hà Nội,7540101,Công nghệ thực phẩm,B00,2025,18.25,,THPT
KCN,Trường Đại Học Khoa Học Và Công Nghệ Hà Nội,7540101,Khoa học và Công nghệ thực phẩm,B00,2025,18.25,,THPT
KCN,Trường Đại Học Khoa Học Và Công Nghệ Hà Nội,7540101,Khoa học và Công nghệ thực phẩm,D07,2025,18.25,,THPT
KCN,Đại học Khoa Học Và Công Nghệ Hà Nội,7540101,Công nghệ thực phẩm,D07,2025,18.25,,THPT
KCN,Trường Đại Học Khoa Học Và Công Nghệ Hà Nội,7540101,Khoa học và Công nghệ thực phẩm,D08,2025,18.25,,THPT
KCN,Đại học Khoa Học Và Công Nghệ Hà Nội,7720201,Dược học,A00,2025,20.0,,THPT
KCN,Trường Đại Học Khoa Học Và Công Nghệ Hà Nội,7720201,Dược học,A00,2025,20.0,,THPT
KCN,Trường Đại Học Khoa Học Và Công Nghệ Hà Nội,7720201,Dược học,A00,2025,20.0,,THPT
KCN,Trường Đại Học Khoa Học Và Công Nghệ Hà Nội,7720201,Dược học,A01,2025,20.0,,THPT
KCN,Đại học Khoa Học Và Công Nghệ Hà Nội,7720201,Dược học,A01,2025,20.0,,THPT
KCN,Trường Đại Học Khoa Học Và Công Nghệ Hà Nội,7720201,Dược học,B00,2025,20.0,,THPT
KCN,Đại học Khoa Học Và Công Nghệ Hà Nội,7720201,Dược học,B00,2025,20.0,,THPT
KCN,Trường Đại Học Khoa Học Và Công Nghệ Hà Nội,7720201,Dược học,B00,2025,20.0,,THPT
KCN,Trường Đại Học Khoa Học Và Công Nghệ Hà Nội,7720201,Dược học,D07,2025,20.0,,THPT
KCN,Trường Đại Học Khoa Học Và Công Nghệ Hà Nội,7720201,Dược học,D07,2025,20.0,,THPT
KCN,Đại học Khoa Học Và Công Nghệ Hà Nội,7720201,Dược học,D07,2025,20.0,,THPT
KCN,Trường Đại Học Khoa Học Và Công Nghệ Hà Nội,7720201,Dược học,D08,2025,20.0,,THPT
KCN,Trường Đại Học Khoa Học Và Công Nghệ Hà Nội,7720601,Khoa học và Công nghệ y khoa,A00,2025,19.25,,THPT
KCN,Trường Đại Học Khoa Học Và Công Nghệ Hà Nội,7720601,Khoa học và Công nghệ y khoa,A00,2025,19.25,,THPT
KCN,Trường Đại Học Khoa Học Và Công Nghệ Hà Nội,7720601,Khoa học và Công nghệ y khoa,A01,2025,19.25,,THPT
KCN,Trường Đại Học Khoa Học Và Công Nghệ Hà Nội,7720601,Khoa học và Công nghệ y khoa,A01,2025,19.25,,THPT
KCN,Trường Đại Học Khoa Học Và Công Nghệ Hà Nội,7720601,Khoa học và Công nghệ y khoa,B00,2025,19.25,,THPT
KCN,Trường Đại Học Khoa Học Và Công Nghệ Hà Nội,7720601,Khoa học và Công nghệ y khoa,B00,2025,19.25,,THPT
KCN,Trường Đại Học Khoa Học Và Công Nghệ Hà Nội,7720601,Khoa học và Công nghệ y khoa,D07,2025,19.25,,THPT
KCN,Trường Đại Học Khoa Học Và Công Nghệ Hà Nội,7720601,Khoa học và Công nghệ y khoa,D08,2025,19.25,,THPT
KGH,Trường Sĩ Quan Không Quân - Hệ Đại học,7860203_NL_B,Chỉ huy tham mưu Không quân (Thiết bị bay không người lái),A00,2025,16.85,,THPT
KGH,Trường Sĩ Quan Không Quân - Hệ Đại học,7860203_NL_B,Chỉ huy tham mưu Không quân (Thiết bị bay không người lái),A01,2025,16.85,,THPT
KGH,Trường Sĩ Quan Không Quân - Hệ Đại học,7860203_NL_N,Chỉ huy tham mưu Không quân (Thiết bị bay không người lái) - Thí sinh miền Nam,A00,2025,16.85,,THPT
KGH,Trường Sĩ Quan Không Quân - Hệ Đại học,7860203_NL_N,Chỉ huy tham mưu Không quân (Thiết bị bay không người lái) - Thí sinh miền Nam,A01,2025,16.85,,THPT
KGH,Trường Sĩ Quan Không Quân - Hệ Đại học,7860203_PCQS,Chỉ huy tham mưu không quân (Phi công quân sự),A00,2025,18.6,,THPT
KGH,Trường Sĩ Quan Không Quân - Hệ Đại học,7860203_PCQS,Chỉ huy tham mưu không quân (Phi công quân sự),A01,2025,18.6,,THPT
KGH,Trường Sĩ Quan Không Quân - Hệ Đại học,7860203|20A00,Ngành phi công quân sự (Thí sinh nam toàn quốc),A00,2025,16.85,,THPT
KGH,Trường Sĩ Quan Không Quân - Hệ Đại học,7860203|20A00,Ngành phi công quân sự (Thí sinh nam toàn quốc),A00,2025,18.6,,THPT
KGH,Trường Sĩ Quan Không Quân - Hệ Đại học,7860203|20A00,Ngành phi công quân sự (Thí sinh nam toàn quốc),A01,2025,16.85,,THPT
KGH,Trường Sĩ Quan Không Quân - Hệ Đại học,7860203|20A00,Ngành phi công quân sự (Thí sinh nam toàn quốc),A01,2025,18.6,,THPT
KHA,Đại học Kinh tế quốc dân,7220201,Ngôn ngữ Anh,A00,2025,26.51,,THPT
KHA,Đại Học Kinh Tế Quốc Dân,7220201,Ngôn ngữ Anh,A00,2025,26.51,,THPT
KHA,Đại Học Kinh Tế Quốc Dân,7220201,Ngôn ngữ Anh,A01,2025,26.51,,THPT
KHA,Đại học Kinh tế quốc dân,7220201,Ngôn ngữ Anh,A01,2025,26.51,,THPT
KHA,Đại Học Kinh Tế Quốc Dân,7220201,Ngôn ngữ Anh,D01,2025,26.51,,THPT
KHA,Đại học Kinh tế quốc dân,7220201,Ngôn ngữ Anh,D01,2025,26.51,,THPT
KHA,Đại Học Kinh Tế Quốc Dân,7220201,Ngôn ngữ Anh,D07,2025,26.51,,THPT
KHA,Đại học Kinh tế quốc dân,7220201,Ngôn ngữ Anh,D07,2025,26.51,,THPT
KHA,Đại học Kinh tế quốc dân,7310101_1,Kinh tế,A00,2025,26.52,,THPT
KHA,Đại Học Kinh Tế Quốc Dân,7310101_1,Kinh tế học (ngành Kinh tế),A00,2025,26.52,,THPT
KHA,Đại Học Kinh Tế Quốc Dân,7310101_1,Kinh tế học (ngành Kinh tế),A01,2025,26.52,,THPT
KHA,Đại học Kinh tế quốc dân,7310101_1,Kinh tế,A01,2025,26.52,,THPT
KHA,Đại Học Kinh Tế Quốc Dân,7310101_1,Kinh tế học (ngành Kinh tế),D01,2025,26.52,,THPT
KHA,Đại học Kinh tế quốc dân,7310101_1,Kinh tế,D01,2025,26.52,,THPT
KHA,Đại Học Kinh Tế Quốc Dân,7310101_1,Kinh tế học (ngành Kinh tế),D07,2025,26.52,,THPT
KHA,Đại học Kinh tế quốc dân,7310101_1,Kinh tế,D07,2025,26.52,,THPT
KHA,Đại học Kinh tế quốc dân,7310101_2,Kinh tế,A00,2025,25.8,,THPT
KHA,Đại Học Kinh Tế Quốc Dân,7310101_2,Kinh tế và quản lý đô thị (ngành Kinh tế),A00,2025,25.8,,THPT
KHA,Đại Học Kinh Tế Quốc Dân,7310101_2,Kinh tế và quản lý đô thị (ngành Kinh tế),A01,2025,25.8,,THPT
KHA,Đại học Kinh tế quốc dân,7310101_2,Kinh tế,A01,2025,25.8,,THPT
KHA,Đại Học Kinh Tế Quốc Dân,7310101_2,Kinh tế và quản lý đô thị (ngành Kinh tế),D01,2025,25.8,,THPT
KHA,Đại học Kinh tế quốc dân,7310101_2,Kinh tế,D01,2025,25.8,,THPT
KHA,Đại Học Kinh Tế Quốc Dân,7310101_2,Kinh tế và quản lý đô thị (ngành Kinh tế),D07,2025,25.8,,THPT
KHA,Đại học Kinh tế quốc dân,7310101_2,Kinh tế,D07,2025,25.8,,THPT
KHA,Đại học Kinh tế quốc dân,7310101_3,Kinh tế,A00,2025,26.79,,THPT
KHA,Đại Học Kinh Tế Quốc Dân,7310101_3,Kinh tế và quản lý nguồn nhân lực (ngành Kinh tế),A00,2025,26.79,,THPT
KHA,Đại Học Kinh Tế Quốc Dân,7310101_3,Kinh tế và quản lý nguồn nhân lực (ngành Kinh tế),A01,2025,26.79,,THPT
KHA,Đại học Kinh tế quốc dân,7310101_3,Kinh tế,A01,2025,26.79,,THPT
KHA,Đại Học Kinh Tế Quốc Dân,7310101_3,Kinh tế và quản lý nguồn nhân lực (ngành Kinh tế),D01,2025,26.79,,THPT
KHA,Đại học Kinh tế quốc dân,7310101_3,Kinh tế,D01,2025,26.79,,THPT
KHA,Đại Học Kinh Tế Quốc Dân,7310101_3,Kinh tế và quản lý nguồn nhân lực (ngành Kinh tế),D07,2025,26.79,,THPT
KHA,Đại học Kinh tế quốc dân,7310101_3,Kinh tế,D07,2025,26.79,,THPT
KHA,Đại học Kinh tế quốc dân,7310104,Kinh tế đầu tư,A00,2025,27.5,,THPT
KHA,Đại Học Kinh Tế Quốc Dân,7310104,Kinh tế đầu tư,A00,2025,27.5,,THPT
KHA,Đại Học Kinh Tế Quốc Dân,7310104,Kinh tế đầu tư,A01,2025,27.5,,THPT
KHA,Đại học Kinh tế quốc dân,7310104,Kinh tế đầu tư,A01,2025,27.5,,THPT
KHA,Đại Học Kinh Tế Quốc Dân,7310104,Kinh tế đầu tư,D01,2025,27.5,,THPT
KHA,Đại học Kinh tế quốc dân,7310104,Kinh tế đầu tư,D01,2025,27.5,,THPT
KHA,Đại Học Kinh Tế Quốc Dân,7310104,Kinh tế đầu tư,D07,2025,27.5,,THPT
KHA,Đại học Kinh tế quốc dân,7310104,Kinh tế đầu tư,D07,2025,27.5,,THPT
KHA,Đại Học Kinh Tế Quốc Dân,7310104_CLC2,Kinh tế Đầu tư - CT CLC2,A00,2025,26.5,,THPT
KHA,Đại Học Kinh Tế Quốc Dân,7310104_CLC2,Kinh tế Đầu tư - CT CLC2,A01,2025,26.5,,THPT
KHA,Đại Học Kinh Tế Quốc Dân,7310104_CLC2,Kinh tế Đầu tư - CT CLC2,D01,2025,26.5,,THPT
KHA,Đại Học Kinh Tế Quốc Dân,7310104_CLC2,Kinh tế Đầu tư - CT CLC2,D07,2025,26.5,,THPT
KHA,Đại học Kinh tế quốc dân,7310105,Kinh tế phát triển,A00,2025,26.77,,THPT
KHA,Đại Học Kinh Tế Quốc Dân,7310105,Kinh tế phát triển,A00,2025,26.77,,THPT
KHA,Đại Học Kinh Tế Quốc Dân,7310105,Kinh tế phát triển,A01,2025,26.77,,THPT
KHA,Đại học Kinh tế quốc dân,7310105,Kinh tế phát triển,A01,2025,26.77,,THPT
KHA,Đại Học Kinh Tế Quốc Dân,7310105,Kinh tế phát triển,D01,2025,26.77,,THPT
KHA,Đại học Kinh tế quốc dân,7310105,Kinh tế phát triển,D01,2025,26.77,,THPT
KHA,Đại Học Kinh Tế Quốc Dân,7310105,Kinh tế phát triển,D07,2025,26.77,,THPT
KHA,Đại học Kinh tế quốc dân,7310105,Kinh tế phát triển,D07,2025,26.77,,THPT
KHA,Đại Học Kinh Tế Quốc Dân,7310105_CLC1,Kinh tế phát triển - CT CLC1,A00,2025,25.25,,THPT
KHA,Đại Học Kinh Tế Quốc Dân,7310105_CLC1,Kinh tế phát triển - CT CLC1,A01,2025,25.25,,THPT
KHA,Đại Học Kinh Tế Quốc Dân,7310105_CLC1,Kinh tế phát triển - CT CLC1,D01,2025,25.25,,THPT
KHA,Đại Học Kinh Tế Quốc Dân,7310105_CLC1,Kinh tế phát triển - CT CLC1,D07,2025,25.25,,THPT
KHA,Đại học Kinh tế quốc dân,7310106,Kinh tế quốc tế,A00,2025,28.13,,THPT
KHA,Đại Học Kinh Tế Quốc Dân,7310106,Kinh tế quốc tế,A00,2025,28.13,,THPT
KHA,Đại Học Kinh Tế Quốc Dân,7310106,Kinh tế quốc tế,A01,2025,28.13,,THPT
KHA,Đại học Kinh tế quốc dân,7310106,Kinh tế quốc tế,A01,2025,28.13,,THPT
KHA,Đại Học Kinh Tế Quốc Dân,7310106,Kinh tế quốc tế,D01,2025,28.13,,THPT
KHA,Đại học Kinh tế quốc dân,7310106,Kinh tế quốc tế,D01,2025,28.13,,THPT
KHA,Đại Học Kinh Tế Quốc Dân,7310106,Kinh tế quốc tế,D07,2025,28.13,,THPT
KHA,Đại học Kinh tế quốc dân,7310106,Kinh tế quốc tế,D07,2025,28.13,,THPT
KHA,Đại Học Kinh Tế Quốc Dân,7310106_CLC3,Kinh tế quốc tế - CT CLC3,A00,2025,26.42,,THPT
KHA,Đại Học Kinh Tế Quốc Dân,7310106_CLC3,Kinh tế quốc tế - CT CLC3,A01,2025,26.42,,THPT
KHA,Đại Học Kinh Tế Quốc Dân,7310106_CLC3,Kinh tế quốc tế - CT CLC3,D01,2025,26.42,,THPT
KHA,Đại Học Kinh Tế Quốc Dân,7310106_CLC3,Kinh tế quốc tế - CT CLC3,D07,2025,26.42,,THPT
KHA,Đại học Kinh tế quốc dân,7310107,Thống kê kinh tế,A00,2025,26.79,,THPT
KHA,Đại Học Kinh Tế Quốc Dân,7310107,Thống kê kinh tế,A00,2025,26.79,,THPT
KHA,Đại Học Kinh Tế Quốc Dân,7310107,Thống kê kinh tế,A01,2025,26.79,,THPT
KHA,Đại học Kinh tế quốc dân,7310107,Thống kê kinh tế,A01,2025,26.79,,THPT
KHA,Đại Học Kinh Tế Quốc Dân,7310107,Thống kê kinh tế,D01,2025,26.79,,THPT
KHA,Đại học Kinh tế quốc dân,7310107,Thống kê kinh tế,D01,2025,26.79,,THPT
KHA,Đại Học Kinh Tế Quốc Dân,7310107,Thống kê kinh tế,D07,2025,26.79,,THPT
KHA,Đại học Kinh tế quốc dân,7310107,Thống kê kinh tế,D07,2025,26.79,,THPT
KHA,Đại học Kinh tế quốc dân,7310108,Toán kinh tế,A00,2025,26.73,,THPT
KHA,Đại Học Kinh Tế Quốc Dân,7310108,Toán kinh tế,A00,2025,26.73,,THPT
KHA,Đại Học Kinh Tế Quốc Dân,7310108,Toán kinh tế,A01,2025,26.73,,THPT
KHA,Đại học Kinh tế quốc dân,7310108,Toán kinh tế,A01,2025,26.73,,THPT
KHA,Đại Học Kinh Tế Quốc Dân,7310108,Toán kinh tế,D01,2025,26.73,,THPT
KHA,Đại học Kinh tế quốc dân,7310108,Toán kinh tế,D01,2025,26.73,,THPT
KHA,Đại Học Kinh Tế Quốc Dân,7310108,Toán kinh tế,D07,2025,26.73,,THPT
KHA,Đại học Kinh tế quốc dân,7310108,Toán kinh tế,D07,2025,26.73,,THPT
KHA,Đại học Kinh tế quốc dân,7320108,Quan hệ công chúng,A00,2025,28.07,,THPT
KHA,Đại Học Kinh Tế Quốc Dân,7320108,Quan hệ công chúng,A00,2025,28.07,,THPT
KHA,Đại Học Kinh Tế Quốc Dân,7320108,Quan hệ công chúng,A01,2025,28.07,,THPT
KHA,Đại học Kinh tế quốc dân,7320108,Quan hệ công chúng,A01,2025,28.07,,THPT
KHA,Đại Học Kinh Tế Quốc Dân,7320108,Quan hệ công chúng,D01,2025,28.07,,THPT
KHA,Đại học Kinh tế quốc dân,7320108,Quan hệ công chúng,D01,2025,28.07,,THPT
KHA,Đại Học Kinh Tế Quốc Dân,7320108,Quan hệ công chúng,D07,2025,28.07,,THPT
KHA,Đại học Kinh tế quốc dân,7320108,Quan hệ công chúng,D07,2025,28.07,,THPT
KHA,Đại Học Kinh Tế Quốc Dân,7320108_CLC2,Quan hệ công chúng - CT CLC2,A00,2025,26.5,,THPT
KHA,Đại Học Kinh Tế Quốc Dân,7320108_CLC2,Quan hệ công chúng - CT CLC2,A01,2025,26.5,,THPT
KHA,Đại Học Kinh Tế Quốc Dân,7320108_CLC2,Quan hệ công chúng - CT CLC2,D01,2025,26.5,,THPT
KHA,Đại Học Kinh Tế Quốc Dân,7320108_CLC2,Quan hệ công chúng - CT CLC2,D07,2025,26.5,,THPT
KHA,Đại học Kinh tế quốc dân,7340101,Quản trị Kinh doanh,A00,2025,27.1,,THPT
KHA,Đại Học Kinh Tế Quốc Dân,7340101,Quản trị kinh doanh,A00,2025,27.1,,THPT
KHA,Đại Học Kinh Tế Quốc Dân,7340101,Quản trị kinh doanh,A01,2025,27.1,,THPT
KHA,Đại học Kinh tế quốc dân,7340101,Quản trị Kinh doanh,A01,2025,27.1,,THPT
KHA,Đại Học Kinh Tế Quốc Dân,7340101,Quản trị kinh doanh,D01,2025,27.1,,THPT
KHA,Đại học Kinh tế quốc dân,7340101,Quản trị Kinh doanh,D01,2025,27.1,,THPT
KHA,Đại Học Kinh Tế Quốc Dân,7340101,Quản trị kinh doanh,D07,2025,27.1,,THPT
KHA,Đại học Kinh tế quốc dân,7340101,Quản trị Kinh doanh,D07,2025,27.1,,THPT
KHA,Đại Học Kinh Tế Quốc Dân,7340101_CLC2,Quản trị Kinh doanh - CT CLC2,A00,2025,26.5,,THPT
KHA,Đại Học Kinh Tế Quốc Dân,7340101_CLC2,Quản trị Kinh doanh - CT CLC2,A01,2025,26.5,,THPT
KHA,Đại Học Kinh Tế Quốc Dân,7340101_CLC2,Quản trị Kinh doanh - CT CLC2,D01,2025,26.5,,THPT
KHA,Đại Học Kinh Tế Quốc Dân,7340101_CLC2,Quản trị Kinh doanh - CT CLC2,D07,2025,26.5,,THPT
KHA,Đại Học Kinh Tế Quốc Dân,7340101_TT1,Quản trị kinh doanh - CT tiên tiến TT1,A00,2025,24.75,,THPT
KHA,Đại Học Kinh Tế Quốc Dân,7340101_TT1,Quản trị kinh doanh - CT tiên tiến TT1,A01,2025,24.75,,THPT
KHA,Đại Học Kinh Tế Quốc Dân,7340101_TT1,Quản trị kinh doanh - CT tiên tiến TT1,D01,2025,24.75,,THPT
KHA,Đại Học Kinh Tế Quốc Dân,7340101_TT1,Quản trị kinh doanh - CT tiên tiến TT1,D07,2025,24.75,,THPT
KHA,Đại học Kinh tế quốc dân,7340115,Marketing,A00,2025,28.12,,THPT
KHA,Đại Học Kinh Tế Quốc Dân,7340115,Marketing,A00,2025,28.12,,THPT
KHA,Đại Học Kinh Tế Quốc Dân,7340115,Marketing,A01,2025,28.12,,THPT
KHA,Đại học Kinh tế quốc dân,7340115,Marketing,A01,2025,28.12,,THPT
KHA,Đại Học Kinh Tế Quốc Dân,7340115,Marketing,D01,2025,28.12,,THPT
KHA,Đại học Kinh tế quốc dân,7340115,Marketing,D01,2025,28.12,,THPT
KHA,Đại Học Kinh Tế Quốc Dân,7340115,Marketing,D07,2025,28.12,,THPT
KHA,Đại học Kinh tế quốc dân,7340115,Marketing,D07,2025,28.12,,THPT
KHA,Đại Học Kinh Tế Quốc Dân,7340115_CLC3,Digital Marketing - CT CLC3,A00,2025,26.42,,THPT
KHA,Đại Học Kinh Tế Quốc Dân,7340115_CLC3,Digital Marketing - CT CLC3,A01,2025,26.42,,THPT
KHA,Đại Học Kinh Tế Quốc Dân,7340115_CLC3,Digital Marketing - CT CLC3,D01,2025,26.42,,THPT
KHA,Đại Học Kinh Tế Quốc Dân,7340115_CLC3,Digital Marketing - CT CLC3,D07,2025,26.42,,THPT
KHA,Đại học Kinh tế quốc dân,7340116,Bất động sản,A00,2025,25.41,,THPT
KHA,Đại Học Kinh Tế Quốc Dân,7340116,Bất động sản,A00,2025,25.41,,THPT
KHA,Đại Học Kinh Tế Quốc Dân,7340116,Bất động sản,A01,2025,25.41,,THPT
KHA,Đại học Kinh tế quốc dân,7340116,Bất động sản,A01,2025,25.41,,THPT
KHA,Đại Học Kinh Tế Quốc Dân,7340116,Bất động sản,D01,2025,25.41,,THPT
KHA,Đại học Kinh tế quốc dân,7340116,Bất động sản,D01,2025,25.41,,THPT
KHA,Đại Học Kinh Tế Quốc Dân,7340116,Bất động sản,D07,2025,25.41,,THPT
KHA,Đại học Kinh tế quốc dân,7340116,Bất động sản,D07,2025,25.41,,THPT
KHA,Đại học Kinh tế quốc dân,7340120,Ngành Kinh doanh quốc tế,A00,2025,28.6,,THPT
KHA,Đại Học Kinh Tế Quốc Dân,7340120,Kinh doanh quốc tế,A00,2025,28.6,,THPT
KHA,Đại Học Kinh Tế Quốc Dân,7340120,Kinh doanh quốc tế,A01,2025,28.6,,THPT
KHA,Đại học Kinh tế quốc dân,7340120,Ngành Kinh doanh quốc tế,A01,2025,28.6,,THPT
KHA,Đại Học Kinh Tế Quốc Dân,7340120,Kinh doanh quốc tế,D01,2025,28.6,,THPT
KHA,Đại học Kinh tế quốc dân,7340120,Ngành Kinh doanh quốc tế,D01,2025,28.6,,THPT
KHA,Đại Học Kinh Tế Quốc Dân,7340120,Kinh doanh quốc tế,D07,2025,28.6,,THPT
KHA,Đại học Kinh tế quốc dân,7340120,Ngành Kinh doanh quốc tế,D07,2025,28.6,,THPT
KHA,Đại Học Kinh Tế Quốc Dân,7340120_CLC3,Quản trị Kinh doanh quốc tế - CT CLC3,A00,2025,26.42,,THPT
KHA,Đại Học Kinh Tế Quốc Dân,7340120_CLC3,Quản trị Kinh doanh quốc tế - CT CLC3,A01,2025,26.42,,THPT
KHA,Đại Học Kinh Tế Quốc Dân,7340120_CLC3,Quản trị Kinh doanh quốc tế - CT CLC3,D01,2025,26.42,,THPT
KHA,Đại Học Kinh Tế Quốc Dân,7340120_CLC3,Quản trị Kinh doanh quốc tế - CT CLC3,D07,2025,26.42,,THPT
KHA,Đại Học Kinh Tế Quốc Dân,7340120_TT2,Quản trị Kinh doanh quốc tế - CT tiên tiến TT2,A00,2025,25.5,,THPT
KHA,Đại Học Kinh Tế Quốc Dân,7340120_TT2,Quản trị Kinh doanh quốc tế - CT tiên tiến TT2,A01,2025,25.5,,THPT
KHA,Đại Học Kinh Tế Quốc Dân,7340120_TT2,Quản trị Kinh doanh quốc tế - CT tiên tiến TT2,D01,2025,25.5,,THPT
KHA,Đại Học Kinh Tế Quốc Dân,7340120_TT2,Quản trị Kinh doanh quốc tế - CT tiên tiến TT2,D07,2025,25.5,,THPT
KHA,Đại học Kinh tế quốc dân,7340121,Kinh doanh thương mại,A00,2025,28.0,,THPT
KHA,Đại Học Kinh Tế Quốc Dân,7340121,Kinh doanh thương mại,A00,2025,28.0,,THPT
KHA,Đại Học Kinh Tế Quốc Dân,7340121,Kinh doanh thương mại,A01,2025,28.0,,THPT
KHA,Đại học Kinh tế quốc dân,7340121,Kinh doanh thương mại,A01,2025,28.0,,THPT
KHA,Đại Học Kinh Tế Quốc Dân,7340121,Kinh doanh thương mại,D01,2025,28.0,,THPT
KHA,Đại học Kinh tế quốc dân,7340121,Kinh doanh thương mại,D01,2025,28.0,,THPT
KHA,Đại Học Kinh Tế Quốc Dân,7340121,Kinh doanh thương mại,D07,2025,28.0,,THPT
KHA,Đại học Kinh tế quốc dân,7340121,Kinh doanh thương mại,D07,2025,28.0,,THPT
KHA,Đại học Kinh tế quốc dân,7340122,Thương mại điện tử,A00,2025,28.83,,THPT
KHA,Đại Học Kinh Tế Quốc Dân,7340122,Thương mại điện tử,A00,2025,28.83,,THPT
KHA,Đại Học Kinh Tế Quốc Dân,7340122,Thương mại điện tử,A01,2025,28.83,,THPT
KHA,Đại học Kinh tế quốc dân,7340122,Thương mại điện tử,A01,2025,28.83,,THPT
KHA,Đại Học Kinh Tế Quốc Dân,7340122,Thương mại điện tử,D01,2025,28.83,,THPT
KHA,Đại học Kinh tế quốc dân,7340122,Thương mại điện tử,D01,2025,28.83,,THPT
KHA,Đại Học Kinh Tế Quốc Dân,7340122,Thương mại điện tử,D07,2025,28.83,,THPT
KHA,Đại học Kinh tế quốc dân,7340122,Thương mại điện tử,D07,2025,28.83,,THPT
KHA,Đại Học Kinh Tế Quốc Dân,7340122_CLC3,Thương mại điện tử - CT CLC3,A00,2025,26.42,,THPT
KHA,Đại Học Kinh Tế Quốc Dân,7340122_CLC3,Thương mại điện tử - CT CLC3,A01,2025,26.42,,THPT
KHA,Đại Học Kinh Tế Quốc Dân,7340122_CLC3,Thương mại điện tử - CT CLC3,D01,2025,26.42,,THPT
KHA,Đại Học Kinh Tế Quốc Dân,7340122_CLC3,Thương mại điện tử - CT CLC3,D07,2025,26.42,,THPT
KHA,Đại học Kinh tế quốc dân,7340201,Tài chính – Ngân hàng,A00,2025,27.34,,THPT
KHA,Đại Học Kinh Tế Quốc Dân,7340201,Tài chính - Ngân hàng,A00,2025,27.34,,THPT
KHA,Đại Học Kinh Tế Quốc Dân,7340201,Tài chính - Ngân hàng,A01,2025,27.34,,THPT
KHA,Đại học Kinh tế quốc dân,7340201,Tài chính – Ngân hàng,A01,2025,27.34,,THPT
KHA,Đại Học Kinh Tế Quốc Dân,7340201,Tài chính - Ngân hàng,D01,2025,27.34,,THPT
KHA,Đại học Kinh tế quốc dân,7340201,Tài chính – Ngân hàng,D01,2025,27.34,,THPT
KHA,Đại Học Kinh Tế Quốc Dân,7340201,Tài chính - Ngân hàng,D07,2025,27.34,,THPT
KHA,Đại học Kinh tế quốc dân,7340201,Tài chính – Ngân hàng,D07,2025,27.34,,THPT
KHA,Đại Học Kinh Tế Quốc Dân,7340201_CLC1,Ngân hàng - CT CLC1,A00,2025,25.25,,THPT
KHA,Đại Học Kinh Tế Quốc Dân,7340201_CLC1,Ngân hàng - CT CLC1,A01,2025,25.25,,THPT
KHA,Đại Học Kinh Tế Quốc Dân,7340201_CLC1,Ngân hàng - CT CLC1,D01,2025,25.25,,THPT
KHA,Đại Học Kinh Tế Quốc Dân,7340201_CLC1,Ngân hàng - CT CLC1,D07,2025,25.25,,THPT
KHA,Đại Học Kinh Tế Quốc Dân,7340201_CLC3,Tài chính doanh nghiệp - CT CLC3,A00,2025,26.42,,THPT
KHA,Đại Học Kinh Tế Quốc Dân,7340201_CLC3,Tài chính doanh nghiệp - CT CLC3,A01,2025,26.42,,THPT
KHA,Đại Học Kinh Tế Quốc Dân,7340201_CLC3,Tài chính doanh nghiệp - CT CLC3,D01,2025,26.42,,THPT
KHA,Đại Học Kinh Tế Quốc Dân,7340201_CLC3,Tài chính doanh nghiệp - CT CLC3,D07,2025,26.42,,THPT
KHA,Đại Học Kinh Tế Quốc Dân,7340201_TT1,Kế hoạch tài chính - CT tiên tiến TT1,A00,2025,24.75,,THPT
KHA,Đại Học Kinh Tế Quốc Dân,7340201_TT1,Kế hoạch tài chính - CT tiên tiến TT1,A01,2025,24.75,,THPT
KHA,Đại Học Kinh Tế Quốc Dân,7340201_TT1,Kế hoạch tài chính - CT tiên tiến TT1,D01,2025,24.75,,THPT
KHA,Đại Học Kinh Tế Quốc Dân,7340201_TT1,Kế hoạch tài chính - CT tiên tiến TT1,D07,2025,24.75,,THPT
KHA,Đại Học Kinh Tế Quốc Dân,7340201_TT2,Tài chính - CT tiên tiến TT2,A00,2025,25.5,,THPT
KHA,Đại Học Kinh Tế Quốc Dân,7340201_TT2,Tài chính - CT tiên tiến TT2,A01,2025,25.5,,THPT
KHA,Đại Học Kinh Tế Quốc Dân,7340201_TT2,Tài chính - CT tiên tiến TT2,D01,2025,25.5,,THPT
KHA,Đại Học Kinh Tế Quốc Dân,7340201_TT2,Tài chính - CT tiên tiến TT2,D07,2025,25.5,,THPT
KHA,Đại học Kinh tế quốc dân,7340204,Bảo hiểm,A00,2025,24.75,,THPT
KHA,Đại Học Kinh Tế Quốc Dân,7340204,Bảo hiểm,A00,2025,24.75,,THPT
KHA,Đại Học Kinh Tế Quốc Dân,7340204,Bảo hiểm,A01,2025,24.75,,THPT
KHA,Đại học Kinh tế quốc dân,7340204,Bảo hiểm,A01,2025,24.75,,THPT
KHA,Đại Học Kinh Tế Quốc Dân,7340204,Bảo hiểm,D01,2025,24.75,,THPT
KHA,Đại học Kinh tế quốc dân,7340204,Bảo hiểm,D01,2025,24.75,,THPT
KHA,Đại Học Kinh Tế Quốc Dân,7340204,Bảo hiểm,D07,2025,24.75,,THPT
KHA,Đại học Kinh tế quốc dân,7340204,Bảo hiểm,D07,2025,24.75,,THPT
KHA,Đại Học Kinh Tế Quốc Dân,7340204_CLC1,Bảo hiểm tích hợp chứng chỉ ANZ1IF - CT CLC1,A00,2025,25.25,,THPT
KHA,Đại Học Kinh Tế Quốc Dân,7340204_CLC1,Bảo hiểm tích hợp chứng chỉ ANZ1IF - CT CLC1,A01,2025,25.25,,THPT
KHA,Đại Học Kinh Tế Quốc Dân,7340204_CLC1,Bảo hiểm tích hợp chứng chỉ ANZ1IF - CT CLC1,D01,2025,25.25,,THPT
KHA,Đại Học Kinh Tế Quốc Dân,7340204_CLC1,Bảo hiểm tích hợp chứng chỉ ANZ1IF - CT CLC1,D07,2025,25.25,,THPT
KHA,Đại học Kinh tế quốc dân,7340301,Kế toán,A00,2025,27.1,,THPT
KHA,Đại Học Kinh Tế Quốc Dân,7340301,Kế toán,A00,2025,27.1,,THPT
KHA,Đại Học Kinh Tế Quốc Dân,7340301,Kế toán,A01,2025,27.1,,THPT
KHA,Đại học Kinh tế quốc dân,7340301,Kế toán,A01,2025,27.1,,THPT
KHA,Đại Học Kinh Tế Quốc Dân,7340301,Kế toán,D01,2025,27.1,,THPT
KHA,Đại học Kinh tế quốc dân,7340301,Kế toán,D01,2025,27.1,,THPT
KHA,Đại Học Kinh Tế Quốc Dân,7340301,Kế toán,D07,2025,27.1,,THPT
KHA,Đại học Kinh tế quốc dân,7340301,Kế toán,D07,2025,27.1,,THPT
KHA,Đại Học Kinh Tế Quốc Dân,7340301_TT1,Kế toán- CT tiên tiến TT1,A00,2025,24.75,,THPT
KHA,Đại Học Kinh Tế Quốc Dân,7340301_TT1,Kế toán- CT tiên tiến TT1,A01,2025,24.75,,THPT
KHA,Đại Học Kinh Tế Quốc Dân,7340301_TT1,Kế toán- CT tiên tiến TT1,D01,2025,24.75,,THPT
KHA,Đại Học Kinh Tế Quốc Dân,7340301_TT1,Kế toán- CT tiên tiến TT1,D07,2025,24.75,,THPT
KHA,Đại học Kinh tế quốc dân,7340302,Kiểm toán,A00,2025,28.38,,THPT
KHA,Đại Học Kinh Tế Quốc Dân,7340302,Kiểm toán,A00,2025,28.38,,THPT
KHA,Đại Học Kinh Tế Quốc Dân,7340302,Kiểm toán,A01,2025,28.38,,THPT
KHA,Đại học Kinh tế quốc dân,7340302,Kiểm toán,A01,2025,28.38,,THPT
KHA,Đại Học Kinh Tế Quốc Dân,7340302,Kiểm toán,D01,2025,28.38,,THPT
KHA,Đại học Kinh tế quốc dân,7340302,Kiểm toán,D01,2025,28.38,,THPT
KHA,Đại Học Kinh Tế Quốc Dân,7340302,Kiểm toán,D07,2025,28.38,,THPT
KHA,Đại học Kinh tế quốc dân,7340302,Kiểm toán,D07,2025,28.38,,THPT
KHA,Đại Học Kinh Tế Quốc Dân,7340302_CLC3,Kiểm toán tích hợp chứng chỉ ACCA - CT CLC3,A00,2025,26.42,,THPT
KHA,Đại Học Kinh Tế Quốc Dân,7340302_CLC3,Kiểm toán tích hợp chứng chỉ ACCA - CT CLC3,A01,2025,26.42,,THPT
KHA,Đại Học Kinh Tế Quốc Dân,7340302_CLC3,Kiểm toán tích hợp chứng chỉ ACCA - CT CLC3,D01,2025,26.42,,THPT
KHA,Đại Học Kinh Tế Quốc Dân,7340302_CLC3,Kiểm toán tích hợp chứng chỉ ACCA - CT CLC3,D07,2025,26.42,,THPT
KHA,Đại học Kinh tế quốc dân,7340401,Khoa học quản lý,A00,2025,26.06,,THPT
KHA,Đại Học Kinh Tế Quốc Dân,7340401,Khoa học quản lý,A00,2025,26.06,,THPT
KHA,Đại Học Kinh Tế Quốc Dân,7340401,Khoa học quản lý,A01,2025,26.06,,THPT
KHA,Đại học Kinh tế quốc dân,7340401,Khoa học quản lý,A01,2025,26.06,,THPT
KHA,Đại Học Kinh Tế Quốc Dân,7340401,Khoa học quản lý,D01,2025,26.06,,THPT
KHA,Đại học Kinh tế quốc dân,7340401,Khoa học quản lý,D01,2025,26.06,,THPT
KHA,Đại Học Kinh Tế Quốc Dân,7340401,Khoa học quản lý,D07,2025,26.06,,THPT
KHA,Đại học Kinh tế quốc dân,7340401,Khoa học quản lý,D07,2025,26.06,,THPT
KHA,Đại học Kinh tế quốc dân,7340403,Quản lý công,A00,2025,25.42,,THPT
KHA,Đại Học Kinh Tế Quốc Dân,7340403,Quản lý công,A00,2025,25.42,,THPT
KHA,Đại Học Kinh Tế Quốc Dân,7340403,Quản lý công,A01,2025,25.42,,THPT
KHA,Đại học Kinh tế quốc dân,7340403,Quản lý công,A01,2025,25.42,,THPT
KHA,Đại Học Kinh Tế Quốc Dân,7340403,Quản lý công,D01,2025,25.42,,THPT
KHA,Đại học Kinh tế quốc dân,7340403,Quản lý công,D01,2025,25.42,,THPT
KHA,Đại Học Kinh Tế Quốc Dân,7340403,Quản lý công,D07,2025,25.42,,THPT
KHA,Đại học Kinh tế quốc dân,7340403,Quản lý công,D07,2025,25.42,,THPT
KHA,Đại học Kinh tế quốc dân,7340404,Quản trị nhân lực,A00,2025,27.1,,THPT
KHA,Đại Học Kinh Tế Quốc Dân,7340404,Quản trị nhân lực,A00,2025,27.1,,THPT
KHA,Đại Học Kinh Tế Quốc Dân,7340404,Quản trị nhân lực,A01,2025,27.1,,THPT
KHA,Đại học Kinh tế quốc dân,7340404,Quản trị nhân lực,A01,2025,27.1,,THPT
KHA,Đại Học Kinh Tế Quốc Dân,7340404,Quản trị nhân lực,D01,2025,27.1,,THPT
KHA,Đại học Kinh tế quốc dân,7340404,Quản trị nhân lực,D01,2025,27.1,,THPT
KHA,Đại Học Kinh Tế Quốc Dân,7340404,Quản trị nhân lực,D07,2025,27.1,,THPT
KHA,Đại học Kinh tế quốc dân,7340404,Quản trị nhân lực,D07,2025,27.1,,THPT
KHA,Đại Học Kinh Tế Quốc Dân,7340404_CLC2,Quản trị nhân lực - CT CLC2,A00,2025,26.5,,THPT
KHA,Đại Học Kinh Tế Quốc Dân,7340404_CLC2,Quản trị nhân lực - CT CLC2,A01,2025,26.5,,THPT
KHA,Đại Học Kinh Tế Quốc Dân,7340404_CLC2,Quản trị nhân lực - CT CLC2,D01,2025,26.5,,THPT
KHA,Đại Học Kinh Tế Quốc Dân,7340404_CLC2,Quản trị nhân lực - CT CLC2,D07,2025,26.5,,THPT
KHA,Đại học Kinh tế quốc dân,7340405,Hệ thống thông tin,A00,2025,26.38,,THPT
KHA,Đại Học Kinh Tế Quốc Dân,7340405,Hệ thống thông tin quản lý,A00,2025,27.5,,THPT
KHA,Đại Học Kinh Tế Quốc Dân,7340405,Hệ thống thông tin quản lý,A01,2025,27.5,,THPT
KHA,Đại học Kinh tế quốc dân,7340405,Hệ thống thông tin,A01,2025,26.38,,THPT
KHA,Đại Học Kinh Tế Quốc Dân,7340405,Hệ thống thông tin quản lý,D01,2025,27.5,,THPT
KHA,Đại học Kinh tế quốc dân,7340405,Hệ thống thông tin,D01,2025,26.38,,THPT
KHA,Đại Học Kinh Tế Quốc Dân,7340405,Hệ thống thông tin quản lý,D07,2025,27.5,,THPT
KHA,Đại học Kinh tế quốc dân,7340405,Hệ thống thông tin,D07,2025,26.38,,THPT
KHA,Đại học Kinh tế quốc dân,7340408,Quan hệ lao động (CN Quản lý Quan hệ lao động. CN Hành vi tổ chức),A00,2025,25.0,,THPT
KHA,Đại Học Kinh Tế Quốc Dân,7340408,Quan hệ lao động,A00,2025,25.0,,THPT
KHA,Đại Học Kinh Tế Quốc Dân,7340408,Quan hệ lao động,A01,2025,25.0,,THPT
KHA,Đại học Kinh tế quốc dân,7340408,Quan hệ lao động (CN Quản lý Quan hệ lao động. CN Hành vi tổ chức),A01,2025,25.0,,THPT
KHA,Đại Học Kinh Tế Quốc Dân,7340408,Quan hệ lao động,D01,2025,25.0,,THPT
KHA,Đại học Kinh tế quốc dân,7340408,Quan hệ lao động (CN Quản lý Quan hệ lao động. CN Hành vi tổ chức),D01,2025,25.0,,THPT
KHA,Đại Học Kinh Tế Quốc Dân,7340408,Quan hệ lao động,D07,2025,25.0,,THPT
KHA,Đại học Kinh tế quốc dân,7340408,Quan hệ lao động (CN Quản lý Quan hệ lao động. CN Hành vi tổ chức),D07,2025,25.0,,THPT
KHA,Đại học Kinh tế quốc dân,7340409,Quản lý dự án,A00,2025,26.63,,THPT
KHA,Đại Học Kinh Tế Quốc Dân,7340409,Quản lý dự án,A00,2025,26.63,,THPT
KHA,Đại Học Kinh Tế Quốc Dân,7340409,Quản lý dự án,A01,2025,26.63,,THPT
KHA,Đại học Kinh tế quốc dân,7340409,Quản lý dự án,A01,2025,26.63,,THPT
KHA,Đại Học Kinh Tế Quốc Dân,7340409,Quản lý dự án,D01,2025,26.63,,THPT
KHA,Đại học Kinh tế quốc dân,7340409,Quản lý dự án,D01,2025,26.63,,THPT
KHA,Đại Học Kinh Tế Quốc Dân,7340409,Quản lý dự án,D07,2025,26.63,,THPT
KHA,Đại học Kinh tế quốc dân,7340409,Quản lý dự án,D07,2025,26.63,,THPT
KHA,Đại học Kinh tế quốc dân,7380101,Ngành Luật,A00,2025,26.41,,THPT
KHA,Đại Học Kinh Tế Quốc Dân,7380101,Luật,A00,2025,25.96,,THPT
KHA,Đại Học Kinh Tế Quốc Dân,7380101,Luật,A01,2025,25.96,,THPT
KHA,Đại học Kinh tế quốc dân,7380101,Ngành Luật,A01,2025,26.41,,THPT
KHA,Đại Học Kinh Tế Quốc Dân,7380101,Luật,D01,2025,25.96,,THPT
KHA,Đại học Kinh tế quốc dân,7380101,Ngành Luật,D01,2025,26.41,,THPT
KHA,Đại Học Kinh Tế Quốc Dân,7380101,Luật,D07,2025,25.96,,THPT
KHA,Đại học Kinh tế quốc dân,7380101,Ngành Luật,D07,2025,26.41,,THPT
KHA,Đại học Kinh tế quốc dân,7380107,Luật kinh tế,A00,2025,26.75,,THPT
KHA,Đại Học Kinh Tế Quốc Dân,7380107,Luật kinh tế,A00,2025,26.75,,THPT
KHA,Đại Học Kinh Tế Quốc Dân,7380107,Luật kinh tế,A01,2025,26.75,,THPT
KHA,Đại học Kinh tế quốc dân,7380107,Luật kinh tế,A01,2025,26.75,,THPT
KHA,Đại Học Kinh Tế Quốc Dân,7380107,Luật kinh tế,D01,2025,26.75,,THPT
KHA,Đại học Kinh tế quốc dân,7380107,Luật kinh tế,D01,2025,26.75,,THPT
KHA,Đại Học Kinh Tế Quốc Dân,7380107,Luật kinh tế,D07,2025,26.75,,THPT
KHA,Đại học Kinh tế quốc dân,7380107,Luật kinh tế,D07,2025,26.75,,THPT
KHA,Đại học Kinh tế quốc dân,7380109,Luật Thương mại Quốc tế,A00,2025,26.44,,THPT
KHA,Đại Học Kinh Tế Quốc Dân,7380109,Luật thương mại quốc tế,A00,2025,26.44,,THPT
KHA,Đại Học Kinh Tế Quốc Dân,7380109,Luật thương mại quốc tế,A01,2025,26.44,,THPT
KHA,Đại học Kinh tế quốc dân,7380109,Luật Thương mại Quốc tế,A01,2025,26.44,,THPT
KHA,Đại Học Kinh Tế Quốc Dân,7380109,Luật thương mại quốc tế,D01,2025,26.44,,THPT
KHA,Đại học Kinh tế quốc dân,7380109,Luật Thương mại Quốc tế,D01,2025,26.44,,THPT
KHA,Đại Học Kinh Tế Quốc Dân,7380109,Luật thương mại quốc tế,D07,2025,26.44,,THPT
KHA,Đại học Kinh tế quốc dân,7380109,Luật Thương mại Quốc tế,D07,2025,26.44,,THPT
KHA,Đại học Kinh tế quốc dân,7480101,Khoa học máy tính,A00,2025,26.27,,THPT
KHA,Đại Học Kinh Tế Quốc Dân,7480101,Khoa học máy tính,A00,2025,26.27,,THPT
KHA,Đại Học Kinh Tế Quốc Dân,7480101,Khoa học máy tính,A01,2025,26.27,,THPT
KHA,Đại học Kinh tế quốc dân,7480101,Khoa học máy tính,A01,2025,26.27,,THPT
KHA,Đại Học Kinh Tế Quốc Dân,7480101,Khoa học máy tính,D01,2025,26.27,,THPT
KHA,Đại học Kinh tế quốc dân,7480101,Khoa học máy tính,D01,2025,26.27,,THPT
KHA,Đại Học Kinh Tế Quốc Dân,7480101,Khoa học máy tính,D07,2025,26.27,,THPT
KHA,Đại học Kinh tế quốc dân,7480101,Khoa học máy tính,D07,2025,26.27,,THPT
KHA,Đại Học Kinh Tế Quốc Dân,7480104,Hệ thống thông tin,A00,2025,26.38,,THPT
KHA,Đại Học Kinh Tế Quốc Dân,7480104,Hệ thống thông tin,A01,2025,26.38,,THPT
KHA,Đại Học Kinh Tế Quốc Dân,7480104,Hệ thống thông tin,D01,2025,26.38,,THPT
KHA,Đại Học Kinh Tế Quốc Dân,7480104,Hệ thống thông tin,D07,2025,26.38,,THPT
KHA,Đại học Kinh tế quốc dân,7480201,Công nghệ thông tin,A00,2025,25.89,,THPT
KHA,Đại Học Kinh Tế Quốc Dân,7480201,Công nghệ thông tin,A00,2025,25.89,,THPT
KHA,Đại Học Kinh Tế Quốc Dân,7480201,Công nghệ thông tin,A01,2025,25.89,,THPT
KHA,Đại học Kinh tế quốc dân,7480201,Công nghệ thông tin,A01,2025,25.89,,THPT
KHA,Đại Học Kinh Tế Quốc Dân,7480201,Công nghệ thông tin,D01,2025,25.89,,THPT
KHA,Đại học Kinh tế quốc dân,7480201,Công nghệ thông tin,D01,2025,25.89,,THPT
KHA,Đại Học Kinh Tế Quốc Dân,7480201,Công nghệ thông tin,D07,2025,25.89,,THPT
KHA,Đại học Kinh tế quốc dân,7480201,Công nghệ thông tin,D07,2025,25.89,,THPT
KHA,Đại Học Kinh Tế Quốc Dân,7480201_CLC1,Công nghệ thông tin và chuyển đổi số - CT CLC1,A00,2025,25.25,,THPT
KHA,Đại Học Kinh Tế Quốc Dân,7480201_CLC1,Công nghệ thông tin và chuyển đổi số - CT CLC1,A01,2025,25.25,,THPT
KHA,Đại Học Kinh Tế Quốc Dân,7480201_CLC1,Công nghệ thông tin và chuyển đổi số - CT CLC1,D01,2025,25.25,,THPT
KHA,Đại Học Kinh Tế Quốc Dân,7480201_CLC1,Công nghệ thông tin và chuyển đổi số - CT CLC1,D07,2025,25.25,,THPT
KHA,Đại Học Kinh Tế Quốc Dân,7480202,An toàn thông tin,A00,2025,25.59,,THPT
KHA,Đại Học Kinh Tế Quốc Dân,7480202,An toàn thông tin,A01,2025,25.59,,THPT
KHA,Đại Học Kinh Tế Quốc Dân,7480202,An toàn thông tin,D01,2025,25.59,,THPT
KHA,Đại Học Kinh Tế Quốc Dân,7480202,An toàn thông tin,D07,2025,25.59,,THPT
KHA,Đại học Kinh tế quốc dân,7510605,Logistics và Quản lý chuỗi cung ứng,A00,2025,28.61,,THPT
KHA,Đại Học Kinh Tế Quốc Dân,7510605,Logistics và Quản lý chuỗi cung ứng,A00,2025,28.61,,THPT
KHA,Đại Học Kinh Tế Quốc Dân,7510605,Logistics và Quản lý chuỗi cung ứng,A01,2025,28.61,,THPT
KHA,Đại học Kinh tế quốc dân,7510605,Logistics và Quản lý chuỗi cung ứng,A01,2025,28.61,,THPT
KHA,Đại Học Kinh Tế Quốc Dân,7510605,Logistics và Quản lý chuỗi cung ứng,D01,2025,28.61,,THPT
KHA,Đại học Kinh tế quốc dân,7510605,Logistics và Quản lý chuỗi cung ứng,D01,2025,28.61,,THPT
KHA,Đại Học Kinh Tế Quốc Dân,7510605,Logistics và Quản lý chuỗi cung ứng,D07,2025,28.61,,THPT
KHA,Đại học Kinh tế quốc dân,7510605,Logistics và Quản lý chuỗi cung ứng,D07,2025,28.61,,THPT
KHA,Đại Học Kinh Tế Quốc Dân,7510605_CLC3,Logistics và Quản lý chuỗi cung ứng - CT CLC3,A00,2025,26.42,,THPT
KHA,Đại Học Kinh Tế Quốc Dân,7510605_CLC3,Logistics và Quản lý chuỗi cung ứng - CT CLC3,A01,2025,26.42,,THPT
KHA,Đại Học Kinh Tế Quốc Dân,7510605_CLC3,Logistics và Quản lý chuỗi cung ứng - CT CLC3,D01,2025,26.42,,THPT
KHA,Đại Học Kinh Tế Quốc Dân,7510605_CLC3,Logistics và Quản lý chuỗi cung ứng - CT CLC3,D07,2025,26.42,,THPT
KHA,Đại học Kinh tế quốc dân,7620114,Kinh doanh nông nghiệp,A00,2025,23.75,,THPT
KHA,Đại Học Kinh Tế Quốc Dân,7620114,Kinh doanh nông nghiệp,A00,2025,23.75,,THPT
KHA,Đại Học Kinh Tế Quốc Dân,7620114,Kinh doanh nông nghiệp,A01,2025,23.75,,THPT
KHA,Đại học Kinh tế quốc dân,7620114,Kinh doanh nông nghiệp,A01,2025,23.75,,THPT
KHA,Đại Học Kinh Tế Quốc Dân,7620114,Kinh doanh nông nghiệp,D01,2025,23.75,,THPT
KHA,Đại học Kinh tế quốc dân,7620114,Kinh doanh nông nghiệp,D01,2025,23.75,,THPT
KHA,Đại Học Kinh Tế Quốc Dân,7620114,Kinh doanh nông nghiệp,D07,2025,23.75,,THPT
KHA,Đại học Kinh tế quốc dân,7620114,Kinh doanh nông nghiệp,D07,2025,23.75,,THPT
KHA,Đại học Kinh tế quốc dân,7620115,Kinh tế nông nghiệp,A00,2025,24.35,,THPT
KHA,Đại Học Kinh Tế Quốc Dân,7620115,Kinh tế nông nghiệp,A00,2025,24.35,,THPT
KHA,Đại Học Kinh Tế Quốc Dân,7620115,Kinh tế nông nghiệp,A01,2025,24.35,,THPT
KHA,Đại học Kinh tế quốc dân,7620115,Kinh tế nông nghiệp,A01,2025,24.35,,THPT
KHA,Đại Học Kinh Tế Quốc Dân,7620115,Kinh tế nông nghiệp,D01,2025,24.35,,THPT
KHA,Đại học Kinh tế quốc dân,7620115,Kinh tế nông nghiệp,D01,2025,24.35,,THPT
KHA,Đại Học Kinh Tế Quốc Dân,7620115,Kinh tế nông nghiệp,D07,2025,24.35,,THPT
KHA,Đại học Kinh tế quốc dân,7620115,Kinh tế nông nghiệp,D07,2025,24.35,,THPT
KHA,Đại học Kinh tế quốc dân,7810103,Quản trị dịch vụ du lịch và lữ hành,A00,2025,26.06,,THPT
KHA,Đại Học Kinh Tế Quốc Dân,7810103,Quản trị dịch vụ du lịch và lữ hành,A00,2025,26.06,,THPT
KHA,Đại Học Kinh Tế Quốc Dân,7810103,Quản trị dịch vụ du lịch và lữ hành,A01,2025,26.06,,THPT
KHA,Đại học Kinh tế quốc dân,7810103,Quản trị dịch vụ du lịch và lữ hành,A01,2025,26.06,,THPT
KHA,Đại Học Kinh Tế Quốc Dân,7810103,Quản trị dịch vụ du lịch và lữ hành,D01,2025,26.06,,THPT
KHA,Đại học Kinh tế quốc dân,7810103,Quản trị dịch vụ du lịch và lữ hành,D01,2025,26.06,,THPT
KHA,Đại Học Kinh Tế Quốc Dân,7810103,Quản trị dịch vụ du lịch và lữ hành,D07,2025,26.06,,THPT
KHA,Đại học Kinh tế quốc dân,7810103,Quản trị dịch vụ du lịch và lữ hành,D07,2025,26.06,,THPT
KHA,Đại học Kinh tế quốc dân,7810201,Quản trị khách sạn,A00,2025,26.25,,THPT
KHA,Đại Học Kinh Tế Quốc Dân,7810201,Quản trị khách sạn,A00,2025,26.25,,THPT
KHA,Đại Học Kinh Tế Quốc Dân,7810201,Quản trị khách sạn,A01,2025,26.25,,THPT
KHA,Đại học Kinh tế quốc dân,7810201,Quản trị khách sạn,A01,2025,26.25,,THPT
KHA,Đại Học Kinh Tế Quốc Dân,7810201,Quản trị khách sạn,D01,2025,26.25,,THPT
KHA,Đại học Kinh tế quốc dân,7810201,Quản trị khách sạn,D01,2025,26.25,,THPT
KHA,Đại Học Kinh Tế Quốc Dân,7810201,Quản trị khách sạn,D07,2025,26.25,,THPT
KHA,Đại học Kinh tế quốc dân,7810201,Quản trị khách sạn,D07,2025,26.25,,THPT
KHA,Đại học Kinh tế quốc dân,7850101,Quản lý tài nguyên và môi trường,A00,2025,24.17,,THPT
KHA,Đại Học Kinh Tế Quốc Dân,7850101,Quản lý tài nguyên và môi trường,A00,2025,24.17,,THPT
KHA,Đại Học Kinh Tế Quốc Dân,7850101,Quản lý tài nguyên và môi trường,A01,2025,24.17,,THPT
KHA,Đại học Kinh tế quốc dân,7850101,Quản lý tài nguyên và môi trường,A01,2025,24.17,,THPT
KHA,Đại Học Kinh Tế Quốc Dân,7850101,Quản lý tài nguyên và môi trường,D01,2025,24.17,,THPT
KHA,Đại học Kinh tế quốc dân,7850101,Quản lý tài nguyên và môi trường,D01,2025,24.17,,THPT
KHA,Đại Học Kinh Tế Quốc Dân,7850101,Quản lý tài nguyên và môi trường,D07,2025,24.17,,THPT
KHA,Đại học Kinh tế quốc dân,7850101,Quản lý tài nguyên và môi trường,D07,2025,24.17,,THPT
KHA,Đại học Kinh tế quốc dân,7850102,Kinh tế tài nguyên thiên nhiên,A00,2025,23.5,,THPT
KHA,Đại Học Kinh Tế Quốc Dân,7850102,Kinh tế tài nguyên thiên nhiên,A00,2025,23.5,,THPT
KHA,Đại Học Kinh Tế Quốc Dân,7850102,Kinh tế tài nguyên thiên nhiên,A01,2025,23.5,,THPT
KHA,Đại học Kinh tế quốc dân,7850102,Kinh tế tài nguyên thiên nhiên,A01,2025,23.5,,THPT
KHA,Đại Học Kinh Tế Quốc Dân,7850102,Kinh tế tài nguyên thiên nhiên,D01,2025,23.5,,THPT
KHA,Đại học Kinh tế quốc dân,7850102,Kinh tế tài nguyên thiên nhiên,D01,2025,23.5,,THPT
KHA,Đại Học Kinh Tế Quốc Dân,7850102,Kinh tế tài nguyên thiên nhiên,D07,2025,23.5,,THPT
KHA,Đại học Kinh tế quốc dân,7850102,Kinh tế tài nguyên thiên nhiên,D07,2025,23.5,,THPT
KHA,Đại học Kinh tế quốc dân,7850103,Quản lý đất đai,A00,2025,24.38,,THPT
KHA,Đại Học Kinh Tế Quốc Dân,7850103,Quản lý đất đai,A00,2025,24.38,,THPT
KHA,Đại Học Kinh Tế Quốc Dân,7850103,Quản lý đất đai,A01,2025,24.38,,THPT
KHA,Đại học Kinh tế quốc dân,7850103,Quản lý đất đai,A01,2025,24.38,,THPT
KHA,Đại Học Kinh Tế Quốc Dân,7850103,Quản lý đất đai,D01,2025,24.38,,THPT
KHA,Đại học Kinh tế quốc dân,7850103,Quản lý đất đai,D01,2025,24.38,,THPT
KHA,Đại Học Kinh Tế Quốc Dân,7850103,Quản lý đất đai,D07,2025,24.38,,THPT
KHA,Đại học Kinh tế quốc dân,7850103,Quản lý đất đai,D07,2025,24.38,,THPT
KHA,Đại học Kinh tế quốc dân,EBBA,Quản trị kinh doanh học bằng tiếng Anh (EBBA),A00,2025,25.64,,THPT
KHA,Đại Học Kinh Tế Quốc Dân,EBBA,Quản trị kinh doanh (E-BBA),A00,2025,25.64,,THPT
KHA,Đại Học Kinh Tế Quốc Dân,EBBA,Quản trị kinh doanh (E-BBA),A01,2025,25.64,,THPT
KHA,Đại học Kinh tế quốc dân,EBBA,Quản trị kinh doanh học bằng tiếng Anh (EBBA),A01,2025,25.64,,THPT
KHA,Đại Học Kinh Tế Quốc Dân,EBBA,Quản trị kinh doanh (E-BBA),D01,2025,25.64,,THPT
KHA,Đại học Kinh tế quốc dân,EBBA,Quản trị kinh doanh học bằng tiếng Anh (EBBA),D01,2025,25.64,,THPT
KHA,Đại Học Kinh Tế Quốc Dân,EBBA,Quản trị kinh doanh (E-BBA),D07,2025,25.64,,THPT
KHA,Đại học Kinh tế quốc dân,EBBA,Quản trị kinh doanh học bằng tiếng Anh (EBBA),D07,2025,25.64,,THPT
KHA,Đại học Kinh tế quốc dân,EP01,Khởi nghiệp và phát triển kinh doanh (BBAE) học bằng tiếng Anh (tiếng Anh hệ số 2),A00,2025,24.92,,THPT
KHA,Đại Học Kinh Tế Quốc Dân,EP01,Khởi nghiệp và phát triển kinh doanh (BBAE)/ngành QTKD,A00,2025,24.92,,THPT
KHA,Đại Học Kinh Tế Quốc Dân,EP01,Khởi nghiệp và phát triển kinh doanh (BBAE)/ngành QTKD,A01,2025,24.92,,THPT
KHA,Đại học Kinh tế quốc dân,EP01,Khởi nghiệp và phát triển kinh doanh (BBAE) học bằng tiếng Anh (tiếng Anh hệ số 2),A01,2025,24.92,,THPT
KHA,Đại Học Kinh Tế Quốc Dân,EP01,Khởi nghiệp và phát triển kinh doanh (BBAE)/ngành QTKD,D01,2025,24.92,,THPT
KHA,Đại học Kinh tế quốc dân,EP01,Khởi nghiệp và phát triển kinh doanh (BBAE) học bằng tiếng Anh (tiếng Anh hệ số 2),D01,2025,24.92,,THPT
KHA,Đại Học Kinh Tế Quốc Dân,EP01,Khởi nghiệp và phát triển kinh doanh (BBAE)/ngành QTKD,D07,2025,24.92,,THPT
KHA,Đại học Kinh tế quốc dân,EP01,Khởi nghiệp và phát triển kinh doanh (BBAE) học bằng tiếng Anh (tiếng Anh hệ số 2),D07,2025,24.92,,THPT
KHA,Đại học Kinh tế quốc dân,EP02,Định phí Bảo hiểm & Quản trị rủi ro (Actuary) học bằng tiếng Anh,A00,2025,25.5,,THPT
KHA,Đại Học Kinh Tế Quốc Dân,EP02,Định phí Bảo hiểm & Quản trị rủi ro (Actuary),A00,2025,25.5,,THPT
KHA,Đại Học Kinh Tế Quốc Dân,EP02,Định phí Bảo hiểm & Quản trị rủi ro (Actuary),A01,2025,25.5,,THPT
KHA,Đại học Kinh tế quốc dân,EP02,Định phí Bảo hiểm & Quản trị rủi ro (Actuary) học bằng tiếng Anh,A01,2025,25.5,,THPT
KHA,Đại Học Kinh Tế Quốc Dân,EP02,Định phí Bảo hiểm & Quản trị rủi ro (Actuary),D01,2025,25.5,,THPT
KHA,Đại học Kinh tế quốc dân,EP02,Định phí Bảo hiểm & Quản trị rủi ro (Actuary) học bằng tiếng Anh,D01,2025,25.5,,THPT
KHA,Đại Học Kinh Tế Quốc Dân,EP02,Định phí Bảo hiểm & Quản trị rủi ro (Actuary),D07,2025,25.5,,THPT
KHA,Đại học Kinh tế quốc dân,EP02,Định phí Bảo hiểm & Quản trị rủi ro (Actuary) học bằng tiếng Anh,D07,2025,25.5,,THPT
KHA,Đại học Kinh tế quốc dân,EP03,Khoa học dữ liệu trong Kinh tế & Kinh doanh (DSEB),A00,2025,26.78,,THPT
KHA,Đại Học Kinh Tế Quốc Dân,EP03,Phân tích dữ liệu kinh tế (EDA),A00,2025,26.78,,THPT
KHA,Đại Học Kinh Tế Quốc Dân,EP03,Phân tích dữ liệu kinh tế (EDA),A01,2025,26.78,,THPT
KHA,Đại học Kinh tế quốc dân,EP03,Khoa học dữ liệu trong Kinh tế & Kinh doanh (DSEB),A01,2025,26.78,,THPT
KHA,Đại Học Kinh Tế Quốc Dân,EP03,Phân tích dữ liệu kinh tế (EDA),D01,2025,26.78,,THPT
KHA,Đại học Kinh tế quốc dân,EP03,Khoa học dữ liệu trong Kinh tế & Kinh doanh (DSEB),D01,2025,26.78,,THPT
KHA,Đại Học Kinh Tế Quốc Dân,EP03,Phân tích dữ liệu kinh tế (EDA),D07,2025,26.78,,THPT
KHA,Đại học Kinh tế quốc dân,EP03,Khoa học dữ liệu trong Kinh tế & Kinh doanh (DSEB),D07,2025,26.78,,THPT
KHA,Đại học Kinh tế quốc dân,EP04,Kế toán tích hợp chứng chỉ quốc tế (ICAEW CFAB),A00,2025,25.9,,THPT
KHA,Đại Học Kinh Tế Quốc Dân,EP04,Kế toán tích hợp chứng chi quốc tế (JCAEW CFAB),A00,2025,25.9,,THPT
KHA,Đại Học Kinh Tế Quốc Dân,EP04,Kế toán tích hợp chứng chi quốc tế (JCAEW CFAB),A01,2025,25.9,,THPT
KHA,Đại học Kinh tế quốc dân,EP04,Kế toán tích hợp chứng chỉ quốc tế (ICAEW CFAB),A01,2025,25.9,,THPT
KHA,Đại Học Kinh Tế Quốc Dân,EP04,Kế toán tích hợp chứng chi quốc tế (JCAEW CFAB),D01,2025,25.9,,THPT
KHA,Đại học Kinh tế quốc dân,EP04,Kế toán tích hợp chứng chỉ quốc tế (ICAEW CFAB),D01,2025,25.9,,THPT
KHA,Đại Học Kinh Tế Quốc Dân,EP04,Kế toán tích hợp chứng chi quốc tế (JCAEW CFAB),D07,2025,25.9,,THPT
KHA,Đại học Kinh tế quốc dân,EP04,Kế toán tích hợp chứng chỉ quốc tế (ICAEW CFAB),D07,2025,25.9,,THPT
KHA,Đại học Kinh tế quốc dân,EP05,Kinh doanh số (E-BDB),A00,2025,26.4,,THPT
KHA,Đại Học Kinh Tế Quốc Dân,EP05,Kinh doanh số (E-BDB)/ngành QTKD,A00,2025,26.4,,THPT
KHA,Đại Học Kinh Tế Quốc Dân,EP05,Kinh doanh số (E-BDB)/ngành QTKD,A01,2025,26.4,,THPT
KHA,Đại học Kinh tế quốc dân,EP05,Kinh doanh số (E-BDB),A01,2025,26.4,,THPT
KHA,Đại Học Kinh Tế Quốc Dân,EP05,Kinh doanh số (E-BDB)/ngành QTKD,D01,2025,26.4,,THPT
KHA,Đại học Kinh tế quốc dân,EP05,Kinh doanh số (E-BDB),D01,2025,26.4,,THPT
KHA,Đại Học Kinh Tế Quốc Dân,EP05,Kinh doanh số (E-BDB)/ngành QTKD,D07,2025,26.4,,THPT
KHA,Đại học Kinh tế quốc dân,EP05,Kinh doanh số (E-BDB),D07,2025,26.4,,THPT
KHA,Đại học Kinh tế quốc dân,EP06,Phân tích kinh doanh (BA),A00,2025,27.5,,THPT
KHA,Đại Học Kinh Tế Quốc Dân,EP06,Phân tích kinh doanh (BA)/ngành QTKD,A00,2025,27.5,,THPT
KHA,Đại Học Kinh Tế Quốc Dân,EP06,Phân tích kinh doanh (BA)/ngành QTKD,A01,2025,27.5,,THPT
KHA,Đại học Kinh tế quốc dân,EP06,Phân tích kinh doanh (BA),A01,2025,27.5,,THPT
KHA,Đại Học Kinh Tế Quốc Dân,EP06,Phân tích kinh doanh (BA)/ngành QTKD,D01,2025,27.5,,THPT
KHA,Đại học Kinh tế quốc dân,EP06,Phân tích kinh doanh (BA),D01,2025,27.5,,THPT
KHA,Đại Học Kinh Tế Quốc Dân,EP06,Phân tích kinh doanh (BA)/ngành QTKD,D07,2025,27.5,,THPT
KHA,Đại học Kinh tế quốc dân,EP06,Phân tích kinh doanh (BA),D07,2025,27.5,,THPT
KHA,Đại học Kinh tế quốc dân,EP07,Quản trị điều hành thông minh (E-SOM),A00,2025,25.1,,THPT
KHA,Đại Học Kinh Tế Quốc Dân,EP07,Quản trị điều hành thông minh (E-SOM) /ngành QTKD,A00,2025,25.1,,THPT
KHA,Đại Học Kinh Tế Quốc Dân,EP07,Quản trị điều hành thông minh (E-SOM) /ngành QTKD,A01,2025,25.1,,THPT
KHA,Đại học Kinh tế quốc dân,EP07,Quản trị điều hành thông minh (E-SOM),A01,2025,25.1,,THPT
KHA,Đại Học Kinh Tế Quốc Dân,EP07,Quản trị điều hành thông minh (E-SOM) /ngành QTKD,D01,2025,25.1,,THPT
KHA,Đại học Kinh tế quốc dân,EP07,Quản trị điều hành thông minh (E-SOM),D01,2025,25.1,,THPT
KHA,Đại Học Kinh Tế Quốc Dân,EP07,Quản trị điều hành thông minh (E-SOM) /ngành QTKD,D07,2025,25.1,,THPT
KHA,Đại học Kinh tế quốc dân,EP07,Quản trị điều hành thông minh (E-SOM),D07,2025,25.1,,THPT
KHA,Đại học Kinh tế quốc dân,EP08,Quản trị chất lượng và Đổi mới (E-MQI),A00,2025,24.2,,THPT
KHA,Đại Học Kinh Tế Quốc Dân,EP08,Quản trị chất lượng và Đổi mới (E-MQI)/ngành QTKD,A00,2025,24.2,,THPT
KHA,Đại Học Kinh Tế Quốc Dân,EP08,Quản trị chất lượng và Đổi mới (E-MQI)/ngành QTKD,A01,2025,24.2,,THPT
KHA,Đại học Kinh tế quốc dân,EP08,Quản trị chất lượng và Đổi mới (E-MQI),A01,2025,24.2,,THPT
KHA,Đại Học Kinh Tế Quốc Dân,EP08,Quản trị chất lượng và Đổi mới (E-MQI)/ngành QTKD,D01,2025,24.2,,THPT
KHA,Đại học Kinh tế quốc dân,EP08,Quản trị chất lượng và Đổi mới (E-MQI),D01,2025,24.2,,THPT
KHA,Đại Học Kinh Tế Quốc Dân,EP08,Quản trị chất lượng và Đổi mới (E-MQI)/ngành QTKD,D07,2025,24.2,,THPT
KHA,Đại học Kinh tế quốc dân,EP08,Quản trị chất lượng và Đổi mới (E-MQI),D07,2025,24.2,,THPT
KHA,Đại học Kinh tế quốc dân,EP09,Công nghệ tài chính (BFT),A00,2025,26.29,,THPT
KHA,Đại Học Kinh Tế Quốc Dân,EP09,Công nghệ tài chính (BFT)/ngành TC-NH,A00,2025,26.29,,THPT
KHA,Đại Học Kinh Tế Quốc Dân,EP09,Công nghệ tài chính (BFT)/ngành TC-NH,A01,2025,26.29,,THPT
KHA,Đại học Kinh tế quốc dân,EP09,Công nghệ tài chính (BFT),A01,2025,26.29,,THPT
KHA,Đại Học Kinh Tế Quốc Dân,EP09,Công nghệ tài chính (BFT)/ngành TC-NH,D01,2025,26.29,,THPT
KHA,Đại học Kinh tế quốc dân,EP09,Công nghệ tài chính (BFT),D01,2025,26.29,,THPT
KHA,Đại Học Kinh Tế Quốc Dân,EP09,Công nghệ tài chính (BFT)/ngành TC-NH,D07,2025,26.29,,THPT
KHA,Đại học Kinh tế quốc dân,EP09,Công nghệ tài chính (BFT),D07,2025,26.29,,THPT
KHA,Đại học Kinh tế quốc dân,EP10,Đầu tư tài chính (BFI - tiếng Anh hệ số 2),A00,2025,26.27,,THPT
KHA,Đại Học Kinh Tế Quốc Dân,EP10,Tài chính và Đầu tư (BFI)/ngành TC-NH,A00,2025,26.27,,THPT
KHA,Đại Học Kinh Tế Quốc Dân,EP10,Tài chính và Đầu tư (BFI)/ngành TC-NH,A01,2025,26.27,,THPT
KHA,Đại học Kinh tế quốc dân,EP10,Đầu tư tài chính (BFI - tiếng Anh hệ số 2),A01,2025,26.27,,THPT
KHA,Đại Học Kinh Tế Quốc Dân,EP10,Tài chính và Đầu tư (BFI)/ngành TC-NH,D01,2025,26.27,,THPT
KHA,Đại học Kinh tế quốc dân,EP10,Đầu tư tài chính (BFI - tiếng Anh hệ số 2),D01,2025,26.27,,THPT
KHA,Đại Học Kinh Tế Quốc Dân,EP10,Tài chính và Đầu tư (BFI)/ngành TC-NH,D07,2025,26.27,,THPT
KHA,Đại học Kinh tế quốc dân,EP10,Đầu tư tài chính (BFI - tiếng Anh hệ số 2),D07,2025,26.27,,THPT
KHA,Đại học Kinh tế quốc dân,EP11,Quản trị khách sạn quốc tế (IHME - tiếng Anh hệ số 2),A00,2025,24.25,,THPT
KHA,Đại Học Kinh Tế Quốc Dân,EP11,Quản trị khách sạn quốc tế (IHME),A00,2025,24.25,,THPT
KHA,Đại Học Kinh Tế Quốc Dân,EP11,Quản trị khách sạn quốc tế (IHME),A01,2025,24.25,,THPT
KHA,Đại học Kinh tế quốc dân,EP11,Quản trị khách sạn quốc tế (IHME - tiếng Anh hệ số 2),A01,2025,24.25,,THPT
KHA,Đại Học Kinh Tế Quốc Dân,EP11,Quản trị khách sạn quốc tế (IHME),D01,2025,24.25,,THPT
KHA,Đại học Kinh tế quốc dân,EP11,Quản trị khách sạn quốc tế (IHME - tiếng Anh hệ số 2),D01,2025,24.25,,THPT
KHA,Đại Học Kinh Tế Quốc Dân,EP11,Quản trị khách sạn quốc tế (IHME),D07,2025,24.25,,THPT
KHA,Đại học Kinh tế quốc dân,EP11,Quản trị khách sạn quốc tế (IHME - tiếng Anh hệ số 2),D07,2025,24.25,,THPT
KHA,Đại học Kinh tế quốc dân,EP12,Kiểm toán tích hợp chứng chỉ quốc tế (AUD-ICAEW),A00,2025,27.25,,THPT
KHA,Đại Học Kinh Tế Quốc Dân,EP12,Kiểm toán tích hợp chứng chỉ quốc tế (ICAEW CFAB),A00,2025,27.25,,THPT
KHA,Đại Học Kinh Tế Quốc Dân,EP12,Kiểm toán tích hợp chứng chỉ quốc tế (ICAEW CFAB),A01,2025,27.25,,THPT
KHA,Đại học Kinh tế quốc dân,EP12,Kiểm toán tích hợp chứng chỉ quốc tế (AUD-ICAEW),A01,2025,27.25,,THPT
KHA,Đại Học Kinh Tế Quốc Dân,EP12,Kiểm toán tích hợp chứng chỉ quốc tế (ICAEW CFAB),D01,2025,27.25,,THPT
KHA,Đại học Kinh tế quốc dân,EP12,Kiểm toán tích hợp chứng chỉ quốc tế (AUD-ICAEW),D01,2025,27.25,,THPT
KHA,Đại Học Kinh Tế Quốc Dân,EP12,Kiểm toán tích hợp chứng chỉ quốc tế (ICAEW CFAB),D07,2025,27.25,,THPT
KHA,Đại học Kinh tế quốc dân,EP12,Kiểm toán tích hợp chứng chỉ quốc tế (AUD-ICAEW),D07,2025,27.25,,THPT
KHA,Đại học Kinh tế quốc dân,EP13,Kinh tế học tài chính (FE),A00,2025,25.41,,THPT
KHA,Đại Học Kinh Tế Quốc Dân,EP13,Kinh tế học tài chính (FE)/ngành Kinh tế,A00,2025,25.41,,THPT
KHA,Đại Học Kinh Tế Quốc Dân,EP13,Kinh tế học tài chính (FE)/ngành Kinh tế,A01,2025,25.41,,THPT
KHA,Đại học Kinh tế quốc dân,EP13,Kinh tế học tài chính (FE),A01,2025,25.41,,THPT
KHA,Đại Học Kinh Tế Quốc Dân,EP13,Kinh tế học tài chính (FE)/ngành Kinh tế,D01,2025,25.41,,THPT
KHA,Đại học Kinh tế quốc dân,EP13,Kinh tế học tài chính (FE),D01,2025,25.41,,THPT
KHA,Đại Học Kinh Tế Quốc Dân,EP13,Kinh tế học tài chính (FE)/ngành Kinh tế,D07,2025,25.41,,THPT
KHA,Đại học Kinh tế quốc dân,EP13,Kinh tế học tài chính (FE),D07,2025,25.41,,THPT
KHA,Đại học Kinh tế quốc dân,EP14,Logistics và Quản lý chuỗi cung ứng tích hợp chứng chỉ quốc tế (LSIC),A00,2025,27.69,,THPT
KHA,Đại Học Kinh Tế Quốc Dân,EP14,Logistics và Quản lý chuỗi cung ứng tích hợp chứng chi quốc tế (LSIC),A00,2025,27.69,,THPT
KHA,Đại Học Kinh Tế Quốc Dân,EP14,Logistics và Quản lý chuỗi cung ứng tích hợp chứng chi quốc tế (LSIC),A01,2025,27.69,,THPT
KHA,Đại học Kinh tế quốc dân,EP14,Logistics và Quản lý chuỗi cung ứng tích hợp chứng chỉ quốc tế (LSIC),A01,2025,27.69,,THPT
KHA,Đại Học Kinh Tế Quốc Dân,EP14,Logistics và Quản lý chuỗi cung ứng tích hợp chứng chi quốc tế (LSIC),D01,2025,27.69,,THPT
KHA,Đại học Kinh tế quốc dân,EP14,Logistics và Quản lý chuỗi cung ứng tích hợp chứng chỉ quốc tế (LSIC),D01,2025,27.69,,THPT
KHA,Đại Học Kinh Tế Quốc Dân,EP14,Logistics và Quản lý chuỗi cung ứng tích hợp chứng chi quốc tế (LSIC),D07,2025,27.69,,THPT
KHA,Đại học Kinh tế quốc dân,EP14,Logistics và Quản lý chuỗi cung ứng tích hợp chứng chỉ quốc tế (LSIC),D07,2025,27.69,,THPT
KHA,Đại học Kinh tế quốc dân,EP15,Khoa học dữ liệu,A00,2025,26.13,,THPT
KHA,Đại Học Kinh Tế Quốc Dân,EP15,Khoa học dữ liệu,A00,2025,26.13,,THPT
KHA,Đại Học Kinh Tế Quốc Dân,EP15,Khoa học dữ liệu,A01,2025,26.13,,THPT
KHA,Đại học Kinh tế quốc dân,EP15,Khoa học dữ liệu,A01,2025,26.13,,THPT
KHA,Đại Học Kinh Tế Quốc Dân,EP15,Khoa học dữ liệu,D01,2025,26.13,,THPT
KHA,Đại học Kinh tế quốc dân,EP15,Khoa học dữ liệu,D01,2025,26.13,,THPT
KHA,Đại Học Kinh Tế Quốc Dân,EP15,Khoa học dữ liệu,D07,2025,26.13,,THPT
KHA,Đại học Kinh tế quốc dân,EP15,Khoa học dữ liệu,D07,2025,26.13,,THPT
KHA,Đại học Kinh tế quốc dân,EP16,Trí tuệ nhân tạo,A00,2025,25.44,,THPT
KHA,Đại Học Kinh Tế Quốc Dân,EP16,Trí tuệ nhân tạo,A00,2025,25.44,,THPT
KHA,Đại Học Kinh Tế Quốc Dân,EP16,Trí tuệ nhân tạo,A01,2025,25.44,,THPT
KHA,Đại học Kinh tế quốc dân,EP16,Trí tuệ nhân tạo,A01,2025,25.44,,THPT
KHA,Đại Học Kinh Tế Quốc Dân,EP16,Trí tuệ nhân tạo,D01,2025,25.44,,THPT
KHA,Đại học Kinh tế quốc dân,EP16,Trí tuệ nhân tạo,D01,2025,25.44,,THPT
KHA,Đại Học Kinh Tế Quốc Dân,EP16,Trí tuệ nhân tạo,D07,2025,25.44,,THPT
KHA,Đại học Kinh tế quốc dân,EP16,Trí tuệ nhân tạo,D07,2025,25.44,,THPT
KHA,Đại học Kinh tế quốc dân,EP17,Kỹ thuật phần mềm,A00,2025,24.7,,THPT
KHA,Đại Học Kinh Tế Quốc Dân,EP17,Kỹ thuật phần mềm,A00,2025,24.7,,THPT
KHA,Đại Học Kinh Tế Quốc Dân,EP17,Kỹ thuật phần mềm,A01,2025,24.7,,THPT
KHA,Đại học Kinh tế quốc dân,EP17,Kỹ thuật phần mềm,A01,2025,24.7,,THPT
KHA,Đại Học Kinh Tế Quốc Dân,EP17,Kỹ thuật phần mềm,D01,2025,24.7,,THPT
KHA,Đại học Kinh tế quốc dân,EP17,Kỹ thuật phần mềm,D01,2025,24.7,,THPT
KHA,Đại Học Kinh Tế Quốc Dân,EP17,Kỹ thuật phần mềm,D07,2025,24.7,,THPT
KHA,Đại học Kinh tế quốc dân,EP17,Kỹ thuật phần mềm,D07,2025,24.7,,THPT
KHA,Đại học Kinh tế quốc dân,EP18,Quản trị giải trí và sự kiện,A00,2025,25.89,,THPT
KHA,Đại Học Kinh Tế Quốc Dân,EP18,Quản trị giải trí và sự kiện,A00,2025,25.89,,THPT
KHA,Đại Học Kinh Tế Quốc Dân,EP18,Quản trị giải trí và sự kiện,A01,2025,25.89,,THPT
KHA,Đại học Kinh tế quốc dân,EP18,Quản trị giải trí và sự kiện,A01,2025,25.89,,THPT
KHA,Đại Học Kinh Tế Quốc Dân,EP18,Quản trị giải trí và sự kiện,D01,2025,25.89,,THPT
KHA,Đại học Kinh tế quốc dân,EP18,Quản trị giải trí và sự kiện,D01,2025,25.89,,THPT
KHA,Đại Học Kinh Tế Quốc Dân,EP18,Quản trị giải trí và sự kiện,D07,2025,25.89,,THPT
KHA,Đại học Kinh tế quốc dân,EP18,Quản trị giải trí và sự kiện,D07,2025,25.89,,THPT
KHA,Đại học Kinh tế quốc dân,EPMP,Quản lý công và chính sách học bằng tiếng Anh (EPMP),A00,2025,23.0,,THPT
KHA,Đại Học Kinh Tế Quốc Dân,EPMP,Quản lý công và Chính sách (E-PMP)/ngành Kinh tế,A00,2025,23.0,,THPT
KHA,Đại Học Kinh Tế Quốc Dân,EPMP,Quản lý công và Chính sách (E-PMP)/ngành Kinh tế,A01,2025,23.0,,THPT
KHA,Đại học Kinh tế quốc dân,EPMP,Quản lý công và chính sách học bằng tiếng Anh (EPMP),A01,2025,23.0,,THPT
KHA,Đại Học Kinh Tế Quốc Dân,EPMP,Quản lý công và Chính sách (E-PMP)/ngành Kinh tế,D01,2025,23.0,,THPT
KHA,Đại học Kinh tế quốc dân,EPMP,Quản lý công và chính sách học bằng tiếng Anh (EPMP),D01,2025,23.0,,THPT
KHA,Đại Học Kinh Tế Quốc Dân,EPMP,Quản lý công và Chính sách (E-PMP)/ngành Kinh tế,D07,2025,23.0,,THPT
KHA,Đại học Kinh tế quốc dân,EPMP,Quản lý công và chính sách học bằng tiếng Anh (EPMP),D07,2025,23.0,,THPT
KHA,Đại học Kinh tế quốc dân,POHE1,Quản trị khách sạn,A00,2025,25.61,,THPT
KHA,Đại Học Kinh Tế Quốc Dân,POHE1,Quản trị khách sạn,A00,2025,25.61,,THPT
KHA,Đại Học Kinh Tế Quốc Dân,POHE1,Quản trị khách sạn,A01,2025,25.61,,THPT
KHA,Đại học Kinh tế quốc dân,POHE1,Quản trị khách sạn,A01,2025,25.61,,THPT
KHA,Đại Học Kinh Tế Quốc Dân,POHE1,Quản trị khách sạn,D01,2025,25.61,,THPT
KHA,Đại học Kinh tế quốc dân,POHE1,Quản trị khách sạn,D01,2025,25.61,,THPT
KHA,Đại Học Kinh Tế Quốc Dân,POHE1,Quản trị khách sạn,D07,2025,25.61,,THPT
KHA,Đại học Kinh tế quốc dân,POHE1,Quản trị khách sạn,D07,2025,25.61,,THPT
KHA,Đại học Kinh tế quốc dân,POHE2,Quản trị lữ hành,A00,2025,24.64,,THPT
KHA,Đại Học Kinh Tế Quốc Dân,POHE2,Quản trị lữ hành,A00,2025,24.64,,THPT
KHA,Đại Học Kinh Tế Quốc Dân,POHE2,Quản trị lữ hành,A01,2025,24.64,,THPT
KHA,Đại học Kinh tế quốc dân,POHE2,Quản trị lữ hành,A01,2025,24.64,,THPT
KHA,Đại Học Kinh Tế Quốc Dân,POHE2,Quản trị lữ hành,D01,2025,24.64,,THPT
KHA,Đại học Kinh tế quốc dân,POHE2,Quản trị lữ hành,D01,2025,24.64,,THPT
KHA,Đại Học Kinh Tế Quốc Dân,POHE2,Quản trị lữ hành,D07,2025,24.64,,THPT
KHA,Đại học Kinh tế quốc dân,POHE2,Quản trị lữ hành,D07,2025,24.64,,THPT
KHA,Đại học Kinh tế quốc dân,POHE3,Truyền thông Marketing,A00,2025,27.61,,THPT
KHA,Đại Học Kinh Tế Quốc Dân,POHE3,Truyền thông Marketing,A00,2025,27.61,,THPT
KHA,Đại Học Kinh Tế Quốc Dân,POHE3,Truyền thông Marketing,A01,2025,27.61,,THPT
KHA,Đại học Kinh tế quốc dân,POHE3,Truyền thông Marketing,A01,2025,27.61,,THPT
KHA,Đại Học Kinh Tế Quốc Dân,POHE3,Truyền thông Marketing,D01,2025,27.61,,THPT
KHA,Đại học Kinh tế quốc dân,POHE3,Truyền thông Marketing,D01,2025,27.61,,THPT
KHA,Đại Học Kinh Tế Quốc Dân,POHE3,Truyền thông Marketing,D07,2025,27.61,,THPT
KHA,Đại học Kinh tế quốc dân,POHE3,Truyền thông Marketing,D07,2025,27.61,,THPT
KHA,Đại học Kinh tế quốc dân,POHE4,Luật kinh doanh,A00,2025,25.5,,THPT
KHA,Đại Học Kinh Tế Quốc Dân,POHE4,Luật kinh doanh,A00,2025,25.5,,THPT
KHA,Đại Học Kinh Tế Quốc Dân,POHE4,Luật kinh doanh,A01,2025,25.5,,THPT
KHA,Đại học Kinh tế quốc dân,POHE4,Luật kinh doanh,A01,2025,25.5,,THPT
KHA,Đại Học Kinh Tế Quốc Dân,POHE4,Luật kinh doanh,D01,2025,25.5,,THPT
KHA,Đại học Kinh tế quốc dân,POHE4,Luật kinh doanh,D01,2025,25.5,,THPT
KHA,Đại Học Kinh Tế Quốc Dân,POHE4,Luật kinh doanh,D07,2025,25.5,,THPT
KHA,Đại học Kinh tế quốc dân,POHE4,Luật kinh doanh,D07,2025,25.5,,THPT
KHA,Đại học Kinh tế quốc dân,POHE5,Quản trị kinh doanh thương mại,A00,2025,26.29,,THPT
KHA,Đại Học Kinh Tế Quốc Dân,POHE5,Quản trị kinh doanh thương mại,A00,2025,26.29,,THPT
KHA,Đại Học Kinh Tế Quốc Dân,POHE5,Quản trị kinh doanh thương mại,A01,2025,26.29,,THPT
KHA,Đại học Kinh tế quốc dân,POHE5,Quản trị kinh doanh thương mại,A01,2025,26.29,,THPT
KHA,Đại Học Kinh Tế Quốc Dân,POHE5,Quản trị kinh doanh thương mại,D01,2025,26.29,,THPT
KHA,Đại học Kinh tế quốc dân,POHE5,Quản trị kinh doanh thương mại,D01,2025,26.29,,THPT
KHA,Đại Học Kinh Tế Quốc Dân,POHE5,Quản trị kinh doanh thương mại,D07,2025,26.29,,THPT
KHA,Đại học Kinh tế quốc dân,POHE5,Quản trị kinh doanh thương mại,D07,2025,26.29,,THPT
KHA,Đại học Kinh tế quốc dân,POHE6,Quản lí thị trường,A00,2025,25.44,,THPT
KHA,Đại Học Kinh Tế Quốc Dân,POHE6,Quản lý thị trường,A00,2025,24.66,,THPT
KHA,Đại Học Kinh Tế Quốc Dân,POHE6,Quản lý thị trường,A01,2025,24.66,,THPT
KHA,Đại học Kinh tế quốc dân,POHE6,Quản lí thị trường,A01,2025,25.44,,THPT
KHA,Đại Học Kinh Tế Quốc Dân,POHE6,Quản lý thị trường,D01,2025,24.66,,THPT
KHA,Đại học Kinh tế quốc dân,POHE6,Quản lí thị trường,D01,2025,25.44,,THPT
KHA,Đại Học Kinh Tế Quốc Dân,POHE6,Quản lý thị trường,D07,2025,24.66,,THPT
KHA,Đại học Kinh tế quốc dân,POHE6,Quản lí thị trường,D07,2025,25.44,,THPT
KHA,Đại học Kinh tế quốc dân,POHE7,Thẩm định giá,A00,2025,24.55,,THPT
KHA,Đại Học Kinh Tế Quốc Dân,POHE7,Thẩm định giá,A00,2025,24.55,,THPT
KHA,Đại Học Kinh Tế Quốc Dân,POHE7,Thẩm định giá,A01,2025,24.55,,THPT
KHA,Đại học Kinh tế quốc dân,POHE7,Thẩm định giá,A01,2025,24.55,,THPT
KHA,Đại Học Kinh Tế Quốc Dân,POHE7,Thẩm định giá,D01,2025,24.55,,THPT
KHA,Đại học Kinh tế quốc dân,POHE7,Thẩm định giá,D01,2025,24.55,,THPT
KHA,Đại Học Kinh Tế Quốc Dân,POHE7,Thẩm định giá,D07,2025,24.55,,THPT
KHA,Đại học Kinh tế quốc dân,POHE7,Thẩm định giá,D07,2025,24.55,,THPT
KMA,Học viện Kỹ thuật mật mã,7480201KMA,Công nghệ thông tin,A00,2025,24.17,,THPT
KMA,Học Viện Kỹ Thuật Mật Mã,7480201KMA,Công nghệ thông tin,A00,2025,24.17,,THPT
KMA,Học Viện Kỹ Thuật Mật Mã,7480201KMA,Công nghệ thông tin,A01,2025,24.17,,THPT
KMA,Học viện Kỹ thuật mật mã,7480201KMA,Công nghệ thông tin,A01,2025,24.17,,THPT
KMA,Học viện Kỹ thuật mật mã,7480202KMA,An toàn thông tin,A00,2025,24.42,,THPT
KMA,Học Viện Kỹ Thuật Mật Mã,7480202KMA,An toàn thông tin,A00,2025,24.42,,THPT
KMA,Học Viện Kỹ Thuật Mật Mã,7480202KMA,An toàn thông tin,A01,2025,24.42,,THPT
KMA,Học viện Kỹ thuật mật mã,7480202KMA,An toàn thông tin,A01,2025,24.42,,THPT
KMA,Học Viện Kỹ Thuật Mật Mã,7480202KMP,An toàn thông tin,A00,2025,23.2,,THPT
KMA,Học Viện Kỹ Thuật Mật Mã,7480202KMP,An toàn thông tin,A01,2025,23.2,,THPT
KMA,Học viện Kỹ thuật mật mã,7520207,Ngành Kỹ thuật điện tử truyền thông,A00,2025,23.48,,THPT
KMA,Học Viện Kỹ Thuật Mật Mã,7520207,Kỹ thuật điện tử - viễn thông,A00,2025,23.48,,THPT
KMA,Học Viện Kỹ Thuật Mật Mã,7520207,Kỹ thuật điện tử - viễn thông,A01,2025,23.48,,THPT
KMA,Học viện Kỹ thuật mật mã,7520207,Ngành Kỹ thuật điện tử truyền thông,A01,2025,23.48,,THPT
KQH,Học Viện Kỹ Thuật Quân Sự - Hệ Quân sự,7860220_Nam_B,"Kỹ sư quân sự  (miền Bắc, thí sinh Nam)",A00,2025,27.75,,THPT
KQH,Học Viện Kỹ Thuật Quân Sự - Hệ Quân sự,7860220_Nam_B,"Kỹ sư quân sự  (miền Bắc, thí sinh Nam)",A01,2025,27.75,,THPT
KQH,Học Viện Kỹ Thuật Quân Sự - Hệ Quân sự,7860220_Nam_N,"Kỹ sư quân sự  (miền Nam, thí sinh Nam)",A00,2025,26.4,,THPT
KQH,Học Viện Kỹ Thuật Quân Sự - Hệ Quân sự,7860220_Nam_N,"Kỹ sư quân sự  (miền Nam, thí sinh Nam)",A01,2025,26.4,,THPT
KQH,Học Viện Kỹ Thuật Quân Sự - Hệ Quân sự,7860220_Nu_B,"Kỹ sư quân sự  (miền Bắc, thí sinh Nữ)",A00,2025,28.83,,THPT
KQH,Học Viện Kỹ Thuật Quân Sự - Hệ Quân sự,7860220_Nu_B,"Kỹ sư quân sự  (miền Bắc, thí sinh Nữ)",A01,2025,28.83,,THPT
KQH,Học Viện Kỹ Thuật Quân Sự - Hệ Quân sự,7860220_Nu_N,"Kỹ sư quân sự  (miền Nam, thí sinh Nữ)",A00,2025,29.25,,THPT
KQH,Học Viện Kỹ Thuật Quân Sự - Hệ Quân sự,7860220_Nu_N,"Kỹ sư quân sự  (miền Nam, thí sinh Nữ)",A01,2025,29.25,,THPT
KQH,Học viện Kĩ Thuật Quân Sự - Hệ Quân sự,7860220|11A00,"Chỉ huy, quản lý kỹ thuật (Nữ - Phía Bắc)",A00,2025,28.83,,THPT
KQH,Học viện Kĩ Thuật Quân Sự - Hệ Quân sự,7860220|11A01,"Chỉ huy, quản lý kỹ thuật (Nữ - Phía Bắc)",A01,2025,28.83,,THPT
KQH,Học viện Kĩ Thuật Quân Sự - Hệ Quân sự,7860220|12A00,"Chỉ huy, quản lý kỹ thuật (Nữ - Phía Nam)",A00,2025,29.25,,THPT
KQH,Học viện Kĩ Thuật Quân Sự - Hệ Quân sự,7860220|12A01,Chỉ huy tham mưu thông tin,A01,2025,29.25,,THPT
KQH,Học viện Kĩ Thuật Quân Sự - Hệ Quân sự,7860220|21A00,"Chỉ huy, quản lý kỹ thuật (Nam - Phía Bắc)",A00,2025,27.75,,THPT
KQH,Học viện Kĩ Thuật Quân Sự - Hệ Quân sự,7860220|21A01,"Chỉ huy, quản lý kỹ thuật (Nam - Phía Bắc)",A01,2025,27.75,,THPT
KQH,Học viện Kĩ Thuật Quân Sự - Hệ Quân sự,7860220|22A00,"Chỉ huy, quản lý kỹ thuật (Nam - Phía Nam)",A00,2025,26.4,,THPT
KQH,Học viện Kĩ Thuật Quân Sự - Hệ Quân sự,7860220|22A01,"Chỉ huy, quản lý kỹ thuật (Nam - Phía Nam)",A01,2025,26.4,,THPT
KSA,Đại học Kinh tế TP HCM,7220201,Ngôn ngữ Anh,D01,2025,24.5,,THPT
KSA,Đại Học Kinh Tế TPHCM,7220201,Tiếng Anh thương mại,D01,2025,24.5,,THPT
KSA,Đại Học Kinh Tế TPHCM,7220201,Tiếng Anh thương mại,D01,2025,24.5,,THPT
KSA,Đại Học Kinh Tế TPHCM,7220201,Tiếng Anh thương mại,D09,2025,24.5,,THPT
KSA,Đại Học Kinh Tế TPHCM,7220201,Tiếng Anh thương mại,D09,2025,24.5,,THPT
KSA,Đại học Kinh tế TP HCM,7220201,Ngôn ngữ Anh,D09,2025,24.5,,THPT
KSA,Đại học Kinh tế TP HCM,7310101,Kinh tế,A00,2025,25.4,,THPT
KSA,Đại Học Kinh Tế TPHCM,7310101,Kinh tế  Top 38 thế giới theo ShanghaiRanking Consultancy 2024\r\nXem chi tiết,A00,2025,25.4,,THPT
KSA,Đại Học Kinh Tế TPHCM,7310101,Kinh tế  Top 38 thế giới theo ShanghaiRanking Consultancy 2024\r\nXem chi tiết,A00,2025,25.4,,THPT
KSA,Đại Học Kinh Tế TPHCM,7310101,Kinh tế  Top 38 thế giới theo ShanghaiRanking Consultancy 2024\r\nXem chi tiết,A01,2025,25.4,,THPT
KSA,Đại Học Kinh Tế TPHCM,7310101,Kinh tế  Top 38 thế giới theo ShanghaiRanking Consultancy 2024\r\nXem chi tiết,A01,2025,25.4,,THPT
KSA,Đại học Kinh tế TP HCM,7310101,Kinh tế,A01,2025,25.4,,THPT
KSA,Đại Học Kinh Tế TPHCM,7310101,Kinh tế  Top 38 thế giới theo ShanghaiRanking Consultancy 2024\r\nXem chi tiết,D01,2025,25.4,,THPT
KSA,Đại Học Kinh Tế TPHCM,7310101,Kinh tế  Top 38 thế giới theo ShanghaiRanking Consultancy 2024\r\nXem chi tiết,D01,2025,25.4,,THPT
KSA,Đại học Kinh tế TP HCM,7310101,Kinh tế,D01,2025,25.4,,THPT
KSA,Đại Học Kinh Tế TPHCM,7310101,Kinh tế  Top 38 thế giới theo ShanghaiRanking Consultancy 2024\r\nXem chi tiết,D07,2025,25.4,,THPT
KSA,Đại Học Kinh Tế TPHCM,7310101,Kinh tế  Top 38 thế giới theo ShanghaiRanking Consultancy 2024\r\nXem chi tiết,D07,2025,25.4,,THPT
KSA,Đại học Kinh tế TP HCM,7310101,Kinh tế,D07,2025,25.4,,THPT
KSA,Đại Học Kinh Tế TPHCM,7310101,Kinh tế  Top 38 thế giới theo ShanghaiRanking Consultancy 2024\r\nXem chi tiết,D09,2025,25.4,,THPT
KSA,Đại Học Kinh Tế TPHCM,7310101,Kinh tế  Top 38 thế giới theo ShanghaiRanking Consultancy 2024\r\nXem chi tiết,D09,2025,25.4,,THPT
KSA,Đại học Kinh tế TP HCM,7310101,Kinh tế,D09,2025,25.4,,THPT
KSA,Đại học Kinh tế TP HCM,7310102,Kinh tế chính trị,A00,2025,24.0,,THPT
KSA,Đại Học Kinh Tế TPHCM,7310102,Kinh tế chính trị,A00,2025,24.0,,THPT
KSA,Đại Học Kinh Tế TPHCM,7310102,Kinh tế chính trị,A00,2025,24.0,,THPT
KSA,Đại Học Kinh Tế TPHCM,7310102,Kinh tế chính trị,A01,2025,24.0,,THPT
KSA,Đại Học Kinh Tế TPHCM,7310102,Kinh tế chính trị,A01,2025,24.0,,THPT
KSA,Đại học Kinh tế TP HCM,7310102,Kinh tế chính trị,A01,2025,24.0,,THPT
KSA,Đại Học Kinh Tế TPHCM,7310102,Kinh tế chính trị,D01,2025,24.0,,THPT
KSA,Đại Học Kinh Tế TPHCM,7310102,Kinh tế chính trị,D01,2025,24.0,,THPT
KSA,Đại học Kinh tế TP HCM,7310102,Kinh tế chính trị,D01,2025,24.0,,THPT
KSA,Đại Học Kinh Tế TPHCM,7310102,Kinh tế chính trị,D07,2025,24.0,,THPT
KSA,Đại Học Kinh Tế TPHCM,7310102,Kinh tế chính trị,D07,2025,24.0,,THPT
KSA,Đại học Kinh tế TP HCM,7310102,Kinh tế chính trị,D07,2025,24.0,,THPT
KSA,Đại Học Kinh Tế TPHCM,7310102,Kinh tế chính trị,D09,2025,24.0,,THPT
KSA,Đại Học Kinh Tế TPHCM,7310102,Kinh tế chính trị,D09,2025,24.0,,THPT
KSA,Đại học Kinh tế TP HCM,7310102,Kinh tế chính trị,D09,2025,24.0,,THPT
KSA,Đại học Kinh tế TP HCM,7310104_01,Kinh tế đầu tư,A00,2025,24.05,,THPT
KSA,Đại Học Kinh Tế TPHCM,7310104_01,Kinh tế đầu tư,A00,2025,24.05,,THPT
KSA,Đại Học Kinh Tế TPHCM,7310104_01,Kinh tế đầu tư,A00,2025,24.05,,THPT
KSA,Đại Học Kinh Tế TPHCM,7310104_01,Kinh tế đầu tư,A01,2025,24.05,,THPT
KSA,Đại Học Kinh Tế TPHCM,7310104_01,Kinh tế đầu tư,A01,2025,24.05,,THPT
KSA,Đại học Kinh tế TP HCM,7310104_01,Kinh tế đầu tư,A01,2025,24.05,,THPT
KSA,Đại Học Kinh Tế TPHCM,7310104_01,Kinh tế đầu tư,D01,2025,24.05,,THPT
KSA,Đại Học Kinh Tế TPHCM,7310104_01,Kinh tế đầu tư,D01,2025,24.05,,THPT
KSA,Đại học Kinh tế TP HCM,7310104_01,Kinh tế đầu tư,D01,2025,24.05,,THPT
KSA,Đại Học Kinh Tế TPHCM,7310104_01,Kinh tế đầu tư,D07,2025,24.05,,THPT
KSA,Đại Học Kinh Tế TPHCM,7310104_01,Kinh tế đầu tư,D07,2025,24.05,,THPT
KSA,Đại học Kinh tế TP HCM,7310104_01,Kinh tế đầu tư,D07,2025,24.05,,THPT
KSA,Đại Học Kinh Tế TPHCM,7310104_01,Kinh tế đầu tư,D09,2025,24.05,,THPT
KSA,Đại Học Kinh Tế TPHCM,7310104_01,Kinh tế đầu tư,D09,2025,24.05,,THPT
KSA,Đại học Kinh tế TP HCM,7310104_01,Kinh tế đầu tư,D09,2025,24.05,,THPT
KSA,Đại học Kinh tế TP HCM,7310104_02,Thẩm định giá và quản trị tài sản,A00,2025,22.8,,THPT
KSA,Đại Học Kinh Tế TPHCM,7310104_02,Thẩm định giá và Quản trị tài sản,A00,2025,22.8,,THPT
KSA,Đại Học Kinh Tế TPHCM,7310104_02,Thẩm định giá và Quản trị tài sản,A00,2025,22.8,,THPT
KSA,Đại Học Kinh Tế TPHCM,7310104_02,Thẩm định giá và Quản trị tài sản,A01,2025,22.8,,THPT
KSA,Đại Học Kinh Tế TPHCM,7310104_02,Thẩm định giá và Quản trị tài sản,A01,2025,22.8,,THPT
KSA,Đại học Kinh tế TP HCM,7310104_02,Thẩm định giá và quản trị tài sản,A01,2025,22.8,,THPT
KSA,Đại Học Kinh Tế TPHCM,7310104_02,Thẩm định giá và Quản trị tài sản,D01,2025,22.8,,THPT
KSA,Đại Học Kinh Tế TPHCM,7310104_02,Thẩm định giá và Quản trị tài sản,D01,2025,22.8,,THPT
KSA,Đại học Kinh tế TP HCM,7310104_02,Thẩm định giá và quản trị tài sản,D01,2025,22.8,,THPT
KSA,Đại Học Kinh Tế TPHCM,7310104_02,Thẩm định giá và Quản trị tài sản,D07,2025,22.8,,THPT
KSA,Đại Học Kinh Tế TPHCM,7310104_02,Thẩm định giá và Quản trị tài sản,D07,2025,22.8,,THPT
KSA,Đại học Kinh tế TP HCM,7310104_02,Thẩm định giá và quản trị tài sản,D07,2025,22.8,,THPT
KSA,Đại Học Kinh Tế TPHCM,7310104_02,Thẩm định giá và Quản trị tài sản,D09,2025,22.8,,THPT
KSA,Đại Học Kinh Tế TPHCM,7310104_02,Thẩm định giá và Quản trị tài sản,D09,2025,22.8,,THPT
KSA,Đại học Kinh tế TP HCM,7310104_02,Thẩm định giá và quản trị tài sản,D09,2025,22.8,,THPT
KSA,Đại học Kinh tế TP HCM,7310107,Thống kê kinh tế,A00,2025,24.8,,THPT
KSA,Đại Học Kinh Tế TPHCM,7310107,Thống kê kinh doanh,A00,2025,24.8,,THPT
KSA,Đại Học Kinh Tế TPHCM,7310107,Thống kê kinh doanh,A01,2025,24.8,,THPT
KSA,Đại Học Kinh Tế TPHCM,7310107,Thống kê kinh doanh,A01,2025,24.8,,THPT
KSA,Đại học Kinh tế TP HCM,7310107,Thống kê kinh tế,A01,2025,24.8,,THPT
KSA,Đại Học Kinh Tế TPHCM,7310107,Thống kê kinh doanh,D01,2025,24.8,,THPT
KSA,Đại Học Kinh Tế TPHCM,7310107,Thống kê kinh doanh,D01,2025,24.8,,THPT
KSA,Đại học Kinh tế TP HCM,7310107,Thống kê kinh tế,D01,2025,24.8,,THPT
KSA,Đại Học Kinh Tế TPHCM,7310107,Thống kê kinh doanh,D07,2025,24.8,,THPT
KSA,Đại Học Kinh Tế TPHCM,7310107,Thống kê kinh doanh,D07,2025,24.8,,THPT
KSA,Đại học Kinh tế TP HCM,7310107,Thống kê kinh tế,D07,2025,24.8,,THPT
KSA,Đại Học Kinh Tế TPHCM,7310107,Thống kê kinh doanh,D09,2025,24.8,,THPT
KSA,Đại Học Kinh Tế TPHCM,7310107,Thống kê kinh doanh,D09,2025,24.8,,THPT
KSA,Đại học Kinh tế TP HCM,7310107,Thống kê kinh tế,D09,2025,24.8,,THPT
KSA,Đại học Kinh tế TP HCM,7310108_01,Chuyên ngành Toán tài chính,A00,2025,24.0,,THPT
KSA,Đại Học Kinh Tế TPHCM,7310108_01,Toán tài chính,A00,2025,24.0,,THPT
KSA,Đại Học Kinh Tế TPHCM,7310108_01,Toán tài chính,A01,2025,24.0,,THPT
KSA,Đại Học Kinh Tế TPHCM,7310108_01,Toán tài chính,A01,2025,24.0,,THPT
KSA,Đại học Kinh tế TP HCM,7310108_01,Chuyên ngành Toán tài chính,A01,2025,24.0,,THPT
KSA,Đại Học Kinh Tế TPHCM,7310108_01,Toán tài chính,D01,2025,24.0,,THPT
KSA,Đại Học Kinh Tế TPHCM,7310108_01,Toán tài chính,D01,2025,24.0,,THPT
KSA,Đại học Kinh tế TP HCM,7310108_01,Chuyên ngành Toán tài chính,D01,2025,24.0,,THPT
KSA,Đại Học Kinh Tế TPHCM,7310108_01,Toán tài chính,D07,2025,24.0,,THPT
KSA,Đại Học Kinh Tế TPHCM,7310108_01,Toán tài chính,D07,2025,24.0,,THPT
KSA,Đại học Kinh tế TP HCM,7310108_01,Chuyên ngành Toán tài chính,D07,2025,24.0,,THPT
KSA,Đại Học Kinh Tế TPHCM,7310108_01,Toán tài chính,D09,2025,24.0,,THPT
KSA,Đại Học Kinh Tế TPHCM,7310108_01,Toán tài chính,D09,2025,24.0,,THPT
KSA,Đại học Kinh tế TP HCM,7310108_01,Chuyên ngành Toán tài chính,D09,2025,24.0,,THPT
KSA,Đại học Kinh tế TP HCM,7310108_02,Phân tích rủi ro và định phí bảo hiểm (*),A00,2025,23.0,,THPT
KSA,Đại Học Kinh Tế TPHCM,7310108_02,Phân tích rủi ro và định phí bảo hiểm,A00,2025,23.0,,THPT
KSA,Đại Học Kinh Tế TPHCM,7310108_02,Phân tích rủi ro và định phí bảo hiểm,A01,2025,23.0,,THPT
KSA,Đại Học Kinh Tế TPHCM,7310108_02,Phân tích rủi ro và định phí bảo hiểm,A01,2025,23.0,,THPT
KSA,Đại học Kinh tế TP HCM,7310108_02,Phân tích rủi ro và định phí bảo hiểm (*),A01,2025,23.0,,THPT
KSA,Đại Học Kinh Tế TPHCM,7310108_02,Phân tích rủi ro và định phí bảo hiểm,D01,2025,23.0,,THPT
KSA,Đại Học Kinh Tế TPHCM,7310108_02,Phân tích rủi ro và định phí bảo hiểm,D01,2025,23.0,,THPT
KSA,Đại học Kinh tế TP HCM,7310108_02,Phân tích rủi ro và định phí bảo hiểm (*),D01,2025,23.0,,THPT
KSA,Đại Học Kinh Tế TPHCM,7310108_02,Phân tích rủi ro và định phí bảo hiểm,D07,2025,23.0,,THPT
KSA,Đại Học Kinh Tế TPHCM,7310108_02,Phân tích rủi ro và định phí bảo hiểm,D07,2025,23.0,,THPT
KSA,Đại học Kinh tế TP HCM,7310108_02,Phân tích rủi ro và định phí bảo hiểm (*),D07,2025,23.0,,THPT
KSA,Đại Học Kinh Tế TPHCM,7310108_02,Phân tích rủi ro và định phí bảo hiểm,D09,2025,23.0,,THPT
KSA,Đại Học Kinh Tế TPHCM,7310108_02,Phân tích rủi ro và định phí bảo hiểm,D09,2025,23.0,,THPT
KSA,Đại học Kinh tế TP HCM,7310108_02,Phân tích rủi ro và định phí bảo hiểm (*),D09,2025,23.0,,THPT
KSA,Đại học Kinh tế TP HCM,7320106,Công nghệ truyền thông,A00,2025,26.3,,THPT
KSA,Đại Học Kinh Tế TPHCM,7320106,Truyền thông số và thiết kế đa phương tiện,A00,2025,26.3,,THPT
KSA,Đại Học Kinh Tế TPHCM,7320106,Truyền thông số và thiết kế đa phương tiện,A01,2025,26.3,,THPT
KSA,Đại Học Kinh Tế TPHCM,7320106,Truyền thông số và thiết kế đa phương tiện,A01,2025,26.3,,THPT
KSA,Đại học Kinh tế TP HCM,7320106,Công nghệ truyền thông,A01,2025,26.3,,THPT
KSA,Đại Học Kinh Tế TPHCM,7320106,Truyền thông số và thiết kế đa phương tiện,D01,2025,26.3,,THPT
KSA,Đại Học Kinh Tế TPHCM,7320106,Truyền thông số và thiết kế đa phương tiện,D01,2025,26.3,,THPT
KSA,Đại học Kinh tế TP HCM,7320106,Công nghệ truyền thông,D01,2025,26.3,,THPT
KSA,Đại Học Kinh Tế TPHCM,7320106,Truyền thông số và thiết kế đa phương tiện,D07,2025,26.3,,THPT
KSA,Đại Học Kinh Tế TPHCM,7320106,Truyền thông số và thiết kế đa phương tiện,D07,2025,26.3,,THPT
KSA,Đại học Kinh tế TP HCM,7320106,Công nghệ truyền thông,D07,2025,26.3,,THPT
KSA,Đại Học Kinh Tế TPHCM,7320106,Truyền thông số và thiết kế đa phương tiện,D09,2025,26.3,,THPT
KSA,Đại Học Kinh Tế TPHCM,7320106,Truyền thông số và thiết kế đa phương tiện,D09,2025,26.3,,THPT
KSA,Đại học Kinh tế TP HCM,7320106,Công nghệ truyền thông,D09,2025,26.3,,THPT
KSA,Đại học Kinh tế TP HCM,7340101_01,Ngành Quản trị kinh doanh - Chuyên ngành Quản trị bệnh viện,A00,2025,24.3,,THPT
KSA,Đại Học Kinh Tế TPHCM,7340101_01,Quản trị kinh doanh,A00,2025,24.3,,THPT
KSA,Đại Học Kinh Tế TPHCM,7340101_01,Quản trị kinh doanh,A00,2025,24.3,,THPT
KSA,Đại Học Kinh Tế TPHCM,7340101_01,Quản trị kinh doanh,A01,2025,24.3,,THPT
KSA,Đại Học Kinh Tế TPHCM,7340101_01,Quản trị kinh doanh,A01,2025,24.3,,THPT
KSA,Đại học Kinh tế TP HCM,7340101_01,Ngành Quản trị kinh doanh - Chuyên ngành Quản trị bệnh viện,A01,2025,24.3,,THPT
KSA,Đại Học Kinh Tế TPHCM,7340101_01,Quản trị kinh doanh,D01,2025,24.3,,THPT
KSA,Đại Học Kinh Tế TPHCM,7340101_01,Quản trị kinh doanh,D01,2025,24.3,,THPT
KSA,Đại học Kinh tế TP HCM,7340101_01,Ngành Quản trị kinh doanh - Chuyên ngành Quản trị bệnh viện,D01,2025,24.3,,THPT
KSA,Đại Học Kinh Tế TPHCM,7340101_01,Quản trị kinh doanh,D07,2025,24.3,,THPT
KSA,Đại Học Kinh Tế TPHCM,7340101_01,Quản trị kinh doanh,D07,2025,24.3,,THPT
KSA,Đại học Kinh tế TP HCM,7340101_01,Ngành Quản trị kinh doanh - Chuyên ngành Quản trị bệnh viện,D07,2025,24.3,,THPT
KSA,Đại Học Kinh Tế TPHCM,7340101_01,Quản trị kinh doanh,D09,2025,24.3,,THPT
KSA,Đại Học Kinh Tế TPHCM,7340101_01,Quản trị kinh doanh,D09,2025,24.3,,THPT
KSA,Đại học Kinh tế TP HCM,7340101_01,Ngành Quản trị kinh doanh - Chuyên ngành Quản trị bệnh viện,D09,2025,24.3,,THPT
KSA,Đại học Kinh tế TP HCM,7340101_02,Quản trị du lịch khách sạn,A00,2025,25.6,,THPT
KSA,Đại Học Kinh Tế TPHCM,7340101_02,Kinh doanh số,A00,2025,25.6,,THPT
KSA,Đại Học Kinh Tế TPHCM,7340101_02,Kinh doanh số,A00,2025,25.6,,THPT
KSA,Đại Học Kinh Tế TPHCM,7340101_02,Kinh doanh số,A01,2025,25.6,,THPT
KSA,Đại Học Kinh Tế TPHCM,7340101_02,Kinh doanh số,A01,2025,25.6,,THPT
KSA,Đại học Kinh tế TP HCM,7340101_02,Quản trị du lịch khách sạn,A01,2025,25.6,,THPT
KSA,Đại Học Kinh Tế TPHCM,7340101_02,Kinh doanh số,D01,2025,25.6,,THPT
KSA,Đại Học Kinh Tế TPHCM,7340101_02,Kinh doanh số,D01,2025,25.6,,THPT
KSA,Đại học Kinh tế TP HCM,7340101_02,Quản trị du lịch khách sạn,D01,2025,25.6,,THPT
KSA,Đại Học Kinh Tế TPHCM,7340101_02,Kinh doanh số,D07,2025,25.6,,THPT
KSA,Đại Học Kinh Tế TPHCM,7340101_02,Kinh doanh số,D07,2025,25.6,,THPT
KSA,Đại học Kinh tế TP HCM,7340101_02,Quản trị du lịch khách sạn,D07,2025,25.6,,THPT
KSA,Đại Học Kinh Tế TPHCM,7340101_02,Kinh doanh số,D09,2025,25.6,,THPT
KSA,Đại Học Kinh Tế TPHCM,7340101_02,Kinh doanh số,D09,2025,25.6,,THPT
KSA,Đại học Kinh tế TP HCM,7340101_02,Quản trị du lịch khách sạn,D09,2025,25.6,,THPT
KSA,Đại học Kinh tế TP HCM,7340101_03,Quản trị doanh nghiệp _Chất lượng cao,A00,2025,22.8,,THPT
KSA,Đại Học Kinh Tế TPHCM,7340101_03,Quản trị bệnh viện,A00,2025,22.8,,THPT
KSA,Đại Học Kinh Tế TPHCM,7340101_03,Quản trị bệnh viện,A00,2025,22.8,,THPT
KSA,Đại Học Kinh Tế TPHCM,7340101_03,Quản trị bệnh viện,A01,2025,22.8,,THPT
KSA,Đại Học Kinh Tế TPHCM,7340101_03,Quản trị bệnh viện,A01,2025,22.8,,THPT
KSA,Đại học Kinh tế TP HCM,7340101_03,Quản trị doanh nghiệp _Chất lượng cao,A01,2025,22.8,,THPT
KSA,Đại Học Kinh Tế TPHCM,7340101_03,Quản trị bệnh viện,D01,2025,22.8,,THPT
KSA,Đại Học Kinh Tế TPHCM,7340101_03,Quản trị bệnh viện,D01,2025,22.8,,THPT
KSA,Đại học Kinh tế TP HCM,7340101_03,Quản trị doanh nghiệp _Chất lượng cao,D01,2025,22.8,,THPT
KSA,Đại Học Kinh Tế TPHCM,7340101_03,Quản trị bệnh viện,D07,2025,22.8,,THPT
KSA,Đại Học Kinh Tế TPHCM,7340101_03,Quản trị bệnh viện,D07,2025,22.8,,THPT
KSA,Đại học Kinh tế TP HCM,7340101_03,Quản trị doanh nghiệp _Chất lượng cao,D07,2025,22.8,,THPT
KSA,Đại Học Kinh Tế TPHCM,7340101_03,Quản trị bệnh viện,D09,2025,22.8,,THPT
KSA,Đại Học Kinh Tế TPHCM,7340101_03,Quản trị bệnh viện,D09,2025,22.8,,THPT
KSA,Đại học Kinh tế TP HCM,7340101_03,Quản trị doanh nghiệp _Chất lượng cao,D09,2025,22.8,,THPT
KSA,Đại học Kinh tế TP HCM,7340101_04,Quản trị bền vững doanh nghiệp và môi trường,A00,2025,23.6,,THPT
KSA,Đại Học Kinh Tế TPHCM,7340101_04,Quản trị bền vững doanh nghiệp và môi trường,A00,2025,23.6,,THPT
KSA,Đại Học Kinh Tế TPHCM,7340101_04,Quản trị bền vững doanh nghiệp và môi trường,A00,2025,23.6,,THPT
KSA,Đại Học Kinh Tế TPHCM,7340101_04,Quản trị bền vững doanh nghiệp và môi trường,A01,2025,23.6,,THPT
KSA,Đại Học Kinh Tế TPHCM,7340101_04,Quản trị bền vững doanh nghiệp và môi trường,A01,2025,23.6,,THPT
KSA,Đại học Kinh tế TP HCM,7340101_04,Quản trị bền vững doanh nghiệp và môi trường,A01,2025,23.6,,THPT
KSA,Đại Học Kinh Tế TPHCM,7340101_04,Quản trị bền vững doanh nghiệp và môi trường,D01,2025,23.6,,THPT
KSA,Đại Học Kinh Tế TPHCM,7340101_04,Quản trị bền vững doanh nghiệp và môi trường,D01,2025,23.6,,THPT
KSA,Đại học Kinh tế TP HCM,7340101_04,Quản trị bền vững doanh nghiệp và môi trường,D01,2025,23.6,,THPT
KSA,Đại Học Kinh Tế TPHCM,7340101_04,Quản trị bền vững doanh nghiệp và môi trường,D07,2025,23.6,,THPT
KSA,Đại Học Kinh Tế TPHCM,7340101_04,Quản trị bền vững doanh nghiệp và môi trường,D07,2025,23.6,,THPT
KSA,Đại học Kinh tế TP HCM,7340101_04,Quản trị bền vững doanh nghiệp và môi trường,D07,2025,23.6,,THPT
KSA,Đại Học Kinh Tế TPHCM,7340101_04,Quản trị bền vững doanh nghiệp và môi trường,D09,2025,23.6,,THPT
KSA,Đại Học Kinh Tế TPHCM,7340101_04,Quản trị bền vững doanh nghiệp và môi trường,D09,2025,23.6,,THPT
KSA,Đại học Kinh tế TP HCM,7340101_04,Quản trị bền vững doanh nghiệp và môi trường,D09,2025,23.6,,THPT
KSA,Đại học Kinh tế TP HCM,7340115_01,Ngành Marketing,A00,2025,26.5,,THPT
KSA,Đại Học Kinh Tế TPHCM,7340115_01,Marketing,A00,2025,26.5,,THPT
KSA,Đại Học Kinh Tế TPHCM,7340115_01,Marketing,A00,2025,26.5,,THPT
KSA,Đại Học Kinh Tế TPHCM,7340115_01,Marketing,A01,2025,26.5,,THPT
KSA,Đại Học Kinh Tế TPHCM,7340115_01,Marketing,A01,2025,26.5,,THPT
KSA,Đại học Kinh tế TP HCM,7340115_01,Ngành Marketing,A01,2025,26.5,,THPT
KSA,Đại Học Kinh Tế TPHCM,7340115_01,Marketing,D01,2025,26.5,,THPT
KSA,Đại Học Kinh Tế TPHCM,7340115_01,Marketing,D01,2025,26.5,,THPT
KSA,Đại học Kinh tế TP HCM,7340115_01,Ngành Marketing,D01,2025,26.5,,THPT
KSA,Đại Học Kinh Tế TPHCM,7340115_01,Marketing,D07,2025,26.5,,THPT
KSA,Đại Học Kinh Tế TPHCM,7340115_01,Marketing,D07,2025,26.5,,THPT
KSA,Đại học Kinh tế TP HCM,7340115_01,Ngành Marketing,D07,2025,26.5,,THPT
KSA,Đại Học Kinh Tế TPHCM,7340115_01,Marketing,D09,2025,26.5,,THPT
KSA,Đại Học Kinh Tế TPHCM,7340115_01,Marketing,D09,2025,26.5,,THPT
KSA,Đại học Kinh tế TP HCM,7340115_01,Ngành Marketing,D09,2025,26.5,,THPT
KSA,Đại học Kinh tế TP HCM,7340115_02,Công nghệ Marketing,A00,2025,26.65,,THPT
KSA,Đại Học Kinh Tế TPHCM,7340115_02,Công nghệ Marketing,A00,2025,26.65,,THPT
KSA,Đại Học Kinh Tế TPHCM,7340115_02,Công nghệ Marketing,A00,2025,26.65,,THPT
KSA,Đại Học Kinh Tế TPHCM,7340115_02,Công nghệ Marketing,A01,2025,26.65,,THPT
KSA,Đại Học Kinh Tế TPHCM,7340115_02,Công nghệ Marketing,A01,2025,26.65,,THPT
KSA,Đại học Kinh tế TP HCM,7340115_02,Công nghệ Marketing,A01,2025,26.65,,THPT
KSA,Đại Học Kinh Tế TPHCM,7340115_02,Công nghệ Marketing,D01,2025,26.65,,THPT
KSA,Đại Học Kinh Tế TPHCM,7340115_02,Công nghệ Marketing,D01,2025,26.65,,THPT
KSA,Đại học Kinh tế TP HCM,7340115_02,Công nghệ Marketing,D01,2025,26.65,,THPT
KSA,Đại Học Kinh Tế TPHCM,7340115_02,Công nghệ Marketing,D07,2025,26.65,,THPT
KSA,Đại Học Kinh Tế TPHCM,7340115_02,Công nghệ Marketing,D07,2025,26.65,,THPT
KSA,Đại học Kinh tế TP HCM,7340115_02,Công nghệ Marketing,D07,2025,26.65,,THPT
KSA,Đại Học Kinh Tế TPHCM,7340115_02,Công nghệ Marketing,D09,2025,26.65,,THPT
KSA,Đại Học Kinh Tế TPHCM,7340115_02,Công nghệ Marketing,D09,2025,26.65,,THPT
KSA,Đại học Kinh tế TP HCM,7340115_02,Công nghệ Marketing,D09,2025,26.65,,THPT
KSA,Đại học Kinh tế TP HCM,7340116,Bất động sản,A00,2025,22.8,,THPT
KSA,Đại Học Kinh Tế TPHCM,7340116,Bất động sản,A00,2025,22.8,,THPT
KSA,Đại Học Kinh Tế TPHCM,7340116,Bất động sản,A00,2025,22.8,,THPT
KSA,Đại Học Kinh Tế TPHCM,7340116,Bất động sản,A01,2025,22.8,,THPT
KSA,Đại Học Kinh Tế TPHCM,7340116,Bất động sản,A01,2025,22.8,,THPT
KSA,Đại học Kinh tế TP HCM,7340116,Bất động sản,A01,2025,22.8,,THPT
KSA,Đại Học Kinh Tế TPHCM,7340116,Bất động sản,D01,2025,22.8,,THPT
KSA,Đại Học Kinh Tế TPHCM,7340116,Bất động sản,D01,2025,22.8,,THPT
KSA,Đại học Kinh tế TP HCM,7340116,Bất động sản,D01,2025,22.8,,THPT
KSA,Đại Học Kinh Tế TPHCM,7340116,Bất động sản,D07,2025,22.8,,THPT
KSA,Đại Học Kinh Tế TPHCM,7340116,Bất động sản,D07,2025,22.8,,THPT
KSA,Đại học Kinh tế TP HCM,7340116,Bất động sản,D07,2025,22.8,,THPT
KSA,Đại Học Kinh Tế TPHCM,7340116,Bất động sản,D09,2025,22.8,,THPT
KSA,Đại Học Kinh Tế TPHCM,7340116,Bất động sản,D09,2025,22.8,,THPT
KSA,Đại học Kinh tế TP HCM,7340116,Bất động sản,D09,2025,22.8,,THPT
KSA,Đại học Kinh tế TP HCM,7340120,Ngành Kinh doanh quốc tế,A00,2025,19.5,,THPT
KSA,Đại Học Kinh Tế TPHCM,7340120,Kinh doanh quốc tế,A00,2025,26.3,,THPT
KSA,Đại Học Kinh Tế TPHCM,7340120,Kinh doanh quốc tế,A00,2025,26.3,,THPT
KSA,Đại Học Kinh Tế TPHCM,7340120,Kinh doanh quốc tế,A01,2025,26.3,,THPT
KSA,Đại Học Kinh Tế TPHCM,7340120,Kinh doanh quốc tế,A01,2025,26.3,,THPT
KSA,Đại học Kinh tế TP HCM,7340120,Ngành Kinh doanh quốc tế,A01,2025,19.5,,THPT
KSA,Đại Học Kinh Tế TPHCM,7340120,Kinh doanh quốc tế,D01,2025,26.3,,THPT
KSA,Đại Học Kinh Tế TPHCM,7340120,Kinh doanh quốc tế,D01,2025,26.3,,THPT
KSA,Đại học Kinh tế TP HCM,7340120,Ngành Kinh doanh quốc tế,D01,2025,19.5,,THPT
KSA,Đại Học Kinh Tế TPHCM,7340120,Kinh doanh quốc tế,D07,2025,26.3,,THPT
KSA,Đại Học Kinh Tế TPHCM,7340120,Kinh doanh quốc tế,D07,2025,26.3,,THPT
KSA,Đại học Kinh tế TP HCM,7340120,Ngành Kinh doanh quốc tế,D07,2025,19.5,,THPT
KSA,Đại Học Kinh Tế TPHCM,7340120,Kinh doanh quốc tế,D09,2025,26.3,,THPT
KSA,Đại Học Kinh Tế TPHCM,7340120,Kinh doanh quốc tế,D09,2025,26.3,,THPT
KSA,Đại học Kinh tế TP HCM,7340120,Ngành Kinh doanh quốc tế,D09,2025,19.5,,THPT
KSA,Đại học Kinh tế TP HCM,7340121,Kinh doanh thương mại,A00,2025,25.8,,THPT
KSA,Đại Học Kinh Tế TPHCM,7340121,Kinh doanh thương mại,A00,2025,25.8,,THPT
KSA,Đại Học Kinh Tế TPHCM,7340121,Kinh doanh thương mại,A00,2025,25.8,,THPT
KSA,Đại Học Kinh Tế TPHCM,7340121,Kinh doanh thương mại,A01,2025,25.8,,THPT
KSA,Đại Học Kinh Tế TPHCM,7340121,Kinh doanh thương mại,A01,2025,25.8,,THPT
KSA,Đại học Kinh tế TP HCM,7340121,Kinh doanh thương mại,A01,2025,25.8,,THPT
KSA,Đại Học Kinh Tế TPHCM,7340121,Kinh doanh thương mại,D01,2025,25.8,,THPT
KSA,Đại Học Kinh Tế TPHCM,7340121,Kinh doanh thương mại,D01,2025,25.8,,THPT
KSA,Đại học Kinh tế TP HCM,7340121,Kinh doanh thương mại,D01,2025,25.8,,THPT
KSA,Đại Học Kinh Tế TPHCM,7340121,Kinh doanh thương mại,D07,2025,25.8,,THPT
KSA,Đại Học Kinh Tế TPHCM,7340121,Kinh doanh thương mại,D07,2025,25.8,,THPT
KSA,Đại học Kinh tế TP HCM,7340121,Kinh doanh thương mại,D07,2025,25.8,,THPT
KSA,Đại Học Kinh Tế TPHCM,7340121,Kinh doanh thương mại,D09,2025,25.8,,THPT
KSA,Đại Học Kinh Tế TPHCM,7340121,Kinh doanh thương mại,D09,2025,25.8,,THPT
KSA,Đại học Kinh tế TP HCM,7340121,Kinh doanh thương mại,D09,2025,25.8,,THPT
KSA,Đại học Kinh tế TP HCM,7340122,Thương mại điện tử,A00,2025,26.1,,THPT
KSA,Đại Học Kinh Tế TPHCM,7340122,Thương mại điện tử,A00,2025,26.1,,THPT
KSA,Đại Học Kinh Tế TPHCM,7340122,Thương mại điện tử,A01,2025,26.1,,THPT
KSA,Đại Học Kinh Tế TPHCM,7340122,Thương mại điện tử,A01,2025,26.1,,THPT
KSA,Đại học Kinh tế TP HCM,7340122,Thương mại điện tử,A01,2025,26.1,,THPT
KSA,Đại Học Kinh Tế TPHCM,7340122,Thương mại điện tử,D01,2025,26.1,,THPT
KSA,Đại Học Kinh Tế TPHCM,7340122,Thương mại điện tử,D01,2025,26.1,,THPT
KSA,Đại học Kinh tế TP HCM,7340122,Thương mại điện tử,D01,2025,26.1,,THPT
KSA,Đại Học Kinh Tế TPHCM,7340122,Thương mại điện tử,D07,2025,26.1,,THPT
KSA,Đại Học Kinh Tế TPHCM,7340122,Thương mại điện tử,D07,2025,26.1,,THPT
KSA,Đại học Kinh tế TP HCM,7340122,Thương mại điện tử,D07,2025,26.1,,THPT
KSA,Đại Học Kinh Tế TPHCM,7340122,Thương mại điện tử,D09,2025,26.1,,THPT
KSA,Đại Học Kinh Tế TPHCM,7340122,Thương mại điện tử,D09,2025,26.1,,THPT
KSA,Đại học Kinh tế TP HCM,7340122,Thương mại điện tử,D09,2025,26.1,,THPT
KSA,Đại học Kinh tế TP HCM,7340201_01,Chuyên ngành Thuế trong kinh doanh,A00,2025,23.8,,THPT
KSA,Đại Học Kinh Tế TPHCM,7340201_01,Tài chính công,A00,2025,23.8,,THPT
KSA,Đại Học Kinh Tế TPHCM,7340201_01,Tài chính công,A00,2025,23.8,,THPT
KSA,Đại Học Kinh Tế TPHCM,7340201_01,Tài chính công,A01,2025,23.8,,THPT
KSA,Đại Học Kinh Tế TPHCM,7340201_01,Tài chính công,A01,2025,23.8,,THPT
KSA,Đại học Kinh tế TP HCM,7340201_01,Chuyên ngành Thuế trong kinh doanh,A01,2025,23.8,,THPT
KSA,Đại Học Kinh Tế TPHCM,7340201_01,Tài chính công,D01,2025,23.8,,THPT
KSA,Đại Học Kinh Tế TPHCM,7340201_01,Tài chính công,D01,2025,23.8,,THPT
KSA,Đại học Kinh tế TP HCM,7340201_01,Chuyên ngành Thuế trong kinh doanh,D01,2025,23.8,,THPT
KSA,Đại Học Kinh Tế TPHCM,7340201_01,Tài chính công,D07,2025,23.8,,THPT
KSA,Đại Học Kinh Tế TPHCM,7340201_01,Tài chính công,D07,2025,23.8,,THPT
KSA,Đại học Kinh tế TP HCM,7340201_01,Chuyên ngành Thuế trong kinh doanh,D07,2025,23.8,,THPT
KSA,Đại Học Kinh Tế TPHCM,7340201_01,Tài chính công,D09,2025,23.8,,THPT
KSA,Đại Học Kinh Tế TPHCM,7340201_01,Tài chính công,D09,2025,23.8,,THPT
KSA,Đại học Kinh tế TP HCM,7340201_01,Chuyên ngành Thuế trong kinh doanh,D09,2025,23.8,,THPT
KSA,Đại học Kinh tế TP HCM,7340201_02,Chuyên ngành Quản trị hải quan - ngoại thương,A00,2025,23.5,,THPT
KSA,Đại Học Kinh Tế TPHCM,7340201_02,Thuế,A00,2025,23.5,,THPT
KSA,Đại Học Kinh Tế TPHCM,7340201_02,Thuế,A00,2025,23.5,,THPT
KSA,Đại Học Kinh Tế TPHCM,7340201_02,Thuế,A01,2025,23.5,,THPT
KSA,Đại Học Kinh Tế TPHCM,7340201_02,Thuế,A01,2025,23.5,,THPT
KSA,Đại học Kinh tế TP HCM,7340201_02,Chuyên ngành Quản trị hải quan - ngoại thương,A01,2025,23.5,,THPT
KSA,Đại Học Kinh Tế TPHCM,7340201_02,Thuế,D01,2025,23.5,,THPT
KSA,Đại Học Kinh Tế TPHCM,7340201_02,Thuế,D01,2025,23.5,,THPT
KSA,Đại học Kinh tế TP HCM,7340201_02,Chuyên ngành Quản trị hải quan - ngoại thương,D01,2025,23.5,,THPT
KSA,Đại Học Kinh Tế TPHCM,7340201_02,Thuế,D07,2025,23.5,,THPT
KSA,Đại Học Kinh Tế TPHCM,7340201_02,Thuế,D07,2025,23.5,,THPT
KSA,Đại học Kinh tế TP HCM,7340201_02,Chuyên ngành Quản trị hải quan - ngoại thương,D07,2025,23.5,,THPT
KSA,Đại Học Kinh Tế TPHCM,7340201_02,Thuế,D09,2025,23.5,,THPT
KSA,Đại Học Kinh Tế TPHCM,7340201_02,Thuế,D09,2025,23.5,,THPT
KSA,Đại học Kinh tế TP HCM,7340201_02,Chuyên ngành Quản trị hải quan - ngoại thương,D09,2025,23.5,,THPT
KSA,Đại học Kinh tế TP HCM,7340201_03,Chuyên ngành Ngân hàng đầu tư,A00,2025,24.4,,THPT
KSA,Đại Học Kinh Tế TPHCM,7340201_03,Ngân hàng,A00,2025,24.4,,THPT
KSA,Đại Học Kinh Tế TPHCM,7340201_03,Ngân hàng,A00,2025,24.4,,THPT
KSA,Đại Học Kinh Tế TPHCM,7340201_03,Ngân hàng,A01,2025,24.4,,THPT
KSA,Đại Học Kinh Tế TPHCM,7340201_03,Ngân hàng,A01,2025,24.4,,THPT
KSA,Đại học Kinh tế TP HCM,7340201_03,Chuyên ngành Ngân hàng đầu tư,A01,2025,24.4,,THPT
KSA,Đại Học Kinh Tế TPHCM,7340201_03,Ngân hàng,D01,2025,24.4,,THPT
KSA,Đại Học Kinh Tế TPHCM,7340201_03,Ngân hàng,D01,2025,24.4,,THPT
KSA,Đại học Kinh tế TP HCM,7340201_03,Chuyên ngành Ngân hàng đầu tư,D01,2025,24.4,,THPT
KSA,Đại Học Kinh Tế TPHCM,7340201_03,Ngân hàng,D07,2025,24.4,,THPT
KSA,Đại Học Kinh Tế TPHCM,7340201_03,Ngân hàng,D07,2025,24.4,,THPT
KSA,Đại học Kinh tế TP HCM,7340201_03,Chuyên ngành Ngân hàng đầu tư,D07,2025,24.4,,THPT
KSA,Đại Học Kinh Tế TPHCM,7340201_03,Ngân hàng,D09,2025,24.4,,THPT
KSA,Đại Học Kinh Tế TPHCM,7340201_03,Ngân hàng,D09,2025,24.4,,THPT
KSA,Đại học Kinh tế TP HCM,7340201_03,Chuyên ngành Ngân hàng đầu tư,D09,2025,24.4,,THPT
KSA,Đại học Kinh tế TP HCM,7340201_04,Chuyên ngành Thị trường chứng khoán,A00,2025,23.1,,THPT
KSA,Đại Học Kinh Tế TPHCM,7340201_04,Thị trường chứng khoán,A00,2025,23.1,,THPT
KSA,Đại Học Kinh Tế TPHCM,7340201_04,Thị trường chứng khoán,A00,2025,23.1,,THPT
KSA,Đại Học Kinh Tế TPHCM,7340201_04,Thị trường chứng khoán,A01,2025,23.1,,THPT
KSA,Đại Học Kinh Tế TPHCM,7340201_04,Thị trường chứng khoán,A01,2025,23.1,,THPT
KSA,Đại học Kinh tế TP HCM,7340201_04,Chuyên ngành Thị trường chứng khoán,A01,2025,23.1,,THPT
KSA,Đại Học Kinh Tế TPHCM,7340201_04,Thị trường chứng khoán,D01,2025,23.1,,THPT
KSA,Đại Học Kinh Tế TPHCM,7340201_04,Thị trường chứng khoán,D01,2025,23.1,,THPT
KSA,Đại học Kinh tế TP HCM,7340201_04,Chuyên ngành Thị trường chứng khoán,D01,2025,23.1,,THPT
KSA,Đại Học Kinh Tế TPHCM,7340201_04,Thị trường chứng khoán,D07,2025,23.1,,THPT
KSA,Đại Học Kinh Tế TPHCM,7340201_04,Thị trường chứng khoán,D07,2025,23.1,,THPT
KSA,Đại học Kinh tế TP HCM,7340201_04,Chuyên ngành Thị trường chứng khoán,D07,2025,23.1,,THPT
KSA,Đại Học Kinh Tế TPHCM,7340201_04,Thị trường chứng khoán,D09,2025,23.1,,THPT
KSA,Đại Học Kinh Tế TPHCM,7340201_04,Thị trường chứng khoán,D09,2025,23.1,,THPT
KSA,Đại học Kinh tế TP HCM,7340201_04,Chuyên ngành Thị trường chứng khoán,D09,2025,23.1,,THPT
KSA,Đại học Kinh tế TP HCM,7340201_05,Chuyên ngành Quản trị rủi ro tài chính và bảo hiểm,A00,2025,24.9,,THPT
KSA,Đại Học Kinh Tế TPHCM,7340201_05,Tài chính,A00,2025,24.9,,THPT
KSA,Đại Học Kinh Tế TPHCM,7340201_05,Tài chính,A00,2025,24.9,,THPT
KSA,Đại Học Kinh Tế TPHCM,7340201_05,Tài chính,A01,2025,24.9,,THPT
KSA,Đại Học Kinh Tế TPHCM,7340201_05,Tài chính,A01,2025,24.9,,THPT
KSA,Đại học Kinh tế TP HCM,7340201_05,Chuyên ngành Quản trị rủi ro tài chính và bảo hiểm,A01,2025,24.9,,THPT
KSA,Đại Học Kinh Tế TPHCM,7340201_05,Tài chính,D01,2025,24.9,,THPT
KSA,Đại Học Kinh Tế TPHCM,7340201_05,Tài chính,D01,2025,24.9,,THPT
KSA,Đại học Kinh tế TP HCM,7340201_05,Chuyên ngành Quản trị rủi ro tài chính và bảo hiểm,D01,2025,24.9,,THPT
KSA,Đại Học Kinh Tế TPHCM,7340201_05,Tài chính,D07,2025,24.9,,THPT
KSA,Đại Học Kinh Tế TPHCM,7340201_05,Tài chính,D07,2025,24.9,,THPT
KSA,Đại học Kinh tế TP HCM,7340201_05,Chuyên ngành Quản trị rủi ro tài chính và bảo hiểm,D07,2025,24.9,,THPT
KSA,Đại Học Kinh Tế TPHCM,7340201_05,Tài chính,D09,2025,24.9,,THPT
KSA,Đại Học Kinh Tế TPHCM,7340201_05,Tài chính,D09,2025,24.9,,THPT
KSA,Đại học Kinh tế TP HCM,7340201_05,Chuyên ngành Quản trị rủi ro tài chính và bảo hiểm,D09,2025,24.9,,THPT
KSA,Đại học Kinh tế TP HCM,7340201_06,Chuyên ngành Đầu tư tài chính,A00,2025,24.4,,THPT
KSA,Đại Học Kinh Tế TPHCM,7340201_06,Đầu tư tài chính,A00,2025,24.4,,THPT
KSA,Đại Học Kinh Tế TPHCM,7340201_06,Đầu tư tài chính,A00,2025,24.4,,THPT
KSA,Đại Học Kinh Tế TPHCM,7340201_06,Đầu tư tài chính,A01,2025,24.4,,THPT
KSA,Đại Học Kinh Tế TPHCM,7340201_06,Đầu tư tài chính,A01,2025,24.4,,THPT
KSA,Đại học Kinh tế TP HCM,7340201_06,Chuyên ngành Đầu tư tài chính,A01,2025,24.4,,THPT
KSA,Đại Học Kinh Tế TPHCM,7340201_06,Đầu tư tài chính,D01,2025,24.4,,THPT
KSA,Đại Học Kinh Tế TPHCM,7340201_06,Đầu tư tài chính,D01,2025,24.4,,THPT
KSA,Đại học Kinh tế TP HCM,7340201_06,Chuyên ngành Đầu tư tài chính,D01,2025,24.4,,THPT
KSA,Đại Học Kinh Tế TPHCM,7340201_06,Đầu tư tài chính,D07,2025,24.4,,THPT
KSA,Đại Học Kinh Tế TPHCM,7340201_06,Đầu tư tài chính,D07,2025,24.4,,THPT
KSA,Đại học Kinh tế TP HCM,7340201_06,Chuyên ngành Đầu tư tài chính,D07,2025,24.4,,THPT
KSA,Đại Học Kinh Tế TPHCM,7340201_06,Đầu tư tài chính,D09,2025,24.4,,THPT
KSA,Đại Học Kinh Tế TPHCM,7340201_06,Đầu tư tài chính,D09,2025,24.4,,THPT
KSA,Đại học Kinh tế TP HCM,7340201_06,Chuyên ngành Đầu tư tài chính,D09,2025,24.4,,THPT
KSA,Đại học Kinh tế TP HCM,7340201_07,Chuyên ngành Tài chính quốc tế,A00,2025,25.3,,THPT
KSA,Đại Học Kinh Tế TPHCM,7340201_07,Quản trị Hải quan - Ngoại thương,A00,2025,25.3,,THPT
KSA,Đại Học Kinh Tế TPHCM,7340201_07,Quản trị Hải quan - Ngoại thương,A00,2025,25.3,,THPT
KSA,Đại Học Kinh Tế TPHCM,7340201_07,Quản trị Hải quan - Ngoại thương,A01,2025,25.3,,THPT
KSA,Đại Học Kinh Tế TPHCM,7340201_07,Quản trị Hải quan - Ngoại thương,A01,2025,25.3,,THPT
KSA,Đại học Kinh tế TP HCM,7340201_07,Chuyên ngành Tài chính quốc tế,A01,2025,25.3,,THPT
KSA,Đại Học Kinh Tế TPHCM,7340201_07,Quản trị Hải quan - Ngoại thương,D01,2025,25.3,,THPT
KSA,Đại Học Kinh Tế TPHCM,7340201_07,Quản trị Hải quan - Ngoại thương,D01,2025,25.3,,THPT
KSA,Đại học Kinh tế TP HCM,7340201_07,Chuyên ngành Tài chính quốc tế,D01,2025,25.3,,THPT
KSA,Đại Học Kinh Tế TPHCM,7340201_07,Quản trị Hải quan - Ngoại thương,D07,2025,25.3,,THPT
KSA,Đại Học Kinh Tế TPHCM,7340201_07,Quản trị Hải quan - Ngoại thương,D07,2025,25.3,,THPT
KSA,Đại học Kinh tế TP HCM,7340201_07,Chuyên ngành Tài chính quốc tế,D07,2025,25.3,,THPT
KSA,Đại Học Kinh Tế TPHCM,7340201_07,Quản trị Hải quan - Ngoại thương,D09,2025,25.3,,THPT
KSA,Đại Học Kinh Tế TPHCM,7340201_07,Quản trị Hải quan - Ngoại thương,D09,2025,25.3,,THPT
KSA,Đại học Kinh tế TP HCM,7340201_07,Chuyên ngành Tài chính quốc tế,D09,2025,25.3,,THPT
KSA,Đại học Kinh tế TP HCM,7340201_08,Chương trình đào tạo nguồn nhân lực quốc tế ngành Tài chính - Ngân hàng,A00,2025,24.5,,THPT
KSA,Đại Học Kinh Tế TPHCM,7340201_08,Chương trình đào tạo nguồn nhân lực quốc tế ngành Tài chính - Ngân hàng,A00,2025,24.5,,THPT
KSA,Đại Học Kinh Tế TPHCM,7340201_08,Chương trình đào tạo nguồn nhân lực quốc tế ngành Tài chính ; Ngân hàng,A00,2025,0.0,,THPT
KSA,Đại Học Kinh Tế TPHCM,7340201_08,Chương trình đào tạo nguồn nhân lực quốc tế ngành Tài chính - Ngân hàng,A01,2025,24.5,,THPT
KSA,Đại Học Kinh Tế TPHCM,7340201_08,Chương trình đào tạo nguồn nhân lực quốc tế ngành Tài chính ; Ngân hàng,A01,2025,0.0,,THPT
KSA,Đại học Kinh tế TP HCM,7340201_08,Chương trình đào tạo nguồn nhân lực quốc tế ngành Tài chính - Ngân hàng,A01,2025,24.5,,THPT
KSA,Đại Học Kinh Tế TPHCM,7340201_08,Chương trình đào tạo nguồn nhân lực quốc tế ngành Tài chính - Ngân hàng,D01,2025,24.5,,THPT
KSA,Đại Học Kinh Tế TPHCM,7340201_08,Chương trình đào tạo nguồn nhân lực quốc tế ngành Tài chính ; Ngân hàng,D01,2025,0.0,,THPT
KSA,Đại học Kinh tế TP HCM,7340201_08,Chương trình đào tạo nguồn nhân lực quốc tế ngành Tài chính - Ngân hàng,D01,2025,24.5,,THPT
KSA,Đại Học Kinh Tế TPHCM,7340201_08,Chương trình đào tạo nguồn nhân lực quốc tế ngành Tài chính - Ngân hàng,D07,2025,24.5,,THPT
KSA,Đại Học Kinh Tế TPHCM,7340201_08,Chương trình đào tạo nguồn nhân lực quốc tế ngành Tài chính ; Ngân hàng,D07,2025,0.0,,THPT
KSA,Đại học Kinh tế TP HCM,7340201_08,Chương trình đào tạo nguồn nhân lực quốc tế ngành Tài chính - Ngân hàng,D07,2025,24.5,,THPT
KSA,Đại Học Kinh Tế TPHCM,7340201_08,Chương trình đào tạo nguồn nhân lực quốc tế ngành Tài chính - Ngân hàng,D09,2025,24.5,,THPT
KSA,Đại Học Kinh Tế TPHCM,7340201_08,Chương trình đào tạo nguồn nhân lực quốc tế ngành Tài chính ; Ngân hàng,D09,2025,0.0,,THPT
KSA,Đại học Kinh tế TP HCM,7340201_08,Chương trình đào tạo nguồn nhân lực quốc tế ngành Tài chính - Ngân hàng,D09,2025,24.5,,THPT
KSA,Đại học Kinh tế TP HCM,7340204,Bảo hiểm,A00,2025,22.8,,THPT
KSA,Đại Học Kinh Tế TPHCM,7340204,Bảo hiểm,A00,2025,22.8,,THPT
KSA,Đại Học Kinh Tế TPHCM,7340204,Bảo hiểm,A01,2025,22.8,,THPT
KSA,Đại Học Kinh Tế TPHCM,7340204,Bảo hiểm,A01,2025,22.8,,THPT
KSA,Đại học Kinh tế TP HCM,7340204,Bảo hiểm,A01,2025,22.8,,THPT
KSA,Đại Học Kinh Tế TPHCM,7340204,Bảo hiểm,D01,2025,22.8,,THPT
KSA,Đại Học Kinh Tế TPHCM,7340204,Bảo hiểm,D01,2025,22.8,,THPT
KSA,Đại học Kinh tế TP HCM,7340204,Bảo hiểm,D01,2025,22.8,,THPT
KSA,Đại Học Kinh Tế TPHCM,7340204,Bảo hiểm,D07,2025,22.8,,THPT
KSA,Đại Học Kinh Tế TPHCM,7340204,Bảo hiểm,D07,2025,22.8,,THPT
KSA,Đại học Kinh tế TP HCM,7340204,Bảo hiểm,D07,2025,22.8,,THPT
KSA,Đại Học Kinh Tế TPHCM,7340204,Bảo hiểm,D09,2025,22.8,,THPT
KSA,Đại Học Kinh Tế TPHCM,7340204,Bảo hiểm,D09,2025,22.8,,THPT
KSA,Đại học Kinh tế TP HCM,7340204,Bảo hiểm,D09,2025,22.8,,THPT
KSA,Đại học Kinh tế TP HCM,7340205,Công nghệ tài chính,A00,2025,25.9,,THPT
KSA,Đại Học Kinh Tế TPHCM,7340205,Công nghệ tài chính,A00,2025,25.9,,THPT
KSA,Đại Học Kinh Tế TPHCM,7340205,Công nghệ tài chính,A01,2025,25.9,,THPT
KSA,Đại Học Kinh Tế TPHCM,7340205,Công nghệ tài chính,A01,2025,25.9,,THPT
KSA,Đại học Kinh tế TP HCM,7340205,Công nghệ tài chính,A01,2025,25.9,,THPT
KSA,Đại Học Kinh Tế TPHCM,7340205,Công nghệ tài chính,D01,2025,25.9,,THPT
KSA,Đại Học Kinh Tế TPHCM,7340205,Công nghệ tài chính,D01,2025,25.9,,THPT
KSA,Đại học Kinh tế TP HCM,7340205,Công nghệ tài chính,D01,2025,25.9,,THPT
KSA,Đại Học Kinh Tế TPHCM,7340205,Công nghệ tài chính,D07,2025,25.9,,THPT
KSA,Đại Học Kinh Tế TPHCM,7340205,Công nghệ tài chính,D07,2025,25.9,,THPT
KSA,Đại học Kinh tế TP HCM,7340205,Công nghệ tài chính,D07,2025,25.9,,THPT
KSA,Đại Học Kinh Tế TPHCM,7340205,Công nghệ tài chính,D09,2025,25.9,,THPT
KSA,Đại Học Kinh Tế TPHCM,7340205,Công nghệ tài chính,D09,2025,25.9,,THPT
KSA,Đại học Kinh tế TP HCM,7340205,Công nghệ tài chính,D09,2025,25.9,,THPT
KSA,Đại học Kinh tế TP HCM,7340206,Tài chính quốc tế,A00,2025,26.3,,THPT
KSA,Đại Học Kinh Tế TPHCM,7340206,Tài chính quốc tế,A00,2025,26.3,,THPT
KSA,Đại Học Kinh Tế TPHCM,7340206,Tài chính quốc tế,A01,2025,26.3,,THPT
KSA,Đại Học Kinh Tế TPHCM,7340206,Tài chính quốc tế,A01,2025,26.3,,THPT
KSA,Đại học Kinh tế TP HCM,7340206,Tài chính quốc tế,A01,2025,26.3,,THPT
KSA,Đại Học Kinh Tế TPHCM,7340206,Tài chính quốc tế,D01,2025,26.3,,THPT
KSA,Đại Học Kinh Tế TPHCM,7340206,Tài chính quốc tế,D01,2025,26.3,,THPT
KSA,Đại học Kinh tế TP HCM,7340206,Tài chính quốc tế,D01,2025,26.3,,THPT
KSA,Đại Học Kinh Tế TPHCM,7340206,Tài chính quốc tế,D07,2025,26.3,,THPT
KSA,Đại Học Kinh Tế TPHCM,7340206,Tài chính quốc tế,D07,2025,26.3,,THPT
KSA,Đại học Kinh tế TP HCM,7340206,Tài chính quốc tế,D07,2025,26.3,,THPT
KSA,Đại Học Kinh Tế TPHCM,7340206,Tài chính quốc tế,D09,2025,26.3,,THPT
KSA,Đại Học Kinh Tế TPHCM,7340206,Tài chính quốc tế,D09,2025,26.3,,THPT
KSA,Đại học Kinh tế TP HCM,7340206,Tài chính quốc tế,D09,2025,26.3,,THPT
KSA,Đại học Kinh tế TP HCM,7340301_01,Kế toán doanh nghiệp,A00,2025,23.4,,THPT
KSA,Đại Học Kinh Tế TPHCM,7340301_01,Kế toán doanh nghiệp,A00,2025,23.4,,THPT
KSA,Đại Học Kinh Tế TPHCM,7340301_01,Kế toán doanh nghiệp,A00,2025,23.4,,THPT
KSA,Đại Học Kinh Tế TPHCM,7340301_01,Kế toán doanh nghiệp,A01,2025,23.4,,THPT
KSA,Đại Học Kinh Tế TPHCM,7340301_01,Kế toán doanh nghiệp,A01,2025,23.4,,THPT
KSA,Đại học Kinh tế TP HCM,7340301_01,Kế toán doanh nghiệp,A01,2025,23.4,,THPT
KSA,Đại Học Kinh Tế TPHCM,7340301_01,Kế toán doanh nghiệp,D01,2025,23.4,,THPT
KSA,Đại Học Kinh Tế TPHCM,7340301_01,Kế toán doanh nghiệp,D01,2025,23.4,,THPT
KSA,Đại học Kinh tế TP HCM,7340301_01,Kế toán doanh nghiệp,D01,2025,23.4,,THPT
KSA,Đại Học Kinh Tế TPHCM,7340301_01,Kế toán doanh nghiệp,D07,2025,23.4,,THPT
KSA,Đại Học Kinh Tế TPHCM,7340301_01,Kế toán doanh nghiệp,D07,2025,23.4,,THPT
KSA,Đại học Kinh tế TP HCM,7340301_01,Kế toán doanh nghiệp,D07,2025,23.4,,THPT
KSA,Đại Học Kinh Tế TPHCM,7340301_01,Kế toán doanh nghiệp,D09,2025,23.4,,THPT
KSA,Đại Học Kinh Tế TPHCM,7340301_01,Kế toán doanh nghiệp,D09,2025,23.4,,THPT
KSA,Đại học Kinh tế TP HCM,7340301_01,Kế toán doanh nghiệp,D09,2025,23.4,,THPT
KSA,Đại học Kinh tế TP HCM,7340301_02,Kế toán tài chính và kiểm soát,A00,2025,24.0,,THPT
KSA,Đại Học Kinh Tế TPHCM,7340301_02,Kế toán công,A00,2025,24.0,,THPT
KSA,Đại Học Kinh Tế TPHCM,7340301_02,Kế toán công,A00,2025,24.0,,THPT
KSA,Đại Học Kinh Tế TPHCM,7340301_02,Kế toán công,A01,2025,24.0,,THPT
KSA,Đại Học Kinh Tế TPHCM,7340301_02,Kế toán công,A01,2025,24.0,,THPT
KSA,Đại học Kinh tế TP HCM,7340301_02,Kế toán tài chính và kiểm soát,A01,2025,24.0,,THPT
KSA,Đại Học Kinh Tế TPHCM,7340301_02,Kế toán công,D01,2025,24.0,,THPT
KSA,Đại Học Kinh Tế TPHCM,7340301_02,Kế toán công,D01,2025,24.0,,THPT
KSA,Đại học Kinh tế TP HCM,7340301_02,Kế toán tài chính và kiểm soát,D01,2025,24.0,,THPT
KSA,Đại Học Kinh Tế TPHCM,7340301_02,Kế toán công,D07,2025,24.0,,THPT
KSA,Đại Học Kinh Tế TPHCM,7340301_02,Kế toán công,D07,2025,24.0,,THPT
KSA,Đại học Kinh tế TP HCM,7340301_02,Kế toán tài chính và kiểm soát,D07,2025,24.0,,THPT
KSA,Đại Học Kinh Tế TPHCM,7340301_02,Kế toán công,D09,2025,24.0,,THPT
KSA,Đại Học Kinh Tế TPHCM,7340301_02,Kế toán công,D09,2025,24.0,,THPT
KSA,Đại học Kinh tế TP HCM,7340301_02,Kế toán tài chính và kiểm soát,D09,2025,24.0,,THPT
KSA,Đại học Kinh tế TP HCM,7340301_03,Kế toán doanh nghiệp_Chất lượng cao,A00,2025,23.0,,THPT
KSA,Đại Học Kinh Tế TPHCM,7340301_03,Chương trình Kế toán tích hợp chứng chỉ nghề nghiệp quốc tế ICAEW,A00,2025,23.0,,THPT
KSA,Đại Học Kinh Tế TPHCM,7340301_03,Chương trình Kế toán tích hợp chứng chỉ nghề nghiệp quốc tế ICAEW,A00,2025,23.0,,THPT
KSA,Đại Học Kinh Tế TPHCM,7340301_03,Chương trình Kế toán tích hợp chứng chỉ nghề nghiệp quốc tế ICAEW,A01,2025,23.0,,THPT
KSA,Đại Học Kinh Tế TPHCM,7340301_03,Chương trình Kế toán tích hợp chứng chỉ nghề nghiệp quốc tế ICAEW,A01,2025,23.0,,THPT
KSA,Đại học Kinh tế TP HCM,7340301_03,Kế toán doanh nghiệp_Chất lượng cao,A01,2025,23.0,,THPT
KSA,Đại Học Kinh Tế TPHCM,7340301_03,Chương trình Kế toán tích hợp chứng chỉ nghề nghiệp quốc tế ICAEW,D01,2025,23.0,,THPT
KSA,Đại Học Kinh Tế TPHCM,7340301_03,Chương trình Kế toán tích hợp chứng chỉ nghề nghiệp quốc tế ICAEW,D01,2025,23.0,,THPT
KSA,Đại học Kinh tế TP HCM,7340301_03,Kế toán doanh nghiệp_Chất lượng cao,D01,2025,23.0,,THPT
KSA,Đại Học Kinh Tế TPHCM,7340301_03,Chương trình Kế toán tích hợp chứng chỉ nghề nghiệp quốc tế ICAEW,D07,2025,23.0,,THPT
KSA,Đại Học Kinh Tế TPHCM,7340301_03,Chương trình Kế toán tích hợp chứng chỉ nghề nghiệp quốc tế ICAEW,D07,2025,23.0,,THPT
KSA,Đại học Kinh tế TP HCM,7340301_03,Kế toán doanh nghiệp_Chất lượng cao,D07,2025,23.0,,THPT
KSA,Đại Học Kinh Tế TPHCM,7340301_03,Chương trình Kế toán tích hợp chứng chỉ nghề nghiệp quốc tế ICAEW,D09,2025,23.0,,THPT
KSA,Đại Học Kinh Tế TPHCM,7340301_03,Chương trình Kế toán tích hợp chứng chỉ nghề nghiệp quốc tế ICAEW,D09,2025,23.0,,THPT
KSA,Đại học Kinh tế TP HCM,7340301_03,Kế toán doanh nghiệp_Chất lượng cao,D09,2025,23.0,,THPT
KSA,Đại học Kinh tế TP HCM,7340301_04,Chương trình kế toán tích hợp chứng chỉ nghề nghiệp quốc tế ACCA,A00,2025,23.2,,THPT
KSA,Đại Học Kinh Tế TPHCM,7340301_04,Chương trình Kế toán tích hợp chứng chỉ nghề nghiệp quốc tế ACCA,A00,2025,23.2,,THPT
KSA,Đại Học Kinh Tế TPHCM,7340301_04,Chương trình Kế toán tích hợp chứng chỉ nghề nghiệp quốc tế ACCA,A00,2025,23.2,,THPT
KSA,Đại Học Kinh Tế TPHCM,7340301_04,Chương trình Kế toán tích hợp chứng chỉ nghề nghiệp quốc tế ACCA,A01,2025,23.2,,THPT
KSA,Đại Học Kinh Tế TPHCM,7340301_04,Chương trình Kế toán tích hợp chứng chỉ nghề nghiệp quốc tế ACCA,A01,2025,23.2,,THPT
KSA,Đại học Kinh tế TP HCM,7340301_04,Chương trình kế toán tích hợp chứng chỉ nghề nghiệp quốc tế ACCA,A01,2025,23.2,,THPT
KSA,Đại Học Kinh Tế TPHCM,7340301_04,Chương trình Kế toán tích hợp chứng chỉ nghề nghiệp quốc tế ACCA,D01,2025,23.2,,THPT
KSA,Đại Học Kinh Tế TPHCM,7340301_04,Chương trình Kế toán tích hợp chứng chỉ nghề nghiệp quốc tế ACCA,D01,2025,23.2,,THPT
KSA,Đại học Kinh tế TP HCM,7340301_04,Chương trình kế toán tích hợp chứng chỉ nghề nghiệp quốc tế ACCA,D01,2025,23.2,,THPT
KSA,Đại Học Kinh Tế TPHCM,7340301_04,Chương trình Kế toán tích hợp chứng chỉ nghề nghiệp quốc tế ACCA,D07,2025,23.2,,THPT
KSA,Đại Học Kinh Tế TPHCM,7340301_04,Chương trình Kế toán tích hợp chứng chỉ nghề nghiệp quốc tế ACCA,D07,2025,23.2,,THPT
KSA,Đại học Kinh tế TP HCM,7340301_04,Chương trình kế toán tích hợp chứng chỉ nghề nghiệp quốc tế ACCA,D07,2025,23.2,,THPT
KSA,Đại Học Kinh Tế TPHCM,7340301_04,Chương trình Kế toán tích hợp chứng chỉ nghề nghiệp quốc tế ACCA,D09,2025,23.2,,THPT
KSA,Đại Học Kinh Tế TPHCM,7340301_04,Chương trình Kế toán tích hợp chứng chỉ nghề nghiệp quốc tế ACCA,D09,2025,23.2,,THPT
KSA,Đại học Kinh tế TP HCM,7340301_04,Chương trình kế toán tích hợp chứng chỉ nghề nghiệp quốc tế ACCA,D09,2025,23.2,,THPT
KSA,Đại học Kinh tế TP HCM,7340302,Kiểm toán,A00,2025,25.7,,THPT
KSA,Đại Học Kinh Tế TPHCM,7340302,Kiểm toán,A00,2025,25.7,,THPT
KSA,Đại Học Kinh Tế TPHCM,7340302,Kiểm toán,A00,2025,25.7,,THPT
KSA,Đại Học Kinh Tế TPHCM,7340302,Kiểm toán,A01,2025,25.7,,THPT
KSA,Đại Học Kinh Tế TPHCM,7340302,Kiểm toán,A01,2025,25.7,,THPT
KSA,Đại học Kinh tế TP HCM,7340302,Kiểm toán,A01,2025,25.7,,THPT
KSA,Đại Học Kinh Tế TPHCM,7340302,Kiểm toán,D01,2025,25.7,,THPT
KSA,Đại Học Kinh Tế TPHCM,7340302,Kiểm toán,D01,2025,25.7,,THPT
KSA,Đại học Kinh tế TP HCM,7340302,Kiểm toán,D01,2025,25.7,,THPT
KSA,Đại Học Kinh Tế TPHCM,7340302,Kiểm toán,D07,2025,25.7,,THPT
KSA,Đại Học Kinh Tế TPHCM,7340302,Kiểm toán,D07,2025,25.7,,THPT
KSA,Đại học Kinh tế TP HCM,7340302,Kiểm toán,D07,2025,25.7,,THPT
KSA,Đại Học Kinh Tế TPHCM,7340302,Kiểm toán,D09,2025,25.7,,THPT
KSA,Đại Học Kinh Tế TPHCM,7340302,Kiểm toán,D09,2025,25.7,,THPT
KSA,Đại học Kinh tế TP HCM,7340302,Kiểm toán,D09,2025,25.7,,THPT
KSA,Đại học Kinh tế TP HCM,7340403,Quản lý công,A00,2025,23.0,,THPT
KSA,Đại Học Kinh Tế TPHCM,7340403,Quản lý công,A00,2025,23.0,,THPT
KSA,Đại Học Kinh Tế TPHCM,7340403,Quản lý công,A01,2025,23.0,,THPT
KSA,Đại Học Kinh Tế TPHCM,7340403,Quản lý công,A01,2025,23.0,,THPT
KSA,Đại học Kinh tế TP HCM,7340403,Quản lý công,A01,2025,23.0,,THPT
KSA,Đại Học Kinh Tế TPHCM,7340403,Quản lý công,D01,2025,23.0,,THPT
KSA,Đại Học Kinh Tế TPHCM,7340403,Quản lý công,D01,2025,23.0,,THPT
KSA,Đại học Kinh tế TP HCM,7340403,Quản lý công,D01,2025,23.0,,THPT
KSA,Đại Học Kinh Tế TPHCM,7340403,Quản lý công,D07,2025,23.0,,THPT
KSA,Đại Học Kinh Tế TPHCM,7340403,Quản lý công,D07,2025,23.0,,THPT
KSA,Đại học Kinh tế TP HCM,7340403,Quản lý công,D07,2025,23.0,,THPT
KSA,Đại Học Kinh Tế TPHCM,7340403,Quản lý công,D09,2025,23.0,,THPT
KSA,Đại Học Kinh Tế TPHCM,7340403,Quản lý công,D09,2025,23.0,,THPT
KSA,Đại học Kinh tế TP HCM,7340403,Quản lý công,D09,2025,23.0,,THPT
KSA,Đại học Kinh tế TP HCM,7340404,Quản trị nhân lực,A00,2025,24.8,,THPT
KSA,Đại Học Kinh Tế TPHCM,7340404,Quản trị nhân lực,A00,2025,24.8,,THPT
KSA,Đại Học Kinh Tế TPHCM,7340404,Quản trị nhân lực,A01,2025,24.8,,THPT
KSA,Đại Học Kinh Tế TPHCM,7340404,Quản trị nhân lực,A01,2025,24.8,,THPT
KSA,Đại học Kinh tế TP HCM,7340404,Quản trị nhân lực,A01,2025,24.8,,THPT
KSA,Đại Học Kinh Tế TPHCM,7340404,Quản trị nhân lực,D01,2025,24.8,,THPT
KSA,Đại Học Kinh Tế TPHCM,7340404,Quản trị nhân lực,D01,2025,24.8,,THPT
KSA,Đại học Kinh tế TP HCM,7340404,Quản trị nhân lực,D01,2025,24.8,,THPT
KSA,Đại Học Kinh Tế TPHCM,7340404,Quản trị nhân lực,D07,2025,24.8,,THPT
KSA,Đại Học Kinh Tế TPHCM,7340404,Quản trị nhân lực,D07,2025,24.8,,THPT
KSA,Đại học Kinh tế TP HCM,7340404,Quản trị nhân lực,D07,2025,24.8,,THPT
KSA,Đại Học Kinh Tế TPHCM,7340404,Quản trị nhân lực,D09,2025,24.8,,THPT
KSA,Đại Học Kinh Tế TPHCM,7340404,Quản trị nhân lực,D09,2025,24.8,,THPT
KSA,Đại học Kinh tế TP HCM,7340404,Quản trị nhân lực,D09,2025,24.8,,THPT
KSA,Đại học Kinh tế TP HCM,7340405,Hệ thống thông tin,A00,2025,25.0,,THPT
KSA,Đại Học Kinh Tế TPHCM,7340405,Hệ thống thông tin quản lý,A00,2025,25.0,,THPT
KSA,Đại Học Kinh Tế TPHCM,7340405,Hệ thống thông tin quản lý,A01,2025,25.0,,THPT
KSA,Đại Học Kinh Tế TPHCM,7340405,Hệ thống thông tin quản lý,A01,2025,25.0,,THPT
KSA,Đại học Kinh tế TP HCM,7340405,Hệ thống thông tin,A01,2025,25.0,,THPT
KSA,Đại Học Kinh Tế TPHCM,7340405,Hệ thống thông tin quản lý,D01,2025,25.0,,THPT
KSA,Đại Học Kinh Tế TPHCM,7340405,Hệ thống thông tin quản lý,D01,2025,25.0,,THPT
KSA,Đại học Kinh tế TP HCM,7340405,Hệ thống thông tin,D01,2025,25.0,,THPT
KSA,Đại Học Kinh Tế TPHCM,7340405,Hệ thống thông tin quản lý,D07,2025,25.0,,THPT
KSA,Đại Học Kinh Tế TPHCM,7340405,Hệ thống thông tin quản lý,D07,2025,25.0,,THPT
KSA,Đại học Kinh tế TP HCM,7340405,Hệ thống thông tin,D07,2025,25.0,,THPT
KSA,Đại Học Kinh Tế TPHCM,7340405,Hệ thống thông tin quản lý,D09,2025,25.0,,THPT
KSA,Đại Học Kinh Tế TPHCM,7340405,Hệ thống thông tin quản lý,D09,2025,25.0,,THPT
KSA,Đại học Kinh tế TP HCM,7340405,Hệ thống thông tin,D09,2025,25.0,,THPT
KSA,Đại học Kinh tế TP HCM,7380101,Ngành Luật,A00,2025,24.9,,THPT
KSA,Đại Học Kinh Tế TPHCM,7380101,Luật kinh doanh quốc tế,A00,2025,24.9,,THPT
KSA,Đại Học Kinh Tế TPHCM,7380101,Luật kinh doanh quốc tế,A00,2025,24.9,,THPT
KSA,Đại Học Kinh Tế TPHCM,7380101,Luật kinh doanh quốc tế,A01,2025,24.9,,THPT
KSA,Đại Học Kinh Tế TPHCM,7380101,Luật kinh doanh quốc tế,A01,2025,24.9,,THPT
KSA,Đại học Kinh tế TP HCM,7380101,Ngành Luật,A01,2025,24.9,,THPT
KSA,Đại Học Kinh Tế TPHCM,7380101,Luật kinh doanh quốc tế,D01,2025,24.9,,THPT
KSA,Đại Học Kinh Tế TPHCM,7380101,Luật kinh doanh quốc tế,D01,2025,24.9,,THPT
KSA,Đại học Kinh tế TP HCM,7380101,Ngành Luật,D01,2025,24.9,,THPT
KSA,Đại Học Kinh Tế TPHCM,7380101,Luật kinh doanh quốc tế,D09,2025,24.9,,THPT
KSA,Đại Học Kinh Tế TPHCM,7380101,Luật kinh doanh quốc tế,D09,2025,24.9,,THPT
KSA,Đại học Kinh tế TP HCM,7380101,Ngành Luật,D09,2025,24.9,,THPT
KSA,Đại học Kinh tế TP HCM,7380107,Luật kinh tế,A00,2025,24.65,,THPT
KSA,Đại Học Kinh Tế TPHCM,7380107,Luật kinh tế,A00,2025,24.65,,THPT
KSA,Đại Học Kinh Tế TPHCM,7380107,Luật kinh tế,A00,2025,24.65,,THPT
KSA,Đại Học Kinh Tế TPHCM,7380107,Luật kinh tế,A01,2025,24.65,,THPT
KSA,Đại Học Kinh Tế TPHCM,7380107,Luật kinh tế,A01,2025,24.65,,THPT
KSA,Đại học Kinh tế TP HCM,7380107,Luật kinh tế,A01,2025,24.65,,THPT
KSA,Đại Học Kinh Tế TPHCM,7380107,Luật kinh tế,D01,2025,24.65,,THPT
KSA,Đại Học Kinh Tế TPHCM,7380107,Luật kinh tế,D01,2025,24.65,,THPT
KSA,Đại học Kinh tế TP HCM,7380107,Luật kinh tế,D01,2025,24.65,,THPT
KSA,Đại Học Kinh Tế TPHCM,7380107,Luật kinh tế,D09,2025,24.65,,THPT
KSA,Đại Học Kinh Tế TPHCM,7380107,Luật kinh tế,D09,2025,24.65,,THPT
KSA,Đại học Kinh tế TP HCM,7380107,Luật kinh tế,D09,2025,24.65,,THPT
KSA,Đại học Kinh tế TP HCM,7460108_01,Khoa học dữ liệu,A00,2025,26.0,,THPT
KSA,Đại Học Kinh Tế TPHCM,7460108_01,Khoa học dữ liệu,A00,2025,26.0,,THPT
KSA,Đại Học Kinh Tế TPHCM,7460108_01,Khoa học dữ liệu,A01,2025,26.0,,THPT
KSA,Đại Học Kinh Tế TPHCM,7460108_01,Khoa học dữ liệu,A01,2025,26.0,,THPT
KSA,Đại học Kinh tế TP HCM,7460108_01,Khoa học dữ liệu,A01,2025,26.0,,THPT
KSA,Đại Học Kinh Tế TPHCM,7460108_01,Khoa học dữ liệu,D01,2025,26.0,,THPT
KSA,Đại Học Kinh Tế TPHCM,7460108_01,Khoa học dữ liệu,D01,2025,26.0,,THPT
KSA,Đại học Kinh tế TP HCM,7460108_01,Khoa học dữ liệu,D01,2025,26.0,,THPT
KSA,Đại Học Kinh Tế TPHCM,7460108_01,Khoa học dữ liệu,D07,2025,26.0,,THPT
KSA,Đại Học Kinh Tế TPHCM,7460108_01,Khoa học dữ liệu,D07,2025,26.0,,THPT
KSA,Đại học Kinh tế TP HCM,7460108_01,Khoa học dữ liệu,D07,2025,26.0,,THPT
KSA,Đại học Kinh tế TP HCM,7460108_02,Phân tích dữ liệu,A00,2025,26.4,,THPT
KSA,Đại Học Kinh Tế TPHCM,7460108_02,Phân tích dữ liệu,A00,2025,26.4,,THPT
KSA,Đại Học Kinh Tế TPHCM,7460108_02,Phân tích dữ liệu,A01,2025,26.4,,THPT
KSA,Đại Học Kinh Tế TPHCM,7460108_02,Phân tích dữ liệu,A01,2025,26.4,,THPT
KSA,Đại học Kinh tế TP HCM,7460108_02,Phân tích dữ liệu,A01,2025,26.4,,THPT
KSA,Đại Học Kinh Tế TPHCM,7460108_02,Phân tích dữ liệu,D01,2025,26.4,,THPT
KSA,Đại Học Kinh Tế TPHCM,7460108_02,Phân tích dữ liệu,D01,2025,26.4,,THPT
KSA,Đại học Kinh tế TP HCM,7460108_02,Phân tích dữ liệu,D01,2025,26.4,,THPT
KSA,Đại Học Kinh Tế TPHCM,7460108_02,Phân tích dữ liệu,D07,2025,26.4,,THPT
KSA,Đại Học Kinh Tế TPHCM,7460108_02,Phân tích dữ liệu,D07,2025,26.4,,THPT
KSA,Đại học Kinh tế TP HCM,7460108_02,Phân tích dữ liệu,D07,2025,26.4,,THPT
KSA,Đại học Kinh tế TP HCM,7480101,Khoa học máy tính,A00,2025,24.0,,THPT
KSA,Đại Học Kinh Tế TPHCM,7480101,Khoa học máy tính,A00,2025,24.0,,THPT
KSA,Đại Học Kinh Tế TPHCM,7480101,Khoa học máy tính,A01,2025,24.0,,THPT
KSA,Đại Học Kinh Tế TPHCM,7480101,Khoa học máy tính,A01,2025,24.0,,THPT
KSA,Đại học Kinh tế TP HCM,7480101,Khoa học máy tính,A01,2025,24.0,,THPT
KSA,Đại Học Kinh Tế TPHCM,7480101,Khoa học máy tính,D01,2025,24.0,,THPT
KSA,Đại Học Kinh Tế TPHCM,7480101,Khoa học máy tính,D01,2025,24.0,,THPT
KSA,Đại học Kinh tế TP HCM,7480101,Khoa học máy tính,D01,2025,24.0,,THPT
KSA,Đại Học Kinh Tế TPHCM,7480101,Khoa học máy tính,D07,2025,24.0,,THPT
KSA,Đại Học Kinh Tế TPHCM,7480101,Khoa học máy tính,D07,2025,24.0,,THPT
KSA,Đại học Kinh tế TP HCM,7480101,Khoa học máy tính,D07,2025,24.0,,THPT
KSA,Đại học Kinh tế TP HCM,7480103,Kỹ thuật phần mềm,A00,2025,23.6,,THPT
KSA,Đại Học Kinh Tế TPHCM,7480103,Kỹ thuật phần mềm,A00,2025,23.6,,THPT
KSA,Đại Học Kinh Tế TPHCM,7480103,Kỹ thuật phần mềm,A01,2025,23.6,,THPT
KSA,Đại Học Kinh Tế TPHCM,7480103,Kỹ thuật phần mềm,A01,2025,23.6,,THPT
KSA,Đại học Kinh tế TP HCM,7480103,Kỹ thuật phần mềm,A01,2025,23.6,,THPT
KSA,Đại Học Kinh Tế TPHCM,7480103,Kỹ thuật phần mềm,D01,2025,23.6,,THPT
KSA,Đại Học Kinh Tế TPHCM,7480103,Kỹ thuật phần mềm,D01,2025,23.6,,THPT
KSA,Đại học Kinh tế TP HCM,7480103,Kỹ thuật phần mềm,D01,2025,23.6,,THPT
KSA,Đại Học Kinh Tế TPHCM,7480103,Kỹ thuật phần mềm,D07,2025,23.6,,THPT
KSA,Đại Học Kinh Tế TPHCM,7480103,Kỹ thuật phần mềm,D07,2025,23.6,,THPT
KSA,Đại học Kinh tế TP HCM,7480103,Kỹ thuật phần mềm,D07,2025,23.6,,THPT
KSA,Đại học Kinh tế TP HCM,7480107_01,Robot và Trí tuệ nhân tạo (hệ kỹ sư),A00,2025,23.8,,THPT
KSA,Đại Học Kinh Tế TPHCM,7480107_01,Robot và Trí tuệ nhân tạo,A00,2025,23.8,,THPT
KSA,Đại Học Kinh Tế TPHCM,7480107_01,Robot và Trí tuệ nhân tạo,A01,2025,23.8,,THPT
KSA,Đại Học Kinh Tế TPHCM,7480107_01,Robot và Trí tuệ nhân tạo,A01,2025,23.8,,THPT
KSA,Đại học Kinh tế TP HCM,7480107_01,Robot và Trí tuệ nhân tạo (hệ kỹ sư),A01,2025,23.8,,THPT
KSA,Đại Học Kinh Tế TPHCM,7480107_01,Robot và Trí tuệ nhân tạo,D01,2025,23.8,,THPT
KSA,Đại Học Kinh Tế TPHCM,7480107_01,Robot và Trí tuệ nhân tạo,D01,2025,23.8,,THPT
KSA,Đại học Kinh tế TP HCM,7480107_01,Robot và Trí tuệ nhân tạo (hệ kỹ sư),D01,2025,23.8,,THPT
KSA,Đại Học Kinh Tế TPHCM,7480107_01,Robot và Trí tuệ nhân tạo,D07,2025,23.8,,THPT
KSA,Đại Học Kinh Tế TPHCM,7480107_01,Robot và Trí tuệ nhân tạo,D07,2025,23.8,,THPT
KSA,Đại học Kinh tế TP HCM,7480107_01,Robot và Trí tuệ nhân tạo (hệ kỹ sư),D07,2025,23.8,,THPT
KSA,Đại học Kinh tế TP HCM,7480107_02,Điều khiển thông minh và tự động hóa (hệ kỹ sư),A00,2025,23.4,,THPT
KSA,Đại Học Kinh Tế TPHCM,7480107_02,Điều khiển thông minh và tự động hóa,A00,2025,23.4,,THPT
KSA,Đại Học Kinh Tế TPHCM,7480107_02,Điều khiển thông minh và tự động hóa,A01,2025,23.4,,THPT
KSA,Đại Học Kinh Tế TPHCM,7480107_02,Điều khiển thông minh và tự động hóa,A01,2025,23.4,,THPT
KSA,Đại học Kinh tế TP HCM,7480107_02,Điều khiển thông minh và tự động hóa (hệ kỹ sư),A01,2025,23.4,,THPT
KSA,Đại Học Kinh Tế TPHCM,7480107_02,Điều khiển thông minh và tự động hóa,D01,2025,23.4,,THPT
KSA,Đại Học Kinh Tế TPHCM,7480107_02,Điều khiển thông minh và tự động hóa,D01,2025,23.4,,THPT
KSA,Đại học Kinh tế TP HCM,7480107_02,Điều khiển thông minh và tự động hóa (hệ kỹ sư),D01,2025,23.4,,THPT
KSA,Đại Học Kinh Tế TPHCM,7480107_02,Điều khiển thông minh và tự động hóa,D07,2025,23.4,,THPT
KSA,Đại Học Kinh Tế TPHCM,7480107_02,Điều khiển thông minh và tự động hóa,D07,2025,23.4,,THPT
KSA,Đại học Kinh tế TP HCM,7480107_02,Điều khiển thông minh và tự động hóa (hệ kỹ sư),D07,2025,23.4,,THPT
KSA,Đại học Kinh tế TP HCM,7480201_01,Công nghệ phần mềm,A00,2025,24.3,,THPT
KSA,Đại Học Kinh Tế TPHCM,7480201_01,Công nghệ thông tin,A00,2025,24.3,,THPT
KSA,Đại Học Kinh Tế TPHCM,7480201_01,Công nghệ thông tin,A01,2025,24.3,,THPT
KSA,Đại Học Kinh Tế TPHCM,7480201_01,Công nghệ thông tin,A01,2025,24.3,,THPT
KSA,Đại học Kinh tế TP HCM,7480201_01,Công nghệ phần mềm,A01,2025,24.3,,THPT
KSA,Đại Học Kinh Tế TPHCM,7480201_01,Công nghệ thông tin,D01,2025,24.3,,THPT
KSA,Đại Học Kinh Tế TPHCM,7480201_01,Công nghệ thông tin,D01,2025,24.3,,THPT
KSA,Đại học Kinh tế TP HCM,7480201_01,Công nghệ phần mềm,D01,2025,24.3,,THPT
KSA,Đại Học Kinh Tế TPHCM,7480201_01,Công nghệ thông tin,D07,2025,24.3,,THPT
KSA,Đại Học Kinh Tế TPHCM,7480201_01,Công nghệ thông tin,D07,2025,24.3,,THPT
KSA,Đại học Kinh tế TP HCM,7480201_01,Công nghệ phần mềm,D07,2025,24.3,,THPT
KSA,Đại học Kinh tế TP HCM,7480201_02,Thương mại điện tử,A00,2025,24.9,,THPT
KSA,Đại Học Kinh Tế TPHCM,7480201_02,Công nghệ nghệ thuật,A00,2025,24.9,,THPT
KSA,Đại Học Kinh Tế TPHCM,7480201_02,Công nghệ nghệ thuật,A01,2025,24.9,,THPT
KSA,Đại Học Kinh Tế TPHCM,7480201_02,Công nghệ nghệ thuật,A01,2025,24.9,,THPT
KSA,Đại học Kinh tế TP HCM,7480201_02,Thương mại điện tử,A01,2025,24.9,,THPT
KSA,Đại Học Kinh Tế TPHCM,7480201_02,Công nghệ nghệ thuật,D01,2025,24.9,,THPT
KSA,Đại Học Kinh Tế TPHCM,7480201_02,Công nghệ nghệ thuật,D01,2025,24.9,,THPT
KSA,Đại học Kinh tế TP HCM,7480201_02,Thương mại điện tử,D01,2025,24.9,,THPT
KSA,Đại Học Kinh Tế TPHCM,7480201_02,Công nghệ nghệ thuật,D07,2025,24.9,,THPT
KSA,Đại Học Kinh Tế TPHCM,7480201_02,Công nghệ nghệ thuật,D07,2025,24.9,,THPT
KSA,Đại học Kinh tế TP HCM,7480201_02,Thương mại điện tử,D07,2025,24.9,,THPT
KSA,Đại học Kinh tế TP HCM,7480201_03,Quản trị an ninh mạng,A00,2025,23.0,,THPT
KSA,Đại Học Kinh Tế TPHCM,7480201_03,Công nghệ và đổi mới sáng tạo,A00,2025,23.0,,THPT
KSA,Đại Học Kinh Tế TPHCM,7480201_03,Công nghệ và đổi mới sáng tạo,A01,2025,23.0,,THPT
KSA,Đại Học Kinh Tế TPHCM,7480201_03,Công nghệ và đổi mới sáng tạo,A01,2025,23.0,,THPT
KSA,Đại học Kinh tế TP HCM,7480201_03,Quản trị an ninh mạng,A01,2025,23.0,,THPT
KSA,Đại Học Kinh Tế TPHCM,7480201_03,Công nghệ và đổi mới sáng tạo,D01,2025,23.0,,THPT
KSA,Đại Học Kinh Tế TPHCM,7480201_03,Công nghệ và đổi mới sáng tạo,D01,2025,23.0,,THPT
KSA,Đại học Kinh tế TP HCM,7480201_03,Quản trị an ninh mạng,D01,2025,23.0,,THPT
KSA,Đại Học Kinh Tế TPHCM,7480201_03,Công nghệ và đổi mới sáng tạo,D07,2025,23.0,,THPT
KSA,Đại Học Kinh Tế TPHCM,7480201_03,Công nghệ và đổi mới sáng tạo,D07,2025,23.0,,THPT
KSA,Đại học Kinh tế TP HCM,7480201_03,Quản trị an ninh mạng,D07,2025,23.0,,THPT
KSA,Đại học Kinh tế TP HCM,7480202,An toàn thông tin,A00,2025,23.8,,THPT
KSA,Đại Học Kinh Tế TPHCM,7480202,An toàn thông tin,A00,2025,23.8,,THPT
KSA,Đại Học Kinh Tế TPHCM,7480202,An toàn thông tin,A01,2025,23.8,,THPT
KSA,Đại Học Kinh Tế TPHCM,7480202,An toàn thông tin,A01,2025,23.8,,THPT
KSA,Đại học Kinh tế TP HCM,7480202,An toàn thông tin,A01,2025,23.8,,THPT
KSA,Đại Học Kinh Tế TPHCM,7480202,An toàn thông tin,D01,2025,23.8,,THPT
KSA,Đại Học Kinh Tế TPHCM,7480202,An toàn thông tin,D01,2025,23.8,,THPT
KSA,Đại học Kinh tế TP HCM,7480202,An toàn thông tin,D01,2025,23.8,,THPT
KSA,Đại Học Kinh Tế TPHCM,7480202,An toàn thông tin,D07,2025,23.8,,THPT
KSA,Đại Học Kinh Tế TPHCM,7480202,An toàn thông tin,D07,2025,23.8,,THPT
KSA,Đại học Kinh tế TP HCM,7480202,An toàn thông tin,D07,2025,23.8,,THPT
KSA,Đại học Kinh tế TP HCM,7510605_01,Logistics và quản lý chuỗi cung ứng,A00,2025,27.7,,THPT
KSA,Đại Học Kinh Tế TPHCM,7510605_01,Logistics và Quản lý chuỗi cung ứng,A00,2025,27.7,,THPT
KSA,Đại Học Kinh Tế TPHCM,7510605_01,Logistics và Quản lý chuỗi cung ứng,A00,2025,27.7,,THPT
KSA,Đại Học Kinh Tế TPHCM,7510605_01,Logistics và Quản lý chuỗi cung ứng,A01,2025,27.7,,THPT
KSA,Đại Học Kinh Tế TPHCM,7510605_01,Logistics và Quản lý chuỗi cung ứng,A01,2025,27.7,,THPT
KSA,Đại học Kinh tế TP HCM,7510605_01,Logistics và quản lý chuỗi cung ứng,A01,2025,27.7,,THPT
KSA,Đại Học Kinh Tế TPHCM,7510605_01,Logistics và Quản lý chuỗi cung ứng,D01,2025,27.7,,THPT
KSA,Đại Học Kinh Tế TPHCM,7510605_01,Logistics và Quản lý chuỗi cung ứng,D01,2025,27.7,,THPT
KSA,Đại học Kinh tế TP HCM,7510605_01,Logistics và quản lý chuỗi cung ứng,D01,2025,27.7,,THPT
KSA,Đại Học Kinh Tế TPHCM,7510605_01,Logistics và Quản lý chuỗi cung ứng,D07,2025,27.7,,THPT
KSA,Đại Học Kinh Tế TPHCM,7510605_01,Logistics và Quản lý chuỗi cung ứng,D07,2025,27.7,,THPT
KSA,Đại học Kinh tế TP HCM,7510605_01,Logistics và quản lý chuỗi cung ứng,D07,2025,27.7,,THPT
KSA,Đại học Kinh tế TP HCM,7510605_02,Công nghệ Logistics (hệ kỹ sư),A00,2025,25.4,,THPT
KSA,Đại Học Kinh Tế TPHCM,7510605_02,Công nghệ Logistics,A00,2025,25.4,,THPT
KSA,Đại Học Kinh Tế TPHCM,7510605_02,Công nghệ Logistics,A00,2025,25.4,,THPT
KSA,Đại Học Kinh Tế TPHCM,7510605_02,Công nghệ Logistics,A01,2025,25.4,,THPT
KSA,Đại Học Kinh Tế TPHCM,7510605_02,Công nghệ Logistics,A01,2025,25.4,,THPT
KSA,Đại học Kinh tế TP HCM,7510605_02,Công nghệ Logistics (hệ kỹ sư),A01,2025,25.4,,THPT
KSA,Đại Học Kinh Tế TPHCM,7510605_02,Công nghệ Logistics,D01,2025,25.4,,THPT
KSA,Đại Học Kinh Tế TPHCM,7510605_02,Công nghệ Logistics,D01,2025,25.4,,THPT
KSA,Đại học Kinh tế TP HCM,7510605_02,Công nghệ Logistics (hệ kỹ sư),D01,2025,25.4,,THPT
KSA,Đại Học Kinh Tế TPHCM,7510605_02,Công nghệ Logistics,D07,2025,25.4,,THPT
KSA,Đại Học Kinh Tế TPHCM,7510605_02,Công nghệ Logistics,D07,2025,25.4,,THPT
KSA,Đại học Kinh tế TP HCM,7510605_02,Công nghệ Logistics (hệ kỹ sư),D07,2025,25.4,,THPT
KSA,Đại học Kinh tế TP HCM,7580104,Ngành kiến trúc đô thị,A00,2025,23.0,,THPT
KSA,Đại Học Kinh Tế TPHCM,7580104,Kiến trúc và thiết kế đô thị thông minh,A00,2025,23.0,,THPT
KSA,Đại Học Kinh Tế TPHCM,7580104,Kiến trúc và thiết kế đô thị thông minh,A01,2025,23.0,,THPT
KSA,Đại Học Kinh Tế TPHCM,7580104,Kiến trúc và thiết kế đô thị thông minh,A01,2025,23.0,,THPT
KSA,Đại học Kinh tế TP HCM,7580104,Ngành kiến trúc đô thị,A01,2025,23.0,,THPT
KSA,Đại Học Kinh Tế TPHCM,7580104,Kiến trúc và thiết kế đô thị thông minh,D01,2025,23.0,,THPT
KSA,Đại Học Kinh Tế TPHCM,7580104,Kiến trúc và thiết kế đô thị thông minh,D01,2025,23.0,,THPT
KSA,Đại học Kinh tế TP HCM,7580104,Ngành kiến trúc đô thị,D01,2025,23.0,,THPT
KSA,Đại Học Kinh Tế TPHCM,7580104,Kiến trúc và thiết kế đô thị thông minh,D09,2025,23.0,,THPT
KSA,Đại Học Kinh Tế TPHCM,7580104,Kiến trúc và thiết kế đô thị thông minh,D09,2025,23.0,,THPT
KSA,Đại học Kinh tế TP HCM,7580104,Ngành kiến trúc đô thị,D09,2025,23.0,,THPT
KSA,Đại học Kinh tế TP HCM,7620114,Kinh doanh nông nghiệp,A00,2025,23.0,,THPT
KSA,Đại Học Kinh Tế TPHCM,7620114,Kinh doanh nông nghiệp,A00,2025,23.0,,THPT
KSA,Đại Học Kinh Tế TPHCM,7620114,Kinh doanh nông nghiệp,A01,2025,23.0,,THPT
KSA,Đại Học Kinh Tế TPHCM,7620114,Kinh doanh nông nghiệp,A01,2025,23.0,,THPT
KSA,Đại học Kinh tế TP HCM,7620114,Kinh doanh nông nghiệp,A01,2025,23.0,,THPT
KSA,Đại Học Kinh Tế TPHCM,7620114,Kinh doanh nông nghiệp,D01,2025,23.0,,THPT
KSA,Đại Học Kinh Tế TPHCM,7620114,Kinh doanh nông nghiệp,D01,2025,23.0,,THPT
KSA,Đại học Kinh tế TP HCM,7620114,Kinh doanh nông nghiệp,D01,2025,23.0,,THPT
KSA,Đại Học Kinh Tế TPHCM,7620114,Kinh doanh nông nghiệp,D07,2025,23.0,,THPT
KSA,Đại Học Kinh Tế TPHCM,7620114,Kinh doanh nông nghiệp,D07,2025,23.0,,THPT
KSA,Đại học Kinh tế TP HCM,7620114,Kinh doanh nông nghiệp,D07,2025,23.0,,THPT
KSA,Đại Học Kinh Tế TPHCM,7620114,Kinh doanh nông nghiệp,D09,2025,23.0,,THPT
KSA,Đại Học Kinh Tế TPHCM,7620114,Kinh doanh nông nghiệp,D09,2025,23.0,,THPT
KSA,Đại học Kinh tế TP HCM,7620114,Kinh doanh nông nghiệp,D09,2025,23.0,,THPT
KSA,Đại học Kinh tế TP HCM,7810103,Quản trị dịch vụ du lịch và lữ hành,A00,2025,23.4,,THPT
KSA,Đại Học Kinh Tế TPHCM,7810103,Quản trị dịch vụ du lịch và lữ hành,A00,2025,23.4,,THPT
KSA,Đại Học Kinh Tế TPHCM,7810103,Quản trị dịch vụ du lịch và lữ hành,A00,2025,23.4,,THPT
KSA,Đại Học Kinh Tế TPHCM,7810103,Quản trị dịch vụ du lịch và lữ hành,A01,2025,23.4,,THPT
KSA,Đại Học Kinh Tế TPHCM,7810103,Quản trị dịch vụ du lịch và lữ hành,A01,2025,23.4,,THPT
KSA,Đại học Kinh tế TP HCM,7810103,Quản trị dịch vụ du lịch và lữ hành,A01,2025,23.4,,THPT
KSA,Đại Học Kinh Tế TPHCM,7810103,Quản trị dịch vụ du lịch và lữ hành,D01,2025,23.4,,THPT
KSA,Đại Học Kinh Tế TPHCM,7810103,Quản trị dịch vụ du lịch và lữ hành,D01,2025,23.4,,THPT
KSA,Đại học Kinh tế TP HCM,7810103,Quản trị dịch vụ du lịch và lữ hành,D01,2025,23.4,,THPT
KSA,Đại Học Kinh Tế TPHCM,7810103,Quản trị dịch vụ du lịch và lữ hành,D07,2025,23.4,,THPT
KSA,Đại Học Kinh Tế TPHCM,7810103,Quản trị dịch vụ du lịch và lữ hành,D07,2025,23.4,,THPT
KSA,Đại học Kinh tế TP HCM,7810103,Quản trị dịch vụ du lịch và lữ hành,D07,2025,23.4,,THPT
KSA,Đại Học Kinh Tế TPHCM,7810103,Quản trị dịch vụ du lịch và lữ hành,D09,2025,23.4,,THPT
KSA,Đại Học Kinh Tế TPHCM,7810103,Quản trị dịch vụ du lịch và lữ hành,D09,2025,23.4,,THPT
KSA,Đại học Kinh tế TP HCM,7810103,Quản trị dịch vụ du lịch và lữ hành,D09,2025,23.4,,THPT
KSA,Đại học Kinh tế TP HCM,7810201_01,Chuyên ngành Quản trị khách sạn,A00,2025,24.2,,THPT
KSA,Đại Học Kinh Tế TPHCM,7810201_01,Quản trị khách sạn,A00,2025,24.2,,THPT
KSA,Đại Học Kinh Tế TPHCM,7810201_01,Quản trị khách sạn,A00,2025,24.2,,THPT
KSA,Đại Học Kinh Tế TPHCM,7810201_01,Quản trị khách sạn,A01,2025,24.2,,THPT
KSA,Đại Học Kinh Tế TPHCM,7810201_01,Quản trị khách sạn,A01,2025,24.2,,THPT
KSA,Đại học Kinh tế TP HCM,7810201_01,Chuyên ngành Quản trị khách sạn,A01,2025,24.2,,THPT
KSA,Đại Học Kinh Tế TPHCM,7810201_01,Quản trị khách sạn,D01,2025,24.2,,THPT
KSA,Đại Học Kinh Tế TPHCM,7810201_01,Quản trị khách sạn,D01,2025,24.2,,THPT
KSA,Đại học Kinh tế TP HCM,7810201_01,Chuyên ngành Quản trị khách sạn,D01,2025,24.2,,THPT
KSA,Đại Học Kinh Tế TPHCM,7810201_01,Quản trị khách sạn,D07,2025,24.2,,THPT
KSA,Đại Học Kinh Tế TPHCM,7810201_01,Quản trị khách sạn,D07,2025,24.2,,THPT
KSA,Đại học Kinh tế TP HCM,7810201_01,Chuyên ngành Quản trị khách sạn,D07,2025,24.2,,THPT
KSA,Đại Học Kinh Tế TPHCM,7810201_01,Quản trị khách sạn,D09,2025,24.2,,THPT
KSA,Đại Học Kinh Tế TPHCM,7810201_01,Quản trị khách sạn,D09,2025,24.2,,THPT
KSA,Đại học Kinh tế TP HCM,7810201_01,Chuyên ngành Quản trị khách sạn,D09,2025,24.2,,THPT
KSA,Đại học Kinh tế TP HCM,7810201_02,Chuyên ngành Quản trị sự kiện và dịch vụ giải trí,A00,2025,25.5,,THPT
KSA,Đại Học Kinh Tế TPHCM,7810201_02,Quản trị sự kiện và dịch vụ giải trí,A00,2025,25.5,,THPT
KSA,Đại Học Kinh Tế TPHCM,7810201_02,Quản trị sự kiện và dịch vụ giải trí,A00,2025,25.5,,THPT
KSA,Đại Học Kinh Tế TPHCM,7810201_02,Quản trị sự kiện và dịch vụ giải trí,A01,2025,25.5,,THPT
KSA,Đại Học Kinh Tế TPHCM,7810201_02,Quản trị sự kiện và dịch vụ giải trí,A01,2025,25.5,,THPT
KSA,Đại học Kinh tế TP HCM,7810201_02,Chuyên ngành Quản trị sự kiện và dịch vụ giải trí,A01,2025,25.5,,THPT
KSA,Đại Học Kinh Tế TPHCM,7810201_02,Quản trị sự kiện và dịch vụ giải trí,D01,2025,25.5,,THPT
KSA,Đại Học Kinh Tế TPHCM,7810201_02,Quản trị sự kiện và dịch vụ giải trí,D01,2025,25.5,,THPT
KSA,Đại học Kinh tế TP HCM,7810201_02,Chuyên ngành Quản trị sự kiện và dịch vụ giải trí,D01,2025,25.5,,THPT
KSA,Đại Học Kinh Tế TPHCM,7810201_02,Quản trị sự kiện và dịch vụ giải trí,D07,2025,25.5,,THPT
KSA,Đại học Kinh tế TP HCM,7810201_02,Chuyên ngành Quản trị sự kiện và dịch vụ giải trí,D07,2025,25.5,,THPT
KSA,Đại Học Kinh Tế TPHCM,7810201_02,Quản trị sự kiện và dịch vụ giải trí,D09,2025,25.5,,THPT
KSA,Đại Học Kinh Tế TPHCM,7810201_02,Quản trị sự kiện và dịch vụ giải trí,D09,2025,25.5,,THPT
KSA,Đại học Kinh tế TP HCM,7810201_02,Chuyên ngành Quản trị sự kiện và dịch vụ giải trí,D09,2025,25.5,,THPT
KSA,Đại học Kinh tế TP HCM,ASA_Co-op,Cử nhân ASEAN Co-op,A00,2025,24.7,,THPT
KSA,Đại Học Kinh Tế TPHCM,ASA_Co-op,Cử nhân ISB ASEAN Co-op,A00,2025,24.7,,THPT
KSA,Đại Học Kinh Tế TPHCM,ASA_Co-op,Cử nhân ISB ASEAN Co-op,A01,2025,24.7,,THPT
KSA,Đại học Kinh tế TP HCM,ASA_Co-op,Cử nhân ASEAN Co-op,A01,2025,24.7,,THPT
KSA,Đại Học Kinh Tế TPHCM,ASA_Co-op,Cử nhân ISB ASEAN Co-op,D01,2025,24.7,,THPT
KSA,Đại học Kinh tế TP HCM,ASA_Co-op,Cử nhân ASEAN Co-op,D01,2025,24.7,,THPT
KSA,Đại Học Kinh Tế TPHCM,ASA_Co-op,Cử nhân ISB ASEAN Co-op,D07,2025,24.7,,THPT
KSA,Đại học Kinh tế TP HCM,ASA_Co-op,Cử nhân ASEAN Co-op,D07,2025,24.7,,THPT
KSA,Đại Học Kinh Tế TPHCM,ASA_Co-op,Cử nhân ISB ASEAN Co-op,D09,2025,24.7,,THPT
KSA,Đại học Kinh tế TP HCM,ASA_Co-op,Cử nhân ASEAN Co-op,D09,2025,24.7,,THPT
KSA,Đại học Kinh tế TP HCM,ISB_CNTN,Cử nhân Tài năng ISB BBus,A00,2025,25.0,,THPT
KSA,Đại Học Kinh Tế TPHCM,ISB_CNTN,Cử nhân Tài năng ISB BBus,A00,2025,25.0,,THPT
KSA,Đại Học Kinh Tế TPHCM,ISB_CNTN,Cử nhân Tài năng ISB BBus,A01,2025,25.0,,THPT
KSA,Đại học Kinh tế TP HCM,ISB_CNTN,Cử nhân Tài năng ISB BBus,A01,2025,25.0,,THPT
KSA,Đại Học Kinh Tế TPHCM,ISB_CNTN,Cử nhân Tài năng ISB BBus,D01,2025,25.0,,THPT
KSA,Đại học Kinh tế TP HCM,ISB_CNTN,Cử nhân Tài năng ISB BBus,D01,2025,25.0,,THPT
KSA,Đại Học Kinh Tế TPHCM,ISB_CNTN,Cử nhân Tài năng ISB BBus,D07,2025,25.0,,THPT
KSA,Đại học Kinh tế TP HCM,ISB_CNTN,Cử nhân Tài năng ISB BBus,D07,2025,25.0,,THPT
KSA,Đại Học Kinh Tế TPHCM,ISB_CNTN,Cử nhân Tài năng ISB BBus,D09,2025,25.0,,THPT
KSA,Đại học Kinh tế TP HCM,ISB_CNTN,Cử nhân Tài năng ISB BBus,D09,2025,25.0,,THPT
KSV,Đại học Kinh Tế TPHCM - Phân hiệu Vĩnh Long,7220201,Tiếng Anh Thương mại,D01,2025,17.0,,THPT
KSV,Đại học Kinh Tế TPHCM - Phân hiệu Vĩnh Long,7220201,Tiếng Anh Thương mại,D09,2025,17.0,,THPT
KSV,Đại học Kinh Tế TPHCM - Phân hiệu Vĩnh Long,7340101,Quản trị,A00,2025,18.5,,THPT
KSV,Đại học Kinh Tế TPHCM - Phân hiệu Vĩnh Long,7340101,Quản trị,A01,2025,18.5,,THPT
KSV,Đại học Kinh Tế TPHCM - Phân hiệu Vĩnh Long,7340101,Quản trị,D01,2025,18.5,,THPT
KSV,Đại học Kinh Tế TPHCM - Phân hiệu Vĩnh Long,7340101,Quản trị,D07,2025,18.5,,THPT
KSV,Đại học Kinh Tế TPHCM - Phân hiệu Vĩnh Long,7340101,Quản trị,D09,2025,18.5,,THPT
KSV,Đại học Kinh Tế TPHCM - Phân hiệu Vĩnh Long,7340115,Marketing,A00,2025,22.0,,THPT
KSV,Đại học Kinh Tế TPHCM - Phân hiệu Vĩnh Long,7340115,Marketing,A01,2025,22.0,,THPT
KSV,Đại học Kinh Tế TPHCM - Phân hiệu Vĩnh Long,7340115,Marketing,D01,2025,22.0,,THPT
KSV,Đại học Kinh Tế TPHCM - Phân hiệu Vĩnh Long,7340115,Marketing,D07,2025,22.0,,THPT
KSV,Đại học Kinh Tế TPHCM - Phân hiệu Vĩnh Long,7340115,Marketing,D09,2025,22.0,,THPT
KSV,Đại học Kinh Tế TPHCM - Phân hiệu Vĩnh Long,7340120,Kinh doanh quốc tế,A00,2025,19.5,,THPT
KSV,Đại học Kinh Tế TPHCM - Phân hiệu Vĩnh Long,7340120,Kinh doanh quốc tế,A01,2025,19.5,,THPT
KSV,Đại học Kinh Tế TPHCM - Phân hiệu Vĩnh Long,7340120,Kinh doanh quốc tế,D01,2025,19.5,,THPT
KSV,Đại học Kinh Tế TPHCM - Phân hiệu Vĩnh Long,7340120,Kinh doanh quốc tế,D07,2025,19.5,,THPT
KSV,Đại học Kinh Tế TPHCM - Phân hiệu Vĩnh Long,7340120,Kinh doanh quốc tế,D09,2025,19.5,,THPT
KSV,Đại học Kinh Tế TPHCM - Phân hiệu Vĩnh Long,7340122,Thương mại điện tử,A00,2025,20.5,,THPT
KSV,Đại học Kinh Tế TPHCM - Phân hiệu Vĩnh Long,7340122,Thương mại điện tử,A01,2025,20.5,,THPT
KSV,Đại học Kinh Tế TPHCM - Phân hiệu Vĩnh Long,7340122,Thương mại điện tử,D01,2025,20.5,,THPT
KSV,Đại học Kinh Tế TPHCM - Phân hiệu Vĩnh Long,7340122,Thương mại điện tử,D07,2025,20.5,,THPT
KSV,Đại học Kinh Tế TPHCM - Phân hiệu Vĩnh Long,7340122,Thương mại điện tử,D09,2025,20.5,,THPT
KSV,Đại học Kinh Tế TPHCM - Phân hiệu Vĩnh Long,7340201_01,Ngân hàng,A00,2025,18.0,,THPT
KSV,Đại học Kinh Tế TPHCM - Phân hiệu Vĩnh Long,7340201_01,Ngân hàng,A01,2025,18.0,,THPT
KSV,Đại học Kinh Tế TPHCM - Phân hiệu Vĩnh Long,7340201_01,Ngân hàng,D01,2025,18.0,,THPT
KSV,Đại học Kinh Tế TPHCM - Phân hiệu Vĩnh Long,7340201_01,Ngân hàng,D07,2025,18.0,,THPT
KSV,Đại học Kinh Tế TPHCM - Phân hiệu Vĩnh Long,7340201_01,Ngân hàng,D09,2025,18.0,,THPT
KSV,Đại học Kinh Tế TPHCM - Phân hiệu Vĩnh Long,7340201_02,Tài chính,A00,2025,18.0,,THPT
KSV,Đại học Kinh Tế TPHCM - Phân hiệu Vĩnh Long,7340201_02,Tài chính,A01,2025,18.0,,THPT
KSV,Đại học Kinh Tế TPHCM - Phân hiệu Vĩnh Long,7340201_02,Tài chính,D01,2025,18.0,,THPT
KSV,Đại học Kinh Tế TPHCM - Phân hiệu Vĩnh Long,7340201_02,Tài chính,D07,2025,18.0,,THPT
KSV,Đại học Kinh Tế TPHCM - Phân hiệu Vĩnh Long,7340201_02,Tài chính,D09,2025,18.0,,THPT
KSV,Đại học Kinh Tế TPHCM - Phân hiệu Vĩnh Long,7340201_03,Thuế,A00,2025,17.0,,THPT
KSV,Đại học Kinh Tế TPHCM - Phân hiệu Vĩnh Long,7340201_03,Thuế,A01,2025,17.0,,THPT
KSV,Đại học Kinh Tế TPHCM - Phân hiệu Vĩnh Long,7340201_03,Thuế,D01,2025,17.0,,THPT
KSV,Đại học Kinh Tế TPHCM - Phân hiệu Vĩnh Long,7340201_03,Thuế,D07,2025,17.0,,THPT
KSV,Đại học Kinh Tế TPHCM - Phân hiệu Vĩnh Long,7340201_03,Thuế,D09,2025,17.0,,THPT
KSV,Đại học Kinh Tế TPHCM - Phân hiệu Vĩnh Long,7340301,Kế toán doanh nghiệp,A00,2025,17.5,,THPT
KSV,Đại học Kinh Tế TPHCM - Phân hiệu Vĩnh Long,7340301,Kế toán doanh nghiệp,A01,2025,17.5,,THPT
KSV,Đại học Kinh Tế TPHCM - Phân hiệu Vĩnh Long,7340301,Kế toán doanh nghiệp,D01,2025,17.5,,THPT
KSV,Đại học Kinh Tế TPHCM - Phân hiệu Vĩnh Long,7340301,Kế toán doanh nghiệp,D07,2025,17.5,,THPT
KSV,Đại học Kinh Tế TPHCM - Phân hiệu Vĩnh Long,7340301,Kế toán doanh nghiệp,D09,2025,17.5,,THPT
KSV,Đại học Kinh Tế TPHCM - Phân hiệu Vĩnh Long,7380107,Luật kinh tế,A00,2025,18.5,,THPT
KSV,Đại học Kinh Tế TPHCM - Phân hiệu Vĩnh Long,7380107,Luật kinh tế,A01,2025,18.5,,THPT
KSV,Đại học Kinh Tế TPHCM - Phân hiệu Vĩnh Long,7380107,Luật kinh tế,D01,2025,18.5,,THPT
KSV,Đại học Kinh Tế TPHCM - Phân hiệu Vĩnh Long,7380107,Luật kinh tế,D09,2025,18.5,,THPT
KSV,Đại học Kinh Tế TPHCM - Phân hiệu Vĩnh Long,7480107,Robot và Trí tuệ nhân tạo (hệ kỹ sư),A00,2025,18.0,,THPT
KSV,Đại học Kinh Tế TPHCM - Phân hiệu Vĩnh Long,7480107,Robot và Trí tuệ nhân tạo (hệ kỹ sư),A01,2025,18.0,,THPT
KSV,Đại học Kinh Tế TPHCM - Phân hiệu Vĩnh Long,7480107,Robot và Trí tuệ nhân tạo (hệ kỹ sư),D01,2025,18.0,,THPT
KSV,Đại học Kinh Tế TPHCM - Phân hiệu Vĩnh Long,7480107,Robot và Trí tuệ nhân tạo (hệ kỹ sư),D07,2025,18.0,,THPT
KSV,Đại học Kinh Tế TPHCM - Phân hiệu Vĩnh Long,7480201,Công nghệ và Đổi mới sáng tạo,A00,2025,18.0,,THPT
KSV,Đại học Kinh Tế TPHCM - Phân hiệu Vĩnh Long,7480201,Công nghệ và Đổi mới sáng tạo,A01,2025,18.0,,THPT
KSV,Đại học Kinh Tế TPHCM - Phân hiệu Vĩnh Long,7480201,Công nghệ và Đổi mới sáng tạo,D01,2025,18.0,,THPT
KSV,Đại học Kinh Tế TPHCM - Phân hiệu Vĩnh Long,7480201,Công nghệ và Đổi mới sáng tạo,D07,2025,18.0,,THPT
KSV,Đại học Kinh Tế TPHCM - Phân hiệu Vĩnh Long,7510605,Logistics và Quản lý chuỗi cung ứng,A00,2025,22.0,,THPT
KSV,Đại học Kinh Tế TPHCM - Phân hiệu Vĩnh Long,7510605,Logistics và Quản lý chuỗi cung ứng,A01,2025,22.0,,THPT
KSV,Đại học Kinh Tế TPHCM - Phân hiệu Vĩnh Long,7510605,Logistics và Quản lý chuỗi cung ứng,D01,2025,22.0,,THPT
KSV,Đại học Kinh Tế TPHCM - Phân hiệu Vĩnh Long,7510605,Logistics và Quản lý chuỗi cung ứng,D07,2025,22.0,,THPT
KSV,Đại học Kinh Tế TPHCM - Phân hiệu Vĩnh Long,7620114,Kinh doanh nông nghiệp,A00,2025,17.0,,THPT
KSV,Đại học Kinh Tế TPHCM - Phân hiệu Vĩnh Long,7620114,Kinh doanh nông nghiệp,A01,2025,17.0,,THPT
KSV,Đại học Kinh Tế TPHCM - Phân hiệu Vĩnh Long,7620114,Kinh doanh nông nghiệp,D01,2025,17.0,,THPT
KSV,Đại học Kinh Tế TPHCM - Phân hiệu Vĩnh Long,7620114,Kinh doanh nông nghiệp,D07,2025,17.0,,THPT
KSV,Đại học Kinh Tế TPHCM - Phân hiệu Vĩnh Long,7620114,Kinh doanh nông nghiệp,D09,2025,17.0,,THPT
KSV,Đại học Kinh Tế TPHCM - Phân hiệu Vĩnh Long,7810201,Quản trị khách sạn,A00,2025,18.0,,THPT
KSV,Đại học Kinh Tế TPHCM - Phân hiệu Vĩnh Long,7810201,Quản trị khách sạn,A01,2025,18.0,,THPT
KSV,Đại học Kinh Tế TPHCM - Phân hiệu Vĩnh Long,7810201,Quản trị khách sạn,D01,2025,18.0,,THPT
KSV,Đại học Kinh Tế TPHCM - Phân hiệu Vĩnh Long,7810201,Quản trị khách sạn,D07,2025,18.0,,THPT
KSV,Đại học Kinh Tế TPHCM - Phân hiệu Vĩnh Long,7810201,Quản trị khách sạn,D09,2025,18.0,,THPT
KTA,Đại học Kiến trúc Hà Nội,7310104,Kinh tế đầu tư,A00,2025,20.6,,THPT
KTA,Trường Đại Học Kiến Trúc Hà Nội,7310104,Kinh tế đầu tư,A00,2025,20.6,,THPT
KTA,Trường Đại Học Kiến Trúc Hà Nội,7310104,Kinh tế đầu tư,D01,2025,20.6,,THPT
KTA,Đại học Kiến trúc Hà Nội,7310104,Kinh tế đầu tư,D01,2025,20.6,,THPT
KTA,Đại học Kiến trúc Hà Nội,7310105,Kinh tế phát triển,A00,2025,19.85,,THPT
KTA,Trường Đại Học Kiến Trúc Hà Nội,7310105,Kinh tế phát triển,A00,2025,19.85,,THPT
KTA,Trường Đại Học Kiến Trúc Hà Nội,7310105,Kinh tế phát triển,D01,2025,19.85,,THPT
KTA,Đại học Kiến trúc Hà Nội,7310105,Kinh tế phát triển,D01,2025,19.85,,THPT
KTA,Đại học Kiến trúc Hà Nội,7480201,Công nghệ thông tin,A00,2025,21.0,,THPT
KTA,Trường Đại Học Kiến Trúc Hà Nội,7480201,Công nghệ thông tin,A00,2025,21.0,,THPT
KTA,Trường Đại Học Kiến Trúc Hà Nội,7480201,Công nghệ thông tin,D01,2025,21.0,,THPT
KTA,Đại học Kiến trúc Hà Nội,7480201,Công nghệ thông tin,D01,2025,21.0,,THPT
KTA,Đại học Kiến trúc Hà Nội,7480201_1,Công nghệ thông tin,A00,2025,21.85,,THPT
KTA,Trường Đại Học Kiến Trúc Hà Nội,7480201_1,Công nghệ đa phương tiện (Chuyên ngành của ngành Công nghệ thông tin),A00,2025,21.85,,THPT
KTA,Trường Đại Học Kiến Trúc Hà Nội,7480201_1,Công nghệ đa phương tiện (Chuyên ngành của ngành Công nghệ thông tin),D01,2025,21.85,,THPT
KTA,Đại học Kiến trúc Hà Nội,7480201_1,Công nghệ thông tin,D01,2025,21.85,,THPT
KTA,Đại học Kiến trúc Hà Nội,7480201_2,Công nghệ thông tin,A00,2025,21.75,,THPT
KTA,Trường Đại Học Kiến Trúc Hà Nội,7480201_2,Công nghệ game (Chuyên ngành thuộc ngành Công nghệ thông tin),A00,2025,21.75,,THPT
KTA,Trường Đại Học Kiến Trúc Hà Nội,7480201_2,Công nghệ game (Chuyên ngành thuộc ngành Công nghệ thông tin),D01,2025,21.75,,THPT
KTA,Đại học Kiến trúc Hà Nội,7480201_2,Công nghệ thông tin,D01,2025,21.75,,THPT
KTA,Đại học Kiến trúc Hà Nội,7510105,Công nghệ kỹ thuật vật liệu xây dựng,A00,2025,20.5,,THPT
KTA,Trường Đại Học Kiến Trúc Hà Nội,7510105,Công nghệ kỹ thuật vật liệu xây dựng,A00,2025,20.5,,THPT
KTA,Trường Đại Học Kiến Trúc Hà Nội,7510105,Công nghệ kỹ thuật vật liệu xây dựng,D01,2025,20.5,,THPT
KTA,Đại học Kiến trúc Hà Nội,7510105,Công nghệ kỹ thuật vật liệu xây dựng,D01,2025,20.5,,THPT
KTA,Đại học Kiến trúc Hà Nội,7580201,Kỹ thuật xây dựng,A00,2025,20.75,,THPT
KTA,Trường Đại Học Kiến Trúc Hà Nội,7580201,Xây dựng dân dụng và công nghiệp (Chuyên ngành thuộc ngành Kỹ thuật xâv dựng),A00,2025,20.75,,THPT
KTA,Trường Đại Học Kiến Trúc Hà Nội,7580201,Xây dựng dân dụng và công nghiệp (Chuyên ngành thuộc ngành Kỹ thuật xâv dựng),D01,2025,20.75,,THPT
KTA,Đại học Kiến trúc Hà Nội,7580201,Kỹ thuật xây dựng,D01,2025,20.75,,THPT
KTA,Đại học Kiến trúc Hà Nội,7580201_1,Kỹ thuật xây dựng (Chuyên ngành Xây dựng công trình ngầm đô thị),A00,2025,18.35,,THPT
KTA,Trường Đại Học Kiến Trúc Hà Nội,7580201_1,Xây dựng công trình ngầm dô thị (Chuyên ngành thuộc ngành Kỹ thuật xây dựng),A00,2025,18.35,,THPT
KTA,Trường Đại Học Kiến Trúc Hà Nội,7580201_1,Xây dựng công trình ngầm dô thị (Chuyên ngành thuộc ngành Kỹ thuật xây dựng),D01,2025,18.35,,THPT
KTA,Đại học Kiến trúc Hà Nội,7580201_1,Kỹ thuật xây dựng (Chuyên ngành Xây dựng công trình ngầm đô thị),D01,2025,18.35,,THPT
KTA,Đại học Kiến trúc Hà Nội,7580201_2,Kỹ thuật xây dựng (Chuyên ngành Quản lý dự án xây dựng),A00,2025,19.98,,THPT
KTA,Trường Đại Học Kiến Trúc Hà Nội,7580201_2,Quản lý dự án xây dựng (Chuyên ngành thuộc ngành Kỹ thuật xây dựng),A00,2025,19.98,,THPT
KTA,Trường Đại Học Kiến Trúc Hà Nội,7580201_2,Quản lý dự án xây dựng (Chuyên ngành thuộc ngành Kỹ thuật xây dựng),D01,2025,19.98,,THPT
KTA,Đại học Kiến trúc Hà Nội,7580201_2,Kỹ thuật xây dựng (Chuyên ngành Quản lý dự án xây dựng),D01,2025,19.98,,THPT
KTA,Trường Đại Học Kiến Trúc Hà Nội,7580205,Kỹ thuật xây dựng công trình giao thông,A00,2025,16.1,,THPT
KTA,Trường Đại Học Kiến Trúc Hà Nội,7580205,Kỹ thuật xây dựng công trình giao thông,D01,2025,16.1,,THPT
KTA,Trường Đại Học Kiến Trúc Hà Nội,7580210,Kỹ thuật hạ tầng đô thị (Chuyên ngành thuộc ngành Kỹ thuật cơ sở hạ tầng),A00,2025,16.1,,THPT
KTA,Trường Đại Học Kiến Trúc Hà Nội,7580210,Kỹ thuật hạ tầng đô thị (Chuyên ngành thuộc ngành Kỹ thuật cơ sớ hạ tầng),A00,2025,0.0,,THPT
KTA,Trường Đại Học Kiến Trúc Hà Nội,7580210,Kỹ thuật hạ tầng đô thị (Chuyên ngành thuộc ngành Kỹ thuật cơ sở hạ tầng),D01,2025,16.1,,THPT
KTA,Trường Đại Học Kiến Trúc Hà Nội,7580210,Kỹ thuật hạ tầng đô thị (Chuyên ngành thuộc ngành Kỹ thuật cơ sớ hạ tầng),D01,2025,0.0,,THPT
KTA,Trường Đại Học Kiến Trúc Hà Nội,7580210_1,Kỹ thuật môi trường đô thị (Chuyên ngành thuộc ngành Kỹ thuật cơ sở hạ tầng),A00,2025,16.1,,THPT
KTA,Trường Đại Học Kiến Trúc Hà Nội,7580210_1,Kỹ thuật môi trường đô thị (Chuyên ngành thuộc ngành Kỹ thuật cơ sở hạ tầng),D01,2025,16.1,,THPT
KTA,Trường Đại Học Kiến Trúc Hà Nội,7580210_2,Công nghệ cơ điện công trình (Chuyên ngành thuộc ngành Kỹ thuật cơ sở hạ tầng),A00,2025,16.1,,THPT
KTA,Trường Đại Học Kiến Trúc Hà Nội,7580210_2,Công nghệ cơ điện công trình (Chuyên ngành thuộc ngành Kỹ thuật cơ sở hạ tầng),D01,2025,16.1,,THPT
KTA,Trường Đại Học Kiến Trúc Hà Nội,7580213,Kỹ thuật cấp thoát nước,A00,2025,16.1,,THPT
KTA,Trường Đại Học Kiến Trúc Hà Nội,7580213,Kỹ thuật cấp thoát nước,D01,2025,16.1,,THPT
KTA,Đại học Kiến trúc Hà Nội,7580301,Kinh tế xây dựng,A00,2025,20.85,,THPT
KTA,Trường Đại Học Kiến Trúc Hà Nội,7580301,Kinh tế Xây dựng,A00,2025,20.85,,THPT
KTA,Trường Đại Học Kiến Trúc Hà Nội,7580301,Kinh tế Xây dựng,D01,2025,20.85,,THPT
KTA,Đại học Kiến trúc Hà Nội,7580301,Kinh tế xây dựng,D01,2025,20.85,,THPT
KTA,Đại học Kiến trúc Hà Nội,7580302,Quản lý xây dựng,A00,2025,19.5,,THPT
KTA,Trường Đại Học Kiến Trúc Hà Nội,7580302,Quản lý xây dựng,A00,2025,19.5,,THPT
KTA,Trường Đại Học Kiến Trúc Hà Nội,7580302,Quản lý xây dựng,D01,2025,19.5,,THPT
KTA,Đại học Kiến trúc Hà Nội,7580302,Quản lý xây dựng,D01,2025,19.5,,THPT
KTA,Đại học Kiến trúc Hà Nội,7580302_1,Quản lý xây dựng (Chuyên ngành Quản lý bất động sản),A00,2025,18.6,,THPT
KTA,Trường Đại Học Kiến Trúc Hà Nội,7580302_1,Quản lý bất động sản (Chuyên ngành thuộc ngành Quản lý xây dựng),A00,2025,18.6,,THPT
KTA,Trường Đại Học Kiến Trúc Hà Nội,7580302_1,Quản lý bất động sản (Chuyên ngành thuộc ngành Quản lý xây dựng),D01,2025,18.6,,THPT
KTA,Đại học Kiến trúc Hà Nội,7580302_1,Quản lý xây dựng (Chuyên ngành Quản lý bất động sản),D01,2025,18.6,,THPT
KTA,Đại học Kiến trúc Hà Nội,7580302_2,Quản lý xây dựng (Chuyên ngành Quản lý vận tải và Logistic),A00,2025,22.0,,THPT
KTA,Trường Đại Học Kiến Trúc Hà Nội,7580302_2,Quản lý vận tải và Logistics (Chuyên ngành thuộc ngành Quản lý xây dựng),A00,2025,22.0,,THPT
KTA,Trường Đại Học Kiến Trúc Hà Nội,7580302_2,Quản lý vận tải và Logistics (Chuyên ngành thuộc ngành Quản lý xây dựng),D01,2025,22.0,,THPT
KTA,Đại học Kiến trúc Hà Nội,7580302_2,Quản lý xây dựng (Chuyên ngành Quản lý vận tải và Logistic),D01,2025,22.0,,THPT
KTA,Đại học Kiến trúc Hà Nội,KTA04,Điêu khắc,A00,2025,16.1,,THPT
KTA,Đại học Kiến trúc Hà Nội,KTA04,Điêu khắc,D01,2025,16.1,,THPT
KTD,Đại học Kiến trúc Đà Nẵng,7220201,Ngôn ngữ Anh,A01,2025,16.0,,THPT
KTD,Trường Đại Học Kiến Trúc Đà Nẵng,7220201,Ngôn ngữ Anh,A01,2025,16.0,,THPT
KTD,Đại học Kiến trúc Đà Nẵng,7220201,Ngôn ngữ Anh,D01,2025,16.0,,THPT
KTD,Trường Đại Học Kiến Trúc Đà Nẵng,7220201,Ngôn ngữ Anh,D01,2025,16.0,,THPT
KTD,Đại học Kiến trúc Đà Nẵng,7220204,Ngôn ngữ Trung Quốc,A01,2025,16.0,,THPT
KTD,Trường Đại Học Kiến Trúc Đà Nẵng,7220204,Ngôn ngữ Trung Quốc,A01,2025,16.0,,THPT
KTD,Đại học Kiến trúc Đà Nẵng,7220204,Ngôn ngữ Trung Quốc,D01,2025,16.0,,THPT
KTD,Trường Đại Học Kiến Trúc Đà Nẵng,7220204,Ngôn ngữ Trung Quốc,D01,2025,16.0,,THPT
KTD,Đại học Kiến trúc Đà Nẵng,7340101,Quản trị Kinh doanh,A00,2025,16.0,,THPT
KTD,Trường Đại Học Kiến Trúc Đà Nẵng,7340101,Quản trị Kinh doanh,A00,2025,16.0,,THPT
KTD,Trường Đại Học Kiến Trúc Đà Nẵng,7340101,Quản trị Kinh doanh,A01,2025,16.0,,THPT
KTD,Đại học Kiến trúc Đà Nẵng,7340101,Quản trị Kinh doanh,A01,2025,16.0,,THPT
KTD,Trường Đại Học Kiến Trúc Đà Nẵng,7340101,Quản trị Kinh doanh,B00,2025,16.0,,THPT
KTD,Đại học Kiến trúc Đà Nẵng,7340101,Quản trị Kinh doanh,B00,2025,16.0,,THPT
KTD,Trường Đại Học Kiến Trúc Đà Nẵng,7340101,Quản trị Kinh doanh,D01,2025,16.0,,THPT
KTD,Đại học Kiến trúc Đà Nẵng,7340101,Quản trị Kinh doanh,D01,2025,16.0,,THPT
KTD,Đại học Kiến trúc Đà Nẵng,7340201,Tài chính – Ngân hàng,A00,2025,16.0,,THPT
KTD,Trường Đại Học Kiến Trúc Đà Nẵng,7340201,Tài chính - Ngân hàng,A00,2025,16.0,,THPT
KTD,Trường Đại Học Kiến Trúc Đà Nẵng,7340201,Tài chính - Ngân hàng,A01,2025,16.0,,THPT
KTD,Đại học Kiến trúc Đà Nẵng,7340201,Tài chính – Ngân hàng,A01,2025,16.0,,THPT
KTD,Trường Đại Học Kiến Trúc Đà Nẵng,7340201,Tài chính - Ngân hàng,B00,2025,16.0,,THPT
KTD,Đại học Kiến trúc Đà Nẵng,7340201,Tài chính – Ngân hàng,B00,2025,16.0,,THPT
KTD,Trường Đại Học Kiến Trúc Đà Nẵng,7340201,Tài chính - Ngân hàng,D01,2025,16.0,,THPT
KTD,Đại học Kiến trúc Đà Nẵng,7340201,Tài chính – Ngân hàng,D01,2025,16.0,,THPT
KTD,Đại học Kiến trúc Đà Nẵng,7340301,Kế toán,A00,2025,16.0,,THPT
KTD,Trường Đại Học Kiến Trúc Đà Nẵng,7340301,Kế toán,A00,2025,16.0,,THPT
KTD,Trường Đại Học Kiến Trúc Đà Nẵng,7340301,Kế toán,A01,2025,16.0,,THPT
KTD,Đại học Kiến trúc Đà Nẵng,7340301,Kế toán,A01,2025,16.0,,THPT
KTD,Trường Đại Học Kiến Trúc Đà Nẵng,7340301,Kế toán,B00,2025,16.0,,THPT
KTD,Đại học Kiến trúc Đà Nẵng,7340301,Kế toán,B00,2025,16.0,,THPT
KTD,Trường Đại Học Kiến Trúc Đà Nẵng,7340301,Kế toán,D01,2025,16.0,,THPT
KTD,Đại học Kiến trúc Đà Nẵng,7340301,Kế toán,D01,2025,16.0,,THPT
KTD,Đại học Kiến trúc Đà Nẵng,7480201,Công nghệ thông tin,A00,2025,16.0,,THPT
KTD,Trường Đại Học Kiến Trúc Đà Nẵng,7480201,Công nghệ thông tin,A00,2025,16.0,,THPT
KTD,Trường Đại Học Kiến Trúc Đà Nẵng,7480201,Công nghệ thông tin,A01,2025,16.0,,THPT
KTD,Đại học Kiến trúc Đà Nẵng,7480201,Công nghệ thông tin,A01,2025,16.0,,THPT
KTD,Trường Đại Học Kiến Trúc Đà Nẵng,7480201,Công nghệ thông tin,B00,2025,16.0,,THPT
KTD,Đại học Kiến trúc Đà Nẵng,7480201,Công nghệ thông tin,B00,2025,16.0,,THPT
KTD,Trường Đại Học Kiến Trúc Đà Nẵng,7480201,Công nghệ thông tin,D01,2025,16.0,,THPT
KTD,Đại học Kiến trúc Đà Nẵng,7480201,Công nghệ thông tin,D01,2025,16.0,,THPT
KTD,Đại học Kiến trúc Đà Nẵng,7510301,"Công nghệ kỹ thuật điện, điện tử",A00,2025,16.0,,THPT
KTD,Trường Đại Học Kiến Trúc Đà Nẵng,7510301,Công nghệ kỹ thuật Điện - Điện tử,A00,2025,16.0,,THPT
KTD,Trường Đại Học Kiến Trúc Đà Nẵng,7510301,Công nghệ kỹ thuật Điện - Điện tử,A01,2025,16.0,,THPT
KTD,Đại học Kiến trúc Đà Nẵng,7510301,"Công nghệ kỹ thuật điện, điện tử",A01,2025,16.0,,THPT
KTD,Trường Đại Học Kiến Trúc Đà Nẵng,7510301,Công nghệ kỹ thuật Điện - Điện tử,B00,2025,16.0,,THPT
KTD,Đại học Kiến trúc Đà Nẵng,7510301,"Công nghệ kỹ thuật điện, điện tử",B00,2025,16.0,,THPT
KTD,Trường Đại Học Kiến Trúc Đà Nẵng,7510301,Công nghệ kỹ thuật Điện - Điện tử,D01,2025,16.0,,THPT
KTD,Đại học Kiến trúc Đà Nẵng,7510301,"Công nghệ kỹ thuật điện, điện tử",D01,2025,16.0,,THPT
KTD,Đại học Kiến trúc Đà Nẵng,7510605,Logistics và Quản lý chuỗi cung ứng,A00,2025,16.0,,THPT
KTD,Trường Đại Học Kiến Trúc Đà Nẵng,7510605,Logistics và quản lý chuỗi cung ứng,A00,2025,16.0,,THPT
KTD,Trường Đại Học Kiến Trúc Đà Nẵng,7510605,Logistics và quản lý chuỗi cung ứng,A01,2025,16.0,,THPT
KTD,Đại học Kiến trúc Đà Nẵng,7510605,Logistics và Quản lý chuỗi cung ứng,A01,2025,16.0,,THPT
KTD,Trường Đại Học Kiến Trúc Đà Nẵng,7510605,Logistics và quản lý chuỗi cung ứng,B00,2025,16.0,,THPT
KTD,Đại học Kiến trúc Đà Nẵng,7510605,Logistics và Quản lý chuỗi cung ứng,B00,2025,16.0,,THPT
KTD,Trường Đại Học Kiến Trúc Đà Nẵng,7510605,Logistics và quản lý chuỗi cung ứng,D01,2025,16.0,,THPT
KTD,Đại học Kiến trúc Đà Nẵng,7510605,Logistics và Quản lý chuỗi cung ứng,D01,2025,16.0,,THPT
KTD,Trường Đại Học Kiến Trúc Đà Nẵng,7580101,Kiến trúc,A00,2025,16.0,,THPT
KTD,Đại học Kiến trúc Đà Nẵng,7580101,Kiến trúc,A01,2025,16.0,,THPT
KTD,Trường Đại Học Kiến Trúc Đà Nẵng,7580108,Thiết kế nội thất,A00,2025,16.0,,THPT
KTD,Đại học Kiến trúc Đà Nẵng,7580108,Thiết kế nội thất,A01,2025,16.0,,THPT
KTD,Đại học Kiến trúc Đà Nẵng,7580201,Kỹ thuật xây dựng,A00,2025,16.0,,THPT
KTD,Trường Đại Học Kiến Trúc Đà Nẵng,7580201,Kỹ thuật xây dựng,A00,2025,16.0,,THPT
KTD,Trường Đại Học Kiến Trúc Đà Nẵng,7580201,Kỹ thuật xây dựng,A01,2025,16.0,,THPT
KTD,Đại học Kiến trúc Đà Nẵng,7580201,Kỹ thuật xây dựng,A01,2025,16.0,,THPT
KTD,Trường Đại Học Kiến Trúc Đà Nẵng,7580201,Kỹ thuật xây dựng,B00,2025,16.0,,THPT
KTD,Đại học Kiến trúc Đà Nẵng,7580201,Kỹ thuật xây dựng,B00,2025,16.0,,THPT
KTD,Trường Đại Học Kiến Trúc Đà Nẵng,7580201,Kỹ thuật xây dựng,D01,2025,16.0,,THPT
KTD,Đại học Kiến trúc Đà Nẵng,7580201,Kỹ thuật xây dựng,D01,2025,16.0,,THPT
KTD,Đại học Kiến trúc Đà Nẵng,7580205,Kỹ thuật xây dựng công trình giao thông,A00,2025,16.0,,THPT
KTD,Trường Đại Học Kiến Trúc Đà Nẵng,7580205,Kỹ thuật xây dựng công trình giao thông,A00,2025,16.0,,THPT
KTD,Trường Đại Học Kiến Trúc Đà Nẵng,7580205,Kỹ thuật xây dựng công trình giao thông,A01,2025,16.0,,THPT
KTD,Đại học Kiến trúc Đà Nẵng,7580205,Kỹ thuật xây dựng công trình giao thông,A01,2025,16.0,,THPT
KTD,Trường Đại Học Kiến Trúc Đà Nẵng,7580205,Kỹ thuật xây dựng công trình giao thông,B00,2025,16.0,,THPT
KTD,Đại học Kiến trúc Đà Nẵng,7580205,Kỹ thuật xây dựng công trình giao thông,B00,2025,16.0,,THPT
KTD,Trường Đại Học Kiến Trúc Đà Nẵng,7580205,Kỹ thuật xây dựng công trình giao thông,D01,2025,16.0,,THPT
KTD,Đại học Kiến trúc Đà Nẵng,7580205,Kỹ thuật xây dựng công trình giao thông,D01,2025,16.0,,THPT
KTD,Đại học Kiến trúc Đà Nẵng,7580302,Quản lý xây dựng,A00,2025,16.0,,THPT
KTD,Trường Đại Học Kiến Trúc Đà Nẵng,7580302,Quản lý xây dựng,A00,2025,16.0,,THPT
KTD,Trường Đại Học Kiến Trúc Đà Nẵng,7580302,Quản lý xây dựng,A01,2025,16.0,,THPT
KTD,Đại học Kiến trúc Đà Nẵng,7580302,Quản lý xây dựng,A01,2025,16.0,,THPT
KTD,Trường Đại Học Kiến Trúc Đà Nẵng,7580302,Quản lý xây dựng,B00,2025,16.0,,THPT
KTD,Đại học Kiến trúc Đà Nẵng,7580302,Quản lý xây dựng,B00,2025,16.0,,THPT
KTD,Trường Đại Học Kiến Trúc Đà Nẵng,7580302,Quản lý xây dựng,D01,2025,16.0,,THPT
KTD,Đại học Kiến trúc Đà Nẵng,7580302,Quản lý xây dựng,D01,2025,16.0,,THPT
KTD,Đại học Kiến trúc Đà Nẵng,7810103,Quản trị dịch vụ du lịch và lữ hành,A00,2025,16.0,,THPT
KTD,Trường Đại Học Kiến Trúc Đà Nẵng,7810103,Quản trị Dịch vụ du lịch và Lữ hành,A00,2025,16.0,,THPT
KTD,Trường Đại Học Kiến Trúc Đà Nẵng,7810103,Quản trị Dịch vụ du lịch và Lữ hành,A01,2025,16.0,,THPT
KTD,Đại học Kiến trúc Đà Nẵng,7810103,Quản trị dịch vụ du lịch và lữ hành,A01,2025,16.0,,THPT
KTD,Trường Đại Học Kiến Trúc Đà Nẵng,7810103,Quản trị Dịch vụ du lịch và Lữ hành,B00,2025,16.0,,THPT
KTD,Đại học Kiến trúc Đà Nẵng,7810103,Quản trị dịch vụ du lịch và lữ hành,B00,2025,16.0,,THPT
KTD,Trường Đại Học Kiến Trúc Đà Nẵng,7810103,Quản trị Dịch vụ du lịch và Lữ hành,D01,2025,16.0,,THPT
KTD,Đại học Kiến trúc Đà Nẵng,7810103,Quản trị dịch vụ du lịch và lữ hành,D01,2025,16.0,,THPT
KTD,Đại học Kiến trúc Đà Nẵng,7810201,Quản trị khách sạn,A00,2025,16.0,,THPT
KTD,Trường Đại Học Kiến Trúc Đà Nẵng,7810201,Quản trị khách sạn,A00,2025,16.0,,THPT
KTD,Trường Đại Học Kiến Trúc Đà Nẵng,7810201,Quản trị khách sạn,A01,2025,16.0,,THPT
KTD,Đại học Kiến trúc Đà Nẵng,7810201,Quản trị khách sạn,A01,2025,16.0,,THPT
KTD,Trường Đại Học Kiến Trúc Đà Nẵng,7810201,Quản trị khách sạn,B00,2025,16.0,,THPT
KTD,Đại học Kiến trúc Đà Nẵng,7810201,Quản trị khách sạn,B00,2025,16.0,,THPT
KTD,Trường Đại Học Kiến Trúc Đà Nẵng,7810201,Quản trị khách sạn,D01,2025,16.0,,THPT
KTD,Đại học Kiến trúc Đà Nẵng,7810201,Quản trị khách sạn,D01,2025,16.0,,THPT
KTS,Đại học Kiến trúc TP HCM,7580201,Kỹ thuật xây dựng,A00,2025,19.6,,THPT
KTS,Trường Đại Học Kiến Trúc TPHCM,7580201,Kỹ thuật xây dựng,A00,2025,19.6,,THPT
KTS,Trường Đại Học Kiến Trúc TPHCM,7580201,Kỹ thuật xây dựng,A01,2025,19.6,,THPT
KTS,Đại học Kiến trúc TP HCM,7580201,Kỹ thuật xây dựng,A01,2025,19.6,,THPT
KTS,Đại học Kiến trúc TP HCM,7580201CLC,Kỹ thuật xây dựng ( Chất lượng cao),A00,2025,20.1,,THPT
KTS,Trường Đại Học Kiến Trúc TPHCM,7580201CLC,Kỹ thuật xây dựng (Chất lượng cao),A00,2025,20.1,,THPT
KTS,Trường Đại Học Kiến Trúc TPHCM,7580201CLC,Kỹ thuật xây dựng (Chất lượng cao),A01,2025,20.1,,THPT
KTS,Đại học Kiến trúc TP HCM,7580201CLC,Kỹ thuật xây dựng ( Chất lượng cao),A01,2025,20.1,,THPT
KTS,Đại học Kiến trúc tại Trung tâm đào tạo cơ sở Cần Thơ,7580201CT,Kỹ thuật xây dựng,A00,2025,19.6,,THPT
KTS,Trường Đại Học Kiến Trúc TPHCM,7580201CT,Kỹ thuật xây dựng (CT),A00,2025,19.6,,THPT
KTS,Trường Đại Học Kiến Trúc TPHCM,7580201CT,Kỹ thuật xây dựng (CT),A01,2025,19.6,,THPT
KTS,Đại học Kiến trúc tại Trung tâm đào tạo cơ sở Cần Thơ,7580201CT,Kỹ thuật xây dựng,A01,2025,19.6,,THPT
KTS,Đại học Kiến trúc tại Trung tâm đào tạo cơ sở Đà Lạt,7580201DL,Kỹ thuật xây dựng,A00,2025,19.6,,THPT
KTS,Trường Đại Học Kiến Trúc TPHCM,7580201DL,Kỹ thuật xây dựng (DL),A00,2025,19.6,,THPT
KTS,Trường Đại Học Kiến Trúc TPHCM,7580201DL,Kỹ thuật xây dựng (DL),A01,2025,19.6,,THPT
KTS,Đại học Kiến trúc tại Trung tâm đào tạo cơ sở Đà Lạt,7580201DL,Kỹ thuật xây dựng,A01,2025,19.6,,THPT
KTS,Đại học Kiến trúc TP HCM,7580210,Kỹ thuật cơ sở hạ tầng,A00,2025,18.8,,THPT
KTS,Trường Đại Học Kiến Trúc TPHCM,7580210,Kỹ thuật cơ sở hạ tầng,A00,2025,18.8,,THPT
KTS,Trường Đại Học Kiến Trúc TPHCM,7580210,Kỹ thuật cơ sở hạ tầng,A01,2025,18.8,,THPT
KTS,Đại học Kiến trúc TP HCM,7580210,Kỹ thuật cơ sở hạ tầng,A01,2025,18.8,,THPT
KTS,Trường Đại Học Kiến Trúc TPHCM,7580210,Kỹ thuật cơ sở hạ tầng,D01,2025,18.8,,THPT
KTS,Đại học Kiến trúc TP HCM,7580210,Kỹ thuật cơ sở hạ tầng,D01,2025,18.8,,THPT
KTS,Đại học Kiến trúc TP HCM,7580302,Quản lý xây dựng,A00,2025,20.5,,THPT
KTS,Trường Đại Học Kiến Trúc TPHCM,7580302,Quản lý xây dựng,A00,2025,20.5,,THPT
KTS,Trường Đại Học Kiến Trúc TPHCM,7580302,Quản lý xây dựng,A01,2025,20.5,,THPT
KTS,Đại học Kiến trúc TP HCM,7580302,Quản lý xây dựng,A01,2025,20.5,,THPT
LAH,Trường Sĩ Quan Lục Quân 1 - Đại học Trần Quốc Tuấn,7860201,Chỉ huy Tham mưu Lục quân,A00,2025,24.2,,THPT
LAH,Trường Sĩ Quan Lục Quân 1 - Đại học Trần Quốc Tuấn,7860201,Chỉ huy Tham mưu Lục quân,A01,2025,24.2,,THPT
LAH,Trường Sĩ Quan Lục Quân 1 - Đại học Trần Quốc Tuấn,7860201|21A00,Chỉ huy tham mưu Lục quân (Nam - miền Bắc),A00,2025,24.2,,THPT
LAH,Trường Sĩ Quan Lục Quân 1 - Đại học Trần Quốc Tuấn,7860201|21A00,Chỉ huy tham mưu Lục quân (Nam - miền Bắc),A01,2025,24.2,,THPT
LAH,Trường Sĩ Quan Lục Quân 1 - Đại học Trần Quốc Tuấn,7860222_QK1,Quân sự cơ sở - Quân khu 1,C00,2025,17.5,,THPT
LAH,Trường Sĩ Quan Lục Quân 1 - Đại học Trần Quốc Tuấn,7860222_QK2,Quân sự cơ sở - Quân khu 2,C00,2025,16.5,,THPT
LAH,Trường Sĩ Quan Lục Quân 1 - Đại học Trần Quốc Tuấn,7860222_QK3,Quân sự cơ sở - Quân khu 3,C00,2025,15.85,,THPT
LAH,Trường Sĩ Quan Lục Quân 1 - Đại học Trần Quốc Tuấn,7860222_QK4,Quân sự cơ sở - Quân khu 4,C00,2025,20.25,,THPT
LBH,Trường Sĩ Quan Lục Quân 2 - Đại học Nguyễn Huệ,7860201_4,Chỉ huy Tham mưu Lục quân (QK4),A00,2025,21.85,,THPT
LBH,Trường Sĩ Quan Lục Quân 2 - Đại học Nguyễn Huệ,7860201_4,Chỉ huy Tham mưu Lục quân (QK4),A01,2025,21.85,,THPT
LBH,Trường Sĩ Quan Lục Quân 2 - Đại học Nguyễn Huệ,7860201_5,Chỉ huy Tham mưu Lục quân (QK5),A00,2025,21.75,,THPT
LBH,Trường Sĩ Quan Lục Quân 2 - Đại học Nguyễn Huệ,7860201_5,Chỉ huy Tham mưu Lục quân (QK5),A01,2025,21.75,,THPT
LBH,Trường Sĩ Quan Lục Quân 2 - Đại học Nguyễn Huệ,7860201_7,Chỉ huy Tham mưu Lục quân (QK7),A00,2025,23.72,,THPT
LBH,Trường Sĩ Quan Lục Quân 2 - Đại học Nguyễn Huệ,7860201_7,Chỉ huy Tham mưu Lục quân (QK7),A01,2025,23.72,,THPT
LBH,Trường Sĩ Quan Lục Quân 2 - Đại học Nguyễn Huệ,7860201_9,Chỉ huy Tham mưu Lục quân (QK9),A00,2025,21.85,,THPT
LBH,Trường Sĩ Quan Lục Quân 2 - Đại học Nguyễn Huệ,7860201_9,Chỉ huy Tham mưu Lục quân (QK9),A01,2025,21.85,,THPT
LBH,Trường Sĩ Quan Lục Quân 2 - Đại học Nguyễn Huệ,7860201|23A01|4,Chỉ huy tham mưu Lục quân (Nam - quân khu 4),A00,2025,21.85,,THPT
LBH,Trường Sĩ Quan Lục Quân 2 - Đại học Nguyễn Huệ,7860201|23A01|4,Chỉ huy tham mưu Lục quân (Nam - quân khu 4),A01,2025,21.85,,THPT
LBH,Trường Sĩ Quan Lục Quân 2 - Đại học Nguyễn Huệ,7860201|23A01|5,Chỉ huy tham mưu Lục quân (Nam - quân khu 5),A00,2025,21.75,,THPT
LBH,Trường Sĩ Quan Lục Quân 2 - Đại học Nguyễn Huệ,7860201|23A01|5,Chỉ huy tham mưu Lục quân (Nam - quân khu 5),A01,2025,21.75,,THPT
LBH,Trường Sĩ Quan Lục Quân 2 - Đại học Nguyễn Huệ,7860201|23A01|7,Chỉ huy tham mưu Lục quân (Nam - quân khu 7),A00,2025,23.72,,THPT
LBH,Trường Sĩ Quan Lục Quân 2 - Đại học Nguyễn Huệ,7860201|23A01|7,Chỉ huy tham mưu Lục quân (Nam - quân khu 7),A01,2025,23.72,,THPT
LBH,Trường Sĩ Quan Lục Quân 2 - Đại học Nguyễn Huệ,7860201|23A01|9,Chỉ huy tham mưu Lục quân (Nam - quân khu 9),A00,2025,21.85,,THPT
LBH,Trường Sĩ Quan Lục Quân 2 - Đại học Nguyễn Huệ,7860201|23A01|9,Chỉ huy tham mưu Lục quân (Nam - quân khu 9),A01,2025,21.85,,THPT
LBS,Trường Đại học Nguyễn Huệ,7860210,Thí sinh Nam Quân khu 4 (Quảng Trị và TT-Huế),A00,2025,23.5,,THPT
LBS,Trường Đại học Nguyễn Huệ,7860210,Thí sinh Nam Quân khu 5,A00,2025,24.0,,THPT
LBS,Trường Đại học Nguyễn Huệ,7860210,Thí sinh Nam Quân khu 7,A00,2025,23.25,,THPT
LBS,Trường Đại học Nguyễn Huệ,7860210,Thí sinh Nam Quân khu 9,A00,2025,23.75,,THPT
LCH,Trường Sĩ Quan Chính Trị - Đại Học Chính Trị,7310202_B_C00,Xây dựng Đảng và Chính quyền Nhà nước (miền Bắc),C00,2025,27.83,,THPT
LCH,Trường Sĩ Quan Chính Trị - Đại Học Chính Trị,7310202_B_D01,Xây dựng Đảng và Chính quyền Nhà nước (miền Bắc),D01,2025,30.17,,THPT
LCH,Trường Sĩ Quan Chính Trị - Đại Học Chính Trị,7310202_N_C00,Xây dựng Đảng và Chính quyền Nhà nước (miền Nam),C00,2025,26.82,,THPT
LCH,Trường Sĩ Quan Chính Trị - Đại Học Chính Trị,7310202_N_D01,Xây dựng Đảng và Chính quyền Nhà nước (miền Nam),D01,2025,29.16,,THPT
LCH,Trường Sĩ Quan Chính Trị - Đại học Chính Trị,7310202|21C00,Ngành Xây dựng Đảng và chính quyền Nhà nước (Nam - Phía Bắc),A00,2025,27.83,,THPT
LCH,Trường Sĩ Quan Chính Trị - Đại học Chính Trị,7310202|21C00,Ngành Xây dựng Đảng và chính quyền Nhà nước (Nam - Phía Bắc),C00,2025,27.83,,THPT
LCH,Trường Sĩ Quan Chính Trị - Đại học Chính Trị,7310202|21C00,Ngành Xây dựng Đảng và chính quyền Nhà nước (Nam - Phía Bắc),D01,2025,27.83,,THPT
LCH,Trường Sĩ Quan Chính Trị - Đại học Chính Trị,7310202|22C00,Ngành Xây dựng Đảng và chính quyền Nhà nước (Nam - Phía Nam),A00,2025,26.82,,THPT
LCH,Trường Sĩ Quan Chính Trị - Đại học Chính Trị,7310202|22C00,Ngành Xây dựng Đảng và chính quyền Nhà nước (Nam - Phía Nam),C00,2025,26.82,,THPT
LCH,Trường Sĩ Quan Chính Trị - Đại học Chính Trị,7310202|22C00,Ngành Xây dựng Đảng và chính quyền Nhà nước (Nam - Phía Nam),D01,2025,26.82,,THPT
LDA,Đại học Công đoàn,7220201,Ngôn ngữ Anh,D01,2025,24.97,,THPT
LDA,Trường Đại Học Công Đoàn,7220201,Ngôn ngữ Anh,D01,2025,24.97,,THPT
LDA,Đại học Công đoàn,7310101,Kinh tế,A01,2025,24.4,,THPT
LDA,Trường Đại Học Công Đoàn,7310101,Kinh tế,A01,2025,24.4,,THPT
LDA,Trường Đại Học Công Đoàn,7310101,Kinh tế,D01,2025,24.4,,THPT
LDA,Đại học Công đoàn,7310101,Kinh tế,D01,2025,24.4,,THPT
LDA,Trường Đại Học Công Đoàn,7310101,Kinh tế,D07,2025,24.4,,THPT
LDA,Đại học Công đoàn,7310101,Kinh tế,D07,2025,24.4,,THPT
LDA,Trường Đại Học Công Đoàn,7310101,Kinh tế,D09,2025,24.4,,THPT
LDA,Đại học Công đoàn,7310101,Kinh tế,D09,2025,24.4,,THPT
LDA,Trường Đại Học Công Đoàn,7310101,Kinh tế,D10,2025,24.4,,THPT
LDA,Đại học Công đoàn,7310101,Kinh tế,D10,2025,24.4,,THPT
LDA,Đại học Công đoàn,7310301,Xã hội học,C00,2025,23.7,,THPT
LDA,Trường Đại Học Công Đoàn,7310301,Xã hội học,C00,2025,23.7,,THPT
LDA,Trường Đại Học Công Đoàn,7310301,Xã hội học,D01,2025,23.7,,THPT
LDA,Đại học Công đoàn,7310301,Xã hội học,D01,2025,23.7,,THPT
LDA,Đại học Công đoàn,7310630,Việt Nam học,D01,2025,23.03,,THPT
LDA,Trường Đại Học Công Đoàn,7310630,Việt Nam học,D01,2025,23.03,,THPT
LDA,Đại học Công đoàn,7320105,Truyền thông đại chúng,D01,2025,24.7,,THPT
LDA,Trường Đại Học Công Đoàn,7320105,Truyền thông đại chúng,D01,2025,24.7,,THPT
LDA,Đại học Công đoàn,7340101,Quản trị Kinh doanh,A01,2025,18.75,,THPT
LDA,Trường Đại Học Công Đoàn,7340101,Quản trị kinh doanh,A01,2025,18.75,,THPT
LDA,Trường Đại Học Công Đoàn,7340101,Quản trị kinh doanh,D01,2025,18.75,,THPT
LDA,Đại học Công đoàn,7340101,Quản trị Kinh doanh,D01,2025,18.75,,THPT
LDA,Trường Đại Học Công Đoàn,7340101,Quản trị kinh doanh,D07,2025,18.75,,THPT
LDA,Đại học Công đoàn,7340101,Quản trị Kinh doanh,D07,2025,18.75,,THPT
LDA,Trường Đại Học Công Đoàn,7340101,Quản trị kinh doanh,D09,2025,18.75,,THPT
LDA,Đại học Công đoàn,7340101,Quản trị Kinh doanh,D09,2025,18.75,,THPT
LDA,Trường Đại Học Công Đoàn,7340101,Quản trị kinh doanh,D10,2025,18.75,,THPT
LDA,Đại học Công đoàn,7340101,Quản trị Kinh doanh,D10,2025,18.75,,THPT
LDA,Đại học Công đoàn,7340101P,Quản trị kinh doanh (chương trình song ngữ Pháp-Việt),A01,2025,22.55,,THPT
LDA,Trường Đại Học Công Đoàn,7340101P,Quản trị kinh doanh (chương trình định hướng chuyên sâu nghề nghiệp quốc tế - IPOP),A01,2025,22.55,,THPT
LDA,Trường Đại Học Công Đoàn,7340101P,Quản trị kinh doanh (chương trình định hướng chuyên sâu nghề nghiệp quốc tế - IPOP),D01,2025,22.55,,THPT
LDA,Đại học Công đoàn,7340101P,Quản trị kinh doanh (chương trình song ngữ Pháp-Việt),D01,2025,22.55,,THPT
LDA,Trường Đại Học Công Đoàn,7340101P,Quản trị kinh doanh (chương trình định hướng chuyên sâu nghề nghiệp quốc tế - IPOP),D07,2025,22.55,,THPT
LDA,Đại học Công đoàn,7340101P,Quản trị kinh doanh (chương trình song ngữ Pháp-Việt),D07,2025,22.55,,THPT
LDA,Trường Đại Học Công Đoàn,7340101P,Quản trị kinh doanh (chương trình định hướng chuyên sâu nghề nghiệp quốc tế - IPOP),D09,2025,22.55,,THPT
LDA,Đại học Công đoàn,7340101P,Quản trị kinh doanh (chương trình song ngữ Pháp-Việt),D09,2025,22.55,,THPT
LDA,Trường Đại Học Công Đoàn,7340101P,Quản trị kinh doanh (chương trình định hướng chuyên sâu nghề nghiệp quốc tế - IPOP),D10,2025,22.55,,THPT
LDA,Đại học Công đoàn,7340101P,Quản trị kinh doanh (chương trình song ngữ Pháp-Việt),D10,2025,22.55,,THPT
LDA,Đại học Công đoàn,7340201,Tài chính – Ngân hàng,A01,2025,18.75,,THPT
LDA,Trường Đại Học Công Đoàn,7340201,Tài chính - Ngân hàng,A01,2025,18.75,,THPT
LDA,Trường Đại Học Công Đoàn,7340201,Tài chính - Ngân hàng,D01,2025,18.75,,THPT
LDA,Đại học Công đoàn,7340201,Tài chính – Ngân hàng,D01,2025,18.75,,THPT
LDA,Trường Đại Học Công Đoàn,7340201,Tài chính - Ngân hàng,D07,2025,18.75,,THPT
LDA,Đại học Công đoàn,7340201,Tài chính – Ngân hàng,D07,2025,18.75,,THPT
LDA,Trường Đại Học Công Đoàn,7340201,Tài chính - Ngân hàng,D09,2025,18.75,,THPT
LDA,Đại học Công đoàn,7340201,Tài chính – Ngân hàng,D09,2025,18.75,,THPT
LDA,Trường Đại Học Công Đoàn,7340201,Tài chính - Ngân hàng,D10,2025,18.75,,THPT
LDA,Đại học Công đoàn,7340201,Tài chính – Ngân hàng,D10,2025,18.75,,THPT
LDA,Đại học Công đoàn,7340301,Kế toán,A01,2025,18.2,,THPT
LDA,Trường Đại Học Công Đoàn,7340301,Kế toán,A01,2025,18.2,,THPT
LDA,Trường Đại Học Công Đoàn,7340301,Kế toán,D01,2025,18.2,,THPT
LDA,Đại học Công đoàn,7340301,Kế toán,D01,2025,18.2,,THPT
LDA,Trường Đại Học Công Đoàn,7340301,Kế toán,D07,2025,18.2,,THPT
LDA,Đại học Công đoàn,7340301,Kế toán,D07,2025,18.2,,THPT
LDA,Trường Đại Học Công Đoàn,7340301,Kế toán,D09,2025,18.2,,THPT
LDA,Đại học Công đoàn,7340301,Kế toán,D09,2025,18.2,,THPT
LDA,Trường Đại Học Công Đoàn,7340301,Kế toán,D10,2025,18.2,,THPT
LDA,Đại học Công đoàn,7340301,Kế toán,D10,2025,18.2,,THPT
LDA,Đại học Công đoàn,7340404,Quản trị nhân lực,A01,2025,18.6,,THPT
LDA,Trường Đại Học Công Đoàn,7340404,Quản trị nhân lực,A01,2025,18.6,,THPT
LDA,Trường Đại Học Công Đoàn,7340404,Quản trị nhân lực,D01,2025,18.6,,THPT
LDA,Đại học Công đoàn,7340404,Quản trị nhân lực,D01,2025,18.6,,THPT
LDA,Trường Đại Học Công Đoàn,7340404,Quản trị nhân lực,D07,2025,18.6,,THPT
LDA,Đại học Công đoàn,7340404,Quản trị nhân lực,D07,2025,18.6,,THPT
LDA,Trường Đại Học Công Đoàn,7340404,Quản trị nhân lực,D09,2025,18.6,,THPT
LDA,Đại học Công đoàn,7340404,Quản trị nhân lực,D09,2025,18.6,,THPT
LDA,Trường Đại Học Công Đoàn,7340404,Quản trị nhân lực,D10,2025,18.6,,THPT
LDA,Đại học Công đoàn,7340404,Quản trị nhân lực,D10,2025,18.6,,THPT
LDA,Đại học Công đoàn,7340408,Quan hệ lao động (CN Quản lý Quan hệ lao động. CN Hành vi tổ chức),A01,2025,20.43,,THPT
LDA,Trường Đại Học Công Đoàn,7340408,Quan hệ lao động,A01,2025,20.43,,THPT
LDA,Trường Đại Học Công Đoàn,7340408,Quan hệ lao động,D01,2025,20.43,,THPT
LDA,Đại học Công đoàn,7340408,Quan hệ lao động (CN Quản lý Quan hệ lao động. CN Hành vi tổ chức),D01,2025,20.43,,THPT
LDA,Trường Đại Học Công Đoàn,7340408,Quan hệ lao động,D07,2025,20.43,,THPT
LDA,Đại học Công đoàn,7340408,Quan hệ lao động (CN Quản lý Quan hệ lao động. CN Hành vi tổ chức),D07,2025,20.43,,THPT
LDA,Trường Đại Học Công Đoàn,7340408,Quan hệ lao động,D09,2025,20.43,,THPT
LDA,Đại học Công đoàn,7340408,Quan hệ lao động (CN Quản lý Quan hệ lao động. CN Hành vi tổ chức),D09,2025,20.43,,THPT
LDA,Trường Đại Học Công Đoàn,7340408,Quan hệ lao động,D10,2025,20.43,,THPT
LDA,Đại học Công đoàn,7340408,Quan hệ lao động (CN Quản lý Quan hệ lao động. CN Hành vi tổ chức),D10,2025,20.43,,THPT
LDA,Đại học Công đoàn,7380101,Ngành Luật,C00,2025,25.25,,THPT
LDA,Trường Đại Học Công Đoàn,7380101,Luật,C00,2025,25.25,,THPT
LDA,Trường Đại Học Công Đoàn,7380101,Luật,D01,2025,25.25,,THPT
LDA,Đại học Công đoàn,7380101,Ngành Luật,D01,2025,25.25,,THPT
LDA,Đại học Công đoàn,7460108,Khoa học dữ liệu (Data Science),A00,2025,21.5,,THPT
LDA,Trường Đại Học Công Đoàn,7460108,Khoa học dữ liệu,A00,2025,21.5,,THPT
LDA,Trường Đại Học Công Đoàn,7460108,Khoa học dữ liệu,A01,2025,21.5,,THPT
LDA,Đại học Công đoàn,7460108,Khoa học dữ liệu (Data Science),A01,2025,21.5,,THPT
LDA,Trường Đại Học Công Đoàn,7460108,Khoa học dữ liệu,D01,2025,21.5,,THPT
LDA,Đại học Công đoàn,7460108,Khoa học dữ liệu (Data Science),D01,2025,21.5,,THPT
LDA,Đại học Công đoàn,7480201,Công nghệ thông tin,A00,2025,23.6,,THPT
LDA,Trường Đại Học Công Đoàn,7480201,Công nghệ thông tin,A00,2025,23.6,,THPT
LDA,Trường Đại Học Công Đoàn,7480201,Công nghệ thông tin,A01,2025,23.6,,THPT
LDA,Đại học Công đoàn,7480201,Công nghệ thông tin,A01,2025,23.6,,THPT
LDA,Trường Đại Học Công Đoàn,7480201,Công nghệ thông tin,D01,2025,23.6,,THPT
LDA,Đại học Công đoàn,7480201,Công nghệ thông tin,D01,2025,23.6,,THPT
LDA,Đại học Công đoàn,7760101,Công tác xã hội,C00,2025,23.72,,THPT
LDA,Trường Đại Học Công Đoàn,7760101,Công tác xã hội,C00,2025,23.72,,THPT
LDA,Trường Đại Học Công Đoàn,7760101,Công tác xã hội,D01,2025,23.72,,THPT
LDA,Đại học Công đoàn,7760101,Công tác xã hội,D01,2025,23.72,,THPT
LDA,Đại học Công đoàn,7810101,Du lịch,D01,2025,24.0,,THPT
LDA,Trường Đại Học Công Đoàn,7810101,Du lịch,D01,2025,24.0,,THPT
LDA,Đại học Công đoàn,7850201,Bảo hộ lao động,A00,2025,19.69,,THPT
LDA,Trường Đại Học Công Đoàn,7850201,Bảo hộ lao động,A00,2025,19.69,,THPT
LDA,Trường Đại Học Công Đoàn,7850201,Bảo hộ lao động,A01,2025,19.69,,THPT
LDA,Đại học Công đoàn,7850201,Bảo hộ lao động,A01,2025,19.69,,THPT
LDA,Trường Đại Học Công Đoàn,7850201,Bảo hộ lao động,D01,2025,19.69,,THPT
LDA,Đại học Công đoàn,7850201,Bảo hộ lao động,D01,2025,19.69,,THPT
LNA,Phân hiệu Đại học Lâm nghiệp tỉnh Gia Lai,7340101,Quản trị kinh doanh,A00,2025,15.0,,THPT
LNA,Phân hiệu Đại học Lâm nghiệp tỉnh Gia Lai,7340101,Quản trị kinh doanh,B00,2025,15.0,,THPT
LNA,Phân hiệu Đại học Lâm nghiệp tỉnh Gia Lai,7340101,Quản trị kinh doanh,D01,2025,15.0,,THPT
LNA,Phân hiệu Đại học Lâm nghiệp tỉnh Gia Lai,7340301,Kế toán,A00,2025,15.0,,THPT
LNA,Phân hiệu Đại học Lâm nghiệp tỉnh Gia Lai,7340301,Kế toán,B00,2025,15.0,,THPT
LNA,Phân hiệu Đại học Lâm nghiệp tỉnh Gia Lai,7340301,Kế toán,D01,2025,15.0,,THPT
LNA,Phân hiệu Đại học Lâm nghiệp tỉnh Gia Lai,7620110,Khoa học cây trồng,A00,2025,15.0,,THPT
LNA,Phân hiệu Đại học Lâm nghiệp tỉnh Gia Lai,7620110,Khoa học cây trồng,A01,2025,15.0,,THPT
LNA,Phân hiệu Đại học Lâm nghiệp tỉnh Gia Lai,7620110,Khoa học cây trồng,B00,2025,15.0,,THPT
LNA,Phân hiệu Đại học Lâm nghiệp tỉnh Gia Lai,7620110,Khoa học cây trồng,D01,2025,15.0,,THPT
LNA,Phân hiệu Đại học Lâm nghiệp tỉnh Gia Lai,7620112,Bảo vệ thực vật,A00,2025,15.0,,THPT
LNA,Phân hiệu Đại học Lâm nghiệp tỉnh Gia Lai,7620112,Bảo vệ thực vật,A01,2025,15.0,,THPT
LNA,Phân hiệu Đại học Lâm nghiệp tỉnh Gia Lai,7620112,Bảo vệ thực vật,B00,2025,15.0,,THPT
LNA,Phân hiệu Đại học Lâm nghiệp tỉnh Gia Lai,7620112,Bảo vệ thực vật,D01,2025,15.0,,THPT
LNA,Phân hiệu Đại học Lâm nghiệp tỉnh Gia Lai,7620205,Lâm sinh,A00,2025,15.0,,THPT
LNA,Phân hiệu Đại học Lâm nghiệp tỉnh Gia Lai,7620205,Lâm sinh,A01,2025,15.0,,THPT
LNA,Phân hiệu Đại học Lâm nghiệp tỉnh Gia Lai,7620205,Lâm sinh,B00,2025,15.0,,THPT
LNA,Phân hiệu Đại học Lâm nghiệp tỉnh Gia Lai,7620205,Lâm sinh,D01,2025,15.0,,THPT
LNA,Phân hiệu Đại học Lâm nghiệp tỉnh Gia Lai,7850103,Quản lý đất đai,A00,2025,15.0,,THPT
LNA,Phân hiệu Đại học Lâm nghiệp tỉnh Gia Lai,7850103,Quản lý đất đai,A01,2025,15.0,,THPT
LNA,Phân hiệu Đại học Lâm nghiệp tỉnh Gia Lai,7850103,Quản lý đất đai,B00,2025,15.0,,THPT
LNA,Phân hiệu Đại học Lâm nghiệp tỉnh Gia Lai,7850103,Quản lý đất đai,D01,2025,15.0,,THPT
LNH,Đại học Lâm nghiệp (Cơ sở 1),7310101,Kinh tế,A01,2025,16.2,,THPT
LNH,Trường Đại Học Lâm nghiệp,7310101,Kinh tế,A01,2025,16.2,,THPT
LNH,Trường Đại Học Lâm nghiệp,7310101,Kinh tế,C00,2025,16.2,,THPT
LNH,Trường Đại Học Lâm nghiệp,7310101,Kinh tế,D01,2025,16.2,,THPT
LNH,Đại học Lâm nghiệp (Cơ sở 1),7310101,Kinh tế,D01,2025,16.2,,THPT
LNH,Đại học Lâm nghiệp (Cơ sở 1),7340101,Quản trị Kinh doanh,A01,2025,15.2,,THPT
LNH,Trường Đại Học Lâm nghiệp,7340101,Quản trị kinh doanh,A01,2025,15.2,,THPT
LNH,Trường Đại Học Lâm nghiệp,7340101,Quản trị kinh doanh,C00,2025,15.2,,THPT
LNH,Trường Đại Học Lâm nghiệp,7340101,Quản trị kinh doanh,D01,2025,15.2,,THPT
LNH,Đại học Lâm nghiệp (Cơ sở 1),7340101,Quản trị Kinh doanh,D01,2025,15.2,,THPT
LNH,Đại học Lâm nghiệp (Cơ sở 1),7340116,Bất động sản,C00,2025,15.5,,THPT
LNH,Trường Đại Học Lâm nghiệp,7340116,Bất động sản,C00,2025,15.5,,THPT
LNH,Trường Đại Học Lâm nghiệp,7340116,Bất động sản,D01,2025,15.5,,THPT
LNH,Đại học Lâm nghiệp (Cơ sở 1),7340116,Bất động sản,D01,2025,15.5,,THPT
LNH,Đại học Lâm nghiệp (Cơ sở 1),7340201,Tài chính – Ngân hàng,A01,2025,17.0,,THPT
LNH,Trường Đại Học Lâm nghiệp,7340201,Tài chính - Ngân hàng,A01,2025,17.0,,THPT
LNH,Trường Đại Học Lâm nghiệp,7340201,Tài chính - Ngân hàng,C00,2025,17.0,,THPT
LNH,Trường Đại Học Lâm nghiệp,7340201,Tài chính - Ngân hàng,D01,2025,17.0,,THPT
LNH,Đại học Lâm nghiệp (Cơ sở 1),7340201,Tài chính – Ngân hàng,D01,2025,17.0,,THPT
LNH,Đại học Lâm nghiệp (Cơ sở 1),7340301,Kế toán,A01,2025,16.0,,THPT
LNH,Trường Đại Học Lâm nghiệp,7340301,Kế toán,A01,2025,16.0,,THPT
LNH,Trường Đại Học Lâm nghiệp,7340301,Kế toán,C00,2025,16.0,,THPT
LNH,Trường Đại Học Lâm nghiệp,7340301,Kế toán,D01,2025,16.0,,THPT
LNH,Đại học Lâm nghiệp (Cơ sở 1),7340301,Kế toán,D01,2025,16.0,,THPT
LNH,Đại học Lâm nghiệp (Cơ sở 1),7420201,Công nghệ sinh học,A00,2025,15.0,,THPT
LNH,Trường Đại Học Lâm nghiệp,7420201,Công nghệ sinh học,A00,2025,15.0,,THPT
LNH,Trường Đại Học Lâm nghiệp,7420201,Công nghệ sinh học,B00,2025,15.0,,THPT
LNH,Đại học Lâm nghiệp (Cơ sở 1),7420201,Công nghệ sinh học,B00,2025,15.0,,THPT
LNH,Trường Đại Học Lâm nghiệp,7420201,Công nghệ sinh học,D01,2025,15.0,,THPT
LNH,Đại học Lâm nghiệp (Cơ sở 1),7420201,Công nghệ sinh học,D01,2025,15.0,,THPT
LNH,Trường Đại Học Lâm nghiệp,7420201,Công nghệ sinh học,D10,2025,15.0,,THPT
LNH,Đại học Lâm nghiệp (Cơ sở 1),7480104,Hệ thống thông tin,A00,2025,15.2,,THPT
LNH,Trường Đại Học Lâm nghiệp,7480104,Hệ thống thông tin,A00,2025,15.2,,THPT
LNH,Trường Đại Học Lâm nghiệp,7480104,Hệ thống thông tin,A01,2025,15.2,,THPT
LNH,Đại học Lâm nghiệp (Cơ sở 1),7480104,Hệ thống thông tin,A01,2025,15.2,,THPT
LNH,Trường Đại Học Lâm nghiệp,7480104,Hệ thống thông tin,D01,2025,15.2,,THPT
LNH,Đại học Lâm nghiệp (Cơ sở 1),7480104,Hệ thống thông tin,D01,2025,15.2,,THPT
LNH,Đại học Lâm nghiệp (Cơ sở 1),7510203,Công nghệ kỹ thuật cơ điện tử,A00,2025,15.3,,THPT
LNH,Trường Đại Học Lâm nghiệp,7510203,Công nghệ kỹ thuật cơ điện tử,A00,2025,15.3,,THPT
LNH,Trường Đại Học Lâm nghiệp,7510203,Công nghệ kỹ thuật cơ điện tử,A01,2025,15.3,,THPT
LNH,Đại học Lâm nghiệp (Cơ sở 1),7510203,Công nghệ kỹ thuật cơ điện tử,A01,2025,15.3,,THPT
LNH,Trường Đại Học Lâm nghiệp,7510203,Công nghệ kỹ thuật cơ điện tử,D01,2025,15.3,,THPT
LNH,Đại học Lâm nghiệp (Cơ sở 1),7510203,Công nghệ kỹ thuật cơ điện tử,D01,2025,15.3,,THPT
LNH,Đại học Lâm nghiệp (Cơ sở 1),7510205,Công nghệ kỹ thuật ô tô,A00,2025,15.2,,THPT
LNH,Trường Đại Học Lâm nghiệp,7510205,Công nghệ kỹ thuật ô tô,A00,2025,15.2,,THPT
LNH,Trường Đại Học Lâm nghiệp,7510205,Công nghệ kỹ thuật ô tô,A00,2025,15.2,,THPT
LNH,Trường Đại Học Lâm nghiệp,7510205,Công nghệ kỹ thuật ô tô,A01,2025,15.2,,THPT
LNH,Trường Đại Học Lâm nghiệp,7510205,Công nghệ kỹ thuật ô tô,A01,2025,15.2,,THPT
LNH,Đại học Lâm nghiệp (Cơ sở 1),7510205,Công nghệ kỹ thuật ô tô,A01,2025,15.2,,THPT
LNH,Trường Đại Học Lâm nghiệp,7510205,Công nghệ kỹ thuật ô tô,D01,2025,15.2,,THPT
LNH,Trường Đại Học Lâm nghiệp,7510205,Công nghệ kỹ thuật ô tô,D01,2025,15.2,,THPT
LNH,Đại học Lâm nghiệp (Cơ sở 1),7510205,Công nghệ kỹ thuật ô tô,D01,2025,15.2,,THPT
LNH,Đại học Lâm nghiệp (Cơ sở 1),7510605,Logistics và Quản lý chuỗi cung ứng,A01,2025,16.5,,THPT
LNH,Trường Đại Học Lâm nghiệp,7510605,Logistics và Quản lý chuỗi cung ứng,A01,2025,16.5,,THPT
LNH,Trường Đại Học Lâm nghiệp,7510605,Logistics và Quản lý chuỗi cung ứng,C00,2025,16.5,,THPT
LNH,Trường Đại Học Lâm nghiệp,7510605,Logistics và Quản lý chuỗi cung ứng,D01,2025,16.5,,THPT
LNH,Đại học Lâm nghiệp (Cơ sở 1),7510605,Logistics và Quản lý chuỗi cung ứng,D01,2025,16.5,,THPT
LNH,Đại học Lâm nghiệp (Cơ sở 1),7520103,Kỹ thuật cơ khí,A00,2025,15.2,,THPT
LNH,Trường Đại Học Lâm nghiệp,7520103,Kỹ thuật cơ khí,A00,2025,15.2,,THPT
LNH,Trường Đại Học Lâm nghiệp,7520103,Kỹ thuật cơ khí,A01,2025,15.2,,THPT
LNH,Đại học Lâm nghiệp (Cơ sở 1),7520103,Kỹ thuật cơ khí,A01,2025,15.2,,THPT
LNH,Trường Đại Học Lâm nghiệp,7520103,Kỹ thuật cơ khí,D01,2025,15.2,,THPT
LNH,Đại học Lâm nghiệp (Cơ sở 1),7520103,Kỹ thuật cơ khí,D01,2025,15.2,,THPT
LNH,Đại học Lâm nghiệp (Cơ sở 1),7520118,Kỹ thuật hệ thống công nghiệp,A00,2025,20.1,,THPT
LNH,Trường Đại Học Lâm nghiệp,7520118,Kỹ thuật hệ thống công nghiệp,A00,2025,20.1,,THPT
LNH,Trường Đại Học Lâm nghiệp,7520118,Kỹ thuật hệ thống công nghiệp,A01,2025,20.1,,THPT
LNH,Đại học Lâm nghiệp (Cơ sở 1),7520118,Kỹ thuật hệ thống công nghiệp,A01,2025,20.1,,THPT
LNH,Trường Đại Học Lâm nghiệp,7520118,Kỹ thuật hệ thống công nghiệp,D01,2025,20.1,,THPT
LNH,Đại học Lâm nghiệp (Cơ sở 1),7520118,Kỹ thuật hệ thống công nghiệp,D01,2025,20.1,,THPT
LNH,Đại học Lâm nghiệp (Cơ sở 1),7549001,Công nghệ chế biến lâm sản,A00,2025,15.0,,THPT
LNH,Trường Đại Học Lâm nghiệp,7549001,Công nghệ chế biến lâm sản,A00,2025,15.0,,THPT
LNH,Trường Đại Học Lâm nghiệp,7549001,Công nghệ chế biến lâm sản,B00,2025,15.0,,THPT
LNH,Đại học Lâm nghiệp (Cơ sở 1),7549001,Công nghệ chế biến lâm sản,B00,2025,15.0,,THPT
LNH,Trường Đại Học Lâm nghiệp,7549001,Công nghệ chế biến lâm sản,D01,2025,15.0,,THPT
LNH,Đại học Lâm nghiệp (Cơ sở 1),7549001,Công nghệ chế biến lâm sản,D01,2025,15.0,,THPT
LNH,Đại học Lâm nghiệp (Cơ sở 1),7580108,Thiết kế nội thất,A01,2025,16.5,,THPT
LNH,Trường Đại Học Lâm nghiệp,7580108,Thiết kế nội thất,A01,2025,16.5,,THPT
LNH,Trường Đại Học Lâm nghiệp,7580108,Thiết kế nội thất,C00,2025,16.5,,THPT
LNH,Đại học Lâm nghiệp (Cơ sở 1),7580108,Thiết kế nội thất,C00,2025,16.5,,THPT
LNH,Trường Đại Học Lâm nghiệp,7580108,Thiết kế nội thất,D01,2025,16.5,,THPT
LNH,Đại học Lâm nghiệp (Cơ sở 1),7580108,Thiết kế nội thất,D01,2025,16.5,,THPT
LNH,Đại học Lâm nghiệp (Cơ sở 1),7580201,Kỹ thuật xây dựng,A00,2025,15.8,,THPT
LNH,Trường Đại Học Lâm nghiệp,7580201,Kỹ thuật xây dựng,A00,2025,15.8,,THPT
LNH,Trường Đại Học Lâm nghiệp,7580201,Kỹ thuật xây dựng,A01,2025,15.8,,THPT
LNH,Đại học Lâm nghiệp (Cơ sở 1),7580201,Kỹ thuật xây dựng,A01,2025,15.8,,THPT
LNH,Trường Đại Học Lâm nghiệp,7580201,Kỹ thuật xây dựng,D01,2025,15.8,,THPT
LNH,Đại học Lâm nghiệp (Cơ sở 1),7580201,Kỹ thuật xây dựng,D01,2025,15.8,,THPT
LNH,Đại học Lâm nghiệp (Cơ sở 1),7620105,Chăn nuôi,A00,2025,16.5,,THPT
LNH,Trường Đại Học Lâm nghiệp,7620105,Chăn nuôi,A00,2025,16.5,,THPT
LNH,Trường Đại Học Lâm nghiệp,7620105,Chăn nuôi,B00,2025,16.5,,THPT
LNH,Đại học Lâm nghiệp (Cơ sở 1),7620105,Chăn nuôi,B00,2025,16.5,,THPT
LNH,Trường Đại Học Lâm nghiệp,7620105,Chăn nuôi,D01,2025,16.5,,THPT
LNH,Đại học Lâm nghiệp (Cơ sở 1),7620105,Chăn nuôi,D01,2025,16.5,,THPT
LNH,Trường Đại Học Lâm nghiệp,7620105,Chăn nuôi,D10,2025,16.5,,THPT
LNH,Đại học Lâm nghiệp (Cơ sở 1),7620110,Khoa học cây trồng,A00,2025,19.0,,THPT
LNH,Trường Đại Học Lâm nghiệp,7620110,Khoa học cây trồng,A00,2025,19.0,,THPT
LNH,Trường Đại Học Lâm nghiệp,7620110,Khoa học cây trồng,B00,2025,19.0,,THPT
LNH,Đại học Lâm nghiệp (Cơ sở 1),7620110,Khoa học cây trồng,B00,2025,19.0,,THPT
LNH,Trường Đại Học Lâm nghiệp,7620110,Khoa học cây trồng,D01,2025,19.0,,THPT
LNH,Đại học Lâm nghiệp (Cơ sở 1),7620110,Khoa học cây trồng,D01,2025,19.0,,THPT
LNH,Trường Đại Học Lâm nghiệp,7620110,Khoa học cây trồng,D07,2025,19.0,,THPT
LNH,Đại học Lâm nghiệp (Cơ sở 1),7620110,Khoa học cây trồng,D07,2025,19.0,,THPT
LNH,Đại học Lâm nghiệp (Cơ sở 1),7620205,Lâm sinh,A01,2025,15.0,,THPT
LNH,Trường Đại Học Lâm nghiệp,7620205,Lâm sinh,A01,2025,15.0,,THPT
LNH,Trường Đại Học Lâm nghiệp,7620205,Lâm sinh,B00,2025,15.0,,THPT
LNH,Đại học Lâm nghiệp (Cơ sở 1),7620205,Lâm sinh,B00,2025,15.0,,THPT
LNH,Trường Đại Học Lâm nghiệp,7620205,Lâm sinh,D01,2025,15.0,,THPT
LNH,Đại học Lâm nghiệp (Cơ sở 1),7620205,Lâm sinh,D01,2025,15.0,,THPT
LNH,Đại học Lâm nghiệp (Cơ sở 1),7620210,Lâm nghiệp,A01,2025,15.0,,THPT
LNH,Trường Đại Học Lâm nghiệp,7620210,Lâm nghiệp,A01,2025,15.0,,THPT
LNH,Trường Đại Học Lâm nghiệp,7620210,Lâm nghiệp,B00,2025,15.0,,THPT
LNH,Đại học Lâm nghiệp (Cơ sở 1),7620210,Lâm nghiệp,B00,2025,15.0,,THPT
LNH,Trường Đại Học Lâm nghiệp,7620210,Lâm nghiệp,C00,2025,15.0,,THPT
LNH,Đại học Lâm nghiệp (Cơ sở 1),7620210,Lâm nghiệp,C00,2025,15.0,,THPT
LNH,Trường Đại Học Lâm nghiệp,7620211,Quản lý tài nguyên rừng,D01,2025,15.1,,THPT
LNH,Đại học Lâm nghiệp (Cơ sở 1),7620211,Quản lý tài nguyên rừng,D01,2025,15.1,,THPT
LNH,Đại học Lâm nghiệp (Cơ sở 1),7640101,Thú y,A00,2025,15.3,,THPT
LNH,Trường Đại Học Lâm nghiệp,7640101,Thú y,A00,2025,15.3,,THPT
LNH,Trường Đại Học Lâm nghiệp,7640101,Thú y,B00,2025,15.3,,THPT
LNH,Đại học Lâm nghiệp (Cơ sở 1),7640101,Thú y,B00,2025,15.3,,THPT
LNH,Trường Đại Học Lâm nghiệp,7640101,Thú y,D01,2025,15.3,,THPT
LNH,Đại học Lâm nghiệp (Cơ sở 1),7640101,Thú y,D01,2025,15.3,,THPT
LNH,Trường Đại Học Lâm nghiệp,7640101,Thú y,D10,2025,15.3,,THPT
LNH,Đại học Lâm nghiệp (Cơ sở 1),7760101,Công tác xã hội,A01,2025,16.0,,THPT
LNH,Trường Đại Học Lâm nghiệp,7760101,Công tác xã hội,A01,2025,16.0,,THPT
LNH,Trường Đại Học Lâm nghiệp,7760101,Công tác xã hội,C00,2025,16.0,,THPT
LNH,Trường Đại Học Lâm nghiệp,7760101,Công tác xã hội,D01,2025,16.0,,THPT
LNH,Đại học Lâm nghiệp (Cơ sở 1),7760101,Công tác xã hội,D01,2025,16.0,,THPT
LNH,Đại học Lâm nghiệp (Cơ sở 1),7810103,Quản trị dịch vụ du lịch và lữ hành,A01,2025,16.7,,THPT
LNH,Trường Đại Học Lâm nghiệp,7810103,Quản trị dịch vụ Du lịch và Lữ hành,A01,2025,16.7,,THPT
LNH,Trường Đại Học Lâm nghiệp,7810103,Quản trị dịch vụ Du lịch và Lữ hành,C00,2025,16.7,,THPT
LNH,Trường Đại Học Lâm nghiệp,7810103,Quản trị dịch vụ Du lịch và Lữ hành,D01,2025,16.7,,THPT
LNH,Đại học Lâm nghiệp (Cơ sở 1),7810103,Quản trị dịch vụ du lịch và lữ hành,D01,2025,16.7,,THPT
LNH,Trường Đại Học Lâm nghiệp,7850101,Quản lý tài nguyên và Môi trường,D01,2025,16.0,,THPT
LNH,Đại học Lâm nghiệp (Cơ sở 1),7850101,Quản lý tài nguyên và môi trường,D01,2025,16.0,,THPT
LNH,Trường Đại Học Lâm nghiệp,7850103,Quản lý đất đai,D01,2025,16.6,,THPT
LNH,Đại học Lâm nghiệp (Cơ sở 1),7850103,Quản lý đất đai,D01,2025,16.6,,THPT
LNH,Trường Đại Học Lâm nghiệp,7850104,Du lịch sinh thái,D01,2025,16.0,,THPT
LNH,Đại học Lâm nghiệp (Cơ sở 1),7850104,Du lịch sinh thái,D01,2025,16.0,,THPT
LNH,Trường Đại Học Lâm nghiệp,7850106,Quản lý tài nguyên thiên nhiên,D01,2025,16.1,,THPT
LNH,Đại học Lâm nghiệp (Cơ sở 1),7850106,Quản lý tài nguyên thiên nhiên (dạy bằng tiếng Anh),D01,2025,16.1,,THPT
LNS,Đại học Lâm nghiệp (Cơ sở 2),7340101,Quản trị Kinh doanh,C00,2025,16.0,,THPT
LNS,Phân hiệu Đại Học Lâm nghiệp tại Đồng Nai,7340101,Quản trị kinh doanh,C00,2025,16.0,,THPT
LNS,Phân hiệu Đại Học Lâm nghiệp tại Đồng Nai,7340101,Quản trị kinh doanh,D01,2025,16.0,,THPT
LNS,Đại học Lâm nghiệp (Cơ sở 2),7340101,Quản trị Kinh doanh,D01,2025,16.0,,THPT
LNS,Đại học Lâm nghiệp (Cơ sở 2),7340201,Tài chính – Ngân hàng,C00,2025,16.0,,THPT
LNS,Phân hiệu Đại Học Lâm nghiệp tại Đồng Nai,7340201,Tài chính ngân hàng,C00,2025,16.0,,THPT
LNS,Phân hiệu Đại Học Lâm nghiệp tại Đồng Nai,7340201,Tài chính ngân hàng,D01,2025,16.0,,THPT
LNS,Đại học Lâm nghiệp (Cơ sở 2),7340201,Tài chính – Ngân hàng,D01,2025,16.0,,THPT
LNS,Đại học Lâm nghiệp (Cơ sở 2),7340301,Kế toán,C00,2025,16.0,,THPT
LNS,Phân hiệu Đại Học Lâm nghiệp tại Đồng Nai,7340301,Kế toán,C00,2025,16.0,,THPT
LNS,Phân hiệu Đại Học Lâm nghiệp tại Đồng Nai,7340301,Kế toán,D01,2025,16.0,,THPT
LNS,Đại học Lâm nghiệp (Cơ sở 2),7340301,Kế toán,D01,2025,16.0,,THPT
LNS,Đại học Lâm nghiệp (Cơ sở 2),7480104,Hệ thống thông tin,A00,2025,15.0,,THPT
LNS,Phân hiệu Đại Học Lâm nghiệp tại Đồng Nai,7480104,Hệ thống thông tin,A00,2025,15.0,,THPT
LNS,Phân hiệu Đại Học Lâm nghiệp tại Đồng Nai,7480104,Hệ thống thông tin,A01,2025,15.0,,THPT
LNS,Đại học Lâm nghiệp (Cơ sở 2),7480104,Hệ thống thông tin,A01,2025,15.0,,THPT
LNS,Phân hiệu Đại Học Lâm nghiệp tại Đồng Nai,7480104,Hệ thống thông tin,D01,2025,15.0,,THPT
LNS,Đại học Lâm nghiệp (Cơ sở 2),7480104,Hệ thống thông tin,D01,2025,15.0,,THPT
LNS,Đại học Lâm nghiệp (Cơ sở 2),7510605,Logistics và Quản lý chuỗi cung ứng,C00,2025,16.0,,THPT
LNS,Phân hiệu Đại Học Lâm nghiệp tại Đồng Nai,7510605,Logistics & quản lý chuỗi cung ứng,C00,2025,16.0,,THPT
LNS,Phân hiệu Đại Học Lâm nghiệp tại Đồng Nai,7510605,Logistics & quản lý chuỗi cung ứng,D01,2025,16.0,,THPT
LNS,Đại học Lâm nghiệp (Cơ sở 2),7510605,Logistics và Quản lý chuỗi cung ứng,D01,2025,16.0,,THPT
LNS,Đại học Lâm nghiệp (Cơ sở 2),7580108,Thiết kế nội thất,A00,2025,15.0,,THPT
LNS,Phân hiệu Đại Học Lâm nghiệp tại Đồng Nai,7580108,Thiết kế nội thất,A00,2025,15.0,,THPT
LNS,Phân hiệu Đại Học Lâm nghiệp tại Đồng Nai,7580108,Thiết kế nội thất,A01,2025,15.0,,THPT
LNS,Đại học Lâm nghiệp (Cơ sở 2),7580108,Thiết kế nội thất,A01,2025,15.0,,THPT
LNS,Phân hiệu Đại Học Lâm nghiệp tại Đồng Nai,7580108,Thiết kế nội thất,D01,2025,15.0,,THPT
LNS,Đại học Lâm nghiệp (Cơ sở 2),7580108,Thiết kế nội thất,D01,2025,15.0,,THPT
LNS,Đại học Lâm nghiệp (Cơ sở 2),7620105,Chăn nuôi,B00,2025,15.0,,THPT
LNS,Phân hiệu Đại Học Lâm nghiệp tại Đồng Nai,7620105,Chăn nuôi,B00,2025,15.0,,THPT
LNS,Phân hiệu Đại Học Lâm nghiệp tại Đồng Nai,7620105,Chăn nuôi,D01,2025,15.0,,THPT
LNS,Đại học Lâm nghiệp (Cơ sở 2),7620105,Chăn nuôi,D01,2025,15.0,,THPT
LNS,Đại học Lâm nghiệp (Cơ sở 2),7620110,Khoa học cây trồng,B00,2025,15.0,,THPT
LNS,Phân hiệu Đại Học Lâm nghiệp tại Đồng Nai,7620110,Khoa học cây trồng,B00,2025,15.0,,THPT
LNS,Phân hiệu Đại Học Lâm nghiệp tại Đồng Nai,7620110,Khoa học cây trồng,D01,2025,15.0,,THPT
LNS,Đại học Lâm nghiệp (Cơ sở 2),7620110,Khoa học cây trồng,D01,2025,15.0,,THPT
LNS,Đại học Lâm nghiệp (Cơ sở 2),7620112,Bảo vệ thực vật,B00,2025,15.0,,THPT
LNS,Phân hiệu Đại Học Lâm nghiệp tại Đồng Nai,7620112,Bảo vệ thực vật,B00,2025,15.0,,THPT
LNS,Phân hiệu Đại Học Lâm nghiệp tại Đồng Nai,7620112,Bảo vệ thực vật,D01,2025,15.0,,THPT
LNS,Đại học Lâm nghiệp (Cơ sở 2),7620112,Bảo vệ thực vật,D01,2025,15.0,,THPT
LNS,Đại học Lâm nghiệp (Cơ sở 2),7620205,Lâm sinh,B00,2025,15.0,,THPT
LNS,Phân hiệu Đại Học Lâm nghiệp tại Đồng Nai,7620205,Lâm sinh,B00,2025,15.0,,THPT
LNS,Phân hiệu Đại Học Lâm nghiệp tại Đồng Nai,7620205,Lâm sinh,D01,2025,15.0,,THPT
LNS,Đại học Lâm nghiệp (Cơ sở 2),7620205,Lâm sinh,D01,2025,15.0,,THPT
LNS,Đại học Lâm nghiệp (Cơ sở 2),7620211,Quản lý tài nguyên rừng,B00,2025,15.0,,THPT
LNS,Phân hiệu Đại Học Lâm nghiệp tại Đồng Nai,7620211,Quản lí tài nguyên rừng,B00,2025,15.0,,THPT
LNS,Phân hiệu Đại Học Lâm nghiệp tại Đồng Nai,7620211,Quản lí tài nguyên rừng,D01,2025,15.0,,THPT
LNS,Đại học Lâm nghiệp (Cơ sở 2),7620211,Quản lý tài nguyên rừng,D01,2025,15.0,,THPT
LNS,Đại học Lâm nghiệp (Cơ sở 2),7640101,Thú y,B00,2025,16.0,,THPT
LNS,Phân hiệu Đại Học Lâm nghiệp tại Đồng Nai,7640101,Thú y,B00,2025,16.0,,THPT
LNS,Phân hiệu Đại Học Lâm nghiệp tại Đồng Nai,7640101,Thú y,D01,2025,16.0,,THPT
LNS,Đại học Lâm nghiệp (Cơ sở 2),7640101,Thú y,D01,2025,16.0,,THPT
LNS,Đại học Lâm nghiệp (Cơ sở 2),7810103,Quản trị dịch vụ du lịch và lữ hành,C00,2025,15.0,,THPT
LNS,Phân hiệu Đại Học Lâm nghiệp tại Đồng Nai,7810103,Quản trị dịch vụ du lịch & lữ hành,C00,2025,15.0,,THPT
LNS,Phân hiệu Đại Học Lâm nghiệp tại Đồng Nai,7810103,Quản trị dịch vụ du lịch & lữ hành,D01,2025,15.0,,THPT
LNS,Đại học Lâm nghiệp (Cơ sở 2),7810103,Quản trị dịch vụ du lịch và lữ hành,D01,2025,15.0,,THPT
LNS,Đại học Lâm nghiệp (Cơ sở 2),7850101,Quản lý tài nguyên và môi trường,B00,2025,15.0,,THPT
LNS,Phân hiệu Đại Học Lâm nghiệp tại Đồng Nai,7850101,Quản lí tài nguyên & Môi trường,B00,2025,15.0,,THPT
LNS,Phân hiệu Đại Học Lâm nghiệp tại Đồng Nai,7850101,Quản lí tài nguyên & Môi trường,D01,2025,15.0,,THPT
LNS,Đại học Lâm nghiệp (Cơ sở 2),7850101,Quản lý tài nguyên và môi trường,D01,2025,15.0,,THPT
LNS,Đại học Lâm nghiệp (Cơ sở 2),7850103,Quản lý đất đai,A00,2025,15.0,,THPT
LNS,Phân hiệu Đại Học Lâm nghiệp tại Đồng Nai,7850103,Quản lí đất đai,A00,2025,15.0,,THPT
LNS,Phân hiệu Đại Học Lâm nghiệp tại Đồng Nai,7850103,Quản lí đất đai,A01,2025,15.0,,THPT
LNS,Đại học Lâm nghiệp (Cơ sở 2),7850103,Quản lý đất đai,A01,2025,15.0,,THPT
LNS,Phân hiệu Đại Học Lâm nghiệp tại Đồng Nai,7850103,Quản lí đất đai,D01,2025,15.0,,THPT
LNS,Đại học Lâm nghiệp (Cơ sở 2),7850103,Quản lý đất đai,D01,2025,15.0,,THPT
LPH,Đại học Luật Hà Nội,7220201,Ngôn ngữ Anh,A01,2025,23.2,,THPT
LPH,Đại học Luật Hà Nội,7220201,Ngôn ngữ Anh,D01,2025,23.2,,THPT
LPH,Đại học Luật Hà Nội,7380101,Ngành Luật,A00,2025,24.15,,THPT
LPH,Đại học Luật Hà Nội,7380101,Ngành Luật,A01,2025,24.15,,THPT
LPH,Đại học Luật Hà Nội,7380101,Ngành Luật,C00,2025,24.15,,THPT
LPH,Đại học Luật Hà Nội,7380101,Ngành Luật,D01,2025,24.15,,THPT
LPH,Trường Đại Học Luật Hà Nội,7380101,Luật,D01,2025,25.54,,THPT
LPH,Trường Đại Học Luật Hà Nội,7380101PH,Luật (Đào tạo tại Phân hiệu Đắk Lắk),A00,2025,22.99,,THPT
LPH,Trường Đại Học Luật Hà Nội,7380101PH,Luật (Đào tạo tại Phân hiệu Đắk Lắk),A01,2025,22.99,,THPT
LPH,Trường Đại Học Luật Hà Nội,7380101PH,Luật (Đào tạo tại Phân hiệu Đắk Lắk),C00,2025,22.99,,THPT
LPH,Trường Đại Học Luật Hà Nội,7380101PH,Luật (Đào tạo tại Phân hiệu Đắk Lắk),D01,2025,22.99,,THPT
LPH,Đại học Luật Hà Nội,7380107,Luật kinh tế,A00,2025,25.55,,THPT
LPH,Đại học Luật Hà Nội,7380107,Luật kinh tế,A01,2025,25.55,,THPT
LPH,Đại học Luật Hà Nội,7380107,Luật kinh tế,C00,2025,25.55,,THPT
LPH,Đại học Luật Hà Nội,7380107,Luật kinh tế,D01,2025,25.55,,THPT
LPH,Trường Đại Học Luật Hà Nội,7380107,Luật Kinh tế,D01,2025,25.84,,THPT
LPH,Đại học Luật Hà Nội,7380109,Luật Thương mại Quốc tế,A01,2025,24.15,,THPT
LPH,Đại học Luật Hà Nội,7380109,Luật Thương mại Quốc tế,D01,2025,24.15,,THPT
LPS,Đại học Luật TP HCM,7220201,Ngôn ngữ Anh,D01,2025,20.05,,THPT
LPS,Đại học Luật TP HCM,7340101,Quản trị Kinh doanh,A00,2025,18.92,,THPT
LPS,Đại học Luật TP HCM,7340101,Quản trị Kinh doanh,A01,2025,18.92,,THPT
LPS,Đại học Luật TP HCM,7340101,Quản trị Kinh doanh,A01,2025,18.12,,THPT
LPS,Đại học Luật TP HCM,7340101,Quản trị Kinh doanh,D01,2025,18.52,,THPT
LPS,Đại học Luật TP HCM,7340101,Quản trị Kinh doanh,D01,2025,18.92,,THPT
LPS,Đại học Luật TP HCM,7340101,Quản trị Kinh doanh,D07,2025,18.72,,THPT
LPS,Đại học Luật TP HCM,7340101,Quản trị Kinh doanh,D07,2025,18.92,,THPT
LPS,Đại học Luật TP HCM,7340102,Quản trị - Luật,A00,2025,20.4,,THPT
LPS,Đại học Luật TP HCM,7340102,Quản trị - Luật,A01,2025,19.6,,THPT
LPS,Đại học Luật TP HCM,7340102,Quản trị - Luật,A01,2025,20.4,,THPT
LPS,Đại học Luật TP HCM,7340102,Quản trị - Luật,D01,2025,20.4,,THPT
LPS,Đại học Luật TP HCM,7340102,Quản trị - Luật,D01,2025,20.0,,THPT
LPS,Đại học Luật TP HCM,7340102,Quản trị - Luật,D07,2025,20.4,,THPT
LPS,Đại học Luật TP HCM,7340102,Quản trị - Luật,D07,2025,20.2,,THPT
LPS,Đại học Luật TP HCM,7340120,Ngành Kinh doanh quốc tế,A00,2025,21.2,,THPT
LPS,Đại học Luật TP HCM,7340120,Ngành Kinh doanh quốc tế,A01,2025,21.2,,THPT
LPS,Đại học Luật TP HCM,7340120,Ngành Kinh doanh quốc tế,A01,2025,20.4,,THPT
LPS,Đại học Luật TP HCM,7340120,Ngành Kinh doanh quốc tế,D01,2025,20.8,,THPT
LPS,Đại học Luật TP HCM,7340120,Ngành Kinh doanh quốc tế,D01,2025,21.2,,THPT
LPS,Đại học Luật TP HCM,7340120,Ngành Kinh doanh quốc tế,D07,2025,21.0,,THPT
LPS,Đại học Luật TP HCM,7340120,Ngành Kinh doanh quốc tế,D07,2025,21.2,,THPT
LPS,Đại học Luật TP HCM,7340201,Tài chính – Ngân hàng,A00,2025,19.65,,THPT
LPS,Đại học Luật TP HCM,7340201,Tài chính – Ngân hàng,A01,2025,19.65,,THPT
LPS,Đại học Luật TP HCM,7340201,Tài chính – Ngân hàng,A01,2025,18.85,,THPT
LPS,Đại học Luật TP HCM,7340201,Tài chính – Ngân hàng,D01,2025,19.65,,THPT
LPS,Đại học Luật TP HCM,7340201,Tài chính – Ngân hàng,D01,2025,19.25,,THPT
LPS,Đại học Luật TP HCM,7340201,Tài chính – Ngân hàng,D07,2025,19.65,,THPT
LPS,Đại học Luật TP HCM,7340201,Tài chính – Ngân hàng,D07,2025,19.45,,THPT
LPS,Đại học Luật TP HCM,7380101,Ngành Luật,A00,2025,21.64,,THPT
LPS,Đại học Luật TP HCM,7380101,Ngành Luật,A01,2025,20.54,,THPT
LPS,Đại học Luật TP HCM,7380101,Ngành Luật,A01,2025,21.64,,THPT
LPS,Đại học Luật TP HCM,7380101,Ngành Luật,C00,2025,24.94,,THPT
LPS,Đại học Luật TP HCM,7380101,Ngành Luật,D01,2025,20.94,,THPT
LPS,Đại học Luật TP HCM,7380101,Ngành Luật,D01,2025,21.64,,THPT
LPS,Đại học Luật TP HCM,7380109,Luật Thương mại Quốc tế,A01,2025,21.75,,THPT
LPS,Đại học Luật TP HCM,7380109,Luật Thương mại Quốc tế,D01,2025,21.75,,THPT
LPS,Đại học Luật TP HCM,7380109,Luật Thương mại Quốc tế,D01,2025,22.15,,THPT
MBS,Đại học Mở TP HCM,7220201,Ngôn ngữ Anh,A01,2025,22.25,,THPT
MBS,Trường Đại Học Mở TPHCM,7220201,Ngôn ngữ Anh,A01,2025,23.75,,THPT
MBS,Trường Đại Học Mở TPHCM,7220201,Ngôn ngữ Anh,D01,2025,23.75,,THPT
MBS,Đại học Mở TP HCM,7220201,Ngôn ngữ Anh,D01,2025,22.25,,THPT
MBS,Trường Đại Học Mở TPHCM,7220201,Ngôn ngữ Anh,D07,2025,23.75,,THPT
MBS,Đại học Mở TP HCM,7220201,Ngôn ngữ Anh,D07,2025,22.25,,THPT
MBS,Đại học Mở TP HCM,7220201C,Ngôn ngữ Anh (CTCLC),A01,2025,19.0,,THPT
MBS,Trường Đại Học Mở TPHCM,7220201C,Ngôn ngữ Anh Chương trình Tiên tiến,A01,2025,19.0,,THPT
MBS,Trường Đại Học Mở TPHCM,7220201C,Ngôn ngữ Anh Chương trình Tiên tiến,D01,2025,19.0,,THPT
MBS,Đại học Mở TP HCM,7220201C,Ngôn ngữ Anh (CTCLC),D01,2025,19.0,,THPT
MBS,Trường Đại Học Mở TPHCM,7220201C,Ngôn ngữ Anh Chương trình Tiên tiến,D07,2025,19.0,,THPT
MBS,Đại học Mở TP HCM,7220201C,Ngôn ngữ Anh (CTCLC),D07,2025,19.0,,THPT
MBS,Trường Đại Học Mở TPHCM,7220201FL,"Ngôn ngữ Anh - CTLKĐH Flinders, úc",A01,2025,15.0,,THPT
MBS,Trường Đại Học Mở TPHCM,7220201FL,"Ngôn ngữ Anh - CTLKĐH Flinders, úc",D01,2025,15.0,,THPT
MBS,Trường Đại Học Mở TPHCM,7220201FL,"Ngôn ngữ Anh - CTLKĐH Flinders, úc",D07,2025,15.0,,THPT
MBS,Đại học Mở TP HCM,7220204,Ngôn ngữ Trung Quốc,A01,2025,21.5,,THPT
MBS,Trường Đại Học Mở TPHCM,7220204,Ngôn ngữ Trung Quốc,A01,2025,23.0,,THPT
MBS,Trường Đại Học Mở TPHCM,7220204,Ngôn ngữ Trung Quốc,D01,2025,23.0,,THPT
MBS,Trường Đại Học Mở TPHCM,7220204,Ngôn ngữ Trung Quốc,D07,2025,23.0,,THPT
MBS,Đại học Mở TP HCM,7220204,Ngôn ngữ Trung Quốc,D07,2025,21.5,,THPT
MBS,Đại học Mở TP HCM,7220204C,Ngôn ngữ Trung Quốc - CLC,A01,2025,18.5,,THPT
MBS,Trường Đại Học Mở TPHCM,7220204C,Ngôn ngữ Trung Quốc Chương trình Tiên tiến,A01,2025,18.5,,THPT
MBS,Trường Đại Học Mở TPHCM,7220204C,Ngôn ngữ Trung Quốc Chương trình Tiên tiến,D01,2025,18.5,,THPT
MBS,Trường Đại Học Mở TPHCM,7220204C,Ngôn ngữ Trung Quốc Chương trình Tiên tiến,D07,2025,18.5,,THPT
MBS,Đại học Mở TP HCM,7220204C,Ngôn ngữ Trung Quốc - CLC,D07,2025,18.5,,THPT
MBS,Đại học Mở TP HCM,7220209,Ngôn ngữ Nhật,A01,2025,17.8,,THPT
MBS,Trường Đại Học Mở TPHCM,7220209,Ngôn ngữ Nhật,A01,2025,17.8,,THPT
MBS,Trường Đại Học Mở TPHCM,7220209,Ngôn ngữ Nhật,D01,2025,17.8,,THPT
MBS,Trường Đại Học Mở TPHCM,7220209,Ngôn ngữ Nhật,D07,2025,17.8,,THPT
MBS,Đại học Mở TP HCM,7220209,Ngôn ngữ Nhật,D07,2025,17.8,,THPT
MBS,Đại học Mở TP HCM,7220209C,Ngôn ngữ Nhật - CLC,A01,2025,16.0,,THPT
MBS,Trường Đại Học Mở TPHCM,7220209C,Ngôn ngữ Nhật Chương trình Tiên tiến,A01,2025,17.5,,THPT
MBS,Trường Đại Học Mở TPHCM,7220209C,Ngôn ngữ Nhật Chương trình Tiên tiến,D01,2025,17.5,,THPT
MBS,Trường Đại Học Mở TPHCM,7220209C,Ngôn ngữ Nhật Chương trình Tiên tiến,D07,2025,17.5,,THPT
MBS,Đại học Mở TP HCM,7220209C,Ngôn ngữ Nhật - CLC,D07,2025,16.0,,THPT
MBS,Đại học Mở TP HCM,7220210,Ngôn ngữ Hàn Quốc,A01,2025,18.4,,THPT
MBS,Trường Đại Học Mở TPHCM,7220210,Ngôn ngữ Hàn Quốc,A01,2025,18.4,,THPT
MBS,Trường Đại Học Mở TPHCM,7220210,Ngôn ngữ Hàn Quốc,D01,2025,18.4,,THPT
MBS,Trường Đại Học Mở TPHCM,7220210,Ngôn ngữ Hàn Quốc,D07,2025,18.4,,THPT
MBS,Đại học Mở TP HCM,7220210,Ngôn ngữ Hàn Quốc,D07,2025,18.4,,THPT
MBS,Đại học Mở TP HCM,7310101,Kinh tế,A00,2025,19.5,,THPT
MBS,Trường Đại Học Mở TPHCM,7310101,Kinh tế,A00,2025,19.5,,THPT
MBS,Trường Đại Học Mở TPHCM,7310101,Kinh tế,A01,2025,19.5,,THPT
MBS,Đại học Mở TP HCM,7310101,Kinh tế,A01,2025,19.5,,THPT
MBS,Trường Đại Học Mở TPHCM,7310101,Kinh tế,D01,2025,19.5,,THPT
MBS,Đại học Mở TP HCM,7310101,Kinh tế,D01,2025,19.5,,THPT
MBS,Trường Đại Học Mở TPHCM,7310101,Kinh tế,D07,2025,19.5,,THPT
MBS,Đại học Mở TP HCM,7310101,Kinh tế,D07,2025,19.5,,THPT
MBS,Trường Đại Học Mở TPHCM,7310101,Kinh tế,D09,2025,19.5,,THPT
MBS,Đại học Mở TP HCM,7310101,Kinh tế,D09,2025,19.5,,THPT
MBS,Đại học Mở TP HCM,7310101C,Kinh tế CLC,A01,2025,15.0,,THPT
MBS,Trường Đại Học Mở TPHCM,7310101C,Kinh tế Chương trình Tiên tiến,A01,2025,15.0,,THPT
MBS,Trường Đại Học Mở TPHCM,7310101C,Kinh tế Chương trình Tiên tiến,D01,2025,15.0,,THPT
MBS,Đại học Mở TP HCM,7310101C,Kinh tế CLC,D01,2025,15.0,,THPT
MBS,Trường Đại Học Mở TPHCM,7310101C,Kinh tế Chương trình Tiên tiến,D07,2025,15.0,,THPT
MBS,Đại học Mở TP HCM,7310101C,Kinh tế CLC,D07,2025,15.0,,THPT
MBS,Trường Đại Học Mở TPHCM,7310101C,Kinh tế Chương trình Tiên tiến,D09,2025,15.0,,THPT
MBS,Đại học Mở TP HCM,7310101C,Kinh tế CLC,D09,2025,15.0,,THPT
MBS,Đại học Mở TP HCM,7310301,Xã hội học,C00,2025,23.0,,THPT
MBS,Trường Đại Học Mở TPHCM,7310301,Xã hội học,C00,2025,23.0,,THPT
MBS,Trường Đại Học Mở TPHCM,7310301,Xã hội học,D01,2025,23.0,,THPT
MBS,Đại học Mở TP HCM,7310401,Tâm lý học,C00,2025,24.0,,THPT
MBS,Trường Đại Học Mở TPHCM,7310401,Tâm lý học,C00,2025,24.0,,THPT
MBS,Trường Đại Học Mở TPHCM,7310401,Tâm lý học,D01,2025,24.0,,THPT
MBS,Đại học Mở TP HCM,7310620,Đông Nam Á học,C00,2025,20.8,,THPT
MBS,Trường Đại Học Mở TPHCM,7310620,Đông Nam á học,C00,2025,21.8,,THPT
MBS,Trường Đại Học Mở TPHCM,7310620,Đông Nam á học,D01,2025,21.8,,THPT
MBS,Đại học Mở TP HCM,7340101,Quản trị Kinh doanh,A00,2025,20.6,,THPT
MBS,Trường Đại Học Mở TPHCM,7340101,Quản trị kinh doanh,A00,2025,22.1,,THPT
MBS,Trường Đại Học Mở TPHCM,7340101,Quản trị kinh doanh,A01,2025,22.1,,THPT
MBS,Đại học Mở TP HCM,7340101,Quản trị Kinh doanh,A01,2025,20.6,,THPT
MBS,Trường Đại Học Mở TPHCM,7340101,Quản trị kinh doanh,D01,2025,22.1,,THPT
MBS,Đại học Mở TP HCM,7340101,Quản trị Kinh doanh,D01,2025,20.6,,THPT
MBS,Trường Đại Học Mở TPHCM,7340101,Quản trị kinh doanh,D07,2025,22.1,,THPT
MBS,Đại học Mở TP HCM,7340101,Quản trị Kinh doanh,D07,2025,20.6,,THPT
MBS,Đại học Mở TP HCM,7340101,Quản trị Kinh doanh,D08,2025,20.6,,THPT
MBS,Đại học Mở TP HCM,7340101C,Quản trị kinh doanh,A01,2025,16.0,,THPT
MBS,Trường Đại Học Mở TPHCM,7340101C,Quản trị kinh doanh Chương trình Tiên tiến,A01,2025,17.5,,THPT
MBS,Trường Đại Học Mở TPHCM,7340101C,Quản trị kinh doanh Chương trình Tiên tiến,D01,2025,17.5,,THPT
MBS,Đại học Mở TP HCM,7340101C,Quản trị kinh doanh,D01,2025,16.0,,THPT
MBS,Trường Đại Học Mở TPHCM,7340101C,Quản trị kinh doanh Chương trình Tiên tiến,D07,2025,17.5,,THPT
MBS,Đại học Mở TP HCM,7340101C,Quản trị kinh doanh,D07,2025,16.0,,THPT
MBS,Đại học Mở TP HCM,7340101C,Quản trị kinh doanh,D08,2025,16.0,,THPT
MBS,Trường Đại Học Mở TPHCM,7340101C,Quản trị kinh doanh Chương trình Tiên tiến,D09,2025,17.5,,THPT
MBS,Đại học Mở TP HCM,7340101C,Quản trị kinh doanh,D09,2025,16.0,,THPT
MBS,Trường Đại Học Mở TPHCM,7340101FL,"Quản trị kinh doanh - CTLKĐH Flinders, úc",A00,2025,15.0,,THPT
MBS,Trường Đại Học Mở TPHCM,7340101FL,"Quản trị kinh doanh - CTLKĐH Flinders, úc",A01,2025,15.0,,THPT
MBS,Trường Đại Học Mở TPHCM,7340101FL,"Quản trị kinh doanh - CTLKĐH Flinders, úc",D01,2025,15.0,,THPT
MBS,Trường Đại Học Mở TPHCM,7340101FL,"Quản trị kinh doanh - CTLKĐH Flinders, úc",D07,2025,15.0,,THPT
MBS,Trường Đại Học Mở TPHCM,7340101SQ,Quản trị kinh doanh -CTLKĐH Southern Queensland,A00,2025,15.0,,THPT
MBS,Trường Đại Học Mở TPHCM,7340101SQ,Quản trị kinh doanh -CTLKĐH Southern Queensland,A01,2025,15.0,,THPT
MBS,Trường Đại Học Mở TPHCM,7340101SQ,Quản trị kinh doanh -CTLKĐH Southern Queensland,D01,2025,15.0,,THPT
MBS,Trường Đại Học Mở TPHCM,7340101SQ,Quản trị kinh doanh -CTLKĐH Southern Queensland,D07,2025,15.0,,THPT
MBS,Trường Đại Học Mở TPHCM,7340101SW,Quản trị kinh doanh - CTLKĐH South Wales,A00,2025,15.0,,THPT
MBS,Trường Đại Học Mở TPHCM,7340101SW,Quản trị kinh doanh - CTLKĐH South Wales,A01,2025,15.0,,THPT
MBS,Trường Đại Học Mở TPHCM,7340101SW,Quản trị kinh doanh - CTLKĐH South Wales,D01,2025,15.0,,THPT
MBS,Trường Đại Học Mở TPHCM,7340101SW,Quản trị kinh doanh - CTLKĐH South Wales,D07,2025,15.0,,THPT
MBS,Đại học Mở TP HCM,7340115,Marketing,A00,2025,23.25,,THPT
MBS,Trường Đại Học Mở TPHCM,7340115,Marketing,A00,2025,24.75,,THPT
MBS,Trường Đại Học Mở TPHCM,7340115,Marketing,A01,2025,24.75,,THPT
MBS,Đại học Mở TP HCM,7340115,Marketing,A01,2025,23.25,,THPT
MBS,Trường Đại Học Mở TPHCM,7340115,Marketing,D01,2025,24.75,,THPT
MBS,Đại học Mở TP HCM,7340115,Marketing,D01,2025,23.25,,THPT
MBS,Trường Đại Học Mở TPHCM,7340115,Marketing,D07,2025,24.75,,THPT
MBS,Đại học Mở TP HCM,7340115,Marketing,D07,2025,23.25,,THPT
MBS,Trường Đại Học Mở TPHCM,7340115,Marketing,D08,2025,24.75,,THPT
MBS,Đại học Mở TP HCM,7340115,Marketing,D08,2025,23.25,,THPT
MBS,Đại học Mở TP HCM,7340120,Ngành Kinh doanh quốc tế,A00,2025,22.3,,THPT
MBS,Trường Đại Học Mở TPHCM,7340120,Kinh doanh quốc tế,A00,2025,23.8,,THPT
MBS,Trường Đại Học Mở TPHCM,7340120,Kinh doanh quốc tế,A01,2025,23.8,,THPT
MBS,Đại học Mở TP HCM,7340120,Ngành Kinh doanh quốc tế,A01,2025,22.3,,THPT
MBS,Trường Đại Học Mở TPHCM,7340120,Kinh doanh quốc tế,D01,2025,23.8,,THPT
MBS,Đại học Mở TP HCM,7340120,Ngành Kinh doanh quốc tế,D01,2025,22.3,,THPT
MBS,Trường Đại Học Mở TPHCM,7340120,Kinh doanh quốc tế,D07,2025,23.8,,THPT
MBS,Đại học Mở TP HCM,7340120,Ngành Kinh doanh quốc tế,D07,2025,22.3,,THPT
MBS,Đại học Mở TP HCM,7340120,Ngành Kinh doanh quốc tế,D08,2025,22.3,,THPT
MBS,Đại học Mở TP HCM,7340201,Tài chính – Ngân hàng,A00,2025,19.2,,THPT
MBS,Trường Đại Học Mở TPHCM,7340201,Tài chính - Ngân hàng,A00,2025,19.2,,THPT
MBS,Trường Đại Học Mở TPHCM,7340201,Tài chính - Ngân hàng,A01,2025,19.2,,THPT
MBS,Đại học Mở TP HCM,7340201,Tài chính – Ngân hàng,A01,2025,19.2,,THPT
MBS,Trường Đại Học Mở TPHCM,7340201,Tài chính - Ngân hàng,D07,2025,19.2,,THPT
MBS,Đại học Mở TP HCM,7340201,Tài chính – Ngân hàng,D07,2025,19.2,,THPT
MBS,Đại học Mở TP HCM,7340201C,Tài chính – Ngân hàng (Chương trình chất lượng cao),A01,2025,15.0,,THPT
MBS,Trường Đại Học Mở TPHCM,7340201C,Tài chính - Ngân hàng Chương trình Tiên tiến,A01,2025,16.5,,THPT
MBS,Trường Đại Học Mở TPHCM,7340201C,Tài chính - Ngân hàng Chương trình Tiên tiến,D01,2025,16.5,,THPT
MBS,Đại học Mở TP HCM,7340201C,Tài chính – Ngân hàng (Chương trình chất lượng cao),D01,2025,15.0,,THPT
MBS,Trường Đại Học Mở TPHCM,7340201C,Tài chính - Ngân hàng Chương trình Tiên tiến,D07,2025,16.5,,THPT
MBS,Đại học Mở TP HCM,7340201C,Tài chính – Ngân hàng (Chương trình chất lượng cao),D07,2025,15.0,,THPT
MBS,Đại học Mở TP HCM,7340201C,Tài chính – Ngân hàng (Chương trình chất lượng cao),D08,2025,15.0,,THPT
MBS,Trường Đại Học Mở TPHCM,7340201C,Tài chính - Ngân hàng Chương trình Tiên tiến,D09,2025,16.5,,THPT
MBS,Đại học Mở TP HCM,7340201C,Tài chính – Ngân hàng (Chương trình chất lượng cao),D09,2025,15.0,,THPT
MBS,Trường Đại Học Mở TPHCM,7340201C,Tài chính - Ngân hàng Chương trình Tiên tiến,D10,2025,16.5,,THPT
MBS,Đại học Mở TP HCM,7340201C,Tài chính – Ngân hàng (Chương trình chất lượng cao),D10,2025,15.0,,THPT
MBS,Trường Đại Học Mở TPHCM,7340201FL,"Tài chính ngân hàng -CTLKĐH Flinders, úc",A01,2025,15.0,,THPT
MBS,Trường Đại Học Mở TPHCM,7340201FL,"Tài chính ngân hàng -CTLKĐH Flinders, úc",D01,2025,15.0,,THPT
MBS,Trường Đại Học Mở TPHCM,7340201FL,"Tài chính ngân hàng -CTLKĐH Flinders, úc",D07,2025,15.0,,THPT
MBS,Trường Đại Học Mở TPHCM,7340201FL,"Tài chính ngân hàng -CTLKĐH Flinders, úc",D09,2025,15.0,,THPT
MBS,Trường Đại Học Mở TPHCM,7340201FL,"Tài chính ngân hàng -CTLKĐH Flinders, úc",D10,2025,15.0,,THPT
MBS,Đại học Mở TP HCM,7340204,Bảo hiểm,A00,2025,15.0,,THPT
MBS,Trường Đại Học Mở TPHCM,7340204,Bảo hiểm,A00,2025,15.0,,THPT
MBS,Trường Đại Học Mở TPHCM,7340204,Bảo hiểm,A01,2025,15.0,,THPT
MBS,Đại học Mở TP HCM,7340204,Bảo hiểm,A01,2025,15.0,,THPT
MBS,Trường Đại Học Mở TPHCM,7340204,Bảo hiểm,D07,2025,15.0,,THPT
MBS,Đại học Mở TP HCM,7340204,Bảo hiểm,D07,2025,15.0,,THPT
MBS,Đại học Mở TP HCM,7340205,Công nghệ tài chính,A00,2025,20.0,,THPT
MBS,Trường Đại Học Mở TPHCM,7340205,Công nghệ tài chính,A00,2025,20.0,,THPT
MBS,Trường Đại Học Mở TPHCM,7340205,Công nghệ tài chính,A01,2025,20.0,,THPT
MBS,Đại học Mở TP HCM,7340205,Công nghệ tài chính,A01,2025,20.0,,THPT
MBS,Trường Đại Học Mở TPHCM,7340205,Công nghệ tài chính,D07,2025,20.0,,THPT
MBS,Đại học Mở TP HCM,7340205,Công nghệ tài chính,D07,2025,20.0,,THPT
MBS,Đại học Mở TP HCM,7340301,Kế toán,A00,2025,20.2,,THPT
MBS,Trường Đại Học Mở TPHCM,7340301,Kế toán,A00,2025,20.2,,THPT
MBS,Trường Đại Học Mở TPHCM,7340301,Kế toán,A01,2025,20.2,,THPT
MBS,Đại học Mở TP HCM,7340301,Kế toán,A01,2025,20.2,,THPT
MBS,Trường Đại Học Mở TPHCM,7340301,Kế toán,D01,2025,20.2,,THPT
MBS,Đại học Mở TP HCM,7340301,Kế toán,D01,2025,20.2,,THPT
MBS,Trường Đại Học Mở TPHCM,7340301,Kế toán,D07,2025,20.2,,THPT
MBS,Đại học Mở TP HCM,7340301,Kế toán,D07,2025,20.2,,THPT
MBS,Đại học Mở TP HCM,7340301C,Kế toán (CT chất lượng cao),A01,2025,15.0,,THPT
MBS,Trường Đại Học Mở TPHCM,7340301C,Kế toán Chương trình Tiên tiến,A01,2025,16.5,,THPT
MBS,Trường Đại Học Mở TPHCM,7340301C,Kế toán Chương trình Tiên tiến,D01,2025,16.5,,THPT
MBS,Đại học Mở TP HCM,7340301C,Kế toán (CT chất lượng cao),D01,2025,15.0,,THPT
MBS,Trường Đại Học Mở TPHCM,7340301C,Kế toán Chương trình Tiên tiến,D07,2025,16.5,,THPT
MBS,Đại học Mở TP HCM,7340301C,Kế toán (CT chất lượng cao),D07,2025,15.0,,THPT
MBS,Đại học Mở TP HCM,7340302,Kiểm toán,A00,2025,20.4,,THPT
MBS,Trường Đại Học Mở TPHCM,7340302,Kiểm toán,A00,2025,20.4,,THPT
MBS,Trường Đại Học Mở TPHCM,7340302,Kiểm toán,A01,2025,20.4,,THPT
MBS,Đại học Mở TP HCM,7340302,Kiểm toán,A01,2025,20.4,,THPT
MBS,Trường Đại Học Mở TPHCM,7340302,Kiểm toán,D01,2025,20.4,,THPT
MBS,Đại học Mở TP HCM,7340302,Kiểm toán,D01,2025,20.4,,THPT
MBS,Trường Đại Học Mở TPHCM,7340302,Kiểm toán,D07,2025,20.4,,THPT
MBS,Đại học Mở TP HCM,7340302,Kiểm toán,D07,2025,20.4,,THPT
MBS,Đại học Mở TP HCM,7340302C,Kiểm toán,A01,2025,15.0,,THPT
MBS,Trường Đại Học Mở TPHCM,7340302C,Kiểm toán Chương trình Tiên tiến,A01,2025,16.5,,THPT
MBS,Trường Đại Học Mở TPHCM,7340302C,Kiểm toán Chương trình Tiên tiến,D01,2025,16.5,,THPT
MBS,Đại học Mở TP HCM,7340302C,Kiểm toán,D01,2025,15.0,,THPT
MBS,Trường Đại Học Mở TPHCM,7340302C,Kiểm toán Chương trình Tiên tiến,D07,2025,16.5,,THPT
MBS,Đại học Mở TP HCM,7340302C,Kiểm toán,D07,2025,15.0,,THPT
MBS,Đại học Mở TP HCM,7340403,Quản lý công,A00,2025,16.5,,THPT
MBS,Trường Đại Học Mở TPHCM,7340403,Quản lý công,A00,2025,16.5,,THPT
MBS,Trường Đại Học Mở TPHCM,7340403,Quản lý công,A01,2025,16.5,,THPT
MBS,Đại học Mở TP HCM,7340403,Quản lý công,A01,2025,16.5,,THPT
MBS,Trường Đại Học Mở TPHCM,7340403,Quản lý công,D01,2025,16.5,,THPT
MBS,Đại học Mở TP HCM,7340403,Quản lý công,D01,2025,16.5,,THPT
MBS,Trường Đại Học Mở TPHCM,7340403,Quản lý công,D07,2025,16.5,,THPT
MBS,Đại học Mở TP HCM,7340403,Quản lý công,D07,2025,16.5,,THPT
MBS,Trường Đại Học Mở TPHCM,7340403,Quản lý công,D09,2025,16.5,,THPT
MBS,Đại học Mở TP HCM,7340403,Quản lý công,D09,2025,16.5,,THPT
MBS,Đại học Mở TP HCM,7340404,Quản trị nhân lực,A00,2025,22.1,,THPT
MBS,Trường Đại Học Mở TPHCM,7340404,Quản trị nhân lực,A00,2025,23.6,,THPT
MBS,Trường Đại Học Mở TPHCM,7340404,Quản trị nhân lực,A01,2025,23.6,,THPT
MBS,Đại học Mở TP HCM,7340404,Quản trị nhân lực,A01,2025,22.1,,THPT
MBS,Trường Đại Học Mở TPHCM,7340404,Quản trị nhân lực,D01,2025,23.6,,THPT
MBS,Đại học Mở TP HCM,7340404,Quản trị nhân lực,D01,2025,22.1,,THPT
MBS,Trường Đại Học Mở TPHCM,7340404,Quản trị nhân lực,D09,2025,23.6,,THPT
MBS,Đại học Mở TP HCM,7340404,Quản trị nhân lực,D09,2025,22.1,,THPT
MBS,Đại học Mở TP HCM,7340405,Hệ thống thông tin,A00,2025,19.5,,THPT
MBS,Trường Đại Học Mở TPHCM,7340405,Hệ thống thông tin quản lý,A00,2025,19.5,,THPT
MBS,Trường Đại Học Mở TPHCM,7340405,Hệ thống thông tin quản lý,A01,2025,19.5,,THPT
MBS,Đại học Mở TP HCM,7340405,Hệ thống thông tin,A01,2025,19.5,,THPT
MBS,Trường Đại Học Mở TPHCM,7340405,Hệ thống thông tin quản lý,D01,2025,19.5,,THPT
MBS,Đại học Mở TP HCM,7340405,Hệ thống thông tin,D01,2025,19.5,,THPT
MBS,Trường Đại Học Mở TPHCM,7340405,Hệ thống thông tin quản lý,D07,2025,19.5,,THPT
MBS,Đại học Mở TP HCM,7340405,Hệ thống thông tin,D07,2025,19.5,,THPT
MBS,Đại học Mở TP HCM,7380101,Ngành Luật,A00,2025,23.2,,THPT
MBS,Trường Đại Học Mở TPHCM,7380101,Luật,A00,2025,24.7,,THPT
MBS,Trường Đại Học Mở TPHCM,7380101,Luật,A01,2025,24.7,,THPT
MBS,Đại học Mở TP HCM,7380101,Ngành Luật,A01,2025,23.2,,THPT
MBS,Đại học Mở TP HCM,7380101,Ngành Luật,C00,2025,23.2,,THPT
MBS,Trường Đại Học Mở TPHCM,7380101,Luật,C00,2025,24.7,,THPT
MBS,Trường Đại Học Mở TPHCM,7380101,Luật,D01,2025,24.7,,THPT
MBS,Đại học Mở TP HCM,7380107,Luật kinh tế,A00,2025,23.25,,THPT
MBS,Trường Đại Học Mở TPHCM,7380107,Luật kinh tế,A00,2025,24.75,,THPT
MBS,Trường Đại Học Mở TPHCM,7380107,Luật kinh tế,A01,2025,24.75,,THPT
MBS,Đại học Mở TP HCM,7380107,Luật kinh tế,A01,2025,23.25,,THPT
MBS,Đại học Mở TP HCM,7380107,Luật kinh tế,C00,2025,23.25,,THPT
MBS,Trường Đại Học Mở TPHCM,7380107,Luật kinh tế,C00,2025,24.75,,THPT
MBS,Trường Đại Học Mở TPHCM,7380107,Luật kinh tế,D01,2025,24.75,,THPT
MBS,Đại học Mở TP HCM,7380107C,Luật kinh tế (CT chất lượng cao),A00,2025,19.0,,THPT
MBS,Đại học Mở TP HCM,7380107C,Luật kinh tế (CT chất lượng cao),A01,2025,19.0,,THPT
MBS,Trường Đại Học Mở TPHCM,7380107C,Luật kinh tế Chương trình Tiên tiến,A01,2025,20.5,,THPT
MBS,Đại học Mở TP HCM,7380107C,Luật kinh tế (CT chất lượng cao),C00,2025,19.0,,THPT
MBS,Trường Đại Học Mở TPHCM,7380107C,Luật kinh tế Chương trình Tiên tiến,D01,2025,20.5,,THPT
MBS,Đại học Mở TP HCM,7380107C,Luật kinh tế (CT chất lượng cao),D01,2025,19.0,,THPT
MBS,Trường Đại Học Mở TPHCM,7380107C,Luật kinh tế Chương trình Tiên tiến,D09,2025,20.5,,THPT
MBS,Đại học Mở TP HCM,7380107C,Luật kinh tế (CT chất lượng cao),D09,2025,19.0,,THPT
MBS,Đại học Mở TP HCM,7420201,Công nghệ sinh học,A00,2025,15.0,,THPT
MBS,Trường Đại Học Mở TPHCM,7420201,Công nghệ sinh học,A00,2025,15.0,,THPT
MBS,Trường Đại Học Mở TPHCM,7420201,Công nghệ sinh học,B00,2025,15.0,,THPT
MBS,Đại học Mở TP HCM,7420201,Công nghệ sinh học,B00,2025,15.0,,THPT
MBS,Trường Đại Học Mở TPHCM,7420201,Công nghệ sinh học,D07,2025,15.0,,THPT
MBS,Đại học Mở TP HCM,7420201,Công nghệ sinh học,D07,2025,15.0,,THPT
MBS,Đại học Mở TP HCM,7420201,Công nghệ sinh học,D08,2025,15.0,,THPT
MBS,Đại học Mở TP HCM,7420201C,Công nghệ sinh học,A00,2025,15.0,,THPT
MBS,Trường Đại Học Mở TPHCM,7420201C,Công nghệ sinh học Chương trình Tiên tiến,A00,2025,15.0,,THPT
MBS,Trường Đại Học Mở TPHCM,7420201C,Công nghệ sinh học Chương trình Tiên tiến,B00,2025,15.0,,THPT
MBS,Đại học Mở TP HCM,7420201C,Công nghệ sinh học,B00,2025,15.0,,THPT
MBS,Trường Đại Học Mở TPHCM,7420201C,Công nghệ sinh học Chương trình Tiên tiến,D07,2025,15.0,,THPT
MBS,Đại học Mở TP HCM,7420201C,Công nghệ sinh học,D07,2025,15.0,,THPT
MBS,Đại học Mở TP HCM,7420201C,Công nghệ sinh học,D08,2025,15.0,,THPT
MBS,Đại học Mở TP HCM,7460108,Khoa học dữ liệu (Data Science),A00,2025,20.3,,THPT
MBS,Trường Đại Học Mở TPHCM,7460108,Khoa học dữ liệu,A00,2025,20.3,,THPT
MBS,Trường Đại Học Mở TPHCM,7460108,Khoa học dữ liệu,A01,2025,20.3,,THPT
MBS,Đại học Mở TP HCM,7460108,Khoa học dữ liệu (Data Science),A01,2025,20.3,,THPT
MBS,Trường Đại Học Mở TPHCM,7460108,Khoa học dữ liệu,D01,2025,20.3,,THPT
MBS,Đại học Mở TP HCM,7460108,Khoa học dữ liệu (Data Science),D01,2025,20.3,,THPT
MBS,Trường Đại Học Mở TPHCM,7460108,Khoa học dữ liệu,D07,2025,20.3,,THPT
MBS,Đại học Mở TP HCM,7460108,Khoa học dữ liệu (Data Science),D07,2025,20.3,,THPT
MBS,Đại học Mở TP HCM,7480101,Khoa học máy tính,A00,2025,19.0,,THPT
MBS,Trường Đại Học Mở TPHCM,7480101,Khoa học máy tính,A00,2025,19.0,,THPT
MBS,Trường Đại Học Mở TPHCM,7480101,Khoa học máy tính,A01,2025,19.0,,THPT
MBS,Đại học Mở TP HCM,7480101,Khoa học máy tính,A01,2025,19.0,,THPT
MBS,Trường Đại Học Mở TPHCM,7480101,Khoa học máy tính,D01,2025,19.0,,THPT
MBS,Đại học Mở TP HCM,7480101,Khoa học máy tính,D01,2025,19.0,,THPT
MBS,Trường Đại Học Mở TPHCM,7480101,Khoa học máy tính,D07,2025,19.0,,THPT
MBS,Đại học Mở TP HCM,7480101,Khoa học máy tính,D07,2025,19.0,,THPT
MBS,Đại học Mở TP HCM,7480101C,Quản trị kinh doanh - CLC,A00,2025,19.0,,THPT
MBS,Đại học Mở TP HCM,7480101C,Quản trị kinh doanh - CLC,A01,2025,19.0,,THPT
MBS,Trường Đại Học Mở TPHCM,7480101C,Khoa học máy tính Chương trình Tiên tiến,A01,2025,16.0,,THPT
MBS,Trường Đại Học Mở TPHCM,7480101C,Khoa học máy tính Chương trình Tiên tiến,D01,2025,16.0,,THPT
MBS,Đại học Mở TP HCM,7480101C,Quản trị kinh doanh - CLC,D01,2025,19.0,,THPT
MBS,Trường Đại Học Mở TPHCM,7480101C,Khoa học máy tính Chương trình Tiên tiến,D07,2025,16.0,,THPT
MBS,Đại học Mở TP HCM,7480101C,Quản trị kinh doanh - CLC,D07,2025,19.0,,THPT
MBS,Đại học Mở TP HCM,7480103,Kỹ thuật phần mềm,A00,2025,20.1,,THPT
MBS,Trường Đại Học Mở TPHCM,7480103,Kỹ thuật phần mềm,A00,2025,20.1,,THPT
MBS,Trường Đại Học Mở TPHCM,7480103,Kỹ thuật phần mềm,A01,2025,20.1,,THPT
MBS,Đại học Mở TP HCM,7480103,Kỹ thuật phần mềm,A01,2025,20.1,,THPT
MBS,Trường Đại Học Mở TPHCM,7480103,Kỹ thuật phần mềm,D01,2025,20.1,,THPT
MBS,Đại học Mở TP HCM,7480103,Kỹ thuật phần mềm,D01,2025,20.1,,THPT
MBS,Trường Đại Học Mở TPHCM,7480103,Kỹ thuật phần mềm,D07,2025,20.1,,THPT
MBS,Đại học Mở TP HCM,7480103,Kỹ thuật phần mềm,D07,2025,20.1,,THPT
MBS,Đại học Mở TP HCM,7480107,Trí tuệ nhân tạo,A00,2025,20.6,,THPT
MBS,Trường Đại Học Mở TPHCM,7480107,Trí tuệ nhân tạo,A00,2025,20.6,,THPT
MBS,Trường Đại Học Mở TPHCM,7480107,Trí tuệ nhân tạo,A01,2025,20.6,,THPT
MBS,Đại học Mở TP HCM,7480107,Trí tuệ nhân tạo,A01,2025,20.6,,THPT
MBS,Trường Đại Học Mở TPHCM,7480107,Trí tuệ nhân tạo,D01,2025,20.6,,THPT
MBS,Đại học Mở TP HCM,7480107,Trí tuệ nhân tạo,D01,2025,20.6,,THPT
MBS,Trường Đại Học Mở TPHCM,7480107,Trí tuệ nhân tạo,D07,2025,20.6,,THPT
MBS,Đại học Mở TP HCM,7480107,Trí tuệ nhân tạo,D07,2025,20.6,,THPT
MBS,Đại học Mở TP HCM,7480201,Công nghệ thông tin,A00,2025,20.8,,THPT
MBS,Trường Đại Học Mở TPHCM,7480201,Công nghệ thông tin,A00,2025,20.8,,THPT
MBS,Trường Đại Học Mở TPHCM,7480201,Công nghệ thông tin,A01,2025,20.8,,THPT
MBS,Đại học Mở TP HCM,7480201,Công nghệ thông tin,A01,2025,20.8,,THPT
MBS,Trường Đại Học Mở TPHCM,7480201,Công nghệ thông tin,D01,2025,20.8,,THPT
MBS,Đại học Mở TP HCM,7480201,Công nghệ thông tin,D01,2025,20.8,,THPT
MBS,Trường Đại Học Mở TPHCM,7480201,Công nghệ thông tin,D07,2025,20.8,,THPT
MBS,Đại học Mở TP HCM,7480201,Công nghệ thông tin,D07,2025,20.8,,THPT
MBS,Đại học Mở TP HCM,7480201C,Công nghệ thông tin (CTCLC),A01,2025,16.0,,THPT
MBS,Trường Đại Học Mở TPHCM,7480201C,Công nghệ thông tin Chương trình Tiên tiến,A01,2025,16.0,,THPT
MBS,Trường Đại Học Mở TPHCM,7480201C,Công nghệ thông tin Chương trình Tiên tiến,D01,2025,16.0,,THPT
MBS,Đại học Mở TP HCM,7480201C,Công nghệ thông tin (CTCLC),D01,2025,16.0,,THPT
MBS,Trường Đại Học Mở TPHCM,7480201C,Công nghệ thông tin Chương trình Tiên tiến,D07,2025,16.0,,THPT
MBS,Đại học Mở TP HCM,7480201C,Công nghệ thông tin (CTCLC),D07,2025,16.0,,THPT
MBS,Đại học Mở TP HCM,7510102,Công nghệ kỹ thuật xây dựng dân dụng và công nghiệp,A00,2025,15.0,,THPT
MBS,Trường Đại Học Mở TPHCM,7510102,Công nghệ kỹ thuật công trình xây dựng,A00,2025,15.0,,THPT
MBS,Trường Đại Học Mở TPHCM,7510102,Công nghệ kỹ thuật công trình xây dựng,A01,2025,15.0,,THPT
MBS,Đại học Mở TP HCM,7510102,Công nghệ kỹ thuật xây dựng dân dụng và công nghiệp,A01,2025,15.0,,THPT
MBS,Trường Đại Học Mở TPHCM,7510102,Công nghệ kỹ thuật công trình xây dựng,D07,2025,15.0,,THPT
MBS,Đại học Mở TP HCM,7510102,Công nghệ kỹ thuật xây dựng dân dụng và công nghiệp,D07,2025,15.0,,THPT
MBS,Đại học Mở TP HCM,7510102C,CNKT công trình xây dựng CLC,A00,2025,15.0,,THPT
MBS,Trường Đại Học Mở TPHCM,7510102C,CNKT CT xây dựng Chương trình Tiên tiến,A00,2025,15.0,,THPT
MBS,Trường Đại Học Mở TPHCM,7510102C,CNKT CT xây dựng Chương trình Tiên tiến,A01,2025,15.0,,THPT
MBS,Đại học Mở TP HCM,7510102C,CNKT công trình xây dựng CLC,A01,2025,15.0,,THPT
MBS,Trường Đại Học Mở TPHCM,7510102C,CNKT CT xây dựng Chương trình Tiên tiến,D07,2025,15.0,,THPT
MBS,Đại học Mở TP HCM,7510102C,CNKT công trình xây dựng CLC,D07,2025,15.0,,THPT
MBS,Đại học Mở TP HCM,7510605,Logistics và Quản lý chuỗi cung ứng,A00,2025,22.5,,THPT
MBS,Trường Đại Học Mở TPHCM,7510605,Logistics và quản lý chuỗi cung ứng,A00,2025,24.0,,THPT
MBS,Trường Đại Học Mở TPHCM,7510605,Logistics và quản lý chuỗi cung ứng,A01,2025,24.0,,THPT
MBS,Đại học Mở TP HCM,7510605,Logistics và Quản lý chuỗi cung ứng,A01,2025,22.5,,THPT
MBS,Trường Đại Học Mở TPHCM,7510605,Logistics và quản lý chuỗi cung ứng,D01,2025,24.0,,THPT
MBS,Đại học Mở TP HCM,7510605,Logistics và Quản lý chuỗi cung ứng,D01,2025,22.5,,THPT
MBS,Trường Đại Học Mở TPHCM,7510605,Logistics và quản lý chuỗi cung ứng,D07,2025,24.0,,THPT
MBS,Đại học Mở TP HCM,7510605,Logistics và Quản lý chuỗi cung ứng,D07,2025,22.5,,THPT
MBS,Trường Đại Học Mở TPHCM,7510605,Logistics và quản lý chuỗi cung ứng,D10,2025,24.0,,THPT
MBS,Đại học Mở TP HCM,7510605,Logistics và Quản lý chuỗi cung ứng,D10,2025,22.5,,THPT
MBS,Đại học Mở TP HCM,7540101,Công nghệ thực phẩm,A00,2025,16.5,,THPT
MBS,Trường Đại Học Mở TPHCM,7540101,Công nghệ thực phẩm,A00,2025,16.5,,THPT
MBS,Trường Đại Học Mở TPHCM,7540101,Công nghệ thực phẩm,A01,2025,16.5,,THPT
MBS,Đại học Mở TP HCM,7540101,Công nghệ thực phẩm,A01,2025,16.5,,THPT
MBS,Trường Đại Học Mở TPHCM,7540101,Công nghệ thực phẩm,B00,2025,16.5,,THPT
MBS,Đại học Mở TP HCM,7540101,Công nghệ thực phẩm,B00,2025,16.5,,THPT
MBS,Trường Đại Học Mở TPHCM,7540101,Công nghệ thực phẩm,D07,2025,16.5,,THPT
MBS,Đại học Mở TP HCM,7540101,Công nghệ thực phẩm,D07,2025,16.5,,THPT
MBS,Đại học Mở TP HCM,7540101,Công nghệ thực phẩm,D08,2025,16.5,,THPT
MBS,Đại học Mở TP HCM,7580302,Quản lý xây dựng,A00,2025,15.0,,THPT
MBS,Trường Đại Học Mở TPHCM,7580302,Quản lý xây dựng,A00,2025,15.0,,THPT
MBS,Trường Đại Học Mở TPHCM,7580302,Quản lý xây dựng,A01,2025,15.0,,THPT
MBS,Đại học Mở TP HCM,7580302,Quản lý xây dựng,A01,2025,15.0,,THPT
MBS,Trường Đại Học Mở TPHCM,7580302,Quản lý xây dựng,D07,2025,15.0,,THPT
MBS,Đại học Mở TP HCM,7580302,Quản lý xây dựng,D07,2025,15.0,,THPT
MBS,Đại học Mở TP HCM,7760101,Công tác xã hội,C00,2025,22.75,,THPT
MBS,Trường Đại Học Mở TPHCM,7760101,Công tác xã hội,C00,2025,23.75,,THPT
MBS,Trường Đại Học Mở TPHCM,7760101,Công tác xã hội,D01,2025,23.75,,THPT
MBS,Đại học Mở TP HCM,7810101,Du lịch,A00,2025,21.75,,THPT
MBS,Trường Đại Học Mở TPHCM,7810101,Du lịch,A00,2025,21.75,,THPT
MBS,Trường Đại Học Mở TPHCM,7810101,Du lịch,A01,2025,21.75,,THPT
MBS,Đại học Mở TP HCM,7810101,Du lịch,A01,2025,21.75,,THPT
MBS,Trường Đại Học Mở TPHCM,7810101,Du lịch,D01,2025,21.75,,THPT
MBS,Đại học Mở TP HCM,7810101,Du lịch,D01,2025,21.75,,THPT
MBS,Trường Đại Học Mở TPHCM,7810101,Du lịch,D09,2025,21.75,,THPT
MBS,Đại học Mở TP HCM,7810101,Du lịch,D09,2025,21.75,,THPT
MBS,Trường Đại Học Mở TPHCM,7810101,Du lịch,D10,2025,21.75,,THPT
MBS,Đại học Mở TP HCM,7810101,Du lịch,D10,2025,21.75,,THPT
MDA,Đại học Mỏ - Địa chất,7220201,Ngôn ngữ Anh,D01,2025,22.0,,THPT
MDA,Trường Đại Học Mỏ Địa Chất,7220201,Ngôn ngữ Anh,D01,2025,22.0,,THPT
MDA,Trường Đại Học Mỏ Địa Chất,7220201,Ngôn ngữ Anh,D09,2025,22.0,,THPT
MDA,Đại học Mỏ - Địa chất,7220201,Ngôn ngữ Anh,D09,2025,22.0,,THPT
MDA,Trường Đại Học Mỏ Địa Chất,7220201,Ngôn ngữ Anh,D10,2025,22.0,,THPT
MDA,Đại học Mỏ - Địa chất,7220201,Ngôn ngữ Anh,D10,2025,22.0,,THPT
MDA,Đại học Mỏ - Địa chất,7220204,Ngôn ngữ Trung Quốc,C00,2025,25.5,,THPT
MDA,Trường Đại Học Mỏ Địa Chất,7220204,Ngôn ngữ Trung Quốc,C00,2025,25.5,,THPT
MDA,Trường Đại Học Mỏ Địa Chất,7220204,Ngôn ngữ Trung Quốc,D01,2025,25.5,,THPT
MDA,Đại học Mỏ - Địa chất,7220204,Ngôn ngữ Trung Quốc,D01,2025,25.5,,THPT
MDA,Trường Đại Học Mỏ Địa Chất,7220204,Ngôn ngữ Trung Quốc,D09,2025,25.5,,THPT
MDA,Đại học Mỏ - Địa chất,7220204,Ngôn ngữ Trung Quốc,D09,2025,25.5,,THPT
MDA,Đại học Mỏ - Địa chất,7340101,Quản trị Kinh doanh,A00,2025,23.0,,THPT
MDA,Trường Đại Học Mỏ Địa Chất,7340101,Quản trị kinh doanh,A00,2025,23.0,,THPT
MDA,Trường Đại Học Mỏ Địa Chất,7340101,Quản trị kinh doanh,A01,2025,23.0,,THPT
MDA,Đại học Mỏ - Địa chất,7340101,Quản trị Kinh doanh,A01,2025,23.0,,THPT
MDA,Trường Đại Học Mỏ Địa Chất,7340101,Quản trị kinh doanh,D01,2025,23.0,,THPT
MDA,Đại học Mỏ - Địa chất,7340101,Quản trị Kinh doanh,D01,2025,23.0,,THPT
MDA,Trường Đại Học Mỏ Địa Chất,7340101,Quản trị kinh doanh,D07,2025,23.0,,THPT
MDA,Đại học Mỏ - Địa chất,7340101,Quản trị Kinh doanh,D07,2025,23.0,,THPT
MDA,Trường Đại Học Mỏ Địa Chất,7340101,Quản trị kinh doanh,D09,2025,23.0,,THPT
MDA,Đại học Mỏ - Địa chất,7340101,Quản trị Kinh doanh,D09,2025,23.0,,THPT
MDA,Trường Đại Học Mỏ Địa Chất,7340101,Quản trị kinh doanh,D10,2025,23.0,,THPT
MDA,Đại học Mỏ - Địa chất,7340101,Quản trị Kinh doanh,D10,2025,23.0,,THPT
MDA,Đại học Mỏ - Địa chất,7340201,Tài chính – Ngân hàng,A00,2025,23.0,,THPT
MDA,Trường Đại Học Mỏ Địa Chất,7340201,Tài chính - Ngân hàng,A00,2025,23.0,,THPT
MDA,Trường Đại Học Mỏ Địa Chất,7340201,Tài chính - Ngân hàng,A01,2025,23.0,,THPT
MDA,Đại học Mỏ - Địa chất,7340201,Tài chính – Ngân hàng,A01,2025,23.0,,THPT
MDA,Trường Đại Học Mỏ Địa Chất,7340201,Tài chính - Ngân hàng,D01,2025,23.0,,THPT
MDA,Đại học Mỏ - Địa chất,7340201,Tài chính – Ngân hàng,D01,2025,23.0,,THPT
MDA,Trường Đại Học Mỏ Địa Chất,7340201,Tài chính - Ngân hàng,D07,2025,23.0,,THPT
MDA,Đại học Mỏ - Địa chất,7340201,Tài chính – Ngân hàng,D07,2025,23.0,,THPT
MDA,Trường Đại Học Mỏ Địa Chất,7340201,Tài chính - Ngân hàng,D09,2025,23.0,,THPT
MDA,Đại học Mỏ - Địa chất,7340201,Tài chính – Ngân hàng,D09,2025,23.0,,THPT
MDA,Trường Đại Học Mỏ Địa Chất,7340201,Tài chính - Ngân hàng,D10,2025,23.0,,THPT
MDA,Đại học Mỏ - Địa chất,7340201,Tài chính – Ngân hàng,D10,2025,23.0,,THPT
MDA,Đại học Mỏ - Địa chất,7340301,Kế toán,A00,2025,22.75,,THPT
MDA,Trường Đại Học Mỏ Địa Chất,7340301,Kế toán,A00,2025,22.75,,THPT
MDA,Trường Đại Học Mỏ Địa Chất,7340301,Kế toán,A01,2025,22.75,,THPT
MDA,Đại học Mỏ - Địa chất,7340301,Kế toán,A01,2025,22.75,,THPT
MDA,Trường Đại Học Mỏ Địa Chất,7340301,Kế toán,D01,2025,22.75,,THPT
MDA,Đại học Mỏ - Địa chất,7340301,Kế toán,D01,2025,22.75,,THPT
MDA,Trường Đại Học Mỏ Địa Chất,7340301,Kế toán,D07,2025,22.75,,THPT
MDA,Đại học Mỏ - Địa chất,7340301,Kế toán,D07,2025,22.75,,THPT
MDA,Trường Đại Học Mỏ Địa Chất,7340301,Kế toán,D09,2025,22.75,,THPT
MDA,Đại học Mỏ - Địa chất,7340301,Kế toán,D09,2025,22.75,,THPT
MDA,Trường Đại Học Mỏ Địa Chất,7340301,Kế toán,D10,2025,22.75,,THPT
MDA,Đại học Mỏ - Địa chất,7340301,Kế toán,D10,2025,22.75,,THPT
MDA,Đại học Mỏ - Địa chất,7440201,Địa chất học,A00,2025,15.5,,THPT
MDA,Trường Đại Học Mỏ Địa Chất,7440201,Địa chất học,A00,2025,15.5,,THPT
MDA,Trường Đại Học Mỏ Địa Chất,7440201,Địa chất học,D01,2025,15.5,,THPT
MDA,Đại học Mỏ - Địa chất,7440201,Địa chất học,D01,2025,15.5,,THPT
MDA,Trường Đại Học Mỏ Địa Chất,7440201,Địa chất học,D07,2025,15.5,,THPT
MDA,Đại học Mỏ - Địa chất,7440201,Địa chất học,D07,2025,15.5,,THPT
MDA,Trường Đại Học Mỏ Địa Chất,7440201,Địa chất học,D10,2025,15.5,,THPT
MDA,Đại học Mỏ - Địa chất,7440201,Địa chất học,D10,2025,15.5,,THPT
MDA,Đại học Mỏ - Địa chất,7440229,Quản lý và phân tích dữ liệu khoa học trái đất,A00,2025,16.0,,THPT
MDA,Trường Đại Học Mỏ Địa Chất,7440229,Quản lý và phân tích dữ liệu khoa học,A00,2025,16.0,,THPT
MDA,Trường Đại Học Mỏ Địa Chất,7440229,Quản lý và phân tích dữ liệu khoa học,A01,2025,16.0,,THPT
MDA,Đại học Mỏ - Địa chất,7440229,Quản lý và phân tích dữ liệu khoa học trái đất,A01,2025,16.0,,THPT
MDA,Trường Đại Học Mỏ Địa Chất,7440229,Quản lý và phân tích dữ liệu khoa học,B00,2025,16.0,,THPT
MDA,Đại học Mỏ - Địa chất,7440229,Quản lý và phân tích dữ liệu khoa học trái đất,B00,2025,16.0,,THPT
MDA,Trường Đại Học Mỏ Địa Chất,7440229,Quản lý và phân tích dữ liệu khoa học,D07,2025,16.0,,THPT
MDA,Đại học Mỏ - Địa chất,7440229,Quản lý và phân tích dữ liệu khoa học trái đất,D07,2025,16.0,,THPT
MDA,Đại học Mỏ - Địa chất,7460108,Khoa học dữ liệu (Data Science),A00,2025,20.0,,THPT
MDA,Trường Đại Học Mỏ Địa Chất,7460108,Khoa học dữ liệu,A00,2025,20.0,,THPT
MDA,Trường Đại Học Mỏ Địa Chất,7460108,Khoa học dữ liệu,A01,2025,20.0,,THPT
MDA,Đại học Mỏ - Địa chất,7460108,Khoa học dữ liệu (Data Science),A01,2025,20.0,,THPT
MDA,Trường Đại Học Mỏ Địa Chất,7460108,Khoa học dữ liệu,D01,2025,20.0,,THPT
MDA,Đại học Mỏ - Địa chất,7460108,Khoa học dữ liệu (Data Science),D01,2025,20.0,,THPT
MDA,Trường Đại Học Mỏ Địa Chất,7460108,Khoa học dữ liệu,D07,2025,20.0,,THPT
MDA,Đại học Mỏ - Địa chất,7460108,Khoa học dữ liệu (Data Science),D07,2025,20.0,,THPT
MDA,Đại học Mỏ - Địa chất,7480201,Công nghệ thông tin,A00,2025,21.5,,THPT
MDA,Trường Đại Học Mỏ Địa Chất,7480201,Công nghệ thông tin,A00,2025,21.5,,THPT
MDA,Trường Đại Học Mỏ Địa Chất,7480201,Công nghệ thông tin,A01,2025,21.5,,THPT
MDA,Đại học Mỏ - Địa chất,7480201,Công nghệ thông tin,A01,2025,21.5,,THPT
MDA,Trường Đại Học Mỏ Địa Chất,7480201,Công nghệ thông tin,D01,2025,21.5,,THPT
MDA,Đại học Mỏ - Địa chất,7480201,Công nghệ thông tin,D01,2025,21.5,,THPT
MDA,Trường Đại Học Mỏ Địa Chất,7480201,Công nghệ thông tin,D07,2025,21.5,,THPT
MDA,Đại học Mỏ - Địa chất,7480201,Công nghệ thông tin,D07,2025,21.5,,THPT
MDA,Đại học Mỏ - Địa chất,7480206,Địa tin học,A00,2025,16.0,,THPT
MDA,Trường Đại Học Mỏ Địa Chất,7480206,Địa tin học,A00,2025,16.0,,THPT
MDA,Trường Đại Học Mỏ Địa Chất,7480206,Địa tin học,A01,2025,16.0,,THPT
MDA,Đại học Mỏ - Địa chất,7480206,Địa tin học,A01,2025,16.0,,THPT
MDA,Trường Đại Học Mỏ Địa Chất,7480206,Địa tin học,D01,2025,16.0,,THPT
MDA,Đại học Mỏ - Địa chất,7480206,Địa tin học,D01,2025,16.0,,THPT
MDA,Trường Đại Học Mỏ Địa Chất,7480206,Địa tin học,D10,2025,16.0,,THPT
MDA,Đại học Mỏ - Địa chất,7480206,Địa tin học,D10,2025,16.0,,THPT
MDA,Đại học Mỏ - Địa chất,7510301,"Công nghệ kỹ thuật điện, điện tử",A00,2025,24.0,,THPT
MDA,Trường Đại Học Mỏ Địa Chất,7510301,"Công nghệ kỹ thuật điện, điện tử",A00,2025,24.0,,THPT
MDA,Trường Đại Học Mỏ Địa Chất,7510301,"Công nghệ kỹ thuật điện, điện tử",A01,2025,24.0,,THPT
MDA,Đại học Mỏ - Địa chất,7510301,"Công nghệ kỹ thuật điện, điện tử",A01,2025,24.0,,THPT
MDA,Trường Đại Học Mỏ Địa Chất,7510301,"Công nghệ kỹ thuật điện, điện tử",D01,2025,24.0,,THPT
MDA,Đại học Mỏ - Địa chất,7510301,"Công nghệ kỹ thuật điện, điện tử",D01,2025,24.0,,THPT
MDA,Đại học Mỏ - Địa chất,7510401,Công nghệ kỹ thuật hoá học,A00,2025,19.0,,THPT
MDA,Trường Đại Học Mỏ Địa Chất,7510401,Công nghệ kỹ thuật hóa học,A00,2025,19.0,,THPT
MDA,Trường Đại Học Mỏ Địa Chất,7510401,Công nghệ kỹ thuật hóa học,A01,2025,19.0,,THPT
MDA,Đại học Mỏ - Địa chất,7510401,Công nghệ kỹ thuật hoá học,A01,2025,19.0,,THPT
MDA,Trường Đại Học Mỏ Địa Chất,7510401,Công nghệ kỹ thuật hóa học,B00,2025,19.0,,THPT
MDA,Đại học Mỏ - Địa chất,7510401,Công nghệ kỹ thuật hoá học,B00,2025,19.0,,THPT
MDA,Trường Đại Học Mỏ Địa Chất,7510401,Công nghệ kỹ thuật hóa học,D07,2025,19.0,,THPT
MDA,Đại học Mỏ - Địa chất,7510401,Công nghệ kỹ thuật hoá học,D07,2025,19.0,,THPT
MDA,Đại học Mỏ - Địa chất,7510601,Quản lý công nghiệp,A00,2025,20.5,,THPT
MDA,Trường Đại Học Mỏ Địa Chất,7510601,Quản lý công nghiệp,A00,2025,20.5,,THPT
MDA,Trường Đại Học Mỏ Địa Chất,7510601,Quản lý công nghiệp,A01,2025,20.5,,THPT
MDA,Đại học Mỏ - Địa chất,7510601,Quản lý công nghiệp,A01,2025,20.5,,THPT
MDA,Trường Đại Học Mỏ Địa Chất,7510601,Quản lý công nghiệp,D01,2025,20.5,,THPT
MDA,Đại học Mỏ - Địa chất,7510601,Quản lý công nghiệp,D01,2025,20.5,,THPT
MDA,Trường Đại Học Mỏ Địa Chất,7510601,Quản lý công nghiệp,D07,2025,20.5,,THPT
MDA,Đại học Mỏ - Địa chất,7510601,Quản lý công nghiệp,D07,2025,20.5,,THPT
MDA,Trường Đại Học Mỏ Địa Chất,7510601,Quản lý công nghiệp,D09,2025,20.5,,THPT
MDA,Đại học Mỏ - Địa chất,7510601,Quản lý công nghiệp,D09,2025,20.5,,THPT
MDA,Trường Đại Học Mỏ Địa Chất,7510601,Quản lý công nghiệp,D10,2025,20.5,,THPT
MDA,Đại học Mỏ - Địa chất,7510601,Quản lý công nghiệp,D10,2025,20.5,,THPT
MDA,Đại học Mỏ - Địa chất,7520103,Kỹ thuật cơ khí,A00,2025,22.5,,THPT
MDA,Trường Đại Học Mỏ Địa Chất,7520103,Kỹ thuật cơ khí,A00,2025,22.5,,THPT
MDA,Trường Đại Học Mỏ Địa Chất,7520103,Kỹ thuật cơ khí,A01,2025,22.5,,THPT
MDA,Đại học Mỏ - Địa chất,7520103,Kỹ thuật cơ khí,A01,2025,22.5,,THPT
MDA,Trường Đại Học Mỏ Địa Chất,7520103,Kỹ thuật cơ khí,D01,2025,22.5,,THPT
MDA,Đại học Mỏ - Địa chất,7520103,Kỹ thuật cơ khí,D01,2025,22.5,,THPT
MDA,Đại học Mỏ - Địa chất,7520107,Kỹ thuật Robot,A00,2025,21.0,,THPT
MDA,Trường Đại Học Mỏ Địa Chất,7520107,Kỹ thuật Robot,A00,2025,21.0,,THPT
MDA,Trường Đại Học Mỏ Địa Chất,7520107,Kỹ thuật Robot,A01,2025,21.0,,THPT
MDA,Đại học Mỏ - Địa chất,7520107,Kỹ thuật Robot,A01,2025,21.0,,THPT
MDA,Trường Đại Học Mỏ Địa Chất,7520107,Kỹ thuật Robot,D01,2025,21.0,,THPT
MDA,Đại học Mỏ - Địa chất,7520107,Kỹ thuật Robot,D01,2025,21.0,,THPT
MDA,Đại học Mỏ - Địa chất,7520114,Kỹ thuật cơ điện tử,A00,2025,23.5,,THPT
MDA,Trường Đại Học Mỏ Địa Chất,7520114,Kỹ thuật cơ điện tử,A00,2025,23.5,,THPT
MDA,Trường Đại Học Mỏ Địa Chất,7520114,Kỹ thuật cơ điện tử,A01,2025,23.5,,THPT
MDA,Đại học Mỏ - Địa chất,7520114,Kỹ thuật cơ điện tử,A01,2025,23.5,,THPT
MDA,Trường Đại Học Mỏ Địa Chất,7520114,Kỹ thuật cơ điện tử,D01,2025,23.5,,THPT
MDA,Đại học Mỏ - Địa chất,7520114,Kỹ thuật cơ điện tử,D01,2025,23.5,,THPT
MDA,Đại học Mỏ - Địa chất,7520116,Kỹ thuật cơ khí động lực,A00,2025,19.0,,THPT
MDA,Trường Đại Học Mỏ Địa Chất,7520116,Kỹ thuật cơ khí động lực,A00,2025,19.0,,THPT
MDA,Trường Đại Học Mỏ Địa Chất,7520116,Kỹ thuật cơ khí động lực,A01,2025,19.0,,THPT
MDA,Đại học Mỏ - Địa chất,7520116,Kỹ thuật cơ khí động lực,A01,2025,19.0,,THPT
MDA,Trường Đại Học Mỏ Địa Chất,7520116,Kỹ thuật cơ khí động lực,D01,2025,19.0,,THPT
MDA,Đại học Mỏ - Địa chất,7520116,Kỹ thuật cơ khí động lực,D01,2025,19.0,,THPT
MDA,Đại học Mỏ - Địa chất,7520121,Kỹ thuật không gian,A01,2025,15.0,,THPT
MDA,Trường Đại Học Mỏ Địa Chất,7520121,Kỹ thuật không gian,A01,2025,15.0,,THPT
MDA,Trường Đại Học Mỏ Địa Chất,7520121,Kỹ thuật không gian,D01,2025,15.0,,THPT
MDA,Đại học Mỏ - Địa chất,7520121,Kỹ thuật không gian,D01,2025,15.0,,THPT
MDA,Trường Đại Học Mỏ Địa Chất,7520121,Kỹ thuật không gian,D10,2025,15.0,,THPT
MDA,Đại học Mỏ - Địa chất,7520121,Kỹ thuật không gian,D10,2025,15.0,,THPT
MDA,Đại học Mỏ - Địa chất,7520130,Kỹ thuật ô tô,A00,2025,23.0,,THPT
MDA,Trường Đại Học Mỏ Địa Chất,7520130,Kỹ thuật ô tô,A00,2025,23.0,,THPT
MDA,Trường Đại Học Mỏ Địa Chất,7520130,Kỹ thuật ô tô,A01,2025,23.0,,THPT
MDA,Đại học Mỏ - Địa chất,7520130,Kỹ thuật ô tô,A01,2025,23.0,,THPT
MDA,Trường Đại Học Mỏ Địa Chất,7520130,Kỹ thuật ô tô,D01,2025,23.0,,THPT
MDA,Đại học Mỏ - Địa chất,7520130,Kỹ thuật ô tô,D01,2025,23.0,,THPT
MDA,Đại học Mỏ - Địa chất,7520201,Kỹ thuật điện,A00,2025,21.5,,THPT
MDA,Trường Đại Học Mỏ Địa Chất,7520201,Kỹ thuật điện,A00,2025,21.5,,THPT
MDA,Trường Đại Học Mỏ Địa Chất,7520201,Kỹ thuật điện,A01,2025,21.5,,THPT
MDA,Đại học Mỏ - Địa chất,7520201,Kỹ thuật điện,A01,2025,21.5,,THPT
MDA,Trường Đại Học Mỏ Địa Chất,7520201,Kỹ thuật điện,D01,2025,21.5,,THPT
MDA,Đại học Mỏ - Địa chất,7520201,Kỹ thuật điện,D01,2025,21.5,,THPT
MDA,Đại học Mỏ - Địa chất,7520216,Ngành Kỹ thuật điều khiển & Tự động hóa,A00,2025,25.25,,THPT
MDA,Trường Đại Học Mỏ Địa Chất,7520216,Kỹ thuật điều khiển và tự động hoá,A00,2025,25.25,,THPT
MDA,Trường Đại Học Mỏ Địa Chất,7520216,Kỹ thuật điều khiển và tự động hoá,A01,2025,25.25,,THPT
MDA,Đại học Mỏ - Địa chất,7520216,Ngành Kỹ thuật điều khiển & Tự động hóa,A01,2025,25.25,,THPT
MDA,Trường Đại Học Mỏ Địa Chất,7520216,Kỹ thuật điều khiển và tự động hoá,D01,2025,25.25,,THPT
MDA,Đại học Mỏ - Địa chất,7520216,Ngành Kỹ thuật điều khiển & Tự động hóa,D01,2025,25.25,,THPT
MDA,Đại học Mỏ - Địa chất,7520301,Kỹ thuật hóa học,A00,2025,19.0,,THPT
MDA,Trường Đại Học Mỏ Địa Chất,7520301,Kỹ thuật hoá học,A00,2025,19.0,,THPT
MDA,Trường Đại Học Mỏ Địa Chất,7520301,Kỹ thuật hoá học,A01,2025,19.0,,THPT
MDA,Đại học Mỏ - Địa chất,7520301,Kỹ thuật hóa học,A01,2025,19.0,,THPT
MDA,Trường Đại Học Mỏ Địa Chất,7520301,Kỹ thuật hoá học,B00,2025,19.0,,THPT
MDA,Đại học Mỏ - Địa chất,7520301,Kỹ thuật hóa học,B00,2025,19.0,,THPT
MDA,Trường Đại Học Mỏ Địa Chất,7520301,Kỹ thuật hoá học,D07,2025,19.0,,THPT
MDA,Đại học Mỏ - Địa chất,7520301,Kỹ thuật hóa học,D07,2025,19.0,,THPT
MDA,Đại học Mỏ - Địa chất,7520309,Kỹ thuật vật liệu,A00,2025,16.0,,THPT
MDA,Trường Đại Học Mỏ Địa Chất,7520309,Kỹ thuật vật liệu,A00,2025,16.0,,THPT
MDA,Trường Đại Học Mỏ Địa Chất,7520309,Kỹ thuật vật liệu,A01,2025,16.0,,THPT
MDA,Đại học Mỏ - Địa chất,7520309,Kỹ thuật vật liệu,A01,2025,16.0,,THPT
MDA,Trường Đại Học Mỏ Địa Chất,7520309,Kỹ thuật vật liệu,D01,2025,16.0,,THPT
MDA,Đại học Mỏ - Địa chất,7520309,Kỹ thuật vật liệu,D01,2025,16.0,,THPT
MDA,Đại học Mỏ - Địa chất,7520320,Ngành Kỹ thuật môi trường,A00,2025,15.5,,THPT
MDA,Trường Đại Học Mỏ Địa Chất,7520320,Kỹ thuật môi trường,A00,2025,15.5,,THPT
MDA,Trường Đại Học Mỏ Địa Chất,7520320,Kỹ thuật môi trường,A01,2025,15.5,,THPT
MDA,Đại học Mỏ - Địa chất,7520320,Ngành Kỹ thuật môi trường,A01,2025,15.5,,THPT
MDA,Trường Đại Học Mỏ Địa Chất,7520320,Kỹ thuật môi trường,B00,2025,15.5,,THPT
MDA,Đại học Mỏ - Địa chất,7520320,Ngành Kỹ thuật môi trường,B00,2025,15.5,,THPT
MDA,Trường Đại Học Mỏ Địa Chất,7520320,Kỹ thuật môi trường,D01,2025,15.5,,THPT
MDA,Đại học Mỏ - Địa chất,7520320,Ngành Kỹ thuật môi trường,D01,2025,15.5,,THPT
MDA,Đại học Mỏ - Địa chất,7520501,Kỹ thuật địa chất,A00,2025,15.0,,THPT
MDA,Trường Đại Học Mỏ Địa Chất,7520501,Kỹ thuật địa chất,A00,2025,15.0,,THPT
MDA,Trường Đại Học Mỏ Địa Chất,7520501,Kỹ thuật địa chất,A01,2025,15.0,,THPT
MDA,Đại học Mỏ - Địa chất,7520501,Kỹ thuật địa chất,A01,2025,15.0,,THPT
MDA,Trường Đại Học Mỏ Địa Chất,7520501,Kỹ thuật địa chất,D01,2025,15.0,,THPT
MDA,Đại học Mỏ - Địa chất,7520501,Kỹ thuật địa chất,D01,2025,15.0,,THPT
MDA,Trường Đại Học Mỏ Địa Chất,7520501,Kỹ thuật địa chất,D07,2025,15.0,,THPT
MDA,Đại học Mỏ - Địa chất,7520501,Kỹ thuật địa chất,D07,2025,15.0,,THPT
MDA,Trường Đại Học Mỏ Địa Chất,7520501,Kỹ thuật địa chất,D10,2025,15.0,,THPT
MDA,Đại học Mỏ - Địa chất,7520501,Kỹ thuật địa chất,D10,2025,15.0,,THPT
MDA,Đại học Mỏ - Địa chất,7520502,Kỹ thuật địa vật lý,A00,2025,15.0,,THPT
MDA,Trường Đại Học Mỏ Địa Chất,7520502,Kỹ thuật địa vật lý,A00,2025,15.0,,THPT
MDA,Trường Đại Học Mỏ Địa Chất,7520502,Kỹ thuật địa vật lý,A01,2025,15.0,,THPT
MDA,Đại học Mỏ - Địa chất,7520502,Kỹ thuật địa vật lý,A01,2025,15.0,,THPT
MDA,Trường Đại Học Mỏ Địa Chất,7520502,Kỹ thuật địa vật lý,B00,2025,15.0,,THPT
MDA,Đại học Mỏ - Địa chất,7520502,Kỹ thuật địa vật lý,B00,2025,15.0,,THPT
MDA,Trường Đại Học Mỏ Địa Chất,7520502,Kỹ thuật địa vật lý,D07,2025,15.0,,THPT
MDA,Đại học Mỏ - Địa chất,7520502,Kỹ thuật địa vật lý,D07,2025,15.0,,THPT
MDA,Đại học Mỏ - Địa chất,7520503,Kỹ thuật trắc địa – bản đồ,A00,2025,15.25,,THPT
MDA,Trường Đại Học Mỏ Địa Chất,7520503,Kỹ thuật trắc địa - bản đồ,A00,2025,15.25,,THPT
MDA,Trường Đại Học Mỏ Địa Chất,7520503,Kỹ thuật trắc địa - bản đồ,A01,2025,15.25,,THPT
MDA,Đại học Mỏ - Địa chất,7520503,Kỹ thuật trắc địa – bản đồ,A01,2025,15.25,,THPT
MDA,Trường Đại Học Mỏ Địa Chất,7520503,Kỹ thuật trắc địa - bản đồ,D01,2025,15.25,,THPT
MDA,Đại học Mỏ - Địa chất,7520503,Kỹ thuật trắc địa – bản đồ,D01,2025,15.25,,THPT
MDA,Trường Đại Học Mỏ Địa Chất,7520503,Kỹ thuật trắc địa - bản đồ,D10,2025,15.25,,THPT
MDA,Đại học Mỏ - Địa chất,7520503,Kỹ thuật trắc địa – bản đồ,D10,2025,15.25,,THPT
MDA,Đại học Mỏ - Địa chất,7520505,Đá quý Đá mỹ nghệ,A00,2025,15.5,,THPT
MDA,Trường Đại Học Mỏ Địa Chất,7520505,Đá quý Đá mỹ nghệ,A00,2025,15.5,,THPT
MDA,Trường Đại Học Mỏ Địa Chất,7520505,Đá quý Đá mỹ nghệ,D01,2025,15.5,,THPT
MDA,Đại học Mỏ - Địa chất,7520505,Đá quý Đá mỹ nghệ,D01,2025,15.5,,THPT
MDA,Trường Đại Học Mỏ Địa Chất,7520505,Đá quý Đá mỹ nghệ,D10,2025,15.5,,THPT
MDA,Đại học Mỏ - Địa chất,7520505,Đá quý Đá mỹ nghệ,D10,2025,15.5,,THPT
MDA,Đại học Mỏ - Địa chất,7520601,Kỹ thuật mỏ,A00,2025,17.0,,THPT
MDA,Trường Đại Học Mỏ Địa Chất,7520601,Kỹ thuật mỏ,A00,2025,17.0,,THPT
MDA,Trường Đại Học Mỏ Địa Chất,7520601,Kỹ thuật mỏ,A01,2025,17.0,,THPT
MDA,Đại học Mỏ - Địa chất,7520601,Kỹ thuật mỏ,A01,2025,17.0,,THPT
MDA,Trường Đại Học Mỏ Địa Chất,7520601,Kỹ thuật mỏ,D01,2025,17.0,,THPT
MDA,Đại học Mỏ - Địa chất,7520601,Kỹ thuật mỏ,D01,2025,17.0,,THPT
MDA,Trường Đại Học Mỏ Địa Chất,7520601,Kỹ thuật mỏ,D10,2025,17.0,,THPT
MDA,Đại học Mỏ - Địa chất,7520601,Kỹ thuật mỏ,D10,2025,17.0,,THPT
MDA,Đại học Mỏ - Địa chất,7520604,Kỹ thuật dầu khí,A00,2025,17.0,,THPT
MDA,Trường Đại Học Mỏ Địa Chất,7520604,Kỹ thuật dầu khí,A00,2025,17.0,,THPT
MDA,Trường Đại Học Mỏ Địa Chất,7520604,Kỹ thuật dầu khí,A01,2025,17.0,,THPT
MDA,Đại học Mỏ - Địa chất,7520604,Kỹ thuật dầu khí,A01,2025,17.0,,THPT
MDA,Trường Đại Học Mỏ Địa Chất,7520604,Kỹ thuật dầu khí,B00,2025,17.0,,THPT
MDA,Đại học Mỏ - Địa chất,7520604,Kỹ thuật dầu khí,B00,2025,17.0,,THPT
MDA,Trường Đại Học Mỏ Địa Chất,7520604,Kỹ thuật dầu khí,D01,2025,17.0,,THPT
MDA,Đại học Mỏ - Địa chất,7520604,Kỹ thuật dầu khí,D01,2025,17.0,,THPT
MDA,Trường Đại Học Mỏ Địa Chất,7520604,Kỹ thuật dầu khí,D07,2025,17.0,,THPT
MDA,Đại học Mỏ - Địa chất,7520604,Kỹ thuật dầu khí,D07,2025,17.0,,THPT
MDA,Đại học Mỏ - Địa chất,7520605,Kỹ thuật khí thiên nhiên,A00,2025,16.0,,THPT
MDA,Trường Đại Học Mỏ Địa Chất,7520605,Kỹ thuật khí thiên nhiên,A00,2025,16.0,,THPT
MDA,Trường Đại Học Mỏ Địa Chất,7520605,Kỹ thuật khí thiên nhiên,A01,2025,16.0,,THPT
MDA,Đại học Mỏ - Địa chất,7520605,Kỹ thuật khí thiên nhiên,A01,2025,16.0,,THPT
MDA,Trường Đại Học Mỏ Địa Chất,7520605,Kỹ thuật khí thiên nhiên,B00,2025,16.0,,THPT
MDA,Đại học Mỏ - Địa chất,7520605,Kỹ thuật khí thiên nhiên,B00,2025,16.0,,THPT
MDA,Trường Đại Học Mỏ Địa Chất,7520605,Kỹ thuật khí thiên nhiên,D01,2025,16.0,,THPT
MDA,Đại học Mỏ - Địa chất,7520605,Kỹ thuật khí thiên nhiên,D01,2025,16.0,,THPT
MDA,Trường Đại Học Mỏ Địa Chất,7520605,Kỹ thuật khí thiên nhiên,D07,2025,16.0,,THPT
MDA,Đại học Mỏ - Địa chất,7520605,Kỹ thuật khí thiên nhiên,D07,2025,16.0,,THPT
MDA,Đại học Mỏ - Địa chất,7520606,Công nghệ số trong thăm dò và khai thác tài nguyên thiên nhiên,A00,2025,16.0,,THPT
MDA,Trường Đại Học Mỏ Địa Chất,7520606,Công nghệ số trong thăm dò và khai thác tài nguyên thiên nhiên,A00,2025,16.0,,THPT
MDA,Trường Đại Học Mỏ Địa Chất,7520606,Công nghệ số trong thăm dò và khai thác tài nguyên thiên nhiên,A01,2025,16.0,,THPT
MDA,Đại học Mỏ - Địa chất,7520606,Công nghệ số trong thăm dò và khai thác tài nguyên thiên nhiên,A01,2025,16.0,,THPT
MDA,Trường Đại Học Mỏ Địa Chất,7520606,Công nghệ số trong thăm dò và khai thác tài nguyên thiên nhiên,B00,2025,16.0,,THPT
MDA,Đại học Mỏ - Địa chất,7520606,Công nghệ số trong thăm dò và khai thác tài nguyên thiên nhiên,B00,2025,16.0,,THPT
MDA,Trường Đại Học Mỏ Địa Chất,7520606,Công nghệ số trong thăm dò và khai thác tài nguyên thiên nhiên,D07,2025,16.0,,THPT
MDA,Đại học Mỏ - Địa chất,7520606,Công nghệ số trong thăm dò và khai thác tài nguyên thiên nhiên,D07,2025,16.0,,THPT
MDA,Đại học Mỏ - Địa chất,7520607,Kỹ thuật tuyển khoáng,A00,2025,17.0,,THPT
MDA,Trường Đại Học Mỏ Địa Chất,7520607,Kỹ thuật tuyển khoáng,A00,2025,17.0,,THPT
MDA,Trường Đại Học Mỏ Địa Chất,7520607,Kỹ thuật tuyển khoáng,A01,2025,17.0,,THPT
MDA,Đại học Mỏ - Địa chất,7520607,Kỹ thuật tuyển khoáng,A01,2025,17.0,,THPT
MDA,Trường Đại Học Mỏ Địa Chất,7520607,Kỹ thuật tuyển khoáng,D01,2025,17.0,,THPT
MDA,Đại học Mỏ - Địa chất,7520607,Kỹ thuật tuyển khoáng,D01,2025,17.0,,THPT
MDA,Trường Đại Học Mỏ Địa Chất,7520607,Kỹ thuật tuyển khoáng,D10,2025,17.0,,THPT
MDA,Đại học Mỏ - Địa chất,7520607,Kỹ thuật tuyển khoáng,D10,2025,17.0,,THPT
MDA,Đại học Mỏ - Địa chất,7580106,Quản lý đô thị và công trình,A00,2025,15.0,,THPT
MDA,Trường Đại Học Mỏ Địa Chất,7580106,Quản lý đô thị và công trình,A00,2025,15.0,,THPT
MDA,Trường Đại Học Mỏ Địa Chất,7580106,Quản lý đô thị và công trình,D01,2025,15.0,,THPT
MDA,Đại học Mỏ - Địa chất,7580106,Quản lý đô thị và công trình,D01,2025,15.0,,THPT
MDA,Trường Đại Học Mỏ Địa Chất,7580106,Quản lý đô thị và công trình,D07,2025,15.0,,THPT
MDA,Đại học Mỏ - Địa chất,7580106,Quản lý đô thị và công trình,D07,2025,15.0,,THPT
MDA,Trường Đại Học Mỏ Địa Chất,7580106,Quản lý đô thị và công trình,D10,2025,15.0,,THPT
MDA,Đại học Mỏ - Địa chất,7580106,Quản lý đô thị và công trình,D10,2025,15.0,,THPT
MDA,Đại học Mỏ - Địa chất,7580109,Quản lý phát triển đô thị và bất động sản,A00,2025,20.0,,THPT
MDA,Trường Đại Học Mỏ Địa Chất,7580109,Quản lý phát triển đô thị và bất động sản,A00,2025,20.0,,THPT
MDA,Trường Đại Học Mỏ Địa Chất,7580109,Quản lý phát triển đô thị và bất động sản,A01,2025,20.0,,THPT
MDA,Đại học Mỏ - Địa chất,7580109,Quản lý phát triển đô thị và bất động sản,A01,2025,20.0,,THPT
MDA,Trường Đại Học Mỏ Địa Chất,7580109,Quản lý phát triển đô thị và bất động sản,D01,2025,20.0,,THPT
MDA,Đại học Mỏ - Địa chất,7580109,Quản lý phát triển đô thị và bất động sản,D01,2025,20.0,,THPT
MDA,Trường Đại Học Mỏ Địa Chất,7580109,Quản lý phát triển đô thị và bất động sản,D10,2025,20.0,,THPT
MDA,Đại học Mỏ - Địa chất,7580109,Quản lý phát triển đô thị và bất động sản,D10,2025,20.0,,THPT
MDA,Đại học Mỏ - Địa chất,7580201,Kỹ thuật xây dựng,A00,2025,19.5,,THPT
MDA,Trường Đại Học Mỏ Địa Chất,7580201,Kỹ thuật xây dựng,A00,2025,19.5,,THPT
MDA,Trường Đại Học Mỏ Địa Chất,7580201,Kỹ thuật xây dựng,A01,2025,19.5,,THPT
MDA,Đại học Mỏ - Địa chất,7580201,Kỹ thuật xây dựng,A01,2025,19.5,,THPT
MDA,Trường Đại Học Mỏ Địa Chất,7580201,Kỹ thuật xây dựng,D01,2025,19.5,,THPT
MDA,Đại học Mỏ - Địa chất,7580201,Kỹ thuật xây dựng,D01,2025,19.5,,THPT
MDA,Đại học Mỏ - Địa chất,7580204,Xây dựng công trình ngầm thành phố và Hệ thống tàu điện ngầm,A00,2025,16.0,,THPT
MDA,Trường Đại Học Mỏ Địa Chất,7580204,Xây dựng công trình ngầm thành phố và Hệ thống tàu điện ngầm,A00,2025,16.0,,THPT
MDA,Trường Đại Học Mỏ Địa Chất,7580204,Xây dựng công trình ngầm thành phố và Hệ thống tàu điện ngầm,A01,2025,16.0,,THPT
MDA,Đại học Mỏ - Địa chất,7580204,Xây dựng công trình ngầm thành phố và Hệ thống tàu điện ngầm,A01,2025,16.0,,THPT
MDA,Trường Đại Học Mỏ Địa Chất,7580204,Xây dựng công trình ngầm thành phố và Hệ thống tàu điện ngầm,D01,2025,16.0,,THPT
MDA,Đại học Mỏ - Địa chất,7580204,Xây dựng công trình ngầm thành phố và Hệ thống tàu điện ngầm,D01,2025,16.0,,THPT
MDA,Đại học Mỏ - Địa chất,7580205,Kỹ thuật xây dựng công trình giao thông,A00,2025,18.5,,THPT
MDA,Trường Đại Học Mỏ Địa Chất,7580205,Kỹ thuật xây dựng công trình giao thông,A00,2025,18.5,,THPT
MDA,Trường Đại Học Mỏ Địa Chất,7580205,Kỹ thuật xây dựng công trình giao thông,A01,2025,18.5,,THPT
MDA,Đại học Mỏ - Địa chất,7580205,Kỹ thuật xây dựng công trình giao thông,A01,2025,18.5,,THPT
MDA,Trường Đại Học Mỏ Địa Chất,7580205,Kỹ thuật xây dựng công trình giao thông,D01,2025,18.5,,THPT
MDA,Đại học Mỏ - Địa chất,7580205,Kỹ thuật xây dựng công trình giao thông,D01,2025,18.5,,THPT
MDA,Đại học Mỏ - Địa chất,7580211,Kỹ thuật cơ sở hạ tầng,A00,2025,15.0,,THPT
MDA,Trường Đại Học Mỏ Địa Chất,7580211,Địa kỹ thuật xây dựng,A00,2025,15.0,,THPT
MDA,Trường Đại Học Mỏ Địa Chất,7580211,Địa kỹ thuật xây dựng,A01,2025,15.0,,THPT
MDA,Đại học Mỏ - Địa chất,7580211,Kỹ thuật cơ sở hạ tầng,A01,2025,15.0,,THPT
MDA,Trường Đại Học Mỏ Địa Chất,7580211,Địa kỹ thuật xây dựng,D01,2025,15.0,,THPT
MDA,Đại học Mỏ - Địa chất,7580211,Kỹ thuật cơ sở hạ tầng,D01,2025,15.0,,THPT
MDA,Trường Đại Học Mỏ Địa Chất,7580211,Địa kỹ thuật xây dựng,D07,2025,15.0,,THPT
MDA,Đại học Mỏ - Địa chất,7580211,Kỹ thuật cơ sở hạ tầng,D07,2025,15.0,,THPT
MDA,Trường Đại Học Mỏ Địa Chất,7580211,Địa kỹ thuật xây dựng,D10,2025,15.0,,THPT
MDA,Đại học Mỏ - Địa chất,7580211,Kỹ thuật cơ sở hạ tầng,D10,2025,15.0,,THPT
MDA,Đại học Mỏ - Địa chất,7580212,Kỹ thuật tài nguyên nước,A00,2025,15.0,,THPT
MDA,Trường Đại Học Mỏ Địa Chất,7580212,Kỹ thuật tài nguyên nước,A00,2025,15.0,,THPT
MDA,Trường Đại Học Mỏ Địa Chất,7580212,Kỹ thuật tài nguyên nước,A01,2025,15.0,,THPT
MDA,Đại học Mỏ - Địa chất,7580212,Kỹ thuật tài nguyên nước,A01,2025,15.0,,THPT
MDA,Trường Đại Học Mỏ Địa Chất,7580212,Kỹ thuật tài nguyên nước,D01,2025,15.0,,THPT
MDA,Đại học Mỏ - Địa chất,7580212,Kỹ thuật tài nguyên nước,D01,2025,15.0,,THPT
MDA,Trường Đại Học Mỏ Địa Chất,7580212,Kỹ thuật tài nguyên nước,D07,2025,15.0,,THPT
MDA,Đại học Mỏ - Địa chất,7580212,Kỹ thuật tài nguyên nước,D07,2025,15.0,,THPT
MDA,Đại học Mỏ - Địa chất,7580302,Quản lý xây dựng,A00,2025,21.0,,THPT
MDA,Trường Đại Học Mỏ Địa Chất,7580302,Quản lý xây dựng,A00,2025,21.0,,THPT
MDA,Trường Đại Học Mỏ Địa Chất,7580302,Quản lý xây dựng,A01,2025,21.0,,THPT
MDA,Đại học Mỏ - Địa chất,7580302,Quản lý xây dựng,A01,2025,21.0,,THPT
MDA,Trường Đại Học Mỏ Địa Chất,7580302,Quản lý xây dựng,D01,2025,21.0,,THPT
MDA,Đại học Mỏ - Địa chất,7580302,Quản lý xây dựng,D01,2025,21.0,,THPT
MDA,Đại học Mỏ - Địa chất,7720203,Hoá dược,A00,2025,19.0,,THPT
MDA,Trường Đại Học Mỏ Địa Chất,7720203,Hoá dược,A00,2025,19.0,,THPT
MDA,Trường Đại Học Mỏ Địa Chất,7720203,Hoá dược,A01,2025,19.0,,THPT
MDA,Đại học Mỏ - Địa chất,7720203,Hoá dược,A01,2025,19.0,,THPT
MDA,Trường Đại Học Mỏ Địa Chất,7720203,Hoá dược,B00,2025,19.0,,THPT
MDA,Đại học Mỏ - Địa chất,7720203,Hoá dược,B00,2025,19.0,,THPT
MDA,Trường Đại Học Mỏ Địa Chất,7720203,Hoá dược,D01,2025,19.0,,THPT
MDA,Đại học Mỏ - Địa chất,7720203,Hoá dược,D01,2025,19.0,,THPT
MDA,Trường Đại Học Mỏ Địa Chất,7720203,Hoá dược,D07,2025,19.0,,THPT
MDA,Đại học Mỏ - Địa chất,7720203,Hoá dược,D07,2025,19.0,,THPT
MDA,Trường Đại Học Mỏ Địa Chất,7810105,Du lịch địa chất,D01,2025,20.0,,THPT
MDA,Đại học Mỏ - Địa chất,7810105,Du lịch địa chất,D01,2025,20.0,,THPT
MDA,Trường Đại Học Mỏ Địa Chất,7810105,Du lịch địa chất,D07,2025,20.0,,THPT
MDA,Đại học Mỏ - Địa chất,7810105,Du lịch địa chất,D07,2025,20.0,,THPT
MDA,Trường Đại Học Mỏ Địa Chất,7810105,Du lịch địa chất,D10,2025,20.0,,THPT
MDA,Đại học Mỏ - Địa chất,7810105,Du lịch địa chất,D10,2025,20.0,,THPT
MDA,Đại học Mỏ - Địa chất,7850101,Quản lý tài nguyên và môi trường,A00,2025,18.5,,THPT
MDA,Trường Đại Học Mỏ Địa Chất,7850101,Quản lý tài nguyên và môi trường,A00,2025,18.5,,THPT
MDA,Trường Đại Học Mỏ Địa Chất,7850101,Quản lý tài nguyên và môi trường,B00,2025,18.5,,THPT
MDA,Đại học Mỏ - Địa chất,7850101,Quản lý tài nguyên và môi trường,B00,2025,18.5,,THPT
MDA,Trường Đại Học Mỏ Địa Chất,7850101,Quản lý tài nguyên và môi trường,D01,2025,18.5,,THPT
MDA,Đại học Mỏ - Địa chất,7850101,Quản lý tài nguyên và môi trường,D01,2025,18.5,,THPT
MDA,Trường Đại Học Mỏ Địa Chất,7850101,Quản lý tài nguyên và môi trường,D10,2025,18.5,,THPT
MDA,Đại học Mỏ - Địa chất,7850101,Quản lý tài nguyên và môi trường,D10,2025,18.5,,THPT
MDA,Đại học Mỏ - Địa chất,7850103,Quản lý đất đai,A00,2025,18.5,,THPT
MDA,Trường Đại Học Mỏ Địa Chất,7850103,Quản lý đất đai,A00,2025,18.5,,THPT
MDA,Trường Đại Học Mỏ Địa Chất,7850103,Quản lý đất đai,A01,2025,18.5,,THPT
MDA,Đại học Mỏ - Địa chất,7850103,Quản lý đất đai,A01,2025,18.5,,THPT
MDA,Trường Đại Học Mỏ Địa Chất,7850103,Quản lý đất đai,D01,2025,18.5,,THPT
MDA,Đại học Mỏ - Địa chất,7850103,Quản lý đất đai,D01,2025,18.5,,THPT
MDA,Trường Đại Học Mỏ Địa Chất,7850103,Quản lý đất đai,D10,2025,18.5,,THPT
MDA,Đại học Mỏ - Địa chất,7850103,Quản lý đất đai,D10,2025,18.5,,THPT
MDA,Đại học Mỏ - Địa chất,7850196,Quản lý tài nguyên khoáng sản,A00,2025,15.5,,THPT
MDA,Trường Đại Học Mỏ Địa Chất,7850196,Quản lý tài nguyên khoáng sản,A00,2025,15.5,,THPT
MDA,Trường Đại Học Mỏ Địa Chất,7850196,Quản lý tài nguyên khoáng sản,A01,2025,15.5,,THPT
MDA,Đại học Mỏ - Địa chất,7850196,Quản lý tài nguyên khoáng sản,A01,2025,15.5,,THPT
MDA,Trường Đại Học Mỏ Địa Chất,7850196,Quản lý tài nguyên khoáng sản,B00,2025,15.5,,THPT
MDA,Đại học Mỏ - Địa chất,7850196,Quản lý tài nguyên khoáng sản,B00,2025,15.5,,THPT
MDA,Trường Đại Học Mỏ Địa Chất,7850196,Quản lý tài nguyên khoáng sản,D01,2025,15.5,,THPT
MDA,Đại học Mỏ - Địa chất,7850196,Quản lý tài nguyên khoáng sản,D01,2025,15.5,,THPT
MDA,Trường Đại Học Mỏ Địa Chất,7850196,Quản lý tài nguyên khoáng sản,D10,2025,15.5,,THPT
MDA,Đại học Mỏ - Địa chất,7850196,Quản lý tài nguyên khoáng sản,D10,2025,15.5,,THPT
MDA,Đại học Mỏ - Địa chất,7850202,"An toàn, Vệ sinh lao động",A00,2025,17.0,,THPT
MDA,Trường Đại Học Mỏ Địa Chất,7850202,"An toàn, Vệ sinh lao động",A00,2025,17.0,,THPT
MDA,Trường Đại Học Mỏ Địa Chất,7850202,"An toàn, Vệ sinh lao động",A01,2025,17.0,,THPT
MDA,Đại học Mỏ - Địa chất,7850202,"An toàn, Vệ sinh lao động",A01,2025,17.0,,THPT
MDA,Trường Đại Học Mỏ Địa Chất,7850202,"An toàn, Vệ sinh lao động",D01,2025,17.0,,THPT
MDA,Đại học Mỏ - Địa chất,7850202,"An toàn, Vệ sinh lao động",D01,2025,17.0,,THPT
MDA,Trường Đại Học Mỏ Địa Chất,7850202,"An toàn, Vệ sinh lao động",D10,2025,17.0,,THPT
MDA,Đại học Mỏ - Địa chất,7850202,"An toàn, Vệ sinh lao động",D10,2025,17.0,,THPT
MHN,Đại học Mở Hà Nội,7220201,Ngôn ngữ Anh,D01,2025,21.0,,THPT
MHN,Đại học Mở Hà Nội,7220204,Ngôn ngữ Trung Quốc,D01,2025,24.09,,THPT
MHN,Trường Đại Học Mở Hà Nội,7220204,Ngôn ngữ Trung Quốc,D01,2025,24.09,,THPT
MHN,Đại học Mở Hà Nội,7340101,Quản trị Kinh doanh,A00,2025,20.13,,THPT
MHN,Trường Đại Học Mở Hà Nội,7340101,Quản trị kinh doanh,A00,2025,20.136,,THPT
MHN,Trường Đại Học Mở Hà Nội,7340101,Quản trị kinh doanh,A01,2025,20.136,,THPT
MHN,Đại học Mở Hà Nội,7340101,Quản trị Kinh doanh,A01,2025,20.13,,THPT
MHN,Trường Đại Học Mở Hà Nội,7340101,Quản trị kinh doanh,D01,2025,20.136,,THPT
MHN,Đại học Mở Hà Nội,7340101,Quản trị Kinh doanh,D01,2025,20.13,,THPT
MHN,Đại học Mở Hà Nội,7340122,Thương mại điện tử,A00,2025,22.19,,THPT
MHN,Trường Đại Học Mở Hà Nội,7340122,Thương mại điện tử,A00,2025,22.19,,THPT
MHN,Trường Đại Học Mở Hà Nội,7340122,Thương mại điện tử,A01,2025,22.19,,THPT
MHN,Đại học Mở Hà Nội,7340122,Thương mại điện tử,A01,2025,22.19,,THPT
MHN,Trường Đại Học Mở Hà Nội,7340122,Thương mại điện tử,D01,2025,22.19,,THPT
MHN,Đại học Mở Hà Nội,7340122,Thương mại điện tử,D01,2025,22.19,,THPT
MHN,Đại học Mở Hà Nội,7340201,Tài chính – Ngân hàng,A00,2025,19.56,,THPT
MHN,Trường Đại Học Mở Hà Nội,7340201,Tài chính - Ngân hàng,A00,2025,19.56,,THPT
MHN,Trường Đại Học Mở Hà Nội,7340201,Tài chính - Ngân hàng,A01,2025,19.56,,THPT
MHN,Đại học Mở Hà Nội,7340201,Tài chính – Ngân hàng,A01,2025,19.56,,THPT
MHN,Trường Đại Học Mở Hà Nội,7340201,Tài chính - Ngân hàng,D01,2025,19.56,,THPT
MHN,Đại học Mở Hà Nội,7340201,Tài chính – Ngân hàng,D01,2025,19.56,,THPT
MHN,Đại học Mở Hà Nội,7340204,Bảo hiểm,A00,2025,18.56,,THPT
MHN,Trường Đại Học Mở Hà Nội,7340204,Bảo hiểm,A00,2025,18.56,,THPT
MHN,Trường Đại Học Mở Hà Nội,7340204,Bảo hiểm,A01,2025,18.56,,THPT
MHN,Đại học Mở Hà Nội,7340204,Bảo hiểm,A01,2025,18.56,,THPT
MHN,Trường Đại Học Mở Hà Nội,7340204,Bảo hiểm,D01,2025,18.56,,THPT
MHN,Đại học Mở Hà Nội,7340204,Bảo hiểm,D01,2025,18.56,,THPT
MHN,Đại học Mở Hà Nội,7340301,Kế toán,A00,2025,19.69,,THPT
MHN,Trường Đại Học Mở Hà Nội,7340301,Kế toán,A00,2025,19.69,,THPT
MHN,Trường Đại Học Mở Hà Nội,7340301,Kế toán,A01,2025,19.69,,THPT
MHN,Đại học Mở Hà Nội,7340301,Kế toán,A01,2025,19.69,,THPT
MHN,Trường Đại Học Mở Hà Nội,7340301,Kế toán,D01,2025,19.69,,THPT
MHN,Đại học Mở Hà Nội,7340301,Kế toán,D01,2025,19.69,,THPT
MHN,Đại học Mở Hà Nội,7380101,Ngành Luật,C00,2025,25.0,,THPT
MHN,Trường Đại Học Mở Hà Nội,7380101,Luật,D01,2025,23.0,,THPT
MHN,Đại học Mở Hà Nội,7380101,Ngành Luật,D01,2025,23.0,,THPT
MHN,Đại học Mở Hà Nội,7380107,Luật kinh tế,C00,2025,25.17,,THPT
MHN,Trường Đại Học Mở Hà Nội,7380107,Luật kinh tế,D01,2025,25.17,,THPT
MHN,Đại học Mở Hà Nội,7380107,Luật kinh tế,D01,2025,23.17,,THPT
MHN,Đại học Mở Hà Nội,7380108,Luật quốc tế,C00,2025,24.5,,THPT
MHN,Trường Đại Học Mở Hà Nội,7380108,Luật quốc tế,D01,2025,24.5,,THPT
MHN,Đại học Mở Hà Nội,7380108,Luật quốc tế,D01,2025,22.5,,THPT
MHN,Đại học Mở Hà Nội,7420201,Công nghệ sinh học,A00,2025,17.03,,THPT
MHN,Trường Đại Học Mở Hà Nội,7420201,Công nghệ sinh học,A00,2025,17.03,,THPT
MHN,Trường Đại Học Mở Hà Nội,7420201,Công nghệ sinh học,A00,2025,17.03,,THPT
MHN,Trường Đại Học Mở Hà Nội,7420201,Công nghệ sinh học,A01,2025,17.03,,THPT
MHN,Đại học Mở Hà Nội,7420201,Công nghệ sinh học,A01,2025,17.03,,THPT
MHN,Trường Đại Học Mở Hà Nội,7420201,Công nghệ sinh học,A01,2025,17.03,,THPT
MHN,Trường Đại Học Mở Hà Nội,7420201,Công nghệ sinh học,B00,2025,17.03,,THPT
MHN,Đại học Mở Hà Nội,7420201,Công nghệ sinh học,B00,2025,17.03,,THPT
MHN,Trường Đại Học Mở Hà Nội,7420201,Công nghệ sinh học,B00,2025,17.03,,THPT
MHN,Trường Đại Học Mở Hà Nội,7420201,Công nghệ sinh học,D07,2025,17.03,,THPT
MHN,Trường Đại Học Mở Hà Nội,7420201,Công nghệ sinh học,D07,2025,17.03,,THPT
MHN,Đại học Mở Hà Nội,7420201,Công nghệ sinh học,D07,2025,17.03,,THPT
MHN,Đại học Mở Hà Nội,7480201,Công nghệ thông tin,A00,2025,19.5,,THPT
MHN,Trường Đại Học Mở Hà Nội,7480201,Công nghệ thông tin,A00,2025,19.5,,THPT
MHN,Trường Đại Học Mở Hà Nội,7480201,Công nghệ thông tin,A01,2025,19.5,,THPT
MHN,Đại học Mở Hà Nội,7480201,Công nghệ thông tin,A01,2025,19.5,,THPT
MHN,Trường Đại Học Mở Hà Nội,7480201,Công nghệ thông tin,D01,2025,19.5,,THPT
MHN,Đại học Mở Hà Nội,7480201,Công nghệ thông tin,D01,2025,19.5,,THPT
MHN,Đại học Mở Hà Nội,7510302,Điện tử - viễn thông,A00,2025,18.06,,THPT
MHN,Trường Đại Học Mở Hà Nội,7510302,Công nghệ kỹ thuật điện tử – viễn thông,A00,2025,18.06,,THPT
MHN,Trường Đại Học Mở Hà Nội,7510302,Công nghệ kỹ thuật điện tử – viễn thông,A01,2025,18.06,,THPT
MHN,Đại học Mở Hà Nội,7510302,Điện tử - viễn thông,A01,2025,18.06,,THPT
MHN,Trường Đại Học Mở Hà Nội,7510302,Công nghệ kỹ thuật điện tử – viễn thông,D01,2025,18.06,,THPT
MHN,Đại học Mở Hà Nội,7510302,Điện tử - viễn thông,D01,2025,18.06,,THPT
MHN,Đại học Mở Hà Nội,7510303,Công nghệ kỹ thuật điều khiển và tự động hóa,A00,2025,18.81,,THPT
MHN,Trường Đại Học Mở Hà Nội,7510303,Công nghệ kỹ thuật điều khiển và tự động hoá,A00,2025,18.81,,THPT
MHN,Trường Đại Học Mở Hà Nội,7510303,Công nghệ kỹ thuật điều khiển và tự động hoá,A01,2025,18.81,,THPT
MHN,Đại học Mở Hà Nội,7510303,Công nghệ kỹ thuật điều khiển và tự động hóa,A01,2025,18.81,,THPT
MHN,Trường Đại Học Mở Hà Nội,7510303,Công nghệ kỹ thuật điều khiển và tự động hoá,D01,2025,18.81,,THPT
MHN,Đại học Mở Hà Nội,7510303,Công nghệ kỹ thuật điều khiển và tự động hóa,D01,2025,18.81,,THPT
MHN,Đại học Mở Hà Nội,7540101,Công nghệ thực phẩm,A00,2025,18.8,,THPT
MHN,Trường Đại Học Mở Hà Nội,7540101,Công nghệ thực phẩm,A00,2025,18.8,,THPT
MHN,Trường Đại Học Mở Hà Nội,7540101,Công nghệ thực phẩm,A00,2025,18.8,,THPT
MHN,Trường Đại Học Mở Hà Nội,7540101,Công nghệ thực phẩm,A01,2025,18.8,,THPT
MHN,Đại học Mở Hà Nội,7540101,Công nghệ thực phẩm,A01,2025,18.8,,THPT
MHN,Trường Đại Học Mở Hà Nội,7540101,Công nghệ thực phẩm,A01,2025,18.8,,THPT
MHN,Trường Đại Học Mở Hà Nội,7540101,Công nghệ thực phẩm,B00,2025,18.8,,THPT
MHN,Đại học Mở Hà Nội,7540101,Công nghệ thực phẩm,B00,2025,18.8,,THPT
MHN,Trường Đại Học Mở Hà Nội,7540101,Công nghệ thực phẩm,B00,2025,18.8,,THPT
MHN,Trường Đại Học Mở Hà Nội,7540101,Công nghệ thực phẩm,D07,2025,18.8,,THPT
MHN,Trường Đại Học Mở Hà Nội,7540101,Công nghệ thực phẩm,D07,2025,18.8,,THPT
MHN,Đại học Mở Hà Nội,7540101,Công nghệ thực phẩm,D07,2025,18.8,,THPT
MHN,Đại học Mở Hà Nội,7810103,Quản trị dịch vụ du lịch và lữ hành,D01,2025,18.4,,THPT
MHN,Trường Đại Học Mở Hà Nội,7810103,Quản trị dịch vụ du lịch và lữ hành,D01,2025,18.4,,THPT
MHN,Trường Đại Học Mở Hà Nội,7810103,Quản trị dịch vụ du lịch và lữ hành,D09,2025,18.4,,THPT
MHN,Đại học Mở Hà Nội,7810103,Quản trị dịch vụ du lịch và lữ hành,D09,2025,18.4,,THPT
MHN,Trường Đại Học Mở Hà Nội,7810103,Quản trị dịch vụ du lịch và lữ hành,D10,2025,18.4,,THPT
MHN,Đại học Mở Hà Nội,7810103,Quản trị dịch vụ du lịch và lữ hành,D10,2025,18.4,,THPT
MHN,Đại học Mở Hà Nội,7810201,Quản trị khách sạn,D01,2025,18.05,,THPT
MHN,Trường Đại Học Mở Hà Nội,7810201,Quản trị khách sạn,D01,2025,18.05,,THPT
MHN,Trường Đại Học Mở Hà Nội,7810201,Quản trị khách sạn,D09,2025,18.05,,THPT
MHN,Đại học Mở Hà Nội,7810201,Quản trị khách sạn,D09,2025,18.05,,THPT
MHN,Trường Đại Học Mở Hà Nội,7810201,Quản trị khách sạn,D10,2025,18.05,,THPT
MHN,Đại học Mở Hà Nội,7810201,Quản trị khách sạn,D10,2025,18.05,,THPT
MIT,Trường Đại học Công nghệ Miền Đông,7210403,Thiết kế đồ họa,A00,2025,15.0,,THPT
MIT,Trường Đại học Công nghệ Miền Đông,7210403,Thiết kế đồ họa,A00,2025,15.0,,THPT
MIT,Trường Đại học Công nghệ Miền Đông,7210403,Thiết kế đồ họa,A01,2025,15.0,,THPT
MIT,Trường Đại học Công nghệ Miền Đông,7210403,Thiết kế đồ họa,A01,2025,15.0,,THPT
MIT,Trường Đại học Công nghệ Miền Đông,7210403,Thiết kế đồ họa,D01,2025,15.0,,THPT
MIT,Trường Đại học Công nghệ Miền Đông,7210403,Thiết kế đồ họa,D01,2025,15.0,,THPT
MIT,Trường Đại học Công nghệ Miền Đông,7220201,Ngôn ngữ Anh,A00,2025,15.0,,THPT
MIT,Trường Đại học Công nghệ Miền Đông,7220201,Ngôn ngữ Anh,A00,2025,15.0,,THPT
MIT,Trường Đại học Công nghệ Miền Đông,7220201,Ngôn ngữ Anh,A01,2025,15.0,,THPT
MIT,Trường Đại học Công nghệ Miền Đông,7220201,Ngôn ngữ Anh,A01,2025,15.0,,THPT
MIT,Trường Đại học Công nghệ Miền Đông,7220201,Ngôn ngữ Anh,C00,2025,15.0,,THPT
MIT,Trường Đại học Công nghệ Miền Đông,7220201,Ngôn ngữ Anh,C00,2025,15.0,,THPT
MIT,Trường Đại học Công nghệ Miền Đông,7220201,Ngôn ngữ Anh,D01,2025,15.0,,THPT
MIT,Trường Đại học Công nghệ Miền Đông,7220201,Ngôn ngữ Anh,D01,2025,15.0,,THPT
MIT,Trường Đại học Công nghệ Miền Đông,7220204,Ngôn ngữ Trung,A00,2025,15.0,,THPT
MIT,Trường Đại học Công nghệ Miền Đông,7220204,Ngôn ngữ Trung,A00,2025,15.0,,THPT
MIT,Trường Đại học Công nghệ Miền Đông,7220204,Ngôn ngữ Trung,A01,2025,15.0,,THPT
MIT,Trường Đại học Công nghệ Miền Đông,7220204,Ngôn ngữ Trung,A01,2025,15.0,,THPT
MIT,Trường Đại học Công nghệ Miền Đông,7220204,Ngôn ngữ Trung,C00,2025,15.0,,THPT
MIT,Trường Đại học Công nghệ Miền Đông,7220204,Ngôn ngữ Trung,C00,2025,15.0,,THPT
MIT,Trường Đại học Công nghệ Miền Đông,7220204,Ngôn ngữ Trung,D01,2025,15.0,,THPT
MIT,Trường Đại học Công nghệ Miền Đông,7220204,Ngôn ngữ Trung,D01,2025,15.0,,THPT
MIT,Trường Đại học Công nghệ Miền Đông,7310608,Đông phương học (chuyên ngành Tiếng Hàn),A00,2025,15.0,,THPT
MIT,Trường Đại học Công nghệ Miền Đông,7310608,Đông phương học (chuyên ngành Tiếng Hàn),A00,2025,15.0,,THPT
MIT,Trường Đại học Công nghệ Miền Đông,7310608,Đông phương học (chuyên ngành Tiếng Hàn),A01,2025,15.0,,THPT
MIT,Trường Đại học Công nghệ Miền Đông,7310608,Đông phương học (chuyên ngành Tiếng Hàn),A01,2025,15.0,,THPT
MIT,Trường Đại học Công nghệ Miền Đông,7310608,Đông phương học (chuyên ngành Tiếng Hàn),C00,2025,15.0,,THPT
MIT,Trường Đại học Công nghệ Miền Đông,7310608,Đông phương học (chuyên ngành Tiếng Hàn),C00,2025,15.0,,THPT
MIT,Trường Đại học Công nghệ Miền Đông,7310608,Đông phương học (chuyên ngành Tiếng Hàn),D01,2025,15.0,,THPT
MIT,Trường Đại học Công nghệ Miền Đông,7310608,Đông phương học (chuyên ngành Tiếng Hàn),D01,2025,15.0,,THPT
MIT,Trường Đại học Công nghệ Miền Đông,7320104,Truyền thông đa phương tiện,A00,2025,15.0,,THPT
MIT,Trường Đại học Công nghệ Miền Đông,7320104,Truyền thông đa phương tiện,A00,2025,15.0,,THPT
MIT,Trường Đại học Công nghệ Miền Đông,7320104,Truyền thông đa phương tiện,A01,2025,15.0,,THPT
MIT,Trường Đại học Công nghệ Miền Đông,7320104,Truyền thông đa phương tiện,A01,2025,15.0,,THPT
MIT,Trường Đại học Công nghệ Miền Đông,7320104,Truyền thông đa phương tiện,C00,2025,15.0,,THPT
MIT,Trường Đại học Công nghệ Miền Đông,7320104,Truyền thông đa phương tiện,C00,2025,15.0,,THPT
MIT,Trường Đại học Công nghệ Miền Đông,7320104,Truyền thông đa phương tiện,D01,2025,15.0,,THPT
MIT,Trường Đại học Công nghệ Miền Đông,7320104,Truyền thông đa phương tiện,D01,2025,15.0,,THPT
MIT,Trường Đại học Công nghệ Miền Đông,7340101,Quản trị kinh doanh,A00,2025,15.0,,THPT
MIT,Trường Đại học Công nghệ Miền Đông,7340101,Quản trị kinh doanh,A00,2025,15.0,,THPT
MIT,Trường Đại học Công nghệ Miền Đông,7340101,Quản trị kinh doanh,A01,2025,15.0,,THPT
MIT,Trường Đại học Công nghệ Miền Đông,7340101,Quản trị kinh doanh,A01,2025,15.0,,THPT
MIT,Trường Đại học Công nghệ Miền Đông,7340101,Quản trị kinh doanh,C00,2025,15.0,,THPT
MIT,Trường Đại học Công nghệ Miền Đông,7340101,Quản trị kinh doanh,C00,2025,15.0,,THPT
MIT,Trường Đại học Công nghệ Miền Đông,7340101,Quản trị kinh doanh,D01,2025,15.0,,THPT
MIT,Trường Đại học Công nghệ Miền Đông,7340101,Quản trị kinh doanh,D01,2025,15.0,,THPT
MIT,Trường Đại học Công nghệ Miền Đông,7340114,Digital Marketing,A00,2025,15.0,,THPT
MIT,Trường Đại học Công nghệ Miền Đông,7340114,Digital Marketing,A00,2025,15.0,,THPT
MIT,Trường Đại học Công nghệ Miền Đông,7340114,Digital Marketing,A01,2025,15.0,,THPT
MIT,Trường Đại học Công nghệ Miền Đông,7340114,Digital Marketing,A01,2025,15.0,,THPT
MIT,Trường Đại học Công nghệ Miền Đông,7340114,Digital Marketing,C00,2025,15.0,,THPT
MIT,Trường Đại học Công nghệ Miền Đông,7340114,Digital Marketing,C00,2025,15.0,,THPT
MIT,Trường Đại học Công nghệ Miền Đông,7340114,Digital Marketing,D01,2025,15.0,,THPT
MIT,Trường Đại học Công nghệ Miền Đông,7340114,Digital Marketing,D01,2025,15.0,,THPT
MIT,Trường Đại học Công nghệ Miền Đông,7340120,Kinh doanh quốc tế,A00,2025,15.0,,THPT
MIT,Trường Đại học Công nghệ Miền Đông,7340120,Kinh doanh quốc tế,A00,2025,15.0,,THPT
MIT,Trường Đại học Công nghệ Miền Đông,7340120,Kinh doanh quốc tế,A01,2025,15.0,,THPT
MIT,Trường Đại học Công nghệ Miền Đông,7340120,Kinh doanh quốc tế,A01,2025,15.0,,THPT
MIT,Trường Đại học Công nghệ Miền Đông,7340120,Kinh doanh quốc tế,C00,2025,15.0,,THPT
MIT,Trường Đại học Công nghệ Miền Đông,7340120,Kinh doanh quốc tế,C00,2025,15.0,,THPT
MIT,Trường Đại học Công nghệ Miền Đông,7340120,Kinh doanh quốc tế,D01,2025,15.0,,THPT
MIT,Trường Đại học Công nghệ Miền Đông,7340120,Kinh doanh quốc tế,D01,2025,15.0,,THPT
MIT,Trường Đại học Công nghệ Miền Đông,7340122,Thương mại điện tử,A00,2025,15.0,,THPT
MIT,Trường Đại học Công nghệ Miền Đông,7340122,Thương mại điện tử,A00,2025,15.0,,THPT
MIT,Trường Đại học Công nghệ Miền Đông,7340122,Thương mại điện tử,A01,2025,15.0,,THPT
MIT,Trường Đại học Công nghệ Miền Đông,7340122,Thương mại điện tử,A01,2025,15.0,,THPT
MIT,Trường Đại học Công nghệ Miền Đông,7340122,Thương mại điện tử,C00,2025,15.0,,THPT
MIT,Trường Đại học Công nghệ Miền Đông,7340122,Thương mại điện tử,C00,2025,15.0,,THPT
MIT,Trường Đại học Công nghệ Miền Đông,7340122,Thương mại điện tử,D01,2025,15.0,,THPT
MIT,Trường Đại học Công nghệ Miền Đông,7340122,Thương mại điện tử,D01,2025,15.0,,THPT
MIT,Trường Đại học Công nghệ Miền Đông,7340201,Tài chính Ngân hàng,A00,2025,15.0,,THPT
MIT,Trường Đại học Công nghệ Miền Đông,7340201,Tài chính Ngân hàng,A01,2025,15.0,,THPT
MIT,Trường Đại học Công nghệ Miền Đông,7340201,Tài chính Ngân hàng,D01,2025,15.0,,THPT
MIT,Trường Đại học Công nghệ Miền Đông,7340201,Tài chính Ngân hàng,D07,2025,15.0,,THPT
MIT,Trường Đại học Công nghệ Miền Đông,7340201,Tài chính Ngân hàng,D08,2025,15.0,,THPT
MIT,Trường Đại học Công nghệ Miền Đông,7340205,Công nghệ tài chính,A00,2025,15.0,,THPT
MIT,Trường Đại học Công nghệ Miền Đông,7340205,Công nghệ tài chính,A00,2025,15.0,,THPT
MIT,Trường Đại học Công nghệ Miền Đông,7340205,Công nghệ tài chính,A01,2025,15.0,,THPT
MIT,Trường Đại học Công nghệ Miền Đông,7340205,Công nghệ tài chính,A01,2025,15.0,,THPT
MIT,Trường Đại học Công nghệ Miền Đông,7340205,Công nghệ tài chính,C00,2025,15.0,,THPT
MIT,Trường Đại học Công nghệ Miền Đông,7340205,Công nghệ tài chính,C00,2025,15.0,,THPT
MIT,Trường Đại học Công nghệ Miền Đông,7340205,Công nghệ tài chính,D01,2025,15.0,,THPT
MIT,Trường Đại học Công nghệ Miền Đông,7340205,Công nghệ tài chính,D01,2025,15.0,,THPT
MIT,Trường Đại học Công nghệ Miền Đông,7340301,Kế toán,A00,2025,15.0,,THPT
MIT,Trường Đại học Công nghệ Miền Đông,7340301,Kế toán,A00,2025,15.0,,THPT
MIT,Trường Đại học Công nghệ Miền Đông,7340301,Kế toán,A01,2025,15.0,,THPT
MIT,Trường Đại học Công nghệ Miền Đông,7340301,Kế toán,A01,2025,15.0,,THPT
MIT,Trường Đại học Công nghệ Miền Đông,7340301,Kế toán,C00,2025,15.0,,THPT
MIT,Trường Đại học Công nghệ Miền Đông,7340301,Kế toán,C00,2025,15.0,,THPT
MIT,Trường Đại học Công nghệ Miền Đông,7340301,Kế toán,D01,2025,15.0,,THPT
MIT,Trường Đại học Công nghệ Miền Đông,7340301,Kế toán,D01,2025,15.0,,THPT
MIT,Trường Đại học Công nghệ Miền Đông,7380107,Luật kinh tế,A00,2025,18.0,,THPT
MIT,Trường Đại học Công nghệ Miền Đông,7380107,Luật kinh tế,A00,2025,18.0,,THPT
MIT,Trường Đại học Công nghệ Miền Đông,7380107,Luật kinh tế,A01,2025,18.0,,THPT
MIT,Trường Đại học Công nghệ Miền Đông,7380107,Luật kinh tế,A01,2025,18.0,,THPT
MIT,Trường Đại học Công nghệ Miền Đông,7380107,Luật kinh tế,C00,2025,18.0,,THPT
MIT,Trường Đại học Công nghệ Miền Đông,7380107,Luật kinh tế,C00,2025,18.0,,THPT
MIT,Trường Đại học Công nghệ Miền Đông,7380107,Luật kinh tế,D01,2025,18.0,,THPT
MIT,Trường Đại học Công nghệ Miền Đông,7380107,Luật kinh tế,D01,2025,18.0,,THPT
MIT,Trường Đại học Công nghệ Miền Đông,7480201,Công nghệ thông tin,A00,2025,15.0,,THPT
MIT,Trường Đại học Công nghệ Miền Đông,7480201,Công nghệ thông tin,A00,2025,15.0,,THPT
MIT,Trường Đại học Công nghệ Miền Đông,7480201,Công nghệ thông tin,A01,2025,15.0,,THPT
MIT,Trường Đại học Công nghệ Miền Đông,7480201,Công nghệ thông tin,A01,2025,15.0,,THPT
MIT,Trường Đại học Công nghệ Miền Đông,7480201,Công nghệ thông tin,D01,2025,15.0,,THPT
MIT,Trường Đại học Công nghệ Miền Đông,7480201,Công nghệ thông tin,D01,2025,15.0,,THPT
MIT,Trường Đại học Công nghệ Miền Đông,7510205,Công nghệ kỹ thuật ô tô,A00,2025,15.0,,THPT
MIT,Trường Đại học Công nghệ Miền Đông,7510205,Công nghệ kỹ thuật ô tô,A00,2025,15.0,,THPT
MIT,Trường Đại học Công nghệ Miền Đông,7510205,Công nghệ kỹ thuật ô tô,A01,2025,15.0,,THPT
MIT,Trường Đại học Công nghệ Miền Đông,7510205,Công nghệ kỹ thuật ô tô,A01,2025,15.0,,THPT
MIT,Trường Đại học Công nghệ Miền Đông,7510205,Công nghệ kỹ thuật ô tô,D01,2025,15.0,,THPT
MIT,Trường Đại học Công nghệ Miền Đông,7510205,Công nghệ kỹ thuật ô tô,D01,2025,15.0,,THPT
MIT,Trường Đại học Công nghệ Miền Đông,7510601,Quản lý công nghiệp,A00,2025,15.0,,THPT
MIT,Trường Đại học Công nghệ Miền Đông,7510601,Quản lý công nghiệp,A00,2025,15.0,,THPT
MIT,Trường Đại học Công nghệ Miền Đông,7510601,Quản lý công nghiệp,A01,2025,15.0,,THPT
MIT,Trường Đại học Công nghệ Miền Đông,7510601,Quản lý công nghiệp,A01,2025,15.0,,THPT
MIT,Trường Đại học Công nghệ Miền Đông,7510601,Quản lý công nghiệp,C00,2025,15.0,,THPT
MIT,Trường Đại học Công nghệ Miền Đông,7510601,Quản lý công nghiệp,C00,2025,15.0,,THPT
MIT,Trường Đại học Công nghệ Miền Đông,7510601,Quản lý công nghiệp,D01,2025,15.0,,THPT
MIT,Trường Đại học Công nghệ Miền Đông,7510601,Quản lý công nghiệp,D01,2025,15.0,,THPT
MIT,Trường Đại học Công nghệ Miền Đông,7510605,Logistics và quản lý chuỗi cung ứng,A00,2025,15.0,,THPT
MIT,Trường Đại học Công nghệ Miền Đông,7510605,Logistics và quản lý chuỗi cung ứng,A00,2025,15.0,,THPT
MIT,Trường Đại học Công nghệ Miền Đông,7510605,Logistics và quản lý chuỗi cung ứng,A01,2025,15.0,,THPT
MIT,Trường Đại học Công nghệ Miền Đông,7510605,Logistics và quản lý chuỗi cung ứng,A01,2025,15.0,,THPT
MIT,Trường Đại học Công nghệ Miền Đông,7510605,Logistics và quản lý chuỗi cung ứng,C00,2025,15.0,,THPT
MIT,Trường Đại học Công nghệ Miền Đông,7510605,Logistics và quản lý chuỗi cung ứng,C00,2025,15.0,,THPT
MIT,Trường Đại học Công nghệ Miền Đông,7510605,Logistics và quản lý chuỗi cung ứng,D01,2025,15.0,,THPT
MIT,Trường Đại học Công nghệ Miền Đông,7510605,Logistics và quản lý chuỗi cung ứng,D01,2025,15.0,,THPT
MIT,Trường Đại học Công nghệ Miền Đông,7640101,Thú Y,A00,2025,15.0,,THPT
MIT,Trường Đại học Công nghệ Miền Đông,7640101,Thú Y,B00,2025,15.0,,THPT
MIT,Trường Đại học Công nghệ Miền Đông,7640101,Thú Y,D07,2025,15.0,,THPT
MIT,Trường Đại học Công nghệ Miền Đông,7720201,Dược học,A00,2025,19.0,,THPT
MIT,Trường Đại học Công nghệ Miền Đông,7720201,Dược học,A01,2025,19.0,,THPT
MIT,Trường Đại học Công nghệ Miền Đông,7720201,Dược học,B00,2025,19.0,,THPT
MIT,Trường Đại học Công nghệ Miền Đông,7720201,Dược học,D01,2025,19.0,,THPT
MIT,Trường Đại học Công nghệ Miền Đông,7720201,Dược học,D07,2025,19.0,,THPT
MIT,Trường Đại học Công nghệ Miền Đông,7720201,Dược học,D08,2025,19.0,,THPT
MTU,Đại học Xây dựng Miền Tây,7340301,Kế toán,A00,2025,15.0,,THPT
MTU,Trường Đại Học Xây Dựng Miền Tây,7340301,Kế toán,A00,2025,15.0,,THPT
MTU,Trường Đại Học Xây Dựng Miền Tây,7340301,Kế toán,A01,2025,15.0,,THPT
MTU,Đại học Xây dựng Miền Tây,7340301,Kế toán,A01,2025,15.0,,THPT
MTU,Trường Đại Học Xây Dựng Miền Tây,7340301,Kế toán,D01,2025,15.0,,THPT
MTU,Đại học Xây dựng Miền Tây,7340301,Kế toán,D01,2025,15.0,,THPT
MTU,Đại học Xây dựng Miền Tây,7480103,Kỹ thuật phần mềm,A00,2025,15.0,,THPT
MTU,Trường Đại Học Xây Dựng Miền Tây,7480103,Kỹ thuật phần mềm,A00,2025,15.0,,THPT
MTU,Trường Đại Học Xây Dựng Miền Tây,7480103,Kỹ thuật phần mềm,A01,2025,15.0,,THPT
MTU,Đại học Xây dựng Miền Tây,7480103,Kỹ thuật phần mềm,A01,2025,15.0,,THPT
MTU,Trường Đại Học Xây Dựng Miền Tây,7480103,Kỹ thuật phần mềm,D01,2025,15.0,,THPT
MTU,Đại học Xây dựng Miền Tây,7480103,Kỹ thuật phần mềm,D01,2025,15.0,,THPT
MTU,Trường Đại Học Xây Dựng Miền Tây,7480103,Kỹ thuật phần mềm,D07,2025,15.0,,THPT
MTU,Đại học Xây dựng Miền Tây,7480103,Kỹ thuật phần mềm,D07,2025,15.0,,THPT
MTU,Đại học Xây dựng Miền Tây,7520320,Ngành Kỹ thuật môi trường,A00,2025,15.0,,THPT
MTU,Trường Đại Học Xây Dựng Miền Tây,7520320,Kỹ thuật môi trường,A00,2025,15.0,,THPT
MTU,Trường Đại Học Xây Dựng Miền Tây,7520320,Kỹ thuật môi trường,A01,2025,15.0,,THPT
MTU,Đại học Xây dựng Miền Tây,7520320,Ngành Kỹ thuật môi trường,A01,2025,15.0,,THPT
MTU,Trường Đại Học Xây Dựng Miền Tây,7520320,Kỹ thuật môi trường,B00,2025,15.0,,THPT
MTU,Đại học Xây dựng Miền Tây,7520320,Ngành Kỹ thuật môi trường,B00,2025,15.0,,THPT
MTU,Trường Đại Học Xây Dựng Miền Tây,7520320,Kỹ thuật môi trường,D01,2025,15.0,,THPT
MTU,Đại học Xây dựng Miền Tây,7520320,Ngành Kỹ thuật môi trường,D01,2025,15.0,,THPT
MTU,Đại học Xây dựng Miền Tây,7580101,Kiến trúc,A00,2025,15.0,,THPT
MTU,Trường Đại Học Xây Dựng Miền Tây,7580101,Kiến trúc,A00,2025,15.0,,THPT
MTU,Trường Đại Học Xây Dựng Miền Tây,7580101,Kiến trúc,A01,2025,15.0,,THPT
MTU,Đại học Xây dựng Miền Tây,7580101,Kiến trúc,A01,2025,15.0,,THPT
MTU,Trường Đại Học Xây Dựng Miền Tây,7580101,Kiến trúc,D01,2025,15.0,,THPT
MTU,Đại học Xây dựng Miền Tây,7580101,Kiến trúc,D01,2025,15.0,,THPT
MTU,Đại học Xây dựng Miền Tây,7580106,Quản lý đô thị và công trình,A00,2025,15.0,,THPT
MTU,Trường Đại Học Xây Dựng Miền Tây,7580106,Quản lý đô thị và công trình,A00,2025,15.0,,THPT
MTU,Trường Đại Học Xây Dựng Miền Tây,7580106,Quản lý đô thị và công trình,A01,2025,15.0,,THPT
MTU,Đại học Xây dựng Miền Tây,7580106,Quản lý đô thị và công trình,A01,2025,15.0,,THPT
MTU,Trường Đại Học Xây Dựng Miền Tây,7580106,Quản lý đô thị và công trình,D01,2025,15.0,,THPT
MTU,Đại học Xây dựng Miền Tây,7580106,Quản lý đô thị và công trình,D01,2025,15.0,,THPT
MTU,Đại học Xây dựng Miền Tây,7580201,Kỹ thuật xây dựng,A00,2025,15.0,,THPT
MTU,Trường Đại Học Xây Dựng Miền Tây,7580201,Kỹ thuật xây dựng,A00,2025,15.0,,THPT
MTU,Trường Đại Học Xây Dựng Miền Tây,7580201,Kỹ thuật xây dựng,A01,2025,15.0,,THPT
MTU,Đại học Xây dựng Miền Tây,7580201,Kỹ thuật xây dựng,A01,2025,15.0,,THPT
MTU,Trường Đại Học Xây Dựng Miền Tây,7580201,Kỹ thuật xây dựng,D01,2025,15.0,,THPT
MTU,Đại học Xây dựng Miền Tây,7580201,Kỹ thuật xây dựng,D01,2025,15.0,,THPT
MTU,Trường Đại Học Xây Dựng Miền Tây,7580201,Kỹ thuật xây dựng,D07,2025,15.0,,THPT
MTU,Đại học Xây dựng Miền Tây,7580201,Kỹ thuật xây dựng,D07,2025,15.0,,THPT
MTU,Đại học Xây dựng Miền Tây,7580202,Kỹ thuật xây dựng công trình thủy,A00,2025,15.0,,THPT
MTU,Trường Đại Học Xây Dựng Miền Tây,7580202,Kỹ thuật Xây dựng Công trình thủy (Kỹ sư),A00,2025,15.0,,THPT
MTU,Trường Đại Học Xây Dựng Miền Tây,7580202,Kỹ thuật Xây dựng Công trình thủy (Kỹ sư),A01,2025,15.0,,THPT
MTU,Đại học Xây dựng Miền Tây,7580202,Kỹ thuật xây dựng công trình thủy,A01,2025,15.0,,THPT
MTU,Trường Đại Học Xây Dựng Miền Tây,7580202,Kỹ thuật Xây dựng Công trình thủy (Kỹ sư),D01,2025,15.0,,THPT
MTU,Đại học Xây dựng Miền Tây,7580202,Kỹ thuật xây dựng công trình thủy,D01,2025,15.0,,THPT
MTU,Trường Đại Học Xây Dựng Miền Tây,7580202,Kỹ thuật Xây dựng Công trình thủy (Kỹ sư),D07,2025,15.0,,THPT
MTU,Đại học Xây dựng Miền Tây,7580202,Kỹ thuật xây dựng công trình thủy,D07,2025,15.0,,THPT
MTU,Đại học Xây dựng Miền Tây,7580205,Kỹ thuật xây dựng công trình giao thông,A00,2025,15.0,,THPT
MTU,Trường Đại Học Xây Dựng Miền Tây,7580205,Kỹ thuật xây dựng công trình Giao thông,A00,2025,15.0,,THPT
MTU,Trường Đại Học Xây Dựng Miền Tây,7580205,Kỹ thuật xây dựng công trình Giao thông,A01,2025,15.0,,THPT
MTU,Đại học Xây dựng Miền Tây,7580205,Kỹ thuật xây dựng công trình giao thông,A01,2025,15.0,,THPT
MTU,Trường Đại Học Xây Dựng Miền Tây,7580205,Kỹ thuật xây dựng công trình Giao thông,D01,2025,15.0,,THPT
MTU,Đại học Xây dựng Miền Tây,7580205,Kỹ thuật xây dựng công trình giao thông,D01,2025,15.0,,THPT
MTU,Trường Đại Học Xây Dựng Miền Tây,7580205,Kỹ thuật xây dựng công trình Giao thông,D07,2025,15.0,,THPT
MTU,Đại học Xây dựng Miền Tây,7580205,Kỹ thuật xây dựng công trình giao thông,D07,2025,15.0,,THPT
MTU,Đại học Xây dựng Miền Tây,7580213,Kỹ thuật cấp thoát nước,A00,2025,15.0,,THPT
MTU,Trường Đại Học Xây Dựng Miền Tây,7580213,Kỹ thuật cấp thoát nước (Kỹ sư),A00,2025,15.0,,THPT
MTU,Trường Đại Học Xây Dựng Miền Tây,7580213,Kỹ thuật cấp thoát nước (Kỹ sư),A01,2025,15.0,,THPT
MTU,Đại học Xây dựng Miền Tây,7580213,Kỹ thuật cấp thoát nước,A01,2025,15.0,,THPT
MTU,Trường Đại Học Xây Dựng Miền Tây,7580213,Kỹ thuật cấp thoát nước (Kỹ sư),B00,2025,15.0,,THPT
MTU,Đại học Xây dựng Miền Tây,7580213,Kỹ thuật cấp thoát nước,B00,2025,15.0,,THPT
MTU,Trường Đại Học Xây Dựng Miền Tây,7580213,Kỹ thuật cấp thoát nước (Kỹ sư),D01,2025,15.0,,THPT
MTU,Đại học Xây dựng Miền Tây,7580213,Kỹ thuật cấp thoát nước,D01,2025,15.0,,THPT
NHB,Học Viện Ngân Hàng (Phân Viện Bắc Ninh),ACT02,Kế toán,A00,2025,21.25,,THPT
NHB,Học Viện Ngân Hàng (Phân Viện Bắc Ninh),ACT02,Kế toán,A01,2025,21.25,,THPT
NHB,Học Viện Ngân Hàng (Phân Viện Bắc Ninh),ACT02,Kế toán,D01,2025,21.25,,THPT
NHB,Học Viện Ngân Hàng (Phân Viện Bắc Ninh),ACT02,Kế toán,D07,2025,21.25,,THPT
NHB,Học Viện Ngân Hàng (Phân Viện Bắc Ninh),BANK02,Ngân hàng,A00,2025,21.0,,THPT
NHB,Học Viện Ngân Hàng (Phân Viện Bắc Ninh),BANK02,Ngân hàng,A01,2025,21.0,,THPT
NHB,Học Viện Ngân Hàng (Phân Viện Bắc Ninh),BANK02,Ngân hàng,D01,2025,21.0,,THPT
NHB,Học Viện Ngân Hàng (Phân Viện Bắc Ninh),BANK02,Ngân hàng,D07,2025,21.0,,THPT
NHB,Học Viện Ngân Hàng (Phân Viện Bắc Ninh),BUS02,Quản trị kinh doanh,A00,2025,20.35,,THPT
NHB,Học Viện Ngân Hàng (Phân Viện Bắc Ninh),BUS02,Quản trị kinh doanh,A01,2025,20.35,,THPT
NHB,Học Viện Ngân Hàng (Phân Viện Bắc Ninh),BUS02,Quản trị kinh doanh,D01,2025,20.35,,THPT
NHB,Học Viện Ngân Hàng (Phân Viện Bắc Ninh),BUS02,Quản trị kinh doanh,D07,2025,20.35,,THPT
NHB,Học Viện Ngân Hàng (Phân Viện Bắc Ninh),FIN02,Tài chính,A00,2025,20.45,,THPT
NHB,Học Viện Ngân Hàng (Phân Viện Bắc Ninh),FIN02,Tài chính,A01,2025,20.45,,THPT
NHB,Học Viện Ngân Hàng (Phân Viện Bắc Ninh),FIN02,Tài chính,D01,2025,20.45,,THPT
NHB,Học Viện Ngân Hàng (Phân Viện Bắc Ninh),FIN02,Tài chính,D07,2025,20.45,,THPT
NHF,Đại học Hà Nội,7220201,Ngôn ngữ Anh,D01,2025,33.89,,THPT
NHF,Trường Đại Học Hà Nội,7220201 TT,Ngôn ngữ Anh - CTTT,D01,2025,32.48,,THPT
NHF,Đại học Hà Nội,7220201TT,Ngôn ngữ Anh - Chương trình tiên tiến,D01,2025,32.48,,THPT
NHF,Đại học Hà Nội,7220202,Ngôn ngữ Nga,D01,2025,23.67,,THPT
NHF,Trường Đại Học Hà Nội,7220202,Ngôn ngữ Nga,D01,2025,23.67,,THPT
NHF,Đại học Hà Nội,7220203,Ngôn ngữ Pháp,D01,2025,27.25,,THPT
NHF,Trường Đại Học Hà Nội,7220203,Ngôn ngữ Pháp,D01,2025,27.25,,THPT
NHF,Đại học Hà Nội,7220204,Ngôn ngữ Trung Quốc,D01,2025,34.35,,THPT
NHF,Trường Đại Học Hà Nội,7220204,Ngôn ngữ Trung Quốc,D01,2025,34.35,,THPT
NHF,Đại học Hà Nội,7220204 TT,Ngôn ngữ Trung Quốc - CTTT,D01,2025,33.0,,THPT
NHF,Trường Đại Học Hà Nội,7220204 TT,Ngôn ngữ Trung Quốc - CTTT,D01,2025,33.0,,THPT
NHF,Đại học Hà Nội,7220205,Ngôn ngữ Đức,D01,2025,28.35,,THPT
NHF,Trường Đại Học Hà Nội,7220205,Ngôn ngữ Đức,D01,2025,28.35,,THPT
NHF,Đại học Hà Nội,7220206,Ngôn ngữ Tây Ban Nha,D01,2025,27.08,,THPT
NHF,Đại học Hà Nội,7220207,Ngôn ngữ Bồ Đào Nha,D01,2025,23.35,,THPT
NHF,Trường Đại Học Hà Nội,7220207,Ngôn ngữ Bồ Đào Nha,D01,2025,23.35,,THPT
NHF,Đại học Hà Nội,7220208,Ngôn ngữ Italia,D01,2025,25.08,,THPT
NHF,Đại học Hà Nội,7220208 TT,Ngôn ngữ Italia - CTTT,D01,2025,22.1,,THPT
NHF,Đại học Hà Nội,7220209,Ngôn ngữ Nhật,D01,2025,29.0,,THPT
NHF,Trường Đại Học Hà Nội,7220209,Ngôn ngữ Nhật,D01,2025,29.0,,THPT
NHF,Đại học Hà Nội,7220210,Ngôn ngữ Hàn Quốc,D01,2025,32.07,,THPT
NHF,Trường Đại Học Hà Nội,7220210,Ngôn ngữ Hàn Quốc,D01,2025,32.07,,THPT
NHF,Đại học Hà Nội,7220210 CLC,Ngôn ngữ Hàn Quốc - Chất lượng cao (CLC),D01,2025,28.17,,THPT
NHF,Trường Đại Học Hà Nội,7220210 TT,Ngôn ngữ Hàn Quốc - CTTT,D01,2025,28.17,,THPT
NHF,Đại học Hà Nội,7310111,Nghiên cứu phát triển,D01,2025,25.75,,THPT
NHF,Đại học Hà Nội,7310601,Quốc tế học,D01,2025,26.83,,THPT
NHF,Đại học Hà Nội,7320104,Truyền thông đa phương tiện,D01,2025,30.82,,THPT
NHF,Đại học Hà Nội,7320109,Truyền thông doanh nghiệp,D01,2025,26.35,,THPT
NHF,Trường Đại Học Hà Nội,7320109,Truyền thông doanh nghiệp (dạy bằng tiếng Pháp),D01,2025,26.35,,THPT
NHF,Đại học Hà Nội,7340101,Quản trị Kinh doanh,D01,2025,28.25,,THPT
NHF,Đại học Hà Nội,7340115,Marketing,D01,2025,30.17,,THPT
NHF,Đại học Hà Nội,7340201,Tài chính – Ngân hàng,D01,2025,26.1,,THPT
NHF,Đại học Hà Nội,7340205,Công nghệ tài chính,A01,2025,27.25,,THPT
NHF,Trường Đại Học Hà Nội,7340205,Công nghệ tài chính (dạy bằng tiếng Anh),A01,2025,27.25,,THPT
NHF,Trường Đại Học Hà Nội,7340205,Công nghệ tài chính (dạy bằng tiếng Anh),D01,2025,27.25,,THPT
NHF,Đại học Hà Nội,7340205,Công nghệ tài chính,D01,2025,27.25,,THPT
NHF,Đại học Hà Nội,7340301,Kế toán,D01,2025,26.67,,THPT
NHF,Đại học Hà Nội,7480201,Công nghệ thông tin,A01,2025,26.02,,THPT
NHF,Trường Đại Học Hà Nội,7480201,Công nghệ Thông tin (dạy bằng tiếng Anh),A01,2025,26.02,,THPT
NHF,Trường Đại Học Hà Nội,7480201,Công nghệ Thông tin (dạy bằng tiếng Anh),D01,2025,26.02,,THPT
NHF,Đại học Hà Nội,7480201,Công nghệ thông tin,D01,2025,26.02,,THPT
NHF,Đại học Hà Nội,7480201 TT,Công nghệ thông tin - CTTT,A01,2025,24.8,,THPT
NHF,Trường Đại Học Hà Nội,7480201 TT,Công nghệ thông tin (dạy bằng tiếng Anh) - CTTT,A01,2025,24.8,,THPT
NHF,Trường Đại Học Hà Nội,7480201 TT,Công nghệ thông tin (dạy bằng tiếng Anh) - CTTT,D01,2025,24.8,,THPT
NHF,Đại học Hà Nội,7480201 TT,Công nghệ thông tin - CTTT,D01,2025,24.8,,THPT
NHF,Đại học Hà Nội,7810103,Quản trị dịch vụ du lịch và lữ hành,D01,2025,27.58,,THPT
NHF,Đại học Hà Nội,7810103 TT,Quản trị dịch vụ du lịch và lữ hành - CTTT,D01,2025,23.08,,THPT
NHH,Học viện Ngân hàng,ACT01,CLC Kế toán,A01,2025,21.57,,THPT
NHH,Học Viện Ngân Hàng,ACT01,Chất lượng cao Kế toán,A01,2025,21.57,,THPT
NHH,Học Viện Ngân Hàng,ACT01,Chất lượng cao Kế toán,D01,2025,21.57,,THPT
NHH,Học viện Ngân hàng,ACT01,CLC Kế toán,D01,2025,21.57,,THPT
NHH,Học Viện Ngân Hàng,ACT01,Chất lượng cao Kế toán,D07,2025,21.57,,THPT
NHH,Học viện Ngân hàng,ACT01,CLC Kế toán,D07,2025,21.57,,THPT
NHH,Học Viện Ngân Hàng,ACT01,Chất lượng cao Kế toán,D09,2025,21.57,,THPT
NHH,Học viện Ngân hàng,ACT01,CLC Kế toán,D09,2025,21.57,,THPT
NHH,Học viện Ngân hàng,ACT02,Kế toán,A00,2025,24.69,,THPT
NHH,Học Viện Ngân Hàng,ACT02,Kế toán,A00,2025,24.69,,THPT
NHH,Học Viện Ngân Hàng,ACT02,Kế toán,A01,2025,24.69,,THPT
NHH,Học viện Ngân hàng,ACT02,Kế toán,A01,2025,24.69,,THPT
NHH,Học Viện Ngân Hàng,ACT02,Kế toán,D01,2025,24.69,,THPT
NHH,Học viện Ngân hàng,ACT02,Kế toán,D01,2025,24.69,,THPT
NHH,Học Viện Ngân Hàng,ACT02,Kế toán,D07,2025,24.69,,THPT
NHH,Học viện Ngân hàng,ACT02,Kế toán,D07,2025,24.69,,THPT
NHH,Học Viện Ngân Hàng,ACT03,"Kế toán Sunderland, Anh (Cấp song bằng)",A00,2025,21.0,,THPT
NHH,Học Viện Ngân Hàng,ACT03,"Kế toán Sunderland, Anh (Cấp song bằng)",A01,2025,21.0,,THPT
NHH,Học Viện Ngân Hàng,ACT03,"Kế toán Sunderland, Anh (Cấp song bằng)",D01,2025,21.0,,THPT
NHH,Học Viện Ngân Hàng,ACT03,"Kế toán Sunderland, Anh (Cấp song bằng)",D07,2025,21.0,,THPT
NHH,Học viện Ngân hàng,ACT04,Kiểm toán,A00,2025,24.88,,THPT
NHH,Học Viện Ngân Hàng,ACT04,Kiểm toán,A00,2025,24.88,,THPT
NHH,Học Viện Ngân Hàng,ACT04,Kiểm toán,A01,2025,24.88,,THPT
NHH,Học viện Ngân hàng,ACT04,Kiểm toán,A01,2025,24.88,,THPT
NHH,Học Viện Ngân Hàng,ACT04,Kiểm toán,D01,2025,24.88,,THPT
NHH,Học viện Ngân hàng,ACT04,Kiểm toán,D01,2025,24.88,,THPT
NHH,Học Viện Ngân Hàng,ACT04,Kiểm toán,D07,2025,24.88,,THPT
NHH,Học viện Ngân hàng,ACT04,Kiểm toán,D07,2025,24.88,,THPT
NHH,Học viện Ngân hàng,BANK01,CLC Ngân hàng,A01,2025,21.98,,THPT
NHH,Học Viện Ngân Hàng,BANK01,Chất lượng cao Ngân hàng,A01,2025,21.98,,THPT
NHH,Học Viện Ngân Hàng,BANK01,Chất lượng cao Ngân hàng,D01,2025,21.98,,THPT
NHH,Học viện Ngân hàng,BANK01,CLC Ngân hàng,D01,2025,21.98,,THPT
NHH,Học Viện Ngân Hàng,BANK01,Chất lượng cao Ngân hàng,D07,2025,21.98,,THPT
NHH,Học viện Ngân hàng,BANK01,CLC Ngân hàng,D07,2025,21.98,,THPT
NHH,Học Viện Ngân Hàng,BANK01,Chất lượng cao Ngân hàng,D09,2025,21.98,,THPT
NHH,Học viện Ngân hàng,BANK01,CLC Ngân hàng,D09,2025,21.98,,THPT
NHH,Học viện Ngân hàng,BANK02,Ngân hàng,A00,2025,24.93,,THPT
NHH,Học Viện Ngân Hàng,BANK02,Ngân hàng,A00,2025,24.93,,THPT
NHH,Học Viện Ngân Hàng,BANK02,Ngân hàng,A01,2025,24.93,,THPT
NHH,Học viện Ngân hàng,BANK02,Ngân hàng,A01,2025,24.93,,THPT
NHH,Học Viện Ngân Hàng,BANK02,Ngân hàng,D01,2025,24.93,,THPT
NHH,Học viện Ngân hàng,BANK02,Ngân hàng,D01,2025,24.93,,THPT
NHH,Học Viện Ngân Hàng,BANK02,Ngân hàng,D07,2025,24.93,,THPT
NHH,Học viện Ngân hàng,BANK02,Ngân hàng,D07,2025,24.93,,THPT
NHH,Học viện Ngân hàng,BANK03,Ngân hàng số,A00,2025,24.82,,THPT
NHH,Học Viện Ngân Hàng,BANK03,Ngân hàng số,A00,2025,24.82,,THPT
NHH,Học Viện Ngân Hàng,BANK03,Ngân hàng số,A01,2025,24.82,,THPT
NHH,Học viện Ngân hàng,BANK03,Ngân hàng số,A01,2025,24.82,,THPT
NHH,Học Viện Ngân Hàng,BANK03,Ngân hàng số,D01,2025,24.82,,THPT
NHH,Học viện Ngân hàng,BANK03,Ngân hàng số,D01,2025,24.82,,THPT
NHH,Học Viện Ngân Hàng,BANK03,Ngân hàng số,D07,2025,24.82,,THPT
NHH,Học viện Ngân hàng,BANK03,Ngân hàng số,D07,2025,24.82,,THPT
NHH,Học Viện Ngân Hàng,BANK04,"Tài chính – Ngân hàng Sunderland, Anh (Cấp song bằng)",A00,2025,21.0,,THPT
NHH,Học Viện Ngân Hàng,BANK04,"Tài chính – Ngân hàng Sunderland, Anh (Cấp song bằng)",A01,2025,21.0,,THPT
NHH,Học Viện Ngân Hàng,BANK04,"Tài chính – Ngân hàng Sunderland, Anh (Cấp song bằng)",D01,2025,21.0,,THPT
NHH,Học Viện Ngân Hàng,BANK04,"Tài chính – Ngân hàng Sunderland, Anh (Cấp song bằng)",D07,2025,21.0,,THPT
NHH,Học Viện Ngân Hàng,BANK05,Ngân hàng và Tài chính quốc tế Coventry  (Cấp song bằng),A00,2025,21.0,,THPT
NHH,Học Viện Ngân Hàng,BANK05,Ngân hàng và Tài chính quốc tế Coventry  (Cấp song bằng),A01,2025,21.0,,THPT
NHH,Học Viện Ngân Hàng,BANK05,Ngân hàng và Tài chính quốc tế Coventry  (Cấp song bằng),D01,2025,21.0,,THPT
NHH,Học Viện Ngân Hàng,BANK05,Ngân hàng và Tài chính quốc tế Coventry  (Cấp song bằng),D07,2025,21.0,,THPT
NHH,Học viện Ngân hàng,BANK06,Ngân hàng và Tài chính quốc tế CLC,A01,2025,22.94,,THPT
NHH,Học Viện Ngân Hàng,BANK06,Chất lượng cao Ngân hàng và Tài chính quốc tế,A01,2025,22.94,,THPT
NHH,Học Viện Ngân Hàng,BANK06,Chất lượng cao Ngân hàng và Tài chính quốc tế,D01,2025,22.94,,THPT
NHH,Học viện Ngân hàng,BANK06,Ngân hàng và Tài chính quốc tế CLC,D01,2025,22.94,,THPT
NHH,Học Viện Ngân Hàng,BANK06,Chất lượng cao Ngân hàng và Tài chính quốc tế,D07,2025,22.94,,THPT
NHH,Học viện Ngân hàng,BANK06,Ngân hàng và Tài chính quốc tế CLC,D07,2025,22.94,,THPT
NHH,Học Viện Ngân Hàng,BANK06,Chất lượng cao Ngân hàng và Tài chính quốc tế,D09,2025,22.94,,THPT
NHH,Học viện Ngân hàng,BANK06,Ngân hàng và Tài chính quốc tế CLC,D09,2025,22.94,,THPT
NHH,Học viện Ngân hàng,BANK07,Ngân hàng trung ương và  Chính sách công CLC,A01,2025,21.2,,THPT
NHH,Học Viện Ngân Hàng,BANK07,Chất lượng cao Ngân hàng trung ương và Chính sách công,A01,2025,21.2,,THPT
NHH,Học Viện Ngân Hàng,BANK07,Chất lượng cao Ngân hàng trung ương và Chính sách công,D01,2025,21.2,,THPT
NHH,Học viện Ngân hàng,BANK07,Ngân hàng trung ương và  Chính sách công CLC,D01,2025,21.2,,THPT
NHH,Học Viện Ngân Hàng,BANK07,Chất lượng cao Ngân hàng trung ương và Chính sách công,D07,2025,21.2,,THPT
NHH,Học viện Ngân hàng,BANK07,Ngân hàng trung ương và  Chính sách công CLC,D07,2025,21.2,,THPT
NHH,Học Viện Ngân Hàng,BANK07,Chất lượng cao Ngân hàng trung ương và Chính sách công,D09,2025,21.2,,THPT
NHH,Học viện Ngân hàng,BANK07,Ngân hàng trung ương và  Chính sách công CLC,D09,2025,21.2,,THPT
NHH,Học viện Ngân hàng,BUS01,CLC Quản trị kinh doanh,A01,2025,22.1,,THPT
NHH,Học Viện Ngân Hàng,BUS01,Chất lượng cao Quản trị kinh doanh,A01,2025,22.1,,THPT
NHH,Học Viện Ngân Hàng,BUS01,Chất lượng cao Quản trị kinh doanh,D01,2025,22.1,,THPT
NHH,Học viện Ngân hàng,BUS01,CLC Quản trị kinh doanh,D01,2025,22.1,,THPT
NHH,Học Viện Ngân Hàng,BUS01,Chất lượng cao Quản trị kinh doanh,D07,2025,22.1,,THPT
NHH,Học viện Ngân hàng,BUS01,CLC Quản trị kinh doanh,D07,2025,22.1,,THPT
NHH,Học Viện Ngân Hàng,BUS01,Chất lượng cao Quản trị kinh doanh,D09,2025,22.1,,THPT
NHH,Học viện Ngân hàng,BUS01,CLC Quản trị kinh doanh,D09,2025,22.1,,THPT
NHH,Học viện Ngân hàng,BUS02,Quản trị kinh doanh,A00,2025,24.38,,THPT
NHH,Học Viện Ngân Hàng,BUS02,Quản trị kinh doanh,A00,2025,24.38,,THPT
NHH,Học Viện Ngân Hàng,BUS02,Quản trị kinh doanh,A01,2025,24.38,,THPT
NHH,Học viện Ngân hàng,BUS02,Quản trị kinh doanh,A01,2025,24.38,,THPT
NHH,Học Viện Ngân Hàng,BUS02,Quản trị kinh doanh,D01,2025,24.38,,THPT
NHH,Học viện Ngân hàng,BUS02,Quản trị kinh doanh,D01,2025,24.38,,THPT
NHH,Học Viện Ngân Hàng,BUS02,Quản trị kinh doanh,D07,2025,24.38,,THPT
NHH,Học viện Ngân hàng,BUS02,Quản trị kinh doanh,D07,2025,24.38,,THPT
NHH,Học viện Ngân hàng,BUS03,Quản trị du lịch,A01,2025,23.53,,THPT
NHH,Học Viện Ngân Hàng,BUS03,Quản trị du lịch,A01,2025,23.53,,THPT
NHH,Học Viện Ngân Hàng,BUS03,Quản trị du lịch,D01,2025,23.53,,THPT
NHH,Học viện Ngân hàng,BUS03,Quản trị du lịch,D01,2025,23.53,,THPT
NHH,Học Viện Ngân Hàng,BUS03,Quản trị du lịch,D07,2025,23.53,,THPT
NHH,Học viện Ngân hàng,BUS03,Quản trị du lịch,D07,2025,23.53,,THPT
NHH,Học Viện Ngân Hàng,BUS03,Quản trị du lịch,D09,2025,23.53,,THPT
NHH,Học viện Ngân hàng,BUS03,Quản trị du lịch,D09,2025,23.53,,THPT
NHH,Học Viện Ngân Hàng,BUS04,"Quản trị kinh doanh CityU, Hoa Kỳ (Cấp song bằng)",A00,2025,21.13,,THPT
NHH,Học Viện Ngân Hàng,BUS04,"Quản trị kinh doanh CityU, Hoa Kỳ (Cấp song bằng)",A01,2025,21.13,,THPT
NHH,Học Viện Ngân Hàng,BUS04,"Quản trị kinh doanh CityU, Hoa Kỳ (Cấp song bằng)",D01,2025,21.13,,THPT
NHH,Học Viện Ngân Hàng,BUS04,"Quản trị kinh doanh CityU, Hoa Kỳ (Cấp song bằng)",D07,2025,21.13,,THPT
NHH,Học Viện Ngân Hàng,BUS05,"Marketing số (ĐH Coventry, Anh cấp bằng)",A00,2025,21.44,,THPT
NHH,Học Viện Ngân Hàng,BUS05,"Marketing số (ĐH Coventry, Anh cấp bằng)",A01,2025,21.44,,THPT
NHH,Học Viện Ngân Hàng,BUS05,"Marketing số (ĐH Coventry, Anh cấp bằng)",D01,2025,21.44,,THPT
NHH,Học Viện Ngân Hàng,BUS05,"Marketing số (ĐH Coventry, Anh cấp bằng)",D07,2025,21.44,,THPT
NHH,Học viện Ngân hàng,BUS06,Marketing số CLC,A01,2025,23.1,,THPT
NHH,Học Viện Ngân Hàng,BUS06,Chất lượng cao Marketing số,A01,2025,23.1,,THPT
NHH,Học Viện Ngân Hàng,BUS06,Chất lượng cao Marketing số,D01,2025,23.1,,THPT
NHH,Học viện Ngân hàng,BUS06,Marketing số CLC,D01,2025,23.1,,THPT
NHH,Học Viện Ngân Hàng,BUS06,Chất lượng cao Marketing số,D07,2025,23.1,,THPT
NHH,Học viện Ngân hàng,BUS06,Marketing số CLC,D07,2025,23.1,,THPT
NHH,Học Viện Ngân Hàng,BUS06,Chất lượng cao Marketing số,D09,2025,23.1,,THPT
NHH,Học viện Ngân hàng,BUS06,Marketing số CLC,D09,2025,23.1,,THPT
NHH,Học viện Ngân hàng,BUS07,Marketing,A00,2025,24.72,,THPT
NHH,Học Viện Ngân Hàng,BUS07,Marketing,A00,2025,24.72,,THPT
NHH,Học Viện Ngân Hàng,BUS07,Marketing,A01,2025,24.72,,THPT
NHH,Học viện Ngân hàng,BUS07,Marketing,A01,2025,24.72,,THPT
NHH,Học Viện Ngân Hàng,BUS07,Marketing,D01,2025,24.72,,THPT
NHH,Học viện Ngân hàng,BUS07,Marketing,D01,2025,24.72,,THPT
NHH,Học Viện Ngân Hàng,BUS07,Marketing,D07,2025,24.72,,THPT
NHH,Học viện Ngân hàng,BUS07,Marketing,D07,2025,24.72,,THPT
NHH,Học viện Ngân hàng,DS01,Khoa học dữ liệu trong kinh tế và kinh doanh,A00,2025,23.84,,THPT
NHH,Học Viện Ngân Hàng,DS01,Khoa học dữ liệu trong kinh tế và kinh doanh,A00,2025,23.84,,THPT
NHH,Học Viện Ngân Hàng,DS01,Khoa học dữ liệu trong kinh tế và kinh doanh,A01,2025,23.84,,THPT
NHH,Học viện Ngân hàng,DS01,Khoa học dữ liệu trong kinh tế và kinh doanh,A01,2025,23.84,,THPT
NHH,Học Viện Ngân Hàng,DS01,Khoa học dữ liệu trong kinh tế và kinh doanh,D01,2025,23.84,,THPT
NHH,Học viện Ngân hàng,DS01,Khoa học dữ liệu trong kinh tế và kinh doanh,D01,2025,23.84,,THPT
NHH,Học Viện Ngân Hàng,DS01,Khoa học dữ liệu trong kinh tế và kinh doanh,D07,2025,23.84,,THPT
NHH,Học viện Ngân hàng,DS01,Khoa học dữ liệu trong kinh tế và kinh doanh,D07,2025,23.84,,THPT
NHH,Học viện Ngân hàng,ECON01,Kinh tế,A01,2025,24.38,,THPT
NHH,Học Viện Ngân Hàng,ECON01,Kinh tế đầu tư,A01,2025,24.38,,THPT
NHH,Học Viện Ngân Hàng,ECON01,Kinh tế đầu tư,D01,2025,24.38,,THPT
NHH,Học viện Ngân hàng,ECON01,Kinh tế,D01,2025,24.38,,THPT
NHH,Học Viện Ngân Hàng,ECON01,Kinh tế đầu tư,D07,2025,24.38,,THPT
NHH,Học viện Ngân hàng,ECON01,Kinh tế,D07,2025,24.38,,THPT
NHH,Học Viện Ngân Hàng,ECON01,Kinh tế đầu tư,D09,2025,24.38,,THPT
NHH,Học viện Ngân hàng,ECON01,Kinh tế,D09,2025,24.38,,THPT
NHH,Học viện Ngân hàng,ECON02,Kinh tế đầu tư CLC,A01,2025,22.13,,THPT
NHH,Học Viện Ngân Hàng,ECON02,Chất lượng cao Kinh tế đầu tư,A01,2025,22.13,,THPT
NHH,Học Viện Ngân Hàng,ECON02,Chất lượng cao Kinh tế đầu tư,D01,2025,22.13,,THPT
NHH,Học viện Ngân hàng,ECON02,Kinh tế đầu tư CLC,D01,2025,22.13,,THPT
NHH,Học Viện Ngân Hàng,ECON02,Chất lượng cao Kinh tế đầu tư,D07,2025,22.13,,THPT
NHH,Học viện Ngân hàng,ECON02,Kinh tế đầu tư CLC,D07,2025,22.13,,THPT
NHH,Học Viện Ngân Hàng,ECON02,Chất lượng cao Kinh tế đầu tư,D09,2025,22.13,,THPT
NHH,Học viện Ngân hàng,ECON02,Kinh tế đầu tư CLC,D09,2025,22.13,,THPT
NHH,Học viện Ngân hàng,FIN01,CLC Tài chính,A01,2025,21.6,,THPT
NHH,Học Viện Ngân Hàng,FIN01,Chất lượng cao Tài chính,A01,2025,21.6,,THPT
NHH,Học Viện Ngân Hàng,FIN01,Chất lượng cao Tài chính,D01,2025,21.6,,THPT
NHH,Học viện Ngân hàng,FIN01,CLC Tài chính,D01,2025,21.6,,THPT
NHH,Học Viện Ngân Hàng,FIN01,Chất lượng cao Tài chính,D07,2025,21.6,,THPT
NHH,Học viện Ngân hàng,FIN01,CLC Tài chính,D07,2025,21.6,,THPT
NHH,Học Viện Ngân Hàng,FIN01,Chất lượng cao Tài chính,D09,2025,21.6,,THPT
NHH,Học viện Ngân hàng,FIN01,CLC Tài chính,D09,2025,21.6,,THPT
NHH,Học viện Ngân hàng,FIN02,Tài chính,A00,2025,25.16,,THPT
NHH,Học Viện Ngân Hàng,FIN02,Tài chính,A00,2025,25.16,,THPT
NHH,Học Viện Ngân Hàng,FIN02,Tài chính,A01,2025,25.16,,THPT
NHH,Học viện Ngân hàng,FIN02,Tài chính,A01,2025,25.16,,THPT
NHH,Học Viện Ngân Hàng,FIN02,Tài chính,D01,2025,25.16,,THPT
NHH,Học viện Ngân hàng,FIN02,Tài chính,D01,2025,25.16,,THPT
NHH,Học Viện Ngân Hàng,FIN02,Tài chính,D07,2025,25.16,,THPT
NHH,Học viện Ngân hàng,FIN02,Tài chính,D07,2025,25.16,,THPT
NHH,Học viện Ngân hàng,FIN03,Công nghệ Tài chính,A00,2025,24.4,,THPT
NHH,Học Viện Ngân Hàng,FIN03,Công nghệ tài chính,A00,2025,24.4,,THPT
NHH,Học Viện Ngân Hàng,FIN03,Công nghệ tài chính,A01,2025,24.4,,THPT
NHH,Học viện Ngân hàng,FIN03,Công nghệ Tài chính,A01,2025,24.4,,THPT
NHH,Học Viện Ngân Hàng,FIN03,Công nghệ tài chính,D01,2025,24.4,,THPT
NHH,Học viện Ngân hàng,FIN03,Công nghệ Tài chính,D01,2025,24.4,,THPT
NHH,Học Viện Ngân Hàng,FIN03,Công nghệ tài chính,D07,2025,24.4,,THPT
NHH,Học viện Ngân hàng,FIN03,Công nghệ Tài chính,D07,2025,24.4,,THPT
NHH,Học viện Ngân hàng,FIN04,Hoạch định và Tư vấn tài  chính CLC,A01,2025,21.05,,THPT
NHH,Học Viện Ngân Hàng,FIN04,Chất lượng cao Hoạch định và tư vấn tài chính,A01,2025,21.05,,THPT
NHH,Học Viện Ngân Hàng,FIN04,Chất lượng cao Hoạch định và tư vấn tài chính,D01,2025,21.05,,THPT
NHH,Học viện Ngân hàng,FIN04,Hoạch định và Tư vấn tài  chính CLC,D01,2025,21.05,,THPT
NHH,Học Viện Ngân Hàng,FIN04,Chất lượng cao Hoạch định và tư vấn tài chính,D07,2025,21.05,,THPT
NHH,Học viện Ngân hàng,FIN04,Hoạch định và Tư vấn tài  chính CLC,D07,2025,21.05,,THPT
NHH,Học Viện Ngân Hàng,FIN04,Chất lượng cao Hoạch định và tư vấn tài chính,D09,2025,21.05,,THPT
NHH,Học viện Ngân hàng,FIN04,Hoạch định và Tư vấn tài  chính CLC,D09,2025,21.05,,THPT
NHH,Học viện Ngân hàng,FL01,Ngôn ngữ Anh,A01,2025,23.41,,THPT
NHH,Học Viện Ngân Hàng,FL01,Ngôn ngữ Anh Tài chính - Ngân hàng,A01,2025,23.41,,THPT
NHH,Học Viện Ngân Hàng,FL01,Ngôn ngữ Anh Tài chính - Ngân hàng,D01,2025,23.41,,THPT
NHH,Học viện Ngân hàng,FL01,Ngôn ngữ Anh,D01,2025,23.41,,THPT
NHH,Học Viện Ngân Hàng,FL01,Ngôn ngữ Anh Tài chính - Ngân hàng,D07,2025,23.41,,THPT
NHH,Học viện Ngân hàng,FL01,Ngôn ngữ Anh,D07,2025,23.41,,THPT
NHH,Học Viện Ngân Hàng,FL01,Ngôn ngữ Anh Tài chính - Ngân hàng,D09,2025,23.41,,THPT
NHH,Học viện Ngân hàng,FL01,Ngôn ngữ Anh,D09,2025,23.41,,THPT
NHH,Học viện Ngân hàng,FL02,Ngôn ngữ Anh Tài chính - Ngân hàng CLC,A01,2025,21.82,,THPT
NHH,Học Viện Ngân Hàng,FL02,Chất lượng cao Ngôn ngữ Anh Tài chính - Ngân hàng,A01,2025,21.82,,THPT
NHH,Học Viện Ngân Hàng,FL02,Chất lượng cao Ngôn ngữ Anh Tài chính - Ngân hàng,D01,2025,21.82,,THPT
NHH,Học viện Ngân hàng,FL02,Ngôn ngữ Anh Tài chính - Ngân hàng CLC,D01,2025,21.82,,THPT
NHH,Học Viện Ngân Hàng,FL02,Chất lượng cao Ngôn ngữ Anh Tài chính - Ngân hàng,D07,2025,21.82,,THPT
NHH,Học viện Ngân hàng,FL02,Ngôn ngữ Anh Tài chính - Ngân hàng CLC,D07,2025,21.82,,THPT
NHH,Học Viện Ngân Hàng,FL02,Chất lượng cao Ngôn ngữ Anh Tài chính - Ngân hàng,D09,2025,21.82,,THPT
NHH,Học viện Ngân hàng,FL02,Ngôn ngữ Anh Tài chính - Ngân hàng CLC,D09,2025,21.82,,THPT
NHH,Học viện Ngân hàng,IB01,Kinh doanh quốc tế,A01,2025,25.25,,THPT
NHH,Học Viện Ngân Hàng,IB01,Kinh doanh quốc tế,A01,2025,25.25,,THPT
NHH,Học Viện Ngân Hàng,IB01,Kinh doanh quốc tế,D01,2025,25.25,,THPT
NHH,Học viện Ngân hàng,IB01,Kinh doanh quốc tế,D01,2025,25.25,,THPT
NHH,Học Viện Ngân Hàng,IB01,Kinh doanh quốc tế,D07,2025,25.25,,THPT
NHH,Học viện Ngân hàng,IB01,Kinh doanh quốc tế,D07,2025,25.25,,THPT
NHH,Học Viện Ngân Hàng,IB01,Kinh doanh quốc tế,D09,2025,25.25,,THPT
NHH,Học viện Ngân hàng,IB01,Kinh doanh quốc tế,D09,2025,25.25,,THPT
NHH,Học viện Ngân hàng,IB02,Logistics và Quản lý chuỗi cung ứng,A01,2025,25.11,,THPT
NHH,Học Viện Ngân Hàng,IB02,Logistics và quản lý chuỗi cung ứng,A01,2025,25.11,,THPT
NHH,Học Viện Ngân Hàng,IB02,Logistics và quản lý chuỗi cung ứng,D01,2025,25.11,,THPT
NHH,Học viện Ngân hàng,IB02,Logistics và Quản lý chuỗi cung ứng,D01,2025,25.11,,THPT
NHH,Học Viện Ngân Hàng,IB02,Logistics và quản lý chuỗi cung ứng,D07,2025,25.11,,THPT
NHH,Học viện Ngân hàng,IB02,Logistics và Quản lý chuỗi cung ứng,D07,2025,25.11,,THPT
NHH,Học Viện Ngân Hàng,IB02,Logistics và quản lý chuỗi cung ứng,D09,2025,25.11,,THPT
NHH,Học viện Ngân hàng,IB02,Logistics và Quản lý chuỗi cung ứng,D09,2025,25.11,,THPT
NHH,Học Viện Ngân Hàng,IB03,Kinh doanh quốc tế Coventry (Cấp song bằng),A00,2025,21.0,,THPT
NHH,Học Viện Ngân Hàng,IB03,Kinh doanh quốc tế Coventry (Cấp song bằng),A01,2025,21.0,,THPT
NHH,Học Viện Ngân Hàng,IB03,Kinh doanh quốc tế Coventry (Cấp song bằng),D01,2025,21.0,,THPT
NHH,Học Viện Ngân Hàng,IB03,Kinh doanh quốc tế Coventry (Cấp song bằng),D07,2025,21.0,,THPT
NHH,Học viện Ngân hàng,IB04,Kinh doanh quốc tế CLC,A01,2025,23.4,,THPT
NHH,Học Viện Ngân Hàng,IB04,Chất lượng cao Kinh doanh quốc tế,A01,2025,23.4,,THPT
NHH,Học Viện Ngân Hàng,IB04,Chất lượng cao Kinh doanh quốc tế,D01,2025,23.4,,THPT
NHH,Học viện Ngân hàng,IB04,Kinh doanh quốc tế CLC,D01,2025,23.4,,THPT
NHH,Học Viện Ngân Hàng,IB04,Chất lượng cao Kinh doanh quốc tế,D07,2025,23.4,,THPT
NHH,Học viện Ngân hàng,IB04,Kinh doanh quốc tế CLC,D07,2025,23.4,,THPT
NHH,Học Viện Ngân Hàng,IB04,Chất lượng cao Kinh doanh quốc tế,D09,2025,23.4,,THPT
NHH,Học viện Ngân hàng,IB04,Kinh doanh quốc tế CLC,D09,2025,23.4,,THPT
NHH,Học viện Ngân hàng,IB05,Thương mại điện tử CLC,A01,2025,23.48,,THPT
NHH,Học Viện Ngân Hàng,IB05,Chất lượng cao Thương mại điện tử,A01,2025,23.48,,THPT
NHH,Học Viện Ngân Hàng,IB05,Chất lượng cao Thương mại điện tử,D01,2025,23.48,,THPT
NHH,Học viện Ngân hàng,IB05,Thương mại điện tử CLC,D01,2025,23.48,,THPT
NHH,Học Viện Ngân Hàng,IB05,Chất lượng cao Thương mại điện tử,D07,2025,23.48,,THPT
NHH,Học viện Ngân hàng,IB05,Thương mại điện tử CLC,D07,2025,23.48,,THPT
NHH,Học Viện Ngân Hàng,IB05,Chất lượng cao Thương mại điện tử,D09,2025,23.48,,THPT
NHH,Học viện Ngân hàng,IB05,Thương mại điện tử CLC,D09,2025,23.48,,THPT
NHH,Học viện Ngân hàng,IT01,Công nghệ thông tin,A00,2025,23.53,,THPT
NHH,Học Viện Ngân Hàng,IT01,Công nghệ thông tin,A00,2025,23.53,,THPT
NHH,Học Viện Ngân Hàng,IT01,Công nghệ thông tin,A01,2025,23.53,,THPT
NHH,Học viện Ngân hàng,IT01,Công nghệ thông tin,A01,2025,23.53,,THPT
NHH,Học Viện Ngân Hàng,IT01,Công nghệ thông tin,D01,2025,23.53,,THPT
NHH,Học viện Ngân hàng,IT01,Công nghệ thông tin,D01,2025,23.53,,THPT
NHH,Học Viện Ngân Hàng,IT01,Công nghệ thông tin,D07,2025,23.53,,THPT
NHH,Học viện Ngân hàng,IT01,Công nghệ thông tin,D07,2025,23.53,,THPT
NHH,Học viện Ngân hàng,LAW01,Luật kinh tế,C00,2025,24.47,,THPT
NHH,Học viện Ngân hàng,LAW01,Luật kinh tế,C00,2025,26.97,,THPT
NHH,Học Viện Ngân Hàng,LAW01,Luật kinh tế,C00,2025,24.47,,THPT
NHH,Học Viện Ngân Hàng,LAW01,Luật kinh tế,C00,2025,24.47,,THPT
NHH,Học Viện Ngân Hàng,LAW01,Luật kinh tế,D01,2025,24.47,,THPT
NHH,Học viện Ngân hàng,LAW01,Luật kinh tế,D01,2025,24.47,,THPT
NHH,Học Viện Ngân Hàng,LAW01,Luật kinh tế,D01,2025,24.47,,THPT
NHH,Học viện Ngân hàng,MIS01,Hệ thống thông tin quản lý,A00,2025,24.75,,THPT
NHH,Học Viện Ngân Hàng,MIS01,Hệ thống thông tin quản lý,A00,2025,24.75,,THPT
NHH,Học Viện Ngân Hàng,MIS01,Hệ thống thông tin quản lý,A01,2025,24.75,,THPT
NHH,Học viện Ngân hàng,MIS01,Hệ thống thông tin quản lý,A01,2025,24.75,,THPT
NHH,Học Viện Ngân Hàng,MIS01,Hệ thống thông tin quản lý,D01,2025,24.75,,THPT
NHH,Học viện Ngân hàng,MIS01,Hệ thống thông tin quản lý,D01,2025,24.75,,THPT
NHH,Học Viện Ngân Hàng,MIS01,Hệ thống thông tin quản lý,D07,2025,24.75,,THPT
NHH,Học viện Ngân hàng,MIS01,Hệ thống thông tin quản lý,D07,2025,24.75,,THPT
NHH,Học viện Ngân hàng,MIS02,Hệ thống thông tin quản lý CLC,A01,2025,21.95,,THPT
NHH,Học Viện Ngân Hàng,MIS02,Chất lượng cao Hệ thống thông tin quản lý,A01,2025,21.95,,THPT
NHH,Học Viện Ngân Hàng,MIS02,Chất lượng cao Hệ thống thông tin quản lý,D01,2025,21.95,,THPT
NHH,Học viện Ngân hàng,MIS02,Hệ thống thông tin quản lý CLC,D01,2025,21.95,,THPT
NHH,Học Viện Ngân Hàng,MIS02,Chất lượng cao Hệ thống thông tin quản lý,D07,2025,21.95,,THPT
NHH,Học viện Ngân hàng,MIS02,Hệ thống thông tin quản lý CLC,D07,2025,21.95,,THPT
NHH,Học Viện Ngân Hàng,MIS02,Chất lượng cao Hệ thống thông tin quản lý,D09,2025,21.95,,THPT
NHH,Học viện Ngân hàng,MIS02,Hệ thống thông tin quản lý CLC,D09,2025,21.95,,THPT
NHP,Học Viện Ngân Hàng (Phân Viện Phú Yên),ACT02,Kế toán,A00,2025,15.0,,THPT
NHP,Học Viện Ngân Hàng (Phân Viện Phú Yên),ACT02,Kế toán,A01,2025,15.0,,THPT
NHP,Học Viện Ngân Hàng (Phân Viện Phú Yên),ACT02,Kế toán,D01,2025,15.0,,THPT
NHP,Học Viện Ngân Hàng (Phân Viện Phú Yên),ACT02,Kế toán,D07,2025,15.0,,THPT
NHP,Học Viện Ngân Hàng (Phân Viện Phú Yên),BANK02,Ngân hàng,A00,2025,15.0,,THPT
NHP,Học Viện Ngân Hàng (Phân Viện Phú Yên),BANK02,Ngân hàng,A01,2025,15.0,,THPT
NHP,Học Viện Ngân Hàng (Phân Viện Phú Yên),BANK02,Ngân hàng,D01,2025,15.0,,THPT
NHP,Học Viện Ngân Hàng (Phân Viện Phú Yên),BANK02,Ngân hàng,D07,2025,15.0,,THPT
NHP,Học Viện Ngân Hàng (Phân Viện Phú Yên),BUS02,Quản trị kinh doanh,A00,2025,15.0,,THPT
NHP,Học Viện Ngân Hàng (Phân Viện Phú Yên),BUS02,Quản trị kinh doanh,A01,2025,15.0,,THPT
NHP,Học Viện Ngân Hàng (Phân Viện Phú Yên),BUS02,Quản trị kinh doanh,D01,2025,15.0,,THPT
NHP,Học Viện Ngân Hàng (Phân Viện Phú Yên),BUS02,Quản trị kinh doanh,D07,2025,15.0,,THPT
NHP,Học Viện Ngân Hàng (Phân Viện Phú Yên),BUS07,Marketing,A00,2025,15.0,,THPT
NHP,Học Viện Ngân Hàng (Phân Viện Phú Yên),BUS07,Marketing,A01,2025,15.0,,THPT
NHP,Học Viện Ngân Hàng (Phân Viện Phú Yên),BUS07,Marketing,D01,2025,15.0,,THPT
NHP,Học Viện Ngân Hàng (Phân Viện Phú Yên),BUS07,Marketing,D07,2025,15.0,,THPT
NHP,Học Viện Ngân Hàng (Phân Viện Phú Yên),FIN02,Tài chính,A00,2025,15.0,,THPT
NHP,Học Viện Ngân Hàng (Phân Viện Phú Yên),FIN02,Tài chính,A01,2025,15.0,,THPT
NHP,Học Viện Ngân Hàng (Phân Viện Phú Yên),FIN02,Tài chính,D01,2025,15.0,,THPT
NHP,Học Viện Ngân Hàng (Phân Viện Phú Yên),FIN02,Tài chính,D07,2025,15.0,,THPT
NHS,Đại học Ngân hàng TP HCM,7220201,Ngôn ngữ Anh,A01,2025,21.82,,THPT
NHS,Trường Đại Học Ngân Hàng TPHCM,7220201,"Ngôn ngữ Anh (Chương trình Tiếng Anh thương mại, Chương trình Song ngữ Anh - Trung)",A01,2025,21.82,,THPT
NHS,Trường Đại Học Ngân Hàng TPHCM,7220201,"Ngôn ngữ Anh (Chương trình Tiếng Anh thương mại, Chương trình Song ngữ Anh - Trung)",A01,2025,21.82,,THPT
NHS,Trường Đại Học Ngân Hàng TPHCM,7220201,"Ngôn ngữ Anh (Chương trình Tiếng Anh thương mại, Chương trình Song ngữ Anh - Trung)",D01,2025,21.82,,THPT
NHS,Đại học Ngân hàng TP HCM,7220201,Ngôn ngữ Anh,D01,2025,21.82,,THPT
NHS,Trường Đại Học Ngân Hàng TPHCM,7220201,"Ngôn ngữ Anh (Chương trình Tiếng Anh thương mại, Chương trình Song ngữ Anh - Trung)",D07,2025,21.82,,THPT
NHS,Trường Đại Học Ngân Hàng TPHCM,7220201,"Ngôn ngữ Anh (Chương trình Tiếng Anh thương mại, Chương trình Song ngữ Anh - Trung)",D09,2025,21.82,,THPT
NHS,Trường Đại Học Ngân Hàng TPHCM,7220201,"Ngôn ngữ Anh (Chương trình Tiếng Anh thương mại, Chương trình Song ngữ Anh - Trung)",D10,2025,21.82,,THPT
NHS,Đại học Ngân hàng TP HCM,7220201_DB,Ngôn ngữ Anh Chương trình đào tạo đặc biệt,A01,2025,20.71,,THPT
NHS,Trường Đại Học Ngân Hàng TPHCM,7220201_DB,Ngôn ngữ Anh - Chương trình đào tạo đặc biệt,A01,2025,20.71,,THPT
NHS,Trường Đại Học Ngân Hàng TPHCM,7220201_DB,Ngôn ngữ Anh - Chương trình đào tạo đặc biệt,A01,2025,20.71,,THPT
NHS,Trường Đại Học Ngân Hàng TPHCM,7220201_DB,Ngôn ngữ Anh - Chương trình đào tạo đặc biệt,D01,2025,20.71,,THPT
NHS,Đại học Ngân hàng TP HCM,7220201_DB,Ngôn ngữ Anh Chương trình đào tạo đặc biệt,D01,2025,20.71,,THPT
NHS,Trường Đại Học Ngân Hàng TPHCM,7220201_DB,Ngôn ngữ Anh - Chương trình đào tạo đặc biệt,D07,2025,20.71,,THPT
NHS,Trường Đại Học Ngân Hàng TPHCM,7220201_DB,Ngôn ngữ Anh - Chương trình đào tạo đặc biệt,D09,2025,20.71,,THPT
NHS,Trường Đại Học Ngân Hàng TPHCM,7220201_DB,Ngôn ngữ Anh - Chương trình đào tạo đặc biệt,D10,2025,20.71,,THPT
NHS,Đại học Ngân hàng TP HCM,7310106,Kinh tế quốc tế,A00,2025,22.05,,THPT
NHS,Trường Đại Học Ngân Hàng TPHCM,7310106,Kinh tế quốc tế,A00,2025,22.05,,THPT
NHS,Trường Đại Học Ngân Hàng TPHCM,7310106,Kinh tế quốc tế,A01,2025,22.05,,THPT
NHS,Đại học Ngân hàng TP HCM,7310106,Kinh tế quốc tế,A01,2025,22.05,,THPT
NHS,Trường Đại Học Ngân Hàng TPHCM,7310106,Kinh tế quốc tế,A01,2025,22.05,,THPT
NHS,Trường Đại Học Ngân Hàng TPHCM,7310106,Kinh tế quốc tế,D01,2025,22.05,,THPT
NHS,Đại học Ngân hàng TP HCM,7310106,Kinh tế quốc tế,D01,2025,22.05,,THPT
NHS,Trường Đại Học Ngân Hàng TPHCM,7310106,Kinh tế quốc tế,D07,2025,22.05,,THPT
NHS,Trường Đại Học Ngân Hàng TPHCM,7310106,Kinh tế quốc tế,D07,2025,22.05,,THPT
NHS,Đại học Ngân hàng TP HCM,7310106,Kinh tế quốc tế,D07,2025,22.05,,THPT
NHS,Trường Đại Học Ngân Hàng TPHCM,7310106,Kinh tế quốc tế,D09,2025,22.05,,THPT
NHS,Trường Đại Học Ngân Hàng TPHCM,7310106,Kinh tế quốc tế,D10,2025,22.05,,THPT
NHS,Đại học Ngân hàng TP HCM,7310106_TABP,Kinh tế quốc tế,A00,2025,22.08,,THPT
NHS,Trường Đại Học Ngân Hàng TPHCM,7310106_TABP,Kinh tế quốc tế (tiếng Anh bán phần),A00,2025,22.08,,THPT
NHS,Trường Đại Học Ngân Hàng TPHCM,7310106_TABP,Kinh tế quốc tế (tiếng Anh bán phần),A01,2025,22.08,,THPT
NHS,Đại học Ngân hàng TP HCM,7310106_TABP,Kinh tế quốc tế,A01,2025,22.08,,THPT
NHS,Trường Đại Học Ngân Hàng TPHCM,7310106_TABP,Kinh tế quốc tế (tiếng Anh bán phần),A01,2025,22.08,,THPT
NHS,Trường Đại Học Ngân Hàng TPHCM,7310106_TABP,Kinh tế quốc tế (tiếng Anh bán phần),D01,2025,22.08,,THPT
NHS,Đại học Ngân hàng TP HCM,7310106_TABP,Kinh tế quốc tế,D01,2025,22.08,,THPT
NHS,Trường Đại Học Ngân Hàng TPHCM,7310106_TABP,Kinh tế quốc tế (tiếng Anh bán phần),D07,2025,22.08,,THPT
NHS,Trường Đại Học Ngân Hàng TPHCM,7310106_TABP,Kinh tế quốc tế (tiếng Anh bán phần),D07,2025,22.08,,THPT
NHS,Đại học Ngân hàng TP HCM,7310106_TABP,Kinh tế quốc tế,D07,2025,22.08,,THPT
NHS,Trường Đại Học Ngân Hàng TPHCM,7310106_TABP,Kinh tế quốc tế (tiếng Anh bán phần),D09,2025,22.08,,THPT
NHS,Trường Đại Học Ngân Hàng TPHCM,7310106_TABP,Kinh tế quốc tế (tiếng Anh bán phần),D10,2025,22.08,,THPT
NHS,Đại học Ngân hàng TP HCM,7340101,Quản trị Kinh doanh,A00,2025,22.86,,THPT
NHS,Trường Đại Học Ngân Hàng TPHCM,7340101,Quản trị kinh doanh,A00,2025,22.86,,THPT
NHS,Trường Đại Học Ngân Hàng TPHCM,7340101,Quản trị kinh doanh,A00,2025,22.86,,THPT
NHS,Trường Đại Học Ngân Hàng TPHCM,7340101,Quản trị kinh doanh,A01,2025,22.86,,THPT
NHS,Trường Đại Học Ngân Hàng TPHCM,7340101,Quản trị kinh doanh,A01,2025,22.86,,THPT
NHS,Đại học Ngân hàng TP HCM,7340101,Quản trị Kinh doanh,A01,2025,22.86,,THPT
NHS,Trường Đại Học Ngân Hàng TPHCM,7340101,Quản trị kinh doanh,D01,2025,22.86,,THPT
NHS,Đại học Ngân hàng TP HCM,7340101,Quản trị Kinh doanh,D01,2025,22.86,,THPT
NHS,Trường Đại Học Ngân Hàng TPHCM,7340101,Quản trị kinh doanh,D07,2025,22.86,,THPT
NHS,Đại học Ngân hàng TP HCM,7340101,Quản trị Kinh doanh,D07,2025,22.86,,THPT
NHS,Trường Đại Học Ngân Hàng TPHCM,7340101_QTSB,Quản trị kinh doanh \r\n(Chương trình Quản trị kinh doanh; Marketing; Quản lý chuỗi cung ứng; Tài chính \r\ndo ĐH Bolton (Anh Quốc) và HUB mỗi bên cấp một bằng cử nhân),A00,2025,19.3,,THPT
NHS,Trường Đại Học Ngân Hàng TPHCM,7340101_QTSB,Quản trị kinh doanh (Chương trình Quản trị kinh doanh; Marketing; Quản lý chuỗi cung ứng; Tài chính  do ĐH Bolton (Anh Quốc) và HUB mỗi bên cấp một bằng cử nhân),A00,2025,0.0,,THPT
NHS,Trường Đại Học Ngân Hàng TPHCM,7340101_QTSB,Quản trị kinh doanh \r\n(Chương trình Quản trị kinh doanh; Marketing; Quản lý chuỗi cung ứng; Tài chính \r\ndo ĐH Bolton (Anh Quốc) và HUB mỗi bên cấp một bằng cử nhân),A01,2025,19.3,,THPT
NHS,Trường Đại Học Ngân Hàng TPHCM,7340101_QTSB,Quản trị kinh doanh (Chương trình Quản trị kinh doanh; Marketing; Quản lý chuỗi cung ứng; Tài chính  do ĐH Bolton (Anh Quốc) và HUB mỗi bên cấp một bằng cử nhân),A01,2025,0.0,,THPT
NHS,Trường Đại Học Ngân Hàng TPHCM,7340101_QTSB,Quản trị kinh doanh \r\n(Chương trình Quản trị kinh doanh; Marketing; Quản lý chuỗi cung ứng; Tài chính \r\ndo ĐH Bolton (Anh Quốc) và HUB mỗi bên cấp một bằng cử nhân),D01,2025,19.3,,THPT
NHS,Trường Đại Học Ngân Hàng TPHCM,7340101_QTSB,Quản trị kinh doanh (Chương trình Quản trị kinh doanh; Marketing; Quản lý chuỗi cung ứng; Tài chính  do ĐH Bolton (Anh Quốc) và HUB mỗi bên cấp một bằng cử nhân),D01,2025,0.0,,THPT
NHS,Trường Đại Học Ngân Hàng TPHCM,7340101_QTSB,Quản trị kinh doanh \r\n(Chương trình Quản trị kinh doanh; Marketing; Quản lý chuỗi cung ứng; Tài chính \r\ndo ĐH Bolton (Anh Quốc) và HUB mỗi bên cấp một bằng cử nhân),D07,2025,19.3,,THPT
NHS,Trường Đại Học Ngân Hàng TPHCM,7340101_QTSB,Quản trị kinh doanh (Chương trình Quản trị kinh doanh; Marketing; Quản lý chuỗi cung ứng; Tài chính  do ĐH Bolton (Anh Quốc) và HUB mỗi bên cấp một bằng cử nhân),D07,2025,0.0,,THPT
NHS,Đại học Ngân hàng TP HCM,7340101_TABP,Quản trị Kinh doanh CLC,A00,2025,19.1,,THPT
NHS,Trường Đại Học Ngân Hàng TPHCM,7340101_TABP,Quản trị kinh doanh TABP (Chương trình định hướng E.Business),A00,2025,19.1,,THPT
NHS,Trường Đại Học Ngân Hàng TPHCM,7340101_TABP,Quản trị kinh doanh TABP (Chương trình định hướng E.Business),A00,2025,19.1,,THPT
NHS,Trường Đại Học Ngân Hàng TPHCM,7340101_TABP,Quản trị kinh doanh TABP (Chương trình định hướng E.Business),A01,2025,19.1,,THPT
NHS,Trường Đại Học Ngân Hàng TPHCM,7340101_TABP,Quản trị kinh doanh TABP (Chương trình định hướng E.Business),A01,2025,19.1,,THPT
NHS,Đại học Ngân hàng TP HCM,7340101_TABP,Quản trị Kinh doanh CLC,A01,2025,19.1,,THPT
NHS,Trường Đại Học Ngân Hàng TPHCM,7340101_TABP,Quản trị kinh doanh TABP (Chương trình định hướng E.Business),D01,2025,19.1,,THPT
NHS,Đại học Ngân hàng TP HCM,7340101_TABP,Quản trị Kinh doanh CLC,D01,2025,19.1,,THPT
NHS,Trường Đại Học Ngân Hàng TPHCM,7340101_TABP,Quản trị kinh doanh TABP (Chương trình định hướng E.Business),D07,2025,19.1,,THPT
NHS,Đại học Ngân hàng TP HCM,7340101_TABP,Quản trị Kinh doanh CLC,D07,2025,19.1,,THPT
NHS,Đại học Ngân hàng TP HCM,7340115,Marketing,A00,2025,23.58,,THPT
NHS,Trường Đại Học Ngân Hàng TPHCM,7340115,Marketing,A00,2025,23.58,,THPT
NHS,Trường Đại Học Ngân Hàng TPHCM,7340115,Marketing,A00,2025,23.58,,THPT
NHS,Trường Đại Học Ngân Hàng TPHCM,7340115,Marketing,A01,2025,23.58,,THPT
NHS,Trường Đại Học Ngân Hàng TPHCM,7340115,Marketing,A01,2025,23.58,,THPT
NHS,Đại học Ngân hàng TP HCM,7340115,Marketing,A01,2025,23.58,,THPT
NHS,Trường Đại Học Ngân Hàng TPHCM,7340115,Marketing,D01,2025,23.58,,THPT
NHS,Đại học Ngân hàng TP HCM,7340115,Marketing,D01,2025,23.58,,THPT
NHS,Trường Đại Học Ngân Hàng TPHCM,7340115,Marketing,D07,2025,23.58,,THPT
NHS,Đại học Ngân hàng TP HCM,7340115,Marketing,D07,2025,23.58,,THPT
NHS,Trường Đại Học Ngân Hàng TPHCM,7340115,Marketing,D09,2025,23.58,,THPT
NHS,Trường Đại Học Ngân Hàng TPHCM,7340115,Marketing,D10,2025,23.58,,THPT
NHS,Đại học Ngân hàng TP HCM,7340120,Ngành Kinh doanh quốc tế,A00,2025,23.6,,THPT
NHS,Trường Đại Học Ngân Hàng TPHCM,7340120,Kinh doanh quốc tế,A00,2025,23.6,,THPT
NHS,Trường Đại Học Ngân Hàng TPHCM,7340120,Kinh doanh quốc tế,A01,2025,23.6,,THPT
NHS,Đại học Ngân hàng TP HCM,7340120,Ngành Kinh doanh quốc tế,A01,2025,23.6,,THPT
NHS,Trường Đại Học Ngân Hàng TPHCM,7340120,Kinh doanh quốc tế,A01,2025,23.6,,THPT
NHS,Trường Đại Học Ngân Hàng TPHCM,7340120,Kinh doanh quốc tế,D01,2025,23.6,,THPT
NHS,Đại học Ngân hàng TP HCM,7340120,Ngành Kinh doanh quốc tế,D01,2025,23.6,,THPT
NHS,Trường Đại Học Ngân Hàng TPHCM,7340120,Kinh doanh quốc tế,D07,2025,23.6,,THPT
NHS,Trường Đại Học Ngân Hàng TPHCM,7340120,Kinh doanh quốc tế,D07,2025,23.6,,THPT
NHS,Đại học Ngân hàng TP HCM,7340120,Ngành Kinh doanh quốc tế,D07,2025,23.6,,THPT
NHS,Trường Đại Học Ngân Hàng TPHCM,7340120,Kinh doanh quốc tế,D09,2025,23.6,,THPT
NHS,Trường Đại Học Ngân Hàng TPHCM,7340120,Kinh doanh quốc tế,D10,2025,23.6,,THPT
NHS,Đại học Ngân hàng TP HCM,7340122,Thương mại điện tử,A00,2025,23.48,,THPT
NHS,Trường Đại Học Ngân Hàng TPHCM,7340122,Thương mại điện tử,A00,2025,23.48,,THPT
NHS,Trường Đại Học Ngân Hàng TPHCM,7340122,Thương mại điện tử,A00,2025,23.48,,THPT
NHS,Trường Đại Học Ngân Hàng TPHCM,7340122,Thương mại điện tử,A01,2025,23.48,,THPT
NHS,Trường Đại Học Ngân Hàng TPHCM,7340122,Thương mại điện tử,A01,2025,23.48,,THPT
NHS,Đại học Ngân hàng TP HCM,7340122,Thương mại điện tử,A01,2025,23.48,,THPT
NHS,Trường Đại Học Ngân Hàng TPHCM,7340122,Thương mại điện tử,D01,2025,23.48,,THPT
NHS,Đại học Ngân hàng TP HCM,7340122,Thương mại điện tử,D01,2025,23.48,,THPT
NHS,Trường Đại Học Ngân Hàng TPHCM,7340122,Thương mại điện tử,D07,2025,23.48,,THPT
NHS,Đại học Ngân hàng TP HCM,7340122,Thương mại điện tử,D07,2025,23.48,,THPT
NHS,Trường Đại Học Ngân Hàng TPHCM,7340122,Thương mại điện tử,D09,2025,23.48,,THPT
NHS,Trường Đại Học Ngân Hàng TPHCM,7340122,Thương mại điện tử,D10,2025,23.48,,THPT
NHS,Đại học Ngân hàng TP HCM,7340201,Tài chính – Ngân hàng,A00,2025,22.76,,THPT
NHS,Trường Đại Học Ngân Hàng TPHCM,7340201,Tài chính – Ngân hàng,A00,2025,0.0,,THPT
NHS,Trường Đại Học Ngân Hàng TPHCM,7340201,Tài chính - Ngân hàng,A00,2025,22.76,,THPT
NHS,Trường Đại Học Ngân Hàng TPHCM,7340201,Tài chính – Ngân hàng,A01,2025,0.0,,THPT
NHS,Trường Đại Học Ngân Hàng TPHCM,7340201,Tài chính - Ngân hàng,A01,2025,22.76,,THPT
NHS,Đại học Ngân hàng TP HCM,7340201,Tài chính – Ngân hàng,A01,2025,22.76,,THPT
NHS,Trường Đại Học Ngân Hàng TPHCM,7340201,Tài chính - Ngân hàng,D01,2025,22.76,,THPT
NHS,Đại học Ngân hàng TP HCM,7340201,Tài chính – Ngân hàng,D01,2025,22.76,,THPT
NHS,Trường Đại Học Ngân Hàng TPHCM,7340201,Tài chính - Ngân hàng,D07,2025,22.76,,THPT
NHS,Đại học Ngân hàng TP HCM,7340201,Tài chính – Ngân hàng,D07,2025,22.76,,THPT
NHS,Trường Đại Học Ngân Hàng TPHCM,7340201_QTSB,Tài chính – Ngân hàng (Chương trình Tài chính - Ngân hàng - Bảo hiểm do ĐH Toulon (Pháp) và HUB mỗi bên cấp một bằng cử nhân),A00,2025,19.25,,THPT
NHS,Trường Đại Học Ngân Hàng TPHCM,7340201_QTSB,Tài chính – Ngân hàng\r\n(Chương trình Tài chính - Ngân hàng - Bảo hiểm\r\ndo ĐH Toulon (Pháp) và HUB mỗi bên cấp một bằng cử nhân),A00,2025,0.0,,THPT
NHS,Trường Đại Học Ngân Hàng TPHCM,7340201_QTSB,Tài chính – Ngân hàng (Chương trình Tài chính - Ngân hàng - Bảo hiểm do ĐH Toulon (Pháp) và HUB mỗi bên cấp một bằng cử nhân),A01,2025,19.25,,THPT
NHS,Trường Đại Học Ngân Hàng TPHCM,7340201_QTSB,Tài chính – Ngân hàng\r\n(Chương trình Tài chính - Ngân hàng - Bảo hiểm\r\ndo ĐH Toulon (Pháp) và HUB mỗi bên cấp một bằng cử nhân),A01,2025,0.0,,THPT
NHS,Trường Đại Học Ngân Hàng TPHCM,7340201_QTSB,Tài chính – Ngân hàng (Chương trình Tài chính - Ngân hàng - Bảo hiểm do ĐH Toulon (Pháp) và HUB mỗi bên cấp một bằng cử nhân),D01,2025,19.25,,THPT
NHS,Trường Đại Học Ngân Hàng TPHCM,7340201_QTSB,Tài chính – Ngân hàng\r\n(Chương trình Tài chính - Ngân hàng - Bảo hiểm\r\ndo ĐH Toulon (Pháp) và HUB mỗi bên cấp một bằng cử nhân),D01,2025,0.0,,THPT
NHS,Trường Đại Học Ngân Hàng TPHCM,7340201_QTSB,Tài chính – Ngân hàng (Chương trình Tài chính - Ngân hàng - Bảo hiểm do ĐH Toulon (Pháp) và HUB mỗi bên cấp một bằng cử nhân),D07,2025,19.25,,THPT
NHS,Trường Đại Học Ngân Hàng TPHCM,7340201_QTSB,Tài chính – Ngân hàng\r\n(Chương trình Tài chính - Ngân hàng - Bảo hiểm\r\ndo ĐH Toulon (Pháp) và HUB mỗi bên cấp một bằng cử nhân),D07,2025,0.0,,THPT
NHS,Đại học Ngân hàng TP HCM,7340201_TABP,Tài chính ngân hàng CLC,A00,2025,18.73,,THPT
NHS,Trường Đại Học Ngân Hàng TPHCM,7340201_TABP,Tài chính – Ngân hàng TABP\r\n(Chương trình định hướng công nghệ tài chính và chuyển đổi số),A00,2025,18.73,,THPT
NHS,Trường Đại Học Ngân Hàng TPHCM,7340201_TABP,Tài chính – Ngân hàng TABP\r\n(Chương trình định hướng công nghệ tài chính và chuyển đổi số),A00,2025,18.73,,THPT
NHS,Trường Đại Học Ngân Hàng TPHCM,7340201_TABP,Tài chính – Ngân hàng TABP\r\n(Chương trình định hướng công nghệ tài chính và chuyển đổi số),A01,2025,18.73,,THPT
NHS,Trường Đại Học Ngân Hàng TPHCM,7340201_TABP,Tài chính – Ngân hàng TABP\r\n(Chương trình định hướng công nghệ tài chính và chuyển đổi số),A01,2025,18.73,,THPT
NHS,Đại học Ngân hàng TP HCM,7340201_TABP,Tài chính ngân hàng CLC,A01,2025,18.73,,THPT
NHS,Trường Đại Học Ngân Hàng TPHCM,7340201_TABP,Tài chính – Ngân hàng TABP\r\n(Chương trình định hướng công nghệ tài chính và chuyển đổi số),D01,2025,18.73,,THPT
NHS,Đại học Ngân hàng TP HCM,7340201_TABP,Tài chính ngân hàng CLC,D01,2025,18.73,,THPT
NHS,Trường Đại Học Ngân Hàng TPHCM,7340201_TABP,Tài chính – Ngân hàng TABP\r\n(Chương trình định hướng công nghệ tài chính và chuyển đổi số),D07,2025,18.73,,THPT
NHS,Đại học Ngân hàng TP HCM,7340201_TABP,Tài chính ngân hàng CLC,D07,2025,18.73,,THPT
NHS,Đại học Ngân hàng TP HCM,7340205,Công nghệ tài chính,A00,2025,22.76,,THPT
NHS,Trường Đại Học Ngân Hàng TPHCM,7340205,Công nghệ tài chính (Fintech),A00,2025,22.76,,THPT
NHS,Trường Đại Học Ngân Hàng TPHCM,7340205,Công nghệ tài chính (Fintech),A00,2025,22.76,,THPT
NHS,Trường Đại Học Ngân Hàng TPHCM,7340205,Công nghệ tài chính (Fintech),A01,2025,22.76,,THPT
NHS,Trường Đại Học Ngân Hàng TPHCM,7340205,Công nghệ tài chính (Fintech),A01,2025,22.76,,THPT
NHS,Đại học Ngân hàng TP HCM,7340205,Công nghệ tài chính,A01,2025,22.76,,THPT
NHS,Trường Đại Học Ngân Hàng TPHCM,7340205,Công nghệ tài chính (Fintech),D01,2025,22.76,,THPT
NHS,Đại học Ngân hàng TP HCM,7340205,Công nghệ tài chính,D01,2025,22.76,,THPT
NHS,Trường Đại Học Ngân Hàng TPHCM,7340205,Công nghệ tài chính (Fintech),D07,2025,22.76,,THPT
NHS,Đại học Ngân hàng TP HCM,7340205,Công nghệ tài chính,D07,2025,22.76,,THPT
NHS,Đại học Ngân hàng TP HCM,7340301,Kế toán,A00,2025,22.47,,THPT
NHS,Trường Đại Học Ngân Hàng TPHCM,7340301,Kế toán,A00,2025,22.47,,THPT
NHS,Trường Đại Học Ngân Hàng TPHCM,7340301,Kế toán,A00,2025,22.47,,THPT
NHS,Trường Đại Học Ngân Hàng TPHCM,7340301,Kế toán,A01,2025,22.47,,THPT
NHS,Trường Đại Học Ngân Hàng TPHCM,7340301,Kế toán,A01,2025,22.47,,THPT
NHS,Đại học Ngân hàng TP HCM,7340301,Kế toán,A01,2025,22.47,,THPT
NHS,Trường Đại Học Ngân Hàng TPHCM,7340301,Kế toán,D01,2025,22.47,,THPT
NHS,Đại học Ngân hàng TP HCM,7340301,Kế toán,D01,2025,22.47,,THPT
NHS,Trường Đại Học Ngân Hàng TPHCM,7340301,Kế toán,D07,2025,22.47,,THPT
NHS,Đại học Ngân hàng TP HCM,7340301,Kế toán,D07,2025,22.47,,THPT
NHS,Đại học Ngân hàng TP HCM,7340301_TABP,Kế toán CLC,A00,2025,18.35,,THPT
NHS,Trường Đại Học Ngân Hàng TPHCM,7340301_TABP,Kế toán TABP (Chương trình định hướng Digital Accounting),A00,2025,18.35,,THPT
NHS,Trường Đại Học Ngân Hàng TPHCM,7340301_TABP,Kế toán TABP (Chương trình định hướng Digital Accounting),A00,2025,18.35,,THPT
NHS,Trường Đại Học Ngân Hàng TPHCM,7340301_TABP,Kế toán TABP (Chương trình định hướng Digital Accounting),A01,2025,18.35,,THPT
NHS,Trường Đại Học Ngân Hàng TPHCM,7340301_TABP,Kế toán TABP (Chương trình định hướng Digital Accounting),A01,2025,18.35,,THPT
NHS,Đại học Ngân hàng TP HCM,7340301_TABP,Kế toán CLC,A01,2025,18.35,,THPT
NHS,Trường Đại Học Ngân Hàng TPHCM,7340301_TABP,Kế toán TABP (Chương trình định hướng Digital Accounting),D01,2025,18.35,,THPT
NHS,Đại học Ngân hàng TP HCM,7340301_TABP,Kế toán CLC,D01,2025,18.35,,THPT
NHS,Trường Đại Học Ngân Hàng TPHCM,7340301_TABP,Kế toán TABP (Chương trình định hướng Digital Accounting),D07,2025,18.35,,THPT
NHS,Đại học Ngân hàng TP HCM,7340301_TABP,Kế toán CLC,D07,2025,18.35,,THPT
NHS,Đại học Ngân hàng TP HCM,7340302,Kiểm toán,A00,2025,23.58,,THPT
NHS,Trường Đại Học Ngân Hàng TPHCM,7340302,Kiểm toán,A00,2025,23.58,,THPT
NHS,Trường Đại Học Ngân Hàng TPHCM,7340302,Kiểm toán,A00,2025,23.58,,THPT
NHS,Trường Đại Học Ngân Hàng TPHCM,7340302,Kiểm toán,A01,2025,23.58,,THPT
NHS,Trường Đại Học Ngân Hàng TPHCM,7340302,Kiểm toán,A01,2025,23.58,,THPT
NHS,Đại học Ngân hàng TP HCM,7340302,Kiểm toán,A01,2025,23.58,,THPT
NHS,Trường Đại Học Ngân Hàng TPHCM,7340302,Kiểm toán,D01,2025,23.58,,THPT
NHS,Đại học Ngân hàng TP HCM,7340302,Kiểm toán,D01,2025,23.58,,THPT
NHS,Trường Đại Học Ngân Hàng TPHCM,7340302,Kiểm toán,D07,2025,23.58,,THPT
NHS,Đại học Ngân hàng TP HCM,7340302,Kiểm toán,D07,2025,23.58,,THPT
NHS,Đại học Ngân hàng TP HCM,7340405,Hệ thống thông tin,A00,2025,21.5,,THPT
NHS,Trường Đại Học Ngân Hàng TPHCM,7340405,Hệ thống thông tin quản lý,A00,2025,21.5,,THPT
NHS,Trường Đại Học Ngân Hàng TPHCM,7340405,Hệ thống thông tin quản lý,A00,2025,21.5,,THPT
NHS,Trường Đại Học Ngân Hàng TPHCM,7340405,Hệ thống thông tin quản lý,A01,2025,21.5,,THPT
NHS,Trường Đại Học Ngân Hàng TPHCM,7340405,Hệ thống thông tin quản lý,A01,2025,21.5,,THPT
NHS,Đại học Ngân hàng TP HCM,7340405,Hệ thống thông tin,A01,2025,21.5,,THPT
NHS,Trường Đại Học Ngân Hàng TPHCM,7340405,Hệ thống thông tin quản lý,D01,2025,21.5,,THPT
NHS,Đại học Ngân hàng TP HCM,7340405,Hệ thống thông tin,D01,2025,21.5,,THPT
NHS,Trường Đại Học Ngân Hàng TPHCM,7340405,Hệ thống thông tin quản lý,D07,2025,21.5,,THPT
NHS,Đại học Ngân hàng TP HCM,7340405,Hệ thống thông tin,D07,2025,21.5,,THPT
NHS,Đại học Ngân hàng TP HCM,7340405_TABP,Hệ thống thông tin quản lý,A00,2025,20.35,,THPT
NHS,Trường Đại Học Ngân Hàng TPHCM,7340405_TABP,Hệ thống thông tin quản lý (tiếng Anh bán phần),A00,2025,20.35,,THPT
NHS,Trường Đại Học Ngân Hàng TPHCM,7340405_TABP,Hệ thống thông tin quản lý (tiếng Anh bán phần),A00,2025,20.35,,THPT
NHS,Trường Đại Học Ngân Hàng TPHCM,7340405_TABP,Hệ thống thông tin quản lý (tiếng Anh bán phần),A00,2025,20.35,,THPT
NHS,Trường Đại Học Ngân Hàng TPHCM,7340405_TABP,Hệ thống thông tin quản lý (tiếng Anh bán phần),A01,2025,20.35,,THPT
NHS,Trường Đại Học Ngân Hàng TPHCM,7340405_TABP,Hệ thống thông tin quản lý (tiếng Anh bán phần),A01,2025,20.35,,THPT
NHS,Trường Đại Học Ngân Hàng TPHCM,7340405_TABP,Hệ thống thông tin quản lý (tiếng Anh bán phần),A01,2025,20.35,,THPT
NHS,Đại học Ngân hàng TP HCM,7340405_TABP,Hệ thống thông tin quản lý,A01,2025,20.35,,THPT
NHS,Trường Đại Học Ngân Hàng TPHCM,7340405_TABP,Hệ thống thông tin quản lý (tiếng Anh bán phần),D01,2025,20.35,,THPT
NHS,Trường Đại Học Ngân Hàng TPHCM,7340405_TABP,Hệ thống thông tin quản lý (tiếng Anh bán phần),D01,2025,20.35,,THPT
NHS,Đại học Ngân hàng TP HCM,7340405_TABP,Hệ thống thông tin quản lý,D01,2025,20.35,,THPT
NHS,Trường Đại Học Ngân Hàng TPHCM,7340405_TABP,Hệ thống thông tin quản lý (tiếng Anh bán phần),D07,2025,20.35,,THPT
NHS,Trường Đại Học Ngân Hàng TPHCM,7340405_TABP,Hệ thống thông tin quản lý (tiếng Anh bán phần),D07,2025,20.35,,THPT
NHS,Đại học Ngân hàng TP HCM,7340405_TABP,Hệ thống thông tin quản lý,D07,2025,20.35,,THPT
NHS,Đại học Ngân hàng TP HCM,7380101,Ngành Luật,A00,2025,19.55,,THPT
NHS,Trường Đại Học Ngân Hàng TPHCM,7380101,Luật,A00,2025,19.55,,THPT
NHS,Trường Đại Học Ngân Hàng TPHCM,7380101,Luật,A01,2025,19.55,,THPT
NHS,Đại học Ngân hàng TP HCM,7380101,Ngành Luật,A01,2025,19.55,,THPT
NHS,Trường Đại Học Ngân Hàng TPHCM,7380101,Luật,A01,2025,19.55,,THPT
NHS,Trường Đại Học Ngân Hàng TPHCM,7380101,Luật,C00,2025,19.55,,THPT
NHS,Đại học Ngân hàng TP HCM,7380101,Ngành Luật,C00,2025,19.55,,THPT
NHS,Trường Đại Học Ngân Hàng TPHCM,7380101,Luật,D01,2025,19.55,,THPT
NHS,Đại học Ngân hàng TP HCM,7380101,Ngành Luật,D01,2025,19.55,,THPT
NHS,Trường Đại Học Ngân Hàng TPHCM,7380101,Luật,D09,2025,19.55,,THPT
NHS,Đại học Ngân hàng TP HCM,7380107,Luật kinh tế,A00,2025,22.0,,THPT
NHS,Trường Đại Học Ngân Hàng TPHCM,7380107,Luật kinh tế,A00,2025,22.0,,THPT
NHS,Trường Đại Học Ngân Hàng TPHCM,7380107,Luật kinh tế,A01,2025,22.0,,THPT
NHS,Đại học Ngân hàng TP HCM,7380107,Luật kinh tế,A01,2025,22.0,,THPT
NHS,Trường Đại Học Ngân Hàng TPHCM,7380107,Luật kinh tế,A01,2025,22.0,,THPT
NHS,Trường Đại Học Ngân Hàng TPHCM,7380107,Luật kinh tế,C00,2025,22.0,,THPT
NHS,Đại học Ngân hàng TP HCM,7380107,Luật kinh tế,C00,2025,22.0,,THPT
NHS,Trường Đại Học Ngân Hàng TPHCM,7380107,Luật kinh tế,D01,2025,22.0,,THPT
NHS,Đại học Ngân hàng TP HCM,7380107,Luật kinh tế,D01,2025,22.0,,THPT
NHS,Trường Đại Học Ngân Hàng TPHCM,7380107,Luật kinh tế,D09,2025,22.0,,THPT
NHS,Đại học Ngân hàng TP HCM,7380107_TABP,Luật Kinh tế TABP,A00,2025,19.86,,THPT
NHS,Trường Đại Học Ngân Hàng TPHCM,7380107_TABP,Luật kinh tế (tiếng Anh bán phần),A00,2025,19.86,,THPT
NHS,Trường Đại Học Ngân Hàng TPHCM,7380107_TABP,Luật kinh tế (tiếng Anh bán phần),A00,2025,19.86,,THPT
NHS,Trường Đại Học Ngân Hàng TPHCM,7380107_TABP,Luật kinh tế (tiếng Anh bán phần),A01,2025,19.86,,THPT
NHS,Trường Đại Học Ngân Hàng TPHCM,7380107_TABP,Luật kinh tế (tiếng Anh bán phần),A01,2025,19.86,,THPT
NHS,Đại học Ngân hàng TP HCM,7380107_TABP,Luật Kinh tế TABP,A01,2025,19.86,,THPT
NHS,Trường Đại Học Ngân Hàng TPHCM,7380107_TABP,Luật kinh tế (tiếng Anh bán phần),A01,2025,19.86,,THPT
NHS,Trường Đại Học Ngân Hàng TPHCM,7380107_TABP,Luật kinh tế (tiếng Anh bán phần),C00,2025,19.86,,THPT
NHS,Đại học Ngân hàng TP HCM,7380107_TABP,Luật Kinh tế TABP,C00,2025,19.86,,THPT
NHS,Trường Đại Học Ngân Hàng TPHCM,7380107_TABP,Luật kinh tế (tiếng Anh bán phần),D01,2025,19.86,,THPT
NHS,Trường Đại Học Ngân Hàng TPHCM,7380107_TABP,Luật kinh tế (tiếng Anh bán phần),D01,2025,19.86,,THPT
NHS,Đại học Ngân hàng TP HCM,7380107_TABP,Luật Kinh tế TABP,D01,2025,19.86,,THPT
NHS,Trường Đại Học Ngân Hàng TPHCM,7380107_TABP,Luật kinh tế (tiếng Anh bán phần),D07,2025,19.86,,THPT
NHS,Trường Đại Học Ngân Hàng TPHCM,7380107_TABP,Luật kinh tế (tiếng Anh bán phần),D09,2025,19.86,,THPT
NHS,Đại học Ngân hàng TP HCM,7460108,Khoa học dữ liệu (Data Science),A00,2025,20.5,,THPT
NHS,Trường Đại Học Ngân Hàng TPHCM,7460108,Khoa học dữ liệu,A00,2025,20.5,,THPT
NHS,Trường Đại Học Ngân Hàng TPHCM,7460108,Khoa học dữ liệu,A00,2025,20.5,,THPT
NHS,Trường Đại Học Ngân Hàng TPHCM,7460108,Khoa học dữ liệu,A01,2025,20.5,,THPT
NHS,Trường Đại Học Ngân Hàng TPHCM,7460108,Khoa học dữ liệu,A01,2025,20.5,,THPT
NHS,Đại học Ngân hàng TP HCM,7460108,Khoa học dữ liệu (Data Science),A01,2025,20.5,,THPT
NHS,Trường Đại Học Ngân Hàng TPHCM,7460108,Khoa học dữ liệu,D01,2025,20.5,,THPT
NHS,Đại học Ngân hàng TP HCM,7460108,Khoa học dữ liệu (Data Science),D01,2025,20.5,,THPT
NHS,Trường Đại Học Ngân Hàng TPHCM,7460108,Khoa học dữ liệu,D07,2025,20.5,,THPT
NHS,Đại học Ngân hàng TP HCM,7460108,Khoa học dữ liệu (Data Science),D07,2025,20.5,,THPT
NHS,Đại học Ngân hàng TP HCM,7480107,Trí tuệ nhân tạo,A00,2025,19.49,,THPT
NHS,Trường Đại Học Ngân Hàng TPHCM,7480107,Trí tuệ nhân tạo,A00,2025,19.49,,THPT
NHS,Trường Đại Học Ngân Hàng TPHCM,7480107,Trí tuệ nhân tạo,A00,2025,19.49,,THPT
NHS,Trường Đại Học Ngân Hàng TPHCM,7480107,Trí tuệ nhân tạo,A01,2025,19.49,,THPT
NHS,Trường Đại Học Ngân Hàng TPHCM,7480107,Trí tuệ nhân tạo,A01,2025,19.49,,THPT
NHS,Đại học Ngân hàng TP HCM,7480107,Trí tuệ nhân tạo,A01,2025,19.49,,THPT
NHS,Trường Đại Học Ngân Hàng TPHCM,7480107,Trí tuệ nhân tạo,D01,2025,19.49,,THPT
NHS,Đại học Ngân hàng TP HCM,7480107,Trí tuệ nhân tạo,D01,2025,19.49,,THPT
NHS,Trường Đại Học Ngân Hàng TPHCM,7480107,Trí tuệ nhân tạo,D07,2025,19.49,,THPT
NHS,Đại học Ngân hàng TP HCM,7480107,Trí tuệ nhân tạo,D07,2025,19.49,,THPT
NHS,Đại học Ngân hàng TP HCM,7510605,Logistics và Quản lý chuỗi cung ứng,A00,2025,23.49,,THPT
NHS,Trường Đại Học Ngân Hàng TPHCM,7510605,Logistics và Quản lý chuỗi cung ứng,A00,2025,23.49,,THPT
NHS,Trường Đại Học Ngân Hàng TPHCM,7510605,Logistics và Quản lý chuỗi cung ứng,A00,2025,23.49,,THPT
NHS,Trường Đại Học Ngân Hàng TPHCM,7510605,Logistics và Quản lý chuỗi cung ứng,A01,2025,23.49,,THPT
NHS,Trường Đại Học Ngân Hàng TPHCM,7510605,Logistics và Quản lý chuỗi cung ứng,A01,2025,23.49,,THPT
NHS,Đại học Ngân hàng TP HCM,7510605,Logistics và Quản lý chuỗi cung ứng,A01,2025,23.49,,THPT
NHS,Trường Đại Học Ngân Hàng TPHCM,7510605,Logistics và Quản lý chuỗi cung ứng,D01,2025,23.49,,THPT
NHS,Đại học Ngân hàng TP HCM,7510605,Logistics và Quản lý chuỗi cung ứng,D01,2025,23.49,,THPT
NHS,Trường Đại Học Ngân Hàng TPHCM,7510605,Logistics và Quản lý chuỗi cung ứng,D07,2025,23.49,,THPT
NHS,Đại học Ngân hàng TP HCM,7510605,Logistics và Quản lý chuỗi cung ứng,D07,2025,23.49,,THPT
NLN,Phân hiệu Đại học Nông Lâm TPHCM tại Ninh Thuận,7519007N,Công nghệ kỹ thuật năng lượng tái tạo (Phân hiệu Ninh Thuận),A01,2025,16.0,,THPT
NLS,Đại học Nông Lâm TP HCM,7140215,Sư phạm kỹ thuật nông nghiệp,B00,2025,23.84,,THPT
NLS,Đại học Nông Lâm TP HCM,7220201,Ngôn ngữ Anh,D01,2025,24.9,,THPT
NLS,Đại học Nông Lâm TP HCM,7220201N,Ngôn ngữ Anh (phân hiệu Ninh Thuận),D01,2025,16.0,,THPT
NLS,Đại học Nông Lâm TP HCM,7310101,Kinh tế,A00,2025,22.8,,THPT
NLS,Đại học Nông Lâm TP HCM,7310101C,Kinh tế CLC,A00,2025,22.8,,THPT
NLS,Đại học Nông Lâm TP HCM,7340101,Quản trị Kinh doanh,A00,2025,22.7,,THPT
NLS,Đại học Nông Lâm TP HCM,7340101C,Quản trị kinh doanh,A00,2025,22.7,,THPT
NLS,Đại học Nông Lâm TP HCM,7340101G,Quản trị kinh doanh,A00,2025,17.0,,THPT
NLS,Đại học Nông Lâm TP HCM,7340101N,Quản trị kinh doanh (Chuyên ngành Quản trị Nhà hàng - Khách sạn),A00,2025,17.0,,THPT
NLS,Đại học Nông Lâm TP HCM,7340301,Kế toán,A00,2025,23.0,,THPT
NLS,Đại học Nông Lâm TP HCM,7340301N,Kế toán,A00,2025,17.0,,THPT
NLS,Đại học Nông Lâm TP HCM,7420201,Công nghệ sinh học,B00,2025,23.55,,THPT
NLS,Đại học Nông Lâm TP HCM,7420201C,Công nghệ sinh học,B00,2025,23.55,,THPT
NLS,Đại học Nông Lâm TP HCM,7440301,Khoa học môi trường,A00,2025,21.9,,THPT
NLS,Đại học Nông Lâm TP HCM,7480104,Hệ thống thông tin,A00,2025,22.2,,THPT
NLS,Đại học Nông Lâm TP HCM,7480201,Công nghệ thông tin,A00,2025,23.22,,THPT
NLS,Đại học Nông Lâm TP HCM,7480201C,Công nghệ thông tin (CTCLC),A00,2025,23.22,,THPT
NLS,Đại học Nông Lâm TP HCM,7480201N,Công nghệ thông tin,A00,2025,17.0,,THPT
NLS,Đại học Nông Lâm TP HCM,7510201,Công nghệ kỹ thuật cơ khí (chuyên ngành Cơ khí chế tạo),A00,2025,23.1,,THPT
NLS,Trường Đại Học Nông Lâm TPHCM,7510201,Công nghệ kỹ thuật cơ khí,A01,2025,23.1,,THPT
NLS,Đại học Nông Lâm TP HCM,7510201C,Công nghệ kỹ thuật cơ khí,A00,2025,23.1,,THPT
NLS,Trường Đại Học Nông Lâm TPHCM,7510201C,Công nghệ kỹ thuật cơ khí (Chương trình nâng cao),A01,2025,23.1,,THPT
NLS,Đại học Nông Lâm TP HCM,7510203,Công nghệ kỹ thuật cơ điện tử,A00,2025,23.75,,THPT
NLS,Trường Đại Học Nông Lâm TPHCM,7510203,Công nghệ kỹ thuật cơ - điện tử,A01,2025,23.75,,THPT
NLS,Đại học Nông Lâm TP HCM,7510205,Công nghệ kỹ thuật ô tô,A00,2025,23.5,,THPT
NLS,Trường Đại Học Nông Lâm TPHCM,7510205,Công nghệ kỹ thuật ô tô,A01,2025,23.5,,THPT
NLS,Đại học Nông Lâm TP HCM,7510206,Công nghệ kỹ thuật nhiệt,A00,2025,22.5,,THPT
NLS,Trường Đại Học Nông Lâm TPHCM,7510206,Công nghệ kỹ thuật nhiệt,A01,2025,22.5,,THPT
NLS,Đại học Nông Lâm TP HCM,7510401,Công nghệ kỹ thuật hoá học,A00,2025,23.85,,THPT
NLS,Đại học Nông Lâm TP HCM,7510401C,Công nghệ kỹ thuật hoá học (Chương trình chất lượng cao),A00,2025,23.85,,THPT
NLS,Đại học Nông Lâm TP HCM,7519007,Công nghệ kỹ thuật năng lượng tái tạo,A00,2025,22.5,,THPT
NLS,Trường Đại Học Nông Lâm TPHCM,7519007,Công nghệ kỹ thuật năng lượng tái tạo,A01,2025,22.5,,THPT
NLS,Đại học Nông Lâm TP HCM,7519007N,Công nghệ kỹ thuật năng lượng tái tạo,A00,2025,16.0,,THPT
NLS,Đại học Nông Lâm TP HCM,7520216,Ngành Kỹ thuật điều khiển & Tự động hóa,A00,2025,24.2,,THPT
NLS,Trường Đại Học Nông Lâm TPHCM,7520216,Kỹ thuật điều khiển và tự động hóa,A01,2025,24.2,,THPT
NLS,Đại học Nông Lâm TP HCM,7520320,Ngành Kỹ thuật môi trường,A00,2025,21.1,,THPT
NLS,Đại học Nông Lâm TP HCM,7520320G,Kỹ thuật môi trường (phân hiệu Gia Lai),A00,2025,21.0,,THPT
NLS,Đại học Nông Lâm TP HCM,7540101,Công nghệ thực phẩm,A00,2025,23.65,,THPT
NLS,Đại học Nông Lâm TP HCM,7540101C,Công nghệ thực phẳm,A00,2025,23.65,,THPT
NLS,Đại học Nông Lâm TP HCM,7540101T,Công nghệ thực phẩm (CT tiên tiến),A00,2025,23.65,,THPT
NLS,Đại học Nông Lâm TP HCM,7540105,Công nghệ chế biến thủy sản,A00,2025,21.0,,THPT
NLS,Đại học Nông Lâm TP HCM,7540106,Đảm bảo chất lượng và an toàn thực phẩm,A00,2025,22.0,,THPT
NLS,Đại học Nông Lâm TP HCM,7549001,Công nghệ chế biến lâm sản,A00,2025,16.0,,THPT
NLS,Đại học Nông Lâm TP HCM,7620105,Chăn nuôi,A00,2025,20.26,,THPT
NLS,Đại học Nông Lâm TP HCM,7620105C,Chăn nuôi chương trình nâng cao,A00,2025,20.26,,THPT
NLS,Đại học Nông Lâm TP HCM,7620109,Nông học,A00,2025,21.5,,THPT
NLS,Đại học Nông Lâm TP HCM,7620109G,Nông học,A00,2025,16.0,,THPT
NLS,Đại học Nông Lâm TP HCM,7620109N,Nông học,A00,2025,16.0,,THPT
NLS,Đại học Nông Lâm TP HCM,7620112,Bảo vệ thực vật,A00,2025,21.5,,THPT
NLS,Đại học Nông Lâm TP HCM,7620114,Kinh doanh nông nghiệp,A00,2025,22.5,,THPT
NLS,Đại học Nông Lâm TP HCM,7620116,Phát triển nông thôn,A00,2025,17.0,,THPT
NLS,Đại học Nông Lâm TP HCM,7620201,Lâm học,A00,2025,17.0,,THPT
NLS,Đại học Nông Lâm TP HCM,7620202,Lâm nghiệp đô thị,A00,2025,17.0,,THPT
NLS,Đại học Nông Lâm TP HCM,7620211,Quản lý tài nguyên rừng,A00,2025,17.0,,THPT
NLS,Đại học Nông Lâm TP HCM,7620301,ĐH Nuôi trồng thủy sản,B00,2025,19.0,,THPT
NLS,Đại học Nông Lâm TP HCM,7640101,Thú y,A00,2025,24.65,,THPT
NLS,Đại học Nông Lâm TP HCM,7640101G,Thú y,A00,2025,18.0,,THPT
NLS,Đại học Nông Lâm TP HCM,7640101N,Thú y,A00,2025,18.0,,THPT
NLS,Đại học Nông Lâm TP HCM,7640101T,Thú y (CT tiên tiến),A00,2025,24.65,,THPT
NLS,Đại học Nông Lâm TP HCM,7850101,Quản lý tài nguyên và môi trường,A00,2025,22.1,,THPT
NLS,Đại học Nông Lâm TP HCM,7859002,Tài nguyên và du lịch sinh thái,A00,2025,21.25,,THPT
NLS,Đại học Nông Lâm TP HCM,7859007,Cảnh quan và kỹ thuật hoa viên,A00,2025,16.0,,THPT
NQH,Học Viện Khoa Học Quân Sự - Hệ Quân sự,7220201_Nam,Ngôn ngữ Anh (Thí sinh Nam),D01,2025,26.38,,THPT
NQH,Học Viện Khoa Học Quân Sự - Hệ Quân sự,7220201_Nu,Ngôn ngữ Anh (Thí sinh Nữ),D01,2025,28.01,,THPT
NQH,Học viện Khoa Học Quân Sự - Hệ Quân sự,7220201|10D01,Ngôn ngữ Anh (Nữ),D01,2025,28.01,,THPT
NQH,Học viện Khoa Học Quân Sự - Hệ Quân sự,7220201|20D01,Ngôn ngữ Anh (Nam),D01,2025,26.38,,THPT
NQH,Học Viện Khoa Học Quân Sự - Hệ Quân sự,7220202_Nam,Ngôn ngữ Nga (Thí sinh Nam),D01,2025,24.19,,THPT
NQH,Học Viện Khoa Học Quân Sự - Hệ Quân sự,7220202_Nu,Ngôn ngữ Nga (Thí sinh Nữ),D01,2025,29.17,,THPT
NQH,Học viện Khoa Học Quân Sự - Hệ Quân sự,7220202|10D01,Ngôn ngữ Nga (Nữ),D01,2025,29.17,,THPT
NQH,Học viện Khoa Học Quân Sự - Hệ Quân sự,7220202|20D01,Ngôn ngữ Nga (Nam),D01,2025,24.19,,THPT
NQH,Học Viện Khoa Học Quân Sự - Hệ Quân sự,7220204_Nam,Ngôn ngữ Trung Quốc (Thí sinh Nam),D01,2025,24.68,,THPT
NQH,Học Viện Khoa Học Quân Sự - Hệ Quân sự,7220204_Nu,Ngôn ngữ Trung Quốc (Thí sinh Nữ),D01,2025,28.89,,THPT
NQH,Học viện Khoa Học Quân Sự - Hệ Quân sự,7220204|10D01,Ngôn ngữ Trung Quốc,D01,2025,28.89,,THPT
NQH,Học viện Khoa Học Quân Sự - Hệ Quân sự,7220204|20D01,Ngôn ngữ Trung Quốc (Nam),D01,2025,24.68,,THPT
NQH,Học Viện Khoa Học Quân Sự - Hệ Quân sự,7310206_Nam,Quan hệ quốc tế (Thí sinh Nam),D01,2025,27.35,,THPT
NQH,Học Viện Khoa Học Quân Sự - Hệ Quân sự,7310206_Nu,Quan hệ quốc tế (Thí sinh Nữ),D01,2025,30.0,,THPT
NQH,Học viện Khoa Học Quân Sự - Hệ Quân sự,7310206|10D01,Quan hệ quốc tếQuan hệ quốc tế (Nữ),D01,2025,30.0,,THPT
NQH,Học viện Khoa Học Quân Sự - Hệ Quân sự,7310206|20D01,Quan hệ quốc tế (Nam),D01,2025,27.35,,THPT
NQH,Học Viện Khoa Học Quân Sự - Hệ Quân sự,7860231_Nam_B,"Trinh sát kỹ thuật (Thí sinh Nam, miền Bắc)",A00,2025,26.5,,THPT
NQH,Học Viện Khoa Học Quân Sự - Hệ Quân sự,7860231_Nam_B,"Trinh sát kỹ thuật (Thí sinh Nam, miền Bắc)",A01,2025,26.5,,THPT
NQH,Học Viện Khoa Học Quân Sự - Hệ Quân sự,7860231_Nam_N,"Trinh sát kỹ thuật (Thí sinh Nam, miền Nam)",A00,2025,26.09,,THPT
NQH,Học Viện Khoa Học Quân Sự - Hệ Quân sự,7860231_Nam_N,"Trinh sát kỹ thuật (Thí sinh Nam, miền Nam)",A01,2025,26.09,,THPT
NQH,Học viện Khoa Học Quân Sự - Hệ Quân sự,7860231|21A00,ĐT Trinh sát Kỹ thuật  (Nam - Phía Bắc),A00,2025,26.5,,THPT
NQH,Học viện Khoa Học Quân Sự - Hệ Quân sự,7860231|21A01,ĐT Trinh sát Kỹ thuật (Nam -Phía Bắc),A01,2025,26.5,,THPT
NQH,Học viện Khoa Học Quân Sự - Hệ Quân sự,7860231|22A00,ĐT Trinh sát Kỹ thuật (Nam -Phía Nam),A00,2025,26.09,,THPT
NQH,Học viện Khoa Học Quân Sự - Hệ Quân sự,7860231|22A01,ĐT Trinh sát Kỹ thuật (Nam - Phía Nam),A01,2025,26.09,,THPT
NTH,Trường Đại học Ngoại thương,KDQH1.1,CT TC Kinh doanh quốc tế,A00,2025,27.0,,THPT
NTH,Trường Đại học Ngoại thương,KDQH1.1,CT TC Kinh doanh quốc tế,A00,2025,27.0,,THPT
NTH,Trường Đại học Ngoại thương,KDQH1.1,CT TC Kinh doanh quốc tế,A01,2025,27.0,,THPT
NTH,Trường Đại học Ngoại thương,KDQH1.1,CT TC Kinh doanh quốc tế,A01,2025,27.0,,THPT
NTH,Trường Đại học Ngoại thương,KDQH1.1,CT TC Kinh doanh quốc tế,D01,2025,27.0,,THPT
NTH,Trường Đại học Ngoại thương,KDQH1.1,CT TC Kinh doanh quốc tế,D01,2025,27.0,,THPT
NTH,Trường Đại học Ngoại thương,KDQH1.1,CT TC Kinh doanh quốc tế,D07,2025,27.0,,THPT
NTH,Trường Đại học Ngoại thương,KDQH1.1,CT TC Kinh doanh quốc tế,D07,2025,27.0,,THPT
NTH,Đại học Ngoại thương (phía Bắc),KDQH1_1,Kinh doanh quốc tế,A00,2025,28.0,,THPT
NTH,Đại học Ngoại thương (phía Bắc),KDQH1_1,Kinh doanh quốc tế,A01,2025,28.0,,THPT
NTH,Đại học Ngoại thương (phía Bắc),KDQH1_1,Kinh doanh quốc tế,D01,2025,28.0,,THPT
NTH,Đại học Ngoại thương (phía Bắc),KDQH1_1,Kinh doanh quốc tế,D07,2025,28.0,,THPT
NTH,Trường Đại học Ngoại thương,KDQH2.1,CT CLC Kinh doanh quốc tế,A01,2025,27.5,,THPT
NTH,Trường Đại học Ngoại thương,KDQH2.1,CT CLC Kinh doanh quốc tế,D01,2025,27.5,,THPT
NTH,Trường Đại học Ngoại thương,KDQH2.1,CT CLC Kinh doanh quốc tế,D07,2025,27.5,,THPT
NTH,Trường Đại học Ngoại thương,KDQH2.2,CT ĐHNNQT Logistics và Quản lý chuỗi cung ứng,A00,2025,27.6,,THPT
NTH,Trường Đại học Ngoại thương,KDQH2.2,CT ĐHNNQT Logistics và Quản lý chuỗi cung ứng,A01,2025,27.6,,THPT
NTH,Trường Đại học Ngoại thương,KDQH2.2,CT ĐHNNQT Logistics và Quản lý chuỗi cung ứng,D01,2025,27.6,,THPT
NTH,Trường Đại học Ngoại thương,KDQH2.2,CT ĐHNNQT Logistics và Quản lý chuỗi cung ứng,D07,2025,27.6,,THPT
NTH,Trường Đại học Ngoại thương,KDQH2.3,CT ĐHNNQT Kinh doanh quốc tế theo mô hình tiên tiến Nhật Bản,A00,2025,26.3,,THPT
NTH,Trường Đại học Ngoại thương,KDQH2.3,CT ĐHNNQT Kinh doanh quốc tế theo mô hình tiên tiến Nhật Bản,A01,2025,26.3,,THPT
NTH,Trường Đại học Ngoại thương,KDQH2.3,CT ĐHNNQT Kinh doanh quốc tế theo mô hình tiên tiến Nhật Bản,D01,2025,26.3,,THPT
NTH,Trường Đại học Ngoại thương,KDQH2.3,CT ĐHNNQT Kinh doanh quốc tế theo mô hình tiên tiến Nhật Bản,D07,2025,26.3,,THPT
NTH,Trường Đại học Ngoại thương,KDQH2.4,CT ĐHNNQT Kinh doanh số,A00,2025,26.3,,THPT
NTH,Trường Đại học Ngoại thương,KDQH2.4,CT ĐHNNQT Kinh doanh số,A01,2025,26.3,,THPT
NTH,Trường Đại học Ngoại thương,KDQH2.4,CT ĐHNNQT Kinh doanh số,D01,2025,26.3,,THPT
NTH,Trường Đại học Ngoại thương,KDQH2.4,CT ĐHNNQT Kinh doanh số,D07,2025,26.3,,THPT
NTH,Trường Đại học Ngoại thương,KDQH4.1,CT TT i-Hons hợp tác với Đại học Queensland về Kinh doanh quốc tế và Phân tích dữ liệu kinh doanh,A01,2025,28.0,,THPT
NTH,Trường Đại học Ngoại thương,KDQH4.1,CT TT i-Hons hợp tác với Đại học Queensland về Kinh doanh quốc tế và Phân tích dữ liệu kinh doanh,D01,2025,28.0,,THPT
NTH,Trường Đại học Ngoại thương,KDQH4.1,CT TT i-Hons hợp tác với Đại học Queensland về Kinh doanh quốc tế và Phân tích dữ liệu kinh doanh,D07,2025,28.0,,THPT
NTH,Trường Đại học Ngoại thương,KHMH2 .1,Chương trình Khoa học máy tính và dữ liệu trong kinh tế và kinh doanh,A00,2025,35.4,,THPT
NTH,Trường Đại học Ngoại thương,KHMH2 .1,Chương trình Khoa học máy tính và dữ liệu trong kinh tế và kinh doanh,A00,2025,35.4,,THPT
NTH,Trường Đại học Ngoại thương,KHMH2 .1,Chương trình Khoa học máy tính và dữ liệu trong kinh tế và kinh doanh,A01,2025,35.4,,THPT
NTH,Trường Đại học Ngoại thương,KHMH2 .1,Chương trình Khoa học máy tính và dữ liệu trong kinh tế và kinh doanh,A01,2025,35.4,,THPT
NTH,Trường Đại học Ngoại thương,KHMH2 .1,Chương trình Khoa học máy tính và dữ liệu trong kinh tế và kinh doanh,D01,2025,35.4,,THPT
NTH,Trường Đại học Ngoại thương,KHMH2 .1,Chương trình Khoa học máy tính và dữ liệu trong kinh tế và kinh doanh,D01,2025,35.4,,THPT
NTH,Trường Đại học Ngoại thương,KHMH2 .1,Chương trình Khoa học máy tính và dữ liệu trong kinh tế và kinh doanh,D07,2025,35.4,,THPT
NTH,Trường Đại học Ngoại thương,KHMH2 .1,Chương trình Khoa học máy tính và dữ liệu trong kinh tế và kinh doanh,D07,2025,35.4,,THPT
NTH,Đại học Ngoại thương (phía Bắc),KHMH2_1,Định hướng nghề nghiệp Khoa học máy tính và dữ liệu trong kinh tế và kinh doanh,A00,2025,36.4,,THPT
NTH,Đại học Ngoại thương (phía Bắc),KHMH2_1,Định hướng nghề nghiệp Khoa học máy tính và dữ liệu trong kinh tế và kinh doanh,A01,2025,36.4,,THPT
NTH,Đại học Ngoại thương (phía Bắc),KHMH2_1,Định hướng nghề nghiệp Khoa học máy tính và dữ liệu trong kinh tế và kinh doanh,D01,2025,36.4,,THPT
NTH,Đại học Ngoại thương (phía Bắc),KHMH2_1,Định hướng nghề nghiệp Khoa học máy tính và dữ liệu trong kinh tế và kinh doanh,D07,2025,36.4,,THPT
NTH,Trường Đại học Ngoại thương,KTCH2.1,CT ĐHPTQT Kinh tế chính trị quốc tế,A00,2025,24.0,,THPT
NTH,Trường Đại học Ngoại thương,KTCH2.1,CT ĐHPTQT Kinh tế chính trị quốc tế,A01,2025,24.0,,THPT
NTH,Trường Đại học Ngoại thương,KTCH2.1,CT ĐHPTQT Kinh tế chính trị quốc tế,D01,2025,24.0,,THPT
NTH,Trường Đại học Ngoại thương,KTCH2.1,CT ĐHPTQT Kinh tế chính trị quốc tế,D07,2025,24.0,,THPT
NTH,Trường Đại học Ngoại thương,KTEH1.1,CT TC Kinh tế đối ngoại,A00,2025,26.55,,THPT
NTH,Trường Đại học Ngoại thương,KTEH1.1,CT TC Kinh tế dối ngoại,A00,2025,0.0,,THPT
NTH,Trường Đại học Ngoại thương,KTEH1.1,CT TC Kinh tế dối ngoại,A01,2025,0.0,,THPT
NTH,Trường Đại học Ngoại thương,KTEH1.1,CT TC Kinh tế đối ngoại,A01,2025,26.55,,THPT
NTH,Trường Đại học Ngoại thương,KTEH1.1,CT TC Kinh tế dối ngoại,D01,2025,0.0,,THPT
NTH,Trường Đại học Ngoại thương,KTEH1.1,CT TC Kinh tế đối ngoại,D01,2025,26.55,,THPT
NTH,Trường Đại học Ngoại thương,KTEH1.1,CT TC Kinh tế dối ngoại,D07,2025,0.0,,THPT
NTH,Trường Đại học Ngoại thương,KTEH1.1,CT TC Kinh tế đối ngoại,D07,2025,26.55,,THPT
NTH,Đại học Ngoại thương (phía Bắc),KTEH1_1,Kinh tế đối ngoại,A00,2025,27.55,,THPT
NTH,Đại học Ngoại thương (phía Bắc),KTEH1_1,Kinh tế đối ngoại,A01,2025,27.55,,THPT
NTH,Đại học Ngoại thương (phía Bắc),KTEH1_1,Kinh tế đối ngoại,D01,2025,27.55,,THPT
NTH,Đại học Ngoại thương (phía Bắc),KTEH1_1,Kinh tế đối ngoại,D07,2025,27.55,,THPT
NTH,Trường Đại học Ngoại thương,KTEH2.1,CT CLC Kinh tế đối ngoại,A01,2025,27.5,,THPT
NTH,Trường Đại học Ngoại thương,KTEH2.1,CT CLC Kinh tế đối ngoại,D01,2025,27.5,,THPT
NTH,Trường Đại học Ngoại thương,KTEH2.1,CT CLC Kinh tế đối ngoại,D07,2025,27.5,,THPT
NTH,Trường Đại học Ngoại thương,KTEH4.1,CT TT Kinh tế đối ngoại,A01,2025,28.5,,THPT
NTH,Trường Đại học Ngoại thương,KTEH4.1,CT TT Kinh tế đối ngoại,D01,2025,28.5,,THPT
NTH,Trường Đại học Ngoại thương,KTEH4.1,CT TT Kinh tế đối ngoại,D07,2025,28.5,,THPT
NTH,Trường Đại học Ngoại thương,KTKH1.1,CT TC Kế toán - Kiếm toán,A00,2025,26.8,,THPT
NTH,Trường Đại học Ngoại thương,KTKH1.1,CT TC Kế toán - Kiếm toán,A00,2025,26.8,,THPT
NTH,Trường Đại học Ngoại thương,KTKH1.1,CT TC Kế toán - Kiếm toán,A01,2025,26.8,,THPT
NTH,Trường Đại học Ngoại thương,KTKH1.1,CT TC Kế toán - Kiếm toán,A01,2025,26.8,,THPT
NTH,Trường Đại học Ngoại thương,KTKH1.1,CT TC Kế toán - Kiếm toán,D01,2025,26.8,,THPT
NTH,Trường Đại học Ngoại thương,KTKH1.1,CT TC Kế toán - Kiếm toán,D01,2025,26.8,,THPT
NTH,Trường Đại học Ngoại thương,KTKH1.1,CT TC Kế toán - Kiếm toán,D07,2025,26.8,,THPT
NTH,Trường Đại học Ngoại thương,KTKH1.1,CT TC Kế toán - Kiếm toán,D07,2025,26.8,,THPT
NTH,Đại học Ngoại thương (phía Bắc),KTKH1_1,Kế toán - Kiểm toán,A00,2025,26.8,,THPT
NTH,Đại học Ngoại thương (phía Bắc),KTKH1_1,Kế toán - Kiểm toán,A01,2025,26.8,,THPT
NTH,Đại học Ngoại thương (phía Bắc),KTKH1_1,Kế toán - Kiểm toán,D01,2025,26.8,,THPT
NTH,Đại học Ngoại thương (phía Bắc),KTKH1_1,Kế toán - Kiểm toán,D07,2025,26.8,,THPT
NTH,Trường Đại học Ngoại thương,KTKH2.1,CT ĐHNNQT ĐHNNQT Kế toán - Kiểm toán theo định hướng ACCA,A00,2025,25.7,,THPT
NTH,Trường Đại học Ngoại thương,KTKH2.1,CT ĐHNNQT ĐHNNQT Kế toán - Kiểm toán theo định hướng ACCA,A01,2025,25.7,,THPT
NTH,Trường Đại học Ngoại thương,KTKH2.1,CT ĐHNNQT ĐHNNQT Kế toán - Kiểm toán theo định hướng ACCA,D01,2025,25.7,,THPT
NTH,Trường Đại học Ngoại thương,KTKH2.1,CT ĐHNNQT ĐHNNQT Kế toán - Kiểm toán theo định hướng ACCA,D07,2025,25.7,,THPT
NTH,Trường Đại học Ngoại thương,KTQH.1,CT TC Kinh tế quốc tế,A00,2025,25.7,,THPT
NTH,Trường Đại học Ngoại thương,KTQH.1,CT TC Kinh tế quốc tế,A00,2025,25.7,,THPT
NTH,Trường Đại học Ngoại thương,KTQH.1,CT TC Kinh tế quốc tế,A01,2025,25.7,,THPT
NTH,Trường Đại học Ngoại thương,KTQH.1,CT TC Kinh tế quốc tế,A01,2025,25.7,,THPT
NTH,Trường Đại học Ngoại thương,KTQH.1,CT TC Kinh tế quốc tế,D01,2025,25.7,,THPT
NTH,Trường Đại học Ngoại thương,KTQH.1,CT TC Kinh tế quốc tế,D01,2025,25.7,,THPT
NTH,Trường Đại học Ngoại thương,KTQH.1,CT TC Kinh tế quốc tế,D07,2025,25.7,,THPT
NTH,Trường Đại học Ngoại thương,KTQH.1,CT TC Kinh tế quốc tế,D07,2025,25.7,,THPT
NTH,Đại học Ngoại thương (phía Bắc),KTQH1_1,Kinh tế quốc tế,A00,2025,26.7,,THPT
NTH,Đại học Ngoại thương (phía Bắc),KTQH1_1,Kinh tế quốc tế,A01,2025,26.7,,THPT
NTH,Đại học Ngoại thương (phía Bắc),KTQH1_1,Kinh tế quốc tế,D01,2025,26.7,,THPT
NTH,Đại học Ngoại thương (phía Bắc),KTQH1_1,Kinh tế quốc tế,D07,2025,26.7,,THPT
NTH,Trường Đại học Ngoại thương,KTQH2.1,CT CLC Kinh tế quốc tế,A01,2025,26.4,,THPT
NTH,Trường Đại học Ngoại thương,KTQH2.1,CT CLC Kinh tế quốc tế,D01,2025,26.4,,THPT
NTH,Trường Đại học Ngoại thương,KTQH2.1,CT CLC Kinh tế quốc tế,D07,2025,26.4,,THPT
NTH,Trường Đại học Ngoại thương,LAWH1.1,CT TC Luật thương mại quốc tế,A00,2025,24.7,,THPT
NTH,Trường Đại học Ngoại thương,LAWH1.1,CT TC Luật thương mại quốc tế,A00,2025,24.7,,THPT
NTH,Trường Đại học Ngoại thương,LAWH1.1,CT TC Luật thương mại quốc tế,A01,2025,24.7,,THPT
NTH,Trường Đại học Ngoại thương,LAWH1.1,CT TC Luật thương mại quốc tế,A01,2025,24.7,,THPT
NTH,Trường Đại học Ngoại thương,LAWH1.1,CT TC Luật thương mại quốc tế,D01,2025,24.7,,THPT
NTH,Trường Đại học Ngoại thương,LAWH1.1,CT TC Luật thương mại quốc tế,D01,2025,24.7,,THPT
NTH,Trường Đại học Ngoại thương,LAWH1.1,CT TC Luật thương mại quốc tế,D07,2025,24.7,,THPT
NTH,Trường Đại học Ngoại thương,LAWH1.1,CT TC Luật thương mại quốc tế,D07,2025,24.7,,THPT
NTH,Đại học Ngoại thương (phía Bắc),LAWH1_1,Luật thương mại quốc tế,A00,2025,25.7,,THPT
NTH,Đại học Ngoại thương (phía Bắc),LAWH1_1,Luật thương mại quốc tế,A01,2025,25.7,,THPT
NTH,Đại học Ngoại thương (phía Bắc),LAWH1_1,Luật thương mại quốc tế,D01,2025,25.7,,THPT
NTH,Đại học Ngoại thương (phía Bắc),LAWH1_1,Luật thương mại quốc tế,D07,2025,25.7,,THPT
NTH,Trường Đại học Ngoại thương,LAWH2.1,CT ĐHNNQT Luật Kinh doanh quốc tế theo mô hình thực hành nghề nghiệp,A00,2025,25.0,,THPT
NTH,Trường Đại học Ngoại thương,LAWH2.1,CT ĐHNNQT Luật Kinh doanh quốc tế theo mô hình thực hành nghề nghiệp,A01,2025,25.0,,THPT
NTH,Trường Đại học Ngoại thương,LAWH2.1,CT ĐHNNQT Luật Kinh doanh quốc tế theo mô hình thực hành nghề nghiệp,D01,2025,25.0,,THPT
NTH,Trường Đại học Ngoại thương,LAWH2.1,CT ĐHNNQT Luật Kinh doanh quốc tế theo mô hình thực hành nghề nghiệp,D07,2025,25.0,,THPT
NTH,Trường Đại học Ngoại thương,MKTH2.1,CT ĐHNNQT Marketing số,A00,2025,27.15,,THPT
NTH,Trường Đại học Ngoại thương,MKTH2.1,CT ĐHNNQT Marketing số,A01,2025,27.15,,THPT
NTH,Trường Đại học Ngoại thương,MKTH2.1,CT ĐHNNQT Marketing số,D01,2025,27.15,,THPT
NTH,Trường Đại học Ngoại thương,MKTH2.1,CT ĐHNNQT Marketing số,D07,2025,27.15,,THPT
NTH,Trường Đại học Ngoại thương,NNAH1.1,CT TC Tiếng Anh thương mại,D01,2025,32.4,,THPT
NTH,Đại học Ngoại thương (phía Bắc),NNAH1_1,Ngôn ngữ Anh,D01,2025,32.4,,THPT
NTH,Trường Đại học Ngoại thương,NNAH2.1,CT CLC Tiếng Anh thương mại,D01,2025,35.3,,THPT
NTH,Trường Đại học Ngoại thương,NNNH1.1,CT TC Tiếng Nhật thương mại,D01,2025,30.0,,THPT
NTH,Đại học Ngoại thương (phía Bắc),NNNH1_1,Ngôn ngữ Nhật,D01,2025,30.0,,THPT
NTH,Trường Đại học Ngoại thương,NNPH1.1,CT Tích hợp tiếng Pháp thương mại,D01,2025,30.0,,THPT
NTH,Đại học Ngoại thương (phía Bắc),NNPH1_1,Ngôn ngữ Pháp CLC,D01,2025,30.0,,THPT
NTH,Trường Đại học Ngoại thương,NNTH1.1,CT TC Tiếng Trung Thương mại,D01,2025,35.15,,THPT
NTH,Đại học Ngoại thương (phía Bắc),NNTH1_1,Ngôn ngữ Trung Quốc,D01,2025,35.15,,THPT
NTH,Trường Đại học Ngoại thương,QKSH2.1,CT ĐHNNQT Quản trị khách sạn,A00,2025,24.2,,THPT
NTH,Trường Đại học Ngoại thương,QKSH2.1,CT ĐHNNQT Quản trị khách sạn,A01,2025,24.2,,THPT
NTH,Trường Đại học Ngoại thương,QKSH2.1,CT ĐHNNQT Quản trị khách sạn,D01,2025,24.2,,THPT
NTH,Trường Đại học Ngoại thương,QKSH2.1,CT ĐHNNQT Quản trị khách sạn,D07,2025,24.2,,THPT
NTH,Trường Đại học Ngoại thương,QTKH1.1,CT TC Quản trị kinh doanh,A00,2025,24.9,,THPT
NTH,Trường Đại học Ngoại thương,QTKH1.1,CT TC Quản trị kinh doanh,A00,2025,24.9,,THPT
NTH,Trường Đại học Ngoại thương,QTKH1.1,CT TC Quản trị kinh doanh,A01,2025,24.9,,THPT
NTH,Trường Đại học Ngoại thương,QTKH1.1,CT TC Quản trị kinh doanh,A01,2025,24.9,,THPT
NTH,Trường Đại học Ngoại thương,QTKH1.1,CT TC Quản trị kinh doanh,D01,2025,24.9,,THPT
NTH,Trường Đại học Ngoại thương,QTKH1.1,CT TC Quản trị kinh doanh,D01,2025,24.9,,THPT
NTH,Trường Đại học Ngoại thương,QTKH1.1,CT TC Quản trị kinh doanh,D07,2025,24.9,,THPT
NTH,Trường Đại học Ngoại thương,QTKH1.1,CT TC Quản trị kinh doanh,D07,2025,24.9,,THPT
NTH,Trường Đại học Ngoại thương,QTKH2.1,CT CLC Quản trị kinh doanh,A01,2025,25.2,,THPT
NTH,Trường Đại học Ngoại thương,QTKH2.1,CT CLC Quản trị kinh doanh,D01,2025,25.2,,THPT
NTH,Trường Đại học Ngoại thương,QTKH2.1,CT CLC Quản trị kinh doanh,D07,2025,25.2,,THPT
NTH,Trường Đại học Ngoại thương,QTKH4.1,CT TT Quản tri kinh doanh,A01,2025,25.5,,THPT
NTH,Trường Đại học Ngoại thương,QTKH4.1,CT TT Quản tri kinh doanh,D01,2025,25.5,,THPT
NTH,Trường Đại học Ngoại thương,QTKH4.1,CT TT Quản tri kinh doanh,D07,2025,25.5,,THPT
NTH,Trường Đại học Ngoại thương,TCHH1.1,CT TC Tài chính - Ngân hàng,A00,2025,25.36,,THPT
NTH,Trường Đại học Ngoại thương,TCHH1.1,CT TC Tài chính - Ngân hàng,A00,2025,25.36,,THPT
NTH,Trường Đại học Ngoại thương,TCHH1.1,CT TC Tài chính - Ngân hàng,A01,2025,25.36,,THPT
NTH,Trường Đại học Ngoại thương,TCHH1.1,CT TC Tài chính - Ngân hàng,A01,2025,25.36,,THPT
NTH,Trường Đại học Ngoại thương,TCHH1.1,CT TC Tài chính - Ngân hàng,D01,2025,25.36,,THPT
NTH,Trường Đại học Ngoại thương,TCHH1.1,CT TC Tài chính - Ngân hàng,D01,2025,25.36,,THPT
NTH,Trường Đại học Ngoại thương,TCHH1.1,CT TC Tài chính - Ngân hàng,D07,2025,25.36,,THPT
NTH,Trường Đại học Ngoại thương,TCHH1.1,CT TC Tài chính - Ngân hàng,D07,2025,25.36,,THPT
NTH,Đại học Ngoại thương (phía Bắc),TCHH1_1,Tài chính - Ngân hàng,A00,2025,26.36,,THPT
NTH,Đại học Ngoại thương (phía Bắc),TCHH1_1,Tài chính - Ngân hàng,A01,2025,26.36,,THPT
NTH,Đại học Ngoại thương (phía Bắc),TCHH1_1,Tài chính - Ngân hàng,D01,2025,26.36,,THPT
NTH,Đại học Ngoại thương (phía Bắc),TCHH1_1,Tài chính - Ngân hàng,D07,2025,26.36,,THPT
NTH,Trường Đại học Ngoại thương,TCHH2.1,CT CLC Tài chính - Ngân hàng,A01,2025,26.0,,THPT
NTH,Trường Đại học Ngoại thương,TCHH2.1,CT CLC Tài chính - Ngân hàng,D01,2025,26.0,,THPT
NTH,Trường Đại học Ngoại thương,TCHH2.1,CT CLC Tài chính - Ngân hàng,D07,2025,26.0,,THPT
NTH,Trường Đại học Ngoại thương,TCHH4.1,CT TT Tài chính - Ngân hàng,A01,2025,27.0,,THPT
NTH,Trường Đại học Ngoại thương,TCHH4.1,CT TT Tài chính - Ngân hàng,D01,2025,27.0,,THPT
NTH,Trường Đại học Ngoại thương,TCHH4.1,CT TT Tài chính - Ngân hàng,D07,2025,27.0,,THPT
NTS,Trường Đại học Ngoại thương (Cơ sở II),KDQS2.1,CT ĐHNNQT Logistics và Quản lý chuỗi cung ứng,A00,2025,28.3,,THPT
NTS,Trường Đại học Ngoại thương (Cơ sở II),KDQS2.1,CT ĐHNNQT Logistics và Quản lý chuỗi cung ứng,A01,2025,28.3,,THPT
NTS,Trường Đại học Ngoại thương (Cơ sở II),KDQS2.1,CT ĐHNNQT Logistics và Quản lý chuỗi cung ứng,D01,2025,28.3,,THPT
NTS,Trường Đại học Ngoại thương (Cơ sở II),KDQS2.1,CT ĐHNNQT Logistics và Quản lý chuỗi cung ứng,D07,2025,28.3,,THPT
NTS,Trường Đại học Ngoại thương (Cơ sở II),KTES1.1,CT TC Kinh tế đối ngoại,A00,2025,27.2,,THPT
NTS,Trường Đại học Ngoại thương (Cơ sở II),KTES1.1,CT TC Kinh tế đối ngoại,A00,2025,27.2,,THPT
NTS,Trường Đại học Ngoại thương (Cơ sở II),KTES1.1,CT TC Kinh tế đối ngoại,A01,2025,27.2,,THPT
NTS,Trường Đại học Ngoại thương (Cơ sở II),KTES1.1,CT TC Kinh tế đối ngoại,A01,2025,27.2,,THPT
NTS,Trường Đại học Ngoại thương (Cơ sở II),KTES1.1,CT TC Kinh tế đối ngoại,D01,2025,27.2,,THPT
NTS,Trường Đại học Ngoại thương (Cơ sở II),KTES1.1,CT TC Kinh tế đối ngoại,D01,2025,27.2,,THPT
NTS,Trường Đại học Ngoại thương (Cơ sở II),KTES1.1,CT TC Kinh tế đối ngoại,D07,2025,27.2,,THPT
NTS,Trường Đại học Ngoại thương (Cơ sở II),KTES1.1,CT TC Kinh tế đối ngoại,D07,2025,27.2,,THPT
NTS,Đại học Ngoại thương (phía Nam),KTES1_1,Kinh tế đối ngoại,A00,2025,27.2,,THPT
NTS,Đại học Ngoại thương (phía Nam),KTES1_1,Kinh tế đối ngoại,A01,2025,27.2,,THPT
NTS,Đại học Ngoại thương (phía Nam),KTES1_1,Kinh tế đối ngoại,D01,2025,27.2,,THPT
NTS,Đại học Ngoại thương (phía Nam),KTES1_1,Kinh tế đối ngoại,D07,2025,27.2,,THPT
NTS,Trường Đại học Ngoại thương (Cơ sở II),KTES2.1,CT CLC Kinh tế đối ngoại,A01,2025,26.35,,THPT
NTS,Trường Đại học Ngoại thương (Cơ sở II),KTES2.1,CT CLC Kinh tế đối ngoại,D01,2025,26.35,,THPT
NTS,Trường Đại học Ngoại thương (Cơ sở II),KTES2.1,CT CLC Kinh tế đối ngoại,D07,2025,26.35,,THPT
NTS,Trường Đại học Ngoại thương (Cơ sở II),KTKS1.l,CT TC Kế toán - Kiểm toán,A00,2025,26.45,,THPT
NTS,Trường Đại học Ngoại thương (Cơ sở II),KTKS1.l,CT TC Kế toán - Kiểm toán,A00,2025,26.45,,THPT
NTS,Trường Đại học Ngoại thương (Cơ sở II),KTKS1.l,CT TC Kế toán - Kiểm toán,A01,2025,26.45,,THPT
NTS,Trường Đại học Ngoại thương (Cơ sở II),KTKS1.l,CT TC Kế toán - Kiểm toán,A01,2025,26.45,,THPT
NTS,Trường Đại học Ngoại thương (Cơ sở II),KTKS1.l,CT TC Kế toán - Kiểm toán,D01,2025,26.45,,THPT
NTS,Trường Đại học Ngoại thương (Cơ sở II),KTKS1.l,CT TC Kế toán - Kiểm toán,D01,2025,26.45,,THPT
NTS,Trường Đại học Ngoại thương (Cơ sở II),KTKS1.l,CT TC Kế toán - Kiểm toán,D07,2025,26.45,,THPT
NTS,Trường Đại học Ngoại thương (Cơ sở II),KTKS1.l,CT TC Kế toán - Kiểm toán,D07,2025,26.45,,THPT
NTS,Đại học Ngoại thương (phía Nam),KTKS1_1,Kế toán,A00,2025,26.45,,THPT
NTS,Đại học Ngoại thương (phía Nam),KTKS1_1,Kế toán,A01,2025,26.45,,THPT
NTS,Đại học Ngoại thương (phía Nam),KTKS1_1,Kế toán,D01,2025,26.45,,THPT
NTS,Đại học Ngoại thương (phía Nam),KTKS1_1,Kế toán,D07,2025,26.45,,THPT
NTS,Trường Đại học Ngoại thương (Cơ sở II),MKTS2.1,CT ĐHNNQT truyền thông Marketing tích hợp,A00,2025,27.5,,THPT
NTS,Trường Đại học Ngoại thương (Cơ sở II),MKTS2.1,CT ĐHNNQT truyền thông Marketing tích hợp,A01,2025,27.5,,THPT
NTS,Trường Đại học Ngoại thương (Cơ sở II),MKTS2.1,CT ĐHNNQT truyền thông Marketing tích hợp,D01,2025,27.5,,THPT
NTS,Trường Đại học Ngoại thương (Cơ sở II),MKTS2.1,CT ĐHNNQT truyền thông Marketing tích hợp,D07,2025,27.5,,THPT
NTS,Trường Đại học Ngoại thương (Cơ sở II),QTKS1.1,CT TC Quản trị kinh doanh,A00,2025,26.75,,THPT
NTS,Trường Đại học Ngoại thương (Cơ sở II),QTKS1.1,CT TC Quản trị kinh doanh,A00,2025,26.75,,THPT
NTS,Trường Đại học Ngoại thương (Cơ sở II),QTKS1.1,CT TC Quản trị kinh doanh,A01,2025,26.75,,THPT
NTS,Trường Đại học Ngoại thương (Cơ sở II),QTKS1.1,CT TC Quản trị kinh doanh,A01,2025,26.75,,THPT
NTS,Trường Đại học Ngoại thương (Cơ sở II),QTKS1.1,CT TC Quản trị kinh doanh,D01,2025,26.75,,THPT
NTS,Trường Đại học Ngoại thương (Cơ sở II),QTKS1.1,CT TC Quản trị kinh doanh,D01,2025,26.75,,THPT
NTS,Trường Đại học Ngoại thương (Cơ sở II),QTKS1.1,CT TC Quản trị kinh doanh,D07,2025,26.75,,THPT
NTS,Trường Đại học Ngoại thương (Cơ sở II),QTKS1.1,CT TC Quản trị kinh doanh,D07,2025,26.75,,THPT
NTS,Đại học Ngoại thương (phía Nam),QTKS1_1,Quản trị kinh doanh,A00,2025,26.75,,THPT
NTS,Đại học Ngoại thương (phía Nam),QTKS1_1,Quản trị kinh doanh,A01,2025,26.75,,THPT
NTS,Đại học Ngoại thương (phía Nam),QTKS1_1,Quản trị kinh doanh,D01,2025,26.75,,THPT
NTS,Đại học Ngoại thương (phía Nam),QTKS1_1,Quản trị kinh doanh,D07,2025,26.75,,THPT
NTS,Trường Đại học Ngoại thương (Cơ sở II),QTKS2 1,CT CLC Quản tri kinh doanh,A01,2025,25.65,,THPT
NTS,Trường Đại học Ngoại thương (Cơ sở II),QTKS2 1,CT CLC Quản tri kinh doanh,D01,2025,25.65,,THPT
NTS,Trường Đại học Ngoại thương (Cơ sở II),QTKS2 1,CT CLC Quản tri kinh doanh,D07,2025,25.65,,THPT
NTS,Trường Đại học Ngoại thương (Cơ sở II),TCHS1.1,CT TC Tài chính - Ngân hàng,A00,2025,27.65,,THPT
NTS,Trường Đại học Ngoại thương (Cơ sở II),TCHS1.1,CT TC Tài chính - Ngân hàng,A00,2025,27.65,,THPT
NTS,Trường Đại học Ngoại thương (Cơ sở II),TCHS1.1,CT TC Tài chính - Ngân hàng,A01,2025,27.65,,THPT
NTS,Trường Đại học Ngoại thương (Cơ sở II),TCHS1.1,CT TC Tài chính - Ngân hàng,A01,2025,27.65,,THPT
NTS,Trường Đại học Ngoại thương (Cơ sở II),TCHS1.1,CT TC Tài chính - Ngân hàng,D01,2025,27.65,,THPT
NTS,Trường Đại học Ngoại thương (Cơ sở II),TCHS1.1,CT TC Tài chính - Ngân hàng,D01,2025,27.65,,THPT
NTS,Trường Đại học Ngoại thương (Cơ sở II),TCHS1.1,CT TC Tài chính - Ngân hàng,D07,2025,27.65,,THPT
NTS,Trường Đại học Ngoại thương (Cơ sở II),TCHS1.1,CT TC Tài chính - Ngân hàng,D07,2025,27.65,,THPT
NTS,Đại học Ngoại thương (phía Nam),TCHS1_1,Tài chính - Ngân hàng,A00,2025,27.65,,THPT
NTS,Đại học Ngoại thương (phía Nam),TCHS1_1,Tài chính - Ngân hàng,A01,2025,27.65,,THPT
NTS,Đại học Ngoại thương (phía Nam),TCHS1_1,Tài chính - Ngân hàng,D01,2025,27.65,,THPT
NTS,Đại học Ngoại thương (phía Nam),TCHS1_1,Tài chính - Ngân hàng,D07,2025,27.65,,THPT
NTS,Trường Đại học Ngoại thương (Cơ sở II),TCHS2.1,CT CLC Tài chinh - Ngân hàng,A01,2025,26.2,,THPT
NTS,Trường Đại học Ngoại thương (Cơ sở II),TCHS2.1,CT CLC Tài chinh - Ngân hàng,D01,2025,26.2,,THPT
NTS,Trường Đại học Ngoại thương (Cơ sở II),TCHS2.1,CT CLC Tài chinh - Ngân hàng,D07,2025,26.2,,THPT
NTT,Đại học Nguyễn Tất Thành,7140103,Công nghệ Giáo dục,A00,2025,15.0,,THPT
NTT,Trường Đại Học Nguyễn Tất Thành,7140103,Công nghệ giáo dục,A00,2025,15.0,,THPT
NTT,Trường Đại Học Nguyễn Tất Thành,7140103,Công nghệ giáo dục,A01,2025,15.0,,THPT
NTT,Đại học Nguyễn Tất Thành,7140103,Công nghệ Giáo dục,A01,2025,15.0,,THPT
NTT,Trường Đại Học Nguyễn Tất Thành,7140103,Công nghệ giáo dục,D01,2025,15.0,,THPT
NTT,Đại học Nguyễn Tất Thành,7140103,Công nghệ Giáo dục,D01,2025,15.0,,THPT
NTT,Đại học Nguyễn Tất Thành,7210403,Thiết kế đồ họa,D01,2025,15.0,,THPT
NTT,Trường Đại Học Nguyễn Tất Thành,7210403,Thiết kế đồ họa,D01,2025,15.0,,THPT
NTT,Đại học Nguyễn Tất Thành,7210404,Thiết kế thời trang,A00,2025,15.0,,THPT
NTT,Trường Đại Học Nguyễn Tất Thành,7210404,Thiết kế thời trang,A00,2025,15.0,,THPT
NTT,Trường Đại Học Nguyễn Tất Thành,7210404,Thiết kế thời trang,A01,2025,15.0,,THPT
NTT,Đại học Nguyễn Tất Thành,7210404,Thiết kế thời trang,A01,2025,15.0,,THPT
NTT,Trường Đại Học Nguyễn Tất Thành,7210404,Thiết kế thời trang,D01,2025,15.0,,THPT
NTT,Đại học Nguyễn Tất Thành,7210404,Thiết kế thời trang,D01,2025,15.0,,THPT
NTT,Trường Đại Học Nguyễn Tất Thành,7220201,Ngôn ngữ Anh,D01,2025,15.0,,THPT
NTT,Đại học Nguyễn Tất Thành,7220201,Ngôn ngữ Anh,D01,2025,15.0,,THPT
NTT,Trường Đại Học Nguyễn Tất Thành,7220204,Ngôn ngữ Trung Quốc,D01,2025,15.0,,THPT
NTT,Đại học Nguyễn Tất Thành,7220204,Ngôn ngữ Trung Quốc,D01,2025,15.0,,THPT
NTT,Đại học Nguyễn Tất Thành,7310109,Kinh tế số,D01,2025,15.0,,THPT
NTT,Trường Đại Học Nguyễn Tất Thành,7310109,Kinh tế số,D01,2025,15.0,,THPT
NTT,Đại học Nguyễn Tất Thành,7310401,Tâm lý học,B00,2025,15.0,,THPT
NTT,Trường Đại Học Nguyễn Tất Thành,7310401,Tâm lý học,B00,2025,15.0,,THPT
NTT,Trường Đại Học Nguyễn Tất Thành,7310401,Tâm lý học,C00,2025,15.0,,THPT
NTT,Đại học Nguyễn Tất Thành,7310401,Tâm lý học,C00,2025,15.0,,THPT
NTT,Trường Đại Học Nguyễn Tất Thành,7310401,Tâm lý học,D01,2025,15.0,,THPT
NTT,Đại học Nguyễn Tất Thành,7310401,Tâm lý học,D01,2025,15.0,,THPT
NTT,Trường Đại Học Nguyễn Tất Thành,7310608,Đông Phương học,D01,2025,15.0,,THPT
NTT,Đại học Nguyễn Tất Thành,7310608,Đông phương học,D01,2025,15.0,,THPT
NTT,Đại học Nguyễn Tất Thành,7320104,Truyền thông đa phương tiện,A01,2025,15.0,,THPT
NTT,Trường Đại Học Nguyễn Tất Thành,7320104,Truyền thông đa phương tiện,A01,2025,15.0,,THPT
NTT,Trường Đại Học Nguyễn Tất Thành,7320104,Truyền thông đa phương tiện,C00,2025,15.0,,THPT
NTT,Đại học Nguyễn Tất Thành,7320104,Truyền thông đa phương tiện,C00,2025,15.0,,THPT
NTT,Trường Đại Học Nguyễn Tất Thành,7320104,Truyền thông đa phương tiện,D01,2025,15.0,,THPT
NTT,Đại học Nguyễn Tất Thành,7320104,Truyền thông đa phương tiện,D01,2025,15.0,,THPT
NTT,Đại học Nguyễn Tất Thành,7320108,Quan hệ công chúng,A01,2025,15.0,,THPT
NTT,Trường Đại Học Nguyễn Tất Thành,7320108,Quan hệ công chúng,A01,2025,15.0,,THPT
NTT,Trường Đại Học Nguyễn Tất Thành,7320108,Quan hệ công chúng,C00,2025,15.0,,THPT
NTT,Đại học Nguyễn Tất Thành,7320108,Quan hệ công chúng,C00,2025,15.0,,THPT
NTT,Trường Đại Học Nguyễn Tất Thành,7320108,Quan hệ công chúng,D01,2025,15.0,,THPT
NTT,Đại học Nguyễn Tất Thành,7320108,Quan hệ công chúng,D01,2025,15.0,,THPT
NTT,Trường Đại Học Nguyễn Tất Thành,7340101,Quản trị kinh doanh thực phẩm,A00,2025,15.0,,THPT
NTT,Trường Đại Học Nguyễn Tất Thành,7340101,Quản trị kinh doanh (Kinh doanh sáng tạo),A00,2025,15.0,,THPT
NTT,Trường Đại Học Nguyễn Tất Thành,7340101,Quản trị kinh doanh thực phẩm,A01,2025,15.0,,THPT
NTT,Trường Đại Học Nguyễn Tất Thành,7340101,Quản trị kinh doanh thực phẩm,D01,2025,15.0,,THPT
NTT,Trường Đại Học Nguyễn Tất Thành,7340101,Quản trị kinh doanh (Kinh doanh sáng tạo),D01,2025,15.0,,THPT
NTT,Trường Đại Học Nguyễn Tất Thành,7340101,Quản trị kinh doanh,D01,2025,15.0,,THPT
NTT,Đại học Nguyễn Tất Thành,7340101,Quản trị Kinh doanh,D01,2025,15.0,,THPT
NTT,Trường Đại Học Nguyễn Tất Thành,7340101,Quản trị kinh doanh thực phẩm,D07,2025,15.0,,THPT
NTT,Đại học Nguyễn Tất Thành,7340101_DNCN,Quản trị Kinh doanh (Doanh nghiệp và Công nghệ),A00,2025,15.0,,THPT
NTT,Trường Đại Học Nguyễn Tất Thành,7340101_DNCN,Quản trị kinh doanh (Quản trị doanh nghiệp và công nghệ),A00,2025,15.0,,THPT
NTT,Trường Đại Học Nguyễn Tất Thành,7340101_DNCN,Quản trị kinh doanh (Quản trị doanh nghiệp và công nghệ),D01,2025,15.0,,THPT
NTT,Đại học Nguyễn Tất Thành,7340101_DNCN,Quản trị Kinh doanh (Doanh nghiệp và Công nghệ),D01,2025,15.0,,THPT
NTT,Đại học Nguyễn Tất Thành,7340101_QT,Quản lý kinh doanh (LK với ĐH York St John),A00,2025,15.0,,THPT
NTT,Trường Đại Học Nguyễn Tất Thành,7340101_QT,Quản trị kinh doanh (Kinh doanh quốc tế) - Chuẩn quốc tế,A00,2025,15.0,,THPT
NTT,Trường Đại Học Nguyễn Tất Thành,7340101_QT,Quản trị kinh doanh (Kinh doanh quốc tế) - Chuẩn quốc tế,D01,2025,15.0,,THPT
NTT,Đại học Nguyễn Tất Thành,7340101_QT,Quản lý kinh doanh (LK với ĐH York St John),D01,2025,15.0,,THPT
NTT,Trường Đại Học Nguyễn Tất Thành,7340115,Marketing,C00,2025,15.0,,THPT
NTT,Trường Đại Học Nguyễn Tất Thành,7340115,Marketing,D01,2025,15.0,,THPT
NTT,Đại học Nguyễn Tất Thành,7340115,Marketing,D01,2025,15.0,,THPT
NTT,Đại học Nguyễn Tất Thành,7340115_DM,Marketing số và truyền thông xã hội,A00,2025,15.0,,THPT
NTT,Trường Đại Học Nguyễn Tất Thành,7340115_DM,Marketing (Marketing số và truyền thông xã hội),A00,2025,15.0,,THPT
NTT,Trường Đại Học Nguyễn Tất Thành,7340115_DM,Marketing (Marketing số và truyền thông xã hội),D01,2025,15.0,,THPT
NTT,Đại học Nguyễn Tất Thành,7340115_DM,Marketing số và truyền thông xã hội,D01,2025,15.0,,THPT
NTT,Đại học Nguyễn Tất Thành,7340120,Ngành Kinh doanh quốc tế,A00,2025,15.0,,THPT
NTT,Trường Đại Học Nguyễn Tất Thành,7340120,Kinh doanh quốc tế,A00,2025,15.0,,THPT
NTT,Trường Đại Học Nguyễn Tất Thành,7340120,Kinh doanh quốc tế,D01,2025,15.0,,THPT
NTT,Đại học Nguyễn Tất Thành,7340120,Ngành Kinh doanh quốc tế,D01,2025,15.0,,THPT
NTT,Trường Đại Học Nguyễn Tất Thành,7340122,Thương mại điện tử,D01,2025,15.0,,THPT
NTT,Đại học Nguyễn Tất Thành,7340122,Thương mại điện tử,D01,2025,15.0,,THPT
NTT,Đại học Nguyễn Tất Thành,7340122_QT,Thương mại điện tử - Chuẩn quốc tế,A00,2025,15.0,,THPT
NTT,Trường Đại Học Nguyễn Tất Thành,7340122_QT,Thương mại điện tử - Chuẩn quốc tế,A00,2025,15.0,,THPT
NTT,Trường Đại Học Nguyễn Tất Thành,7340122_QT,Thương mại điện tử - Chuẩn quốc tế,D01,2025,15.0,,THPT
NTT,Đại học Nguyễn Tất Thành,7340122_QT,Thương mại điện tử - Chuẩn quốc tế,D01,2025,15.0,,THPT
NTT,Đại học Nguyễn Tất Thành,7340201,Tài chính – Ngân hàng,A00,2025,15.0,,THPT
NTT,Trường Đại Học Nguyễn Tất Thành,7340201,Tài chính – ngân hàng,A00,2025,15.0,,THPT
NTT,Trường Đại Học Nguyễn Tất Thành,7340201,Tài chính – ngân hàng,A01,2025,15.0,,THPT
NTT,Đại học Nguyễn Tất Thành,7340201,Tài chính – Ngân hàng,A01,2025,15.0,,THPT
NTT,Trường Đại Học Nguyễn Tất Thành,7340201,Tài chính – ngân hàng,D01,2025,15.0,,THPT
NTT,Đại học Nguyễn Tất Thành,7340201,Tài chính – Ngân hàng,D01,2025,15.0,,THPT
NTT,Trường Đại Học Nguyễn Tất Thành,7340201,Tài chính – ngân hàng,D07,2025,15.0,,THPT
NTT,Đại học Nguyễn Tất Thành,7340201,Tài chính – Ngân hàng,D07,2025,15.0,,THPT
NTT,Đại học Nguyễn Tất Thành,7340301,Kế toán,A00,2025,15.0,,THPT
NTT,Trường Đại Học Nguyễn Tất Thành,7340301,Kế toán,A00,2025,15.0,,THPT
NTT,Trường Đại Học Nguyễn Tất Thành,7340301,Kế toán,A01,2025,15.0,,THPT
NTT,Đại học Nguyễn Tất Thành,7340301,Kế toán,A01,2025,15.0,,THPT
NTT,Trường Đại Học Nguyễn Tất Thành,7340301,Kế toán,D01,2025,15.0,,THPT
NTT,Đại học Nguyễn Tất Thành,7340301,Kế toán,D01,2025,15.0,,THPT
NTT,Trường Đại Học Nguyễn Tất Thành,7340301,Kế toán,D07,2025,15.0,,THPT
NTT,Đại học Nguyễn Tất Thành,7340301,Kế toán,D07,2025,15.0,,THPT
NTT,Đại học Nguyễn Tất Thành,7340301_QT,Kế toán (Kế toán tài chính) - Chuẩn quốc tế,A00,2025,15.0,,THPT
NTT,Trường Đại Học Nguyễn Tất Thành,7340301_QT,Kế Toán (Kế toán tài chính) - Chuẩn quốc tế,A00,2025,15.0,,THPT
NTT,Trường Đại Học Nguyễn Tất Thành,7340301_QT,Kế Toán (Kế toán tài chính) - Chuẩn quốc tế,D01,2025,15.0,,THPT
NTT,Đại học Nguyễn Tất Thành,7340301_QT,Kế toán (Kế toán tài chính) - Chuẩn quốc tế,D01,2025,15.0,,THPT
NTT,Trường Đại Học Nguyễn Tất Thành,7340404,Quản trị Nhân lực,C00,2025,15.0,,THPT
NTT,Trường Đại Học Nguyễn Tất Thành,7340404,Quản trị Nhân lực,D01,2025,15.0,,THPT
NTT,Đại học Nguyễn Tất Thành,7340404,Quản trị nhân lực,D01,2025,15.0,,THPT
NTT,Đại học Nguyễn Tất Thành,7380101,Ngành Luật,A00,2025,17.0,,THPT
NTT,Trường Đại Học Nguyễn Tất Thành,7380101,Luật,A00,2025,17.0,,THPT
NTT,Trường Đại Học Nguyễn Tất Thành,7380101,Luật,C00,2025,17.0,,THPT
NTT,Đại học Nguyễn Tất Thành,7380101,Ngành Luật,C00,2025,17.0,,THPT
NTT,Đại học Nguyễn Tất Thành,7380107,Luật kinh tế,A00,2025,17.0,,THPT
NTT,Trường Đại Học Nguyễn Tất Thành,7380107,Luật Kinh tế,A00,2025,17.0,,THPT
NTT,Trường Đại Học Nguyễn Tất Thành,7380107,Luật Kinh tế,C00,2025,17.0,,THPT
NTT,Đại học Nguyễn Tất Thành,7380107,Luật kinh tế,C00,2025,17.0,,THPT
NTT,Đại học Nguyễn Tất Thành,7380107_QT,Luật kinh tế - Chuẩn quốc tế,A00,2025,15.0,,THPT
NTT,Trường Đại Học Nguyễn Tất Thành,7380107_QT,Luật kinh tế - Chuẩn quốc tế,A00,2025,17.0,,THPT
NTT,Trường Đại Học Nguyễn Tất Thành,7380107_QT,Luật kinh tế - Chuẩn quốc tế,C00,2025,17.0,,THPT
NTT,Đại học Nguyễn Tất Thành,7380107_QT,Luật kinh tế - Chuẩn quốc tế,C00,2025,15.0,,THPT
NTT,Đại học Nguyễn Tất Thành,7420201,Công nghệ sinh học,A00,2025,15.0,,THPT
NTT,Trường Đại Học Nguyễn Tất Thành,7420201,Công nghệ sinh học,A00,2025,15.0,,THPT
NTT,Trường Đại Học Nguyễn Tất Thành,7420201,Công nghệ sinh học,B00,2025,15.0,,THPT
NTT,Đại học Nguyễn Tất Thành,7420201,Công nghệ sinh học,B00,2025,15.0,,THPT
NTT,Trường Đại Học Nguyễn Tất Thành,7420201,Công nghệ sinh học,D07,2025,15.0,,THPT
NTT,Đại học Nguyễn Tất Thành,7420201,Công nghệ sinh học,D07,2025,15.0,,THPT
NTT,Đại học Nguyễn Tất Thành,7420204,Khoa học Y sinh,A00,2025,15.0,,THPT
NTT,Trường Đại Học Nguyễn Tất Thành,7420204,Khoa học y sinh,A00,2025,15.0,,THPT
NTT,Trường Đại Học Nguyễn Tất Thành,7420204,Khoa học y sinh,B00,2025,15.0,,THPT
NTT,Đại học Nguyễn Tất Thành,7420204,Khoa học Y sinh,B00,2025,15.0,,THPT
NTT,Trường Đại Học Nguyễn Tất Thành,7420204,Khoa học y sinh,D07,2025,15.0,,THPT
NTT,Đại học Nguyễn Tất Thành,7420204,Khoa học Y sinh,D07,2025,15.0,,THPT
NTT,Đại học Nguyễn Tất Thành,7440122,Khoa học vật liệu,A00,2025,15.0,,THPT
NTT,Trường Đại Học Nguyễn Tất Thành,7440122,Khoa học vật liệu (Vật liệu tiên tiến và Công nghệ nano),A00,2025,15.0,,THPT
NTT,Trường Đại Học Nguyễn Tất Thành,7440122,Khoa học vật liệu (Vật liệu tiên tiến và Công nghệ nano),A01,2025,15.0,,THPT
NTT,Đại học Nguyễn Tất Thành,7440122,Khoa học vật liệu,A01,2025,15.0,,THPT
NTT,Trường Đại Học Nguyễn Tất Thành,7440122,Khoa học vật liệu (Vật liệu tiên tiến và Công nghệ nano),D07,2025,15.0,,THPT
NTT,Đại học Nguyễn Tất Thành,7440122,Khoa học vật liệu,D07,2025,15.0,,THPT
NTT,Đại học Nguyễn Tất Thành,7460108,Khoa học dữ liệu (Data Science),A00,2025,15.0,,THPT
NTT,Trường Đại Học Nguyễn Tất Thành,7460108,Khoa học dữ liệu,A00,2025,15.0,,THPT
NTT,Trường Đại Học Nguyễn Tất Thành,7460108,Khoa học dữ liệu,A01,2025,15.0,,THPT
NTT,Đại học Nguyễn Tất Thành,7460108,Khoa học dữ liệu (Data Science),A01,2025,15.0,,THPT
NTT,Trường Đại Học Nguyễn Tất Thành,7460108,Khoa học dữ liệu,D01,2025,15.0,,THPT
NTT,Đại học Nguyễn Tất Thành,7460108,Khoa học dữ liệu (Data Science),D01,2025,15.0,,THPT
NTT,Đại học Nguyễn Tất Thành,7480102,Mạng máy tính và truyền thông dữ liệu,A00,2025,15.0,,THPT
NTT,Trường Đại Học Nguyễn Tất Thành,7480102,Mạng máy tính và truyền thông dữ liệu,A00,2025,15.0,,THPT
NTT,Trường Đại Học Nguyễn Tất Thành,7480102,Mạng máy tính và truyền thông dữ liệu,A01,2025,15.0,,THPT
NTT,Đại học Nguyễn Tất Thành,7480102,Mạng máy tính và truyền thông dữ liệu,A01,2025,15.0,,THPT
NTT,Trường Đại Học Nguyễn Tất Thành,7480102,Mạng máy tính và truyền thông dữ liệu,D01,2025,15.0,,THPT
NTT,Đại học Nguyễn Tất Thành,7480102,Mạng máy tính và truyền thông dữ liệu,D01,2025,15.0,,THPT
NTT,Đại học Nguyễn Tất Thành,7480103,Kỹ thuật phần mềm,A00,2025,15.0,,THPT
NTT,Trường Đại Học Nguyễn Tất Thành,7480103,Kỹ thuật phần mềm,A00,2025,15.0,,THPT
NTT,Trường Đại Học Nguyễn Tất Thành,7480103,Kỹ thuật phần mềm,A01,2025,15.0,,THPT
NTT,Đại học Nguyễn Tất Thành,7480103,Kỹ thuật phần mềm,A01,2025,15.0,,THPT
NTT,Trường Đại Học Nguyễn Tất Thành,7480103,Kỹ thuật phần mềm,D01,2025,15.0,,THPT
NTT,Đại học Nguyễn Tất Thành,7480103,Kỹ thuật phần mềm,D01,2025,15.0,,THPT
NTT,Đại học Nguyễn Tất Thành,7480107,Trí tuệ nhân tạo,A00,2025,15.0,,THPT
NTT,Trường Đại Học Nguyễn Tất Thành,7480107,Trí tuệ nhân tạo,A00,2025,15.0,,THPT
NTT,Trường Đại Học Nguyễn Tất Thành,7480107,Trí tuệ nhân tạo,A01,2025,15.0,,THPT
NTT,Đại học Nguyễn Tất Thành,7480107,Trí tuệ nhân tạo,A01,2025,15.0,,THPT
NTT,Trường Đại Học Nguyễn Tất Thành,7480107,Trí tuệ nhân tạo,D01,2025,15.0,,THPT
NTT,Đại học Nguyễn Tất Thành,7480107,Trí tuệ nhân tạo,D01,2025,15.0,,THPT
NTT,Đại học Nguyễn Tất Thành,7480201,Công nghệ thông tin,A00,2025,15.0,,THPT
NTT,Trường Đại Học Nguyễn Tất Thành,7480201,Công nghệ thông tin,A00,2025,15.0,,THPT
NTT,Trường Đại Học Nguyễn Tất Thành,7480201,Công nghệ thông tin,A01,2025,15.0,,THPT
NTT,Đại học Nguyễn Tất Thành,7480201,Công nghệ thông tin,A01,2025,15.0,,THPT
NTT,Trường Đại Học Nguyễn Tất Thành,7480201,Công nghệ thông tin,D01,2025,15.0,,THPT
NTT,Đại học Nguyễn Tất Thành,7480201,Công nghệ thông tin,D01,2025,15.0,,THPT
NTT,Đại học Nguyễn Tất Thành,7480201_CNST,Công nghệ thông tin (Công nghệ và Đổi mới sáng tạo),A00,2025,15.0,,THPT
NTT,Trường Đại Học Nguyễn Tất Thành,7480201_CNST,Công nghệ thông tin (Công nghệ và Đổi mới sáng tạo),A00,2025,15.0,,THPT
NTT,Trường Đại Học Nguyễn Tất Thành,7480201_CNST,Công nghệ thông tin (Công nghệ và Đổi mới sáng tạo),D01,2025,15.0,,THPT
NTT,Đại học Nguyễn Tất Thành,7480201_CNST,Công nghệ thông tin (Công nghệ và Đổi mới sáng tạo),D01,2025,15.0,,THPT
NTT,Đại học Nguyễn Tất Thành,7480201_DLMT,Công nghệ thông tin và dữ liệu tài nguyên môi trường,A00,2025,15.0,,THPT
NTT,Trường Đại Học Nguyễn Tất Thành,7480201_DLMT,Công nghệ thông tin và dữ liệu Tài nguyên môi trường,A00,2025,15.0,,THPT
NTT,Trường Đại Học Nguyễn Tất Thành,7480201_DLMT,Công nghệ thông tin và dữ liệu Tài nguyên môi trường,A01,2025,15.0,,THPT
NTT,Đại học Nguyễn Tất Thành,7480201_DLMT,Công nghệ thông tin và dữ liệu tài nguyên môi trường,A01,2025,15.0,,THPT
NTT,Trường Đại Học Nguyễn Tất Thành,7480201_DLMT,Công nghệ thông tin và dữ liệu Tài nguyên môi trường,B00,2025,15.0,,THPT
NTT,Đại học Nguyễn Tất Thành,7480201_DLMT,Công nghệ thông tin và dữ liệu tài nguyên môi trường,B00,2025,15.0,,THPT
NTT,Trường Đại Học Nguyễn Tất Thành,7480201_DLMT,Công nghệ thông tin và dữ liệu Tài nguyên môi trường,D01,2025,15.0,,THPT
NTT,Đại học Nguyễn Tất Thành,7480201_DLMT,Công nghệ thông tin và dữ liệu tài nguyên môi trường,D01,2025,15.0,,THPT
NTT,Đại học Nguyễn Tất Thành,7480201_QT,Công nghệ thông tin quốc tế,A00,2025,15.0,,THPT
NTT,Trường Đại Học Nguyễn Tất Thành,7480201_QT,Công nghệ thông tin (Kỹ thuật phần mềm)- Chuẩn quốc tế,A00,2025,15.0,,THPT
NTT,Trường Đại Học Nguyễn Tất Thành,7480201_QT,Công nghệ thông tin (Kỹ thuật phần mềm)- Chuẩn quốc tế,D01,2025,15.0,,THPT
NTT,Đại học Nguyễn Tất Thành,7480201_QT,Công nghệ thông tin quốc tế,D01,2025,15.0,,THPT
NTT,Đại học Nguyễn Tất Thành,7510203,Công nghệ kỹ thuật cơ điện tử,A00,2025,15.0,,THPT
NTT,Trường Đại Học Nguyễn Tất Thành,7510203,Công nghệ kỹ thuật cơ điện tử,A00,2025,15.0,,THPT
NTT,Trường Đại Học Nguyễn Tất Thành,7510203,Công nghệ kỹ thuật cơ điện tử,A01,2025,15.0,,THPT
NTT,Đại học Nguyễn Tất Thành,7510203,Công nghệ kỹ thuật cơ điện tử,A01,2025,15.0,,THPT
NTT,Trường Đại Học Nguyễn Tất Thành,7510203,Công nghệ kỹ thuật cơ điện tử,D01,2025,15.0,,THPT
NTT,Đại học Nguyễn Tất Thành,7510203,Công nghệ kỹ thuật cơ điện tử,D01,2025,15.0,,THPT
NTT,Đại học Nguyễn Tất Thành,7510205,Công nghệ kỹ thuật ô tô,A00,2025,15.0,,THPT
NTT,Trường Đại Học Nguyễn Tất Thành,7510205,Công nghệ kỹ thuật Ô tô,A00,2025,15.0,,THPT
NTT,Trường Đại Học Nguyễn Tất Thành,7510205,Công nghệ kỹ thuật Ô tô,A01,2025,15.0,,THPT
NTT,Đại học Nguyễn Tất Thành,7510205,Công nghệ kỹ thuật ô tô,A01,2025,15.0,,THPT
NTT,Trường Đại Học Nguyễn Tất Thành,7510205,Công nghệ kỹ thuật Ô tô,D01,2025,15.0,,THPT
NTT,Đại học Nguyễn Tất Thành,7510205,Công nghệ kỹ thuật ô tô,D01,2025,15.0,,THPT
NTT,Trường Đại Học Nguyễn Tất Thành,7510205-QT,Công nghệ kỹ thuật ô tô - Chuẩn quốc tế,A00,2025,15.0,,THPT
NTT,Trường Đại Học Nguyễn Tất Thành,7510205-QT,Công nghệ kỹ thuật ô tô - Chuẩn quốc tế,D01,2025,15.0,,THPT
NTT,Đại học Nguyễn Tất Thành,7510205_QT,Công nghệ kỹ thuật ô tô - Chuẩn quốc tế,A00,2025,15.0,,THPT
NTT,Đại học Nguyễn Tất Thành,7510205_QT,Công nghệ kỹ thuật ô tô - Chuẩn quốc tế,A01,2025,15.0,,THPT
NTT,Đại học Nguyễn Tất Thành,7510205_QT,Công nghệ kỹ thuật ô tô - Chuẩn quốc tế,D01,2025,15.0,,THPT
NTT,Đại học Nguyễn Tất Thành,7510301,"Công nghệ kỹ thuật điện, điện tử",A00,2025,15.0,,THPT
NTT,Trường Đại Học Nguyễn Tất Thành,7510301,"Kỹ thuật điện, điện tử",A00,2025,15.0,,THPT
NTT,Trường Đại Học Nguyễn Tất Thành,7510301,"Kỹ thuật điện, điện tử",A01,2025,15.0,,THPT
NTT,Đại học Nguyễn Tất Thành,7510301,"Công nghệ kỹ thuật điện, điện tử",A01,2025,15.0,,THPT
NTT,Trường Đại Học Nguyễn Tất Thành,7510301,"Kỹ thuật điện, điện tử",D01,2025,15.0,,THPT
NTT,Đại học Nguyễn Tất Thành,7510301,"Công nghệ kỹ thuật điện, điện tử",D01,2025,15.0,,THPT
NTT,Đại học Nguyễn Tất Thành,7510401,Công nghệ kỹ thuật hoá học,A00,2025,15.0,,THPT
NTT,Trường Đại Học Nguyễn Tất Thành,7510401,Công nghệ kỹ thuật Hóa học,A00,2025,15.0,,THPT
NTT,Trường Đại Học Nguyễn Tất Thành,7510401,Công nghệ kỹ thuật Hóa học,B00,2025,15.0,,THPT
NTT,Đại học Nguyễn Tất Thành,7510401,Công nghệ kỹ thuật hoá học,B00,2025,15.0,,THPT
NTT,Trường Đại Học Nguyễn Tất Thành,7510401,Công nghệ kỹ thuật Hóa học,D07,2025,15.0,,THPT
NTT,Đại học Nguyễn Tất Thành,7510401,Công nghệ kỹ thuật hoá học,D07,2025,15.0,,THPT
NTT,Trường Đại Học Nguyễn Tất Thành,7510605,Logistic và quản lý chuỗi cung ứng,D01,2025,15.0,,THPT
NTT,Đại học Nguyễn Tất Thành,7510605,Logistics và Quản lý chuỗi cung ứng,D01,2025,15.0,,THPT
NTT,Đại học Nguyễn Tất Thành,7510605_CN,Công nghệ Logistics,A00,2025,15.0,,THPT
NTT,Trường Đại Học Nguyễn Tất Thành,7510605_CN,Công nghệ Logistics,A00,2025,15.0,,THPT
NTT,Trường Đại Học Nguyễn Tất Thành,7510605_CN,Công nghệ Logistics,A01,2025,15.0,,THPT
NTT,Đại học Nguyễn Tất Thành,7510605_CN,Công nghệ Logistics,A01,2025,15.0,,THPT
NTT,Trường Đại Học Nguyễn Tất Thành,7510605_CN,Công nghệ Logistics,D01,2025,15.0,,THPT
NTT,Đại học Nguyễn Tất Thành,7510605_CN,Công nghệ Logistics,D01,2025,15.0,,THPT
NTT,Đại học Nguyễn Tất Thành,7510605_QT,Logistics và Quản lý chuỗi cung ứng - Chuẩn quốc tế,A00,2025,15.0,,THPT
NTT,Trường Đại Học Nguyễn Tất Thành,7510605_QT,Logisfics và Quản lý chuỗi cung ứng - Chuẩn quốc tế,A00,2025,15.0,,THPT
NTT,Trường Đại Học Nguyễn Tất Thành,7510605_QT,Logisfics và Quản lý chuỗi cung ứng - Chuẩn quốc tế,D01,2025,15.0,,THPT
NTT,Đại học Nguyễn Tất Thành,7510605_QT,Logistics và Quản lý chuỗi cung ứng - Chuẩn quốc tế,D01,2025,15.0,,THPT
NTT,Đại học Nguyễn Tất Thành,7520103,Kỹ thuật cơ khí,A00,2025,15.0,,THPT
NTT,Trường Đại Học Nguyễn Tất Thành,7520103,Kỹ thuật cơ khí,A00,2025,15.0,,THPT
NTT,Trường Đại Học Nguyễn Tất Thành,7520103,Kỹ thuật cơ khí,A01,2025,15.0,,THPT
NTT,Đại học Nguyễn Tất Thành,7520103,Kỹ thuật cơ khí,A01,2025,15.0,,THPT
NTT,Trường Đại Học Nguyễn Tất Thành,7520103,Kỹ thuật cơ khí,D01,2025,15.0,,THPT
NTT,Đại học Nguyễn Tất Thành,7520103,Kỹ thuật cơ khí,D01,2025,15.0,,THPT
NTT,Đại học Nguyễn Tất Thành,7520212,Kỹ thuật y sinh,A00,2025,15.0,,THPT
NTT,Trường Đại Học Nguyễn Tất Thành,7520212,Kỹ thuật Y sinh,A00,2025,15.0,,THPT
NTT,Trường Đại Học Nguyễn Tất Thành,7520212,Kỹ thuật Y sinh,A01,2025,15.0,,THPT
NTT,Đại học Nguyễn Tất Thành,7520212,Kỹ thuật y sinh,A01,2025,15.0,,THPT
NTT,Trường Đại Học Nguyễn Tất Thành,7520212,Kỹ thuật Y sinh,B00,2025,15.0,,THPT
NTT,Đại học Nguyễn Tất Thành,7520212,Kỹ thuật y sinh,B00,2025,15.0,,THPT
NTT,Đại học Nguyễn Tất Thành,7520403,Vật lý Y khoa,A00,2025,15.0,,THPT
NTT,Trường Đại Học Nguyễn Tất Thành,7520403,Vật lý y khoa,A00,2025,15.0,,THPT
NTT,Trường Đại Học Nguyễn Tất Thành,7520403,Vật lý y khoa,A01,2025,15.0,,THPT
NTT,Đại học Nguyễn Tất Thành,7520403,Vật lý Y khoa,A01,2025,15.0,,THPT
NTT,Trường Đại Học Nguyễn Tất Thành,7520403,Vật lý y khoa,B00,2025,15.0,,THPT
NTT,Đại học Nguyễn Tất Thành,7520403,Vật lý Y khoa,B00,2025,15.0,,THPT
NTT,Đại học Nguyễn Tất Thành,7540101,Công nghệ thực phẩm,A00,2025,15.0,,THPT
NTT,Trường Đại Học Nguyễn Tất Thành,7540101,Công nghệ thực phẩm,A00,2025,15.0,,THPT
NTT,Trường Đại Học Nguyễn Tất Thành,7540101,Công nghệ thực phẩm,B00,2025,15.0,,THPT
NTT,Đại học Nguyễn Tất Thành,7540101,Công nghệ thực phẩm,B00,2025,15.0,,THPT
NTT,Trường Đại Học Nguyễn Tất Thành,7540101,Công nghệ thực phẩm,D07,2025,15.0,,THPT
NTT,Đại học Nguyễn Tất Thành,7540101,Công nghệ thực phẩm,D07,2025,15.0,,THPT
NTT,Đại học Nguyễn Tất Thành,7580101,Kiến trúc,D01,2025,15.0,,THPT
NTT,Trường Đại Học Nguyễn Tất Thành,7580101,Kiến trúc,D01,2025,15.0,,THPT
NTT,Đại học Nguyễn Tất Thành,7580108,Thiết kế nội thất,D01,2025,15.0,,THPT
NTT,Trường Đại Học Nguyễn Tất Thành,7580108,Thiết kế Nội thất,D01,2025,15.0,,THPT
NTT,Đại học Nguyễn Tất Thành,7580201,Kỹ thuật xây dựng,A00,2025,15.0,,THPT
NTT,Trường Đại Học Nguyễn Tất Thành,7580201,Kỹ thuật xây dựng,A00,2025,15.0,,THPT
NTT,Trường Đại Học Nguyễn Tất Thành,7580201,Kỹ thuật xây dựng,A01,2025,15.0,,THPT
NTT,Đại học Nguyễn Tất Thành,7580201,Kỹ thuật xây dựng,A01,2025,15.0,,THPT
NTT,Trường Đại Học Nguyễn Tất Thành,7580201,Kỹ thuật xây dựng,D01,2025,15.0,,THPT
NTT,Đại học Nguyễn Tất Thành,7580201,Kỹ thuật xây dựng,D01,2025,15.0,,THPT
NTT,Đại học Nguyễn Tất Thành,7640101,Thú y,A00,2025,15.0,,THPT
NTT,Trường Đại Học Nguyễn Tất Thành,7640101,Thú y,A00,2025,15.0,,THPT
NTT,Trường Đại Học Nguyễn Tất Thành,7640101,Thú y,B00,2025,15.0,,THPT
NTT,Đại học Nguyễn Tất Thành,7640101,Thú y,B00,2025,15.0,,THPT
NTT,Trường Đại Học Nguyễn Tất Thành,7640101,Thú y,D07,2025,15.0,,THPT
NTT,Đại học Nguyễn Tất Thành,7640101,Thú y,D07,2025,15.0,,THPT
NTT,Đại học Nguyễn Tất Thành,7720101,Y khoa,B00,2025,20.5,,THPT
NTT,Trường Đại Học Nguyễn Tất Thành,7720101,Y khoa,B00,2025,20.5,,THPT
NTT,Trường Đại Học Nguyễn Tất Thành,7720101,Y khoa,D07,2025,20.5,,THPT
NTT,Đại học Nguyễn Tất Thành,7720101,Y khoa,D07,2025,20.5,,THPT
NTT,Đại học Nguyễn Tất Thành,7720110,Y học dự phòng,B00,2025,17.0,,THPT
NTT,Trường Đại Học Nguyễn Tất Thành,7720110,Y học dự phòng,B00,2025,17.0,,THPT
NTT,Trường Đại Học Nguyễn Tất Thành,7720110,Y học dự phòng,D07,2025,17.0,,THPT
NTT,Đại học Nguyễn Tất Thành,7720110,Y học dự phòng,D07,2025,17.0,,THPT
NTT,Đại học Nguyễn Tất Thành,7720115,Y học cổ truyền,A00,2025,19.0,,THPT
NTT,Trường Đại Học Nguyễn Tất Thành,7720115,Y học cổ truyền,A00,2025,19.0,,THPT
NTT,Trường Đại Học Nguyễn Tất Thành,7720115,Y học cổ truyền,A01,2025,19.0,,THPT
NTT,Đại học Nguyễn Tất Thành,7720115,Y học cổ truyền,A01,2025,19.0,,THPT
NTT,Trường Đại Học Nguyễn Tất Thành,7720115,Y học cổ truyền,B00,2025,19.0,,THPT
NTT,Đại học Nguyễn Tất Thành,7720115,Y học cổ truyền,B00,2025,19.0,,THPT
NTT,Trường Đại Học Nguyễn Tất Thành,7720115,Y học cổ truyền,D07,2025,19.0,,THPT
NTT,Đại học Nguyễn Tất Thành,7720115,Y học cổ truyền,D07,2025,19.0,,THPT
NTT,Đại học Nguyễn Tất Thành,7720201,Dược học,A00,2025,19.0,,THPT
NTT,Trường Đại Học Nguyễn Tất Thành,7720201,Dược học,A00,2025,19.0,,THPT
NTT,Trường Đại Học Nguyễn Tất Thành,7720201,Dược học,A01,2025,19.0,,THPT
NTT,Đại học Nguyễn Tất Thành,7720201,Dược học,A01,2025,19.0,,THPT
NTT,Trường Đại Học Nguyễn Tất Thành,7720201,Dược học,B00,2025,19.0,,THPT
NTT,Đại học Nguyễn Tất Thành,7720201,Dược học,B00,2025,19.0,,THPT
NTT,Trường Đại Học Nguyễn Tất Thành,7720201,Dược học,D07,2025,19.0,,THPT
NTT,Đại học Nguyễn Tất Thành,7720201,Dược học,D07,2025,19.0,,THPT
NTT,Đại học Nguyễn Tất Thành,7720203,Hoá dược,A00,2025,15.0,,THPT
NTT,Trường Đại Học Nguyễn Tất Thành,7720203,Hóa Dược,A00,2025,15.0,,THPT
NTT,Trường Đại Học Nguyễn Tất Thành,7720203,Hóa Dược,A01,2025,15.0,,THPT
NTT,Đại học Nguyễn Tất Thành,7720203,Hoá dược,A01,2025,15.0,,THPT
NTT,Trường Đại Học Nguyễn Tất Thành,7720203,Hóa Dược,B00,2025,15.0,,THPT
NTT,Đại học Nguyễn Tất Thành,7720203,Hoá dược,B00,2025,15.0,,THPT
NTT,Trường Đại Học Nguyễn Tất Thành,7720203,Hóa Dược,D07,2025,15.0,,THPT
NTT,Đại học Nguyễn Tất Thành,7720203,Hoá dược,D07,2025,15.0,,THPT
NTT,Đại học Nguyễn Tất Thành,7720301,Điều dưỡng,A00,2025,17.0,,THPT
NTT,Trường Đại Học Nguyễn Tất Thành,7720301,Điều dưỡng,A00,2025,17.0,,THPT
NTT,Trường Đại Học Nguyễn Tất Thành,7720301,Điều dưỡng,A01,2025,17.0,,THPT
NTT,Đại học Nguyễn Tất Thành,7720301,Điều dưỡng,A01,2025,17.0,,THPT
NTT,Trường Đại Học Nguyễn Tất Thành,7720301,Điều dưỡng,B00,2025,17.0,,THPT
NTT,Đại học Nguyễn Tất Thành,7720301,Điều dưỡng,B00,2025,17.0,,THPT
NTT,Trường Đại Học Nguyễn Tất Thành,7720301,Điều dưỡng,D07,2025,17.0,,THPT
NTT,Đại học Nguyễn Tất Thành,7720301,Điều dưỡng,D07,2025,17.0,,THPT
NTT,Đại học Nguyễn Tất Thành,7720501,Răng- Hàm -Mặt,A00,2025,20.5,,THPT
NTT,Trường Đại Học Nguyễn Tất Thành,7720501,Răng - Hàm - Mặt,A00,2025,20.5,,THPT
NTT,Trường Đại Học Nguyễn Tất Thành,7720501,Răng - Hàm - Mặt,B00,2025,20.5,,THPT
NTT,Đại học Nguyễn Tất Thành,7720501,Răng- Hàm -Mặt,B00,2025,20.5,,THPT
NTT,Trường Đại Học Nguyễn Tất Thành,7720501,Răng - Hàm - Mặt,D07,2025,20.5,,THPT
NTT,Đại học Nguyễn Tất Thành,7720501,Răng- Hàm -Mặt,D07,2025,20.5,,THPT
NTT,Đại học Nguyễn Tất Thành,7720601,Kỹ thuật xét nghiệm y học,A00,2025,17.0,,THPT
NTT,Trường Đại Học Nguyễn Tất Thành,7720601,Kỹ thuật xét nghiệm y học,A00,2025,17.0,,THPT
NTT,Trường Đại Học Nguyễn Tất Thành,7720601,Kỹ thuật xét nghiệm y học,B00,2025,17.0,,THPT
NTT,Đại học Nguyễn Tất Thành,7720601,Kỹ thuật xét nghiệm y học,B00,2025,17.0,,THPT
NTT,Trường Đại Học Nguyễn Tất Thành,7720601,Kỹ thuật xét nghiệm y học,D07,2025,17.0,,THPT
NTT,Đại học Nguyễn Tất Thành,7720601,Kỹ thuật xét nghiệm y học,D07,2025,17.0,,THPT
NTT,Đại học Nguyễn Tất Thành,7720603,Kỹ thuật phục hồi chức năng,A00,2025,17.0,,THPT
NTT,Trường Đại Học Nguyễn Tất Thành,7720603,Kỹ thuật phục hồi chức năng,A00,2025,17.0,,THPT
NTT,Trường Đại Học Nguyễn Tất Thành,7720603,Kỹ thuật phục hồi chức năng,A01,2025,17.0,,THPT
NTT,Đại học Nguyễn Tất Thành,7720603,Kỹ thuật phục hồi chức năng,A01,2025,17.0,,THPT
NTT,Trường Đại Học Nguyễn Tất Thành,7720603,Kỹ thuật phục hồi chức năng,B00,2025,17.0,,THPT
NTT,Đại học Nguyễn Tất Thành,7720603,Kỹ thuật phục hồi chức năng,B00,2025,17.0,,THPT
NTT,Trường Đại Học Nguyễn Tất Thành,7720603,Kỹ thuật phục hồi chức năng,D07,2025,17.0,,THPT
NTT,Đại học Nguyễn Tất Thành,7720603,Kỹ thuật phục hồi chức năng,D07,2025,17.0,,THPT
NTT,Đại học Nguyễn Tất Thành,7720802,Quản lý bệnh viện,B00,2025,15.0,,THPT
NTT,Trường Đại Học Nguyễn Tất Thành,7720802,Quản lý bệnh viện,B00,2025,15.0,,THPT
NTT,Trường Đại Học Nguyễn Tất Thành,7720802,Quản lý bệnh viện,C00,2025,15.0,,THPT
NTT,Đại học Nguyễn Tất Thành,7720802,Quản lý bệnh viện,C00,2025,15.0,,THPT
NTT,Trường Đại Học Nguyễn Tất Thành,7720802,Quản lý bệnh viện,D01,2025,15.0,,THPT
NTT,Đại học Nguyễn Tất Thành,7720802,Quản lý bệnh viện,D01,2025,15.0,,THPT
NTT,Trường Đại Học Nguyễn Tất Thành,7810101,Du lịch,C00,2025,15.0,,THPT
NTT,Trường Đại Học Nguyễn Tất Thành,7810101,Du lịch,D01,2025,15.0,,THPT
NTT,Trường Đại Học Nguyễn Tất Thành,7810101,Du lịch,D09,2025,15.0,,THPT
NTT,Trường Đại Học Nguyễn Tất Thành,7810101,Du lịch,D10,2025,15.0,,THPT
NTT,Đại học Nguyễn Tất Thành,7810103,Quản trị dịch vụ du lịch và lữ hành,C00,2025,15.0,,THPT
NTT,Đại học Nguyễn Tất Thành,7810103,Quản trị dịch vụ du lịch và lữ hành,D01,2025,15.0,,THPT
NTT,Đại học Nguyễn Tất Thành,7810103,Quản trị dịch vụ du lịch và lữ hành,D09,2025,15.0,,THPT
NTT,Đại học Nguyễn Tất Thành,7810103,Quản trị dịch vụ du lịch và lữ hành,D10,2025,15.0,,THPT
NTT,Đại học Nguyễn Tất Thành,7810201,Quản trị khách sạn,C00,2025,15.0,,THPT
NTT,Trường Đại Học Nguyễn Tất Thành,7810201,Quản trị khách sạn,C00,2025,15.0,,THPT
NTT,Trường Đại Học Nguyễn Tất Thành,7810201,Quản trị khách sạn,D01,2025,15.0,,THPT
NTT,Đại học Nguyễn Tất Thành,7810201,Quản trị khách sạn,D01,2025,15.0,,THPT
NTT,Đại học Nguyễn Tất Thành,7810201_QT,Quản trị khách sạn - Chuẩn quốc tế,A00,2025,15.0,,THPT
NTT,Trường Đại Học Nguyễn Tất Thành,7810201_QT,Quản trị khách sạn - Chuẩn quốc tế,C00,2025,15.0,,THPT
NTT,Trường Đại Học Nguyễn Tất Thành,7810201_QT,Quản trị khách sạn - Chuẩn quốc tế,D01,2025,15.0,,THPT
NTT,Đại học Nguyễn Tất Thành,7810201_QT,Quản trị khách sạn - Chuẩn quốc tế,D01,2025,15.0,,THPT
NTT,Đại học Nguyễn Tất Thành,7810202,Quản trị nhà hàng và dịch vụ ăn uống,C00,2025,15.0,,THPT
NTT,Trường Đại Học Nguyễn Tất Thành,7810202,Quản trị nhà hàng và dịch vụ ăn uống,C00,2025,15.0,,THPT
NTT,Trường Đại Học Nguyễn Tất Thành,7810202,Quản trị nhà hàng và dịch vụ ăn uống,D01,2025,15.0,,THPT
NTT,Đại học Nguyễn Tất Thành,7810202,Quản trị nhà hàng và dịch vụ ăn uống,D01,2025,15.0,,THPT
NTT,Đại học Nguyễn Tất Thành,7850101,Quản lý tài nguyên và môi trường,A00,2025,15.0,,THPT
NTT,Trường Đại Học Nguyễn Tất Thành,7850101,Quản lý tài nguyên và môi trường,A00,2025,15.0,,THPT
NTT,Trường Đại Học Nguyễn Tất Thành,7850101,Quản lý tài nguyên và môi trường,B00,2025,15.0,,THPT
NTT,Đại học Nguyễn Tất Thành,7850101,Quản lý tài nguyên và môi trường,B00,2025,15.0,,THPT
NTT,Trường Đại Học Nguyễn Tất Thành,7850101,Quản lý tài nguyên và môi trường,D01,2025,15.0,,THPT
NTT,Đại học Nguyễn Tất Thành,7850101,Quản lý tài nguyên và môi trường,D01,2025,15.0,,THPT
NTU,Đại học Nguyễn Trãi,7220209,Ngôn ngữ Nhật,C00,2025,15.0,,THPT
NTU,Trường Đại Học Nguyễn Trãi,7220209,Ngôn ngữ Nhật,C00,2025,15.0,,THPT
NTU,Trường Đại Học Nguyễn Trãi,7220209,Ngôn ngữ Nhật,D01,2025,15.0,,THPT
NTU,Đại học Nguyễn Trãi,7220209,Ngôn ngữ Nhật,D01,2025,15.0,,THPT
NTU,Trường Đại Học Nguyễn Trãi,7220209,Ngôn ngữ Nhật,D09,2025,15.0,,THPT
NTU,Đại học Nguyễn Trãi,7220209,Ngôn ngữ Nhật,D09,2025,15.0,,THPT
NTU,Đại học Nguyễn Trãi,7220210,Ngôn ngữ Hàn Quốc,C00,2025,15.0,,THPT
NTU,Trường Đại Học Nguyễn Trãi,7220210,Ngôn ngữ Hàn Quốc,C00,2025,15.0,,THPT
NTU,Trường Đại Học Nguyễn Trãi,7220210,Ngôn ngữ Hàn Quốc,D01,2025,15.0,,THPT
NTU,Đại học Nguyễn Trãi,7220210,Ngôn ngữ Hàn Quốc,D01,2025,15.0,,THPT
NTU,Trường Đại Học Nguyễn Trãi,7220210,Ngôn ngữ Hàn Quốc,D09,2025,15.0,,THPT
NTU,Đại học Nguyễn Trãi,7220210,Ngôn ngữ Hàn Quốc,D09,2025,15.0,,THPT
NTU,Đại học Nguyễn Trãi,7310601,Quốc tế học,C00,2025,15.0,,THPT
NTU,Trường Đại Học Nguyễn Trãi,7310601,Quốc tế học,C00,2025,15.0,,THPT
NTU,Trường Đại Học Nguyễn Trãi,7310601,Quốc tế học,D01,2025,15.0,,THPT
NTU,Đại học Nguyễn Trãi,7310601,Quốc tế học,D01,2025,15.0,,THPT
NTU,Trường Đại Học Nguyễn Trãi,7310601,Quốc tế học,D09,2025,15.0,,THPT
NTU,Đại học Nguyễn Trãi,7310601,Quốc tế học,D09,2025,15.0,,THPT
NTU,Đại học Nguyễn Trãi,7320108,Quan hệ công chúng,C00,2025,17.7,,THPT
NTU,Trường Đại Học Nguyễn Trãi,7320108,Quan hệ công chúng,C00,2025,17.7,,THPT
NTU,Trường Đại Học Nguyễn Trãi,7320108,Quan hệ công chúng,D01,2025,17.7,,THPT
NTU,Đại học Nguyễn Trãi,7320108,Quan hệ công chúng,D01,2025,17.7,,THPT
NTU,Đại học Nguyễn Trãi,7340101,Quản trị Kinh doanh,A00,2025,15.0,,THPT
NTU,Trường Đại Học Nguyễn Trãi,7340101,Quản trị kinh doanh,A00,2025,15.0,,THPT
NTU,Trường Đại Học Nguyễn Trãi,7340101,Quản trị kinh doanh,A01,2025,15.0,,THPT
NTU,Đại học Nguyễn Trãi,7340101,Quản trị Kinh doanh,A01,2025,15.0,,THPT
NTU,Trường Đại Học Nguyễn Trãi,7340101,Quản trị kinh doanh,D01,2025,15.0,,THPT
NTU,Đại học Nguyễn Trãi,7340101,Quản trị Kinh doanh,D01,2025,15.0,,THPT
NTU,Trường Đại Học Nguyễn Trãi,7340101,Quản trị kinh doanh,D07,2025,15.0,,THPT
NTU,Đại học Nguyễn Trãi,7340101,Quản trị Kinh doanh,D07,2025,15.0,,THPT
NTU,Trường Đại Học Nguyễn Trãi,7340101,Quản trị kinh doanh,D10,2025,15.0,,THPT
NTU,Đại học Nguyễn Trãi,7340101,Quản trị Kinh doanh,D10,2025,15.0,,THPT
NTU,Đại học Nguyễn Trãi,7340201,Tài chính – Ngân hàng,A00,2025,15.0,,THPT
NTU,Trường Đại Học Nguyễn Trãi,7340201,Tài chính ngân hàng,A00,2025,15.0,,THPT
NTU,Trường Đại Học Nguyễn Trãi,7340201,Tài chính ngân hàng,A01,2025,15.0,,THPT
NTU,Đại học Nguyễn Trãi,7340201,Tài chính – Ngân hàng,A01,2025,15.0,,THPT
NTU,Trường Đại Học Nguyễn Trãi,7340201,Tài chính ngân hàng,D01,2025,15.0,,THPT
NTU,Đại học Nguyễn Trãi,7340201,Tài chính – Ngân hàng,D01,2025,15.0,,THPT
NTU,Trường Đại Học Nguyễn Trãi,7340201,Tài chính ngân hàng,D07,2025,15.0,,THPT
NTU,Đại học Nguyễn Trãi,7340201,Tài chính – Ngân hàng,D07,2025,15.0,,THPT
NTU,Trường Đại Học Nguyễn Trãi,7340201,Tài chính ngân hàng,D10,2025,15.0,,THPT
NTU,Đại học Nguyễn Trãi,7340201,Tài chính – Ngân hàng,D10,2025,15.0,,THPT
NTU,Đại học Nguyễn Trãi,7340301,Kế toán,A00,2025,15.0,,THPT
NTU,Trường Đại Học Nguyễn Trãi,7340301,Kế toán,A00,2025,15.0,,THPT
NTU,Trường Đại Học Nguyễn Trãi,7340301,Kế toán,A01,2025,15.0,,THPT
NTU,Đại học Nguyễn Trãi,7340301,Kế toán,A01,2025,15.0,,THPT
NTU,Trường Đại Học Nguyễn Trãi,7340301,Kế toán,D01,2025,15.0,,THPT
NTU,Đại học Nguyễn Trãi,7340301,Kế toán,D01,2025,15.0,,THPT
NTU,Trường Đại Học Nguyễn Trãi,7340301,Kế toán,D07,2025,15.0,,THPT
NTU,Đại học Nguyễn Trãi,7340301,Kế toán,D07,2025,15.0,,THPT
NTU,Trường Đại Học Nguyễn Trãi,7340301,Kế toán,D10,2025,15.0,,THPT
NTU,Đại học Nguyễn Trãi,7340301,Kế toán,D10,2025,15.0,,THPT
NTU,Đại học Nguyễn Trãi,7480201,Công nghệ thông tin,A00,2025,15.0,,THPT
NTU,Trường Đại Học Nguyễn Trãi,7480201,Công nghệ thông tin,A00,2025,15.0,,THPT
NTU,Trường Đại Học Nguyễn Trãi,7480201,Công nghệ thông tin,A01,2025,15.0,,THPT
NTU,Đại học Nguyễn Trãi,7480201,Công nghệ thông tin,A01,2025,15.0,,THPT
NTU,Trường Đại Học Nguyễn Trãi,7480201,Công nghệ thông tin,D01,2025,15.0,,THPT
NTU,Đại học Nguyễn Trãi,7480201,Công nghệ thông tin,D01,2025,15.0,,THPT
NTU,Đại học Nguyễn Trãi,7580101,Kiến trúc,A00,2025,15.0,,THPT
NTU,Trường Đại Học Nguyễn Trãi,7580101,Kiến trúc,A00,2025,15.0,,THPT
PBH,Trường Sĩ Quan Pháo Binh,7860205_B,Chỉ huy Tham mưu Pháo binh (miền Bắc),A00,2025,24.4,,THPT
PBH,Trường Sĩ Quan Pháo Binh,7860205_B,Chỉ huy Tham mưu Pháo binh (miền Bắc),A01,2025,24.4,,THPT
PBH,Trường Sĩ Quan Pháo Binh,7860205_N,Chỉ huy Tham mưu Pháo binh (miền Nam),A00,2025,22.25,,THPT
PBH,Trường Sĩ Quan Pháo Binh,7860205_N,Chỉ huy Tham mưu Pháo binh (miền Nam),A01,2025,22.25,,THPT
PBH,Trường Sĩ Quan Pháo Binh,7860205|21A00,Chỉ huy tham mưu (Nam - Phía Bắc),A00,2025,24.4,,THPT
PBH,Trường Sĩ Quan Pháo Binh,7860205|21A00,Chỉ huy tham mưu (Nam - Phía Bắc),A01,2025,24.4,,THPT
PBH,Trường Sĩ Quan Pháo Binh,7860205|22A00,Chỉ huy tham mưu (Nam - Phía Nam),A00,2025,22.25,,THPT
PBH,Trường Sĩ Quan Pháo Binh,7860205|22A00,Chỉ huy tham mưu (Nam - Phía Nam),A01,2025,22.25,,THPT
PCH,Trường Đại Học Phòng Cháy Chữa Cháy (Phía Bắc),7860113_Nam_B,"Phòng cháy chữa cháy và cứu nạn, cứu hộ (Thí sinh Nam, miền Bắc)",A00,2025,21.1,,THPT
PCH,Trường Đại Học Phòng Cháy Chữa Cháy (Phía Bắc),7860113_Nam_B,"Phòng cháy chữa cháy và cứu nạn, cứu hộ (Thí sinh Nam, miền Bắc)",A01,2025,21.1,,THPT
PCH,Trường Đại Học Phòng Cháy Chữa Cháy (Phía Bắc),7860113_Nam_B,"Phòng cháy chữa cháy và cứu nạn, cứu hộ (Thí sinh Nam, miền Bắc)",D01,2025,21.1,,THPT
PCH,Trường Đại Học Phòng Cháy Chữa Cháy (Phía Bắc),7860113_Nam_B,"Phòng cháy chữa cháy và cứu nạn, cứu hộ (Thí sinh Nam, miền Bắc)",D07,2025,21.1,,THPT
PCH,Trường Đại Học Phòng Cháy Chữa Cháy (Phía Bắc),7860113_Nu_B,"Phòng cháy chữa cháy và cứu nạn, cứu hộ (Thí sinh Nữ, miền Bắc)",A00,2025,24.23,,THPT
PCH,Trường Đại Học Phòng Cháy Chữa Cháy (Phía Bắc),7860113_Nu_B,"Phòng cháy chữa cháy và cứu nạn, cứu hộ (Thí sinh Nữ, miền Bắc)",A01,2025,24.23,,THPT
PCH,Trường Đại Học Phòng Cháy Chữa Cháy (Phía Bắc),7860113_Nu_B,"Phòng cháy chữa cháy và cứu nạn, cứu hộ (Thí sinh Nữ, miền Bắc)",D01,2025,24.23,,THPT
PCH,Trường Đại Học Phòng Cháy Chữa Cháy (Phía Bắc),7860113_Nu_B,"Phòng cháy chữa cháy và cứu nạn, cứu hộ (Thí sinh Nữ, miền Bắc)",D07,2025,24.23,,THPT
PCH1,Trường Đại Học Phòng Cháy Chữa Cháy (Hệ Dân sự Phía Bắc),7860113,Công an hệ chính quy (Nữ phía Bắc),A00,2025,24.4,,THPT
PCH1,Trường Đại Học Phòng Cháy Chữa Cháy (Hệ Dân sự Phía Bắc),7860113,Công an hệ chính quy (Nam phía Nam),A00,2025,23.65,,THPT
PCH1,Trường Đại Học Phòng Cháy Chữa Cháy (Hệ Dân sự Phía Bắc),7860113,Công an hệ chính quy (Nữ phía Nam),A00,2025,22.95,,THPT
PCH1,Trường Đại Học Phòng Cháy Chữa Cháy (Hệ Dân sự Phía Bắc),7860113,Công an hệ chính quy (Nam phía Bắc),A00,2025,13.75,,THPT
PCH1,Trường Đại Học Phòng Cháy Chữa Cháy (Hệ Dân sự Phía Bắc),7860113DS,Hệ dân sự,A00,2025,15.0,,THPT
PCS,Trường Đại Học Phòng Cháy Chữa Cháy (phía Nam),7860113_Nam_N,"Phòng cháy chữa cháy và cứu nạn, cứu hộ (Thí sinh Nam, miền Nam)",A00,2025,19.75,,THPT
PCS,Trường Đại Học Phòng Cháy Chữa Cháy (phía Nam),7860113_Nam_N,"Phòng cháy chữa cháy và cứu nạn, cứu hộ (Thí sinh Nam, miền Nam)",A01,2025,19.75,,THPT
PCS,Trường Đại Học Phòng Cháy Chữa Cháy (phía Nam),7860113_Nam_N,"Phòng cháy chữa cháy và cứu nạn, cứu hộ (Thí sinh Nam, miền Nam)",D01,2025,19.75,,THPT
PCS,Trường Đại Học Phòng Cháy Chữa Cháy (phía Nam),7860113_Nam_N,"Phòng cháy chữa cháy và cứu nạn, cứu hộ (Thí sinh Nam, miền Nam)",D07,2025,19.75,,THPT
PCS,Trường Đại Học Phòng Cháy Chữa Cháy (phía Nam),7860113_Nu_N,"Phòng cháy chữa cháy và cứu nạn, cứu hộ (Thí sinh Nữ, miền Nam)",A00,2025,23.62,,THPT
PCS,Trường Đại Học Phòng Cháy Chữa Cháy (phía Nam),7860113_Nu_N,"Phòng cháy chữa cháy và cứu nạn, cứu hộ (Thí sinh Nữ, miền Nam)",A01,2025,23.62,,THPT
PCS,Trường Đại Học Phòng Cháy Chữa Cháy (phía Nam),7860113_Nu_N,"Phòng cháy chữa cháy và cứu nạn, cứu hộ (Thí sinh Nữ, miền Nam)",D01,2025,23.62,,THPT
PCS,Trường Đại Học Phòng Cháy Chữa Cháy (phía Nam),7860113_Nu_N,"Phòng cháy chữa cháy và cứu nạn, cứu hộ (Thí sinh Nữ, miền Nam)",D07,2025,23.62,,THPT
PCS1,Trường Đại Học Phòng Cháy Chữa Cháy (Hệ Dân sự Phía Nam),7860113,Công an hệ chính quy (Nữ phía Bắc),A00,2025,24.4,,THPT
PCS1,Trường Đại Học Phòng Cháy Chữa Cháy (Hệ Dân sự Phía Nam),7860113,Công an hệ chính quy (Nam phía Nam),A00,2025,23.65,,THPT
PCS1,Trường Đại Học Phòng Cháy Chữa Cháy (Hệ Dân sự Phía Nam),7860113,Công an hệ chính quy (Nữ phía Nam),A00,2025,22.95,,THPT
PCS1,Trường Đại Học Phòng Cháy Chữa Cháy (Hệ Dân sự Phía Nam),7860113,Công an hệ chính quy (Nam phía Bắc),A00,2025,13.75,,THPT
PCS1,Trường Đại Học Phòng Cháy Chữa Cháy (Hệ Dân sự Phía Nam),7860113DS,Hệ dân sự,A00,2025,15.0,,THPT
PKA,Đại Học Phenikaa,BI01,Công nghệ sinh học,A00,2025,18.0,,THPT
PKA,Đại Học Phenikaa,BI01,Công nghệ sinh học,B00,2025,18.0,,THPT
PKA,Đại Học Phenikaa,BI01,Công nghệ sinh học,D07,2025,18.0,,THPT
PKA,Đại Học Phenikaa,BMS,Khoa học y sinh,A00,2025,17.0,,THPT
PKA,Đại Học Phenikaa,BMS,Khoa học y sinh,B00,2025,17.0,,THPT
PKA,Đại Học Phenikaa,BMS,Khoa học y sinh,D07,2025,17.0,,THPT
PKA,Đại Học Phenikaa,CHE1,Kỹ thuật hóa học,A00,2025,17.0,,THPT
PKA,Đại Học Phenikaa,CHE1,Kỹ thuật hóa học,A01,2025,17.0,,THPT
PKA,Đại Học Phenikaa,CHE1,Kỹ thuật hóa học,B00,2025,17.0,,THPT
PKA,Đại Học Phenikaa,CHE1,Kỹ thuật hóa học,D07,2025,17.0,,THPT
PKA,Đại Học Phenikaa,DEN1,Răng - Hàm - Mặt,A00,2025,22.5,,THPT
PKA,Đại Học Phenikaa,DEN1,Răng - Hàm - Mặt,B00,2025,22.5,,THPT
PKA,Đại Học Phenikaa,DEN1,Răng - Hàm - Mặt,D07,2025,22.5,,THPT
PKA,Đại Học Phenikaa,EEE-AI,Kỹ thuật điều khiển và tự động hóa (Robot và trí tuệ nhân tạo),A00,2025,22.0,,THPT
PKA,Đại Học Phenikaa,EEE-AI,Kỹ thuật điều khiển và tự động hóa (Robot và trí tuệ nhân tạo),A01,2025,22.0,,THPT
PKA,Đại Học Phenikaa,EEE-AI,Kỹ thuật điều khiển và tự động hóa (Robot và trí tuệ nhân tạo),D07,2025,22.0,,THPT
PKA,Đại Học Phenikaa,EEE1,Kỹ thuật điều khiển và tự động hóa,A00,2025,22.0,,THPT
PKA,Đại Học Phenikaa,EEE1,Kỹ thuật điều khiển và tự động hóa,A00,2025,22.0,,THPT
PKA,Đại Học Phenikaa,EEE1,Kỹ thuật điều khiển và tự động hóa,A01,2025,22.0,,THPT
PKA,Đại Học Phenikaa,EEE1,Kỹ thuật điều khiển và tự động hóa,A01,2025,22.0,,THPT
PKA,Đại Học Phenikaa,EEE1,Kỹ thuật điều khiển và tự động hóa,D07,2025,22.0,,THPT
PKA,Đại Học Phenikaa,EEE1,Kỹ thuật điều khiển và tự động hóa,D07,2025,22.0,,THPT
PKA,Đại Học Phenikaa,EEE2,Kỹ thuật y sinh (Điện tử y sinh),A00,2025,20.0,,THPT
PKA,Đại Học Phenikaa,EEE2,Kỹ thuật y sinh (Điện tử y sinh),A01,2025,20.0,,THPT
PKA,Đại Học Phenikaa,EEE2,Kỹ thuật y sinh (Điện tử y sinh),D07,2025,20.0,,THPT
PKA,Đại Học Phenikaa,EEE2,Kỹ thuật y sinh (Điện tử y sinh),D08,2025,20.0,,THPT
PKA,Đại Học Phenikaa,EEE3,Kỹ thuật Điện tử - Viễn thông (Hệ thống nhúng thông minh và IoT),A00,2025,21.0,,THPT
PKA,Đại Học Phenikaa,EEE3,Kỹ thuật Điện tử - Viễn thông (Hệ thống nhúng thông minh và IoT),A00,2025,21.0,,THPT
PKA,Đại Học Phenikaa,EEE3,Kỹ thuật Điện tử - Viễn thông (Hệ thống nhúng thông minh và IoT),A01,2025,21.0,,THPT
PKA,Đại Học Phenikaa,EEE3,Kỹ thuật Điện tử - Viễn thông (Hệ thống nhúng thông minh và IoT),A01,2025,21.0,,THPT
PKA,Đại Học Phenikaa,EEE3,Kỹ thuật Điện tử - Viễn thông (Hệ thống nhúng thông minh và IoT),D07,2025,21.0,,THPT
PKA,Đại Học Phenikaa,EEE3,Kỹ thuật Điện tử - Viễn thông (Hệ thống nhúng thông minh và IoT),D07,2025,21.0,,THPT
PKA,Đại Học Phenikaa,EEE3,Kỹ thuật Điện tử - Viễn thông (Hệ thống nhúng thông minh và IoT),D08,2025,21.0,,THPT
PKA,Đại Học Phenikaa,EEE3,Kỹ thuật Điện tử - Viễn thông (Hệ thống nhúng thông minh và IoT),D08,2025,21.0,,THPT
PKA,Đại Học Phenikaa,EEE4,Kỹ thuật Điện tử - Viễn thông (Thiết kế vi mạch bán dẫn),A00,2025,21.0,,THPT
PKA,Đại Học Phenikaa,EEE4,Kỹ thuật Điện tử - Viễn thông (Thiết kế vi mạch bán dẫn),A00,2025,21.0,,THPT
PKA,Đại Học Phenikaa,EEE4,Kỹ thuật Điện tử - Viễn thông (Thiết kế vi mạch bán dẫn),A01,2025,21.0,,THPT
PKA,Đại Học Phenikaa,EEE4,Kỹ thuật Điện tử - Viễn thông (Thiết kế vi mạch bán dẫn),A01,2025,21.0,,THPT
PKA,Đại Học Phenikaa,EEE4,Kỹ thuật Điện tử - Viễn thông (Thiết kế vi mạch bán dẫn),D07,2025,21.0,,THPT
PKA,Đại Học Phenikaa,EEE4,Kỹ thuật Điện tử - Viễn thông (Thiết kế vi mạch bán dẫn),D07,2025,21.0,,THPT
PKA,Đại Học Phenikaa,EEE4,Kỹ thuật Điện tử - Viễn thông (Thiết kế vi mạch bán dẫn),D08,2025,21.0,,THPT
PKA,Đại Học Phenikaa,EEE4,Kỹ thuật Điện tử - Viễn thông (Thiết kế vi mạch bán dẫn),D08,2025,21.0,,THPT
PKA,Đại Học Phenikaa,F0L1,Luật kinh tế,C00,2025,18.0,,THPT
PKA,Đại Học Phenikaa,F0L1,Luật kinh tế,D01,2025,18.0,,THPT
PKA,Đại Học Phenikaa,F0L2,Luật kinh doanh,C00,2025,18.0,,THPT
PKA,Đại Học Phenikaa,F0L2,Luật kinh doanh,D01,2025,18.0,,THPT
PKA,Đại Học Phenikaa,F0L3,Luật,C00,2025,18.0,,THPT
PKA,Đại Học Phenikaa,F0L3,Luật,D01,2025,18.0,,THPT
PKA,Đại Học Phenikaa,F0L4,Luật quốc tế,D01,2025,18.0,,THPT
PKA,Đại Học Phenikaa,F0L5,Luật thương mại quốc tế,D01,2025,18.0,,THPT
PKA,Đại Học Phenikaa,F0S1,Đông Phương học,C00,2025,17.0,,THPT
PKA,Đại Học Phenikaa,F0S1,Đông Phương học,D01,2025,17.0,,THPT
PKA,Đại Học Phenikaa,FBE1,Quản trị kinh doanh,A00,2025,19.0,,THPT
PKA,Đại Học Phenikaa,FBE1,Quản trị kinh doanh,A01,2025,19.0,,THPT
PKA,Đại Học Phenikaa,FBE1,Quản trị kinh doanh,D01,2025,19.0,,THPT
PKA,Đại Học Phenikaa,FBE1,Quản trị kinh doanh,D07,2025,19.0,,THPT
PKA,Đại Học Phenikaa,FBE2,Kế toán,A00,2025,19.0,,THPT
PKA,Đại Học Phenikaa,FBE2,Kế toán,A01,2025,19.0,,THPT
PKA,Đại Học Phenikaa,FBE2,Kế toán,B00,2025,19.0,,THPT
PKA,Đại Học Phenikaa,FBE2,Kế toán,D01,2025,19.0,,THPT
PKA,Đại Học Phenikaa,FBE2,Kế toán,D07,2025,19.0,,THPT
PKA,Đại Học Phenikaa,FBE3,Tài chính - Ngân hàng,A00,2025,20.0,,THPT
PKA,Đại Học Phenikaa,FBE3,Tài chính - Ngân hàng,A01,2025,20.0,,THPT
PKA,Đại Học Phenikaa,FBE3,Tài chính - Ngân hàng,B00,2025,20.0,,THPT
PKA,Đại Học Phenikaa,FBE3,Tài chính - Ngân hàng,D01,2025,20.0,,THPT
PKA,Đại Học Phenikaa,FBE3,Tài chính - Ngân hàng,D07,2025,20.0,,THPT
PKA,Đại Học Phenikaa,FBE4,Quản trị nhân lực,A00,2025,20.0,,THPT
PKA,Đại Học Phenikaa,FBE4,Quản trị nhân lực,A01,2025,20.0,,THPT
PKA,Đại Học Phenikaa,FBE4,Quản trị nhân lực,D01,2025,20.0,,THPT
PKA,Đại Học Phenikaa,FBE4,Quản trị nhân lực,D07,2025,20.0,,THPT
PKA,Đại Học Phenikaa,FBE5,Kiểm toán,A00,2025,19.0,,THPT
PKA,Đại Học Phenikaa,FBE5,Kiểm toán,A01,2025,19.0,,THPT
PKA,Đại Học Phenikaa,FBE5,Kiểm toán,B00,2025,19.0,,THPT
PKA,Đại Học Phenikaa,FBE5,Kiểm toán,D01,2025,19.0,,THPT
PKA,Đại Học Phenikaa,FBE5,Kiểm toán,D07,2025,19.0,,THPT
PKA,Đại Học Phenikaa,FBE6,Kinh doanh quốc tế (Các học phần chuyên ngành học bằng tiếng Anh),A01,2025,19.0,,THPT
PKA,Đại Học Phenikaa,FBE6,Kinh doanh quốc tế (Các học phần chuyên ngành học bằng tiếng Anh),D01,2025,19.0,,THPT
PKA,Đại Học Phenikaa,FBE6,Kinh doanh quốc tế (Các học phần chuyên ngành học bằng tiếng Anh),D09,2025,19.0,,THPT
PKA,Đại Học Phenikaa,FBE6,Kinh doanh quốc tế (Các học phần chuyên ngành học bằng tiếng Anh),D10,2025,19.0,,THPT
PKA,Đại Học Phenikaa,FBE7,Logistics và Quản lý chuỗi cung ứng (Một số học phần chuyên ngành học bằng tiếng Anh),A01,2025,19.0,,THPT
PKA,Đại Học Phenikaa,FBE7,Logistics và Quản lý chuỗi cung ứng (Một số học phần chuyên ngành học bằng tiếng Anh),D01,2025,19.0,,THPT
PKA,Đại Học Phenikaa,FBE7,Logistics và Quản lý chuỗi cung ứng (Một số học phần chuyên ngành học bằng tiếng Anh),D07,2025,19.0,,THPT
PKA,Đại Học Phenikaa,FBE7,Logistics và Quản lý chuỗi cung ứng (Một số học phần chuyên ngành học bằng tiếng Anh),D09,2025,19.0,,THPT
PKA,Đại Học Phenikaa,FBE7,Logistics và Quản lý chuỗi cung ứng (Một số học phần chuyên ngành học bằng tiếng Anh),D10,2025,19.0,,THPT
PKA,Đại Học Phenikaa,FBE8,Marketing (Một số học phần chuyên ngành học bằng tiếng Anh),A01,2025,19.0,,THPT
PKA,Đại Học Phenikaa,FBE8,Marketing (Một số học phần chuyên ngành học bằng tiếng Anh),D01,2025,19.0,,THPT
PKA,Đại Học Phenikaa,FBE8,Marketing (Một số học phần chuyên ngành học bằng tiếng Anh),D07,2025,19.0,,THPT
PKA,Đại Học Phenikaa,FBE8,Marketing (Một số học phần chuyên ngành học bằng tiếng Anh),D09,2025,19.0,,THPT
PKA,Đại Học Phenikaa,FBE8,Marketing (Một số học phần chuyên ngành học bằng tiếng Anh),D10,2025,19.0,,THPT
PKA,Đại Học Phenikaa,FIDT1,Kinh tế số,A00,2025,18.0,,THPT
PKA,Đại Học Phenikaa,FIDT1,Kinh tế số,A00,2025,18.0,,THPT
PKA,Đại Học Phenikaa,FIDT1,Kinh tế số,A01,2025,18.0,,THPT
PKA,Đại Học Phenikaa,FIDT1,Kinh tế số,A01,2025,18.0,,THPT
PKA,Đại Học Phenikaa,FIDT1,Kinh tế số,D01,2025,18.0,,THPT
PKA,Đại Học Phenikaa,FIDT1,Kinh tế số,D01,2025,18.0,,THPT
PKA,Đại Học Phenikaa,FIDT2,Quản trị kinh doanh (Kinh doanh số),A00,2025,18.0,,THPT
PKA,Đại Học Phenikaa,FIDT2,Quản trị kinh doanh (Kinh doanh số),A01,2025,18.0,,THPT
PKA,Đại Học Phenikaa,FIDT2,Quản trị kinh doanh (Kinh doanh số),D01,2025,18.0,,THPT
PKA,Đại Học Phenikaa,FIDT3,Thương mại điện tử,A00,2025,18.0,,THPT
PKA,Đại Học Phenikaa,FIDT3,Thương mại điện tử,A01,2025,18.0,,THPT
PKA,Đại Học Phenikaa,FIDT3,Thương mại điện tử,D01,2025,18.0,,THPT
PKA,Đại Học Phenikaa,FIDT3,Thương mại điện tử,D07,2025,18.0,,THPT
PKA,Đại Học Phenikaa,FIDT4,Logistics và Quản lý chuỗi cung ứng (Logistics số),A01,2025,18.0,,THPT
PKA,Đại Học Phenikaa,FIDT4,Logistics và Quản lý chuỗi cung ứng (Logistics số),D01,2025,18.0,,THPT
PKA,Đại Học Phenikaa,FIDT4,Logistics và Quản lý chuỗi cung ứng (Logistics số),D07,2025,18.0,,THPT
PKA,Đại Học Phenikaa,FIDT5,Marketing (Công nghệ Marketing),A01,2025,18.0,,THPT
PKA,Đại Học Phenikaa,FIDT5,Marketing (Công nghệ Marketing),D01,2025,18.0,,THPT
PKA,Đại Học Phenikaa,FIDT5,Marketing (Công nghệ Marketing),D07,2025,18.0,,THPT
PKA,Đại Học Phenikaa,FIDT6,Truyền thông đa phương tiện,C00,2025,22.0,,THPT
PKA,Đại Học Phenikaa,FIDT6,Truyền thông đa phương tiện,D01,2025,22.0,,THPT
PKA,Đại Học Phenikaa,FIDT7,Công nghệ tài chính,A01,2025,18.0,,THPT
PKA,Đại Học Phenikaa,FIDT7,Công nghệ tài chính,D01,2025,18.0,,THPT
PKA,Đại Học Phenikaa,FIDT7,Công nghệ tài chính,D07,2025,18.0,,THPT
PKA,Đại Học Phenikaa,FLC1,Ngôn ngữ Trung Quốc,A01,2025,22.0,,THPT
PKA,Đại Học Phenikaa,FLC1,Ngôn ngữ Trung Quốc,D01,2025,22.0,,THPT
PKA,Đại Học Phenikaa,FLC1,Ngôn ngữ Trung Quốc,D09,2025,22.0,,THPT
PKA,Đại Học Phenikaa,FLE1,Ngôn ngữ Anh,A01,2025,19.0,,THPT
PKA,Đại Học Phenikaa,FLE1,Ngôn ngữ Anh,D01,2025,19.0,,THPT
PKA,Đại Học Phenikaa,FLE1,Ngôn ngữ Anh,D09,2025,19.0,,THPT
PKA,Đại Học Phenikaa,FLE1,Ngôn ngữ Anh,D10,2025,19.0,,THPT
PKA,Đại Học Phenikaa,FLF1,Ngôn ngữ Pháp,A01,2025,17.0,,THPT
PKA,Đại Học Phenikaa,FLF1,Ngôn ngữ Pháp,D01,2025,17.0,,THPT
PKA,Đại Học Phenikaa,FLF1,Ngôn ngữ Pháp,D09,2025,17.0,,THPT
PKA,Đại Học Phenikaa,FLJ1,Ngôn ngữ Nhật,A01,2025,17.0,,THPT
PKA,Đại Học Phenikaa,FLJ1,Ngôn ngữ Nhật,D01,2025,17.0,,THPT
PKA,Đại Học Phenikaa,FLJ1,Ngôn ngữ Nhật,D09,2025,17.0,,THPT
PKA,Đại Học Phenikaa,FLJ1,Ngôn ngữ Nhật,D10,2025,17.0,,THPT
PKA,Đại Học Phenikaa,FLK1,Ngôn ngữ Hàn Quốc,A01,2025,19.0,,THPT
PKA,Đại Học Phenikaa,FLK1,Ngôn ngữ Hàn Quốc,D01,2025,19.0,,THPT
PKA,Đại Học Phenikaa,FLK1,Ngôn ngữ Hàn Quốc,D09,2025,19.0,,THPT
PKA,Đại Học Phenikaa,FLK1,Ngôn ngữ Hàn Quốc,D10,2025,19.0,,THPT
PKA,Đại Học Phenikaa,FTME,Y học cổ truyền,A00,2025,21.0,,THPT
PKA,Đại Học Phenikaa,FTME,Y học cổ truyền,B00,2025,21.0,,THPT
PKA,Đại Học Phenikaa,FTME,Y học cổ truyền,D07,2025,21.0,,THPT
PKA,Đại Học Phenikaa,FTS1,Du lịch (Định hướng Quản trị du lịch),A00,2025,19.0,,THPT
PKA,Đại Học Phenikaa,FTS1,Du lịch (Định hướng Quản trị du lịch),D01,2025,19.0,,THPT
PKA,Đại Học Phenikaa,FTS1,Du lịch (Định hướng Quản trị du lịch),D09,2025,19.0,,THPT
PKA,Đại Học Phenikaa,FTS1,Du lịch (Định hướng Quản trị du lịch),D10,2025,19.0,,THPT
PKA,Đại Học Phenikaa,FTS2,Quản trị khách sạn,A00,2025,19.0,,THPT
PKA,Đại Học Phenikaa,FTS2,Quản trị khách sạn,D01,2025,19.0,,THPT
PKA,Đại Học Phenikaa,FTS2,Quản trị khách sạn,D09,2025,19.0,,THPT
PKA,Đại Học Phenikaa,FTS2,Quản trị khách sạn,D10,2025,19.0,,THPT
PKA,Đại Học Phenikaa,FTS3,Kinh doanh Du lịch số,A00,2025,19.0,,THPT
PKA,Đại Học Phenikaa,FTS3,Kinh doanh Du lịch số,D01,2025,19.0,,THPT
PKA,Đại Học Phenikaa,FTS3,Kinh doanh Du lịch số,D09,2025,19.0,,THPT
PKA,Đại Học Phenikaa,FTS3,Kinh doanh Du lịch số,D10,2025,19.0,,THPT
PKA,Đại Học Phenikaa,FTS4,Hướng dẫn Du lịch quốc tế,C00,2025,19.0,,THPT
PKA,Đại Học Phenikaa,FTS4,Hướng dẫn Du lịch quốc tế,D01,2025,19.0,,THPT
PKA,Đại Học Phenikaa,HM1,Quản lý bệnh viện,A00,2025,17.0,,THPT
PKA,Đại Học Phenikaa,HM1,Quản lý bệnh viện,A01,2025,17.0,,THPT
PKA,Đại Học Phenikaa,HM1,Quản lý bệnh viện,B00,2025,17.0,,THPT
PKA,Đại Học Phenikaa,HM1,Quản lý bệnh viện,D01,2025,17.0,,THPT
PKA,Đại Học Phenikaa,ICT-TN,Tài năng Khoa học máy tính,A00,2025,23.0,,THPT
PKA,Đại Học Phenikaa,ICT-TN,Tài năng Khoa học máy tính,A01,2025,23.0,,THPT
PKA,Đại Học Phenikaa,ICT-TN,Tài năng Khoa học máy tính,D07,2025,23.0,,THPT
PKA,Đại Học Phenikaa,ICT-VJ,Công nghệ thông tin Việt Nhật,A00,2025,19.0,,THPT
PKA,Đại Học Phenikaa,ICT-VJ,Công nghệ thông tin Việt Nhật,A01,2025,19.0,,THPT
PKA,Đại Học Phenikaa,ICT-VJ,Công nghệ thông tin Việt Nhật,D01,2025,19.0,,THPT
PKA,Đại Học Phenikaa,ICT1,Công nghệ thông tin,A00,2025,21.0,,THPT
PKA,Đại Học Phenikaa,ICT1,Công nghệ thông tin,A01,2025,21.0,,THPT
PKA,Đại Học Phenikaa,ICT1,Công nghệ thông tin,D01,2025,21.0,,THPT
PKA,Đại Học Phenikaa,ICT1,Công nghệ thông tin,D07,2025,21.0,,THPT
PKA,Đại Học Phenikaa,ICT2,Kỹ thuật phần mềm (Một số học phần chuyên ngành học bằng tiếng Anh),A00,2025,19.0,,THPT
PKA,Đại Học Phenikaa,ICT2,Kỹ thuật phần mềm (Một số học phần chuyên ngành học bằng tiếng Anh),A01,2025,19.0,,THPT
PKA,Đại Học Phenikaa,ICT2,Kỹ thuật phần mềm (Một số học phần chuyên ngành học bằng tiếng Anh),D01,2025,19.0,,THPT
PKA,Đại Học Phenikaa,ICT2,Kỹ thuật phần mềm (Một số học phần chuyên ngành học bằng tiếng Anh),D07,2025,19.0,,THPT
PKA,Đại Học Phenikaa,ICT3,Khoa học máy tính (Trí tuệ nhân tạo và Khoa học dữ liệu),A00,2025,21.0,,THPT
PKA,Đại Học Phenikaa,ICT3,Khoa học máy tính (Trí tuệ nhân tạo và Khoa học dữ liệu),A01,2025,21.0,,THPT
PKA,Đại Học Phenikaa,ICT3,Khoa học máy tính (Trí tuệ nhân tạo và Khoa học dữ liệu),D07,2025,21.0,,THPT
PKA,Đại Học Phenikaa,ICT4,An toàn thông tin (Một số học phần chuyên ngành học bằng tiếng Anh),A00,2025,19.0,,THPT
PKA,Đại Học Phenikaa,ICT4,An toàn thông tin (Một số học phần chuyên ngành học bằng tiếng Anh),A01,2025,19.0,,THPT
PKA,Đại Học Phenikaa,ICT4,An toàn thông tin (Một số học phần chuyên ngành học bằng tiếng Anh),D01,2025,19.0,,THPT
PKA,Đại Học Phenikaa,ICT4,An toàn thông tin (Một số học phần chuyên ngành học bằng tiếng Anh),D07,2025,19.0,,THPT
PKA,Đại Học Phenikaa,ICT5,Trí tuệ nhân tạo,A00,2025,21.0,,THPT
PKA,Đại Học Phenikaa,ICT5,Trí tuệ nhân tạo,A01,2025,21.0,,THPT
PKA,Đại Học Phenikaa,ICT5,Trí tuệ nhân tạo,D01,2025,21.0,,THPT
PKA,Đại Học Phenikaa,ICT5,Trí tuệ nhân tạo,D07,2025,21.0,,THPT
PKA,Đại Học Phenikaa,MED1,Y khoa,A00,2025,22.5,,THPT
PKA,Đại Học Phenikaa,MED1,Y khoa,B00,2025,22.5,,THPT
PKA,Đại Học Phenikaa,MED1,Y khoa,D07,2025,22.5,,THPT
PKA,Đại Học Phenikaa,MEM1,Kỹ thuật cơ điện tử,A00,2025,20.0,,THPT
PKA,Đại Học Phenikaa,MEM1,Kỹ thuật cơ điện tử,A00,2025,20.0,,THPT
PKA,Đại Học Phenikaa,MEM1,Kỹ thuật cơ điện tử,A01,2025,20.0,,THPT
PKA,Đại Học Phenikaa,MEM1,Kỹ thuật cơ điện tử,A01,2025,20.0,,THPT
PKA,Đại Học Phenikaa,MEM1-IMS,Hệ thống Cơ điện tử thông minh (Các học phần chuyên ngành học bằng tiếng Anh),A00,2025,25.5,,THPT
PKA,Đại Học Phenikaa,MEM1-IMS,Hệ thống Cơ điện tử thông minh (Các học phần chuyên ngành học bằng tiếng Anh),A01,2025,25.5,,THPT
PKA,Đại Học Phenikaa,MEM2,Kỹ thuật cơ khí,A00,2025,19.0,,THPT
PKA,Đại Học Phenikaa,MEM2,Kỹ thuật cơ khí,A00,2025,19.0,,THPT
PKA,Đại Học Phenikaa,MEM2,Kỹ thuật cơ khí,A01,2025,19.0,,THPT
PKA,Đại Học Phenikaa,MEM2,Kỹ thuật cơ khí,A01,2025,19.0,,THPT
PKA,Đại Học Phenikaa,MIW,Hộ sinh,A00,2025,17.0,,THPT
PKA,Đại Học Phenikaa,MIW,Hộ sinh,B00,2025,17.0,,THPT
PKA,Đại Học Phenikaa,MIW,Hộ sinh,D07,2025,17.0,,THPT
PKA,Đại Học Phenikaa,MSE-AI,Vật liệu thông minh và trí tuệ nhân tạo,A00,2025,20.0,,THPT
PKA,Đại Học Phenikaa,MSE-AI,Vật liệu thông minh và trí tuệ nhân tạo,A01,2025,20.0,,THPT
PKA,Đại Học Phenikaa,MSE-AI,Vật liệu thông minh và trí tuệ nhân tạo,B00,2025,20.0,,THPT
PKA,Đại Học Phenikaa,MSE-AI,Vật liệu thông minh và trí tuệ nhân tạo,D07,2025,20.0,,THPT
PKA,Đại Học Phenikaa,MSE-IC,Chip bán dẫn và Công nghệ đóng gói,A00,2025,21.0,,THPT
PKA,Đại Học Phenikaa,MSE-IC,Chip bán dẫn và Công nghệ đóng gói,A01,2025,21.0,,THPT
PKA,Đại Học Phenikaa,MSE-IC,Chip bán dẫn và Công nghệ đóng gói,B00,2025,21.0,,THPT
PKA,Đại Học Phenikaa,MSE-IC,Chip bán dẫn và Công nghệ đóng gói,D07,2025,21.0,,THPT
PKA,Đại Học Phenikaa,MSE1,Vật liệu tiên tiến và Công nghệ nano,A00,2025,20.0,,THPT
PKA,Đại Học Phenikaa,MSE1,Vật liệu tiên tiến và Công nghệ nano,A01,2025,20.0,,THPT
PKA,Đại Học Phenikaa,MSE1,Vật liệu tiên tiến và Công nghệ nano,B00,2025,20.0,,THPT
PKA,Đại Học Phenikaa,MSE1,Vật liệu tiên tiến và Công nghệ nano,D07,2025,20.0,,THPT
PKA,Đại Học Phenikaa,MTT1,Kỹ thuật xét nghiệm y học,A00,2025,19.0,,THPT
PKA,Đại Học Phenikaa,MTT1,Kỹ thuật xét nghiệm y học,B00,2025,19.0,,THPT
PKA,Đại Học Phenikaa,MTT1,Kỹ thuật xét nghiệm y học,D07,2025,19.0,,THPT
PKA,Đại Học Phenikaa,NUR1,Điều dưỡng,A00,2025,17.0,,THPT
PKA,Đại Học Phenikaa,NUR1,Điều dưỡng,B00,2025,17.0,,THPT
PKA,Đại Học Phenikaa,NUR1,Điều dưỡng,D07,2025,17.0,,THPT
PKA,Đại Học Phenikaa,PHA1,Dược học,A00,2025,21.0,,THPT
PKA,Đại Học Phenikaa,PHA1,Dược học,B00,2025,21.0,,THPT
PKA,Đại Học Phenikaa,PHA1,Dược học,D07,2025,21.0,,THPT
PKA,Đại Học Phenikaa,RET1,Kỹ thuật phục hồi chức năng,A00,2025,19.0,,THPT
PKA,Đại Học Phenikaa,RET1,Kỹ thuật phục hồi chức năng,B00,2025,19.0,,THPT
PKA,Đại Học Phenikaa,RET1,Kỹ thuật phục hồi chức năng,D07,2025,19.0,,THPT
PKA,Đại Học Phenikaa,RTS1,Kỹ thuật hình ảnh y học,A00,2025,19.0,,THPT
PKA,Đại Học Phenikaa,RTS1,Kỹ thuật hình ảnh y học,B00,2025,19.0,,THPT
PKA,Đại Học Phenikaa,RTS1,Kỹ thuật hình ảnh y học,D07,2025,19.0,,THPT
PKA,Đại Học Phenikaa,VEE1,Kỹ thuật ô tô,A00,2025,20.0,,THPT
PKA,Đại Học Phenikaa,VEE1,Kỹ thuật ô tô,A01,2025,20.0,,THPT
PKA,Đại Học Phenikaa,VEE1,Kỹ thuật ô tô,D07,2025,20.0,,THPT
PKA,Đại Học Phenikaa,VEE2,Cơ điện tử ô tô,A00,2025,19.0,,THPT
PKA,Đại Học Phenikaa,VEE2,Cơ điện tử ô tô,A01,2025,19.0,,THPT
PKA,Đại Học Phenikaa,VEE2,Cơ điện tử ô tô,D07,2025,19.0,,THPT
PKA,Đại Học Phenikaa,VEE3,Kỹ thuật phần mềm ô tô,A00,2025,19.0,,THPT
PKA,Đại Học Phenikaa,VEE3,Kỹ thuật phần mềm ô tô,A01,2025,19.0,,THPT
PKA,Đại Học Phenikaa,VEE3,Kỹ thuật phần mềm ô tô,D07,2025,19.0,,THPT
PKH,Học Viện Phòng Không – Không Quân,7520120_B,Ngành Kỹ thuật Hàng không (Thí sinh miền Bắc),A00,2025,26.5,,THPT
PKH,Học Viện Phòng Không – Không Quân,7520120_B,Ngành Kỹ thuật Hàng không (Thí sinh miền Bắc),A01,2025,26.5,,THPT
PKH,Học Viện Phòng Không – Không Quân,7520120_N,Ngành Kỹ thuật Hàng không (Thí sinh miền Nam),A00,2025,25.17,,THPT
PKH,Học Viện Phòng Không – Không Quân,7520120_N,Ngành Kỹ thuật Hàng không (Thí sinh miền Nam),A01,2025,25.17,,THPT
PKH,Học viện Phòng Không - Không Quân,7520120|21A00,Kỹ thuật hàng không (Nam - miền Bắc),A00,2025,26.5,,THPT
PKH,Học viện Phòng Không - Không Quân,7520120|21A01,Kỹ thuật hàng không,A01,2025,26.5,,THPT
PKH,Học viện Phòng Không - Không Quân,7520120|22A00,Kỹ thuật hàng không (Nam - miền Nam),A00,2025,25.17,,THPT
PKH,Học viện Phòng Không - Không Quân,7520120|22A01,Kỹ thuật hàng không (Nam - miền Nam),A01,2025,25.17,,THPT
PKH,Học Viện Phòng Không – Không Quân,7860226_B,"Ngành Chỉ huy Tham mưu Phòng không, Không quân và Tác chiến điện tử (Thí sinh miền Bắc)",A00,2025,24.73,,THPT
PKH,Học Viện Phòng Không – Không Quân,7860226_B,"Ngành Chỉ huy Tham mưu Phòng không, Không quân và Tác chiến điện tử (Thí sinh miền Bắc)",A01,2025,24.73,,THPT
PKH,Học Viện Phòng Không – Không Quân,7860226_N,"Ngành Chỉ huy Tham mưu Phòng không, Không quân và Tác chiến điện tử (Thí sinh miền Nam)",A00,2025,23.25,,THPT
PKH,Học Viện Phòng Không – Không Quân,7860226_N,"Ngành Chỉ huy Tham mưu Phòng không, Không quân và Tác chiến điện tử (Thí sinh miền Nam)",A01,2025,23.25,,THPT
PKH,Học viện Phòng Không - Không Quân,7860226|21A00,Chỉ huy Kỹ thuật Phòng không - Không quân (Nam - phía Bắc),A00,2025,24.73,,THPT
PKH,Học viện Phòng Không - Không Quân,7860226|21A01,Chỉ huy Kỹ thuật Phòng không - Không quân (Nam - phía Bắc),A01,2025,24.73,,THPT
PKH,Học viện Phòng Không - Không Quân,7860226|22A00,Chỉ huy Kỹ thuật Phòng không - Không quân (Nam - phía Nam),A00,2025,23.25,,THPT
PKH,Học viện Phòng Không - Không Quân,7860226|22A01,Chỉ huy Kỹ thuật Phòng không - Không quân (Nam - phía Nam),A01,2025,23.25,,THPT
PVU,Đại học Dầu khí Việt Nam,7520301,Kỹ thuật hóa học,A00,2025,20.0,,THPT
PVU,Trường Đại Học Dầu Khí Việt Nam,7520301,Kỹ thuật Hóa học (Lọc-Hóa dầu),A00,2025,20.0,,THPT
PVU,Trường Đại Học Dầu Khí Việt Nam,7520301,Kỹ thuật Hóa học (Lọc-Hóa dầu),A01,2025,20.0,,THPT
PVU,Đại học Dầu khí Việt Nam,7520301,Kỹ thuật hóa học,A01,2025,20.0,,THPT
PVU,Trường Đại Học Dầu Khí Việt Nam,7520301,Kỹ thuật Hóa học (Lọc-Hóa dầu),B00,2025,20.0,,THPT
PVU,Đại học Dầu khí Việt Nam,7520301,Kỹ thuật hóa học,B00,2025,20.0,,THPT
PVU,Trường Đại Học Dầu Khí Việt Nam,7520301,Kỹ thuật Hóa học (Lọc-Hóa dầu),D07,2025,20.0,,THPT
PVU,Đại học Dầu khí Việt Nam,7520301,Kỹ thuật hóa học,D07,2025,20.0,,THPT
PVU,Đại học Dầu khí Việt Nam,7520501,Kỹ thuật địa chất,A00,2025,20.0,,THPT
PVU,Trường Đại Học Dầu Khí Việt Nam,7520501,Kỹ thuật Địa chất (Địa chất - Địa vật lý Dầu khí),A00,2025,20.0,,THPT
PVU,Trường Đại Học Dầu Khí Việt Nam,7520501,Kỹ thuật Địa chất (Địa chất - Địa vật lý Dầu khí),A01,2025,20.0,,THPT
PVU,Đại học Dầu khí Việt Nam,7520501,Kỹ thuật địa chất,A01,2025,20.0,,THPT
PVU,Trường Đại Học Dầu Khí Việt Nam,7520501,Kỹ thuật Địa chất (Địa chất - Địa vật lý Dầu khí),B00,2025,20.0,,THPT
PVU,Đại học Dầu khí Việt Nam,7520501,Kỹ thuật địa chất,B00,2025,20.0,,THPT
PVU,Trường Đại Học Dầu Khí Việt Nam,7520501,Kỹ thuật Địa chất (Địa chất - Địa vật lý Dầu khí),D07,2025,20.0,,THPT
PVU,Đại học Dầu khí Việt Nam,7520501,Kỹ thuật địa chất,D07,2025,20.0,,THPT
PVU,Đại học Dầu khí Việt Nam,7520604,Kỹ thuật dầu khí,A00,2025,20.0,,THPT
PVU,Trường Đại Học Dầu Khí Việt Nam,7520604,Kỹ thuật Dầu khí (Khoan-Khai thác Mỏ Dầu khí),A00,2025,20.0,,THPT
PVU,Trường Đại Học Dầu Khí Việt Nam,7520604,Kỹ thuật Dầu khí (Khoan-Khai thác Mỏ Dầu khí),A01,2025,20.0,,THPT
PVU,Đại học Dầu khí Việt Nam,7520604,Kỹ thuật dầu khí,A01,2025,20.0,,THPT
PVU,Trường Đại Học Dầu Khí Việt Nam,7520604,Kỹ thuật Dầu khí (Khoan-Khai thác Mỏ Dầu khí),B00,2025,20.0,,THPT
PVU,Đại học Dầu khí Việt Nam,7520604,Kỹ thuật dầu khí,B00,2025,20.0,,THPT
PVU,Trường Đại Học Dầu Khí Việt Nam,7520604,Kỹ thuật Dầu khí (Khoan-Khai thác Mỏ Dầu khí),D07,2025,20.0,,THPT
PVU,Đại học Dầu khí Việt Nam,7520604,Kỹ thuật dầu khí,D07,2025,20.0,,THPT
QHD,Trường Quản trị và Kinh doanh - ĐH Quốc gia Hà Nội,7340101,Quản trị Kinh doanh,A01,2025,19.0,,THPT
QHD,Trường Quản Trị và Kinh Doanh - ĐHQG Hà Nội,7340101,Quản trị dịch vụ khách hàng và Chăm sóc sức khỏe,A01,2025,19.0,,THPT
QHD,Trường Quản Trị và Kinh Doanh - ĐHQG Hà Nội,7340101,Quản trị dịch vụ khách hàng và Chăm sóc sức khỏe,D01,2025,19.0,,THPT
QHD,Trường Quản trị và Kinh doanh - ĐH Quốc gia Hà Nội,7340101,Quản trị Kinh doanh,D01,2025,19.0,,THPT
QHD,Trường Quản Trị và Kinh Doanh - ĐHQG Hà Nội,7340101,Quản trị dịch vụ khách hàng và Chăm sóc sức khỏe,D07,2025,19.0,,THPT
QHD,Trường Quản trị và Kinh doanh - ĐH Quốc gia Hà Nội,7340101,Quản trị Kinh doanh,D07,2025,19.0,,THPT
QHD,Trường Quản Trị và Kinh Doanh - ĐHQG Hà Nội,7340101,Quản trị dịch vụ khách hàng và Chăm sóc sức khỏe,D08,2025,19.0,,THPT
QHD,Trường Quản trị và Kinh doanh - ĐH Quốc gia Hà Nội,7340101,Quản trị Kinh doanh,D08,2025,19.0,,THPT
QHD,Trường Quản Trị và Kinh Doanh - ĐHQG Hà Nội,7340101,Quản trị dịch vụ khách hàng và Chăm sóc sức khỏe,D09,2025,19.0,,THPT
QHD,Trường Quản trị và Kinh doanh - ĐH Quốc gia Hà Nội,7340101,Quản trị Kinh doanh,D09,2025,19.0,,THPT
QHD,Trường Quản Trị và Kinh Doanh - ĐHQG Hà Nội,7340101,Quản trị dịch vụ khách hàng và Chăm sóc sức khỏe,D10,2025,19.0,,THPT
QHD,Trường Quản trị và Kinh doanh - ĐH Quốc gia Hà Nội,7340101,Quản trị Kinh doanh,D10,2025,19.0,,THPT
QHD,Trường Quản trị và Kinh doanh - ĐH Quốc gia Hà Nội,7340401,Khoa học quản lý,A01,2025,19.0,,THPT
QHD,Trường Quản Trị và Kinh Doanh - ĐHQG Hà Nội,7340401,Quản trị An ninh phi truyền thống,A01,2025,19.0,,THPT
QHD,Trường Quản Trị và Kinh Doanh - ĐHQG Hà Nội,7340401,Quản trị An ninh phi truyền thống,D01,2025,19.0,,THPT
QHD,Trường Quản trị và Kinh doanh - ĐH Quốc gia Hà Nội,7340401,Khoa học quản lý,D01,2025,19.0,,THPT
QHD,Trường Quản Trị và Kinh Doanh - ĐHQG Hà Nội,7340401,Quản trị An ninh phi truyền thống,D07,2025,19.0,,THPT
QHD,Trường Quản trị và Kinh doanh - ĐH Quốc gia Hà Nội,7340401,Khoa học quản lý,D07,2025,19.0,,THPT
QHD,Trường Quản Trị và Kinh Doanh - ĐHQG Hà Nội,7340401,Quản trị An ninh phi truyền thống,D08,2025,19.0,,THPT
QHD,Trường Quản trị và Kinh doanh - ĐH Quốc gia Hà Nội,7340401,Khoa học quản lý,D08,2025,19.0,,THPT
QHD,Trường Quản Trị và Kinh Doanh - ĐHQG Hà Nội,7340401,Quản trị An ninh phi truyền thống,D09,2025,19.0,,THPT
QHD,Trường Quản trị và Kinh doanh - ĐH Quốc gia Hà Nội,7340401,Khoa học quản lý,D09,2025,19.0,,THPT
QHD,Trường Quản Trị và Kinh Doanh - ĐHQG Hà Nội,7340401,Quản trị An ninh phi truyền thống,D10,2025,19.0,,THPT
QHD,Trường Quản trị và Kinh doanh - ĐH Quốc gia Hà Nội,7340401,Khoa học quản lý,D10,2025,19.0,,THPT
QHD,Trường Quản trị và Kinh doanh - ĐH Quốc gia Hà Nội,7900101,Quản trị Doanh nghiệp và Công nghệ,A01,2025,19.5,,THPT
QHD,Trường Quản Trị và Kinh Doanh - ĐHQG Hà Nội,7900101,Quản trị Doanh nghiệp và Công nghệ,A01,2025,19.5,,THPT
QHD,Trường Quản Trị và Kinh Doanh - ĐHQG Hà Nội,7900101,Quản trị Doanh nghiệp và Công nghệ,D01,2025,19.5,,THPT
QHD,Trường Quản trị và Kinh doanh - ĐH Quốc gia Hà Nội,7900101,Quản trị Doanh nghiệp và Công nghệ,D01,2025,19.5,,THPT
QHD,Trường Quản Trị và Kinh Doanh - ĐHQG Hà Nội,7900101,Quản trị Doanh nghiệp và Công nghệ,D07,2025,19.5,,THPT
QHD,Trường Quản trị và Kinh doanh - ĐH Quốc gia Hà Nội,7900101,Quản trị Doanh nghiệp và Công nghệ,D07,2025,19.5,,THPT
QHD,Trường Quản Trị và Kinh Doanh - ĐHQG Hà Nội,7900101,Quản trị Doanh nghiệp và Công nghệ,D08,2025,19.5,,THPT
QHD,Trường Quản trị và Kinh doanh - ĐH Quốc gia Hà Nội,7900101,Quản trị Doanh nghiệp và Công nghệ,D08,2025,19.5,,THPT
QHD,Trường Quản Trị và Kinh Doanh - ĐHQG Hà Nội,7900101,Quản trị Doanh nghiệp và Công nghệ,D09,2025,19.5,,THPT
QHD,Trường Quản trị và Kinh doanh - ĐH Quốc gia Hà Nội,7900101,Quản trị Doanh nghiệp và Công nghệ,D09,2025,19.5,,THPT
QHD,Trường Quản Trị và Kinh Doanh - ĐHQG Hà Nội,7900101,Quản trị Doanh nghiệp và Công nghệ,D10,2025,19.5,,THPT
QHD,Trường Quản trị và Kinh doanh - ĐH Quốc gia Hà Nội,7900101,Quản trị Doanh nghiệp và Công nghệ,D10,2025,19.5,,THPT
QHD,Trường Quản trị và Kinh doanh - ĐH Quốc gia Hà Nội,7900102,Marketing và Truyền thông,A01,2025,21.5,,THPT
QHD,Trường Quản Trị và Kinh Doanh - ĐHQG Hà Nội,7900102,Marketing và Truyền thông,A01,2025,21.5,,THPT
QHD,Trường Quản Trị và Kinh Doanh - ĐHQG Hà Nội,7900102,Marketing và Truyền thông,D01,2025,21.5,,THPT
QHD,Trường Quản trị và Kinh doanh - ĐH Quốc gia Hà Nội,7900102,Marketing và Truyền thông,D01,2025,21.5,,THPT
QHD,Trường Quản Trị và Kinh Doanh - ĐHQG Hà Nội,7900102,Marketing và Truyền thông,D07,2025,21.5,,THPT
QHD,Trường Quản trị và Kinh doanh - ĐH Quốc gia Hà Nội,7900102,Marketing và Truyền thông,D07,2025,21.5,,THPT
QHD,Trường Quản Trị và Kinh Doanh - ĐHQG Hà Nội,7900102,Marketing và Truyền thông,D08,2025,21.5,,THPT
QHD,Trường Quản trị và Kinh doanh - ĐH Quốc gia Hà Nội,7900102,Marketing và Truyền thông,D08,2025,21.5,,THPT
QHD,Trường Quản Trị và Kinh Doanh - ĐHQG Hà Nội,7900102,Marketing và Truyền thông,D09,2025,21.5,,THPT
QHD,Trường Quản trị và Kinh doanh - ĐH Quốc gia Hà Nội,7900102,Marketing và Truyền thông,D09,2025,21.5,,THPT
QHD,Trường Quản Trị và Kinh Doanh - ĐHQG Hà Nội,7900102,Marketing và Truyền thông,D10,2025,21.5,,THPT
QHD,Trường Quản trị và Kinh doanh - ĐH Quốc gia Hà Nội,7900102,Marketing và Truyền thông,D10,2025,21.5,,THPT
QHD,Trường Quản trị và Kinh doanh - ĐH Quốc gia Hà Nội,7900103,Quản trị Nhân lực và Nhân tài,A01,2025,20.5,,THPT
QHD,Trường Quản Trị và Kinh Doanh - ĐHQG Hà Nội,7900103,Quản trị Nhân lực và Nhân tài,A01,2025,20.5,,THPT
QHD,Trường Quản Trị và Kinh Doanh - ĐHQG Hà Nội,7900103,Quản trị Nhân lực và Nhân tài,D01,2025,20.5,,THPT
QHD,Trường Quản trị và Kinh doanh - ĐH Quốc gia Hà Nội,7900103,Quản trị Nhân lực và Nhân tài,D01,2025,20.5,,THPT
QHD,Trường Quản Trị và Kinh Doanh - ĐHQG Hà Nội,7900103,Quản trị Nhân lực và Nhân tài,D07,2025,20.5,,THPT
QHD,Trường Quản trị và Kinh doanh - ĐH Quốc gia Hà Nội,7900103,Quản trị Nhân lực và Nhân tài,D07,2025,20.5,,THPT
QHD,Trường Quản Trị và Kinh Doanh - ĐHQG Hà Nội,7900103,Quản trị Nhân lực và Nhân tài,D08,2025,20.5,,THPT
QHD,Trường Quản trị và Kinh doanh - ĐH Quốc gia Hà Nội,7900103,Quản trị Nhân lực và Nhân tài,D08,2025,20.5,,THPT
QHD,Trường Quản Trị và Kinh Doanh - ĐHQG Hà Nội,7900103,Quản trị Nhân lực và Nhân tài,D09,2025,20.5,,THPT
QHD,Trường Quản trị và Kinh doanh - ĐH Quốc gia Hà Nội,7900103,Quản trị Nhân lực và Nhân tài,D09,2025,20.5,,THPT
QHD,Trường Quản Trị và Kinh Doanh - ĐHQG Hà Nội,7900103,Quản trị Nhân lực và Nhân tài,D10,2025,20.5,,THPT
QHD,Trường Quản trị và Kinh doanh - ĐH Quốc gia Hà Nội,7900103,Quản trị Nhân lực và Nhân tài,D10,2025,20.5,,THPT
QHD,Trường Quản trị và Kinh doanh - ĐH Quốc gia Hà Nội,7900189,Quản trị và An ninh,A01,2025,19.0,,THPT
QHD,Trường Quản Trị và Kinh Doanh - ĐHQG Hà Nội,7900189,Quản trị và An ninh,A01,2025,19.0,,THPT
QHD,Trường Quản Trị và Kinh Doanh - ĐHQG Hà Nội,7900189,Quản trị và An ninh,D01,2025,19.0,,THPT
QHD,Trường Quản trị và Kinh doanh - ĐH Quốc gia Hà Nội,7900189,Quản trị và An ninh,D01,2025,19.0,,THPT
QHD,Trường Quản Trị và Kinh Doanh - ĐHQG Hà Nội,7900189,Quản trị và An ninh,D07,2025,19.0,,THPT
QHD,Trường Quản trị và Kinh doanh - ĐH Quốc gia Hà Nội,7900189,Quản trị và An ninh,D07,2025,19.0,,THPT
QHD,Trường Quản Trị và Kinh Doanh - ĐHQG Hà Nội,7900189,Quản trị và An ninh,D08,2025,19.0,,THPT
QHD,Trường Quản trị và Kinh doanh - ĐH Quốc gia Hà Nội,7900189,Quản trị và An ninh,D08,2025,19.0,,THPT
QHD,Trường Quản Trị và Kinh Doanh - ĐHQG Hà Nội,7900189,Quản trị và An ninh,D09,2025,19.0,,THPT
QHD,Trường Quản trị và Kinh doanh - ĐH Quốc gia Hà Nội,7900189,Quản trị và An ninh,D09,2025,19.0,,THPT
QHD,Trường Quản Trị và Kinh Doanh - ĐHQG Hà Nội,7900189,Quản trị và An ninh,D10,2025,19.0,,THPT
QHD,Trường Quản trị và Kinh doanh - ĐH Quốc gia Hà Nội,7900189,Quản trị và An ninh,D10,2025,19.0,,THPT
QHE,Đại học Kinh Tế - Đại học Quốc Gia Hà Nội,7310101,Kinh tế,A01,2025,24.3,,THPT
QHE,Trường Đại Học Kinh Tế - ĐHQG Hà Nội,7310101,Ngành Kinh tế,A01,2025,24.3,,THPT
QHE,Trường Đại Học Kinh Tế - ĐHQG Hà Nội,7310101,Ngành Kinh tế,A01,2025,24.3,,THPT
QHE,Đại học Kinh Tế - Đại học Quốc Gia Hà Nội,7310101,Kinh tế,D01,2025,24.3,,THPT
QHE,Trường Đại Học Kinh Tế - ĐHQG Hà Nội,7310101,Ngành Kinh tế,D01,2025,24.3,,THPT
QHE,Trường Đại Học Kinh Tế - ĐHQG Hà Nội,7310101,Ngành Kinh tế,D01,2025,24.3,,THPT
QHE,Đại học Kinh Tế - Đại học Quốc Gia Hà Nội,7310101,Kinh tế,D08,2025,24.3,,THPT
QHE,Trường Đại Học Kinh Tế - ĐHQG Hà Nội,7310101,Ngành Kinh tế,D09,2025,24.3,,THPT
QHE,Trường Đại Học Kinh Tế - ĐHQG Hà Nội,7310101,Ngành Kinh tế,D09,2025,24.3,,THPT
QHE,Đại học Kinh Tế - Đại học Quốc Gia Hà Nội,7310101,Kinh tế,D09,2025,24.3,,THPT
QHE,Trường Đại Học Kinh Tế - ĐHQG Hà Nội,7310101,Ngành Kinh tế,D10,2025,24.3,,THPT
QHE,Trường Đại Học Kinh Tế - ĐHQG Hà Nội,7310101,Ngành Kinh tế,D10,2025,24.3,,THPT
QHE,Đại học Kinh Tế - Đại học Quốc Gia Hà Nội,7310101,Kinh tế,D10,2025,24.3,,THPT
QHE,Đại học Kinh Tế - Đại học Quốc Gia Hà Nội,7310105,Kinh tế phát triển,A01,2025,24.2,,THPT
QHE,Trường Đại Học Kinh Tế - ĐHQG Hà Nội,7310105,Ngành Kinh tế phát triển,A01,2025,24.2,,THPT
QHE,Trường Đại Học Kinh Tế - ĐHQG Hà Nội,7310105,Ngành Kinh tế phát triển,A01,2025,24.2,,THPT
QHE,Đại học Kinh Tế - Đại học Quốc Gia Hà Nội,7310105,Kinh tế phát triển,D01,2025,24.2,,THPT
QHE,Trường Đại Học Kinh Tế - ĐHQG Hà Nội,7310105,Ngành Kinh tế phát triển,D01,2025,24.2,,THPT
QHE,Trường Đại Học Kinh Tế - ĐHQG Hà Nội,7310105,Ngành Kinh tế phát triển,D01,2025,24.2,,THPT
QHE,Đại học Kinh Tế - Đại học Quốc Gia Hà Nội,7310105,Kinh tế phát triển,D08,2025,24.2,,THPT
QHE,Trường Đại Học Kinh Tế - ĐHQG Hà Nội,7310105,Ngành Kinh tế phát triển,D09,2025,24.2,,THPT
QHE,Trường Đại Học Kinh Tế - ĐHQG Hà Nội,7310105,Ngành Kinh tế phát triển,D09,2025,24.2,,THPT
QHE,Đại học Kinh Tế - Đại học Quốc Gia Hà Nội,7310105,Kinh tế phát triển,D09,2025,24.2,,THPT
QHE,Trường Đại Học Kinh Tế - ĐHQG Hà Nội,7310105,Ngành Kinh tế phát triển,D10,2025,24.2,,THPT
QHE,Trường Đại Học Kinh Tế - ĐHQG Hà Nội,7310105,Ngành Kinh tế phát triển,D10,2025,24.2,,THPT
QHE,Đại học Kinh Tế - Đại học Quốc Gia Hà Nội,7310105,Kinh tế phát triển,D10,2025,24.2,,THPT
QHE,Đại học Kinh Tế - Đại học Quốc Gia Hà Nội,7310106,Kinh tế quốc tế,A01,2025,25.72,,THPT
QHE,Trường Đại Học Kinh Tế - ĐHQG Hà Nội,7310106,Ngành Kinh tế quốc tế,A01,2025,25.72,,THPT
QHE,Trường Đại Học Kinh Tế - ĐHQG Hà Nội,7310106,Ngành Kinh tế quốc tế,A01,2025,25.72,,THPT
QHE,Đại học Kinh Tế - Đại học Quốc Gia Hà Nội,7310106,Kinh tế quốc tế,D01,2025,25.72,,THPT
QHE,Trường Đại Học Kinh Tế - ĐHQG Hà Nội,7310106,Ngành Kinh tế quốc tế,D01,2025,25.72,,THPT
QHE,Trường Đại Học Kinh Tế - ĐHQG Hà Nội,7310106,Ngành Kinh tế quốc tế,D01,2025,25.72,,THPT
QHE,Đại học Kinh Tế - Đại học Quốc Gia Hà Nội,7310106,Kinh tế quốc tế,D08,2025,25.72,,THPT
QHE,Trường Đại Học Kinh Tế - ĐHQG Hà Nội,7310106,Ngành Kinh tế quốc tế,D09,2025,25.72,,THPT
QHE,Trường Đại Học Kinh Tế - ĐHQG Hà Nội,7310106,Ngành Kinh tế quốc tế,D09,2025,25.72,,THPT
QHE,Đại học Kinh Tế - Đại học Quốc Gia Hà Nội,7310106,Kinh tế quốc tế,D09,2025,25.72,,THPT
QHE,Trường Đại Học Kinh Tế - ĐHQG Hà Nội,7310106,Ngành Kinh tế quốc tế,D10,2025,25.72,,THPT
QHE,Trường Đại Học Kinh Tế - ĐHQG Hà Nội,7310106,Ngành Kinh tế quốc tế,D10,2025,25.72,,THPT
QHE,Đại học Kinh Tế - Đại học Quốc Gia Hà Nội,7310106,Kinh tế quốc tế,D10,2025,25.72,,THPT
QHE,Đại học Kinh Tế - Đại học Quốc Gia Hà Nội,734010101,Quản trị kinh doanh,A01,2025,24.93,,THPT
QHE,Trường Đại Học Kinh Tế - ĐHQG Hà Nội,734010101,Ngành Quản trị kinh doanh,A01,2025,24.93,,THPT
QHE,Trường Đại Học Kinh Tế - ĐHQG Hà Nội,734010101,Ngành Quản trị kinh doanh,A01,2025,24.93,,THPT
QHE,Đại học Kinh Tế - Đại học Quốc Gia Hà Nội,734010101,Quản trị kinh doanh,D01,2025,24.93,,THPT
QHE,Trường Đại Học Kinh Tế - ĐHQG Hà Nội,734010101,Ngành Quản trị kinh doanh,D01,2025,24.93,,THPT
QHE,Trường Đại Học Kinh Tế - ĐHQG Hà Nội,734010101,Ngành Quản trị kinh doanh,D01,2025,24.93,,THPT
QHE,Đại học Kinh Tế - Đại học Quốc Gia Hà Nội,734010101,Quản trị kinh doanh,D08,2025,24.93,,THPT
QHE,Trường Đại Học Kinh Tế - ĐHQG Hà Nội,734010101,Ngành Quản trị kinh doanh,D09,2025,24.93,,THPT
QHE,Trường Đại Học Kinh Tế - ĐHQG Hà Nội,734010101,Ngành Quản trị kinh doanh,D09,2025,24.93,,THPT
QHE,Đại học Kinh Tế - Đại học Quốc Gia Hà Nội,734010101,Quản trị kinh doanh,D09,2025,24.93,,THPT
QHE,Trường Đại Học Kinh Tế - ĐHQG Hà Nội,734010101,Ngành Quản trị kinh doanh,D10,2025,24.93,,THPT
QHE,Trường Đại Học Kinh Tế - ĐHQG Hà Nội,734010101,Ngành Quản trị kinh doanh,D10,2025,24.93,,THPT
QHE,Đại học Kinh Tế - Đại học Quốc Gia Hà Nội,734010101,Quản trị kinh doanh,D10,2025,24.93,,THPT
QHE,Đại học Kinh Tế - Đại học Quốc Gia Hà Nội,7340201,Tài chính – Ngân hàng,A01,2025,24.25,,THPT
QHE,Trường Đại Học Kinh Tế - ĐHQG Hà Nội,7340201,Ngành Tài chính – Ngân hàng,A01,2025,24.25,,THPT
QHE,Đại học Kinh Tế - Đại học Quốc Gia Hà Nội,7340201,Tài chính – Ngân hàng,D01,2025,24.25,,THPT
QHE,Trường Đại Học Kinh Tế - ĐHQG Hà Nội,7340201,Ngành Tài chính – Ngân hàng,D01,2025,24.25,,THPT
QHE,Đại học Kinh Tế - Đại học Quốc Gia Hà Nội,7340201,Tài chính – Ngân hàng,D08,2025,24.25,,THPT
QHE,Trường Đại Học Kinh Tế - ĐHQG Hà Nội,7340201,Ngành Tài chính – Ngân hàng,D09,2025,24.25,,THPT
QHE,Đại học Kinh Tế - Đại học Quốc Gia Hà Nội,7340201,Tài chính – Ngân hàng,D09,2025,24.25,,THPT
QHE,Trường Đại Học Kinh Tế - ĐHQG Hà Nội,7340201,Ngành Tài chính – Ngân hàng,D10,2025,24.25,,THPT
QHE,Đại học Kinh Tế - Đại học Quốc Gia Hà Nội,7340201,Tài chính – Ngân hàng,D10,2025,24.25,,THPT
QHE,Đại học Kinh Tế - Đại học Quốc Gia Hà Nội,7340301,Kế toán,A01,2025,24.2,,THPT
QHE,Trường Đại Học Kinh Tế - ĐHQG Hà Nội,7340301,Ngành Kế toán,A01,2025,24.2,,THPT
QHE,Trường Đại Học Kinh Tế - ĐHQG Hà Nội,7340301,Ngành Kế toán,A01,2025,24.2,,THPT
QHE,Đại học Kinh Tế - Đại học Quốc Gia Hà Nội,7340301,Kế toán,D01,2025,24.2,,THPT
QHE,Trường Đại Học Kinh Tế - ĐHQG Hà Nội,7340301,Ngành Kế toán,D01,2025,24.2,,THPT
QHE,Trường Đại Học Kinh Tế - ĐHQG Hà Nội,7340301,Ngành Kế toán,D01,2025,24.2,,THPT
QHE,Đại học Kinh Tế - Đại học Quốc Gia Hà Nội,7340301,Kế toán,D08,2025,24.2,,THPT
QHE,Trường Đại Học Kinh Tế - ĐHQG Hà Nội,7340301,Ngành Kế toán,D09,2025,24.2,,THPT
QHE,Trường Đại Học Kinh Tế - ĐHQG Hà Nội,7340301,Ngành Kế toán,D09,2025,24.2,,THPT
QHE,Đại học Kinh Tế - Đại học Quốc Gia Hà Nội,7340301,Kế toán,D09,2025,24.2,,THPT
QHE,Trường Đại Học Kinh Tế - ĐHQG Hà Nội,7340301,Ngành Kế toán,D10,2025,24.2,,THPT
QHE,Trường Đại Học Kinh Tế - ĐHQG Hà Nội,7340301,Ngành Kế toán,D10,2025,24.2,,THPT
QHE,Đại học Kinh Tế - Đại học Quốc Gia Hà Nội,7340301,Kế toán,D10,2025,24.2,,THPT
QHF,Đại học Ngoại ngữ - Đại học Quốc Gia Hà Nội,7140231,Sư phạm Tiếng Anh,A01,2025,30.0,,THPT
QHF,Trường Đại Học Ngoại Ngữ - ĐH Quốc gia Hà Nội,7140231,Sư phạm tiếng Anh,A01,2025,30.0,,THPT
QHF,Trường Đại Học Ngoại Ngữ - ĐH Quốc gia Hà Nội,7140231,Sư phạm tiếng Anh,D01,2025,30.0,,THPT
QHF,Đại học Ngoại ngữ - Đại học Quốc Gia Hà Nội,7140231,Sư phạm Tiếng Anh,D01,2025,30.0,,THPT
QHF,Trường Đại Học Ngoại Ngữ - ĐH Quốc gia Hà Nội,7140231,Sư phạm tiếng Anh,D07,2025,30.0,,THPT
QHF,Đại học Ngoại ngữ - Đại học Quốc Gia Hà Nội,7140231,Sư phạm Tiếng Anh,D07,2025,30.0,,THPT
QHF,Trường Đại Học Ngoại Ngữ - ĐH Quốc gia Hà Nội,7140231,Sư phạm tiếng Anh,D08,2025,30.0,,THPT
QHF,Đại học Ngoại ngữ - Đại học Quốc Gia Hà Nội,7140231,Sư phạm Tiếng Anh,D08,2025,30.0,,THPT
QHF,Đại học Ngoại ngữ - Đại học Quốc Gia Hà Nội,7140234,Sư phạm Tiếng Trung Quốc,A01,2025,30.0,,THPT
QHF,Trường Đại Học Ngoại Ngữ - ĐH Quốc gia Hà Nội,7140234,Sư phạm tiếng Trung,A01,2025,30.0,,THPT
QHF,Trường Đại Học Ngoại Ngữ - ĐH Quốc gia Hà Nội,7140234,Sư phạm tiếng Trung,D01,2025,30.0,,THPT
QHF,Đại học Ngoại ngữ - Đại học Quốc Gia Hà Nội,7140234,Sư phạm Tiếng Trung Quốc,D01,2025,30.0,,THPT
QHF,Trường Đại Học Ngoại Ngữ - ĐH Quốc gia Hà Nội,7140234,Sư phạm tiếng Trung,D07,2025,30.0,,THPT
QHF,Đại học Ngoại ngữ - Đại học Quốc Gia Hà Nội,7140234,Sư phạm Tiếng Trung Quốc,D07,2025,30.0,,THPT
QHF,Trường Đại Học Ngoại Ngữ - ĐH Quốc gia Hà Nội,7140234,Sư phạm tiếng Trung,D08,2025,30.0,,THPT
QHF,Đại học Ngoại ngữ - Đại học Quốc Gia Hà Nội,7140234,Sư phạm Tiếng Trung Quốc,D08,2025,30.0,,THPT
QHF,Đại học Ngoại ngữ - Đại học Quốc Gia Hà Nội,7140236,Sư phạm tiếng Nhật,A01,2025,28.1,,THPT
QHF,Trường Đại Học Ngoại Ngữ - ĐH Quốc gia Hà Nội,7140236,Sư phạm tiếng Nhật,A01,2025,28.1,,THPT
QHF,Trường Đại Học Ngoại Ngữ - ĐH Quốc gia Hà Nội,7140236,Sư phạm tiếng Nhật,D01,2025,28.1,,THPT
QHF,Đại học Ngoại ngữ - Đại học Quốc Gia Hà Nội,7140236,Sư phạm tiếng Nhật,D01,2025,28.1,,THPT
QHF,Trường Đại Học Ngoại Ngữ - ĐH Quốc gia Hà Nội,7140236,Sư phạm tiếng Nhật,D07,2025,28.1,,THPT
QHF,Đại học Ngoại ngữ - Đại học Quốc Gia Hà Nội,7140236,Sư phạm tiếng Nhật,D07,2025,28.1,,THPT
QHF,Trường Đại Học Ngoại Ngữ - ĐH Quốc gia Hà Nội,7140236,Sư phạm tiếng Nhật,D08,2025,28.1,,THPT
QHF,Đại học Ngoại ngữ - Đại học Quốc Gia Hà Nội,7140236,Sư phạm tiếng Nhật,D08,2025,28.1,,THPT
QHF,Đại học Ngoại ngữ - Đại học Quốc Gia Hà Nội,7140237,Sư phạm tiếng Hàn Quốc,A01,2025,27.81,,THPT
QHF,Trường Đại Học Ngoại Ngữ - ĐH Quốc gia Hà Nội,7140237,Sư phạm tiếng Hàn Quốc,A01,2025,27.81,,THPT
QHF,Trường Đại Học Ngoại Ngữ - ĐH Quốc gia Hà Nội,7140237,Sư phạm tiếng Hàn Quốc,D01,2025,27.81,,THPT
QHF,Đại học Ngoại ngữ - Đại học Quốc Gia Hà Nội,7140237,Sư phạm tiếng Hàn Quốc,D01,2025,27.81,,THPT
QHF,Trường Đại Học Ngoại Ngữ - ĐH Quốc gia Hà Nội,7140237,Sư phạm tiếng Hàn Quốc,D07,2025,27.81,,THPT
QHF,Đại học Ngoại ngữ - Đại học Quốc Gia Hà Nội,7140237,Sư phạm tiếng Hàn Quốc,D07,2025,27.81,,THPT
QHF,Trường Đại Học Ngoại Ngữ - ĐH Quốc gia Hà Nội,7140237,Sư phạm tiếng Hàn Quốc,D08,2025,27.81,,THPT
QHF,Đại học Ngoại ngữ - Đại học Quốc Gia Hà Nội,7140237,Sư phạm tiếng Hàn Quốc,D08,2025,27.81,,THPT
QHF,Đại học Ngoại ngữ - Đại học Quốc Gia Hà Nội,7220101,Tiếng Việt & Văn hóa Việt Nam,A01,2025,22.56,,THPT
QHF,Trường Đại Học Ngoại Ngữ - ĐH Quốc gia Hà Nội,7220101,Tiếng Việt và Văn hóa Việt Nam,A01,2025,22.56,,THPT
QHF,Trường Đại Học Ngoại Ngữ - ĐH Quốc gia Hà Nội,7220101,Tiếng Việt và Văn hóa Việt Nam,D01,2025,22.56,,THPT
QHF,Đại học Ngoại ngữ - Đại học Quốc Gia Hà Nội,7220101,Tiếng Việt & Văn hóa Việt Nam,D01,2025,22.56,,THPT
QHF,Trường Đại Học Ngoại Ngữ - ĐH Quốc gia Hà Nội,7220101,Tiếng Việt và Văn hóa Việt Nam,D07,2025,22.56,,THPT
QHF,Đại học Ngoại ngữ - Đại học Quốc Gia Hà Nội,7220101,Tiếng Việt & Văn hóa Việt Nam,D07,2025,22.56,,THPT
QHF,Trường Đại Học Ngoại Ngữ - ĐH Quốc gia Hà Nội,7220101,Tiếng Việt và Văn hóa Việt Nam,D08,2025,22.56,,THPT
QHF,Đại học Ngoại ngữ - Đại học Quốc Gia Hà Nội,7220101,Tiếng Việt & Văn hóa Việt Nam,D08,2025,22.56,,THPT
QHF,Đại học Ngoại ngữ - Đại học Quốc Gia Hà Nội,7220201,Ngôn ngữ Anh,A01,2025,26.85,,THPT
QHF,Trường Đại Học Ngoại Ngữ - ĐH Quốc gia Hà Nội,7220201,Ngôn ngữ Anh,A01,2025,26.85,,THPT
QHF,Trường Đại Học Ngoại Ngữ - ĐH Quốc gia Hà Nội,7220201,Ngôn ngữ Anh,D01,2025,26.85,,THPT
QHF,Đại học Ngoại ngữ - Đại học Quốc Gia Hà Nội,7220201,Ngôn ngữ Anh,D01,2025,26.85,,THPT
QHF,Trường Đại Học Ngoại Ngữ - ĐH Quốc gia Hà Nội,7220201,Ngôn ngữ Anh,D07,2025,26.85,,THPT
QHF,Đại học Ngoại ngữ - Đại học Quốc Gia Hà Nội,7220201,Ngôn ngữ Anh,D07,2025,26.85,,THPT
QHF,Trường Đại Học Ngoại Ngữ - ĐH Quốc gia Hà Nội,7220201,Ngôn ngữ Anh,D08,2025,26.85,,THPT
QHF,Đại học Ngoại ngữ - Đại học Quốc Gia Hà Nội,7220201,Ngôn ngữ Anh,D08,2025,26.85,,THPT
QHF,Đại học Ngoại ngữ - Đại học Quốc Gia Hà Nội,7220202,Ngôn ngữ Nga,A01,2025,22.6,,THPT
QHF,Trường Đại Học Ngoại Ngữ - ĐH Quốc gia Hà Nội,7220202,Ngôn ngữ Nga,A01,2025,22.6,,THPT
QHF,Trường Đại Học Ngoại Ngữ - ĐH Quốc gia Hà Nội,7220202,Ngôn ngữ Nga,D01,2025,22.6,,THPT
QHF,Đại học Ngoại ngữ - Đại học Quốc Gia Hà Nội,7220202,Ngôn ngữ Nga,D01,2025,22.6,,THPT
QHF,Trường Đại Học Ngoại Ngữ - ĐH Quốc gia Hà Nội,7220202,Ngôn ngữ Nga,D07,2025,22.6,,THPT
QHF,Đại học Ngoại ngữ - Đại học Quốc Gia Hà Nội,7220202,Ngôn ngữ Nga,D07,2025,22.6,,THPT
QHF,Trường Đại Học Ngoại Ngữ - ĐH Quốc gia Hà Nội,7220202,Ngôn ngữ Nga,D08,2025,22.6,,THPT
QHF,Đại học Ngoại ngữ - Đại học Quốc Gia Hà Nội,7220202,Ngôn ngữ Nga,D08,2025,22.6,,THPT
QHF,Đại học Ngoại ngữ - Đại học Quốc Gia Hà Nội,7220203,Ngôn ngữ Pháp,A01,2025,23.47,,THPT
QHF,Trường Đại Học Ngoại Ngữ - ĐH Quốc gia Hà Nội,7220203,Ngôn ngữ Pháp,A01,2025,23.47,,THPT
QHF,Trường Đại Học Ngoại Ngữ - ĐH Quốc gia Hà Nội,7220203,Ngôn ngữ Pháp,D01,2025,23.47,,THPT
QHF,Đại học Ngoại ngữ - Đại học Quốc Gia Hà Nội,7220203,Ngôn ngữ Pháp,D01,2025,23.47,,THPT
QHF,Trường Đại Học Ngoại Ngữ - ĐH Quốc gia Hà Nội,7220203,Ngôn ngữ Pháp,D07,2025,23.47,,THPT
QHF,Đại học Ngoại ngữ - Đại học Quốc Gia Hà Nội,7220203,Ngôn ngữ Pháp,D07,2025,23.47,,THPT
QHF,Trường Đại Học Ngoại Ngữ - ĐH Quốc gia Hà Nội,7220203,Ngôn ngữ Pháp,D08,2025,23.47,,THPT
QHF,Đại học Ngoại ngữ - Đại học Quốc Gia Hà Nội,7220203,Ngôn ngữ Pháp,D08,2025,23.47,,THPT
QHF,Đại học Ngoại ngữ - Đại học Quốc Gia Hà Nội,7220204,Ngôn ngữ Trung Quốc,A01,2025,27.03,,THPT
QHF,Trường Đại Học Ngoại Ngữ - ĐH Quốc gia Hà Nội,7220204,Ngôn ngữ Trung Quốc,A01,2025,27.03,,THPT
QHF,Trường Đại Học Ngoại Ngữ - ĐH Quốc gia Hà Nội,7220204,Ngôn ngữ Trung Quốc,D01,2025,27.03,,THPT
QHF,Đại học Ngoại ngữ - Đại học Quốc Gia Hà Nội,7220204,Ngôn ngữ Trung Quốc,D01,2025,27.03,,THPT
QHF,Trường Đại Học Ngoại Ngữ - ĐH Quốc gia Hà Nội,7220204,Ngôn ngữ Trung Quốc,D07,2025,27.03,,THPT
QHF,Đại học Ngoại ngữ - Đại học Quốc Gia Hà Nội,7220204,Ngôn ngữ Trung Quốc,D07,2025,27.03,,THPT
QHF,Trường Đại Học Ngoại Ngữ - ĐH Quốc gia Hà Nội,7220204,Ngôn ngữ Trung Quốc,D08,2025,27.03,,THPT
QHF,Đại học Ngoại ngữ - Đại học Quốc Gia Hà Nội,7220204,Ngôn ngữ Trung Quốc,D08,2025,27.03,,THPT
QHF,Đại học Ngoại ngữ - Đại học Quốc Gia Hà Nội,7220205,Ngôn ngữ Đức,A01,2025,24.56,,THPT
QHF,Trường Đại Học Ngoại Ngữ - ĐH Quốc gia Hà Nội,7220205,Ngôn ngữ Đức,A01,2025,24.56,,THPT
QHF,Trường Đại Học Ngoại Ngữ - ĐH Quốc gia Hà Nội,7220205,Ngôn ngữ Đức,D01,2025,24.56,,THPT
QHF,Đại học Ngoại ngữ - Đại học Quốc Gia Hà Nội,7220205,Ngôn ngữ Đức,D01,2025,24.56,,THPT
QHF,Trường Đại Học Ngoại Ngữ - ĐH Quốc gia Hà Nội,7220205,Ngôn ngữ Đức,D07,2025,24.56,,THPT
QHF,Đại học Ngoại ngữ - Đại học Quốc Gia Hà Nội,7220205,Ngôn ngữ Đức,D07,2025,24.56,,THPT
QHF,Trường Đại Học Ngoại Ngữ - ĐH Quốc gia Hà Nội,7220205,Ngôn ngữ Đức,D08,2025,24.56,,THPT
QHF,Đại học Ngoại ngữ - Đại học Quốc Gia Hà Nội,7220205,Ngôn ngữ Đức,D08,2025,24.56,,THPT
QHF,Đại học Ngoại ngữ - Đại học Quốc Gia Hà Nội,7220209,Ngôn ngữ Nhật,A01,2025,23.93,,THPT
QHF,Trường Đại Học Ngoại Ngữ - ĐH Quốc gia Hà Nội,7220209,Ngôn ngữ Nhật,A01,2025,23.93,,THPT
QHF,Trường Đại Học Ngoại Ngữ - ĐH Quốc gia Hà Nội,7220209,Ngôn ngữ Nhật,D01,2025,23.93,,THPT
QHF,Đại học Ngoại ngữ - Đại học Quốc Gia Hà Nội,7220209,Ngôn ngữ Nhật,D01,2025,23.93,,THPT
QHF,Trường Đại Học Ngoại Ngữ - ĐH Quốc gia Hà Nội,7220209,Ngôn ngữ Nhật,D07,2025,23.93,,THPT
QHF,Đại học Ngoại ngữ - Đại học Quốc Gia Hà Nội,7220209,Ngôn ngữ Nhật,D07,2025,23.93,,THPT
QHF,Trường Đại Học Ngoại Ngữ - ĐH Quốc gia Hà Nội,7220209,Ngôn ngữ Nhật,D08,2025,23.93,,THPT
QHF,Đại học Ngoại ngữ - Đại học Quốc Gia Hà Nội,7220209,Ngôn ngữ Nhật,D08,2025,23.93,,THPT
QHF,Đại học Ngoại ngữ - Đại học Quốc Gia Hà Nội,7220210,Ngôn ngữ Hàn Quốc,A01,2025,24.69,,THPT
QHF,Trường Đại Học Ngoại Ngữ - ĐH Quốc gia Hà Nội,7220210,Ngôn ngữ Hàn Quốc,A01,2025,24.69,,THPT
QHF,Trường Đại Học Ngoại Ngữ - ĐH Quốc gia Hà Nội,7220210,Ngôn ngữ Hàn Quốc,D01,2025,24.69,,THPT
QHF,Đại học Ngoại ngữ - Đại học Quốc Gia Hà Nội,7220210,Ngôn ngữ Hàn Quốc,D01,2025,24.69,,THPT
QHF,Trường Đại Học Ngoại Ngữ - ĐH Quốc gia Hà Nội,7220210,Ngôn ngữ Hàn Quốc,D07,2025,24.69,,THPT
QHF,Đại học Ngoại ngữ - Đại học Quốc Gia Hà Nội,7220210,Ngôn ngữ Hàn Quốc,D07,2025,24.69,,THPT
QHF,Trường Đại Học Ngoại Ngữ - ĐH Quốc gia Hà Nội,7220210,Ngôn ngữ Hàn Quốc,D08,2025,24.69,,THPT
QHF,Đại học Ngoại ngữ - Đại học Quốc Gia Hà Nội,7220210,Ngôn ngữ Hàn Quốc,D08,2025,24.69,,THPT
QHF,Đại học Ngoại ngữ - Đại học Quốc Gia Hà Nội,7220211,Ngôn ngữ Ả Rập,A01,2025,21.88,,THPT
QHF,Trường Đại Học Ngoại Ngữ - ĐH Quốc gia Hà Nội,7220211,Ngôn ngữ Ả Rập,A01,2025,21.88,,THPT
QHF,Trường Đại Học Ngoại Ngữ - ĐH Quốc gia Hà Nội,7220211,Ngôn ngữ Ả Rập,D01,2025,21.88,,THPT
QHF,Đại học Ngoại ngữ - Đại học Quốc Gia Hà Nội,7220211,Ngôn ngữ Ả Rập,D01,2025,21.88,,THPT
QHF,Trường Đại Học Ngoại Ngữ - ĐH Quốc gia Hà Nội,7220211,Ngôn ngữ Ả Rập,D07,2025,21.88,,THPT
QHF,Đại học Ngoại ngữ - Đại học Quốc Gia Hà Nội,7220211,Ngôn ngữ Ả Rập,D07,2025,21.88,,THPT
QHF,Trường Đại Học Ngoại Ngữ - ĐH Quốc gia Hà Nội,7220211,Ngôn ngữ Ả Rập,D08,2025,21.88,,THPT
QHF,Đại học Ngoại ngữ - Đại học Quốc Gia Hà Nội,7220211,Ngôn ngữ Ả Rập,D08,2025,21.88,,THPT
QHF,Đại học Ngoại ngữ - Đại học Quốc Gia Hà Nội,7220212QTD,Văn hóa và truyền thông xuyên quốc gia,A01,2025,24.58,,THPT
QHF,Trường Đại Học Ngoại Ngữ - ĐH Quốc gia Hà Nội,7220212QTD,Văn hóa và truyền thông xuyên quốc gia,A01,2025,24.58,,THPT
QHF,Trường Đại Học Ngoại Ngữ - ĐH Quốc gia Hà Nội,7220212QTD,Văn hóa và truyền thông xuyên quốc gia,D01,2025,24.58,,THPT
QHF,Đại học Ngoại ngữ - Đại học Quốc Gia Hà Nội,7220212QTD,Văn hóa và truyền thông xuyên quốc gia,D01,2025,24.58,,THPT
QHF,Trường Đại Học Ngoại Ngữ - ĐH Quốc gia Hà Nội,7220212QTD,Văn hóa và truyền thông xuyên quốc gia,D07,2025,24.58,,THPT
QHF,Đại học Ngoại ngữ - Đại học Quốc Gia Hà Nội,7220212QTD,Văn hóa và truyền thông xuyên quốc gia,D07,2025,24.58,,THPT
QHF,Trường Đại Học Ngoại Ngữ - ĐH Quốc gia Hà Nội,7220212QTD,Văn hóa và truyền thông xuyên quốc gia,D08,2025,24.58,,THPT
QHF,Đại học Ngoại ngữ - Đại học Quốc Gia Hà Nội,7220212QTD,Văn hóa và truyền thông xuyên quốc gia,D08,2025,24.58,,THPT
QHF,Trường Đại Học Ngoại Ngữ - ĐH Quốc gia Hà Nội,7903124,Kinh tế - Tài chính,A01,2025,15.06,,THPT
QHF,Trường Đại Học Ngoại Ngữ - ĐH Quốc gia Hà Nội,7903124,Kinh tế - Tài chính,D01,2025,15.06,,THPT
QHF,Trường Đại Học Ngoại Ngữ - ĐH Quốc gia Hà Nội,7903124,Kinh tế - Tài chính,D07,2025,15.06,,THPT
QHF,Trường Đại Học Ngoại Ngữ - ĐH Quốc gia Hà Nội,7903124,Kinh tế - Tài chính,D08,2025,15.06,,THPT
QHF,Đại học Ngoại ngữ - Đại học Quốc Gia Hà Nội,7903124QT,Kinh tế – Tài chính***,A01,2025,15.06,,THPT
QHF,Đại học Ngoại ngữ - Đại học Quốc Gia Hà Nội,7903124QT,Kinh tế – Tài chính***,D01,2025,15.06,,THPT
QHF,Đại học Ngoại ngữ - Đại học Quốc Gia Hà Nội,7903124QT,Kinh tế – Tài chính***,D07,2025,15.06,,THPT
QHF,Đại học Ngoại ngữ - Đại học Quốc Gia Hà Nội,7903124QT,Kinh tế – Tài chính***,D08,2025,15.06,,THPT
QHI,Đại học Công nghệ - Đại học Quốc gia Hà Nội,CN1,Công nghệ Thông tin,A00,2025,28.19,,THPT
QHI,Trường Đại Học Công Nghệ – Đại Học Quốc Gia Hà Nội,CN1,Công nghệ thông tin,A00,2025,28.19,,THPT
QHI,Trường Đại Học Công Nghệ – Đại Học Quốc Gia Hà Nội,CN1,Công nghệ thông tin,A01,2025,28.19,,THPT
QHI,Đại học Công nghệ - Đại học Quốc gia Hà Nội,CN1,Công nghệ Thông tin,A01,2025,28.19,,THPT
QHI,Trường Đại Học Công Nghệ – Đại Học Quốc Gia Hà Nội,CN1,Công nghệ thông tin,D01,2025,28.19,,THPT
QHI,Đại học Công nghệ - Đại học Quốc gia Hà Nội,CN1,Công nghệ Thông tin,D01,2025,28.19,,THPT
QHI,Đại học Công nghệ - Đại học Quốc gia Hà Nội,CN10,Công nghệ nông nghiệp*,A00,2025,22.0,,THPT
QHI,Trường Đại Học Công Nghệ – Đại Học Quốc Gia Hà Nội,CN10,Công nghệ nông nghiệp,A00,2025,22.0,,THPT
QHI,Trường Đại Học Công Nghệ – Đại Học Quốc Gia Hà Nội,CN10,Công nghệ nông nghiệp,A01,2025,22.0,,THPT
QHI,Đại học Công nghệ - Đại học Quốc gia Hà Nội,CN10,Công nghệ nông nghiệp*,A01,2025,22.0,,THPT
QHI,Trường Đại Học Công Nghệ – Đại Học Quốc Gia Hà Nội,CN10,Công nghệ nông nghiệp,B00,2025,22.0,,THPT
QHI,Đại học Công nghệ - Đại học Quốc gia Hà Nội,CN10,Công nghệ nông nghiệp*,B00,2025,22.0,,THPT
QHI,Trường Đại Học Công Nghệ – Đại Học Quốc Gia Hà Nội,CN10,Công nghệ nông nghiệp,D01,2025,22.0,,THPT
QHI,Đại học Công nghệ - Đại học Quốc gia Hà Nội,CN10,Công nghệ nông nghiệp*,D01,2025,22.0,,THPT
QHI,Đại học Công nghệ - Đại học Quốc gia Hà Nội,CN11,Kỹ thuật điều khiển và tự động hóa,A00,2025,27.9,,THPT
QHI,Trường Đại Học Công Nghệ – Đại Học Quốc Gia Hà Nội,CN11,Kỹ thuật điều khiển và tự động hóa,A00,2025,27.9,,THPT
QHI,Trường Đại Học Công Nghệ – Đại Học Quốc Gia Hà Nội,CN11,Kỹ thuật điều khiển và tự động hóa,A01,2025,27.9,,THPT
QHI,Đại học Công nghệ - Đại học Quốc gia Hà Nội,CN11,Kỹ thuật điều khiển và tự động hóa,A01,2025,27.9,,THPT
QHI,Trường Đại Học Công Nghệ – Đại Học Quốc Gia Hà Nội,CN11,Kỹ thuật điều khiển và tự động hóa,D01,2025,27.9,,THPT
QHI,Đại học Công nghệ - Đại học Quốc gia Hà Nội,CN11,Kỹ thuật điều khiển và tự động hóa,D01,2025,27.9,,THPT
QHI,Đại học Công nghệ - Đại học Quốc gia Hà Nội,CN12,Trí tuệ nhân tạo,A00,2025,27.75,,THPT
QHI,Trường Đại Học Công Nghệ – Đại Học Quốc Gia Hà Nội,CN12,Trí tuệ nhân tạo,A00,2025,27.75,,THPT
QHI,Trường Đại Học Công Nghệ – Đại Học Quốc Gia Hà Nội,CN12,Trí tuệ nhân tạo,A01,2025,27.75,,THPT
QHI,Đại học Công nghệ - Đại học Quốc gia Hà Nội,CN12,Trí tuệ nhân tạo,A01,2025,27.75,,THPT
QHI,Trường Đại Học Công Nghệ – Đại Học Quốc Gia Hà Nội,CN12,Trí tuệ nhân tạo,D01,2025,27.75,,THPT
QHI,Đại học Công nghệ - Đại học Quốc gia Hà Nội,CN12,Trí tuệ nhân tạo,D01,2025,27.75,,THPT
QHI,Đại học Công nghệ - Đại học Quốc gia Hà Nội,CN13,Kỹ thuật năng lượng,A00,2025,24.87,,THPT
QHI,Trường Đại Học Công Nghệ – Đại Học Quốc Gia Hà Nội,CN13,Kỹ thuật năng lượng,A00,2025,24.87,,THPT
QHI,Trường Đại Học Công Nghệ – Đại Học Quốc Gia Hà Nội,CN13,Kỹ thuật năng lượng,A01,2025,24.87,,THPT
QHI,Đại học Công nghệ - Đại học Quốc gia Hà Nội,CN13,Kỹ thuật năng lượng,A01,2025,24.87,,THPT
QHI,Trường Đại Học Công Nghệ – Đại Học Quốc Gia Hà Nội,CN13,Kỹ thuật năng lượng,D01,2025,24.87,,THPT
QHI,Đại học Công nghệ - Đại học Quốc gia Hà Nội,CN13,Kỹ thuật năng lượng,D01,2025,24.87,,THPT
QHI,Đại học Công nghệ - Đại học Quốc gia Hà Nội,CN14,Hệ thống thông tin,A00,2025,26.38,,THPT
QHI,Trường Đại Học Công Nghệ – Đại Học Quốc Gia Hà Nội,CN14,Hệ thống thông tin,A00,2025,26.38,,THPT
QHI,Trường Đại Học Công Nghệ – Đại Học Quốc Gia Hà Nội,CN14,Hệ thống thông tin,A01,2025,26.38,,THPT
QHI,Đại học Công nghệ - Đại học Quốc gia Hà Nội,CN14,Hệ thống thông tin,A01,2025,26.38,,THPT
QHI,Trường Đại Học Công Nghệ – Đại Học Quốc Gia Hà Nội,CN14,Hệ thống thông tin,D01,2025,26.38,,THPT
QHI,Đại học Công nghệ - Đại học Quốc gia Hà Nội,CN14,Hệ thống thông tin,D01,2025,26.38,,THPT
QHI,Đại học Công nghệ - Đại học Quốc gia Hà Nội,CN15,Mạng máy tính và truyền thông dữ liệu,A00,2025,26.73,,THPT
QHI,Trường Đại Học Công Nghệ – Đại Học Quốc Gia Hà Nội,CN15,Mạng máy tính và truyền thông dữ liệu,A00,2025,26.73,,THPT
QHI,Trường Đại Học Công Nghệ – Đại Học Quốc Gia Hà Nội,CN15,Mạng máy tính và truyền thông dữ liệu,A01,2025,26.73,,THPT
QHI,Đại học Công nghệ - Đại học Quốc gia Hà Nội,CN15,Mạng máy tính và truyền thông dữ liệu,A01,2025,26.73,,THPT
QHI,Trường Đại Học Công Nghệ – Đại Học Quốc Gia Hà Nội,CN15,Mạng máy tính và truyền thông dữ liệu,D01,2025,26.73,,THPT
QHI,Đại học Công nghệ - Đại học Quốc gia Hà Nội,CN15,Mạng máy tính và truyền thông dữ liệu,D01,2025,26.73,,THPT
QHI,Đại học Công nghệ - Đại học Quốc gia Hà Nội,CN17,Kỹ thuật Robot,A00,2025,26.0,,THPT
QHI,Trường Đại Học Công Nghệ – Đại Học Quốc Gia Hà Nội,CN17,Kỹ thuật Robot,A00,2025,26.0,,THPT
QHI,Trường Đại Học Công Nghệ – Đại Học Quốc Gia Hà Nội,CN17,Kỹ thuật Robot,A01,2025,26.0,,THPT
QHI,Đại học Công nghệ - Đại học Quốc gia Hà Nội,CN17,Kỹ thuật Robot,A01,2025,26.0,,THPT
QHI,Trường Đại Học Công Nghệ – Đại Học Quốc Gia Hà Nội,CN17,Kỹ thuật Robot,D01,2025,26.0,,THPT
QHI,Đại học Công nghệ - Đại học Quốc gia Hà Nội,CN17,Kỹ thuật Robot,D01,2025,26.0,,THPT
QHI,Đại học Công nghệ - Đại học Quốc gia Hà Nội,CN18,Thiết kế công nghiệp và đồ họa,A00,2025,24.2,,THPT
QHI,Trường Đại Học Công Nghệ – Đại Học Quốc Gia Hà Nội,CN18,Thiết kế công nghiệp và Đồ họa,A00,2025,24.2,,THPT
QHI,Trường Đại Học Công Nghệ – Đại Học Quốc Gia Hà Nội,CN18,Thiết kế công nghiệp và Đồ họa,A01,2025,24.2,,THPT
QHI,Đại học Công nghệ - Đại học Quốc gia Hà Nội,CN18,Thiết kế công nghiệp và đồ họa,A01,2025,24.2,,THPT
QHI,Trường Đại Học Công Nghệ – Đại Học Quốc Gia Hà Nội,CN18,Thiết kế công nghiệp và Đồ họa,D01,2025,24.2,,THPT
QHI,Đại học Công nghệ - Đại học Quốc gia Hà Nội,CN18,Thiết kế công nghiệp và đồ họa,D01,2025,24.2,,THPT
QHI,Đại học Công nghệ - Đại học Quốc gia Hà Nội,CN19,Công nghệ vật liệu và vi điện tử,A00,2025,25.6,,THPT
QHI,Trường Đại Học Công Nghệ – Đại Học Quốc Gia Hà Nội,CN19,Công nghệ vật liệu,A00,2025,25.6,,THPT
QHI,Trường Đại Học Công Nghệ – Đại Học Quốc Gia Hà Nội,CN19,Công nghệ vật liệu,A01,2025,25.6,,THPT
QHI,Đại học Công nghệ - Đại học Quốc gia Hà Nội,CN19,Công nghệ vật liệu và vi điện tử,A01,2025,25.6,,THPT
QHI,Trường Đại Học Công Nghệ – Đại Học Quốc Gia Hà Nội,CN19,Công nghệ vật liệu,D01,2025,25.6,,THPT
QHI,Đại học Công nghệ - Đại học Quốc gia Hà Nội,CN19,Công nghệ vật liệu và vi điện tử,D01,2025,25.6,,THPT
QHI,Đại học Công nghệ - Đại học Quốc gia Hà Nội,CN2,Máy tính và Robot,A00,2025,27.0,,THPT
QHI,Trường Đại Học Công Nghệ – Đại Học Quốc Gia Hà Nội,CN2,Kỹ thuật máy tính,A00,2025,27.0,,THPT
QHI,Trường Đại Học Công Nghệ – Đại Học Quốc Gia Hà Nội,CN2,Kỹ thuật máy tính,A01,2025,27.0,,THPT
QHI,Đại học Công nghệ - Đại học Quốc gia Hà Nội,CN2,Máy tính và Robot,A01,2025,27.0,,THPT
QHI,Trường Đại Học Công Nghệ – Đại Học Quốc Gia Hà Nội,CN2,Kỹ thuật máy tính,D01,2025,27.0,,THPT
QHI,Đại học Công nghệ - Đại học Quốc gia Hà Nội,CN2,Máy tính và Robot,D01,2025,27.0,,THPT
QHI,Đại học Công nghệ - Đại học Quốc gia Hà Nội,CN20,Khoa học và kỹ thuật dữ liệu,A00,2025,27.38,,THPT
QHI,Trường Đại Học Công Nghệ – Đại Học Quốc Gia Hà Nội,CN20,Khoa học dữ liệu,A00,2025,27.38,,THPT
QHI,Trường Đại Học Công Nghệ – Đại Học Quốc Gia Hà Nội,CN20,Khoa học dữ liệu,A01,2025,27.38,,THPT
QHI,Đại học Công nghệ - Đại học Quốc gia Hà Nội,CN20,Khoa học và kỹ thuật dữ liệu,A01,2025,27.38,,THPT
QHI,Trường Đại Học Công Nghệ – Đại Học Quốc Gia Hà Nội,CN20,Khoa học dữ liệu,D01,2025,27.38,,THPT
QHI,Đại học Công nghệ - Đại học Quốc gia Hà Nội,CN20,Khoa học và kỹ thuật dữ liệu,D01,2025,27.38,,THPT
QHI,Đại học Công nghệ - Đại học Quốc gia Hà Nội,CN21,Công nghệ kỹ thuật sinh học,A00,2025,22.13,,THPT
QHI,Trường Đại Học Công Nghệ – Đại Học Quốc Gia Hà Nội,CN21,Công nghệ sinh học,A00,2025,22.13,,THPT
QHI,Trường Đại Học Công Nghệ – Đại Học Quốc Gia Hà Nội,CN21,Công nghệ sinh học,A01,2025,22.13,,THPT
QHI,Đại học Công nghệ - Đại học Quốc gia Hà Nội,CN21,Công nghệ kỹ thuật sinh học,A01,2025,22.13,,THPT
QHI,Trường Đại Học Công Nghệ – Đại Học Quốc Gia Hà Nội,CN21,Công nghệ sinh học,B00,2025,22.13,,THPT
QHI,Đại học Công nghệ - Đại học Quốc gia Hà Nội,CN21,Công nghệ kỹ thuật sinh học,B00,2025,22.13,,THPT
QHI,Trường Đại Học Công Nghệ – Đại Học Quốc Gia Hà Nội,CN21,Công nghệ sinh học,D01,2025,22.13,,THPT
QHI,Đại học Công nghệ - Đại học Quốc gia Hà Nội,CN21,Công nghệ kỹ thuật sinh học,D01,2025,22.13,,THPT
QHI,Đại học Công nghệ - Đại học Quốc gia Hà Nội,CN3,Vật lý kỹ thuật,A00,2025,25.2,,THPT
QHI,Trường Đại Học Công Nghệ – Đại Học Quốc Gia Hà Nội,CN3,Vật lý kỹ thuật,A00,2025,25.2,,THPT
QHI,Trường Đại Học Công Nghệ – Đại Học Quốc Gia Hà Nội,CN3,Vật lý kỹ thuật,A01,2025,25.2,,THPT
QHI,Đại học Công nghệ - Đại học Quốc gia Hà Nội,CN3,Vật lý kỹ thuật,A01,2025,25.2,,THPT
QHI,Trường Đại Học Công Nghệ – Đại Học Quốc Gia Hà Nội,CN3,Vật lý kỹ thuật,D01,2025,25.2,,THPT
QHI,Đại học Công nghệ - Đại học Quốc gia Hà Nội,CN3,Vật lý kỹ thuật,D01,2025,25.2,,THPT
QHI,Đại học Công nghệ - Đại học Quốc gia Hà Nội,CN4,Cơ kỹ thuật,A00,2025,26.15,,THPT
QHI,Trường Đại Học Công Nghệ – Đại Học Quốc Gia Hà Nội,CN4,Cơ kỹ thuật,A00,2025,26.15,,THPT
QHI,Trường Đại Học Công Nghệ – Đại Học Quốc Gia Hà Nội,CN4,Cơ kỹ thuật,A01,2025,26.15,,THPT
QHI,Đại học Công nghệ - Đại học Quốc gia Hà Nội,CN4,Cơ kỹ thuật,A01,2025,26.15,,THPT
QHI,Trường Đại Học Công Nghệ – Đại Học Quốc Gia Hà Nội,CN4,Cơ kỹ thuật,D01,2025,26.15,,THPT
QHI,Đại học Công nghệ - Đại học Quốc gia Hà Nội,CN4,Cơ kỹ thuật,D01,2025,26.15,,THPT
QHI,Đại học Công nghệ - Đại học Quốc gia Hà Nội,CN5,Công nghệ kỹ thuật xây dựng,A00,2025,22.25,,THPT
QHI,Trường Đại Học Công Nghệ – Đại Học Quốc Gia Hà Nội,CN5,Công nghệ kỹ thuật xây dựng,A00,2025,22.25,,THPT
QHI,Trường Đại Học Công Nghệ – Đại Học Quốc Gia Hà Nội,CN5,Công nghệ kỹ thuật xây dựng,A01,2025,22.25,,THPT
QHI,Đại học Công nghệ - Đại học Quốc gia Hà Nội,CN5,Công nghệ kỹ thuật xây dựng,A01,2025,22.25,,THPT
QHI,Trường Đại Học Công Nghệ – Đại Học Quốc Gia Hà Nội,CN5,Công nghệ kỹ thuật xây dựng,D01,2025,22.25,,THPT
QHI,Đại học Công nghệ - Đại học Quốc gia Hà Nội,CN5,Công nghệ kỹ thuật xây dựng,D01,2025,22.25,,THPT
QHI,Đại học Công nghệ - Đại học Quốc gia Hà Nội,CN6,Công nghệ kỹ thuật cơ điện tử,A00,2025,26.73,,THPT
QHI,Trường Đại Học Công Nghệ – Đại Học Quốc Gia Hà Nội,CN6,Công nghệ kỹ thuật cơ điện tử,A00,2025,26.73,,THPT
QHI,Trường Đại Học Công Nghệ – Đại Học Quốc Gia Hà Nội,CN6,Công nghệ kỹ thuật cơ điện tử,A01,2025,26.73,,THPT
QHI,Đại học Công nghệ - Đại học Quốc gia Hà Nội,CN6,Công nghệ kỹ thuật cơ điện tử,A01,2025,26.73,,THPT
QHI,Trường Đại Học Công Nghệ – Đại Học Quốc Gia Hà Nội,CN6,Công nghệ kỹ thuật cơ điện tử,D01,2025,26.73,,THPT
QHI,Đại học Công nghệ - Đại học Quốc gia Hà Nội,CN6,Công nghệ kỹ thuật cơ điện tử,D01,2025,26.73,,THPT
QHI,Đại học Công nghệ - Đại học Quốc gia Hà Nội,CN7,Công nghệ Hàng không vũ trụ,A00,2025,23.96,,THPT
QHI,Trường Đại Học Công Nghệ – Đại Học Quốc Gia Hà Nội,CN7,Công nghệ hàng không vũ trụ,A00,2025,23.96,,THPT
QHI,Trường Đại Học Công Nghệ – Đại Học Quốc Gia Hà Nội,CN7,Công nghệ hàng không vũ trụ,A01,2025,23.96,,THPT
QHI,Đại học Công nghệ - Đại học Quốc gia Hà Nội,CN7,Công nghệ Hàng không vũ trụ,A01,2025,23.96,,THPT
QHI,Trường Đại Học Công Nghệ – Đại Học Quốc Gia Hà Nội,CN7,Công nghệ hàng không vũ trụ,D01,2025,23.96,,THPT
QHI,Đại học Công nghệ - Đại học Quốc gia Hà Nội,CN7,Công nghệ Hàng không vũ trụ,D01,2025,23.96,,THPT
QHI,Đại học Công nghệ - Đại học Quốc gia Hà Nội,CN8,Khoa học máy tính,A00,2025,27.86,,THPT
QHI,Trường Đại Học Công Nghệ – Đại Học Quốc Gia Hà Nội,CN8,Khoa học máy tính,A00,2025,27.86,,THPT
QHI,Trường Đại Học Công Nghệ – Đại Học Quốc Gia Hà Nội,CN8,Khoa học máy tính,A01,2025,27.86,,THPT
QHI,Đại học Công nghệ - Đại học Quốc gia Hà Nội,CN8,Khoa học máy tính,A01,2025,27.86,,THPT
QHI,Trường Đại Học Công Nghệ – Đại Học Quốc Gia Hà Nội,CN8,Khoa học máy tính,D01,2025,27.86,,THPT
QHI,Đại học Công nghệ - Đại học Quốc gia Hà Nội,CN8,Khoa học máy tính,D01,2025,27.86,,THPT
QHI,Đại học Công nghệ - Đại học Quốc gia Hà Nội,CN9,Công nghệ kỹ thuật điện tử - viễn thông,A00,2025,26.63,,THPT
QHI,Trường Đại Học Công Nghệ – Đại Học Quốc Gia Hà Nội,CN9,Công nghệ kỹ thuật điện tử - Viễn thông,A00,2025,26.63,,THPT
QHI,Trường Đại Học Công Nghệ – Đại Học Quốc Gia Hà Nội,CN9,Công nghệ kỹ thuật điện tử - Viễn thông,A01,2025,26.63,,THPT
QHI,Đại học Công nghệ - Đại học Quốc gia Hà Nội,CN9,Công nghệ kỹ thuật điện tử - viễn thông,A01,2025,26.63,,THPT
QHI,Trường Đại Học Công Nghệ – Đại Học Quốc Gia Hà Nội,CN9,Công nghệ kỹ thuật điện tử - Viễn thông,D01,2025,26.63,,THPT
QHI,Đại học Công nghệ - Đại học Quốc gia Hà Nội,CN9,Công nghệ kỹ thuật điện tử - viễn thông,D01,2025,26.63,,THPT
QHK,Khoa Các khoa học liên ngành - Đại học Quốc gia Hà Nội,7320106,Công nghệ truyền thông,A00,2025,25.0,,THPT
QHK,Trường Khoa học liên ngành và Nghệ thuật Hà Nội,7320106,Công nghệ truyền thông,A00,2025,24.0,,THPT
QHK,Khoa Các khoa học liên ngành - Đại học Quốc gia Hà Nội,7320106,Công nghệ truyền thông,A01,2025,25.0,,THPT
QHK,Khoa Các khoa học liên ngành - Đại học Quốc gia Hà Nội,7320106,Công nghệ truyền thông,D01,2025,25.0,,THPT
QHK,Khoa Các khoa học liên ngành - Đại học Quốc gia Hà Nội,7320106,Công nghệ truyền thông,D07,2025,25.0,,THPT
QHK,Trường Khoa học liên ngành và Nghệ thuật Hà Nội,7320106,Công nghệ truyền thông,D07,2025,24.0,,THPT
QHK,Trường Khoa học liên ngành và Nghệ thuật Hà Nội,7320106,Công nghệ truyền thông,D10,2025,24.0,,THPT
QHK,Khoa Các khoa học liên ngành - Đại học Quốc gia Hà Nội,7320106,Công nghệ truyền thông,D10,2025,25.0,,THPT
QHK,Khoa Các khoa học liên ngành - Đại học Quốc gia Hà Nội,7349001,Tài chính - Ngân hàng (liên kết),A00,2025,24.0,,THPT
QHK,Trường Khoa học liên ngành và Nghệ thuật Hà Nội,7349001,Quản trị thương hiệu,A00,2025,25.5,,THPT
QHK,Trường Khoa học liên ngành và Nghệ thuật Hà Nội,7349001,Quản trị thương hiệu,A01,2025,25.5,,THPT
QHK,Khoa Các khoa học liên ngành - Đại học Quốc gia Hà Nội,7349001,Tài chính - Ngân hàng (liên kết),C00,2025,24.0,,THPT
QHK,Khoa Các khoa học liên ngành - Đại học Quốc gia Hà Nội,7349001,Tài chính - Ngân hàng (liên kết),D01,2025,24.0,,THPT
QHK,Trường Khoa học liên ngành và Nghệ thuật Hà Nội,7349001,Quản trị thương hiệu,D01,2025,25.5,,THPT
QHK,Trường Khoa học liên ngành và Nghệ thuật Hà Nội,7349001,Quản trị thương hiệu,D09,2025,25.5,,THPT
QHK,Trường Khoa học liên ngành và Nghệ thuật Hà Nội,7349001,Quản trị thương hiệu,D10,2025,25.5,,THPT
QHK,Trường Khoa học liên ngành và Nghệ thuật Hà Nội,7349002,Quản lý giải trí và sự kiện,A00,2025,25.6,,THPT
QHK,Khoa Các khoa học liên ngành - Đại học Quốc gia Hà Nội,7349002,Quản trị kinh doanh (liên kết),A01,2025,24.1,,THPT
QHK,Trường Khoa học liên ngành và Nghệ thuật Hà Nội,7349002,Quản lý giải trí và sự kiện,C00,2025,25.6,,THPT
QHK,Trường Khoa học liên ngành và Nghệ thuật Hà Nội,7349002,Quản lý giải trí và sự kiện,D01,2025,25.6,,THPT
QHK,Trường Khoa học liên ngành và Nghệ thuật Hà Nội,7349002,Quản lý giải trí và sự kiện,D09,2025,25.6,,THPT
QHK,Khoa Các khoa học liên ngành - Đại học Quốc gia Hà Nội,7349002,Quản trị kinh doanh (liên kết),D09,2025,24.1,,THPT
QHK,Trường Khoa học liên ngành và Nghệ thuật Hà Nội,7349002,Quản lý giải trí và sự kiện,D10,2025,25.6,,THPT
QHK,Khoa Các khoa học liên ngành - Đại học Quốc gia Hà Nội,7349002,Quản trị kinh doanh (liên kết),D10,2025,24.1,,THPT
QHK,Khoa Các khoa học liên ngành - Đại học Quốc gia Hà Nội,7900204,Quản trị đô thị thông minh và bền vững,A00,2025,23.1,,THPT
QHK,Trường Khoa học liên ngành và Nghệ thuật Hà Nội,7900204,Quản trị đô thị thông minh và bền vững,A00,2025,24.1,,THPT
QHK,Khoa Các khoa học liên ngành - Đại học Quốc gia Hà Nội,7900204,Quản trị đô thị thông minh và bền vững,A01,2025,23.1,,THPT
QHK,Khoa Các khoa học liên ngành - Đại học Quốc gia Hà Nội,7900204,Quản trị đô thị thông minh và bền vững,D01,2025,23.1,,THPT
QHK,Trường Khoa học liên ngành và Nghệ thuật Hà Nội,7900204,Quản trị đô thị thông minh và bền vững,D01,2025,24.1,,THPT
QHK,Khoa Các khoa học liên ngành - Đại học Quốc gia Hà Nội,7900204,Quản trị đô thị thông minh và bền vững,D07,2025,23.1,,THPT
QHK,Trường Khoa học liên ngành và Nghệ thuật Hà Nội,7900204,Quản trị đô thị thông minh và bền vững,D07,2025,24.1,,THPT
QHK,Trường Khoa học liên ngành và Nghệ thuật Hà Nội,7900204,Quản trị đô thị thông minh và bền vững,D10,2025,24.1,,THPT
QHK,Khoa Các khoa học liên ngành - Đại học Quốc gia Hà Nội,7900204,Quản trị đô thị thông minh và bền vững,D10,2025,23.1,,THPT
QHK,Khoa Các khoa học liên ngành - Đại học Quốc gia Hà Nội,7900205,Quản trị tài nguyên di sản,A01,2025,26.38,,THPT
QHK,Khoa Các khoa học liên ngành - Đại học Quốc gia Hà Nội,7900205,Quản trị tài nguyên di sản,C00,2025,26.38,,THPT
QHK,Khoa Các khoa học liên ngành - Đại học Quốc gia Hà Nội,7900205,Quản trị tài nguyên di sản,D01,2025,26.38,,THPT
QHK,Trường Khoa học liên ngành và Nghệ thuật Hà Nội,7900205,Quản trị tài nguyên di sản,D01,2025,24.88,,THPT
QHL,Khoa Luật - Đại học Quốc gia Hà Nội,7380101,Ngành Luật,A01,2025,24.2,,THPT
QHL,Khoa Luật - Đại học Quốc gia Hà Nội,7380101,Ngành Luật,D01,2025,24.2,,THPT
QHL,Khoa Luật - Đại học Quốc gia Hà Nội,7380101CLC,Luật chất lượng cao đáp ứng Thông tư 23,A01,2025,24.2,,THPT
QHL,Khoa Luật - Đại học Quốc gia Hà Nội,7380101CLC,Luật chất lượng cao đáp ứng Thông tư 23,D01,2025,24.2,,THPT
QHL,Khoa Luật - Đại học Quốc gia Hà Nội,7380109,Luật Thương mại Quốc tế,A01,2025,24.0,,THPT
QHL,Khoa Luật - Đại học Quốc gia Hà Nội,7380109,Luật Thương mại Quốc tế,D01,2025,24.0,,THPT
QHL,Khoa Luật - Đại học Quốc gia Hà Nội,7380110,Luật kinh doanh,A01,2025,23.72,,THPT
QHL,Khoa Luật - Đại học Quốc gia Hà Nội,7380110,Luật kinh doanh,D01,2025,23.72,,THPT
QHQ,Trường Quốc Tế - Đại học Quốc Gia Hà Nội,QHQ01,Kinh doanh quốc tế,A00,2025,22.0,,THPT
QHQ,Trường Quốc Tế  - ĐHQG Hà Nội,QHQ01,Kinh doanh quốc tế,A00,2025,22.0,,THPT
QHQ,Trường Quốc Tế  - ĐHQG Hà Nội,QHQ01,Kinh doanh quốc tế,A01,2025,22.0,,THPT
QHQ,Trường Quốc Tế - Đại học Quốc Gia Hà Nội,QHQ01,Kinh doanh quốc tế,A01,2025,22.0,,THPT
QHQ,Trường Quốc Tế  - ĐHQG Hà Nội,QHQ01,Kinh doanh quốc tế,D01,2025,22.0,,THPT
QHQ,Trường Quốc Tế - Đại học Quốc Gia Hà Nội,QHQ01,Kinh doanh quốc tế,D01,2025,22.0,,THPT
QHQ,Trường Quốc Tế  - ĐHQG Hà Nội,QHQ01,Kinh doanh quốc tế,D07,2025,22.0,,THPT
QHQ,Trường Quốc Tế - Đại học Quốc Gia Hà Nội,QHQ01,Kinh doanh quốc tế,D07,2025,22.0,,THPT
QHQ,Trường Quốc Tế - Đại học Quốc Gia Hà Nội,QHQ02,Kế toán. Phân tích và Kiểm toán,A00,2025,20.0,,THPT
QHQ,Trường Quốc Tế  - ĐHQG Hà Nội,QHQ02,"Kế toán, Phân tích và Kiểm toán",A00,2025,20.0,,THPT
QHQ,Trường Quốc Tế  - ĐHQG Hà Nội,QHQ02,"Kế toán, Phân tích và Kiểm toán",A01,2025,20.0,,THPT
QHQ,Trường Quốc Tế - Đại học Quốc Gia Hà Nội,QHQ02,Kế toán. Phân tích và Kiểm toán,A01,2025,20.0,,THPT
QHQ,Trường Quốc Tế  - ĐHQG Hà Nội,QHQ02,"Kế toán, Phân tích và Kiểm toán",D01,2025,20.0,,THPT
QHQ,Trường Quốc Tế - Đại học Quốc Gia Hà Nội,QHQ02,Kế toán. Phân tích và Kiểm toán,D01,2025,20.0,,THPT
QHQ,Trường Quốc Tế  - ĐHQG Hà Nội,QHQ02,"Kế toán, Phân tích và Kiểm toán",D07,2025,20.0,,THPT
QHQ,Trường Quốc Tế - Đại học Quốc Gia Hà Nội,QHQ02,Kế toán. Phân tích và Kiểm toán,D07,2025,20.0,,THPT
QHQ,Trường Quốc Tế - Đại học Quốc Gia Hà Nội,QHQ03,Hệ thống thông tin quản lý,A00,2025,19.5,,THPT
QHQ,Trường Quốc Tế  - ĐHQG Hà Nội,QHQ03,Hệ thống thông tin quản lý,A00,2025,19.5,,THPT
QHQ,Trường Quốc Tế  - ĐHQG Hà Nội,QHQ03,Hệ thống thông tin quản lý,A01,2025,19.5,,THPT
QHQ,Trường Quốc Tế - Đại học Quốc Gia Hà Nội,QHQ03,Hệ thống thông tin quản lý,A01,2025,19.5,,THPT
QHQ,Trường Quốc Tế  - ĐHQG Hà Nội,QHQ03,Hệ thống thông tin quản lý,D01,2025,19.5,,THPT
QHQ,Trường Quốc Tế - Đại học Quốc Gia Hà Nội,QHQ03,Hệ thống thông tin quản lý,D01,2025,19.5,,THPT
QHQ,Trường Quốc Tế  - ĐHQG Hà Nội,QHQ03,Hệ thống thông tin quản lý,D07,2025,19.5,,THPT
QHQ,Trường Quốc Tế - Đại học Quốc Gia Hà Nội,QHQ03,Hệ thống thông tin quản lý,D07,2025,19.5,,THPT
QHQ,Trường Quốc Tế - Đại học Quốc Gia Hà Nội,QHQ04,Tin học và Kỹ thuật máy tính,A00,2025,19.5,,THPT
QHQ,Trường Quốc Tế  - ĐHQG Hà Nội,QHQ04,Tin học và Kỹ thuật máy tính,A00,2025,19.5,,THPT
QHQ,Trường Quốc Tế  - ĐHQG Hà Nội,QHQ04,Tin học và Kỹ thuật máy tính,A01,2025,19.5,,THPT
QHQ,Trường Quốc Tế - Đại học Quốc Gia Hà Nội,QHQ04,Tin học và Kỹ thuật máy tính,A01,2025,19.5,,THPT
QHQ,Trường Quốc Tế  - ĐHQG Hà Nội,QHQ04,Tin học và Kỹ thuật máy tính,D07,2025,19.5,,THPT
QHQ,Trường Quốc Tế - Đại học Quốc Gia Hà Nội,QHQ04,Tin học và Kỹ thuật máy tính,D07,2025,19.5,,THPT
QHQ,Trường Quốc Tế - Đại học Quốc Gia Hà Nội,QHQ05,Phân tích dữ liệu kinh doanh,A00,2025,20.0,,THPT
QHQ,Trường Quốc Tế  - ĐHQG Hà Nội,QHQ05,Phân tích dữ liệu kinh doanh,A00,2025,20.0,,THPT
QHQ,Trường Quốc Tế  - ĐHQG Hà Nội,QHQ05,Phân tích dữ liệu kinh doanh,A01,2025,20.0,,THPT
QHQ,Trường Quốc Tế - Đại học Quốc Gia Hà Nội,QHQ05,Phân tích dữ liệu kinh doanh,A01,2025,20.0,,THPT
QHQ,Trường Quốc Tế  - ĐHQG Hà Nội,QHQ05,Phân tích dữ liệu kinh doanh,D01,2025,20.0,,THPT
QHQ,Trường Quốc Tế - Đại học Quốc Gia Hà Nội,QHQ05,Phân tích dữ liệu kinh doanh,D01,2025,20.0,,THPT
QHQ,Trường Quốc Tế  - ĐHQG Hà Nội,QHQ05,Phân tích dữ liệu kinh doanh,D07,2025,20.0,,THPT
QHQ,Trường Quốc Tế - Đại học Quốc Gia Hà Nội,QHQ05,Phân tích dữ liệu kinh doanh,D07,2025,20.0,,THPT
QHQ,Trường Quốc Tế - Đại học Quốc Gia Hà Nội,QHQ05,Phân tích dữ liệu kinh doanh,D09,2025,20.0,,THPT
QHQ,Trường Quốc Tế - Đại học Quốc Gia Hà Nội,QHQ06,Marketing (CTĐT cấp 2 bằng ĐH của ĐHQGHN và trường ĐH HELP - Malaysia),A00,2025,19.5,,THPT
QHQ,Trường Quốc Tế  - ĐHQG Hà Nội,QHQ06,"Marketing (song bằng do ĐHQGHN và Đại học HELP, Malaysia cùng cấp bằng)",A00,2025,19.5,,THPT
QHQ,Trường Quốc Tế  - ĐHQG Hà Nội,QHQ06,"Marketing (song bằng do ĐHQGHN và Đại học HELP, Malaysia cùng cấp bằng)",A01,2025,19.5,,THPT
QHQ,Trường Quốc Tế - Đại học Quốc Gia Hà Nội,QHQ06,Marketing (CTĐT cấp 2 bằng ĐH của ĐHQGHN và trường ĐH HELP - Malaysia),A01,2025,19.5,,THPT
QHQ,Trường Quốc Tế  - ĐHQG Hà Nội,QHQ06,"Marketing (song bằng do ĐHQGHN và Đại học HELP, Malaysia cùng cấp bằng)",D01,2025,19.5,,THPT
QHQ,Trường Quốc Tế - Đại học Quốc Gia Hà Nội,QHQ06,Marketing (CTĐT cấp 2 bằng ĐH của ĐHQGHN và trường ĐH HELP - Malaysia),D01,2025,19.5,,THPT
QHQ,Trường Quốc Tế  - ĐHQG Hà Nội,QHQ06,"Marketing (song bằng do ĐHQGHN và Đại học HELP, Malaysia cùng cấp bằng)",D07,2025,19.5,,THPT
QHQ,Trường Quốc Tế - Đại học Quốc Gia Hà Nội,QHQ06,Marketing (CTĐT cấp 2 bằng ĐH của ĐHQGHN và trường ĐH HELP - Malaysia),D07,2025,19.5,,THPT
QHQ,Trường Quốc Tế  - ĐHQG Hà Nội,QHQ06,"Marketing (song bằng do ĐHQGHN và Đại học HELP, Malaysia cùng cấp bằng)",D09,2025,19.5,,THPT
QHQ,Trường Quốc Tế - Đại học Quốc Gia Hà Nội,QHQ06,Marketing (CTĐT cấp 2 bằng ĐH của ĐHQGHN và trường ĐH HELP - Malaysia),D09,2025,19.5,,THPT
QHQ,Trường Quốc Tế - Đại học Quốc Gia Hà Nội,QHQ07,Quản lý (CTĐT cấp 2 bằng ĐH của ĐHQGHN và trường ĐH Keuka – Hoa Kỳ),A00,2025,19.0,,THPT
QHQ,Trường Quốc Tế  - ĐHQG Hà Nội,QHQ07,"Quản lý (song bằng do ĐHQGHN và Đại học Keuka, Hoa Kỳ cùng cấp bằng)",A00,2025,19.0,,THPT
QHQ,Trường Quốc Tế  - ĐHQG Hà Nội,QHQ07,"Quản lý (song bằng do ĐHQGHN và Đại học Keuka, Hoa Kỳ cùng cấp bằng)",A01,2025,19.0,,THPT
QHQ,Trường Quốc Tế - Đại học Quốc Gia Hà Nội,QHQ07,Quản lý (CTĐT cấp 2 bằng ĐH của ĐHQGHN và trường ĐH Keuka – Hoa Kỳ),A01,2025,19.0,,THPT
QHQ,Trường Quốc Tế  - ĐHQG Hà Nội,QHQ07,"Quản lý (song bằng do ĐHQGHN và Đại học Keuka, Hoa Kỳ cùng cấp bằng)",D01,2025,19.0,,THPT
QHQ,Trường Quốc Tế - Đại học Quốc Gia Hà Nội,QHQ07,Quản lý (CTĐT cấp 2 bằng ĐH của ĐHQGHN và trường ĐH Keuka – Hoa Kỳ),D01,2025,19.0,,THPT
QHQ,Trường Quốc Tế  - ĐHQG Hà Nội,QHQ07,"Quản lý (song bằng do ĐHQGHN và Đại học Keuka, Hoa Kỳ cùng cấp bằng)",D07,2025,19.0,,THPT
QHQ,Trường Quốc Tế - Đại học Quốc Gia Hà Nội,QHQ07,Quản lý (CTĐT cấp 2 bằng ĐH của ĐHQGHN và trường ĐH Keuka – Hoa Kỳ),D07,2025,19.0,,THPT
QHQ,Trường Quốc Tế  - ĐHQG Hà Nội,QHQ07,"Quản lý (song bằng do ĐHQGHN và Đại học Keuka, Hoa Kỳ cùng cấp bằng)",D09,2025,19.0,,THPT
QHQ,Trường Quốc Tế - Đại học Quốc Gia Hà Nội,QHQ07,Quản lý (CTĐT cấp 2 bằng ĐH của ĐHQGHN và trường ĐH Keuka – Hoa Kỳ),D09,2025,19.0,,THPT
QHQ,Trường Quốc Tế - Đại học Quốc Gia Hà Nội,QHQ08,Tự động hoá và tin học (CTĐT CLC),A00,2025,19.5,,THPT
QHQ,Trường Quốc Tế  - ĐHQG Hà Nội,QHQ08,Tự động hóa và Tin học,A00,2025,19.5,,THPT
QHQ,Trường Quốc Tế  - ĐHQG Hà Nội,QHQ08,Tự động hóa và Tin học,A01,2025,19.5,,THPT
QHQ,Trường Quốc Tế - Đại học Quốc Gia Hà Nội,QHQ08,Tự động hoá và tin học (CTĐT CLC),A01,2025,19.5,,THPT
QHQ,Trường Quốc Tế  - ĐHQG Hà Nội,QHQ08,Tự động hóa và Tin học,D07,2025,19.5,,THPT
QHQ,Trường Quốc Tế - Đại học Quốc Gia Hà Nội,QHQ08,Tự động hoá và tin học (CTĐT CLC),D07,2025,19.5,,THPT
QHQ,Trường Quốc Tế - Đại học Quốc Gia Hà Nội,QHQ09,Ngôn ngữ Anh(chuyên sâu Kinh doanh và CNTT - CTĐT CLC),A01,2025,21.0,,THPT
QHQ,Trường Quốc Tế  - ĐHQG Hà Nội,QHQ09,Ngôn ngữ Anh (chuyên sâu Kinh doanh – Công nghệ thông tin),A01,2025,21.0,,THPT
QHQ,Trường Quốc Tế  - ĐHQG Hà Nội,QHQ09,Ngôn ngữ Anh (chuyên sâu Kinh doanh – Công nghệ thông tin),D01,2025,21.0,,THPT
QHQ,Trường Quốc Tế - Đại học Quốc Gia Hà Nội,QHQ09,Ngôn ngữ Anh(chuyên sâu Kinh doanh và CNTT - CTĐT CLC),D01,2025,21.0,,THPT
QHQ,Trường Quốc Tế  - ĐHQG Hà Nội,QHQ09,Ngôn ngữ Anh (chuyên sâu Kinh doanh – Công nghệ thông tin),D07,2025,21.0,,THPT
QHQ,Trường Quốc Tế - Đại học Quốc Gia Hà Nội,QHQ09,Ngôn ngữ Anh(chuyên sâu Kinh doanh và CNTT - CTĐT CLC),D07,2025,21.0,,THPT
QHQ,Trường Quốc Tế  - ĐHQG Hà Nội,QHQ09,Ngôn ngữ Anh (chuyên sâu Kinh doanh – Công nghệ thông tin),D08,2025,21.0,,THPT
QHQ,Trường Quốc Tế - Đại học Quốc Gia Hà Nội,QHQ09,Ngôn ngữ Anh(chuyên sâu Kinh doanh và CNTT - CTĐT CLC),D08,2025,21.0,,THPT
QHQ,Trường Quốc Tế  - ĐHQG Hà Nội,QHQ09,Ngôn ngữ Anh (chuyên sâu Kinh doanh – Công nghệ thông tin),D09,2025,21.0,,THPT
QHQ,Trường Quốc Tế - Đại học Quốc Gia Hà Nội,QHQ09,Ngôn ngữ Anh(chuyên sâu Kinh doanh và CNTT - CTĐT CLC),D09,2025,21.0,,THPT
QHQ,Trường Quốc Tế  - ĐHQG Hà Nội,QHQ09,Ngôn ngữ Anh (chuyên sâu Kinh doanh – Công nghệ thông tin),D10,2025,21.0,,THPT
QHQ,Trường Quốc Tế - Đại học Quốc Gia Hà Nội,QHQ09,Ngôn ngữ Anh(chuyên sâu Kinh doanh và CNTT - CTĐT CLC),D10,2025,21.0,,THPT
QHQ,Trường Quốc Tế - Đại học Quốc Gia Hà Nội,QHQ10,Công nghệ thông tin ứng dụng,A00,2025,19.5,,THPT
QHQ,Trường Quốc Tế  - ĐHQG Hà Nội,QHQ10,Công nghệ thông tin ứng dụng,A00,2025,19.5,,THPT
QHQ,Trường Quốc Tế  - ĐHQG Hà Nội,QHQ10,Công nghệ thông tin ứng dụng,A01,2025,19.5,,THPT
QHQ,Trường Quốc Tế - Đại học Quốc Gia Hà Nội,QHQ10,Công nghệ thông tin ứng dụng,A01,2025,19.5,,THPT
QHQ,Trường Quốc Tế - Đại học Quốc Gia Hà Nội,QHQ10,Công nghệ thông tin ứng dụng,D01,2025,19.5,,THPT
QHQ,Trường Quốc Tế  - ĐHQG Hà Nội,QHQ10,Công nghệ thông tin ứng dụng,D07,2025,19.5,,THPT
QHQ,Trường Quốc Tế - Đại học Quốc Gia Hà Nội,QHQ10,Công nghệ thông tin ứng dụng,D07,2025,19.5,,THPT
QHQ,Trường Quốc Tế - Đại học Quốc Gia Hà Nội,QHQ11,Công nghệ tài chính và Kinh doanh số,A00,2025,19.5,,THPT
QHQ,Trường Quốc Tế  - ĐHQG Hà Nội,QHQ11,Công nghệ tài chính và Kinh doanh số,A00,2025,19.5,,THPT
QHQ,Trường Quốc Tế  - ĐHQG Hà Nội,QHQ11,Công nghệ tài chính và Kinh doanh số,A01,2025,19.5,,THPT
QHQ,Trường Quốc Tế - Đại học Quốc Gia Hà Nội,QHQ11,Công nghệ tài chính và Kinh doanh số,A01,2025,19.5,,THPT
QHQ,Trường Quốc Tế  - ĐHQG Hà Nội,QHQ11,Công nghệ tài chính và Kinh doanh số,D01,2025,19.5,,THPT
QHQ,Trường Quốc Tế - Đại học Quốc Gia Hà Nội,QHQ11,Công nghệ tài chính và Kinh doanh số,D01,2025,19.5,,THPT
QHQ,Trường Quốc Tế  - ĐHQG Hà Nội,QHQ11,Công nghệ tài chính và Kinh doanh số,D07,2025,19.5,,THPT
QHQ,Trường Quốc Tế - Đại học Quốc Gia Hà Nội,QHQ11,Công nghệ tài chính và Kinh doanh số,D07,2025,19.5,,THPT
QHQ,Trường Quốc Tế - Đại học Quốc Gia Hà Nội,QHQ12,Kỹ thuật hệ thống công nghiệp và Logistics,A00,2025,19.5,,THPT
QHQ,Trường Quốc Tế  - ĐHQG Hà Nội,QHQ12,Kỹ thuật hệ thống công nghiệp và Logistics,A00,2025,19.5,,THPT
QHQ,Trường Quốc Tế  - ĐHQG Hà Nội,QHQ12,Kỹ thuật hệ thống công nghiệp và Logistics,A01,2025,19.5,,THPT
QHQ,Trường Quốc Tế - Đại học Quốc Gia Hà Nội,QHQ12,Kỹ thuật hệ thống công nghiệp và Logistics,A01,2025,19.5,,THPT
QHQ,Trường Quốc Tế  - ĐHQG Hà Nội,QHQ12,Kỹ thuật hệ thống công nghiệp và Logistics,D07,2025,19.5,,THPT
QHQ,Trường Quốc Tế - Đại học Quốc Gia Hà Nội,QHQ12,Kỹ thuật hệ thống công nghiệp và Logistics,D07,2025,19.5,,THPT
QHQ,Trường Quốc Tế - Đại học Quốc Gia Hà Nội,QHQ13,Kinh doanh số,A00,2025,21.0,,THPT
QHQ,Trường Quốc Tế  - ĐHQG Hà Nội,QHQ13,Kinh doanh số,A00,2025,21.0,,THPT
QHQ,Trường Quốc Tế  - ĐHQG Hà Nội,QHQ13,Kinh doanh số,A01,2025,21.0,,THPT
QHQ,Trường Quốc Tế - Đại học Quốc Gia Hà Nội,QHQ13,Kinh doanh số,A01,2025,21.0,,THPT
QHQ,Trường Quốc Tế  - ĐHQG Hà Nội,QHQ13,Kinh doanh số,D01,2025,21.0,,THPT
QHQ,Trường Quốc Tế - Đại học Quốc Gia Hà Nội,QHQ13,Kinh doanh số,D01,2025,21.0,,THPT
QHQ,Trường Quốc Tế  - ĐHQG Hà Nội,QHQ13,Kinh doanh số,D07,2025,21.0,,THPT
QHQ,Trường Quốc Tế - Đại học Quốc Gia Hà Nội,QHQ13,Kinh doanh số,D07,2025,21.0,,THPT
QHQ,Trường Quốc Tế - Đại học Quốc Gia Hà Nội,QHQ14,Truyền thông số,A00,2025,22.0,,THPT
QHQ,Trường Quốc Tế  - ĐHQG Hà Nội,QHQ14,Truyền thông số,A00,2025,22.0,,THPT
QHQ,Trường Quốc Tế  - ĐHQG Hà Nội,QHQ14,Truyền thông số,A01,2025,22.0,,THPT
QHQ,Trường Quốc Tế - Đại học Quốc Gia Hà Nội,QHQ14,Truyền thông số,A01,2025,22.0,,THPT
QHQ,Trường Quốc Tế  - ĐHQG Hà Nội,QHQ14,Truyền thông số,D01,2025,22.0,,THPT
QHQ,Trường Quốc Tế - Đại học Quốc Gia Hà Nội,QHQ14,Truyền thông số,D01,2025,22.0,,THPT
QHQ,Trường Quốc Tế  - ĐHQG Hà Nội,QHQ14,Truyền thông số,D07,2025,22.0,,THPT
QHQ,Trường Quốc Tế - Đại học Quốc Gia Hà Nội,QHQ14,Truyền thông số,D07,2025,22.0,,THPT
QHS,Đại học Giáo dục - Đại học Quốc gia Hà Nội,QHS01,Sư phạm Toán học,A00,2025,28.57,,THPT
QHS,Đại học Giáo dục - Đại học Quốc gia Hà Nội,QHS01,Sư phạm Toán học,B00,2025,28.57,,THPT
QHS,Đại học Giáo dục - Đại học Quốc gia Hà Nội,QHS01,Sư phạm Toán học,D01,2025,28.57,,THPT
QHS,Đại học Giáo dục - Đại học Quốc gia Hà Nội,QHS02,Sư phạm Vật lí,A00,2025,28.0,,THPT
QHS,Đại học Giáo dục - Đại học Quốc gia Hà Nội,QHS02,Sư phạm Vật lí,A01,2025,28.0,,THPT
QHS,Đại học Giáo dục - Đại học Quốc gia Hà Nội,QHS03,Sư phạm Hoá học,A00,2025,27.74,,THPT
QHS,Đại học Giáo dục - Đại học Quốc gia Hà Nội,QHS03,Sư phạm Hoá học,B00,2025,27.74,,THPT
QHS,Đại học Giáo dục - Đại học Quốc gia Hà Nội,QHS03,Sư phạm Hoá học,D07,2025,27.74,,THPT
QHS,Đại học Giáo dục - Đại học Quốc gia Hà Nội,QHS04,Sư phạm Sinh học,B00,2025,25.37,,THPT
QHS,Đại học Giáo dục - Đại học Quốc gia Hà Nội,QHS05,Sư phạm Khoa học Tự nhiên,A00,2025,25.58,,THPT
QHS,Đại học Giáo dục - Đại học Quốc gia Hà Nội,QHS05,Sư phạm Khoa học Tự nhiên,B00,2025,25.58,,THPT
QHS,Đại học Giáo dục - Đại học Quốc gia Hà Nội,QHS06,Sư phạm Ngữ văn,C00,2025,28.45,,THPT
QHS,Đại học Giáo dục - Đại học Quốc gia Hà Nội,QHS06,Sư phạm Ngữ văn,D01,2025,28.45,,THPT
QHS,Đại học Giáo dục - Đại học Quốc gia Hà Nội,QHS07,Sư phạm Lịch sử,C00,2025,28.99,,THPT
QHS,Đại học Giáo dục - Đại học Quốc gia Hà Nội,QHS07,Sư phạm Lịch sử,D09,2025,28.99,,THPT
QHS,Đại học Giáo dục - Đại học Quốc gia Hà Nội,QHS08,Sư phạm Lịch sử - Địa lý,C00,2025,29.84,,THPT
QHS,Đại học Giáo dục - Đại học Quốc gia Hà Nội,QHS09,Giáo dục Tiểu học,A00,2025,28.6,,THPT
QHS,Đại học Giáo dục - Đại học Quốc gia Hà Nội,QHS09,Giáo dục Tiểu học,B00,2025,28.6,,THPT
QHS,Đại học Giáo dục - Đại học Quốc gia Hà Nội,QHS09,Giáo dục Tiểu học,C00,2025,28.6,,THPT
QHS,Đại học Giáo dục - Đại học Quốc gia Hà Nội,QHS09,Giáo dục Tiểu học,D01,2025,28.6,,THPT
QHS,Đại học Giáo dục - Đại học Quốc gia Hà Nội,QHS10,Giáo dục Mầm non,A00,2025,27.8,,THPT
QHS,Đại học Giáo dục - Đại học Quốc gia Hà Nội,QHS10,Giáo dục Mầm non,B00,2025,27.8,,THPT
QHS,Đại học Giáo dục - Đại học Quốc gia Hà Nội,QHS10,Giáo dục Mầm non,C00,2025,27.8,,THPT
QHS,Đại học Giáo dục - Đại học Quốc gia Hà Nội,QHS10,Giáo dục Mầm non,D01,2025,27.8,,THPT
QHS,Đại học Giáo dục - Đại học Quốc gia Hà Nội,QHS11,Khoa học giáo dục,A00,2025,25.75,,THPT
QHS,Đại học Giáo dục - Đại học Quốc gia Hà Nội,QHS11,Khoa học giáo dục,A01,2025,25.75,,THPT
QHS,Đại học Giáo dục - Đại học Quốc gia Hà Nội,QHS11,Khoa học giáo dục,B00,2025,25.75,,THPT
QHS,Đại học Giáo dục - Đại học Quốc gia Hà Nội,QHS11,Khoa học giáo dục,C00,2025,25.75,,THPT
QHS,Đại học Giáo dục - Đại học Quốc gia Hà Nội,QHS11,Khoa học giáo dục,D01,2025,25.75,,THPT
QHT,Đại học Khoa học tự nhiên - Đại học Quốc Gia Hà Nội,QHT01,Toán học,A00,2025,25.9,,THPT
QHT,Trường Đại Học Khoa Học Tự Nhiên Hà Nội,QHT01,Toán học,A00,2025,25.9,,THPT
QHT,Trường Đại Học Khoa Học Tự Nhiên Hà Nội,QHT01,Toán học,A01,2025,25.9,,THPT
QHT,Đại học Khoa học tự nhiên - Đại học Quốc Gia Hà Nội,QHT01,Toán học,A01,2025,25.9,,THPT
QHT,Trường Đại Học Khoa Học Tự Nhiên Hà Nội,QHT01,Toán học,D07,2025,25.9,,THPT
QHT,Đại học Khoa học tự nhiên - Đại học Quốc Gia Hà Nội,QHT01,Toán học,D07,2025,25.9,,THPT
QHT,Trường Đại Học Khoa Học Tự Nhiên Hà Nội,QHT01,Toán học,D08,2025,25.9,,THPT
QHT,Đại học Khoa học tự nhiên - Đại học Quốc Gia Hà Nội,QHT01,Toán học,D08,2025,25.9,,THPT
QHT,Đại học Khoa học tự nhiên - Đại học Quốc Gia Hà Nội,QHT02,Toán tin,A00,2025,25.5,,THPT
QHT,Trường Đại Học Khoa Học Tự Nhiên Hà Nội,QHT02,Toán tin,A00,2025,25.5,,THPT
QHT,Trường Đại Học Khoa Học Tự Nhiên Hà Nội,QHT02,Toán tin,A01,2025,25.5,,THPT
QHT,Đại học Khoa học tự nhiên - Đại học Quốc Gia Hà Nội,QHT02,Toán tin,A01,2025,25.5,,THPT
QHT,Trường Đại Học Khoa Học Tự Nhiên Hà Nội,QHT02,Toán tin,D07,2025,25.5,,THPT
QHT,Đại học Khoa học tự nhiên - Đại học Quốc Gia Hà Nội,QHT02,Toán tin,D07,2025,25.5,,THPT
QHT,Trường Đại Học Khoa Học Tự Nhiên Hà Nội,QHT02,Toán tin,D08,2025,25.5,,THPT
QHT,Đại học Khoa học tự nhiên - Đại học Quốc Gia Hà Nội,QHT02,Toán tin,D08,2025,25.5,,THPT
QHT,Đại học Khoa học tự nhiên - Đại học Quốc Gia Hà Nội,QHT03,Vật lí học,A00,2025,24.65,,THPT
QHT,Trường Đại Học Khoa Học Tự Nhiên Hà Nội,QHT03,Vật lý học,A00,2025,24.65,,THPT
QHT,Trường Đại Học Khoa Học Tự Nhiên Hà Nội,QHT03,Vật lý học,A01,2025,24.65,,THPT
QHT,Đại học Khoa học tự nhiên - Đại học Quốc Gia Hà Nội,QHT03,Vật lí học,A01,2025,24.65,,THPT
QHT,Trường Đại Học Khoa Học Tự Nhiên Hà Nội,QHT03,Vật lý học,B00,2025,24.65,,THPT
QHT,Đại học Khoa học tự nhiên - Đại học Quốc Gia Hà Nội,QHT03,Vật lí học,B00,2025,24.65,,THPT
QHT,Trường Đại Học Khoa Học Tự Nhiên Hà Nội,QHT03,Vật lý học,D07,2025,24.65,,THPT
QHT,Đại học Khoa học tự nhiên - Đại học Quốc Gia Hà Nội,QHT03,Vật lí học,D07,2025,24.65,,THPT
QHT,Đại học Khoa học tự nhiên - Đại học Quốc Gia Hà Nội,QHT04,Khoa học vật liệu,A00,2025,24.2,,THPT
QHT,Trường Đại Học Khoa Học Tự Nhiên Hà Nội,QHT04,Khoa học vật liệu,A00,2025,24.2,,THPT
QHT,Trường Đại Học Khoa Học Tự Nhiên Hà Nội,QHT04,Khoa học vật liệu,A01,2025,24.2,,THPT
QHT,Đại học Khoa học tự nhiên - Đại học Quốc Gia Hà Nội,QHT04,Khoa học vật liệu,A01,2025,24.2,,THPT
QHT,Trường Đại Học Khoa Học Tự Nhiên Hà Nội,QHT04,Khoa học vật liệu,B00,2025,24.2,,THPT
QHT,Đại học Khoa học tự nhiên - Đại học Quốc Gia Hà Nội,QHT04,Khoa học vật liệu,B00,2025,24.2,,THPT
QHT,Trường Đại Học Khoa Học Tự Nhiên Hà Nội,QHT04,Khoa học vật liệu,D07,2025,24.2,,THPT
QHT,Đại học Khoa học tự nhiên - Đại học Quốc Gia Hà Nội,QHT04,Khoa học vật liệu,D07,2025,24.2,,THPT
QHT,Đại học Khoa học tự nhiên - Đại học Quốc Gia Hà Nội,QHT05,Công nghệ kỹ thuật hạt nhân,A00,2025,23.5,,THPT
QHT,Trường Đại Học Khoa Học Tự Nhiên Hà Nội,QHT05,Công nghệ kỹ thuật hạt nhân,A00,2025,23.5,,THPT
QHT,Trường Đại Học Khoa Học Tự Nhiên Hà Nội,QHT05,Công nghệ kỹ thuật hạt nhân,A01,2025,23.5,,THPT
QHT,Đại học Khoa học tự nhiên - Đại học Quốc Gia Hà Nội,QHT05,Công nghệ kỹ thuật hạt nhân,A01,2025,23.5,,THPT
QHT,Trường Đại Học Khoa Học Tự Nhiên Hà Nội,QHT05,Công nghệ kỹ thuật hạt nhân,B00,2025,23.5,,THPT
QHT,Đại học Khoa học tự nhiên - Đại học Quốc Gia Hà Nội,QHT05,Công nghệ kỹ thuật hạt nhân,B00,2025,23.5,,THPT
QHT,Trường Đại Học Khoa Học Tự Nhiên Hà Nội,QHT05,Công nghệ kỹ thuật hạt nhân,D07,2025,23.5,,THPT
QHT,Đại học Khoa học tự nhiên - Đại học Quốc Gia Hà Nội,QHT05,Công nghệ kỹ thuật hạt nhân,D07,2025,23.5,,THPT
QHT,Đại học Khoa học tự nhiên - Đại học Quốc Gia Hà Nội,QHT06,Hoá học,A00,2025,23.9,,THPT
QHT,Trường Đại Học Khoa Học Tự Nhiên Hà Nội,QHT06,Hoá học,A00,2025,23.9,,THPT
QHT,Trường Đại Học Khoa Học Tự Nhiên Hà Nội,QHT06,Hoá học,B00,2025,23.9,,THPT
QHT,Đại học Khoa học tự nhiên - Đại học Quốc Gia Hà Nội,QHT06,Hoá học,B00,2025,23.9,,THPT
QHT,Trường Đại Học Khoa Học Tự Nhiên Hà Nội,QHT06,Hoá học,D07,2025,23.9,,THPT
QHT,Đại học Khoa học tự nhiên - Đại học Quốc Gia Hà Nội,QHT06,Hoá học,D07,2025,23.9,,THPT
QHT,Đại học Khoa học tự nhiên - Đại học Quốc Gia Hà Nội,QHT07,Công nghệ kỹ thuật hoá học,A00,2025,23.45,,THPT
QHT,Trường Đại Học Khoa Học Tự Nhiên Hà Nội,QHT07,Công nghệ kỹ thuật hoá học,A00,2025,23.45,,THPT
QHT,Trường Đại Học Khoa Học Tự Nhiên Hà Nội,QHT07,Công nghệ kỹ thuật hoá học,B00,2025,23.45,,THPT
QHT,Đại học Khoa học tự nhiên - Đại học Quốc Gia Hà Nội,QHT07,Công nghệ kỹ thuật hoá học,B00,2025,23.45,,THPT
QHT,Trường Đại Học Khoa Học Tự Nhiên Hà Nội,QHT07,Công nghệ kỹ thuật hoá học,D07,2025,23.45,,THPT
QHT,Đại học Khoa học tự nhiên - Đại học Quốc Gia Hà Nội,QHT07,Công nghệ kỹ thuật hoá học,D07,2025,23.45,,THPT
QHT,Đại học Khoa học tự nhiên - Đại học Quốc Gia Hà Nội,QHT08,Sinh học,A00,2025,20.05,,THPT
QHT,Trường Đại Học Khoa Học Tự Nhiên Hà Nội,QHT08,Sinh học,A00,2025,20.05,,THPT
QHT,Trường Đại Học Khoa Học Tự Nhiên Hà Nội,QHT08,Sinh học,B00,2025,20.05,,THPT
QHT,Đại học Khoa học tự nhiên - Đại học Quốc Gia Hà Nội,QHT08,Sinh học,B00,2025,20.05,,THPT
QHT,Trường Đại Học Khoa Học Tự Nhiên Hà Nội,QHT08,Sinh học,D07,2025,20.05,,THPT
QHT,Đại học Khoa học tự nhiên - Đại học Quốc Gia Hà Nội,QHT08,Sinh học,D07,2025,20.05,,THPT
QHT,Trường Đại Học Khoa Học Tự Nhiên Hà Nội,QHT08,Sinh học,D08,2025,20.05,,THPT
QHT,Đại học Khoa học tự nhiên - Đại học Quốc Gia Hà Nội,QHT08,Sinh học,D08,2025,20.05,,THPT
QHT,Đại học Khoa học tự nhiên - Đại học Quốc Gia Hà Nội,QHT09,Công nghệ sinh học,A00,2025,22.05,,THPT
QHT,Trường Đại Học Khoa Học Tự Nhiên Hà Nội,QHT09,Công nghệ sinh học,A00,2025,22.05,,THPT
QHT,Trường Đại Học Khoa Học Tự Nhiên Hà Nội,QHT09,Công nghệ sinh học,B00,2025,22.05,,THPT
QHT,Đại học Khoa học tự nhiên - Đại học Quốc Gia Hà Nội,QHT09,Công nghệ sinh học,B00,2025,22.05,,THPT
QHT,Trường Đại Học Khoa Học Tự Nhiên Hà Nội,QHT09,Công nghệ sinh học,D07,2025,22.05,,THPT
QHT,Đại học Khoa học tự nhiên - Đại học Quốc Gia Hà Nội,QHT09,Công nghệ sinh học,D07,2025,22.05,,THPT
QHT,Trường Đại Học Khoa Học Tự Nhiên Hà Nội,QHT09,Công nghệ sinh học,D08,2025,22.05,,THPT
QHT,Đại học Khoa học tự nhiên - Đại học Quốc Gia Hà Nội,QHT09,Công nghệ sinh học,D08,2025,22.05,,THPT
QHT,Đại học Khoa học tự nhiên - Đại học Quốc Gia Hà Nội,QHT10,Địa lí tự nhiên,A00,2025,23.95,,THPT
QHT,Trường Đại Học Khoa Học Tự Nhiên Hà Nội,QHT10,Địa lý tự nhiên,A00,2025,23.95,,THPT
QHT,Trường Đại Học Khoa Học Tự Nhiên Hà Nội,QHT10,Địa lý tự nhiên,A01,2025,23.95,,THPT
QHT,Đại học Khoa học tự nhiên - Đại học Quốc Gia Hà Nội,QHT10,Địa lí tự nhiên,A01,2025,23.95,,THPT
QHT,Trường Đại Học Khoa Học Tự Nhiên Hà Nội,QHT10,Địa lý tự nhiên,B00,2025,23.95,,THPT
QHT,Đại học Khoa học tự nhiên - Đại học Quốc Gia Hà Nội,QHT10,Địa lí tự nhiên,B00,2025,23.95,,THPT
QHT,Trường Đại Học Khoa Học Tự Nhiên Hà Nội,QHT10,Địa lý tự nhiên,D01,2025,23.95,,THPT
QHT,Đại học Khoa học tự nhiên - Đại học Quốc Gia Hà Nội,QHT10,Địa lí tự nhiên,D01,2025,23.95,,THPT
QHT,Trường Đại Học Khoa Học Tự Nhiên Hà Nội,QHT10,Địa lý tự nhiên,D10,2025,23.95,,THPT
QHT,Đại học Khoa học tự nhiên - Đại học Quốc Gia Hà Nội,QHT10,Địa lí tự nhiên,D10,2025,23.95,,THPT
QHT,Đại học Khoa học tự nhiên - Đại học Quốc Gia Hà Nội,QHT12,Quản lý đất đai,A00,2025,22.27,,THPT
QHT,Trường Đại Học Khoa Học Tự Nhiên Hà Nội,QHT12,Quản lý đất đai,A00,2025,22.27,,THPT
QHT,Trường Đại Học Khoa Học Tự Nhiên Hà Nội,QHT12,Quản lý đất đai,A01,2025,22.27,,THPT
QHT,Đại học Khoa học tự nhiên - Đại học Quốc Gia Hà Nội,QHT12,Quản lý đất đai,A01,2025,22.27,,THPT
QHT,Trường Đại Học Khoa Học Tự Nhiên Hà Nội,QHT12,Quản lý đất đai,B00,2025,22.27,,THPT
QHT,Đại học Khoa học tự nhiên - Đại học Quốc Gia Hà Nội,QHT12,Quản lý đất đai,B00,2025,22.27,,THPT
QHT,Trường Đại Học Khoa Học Tự Nhiên Hà Nội,QHT12,Quản lý đất đai,D01,2025,22.27,,THPT
QHT,Đại học Khoa học tự nhiên - Đại học Quốc Gia Hà Nội,QHT12,Quản lý đất đai,D01,2025,22.27,,THPT
QHT,Trường Đại Học Khoa Học Tự Nhiên Hà Nội,QHT12,Quản lý đất đai,D10,2025,22.27,,THPT
QHT,Đại học Khoa học tự nhiên - Đại học Quốc Gia Hà Nội,QHT12,Quản lý đất đai,D10,2025,22.27,,THPT
QHT,Đại học Khoa học tự nhiên - Đại học Quốc Gia Hà Nội,QHT13,Khoa học môi trường,A00,2025,21.25,,THPT
QHT,Trường Đại Học Khoa Học Tự Nhiên Hà Nội,QHT13,Khoa học môi trường,A00,2025,21.25,,THPT
QHT,Trường Đại Học Khoa Học Tự Nhiên Hà Nội,QHT13,Khoa học môi trường,A01,2025,21.25,,THPT
QHT,Đại học Khoa học tự nhiên - Đại học Quốc Gia Hà Nội,QHT13,Khoa học môi trường,A01,2025,21.25,,THPT
QHT,Trường Đại Học Khoa Học Tự Nhiên Hà Nội,QHT13,Khoa học môi trường,B00,2025,21.25,,THPT
QHT,Đại học Khoa học tự nhiên - Đại học Quốc Gia Hà Nội,QHT13,Khoa học môi trường,B00,2025,21.25,,THPT
QHT,Trường Đại Học Khoa Học Tự Nhiên Hà Nội,QHT13,Khoa học môi trường,D01,2025,21.25,,THPT
QHT,Đại học Khoa học tự nhiên - Đại học Quốc Gia Hà Nội,QHT13,Khoa học môi trường,D01,2025,21.25,,THPT
QHT,Trường Đại Học Khoa Học Tự Nhiên Hà Nội,QHT13,Khoa học môi trường,D07,2025,21.25,,THPT
QHT,Đại học Khoa học tự nhiên - Đại học Quốc Gia Hà Nội,QHT13,Khoa học môi trường,D07,2025,21.25,,THPT
QHT,Trường Đại Học Khoa Học Tự Nhiên Hà Nội,QHT13,Khoa học môi trường,D08,2025,21.25,,THPT
QHT,Đại học Khoa học tự nhiên - Đại học Quốc Gia Hà Nội,QHT13,Khoa học môi trường,D08,2025,21.25,,THPT
QHT,Đại học Khoa học tự nhiên - Đại học Quốc Gia Hà Nội,QHT15,Công nghệ kỹ thuật môi trường,A00,2025,21.55,,THPT
QHT,Trường Đại Học Khoa Học Tự Nhiên Hà Nội,QHT15,Công nghệ kỹ thuật môi trường,A00,2025,21.55,,THPT
QHT,Trường Đại Học Khoa Học Tự Nhiên Hà Nội,QHT15,Công nghệ kỹ thuật môi trường,A01,2025,21.55,,THPT
QHT,Đại học Khoa học tự nhiên - Đại học Quốc Gia Hà Nội,QHT15,Công nghệ kỹ thuật môi trường,A01,2025,21.55,,THPT
QHT,Trường Đại Học Khoa Học Tự Nhiên Hà Nội,QHT15,Công nghệ kỹ thuật môi trường,B00,2025,21.55,,THPT
QHT,Đại học Khoa học tự nhiên - Đại học Quốc Gia Hà Nội,QHT15,Công nghệ kỹ thuật môi trường,B00,2025,21.55,,THPT
QHT,Trường Đại Học Khoa Học Tự Nhiên Hà Nội,QHT15,Công nghệ kỹ thuật môi trường,D01,2025,21.55,,THPT
QHT,Đại học Khoa học tự nhiên - Đại học Quốc Gia Hà Nội,QHT15,Công nghệ kỹ thuật môi trường,D01,2025,21.55,,THPT
QHT,Trường Đại Học Khoa Học Tự Nhiên Hà Nội,QHT15,Công nghệ kỹ thuật môi trường,D07,2025,21.55,,THPT
QHT,Đại học Khoa học tự nhiên - Đại học Quốc Gia Hà Nội,QHT15,Công nghệ kỹ thuật môi trường,D07,2025,21.55,,THPT
QHT,Trường Đại Học Khoa Học Tự Nhiên Hà Nội,QHT15,Công nghệ kỹ thuật môi trường,D08,2025,21.55,,THPT
QHT,Đại học Khoa học tự nhiên - Đại học Quốc Gia Hà Nội,QHT15,Công nghệ kỹ thuật môi trường,D08,2025,21.55,,THPT
QHT,Đại học Khoa học tự nhiên - Đại học Quốc Gia Hà Nội,QHT16,Khí tượng và khí hậu học,A00,2025,22.8,,THPT
QHT,Trường Đại Học Khoa Học Tự Nhiên Hà Nội,QHT16,Khí tượng và khí hậu học,A00,2025,22.8,,THPT
QHT,Trường Đại Học Khoa Học Tự Nhiên Hà Nội,QHT16,Khí tượng và khí hậu học,A01,2025,22.8,,THPT
QHT,Đại học Khoa học tự nhiên - Đại học Quốc Gia Hà Nội,QHT16,Khí tượng và khí hậu học,A01,2025,22.8,,THPT
QHT,Trường Đại Học Khoa Học Tự Nhiên Hà Nội,QHT16,Khí tượng và khí hậu học,B00,2025,22.8,,THPT
QHT,Đại học Khoa học tự nhiên - Đại học Quốc Gia Hà Nội,QHT16,Khí tượng và khí hậu học,B00,2025,22.8,,THPT
QHT,Trường Đại Học Khoa Học Tự Nhiên Hà Nội,QHT16,Khí tượng và khí hậu học,D01,2025,22.8,,THPT
QHT,Đại học Khoa học tự nhiên - Đại học Quốc Gia Hà Nội,QHT16,Khí tượng và khí hậu học,D01,2025,22.8,,THPT
QHT,Trường Đại Học Khoa Học Tự Nhiên Hà Nội,QHT16,Khí tượng và khí hậu học,D07,2025,22.8,,THPT
QHT,Đại học Khoa học tự nhiên - Đại học Quốc Gia Hà Nội,QHT16,Khí tượng và khí hậu học,D07,2025,22.8,,THPT
QHT,Trường Đại Học Khoa Học Tự Nhiên Hà Nội,QHT16,Khí tượng và khí hậu học,D10,2025,22.8,,THPT
QHT,Đại học Khoa học tự nhiên - Đại học Quốc Gia Hà Nội,QHT16,Khí tượng và khí hậu học,D10,2025,22.8,,THPT
QHT,Đại học Khoa học tự nhiên - Đại học Quốc Gia Hà Nội,QHT17,Hải dương học,A00,2025,21.5,,THPT
QHT,Trường Đại Học Khoa Học Tự Nhiên Hà Nội,QHT17,Hải dương học,A00,2025,21.5,,THPT
QHT,Trường Đại Học Khoa Học Tự Nhiên Hà Nội,QHT17,Hải dương học,A01,2025,21.5,,THPT
QHT,Đại học Khoa học tự nhiên - Đại học Quốc Gia Hà Nội,QHT17,Hải dương học,A01,2025,21.5,,THPT
QHT,Trường Đại Học Khoa Học Tự Nhiên Hà Nội,QHT17,Hải dương học,B00,2025,21.5,,THPT
QHT,Đại học Khoa học tự nhiên - Đại học Quốc Gia Hà Nội,QHT17,Hải dương học,B00,2025,21.5,,THPT
QHT,Trường Đại Học Khoa Học Tự Nhiên Hà Nội,QHT17,Hải dương học,D01,2025,21.5,,THPT
QHT,Đại học Khoa học tự nhiên - Đại học Quốc Gia Hà Nội,QHT17,Hải dương học,D01,2025,21.5,,THPT
QHT,Trường Đại Học Khoa Học Tự Nhiên Hà Nội,QHT17,Hải dương học,D07,2025,21.5,,THPT
QHT,Đại học Khoa học tự nhiên - Đại học Quốc Gia Hà Nội,QHT17,Hải dương học,D07,2025,21.5,,THPT
QHT,Trường Đại Học Khoa Học Tự Nhiên Hà Nội,QHT17,Hải dương học,D10,2025,21.5,,THPT
QHT,Đại học Khoa học tự nhiên - Đại học Quốc Gia Hà Nội,QHT17,Hải dương học,D10,2025,21.5,,THPT
QHT,Đại học Khoa học tự nhiên - Đại học Quốc Gia Hà Nội,QHT18,Địa chất học,A00,2025,22.05,,THPT
QHT,Trường Đại Học Khoa Học Tự Nhiên Hà Nội,QHT18,Địa chất học,A00,2025,22.05,,THPT
QHT,Trường Đại Học Khoa Học Tự Nhiên Hà Nội,QHT18,Địa chất học,A01,2025,22.05,,THPT
QHT,Đại học Khoa học tự nhiên - Đại học Quốc Gia Hà Nội,QHT18,Địa chất học,A01,2025,22.05,,THPT
QHT,Trường Đại Học Khoa Học Tự Nhiên Hà Nội,QHT18,Địa chất học,B00,2025,22.05,,THPT
QHT,Đại học Khoa học tự nhiên - Đại học Quốc Gia Hà Nội,QHT18,Địa chất học,B00,2025,22.05,,THPT
QHT,Trường Đại Học Khoa Học Tự Nhiên Hà Nội,QHT18,Địa chất học,D01,2025,22.05,,THPT
QHT,Đại học Khoa học tự nhiên - Đại học Quốc Gia Hà Nội,QHT18,Địa chất học,D01,2025,22.05,,THPT
QHT,Trường Đại Học Khoa Học Tự Nhiên Hà Nội,QHT18,Địa chất học,D07,2025,22.05,,THPT
QHT,Đại học Khoa học tự nhiên - Đại học Quốc Gia Hà Nội,QHT18,Địa chất học,D07,2025,22.05,,THPT
QHT,Trường Đại Học Khoa Học Tự Nhiên Hà Nội,QHT18,Địa chất học,D08,2025,22.05,,THPT
QHT,Đại học Khoa học tự nhiên - Đại học Quốc Gia Hà Nội,QHT18,Địa chất học,D08,2025,22.05,,THPT
QHT,Trường Đại Học Khoa Học Tự Nhiên Hà Nội,QHT18,Địa chất học,D09,2025,22.05,,THPT
QHT,Đại học Khoa học tự nhiên - Đại học Quốc Gia Hà Nội,QHT18,Địa chất học,D09,2025,22.05,,THPT
QHT,Trường Đại Học Khoa Học Tự Nhiên Hà Nội,QHT18,Địa chất học,D10,2025,22.05,,THPT
QHT,Đại học Khoa học tự nhiên - Đại học Quốc Gia Hà Nội,QHT18,Địa chất học,D10,2025,22.05,,THPT
QHT,Đại học Khoa học tự nhiên - Đại học Quốc Gia Hà Nội,QHT20,Quản lý tài nguyên và môi trường,A00,2025,22.2,,THPT
QHT,Trường Đại Học Khoa Học Tự Nhiên Hà Nội,QHT20,Quản lý tài nguyên và môi trường,A00,2025,22.2,,THPT
QHT,Trường Đại Học Khoa Học Tự Nhiên Hà Nội,QHT20,Quản lý tài nguyên và môi trường,A01,2025,22.2,,THPT
QHT,Đại học Khoa học tự nhiên - Đại học Quốc Gia Hà Nội,QHT20,Quản lý tài nguyên và môi trường,A01,2025,22.2,,THPT
QHT,Trường Đại Học Khoa Học Tự Nhiên Hà Nội,QHT20,Quản lý tài nguyên và môi trường,B00,2025,22.2,,THPT
QHT,Đại học Khoa học tự nhiên - Đại học Quốc Gia Hà Nội,QHT20,Quản lý tài nguyên và môi trường,B00,2025,22.2,,THPT
QHT,Trường Đại Học Khoa Học Tự Nhiên Hà Nội,QHT20,Quản lý tài nguyên và môi trường,D01,2025,22.2,,THPT
QHT,Đại học Khoa học tự nhiên - Đại học Quốc Gia Hà Nội,QHT20,Quản lý tài nguyên và môi trường,D01,2025,22.2,,THPT
QHT,Trường Đại Học Khoa Học Tự Nhiên Hà Nội,QHT20,Quản lý tài nguyên và môi trường,D07,2025,22.2,,THPT
QHT,Đại học Khoa học tự nhiên - Đại học Quốc Gia Hà Nội,QHT20,Quản lý tài nguyên và môi trường,D07,2025,22.2,,THPT
QHT,Trường Đại Học Khoa Học Tự Nhiên Hà Nội,QHT20,Quản lý tài nguyên và môi trường,D08,2025,22.2,,THPT
QHT,Đại học Khoa học tự nhiên - Đại học Quốc Gia Hà Nội,QHT20,Quản lý tài nguyên và môi trường,D08,2025,22.2,,THPT
QHT,Trường Đại Học Khoa Học Tự Nhiên Hà Nội,QHT20,Quản lý tài nguyên và môi trường,D09,2025,22.2,,THPT
QHT,Đại học Khoa học tự nhiên - Đại học Quốc Gia Hà Nội,QHT20,Quản lý tài nguyên và môi trường,D09,2025,22.2,,THPT
QHT,Trường Đại Học Khoa Học Tự Nhiên Hà Nội,QHT20,Quản lý tài nguyên và môi trường,D10,2025,22.2,,THPT
QHT,Đại học Khoa học tự nhiên - Đại học Quốc Gia Hà Nội,QHT20,Quản lý tài nguyên và môi trường,D10,2025,22.2,,THPT
QHT,Đại học Khoa học tự nhiên - Đại học Quốc Gia Hà Nội,QHT43,Hoá dược**,A00,2025,23.7,,THPT
QHT,Trường Đại Học Khoa Học Tự Nhiên Hà Nội,QHT43,Hoá dược,A00,2025,23.7,,THPT
QHT,Trường Đại Học Khoa Học Tự Nhiên Hà Nội,QHT43,Hoá dược,B00,2025,23.7,,THPT
QHT,Đại học Khoa học tự nhiên - Đại học Quốc Gia Hà Nội,QHT43,Hoá dược**,B00,2025,23.7,,THPT
QHT,Trường Đại Học Khoa Học Tự Nhiên Hà Nội,QHT43,Hoá dược,D07,2025,23.7,,THPT
QHT,Đại học Khoa học tự nhiên - Đại học Quốc Gia Hà Nội,QHT43,Hoá dược**,D07,2025,23.7,,THPT
QHT,Đại học Khoa học tự nhiên - Đại học Quốc Gia Hà Nội,QHT81,Sinh dược học,A00,2025,20.1,,THPT
QHT,Trường Đại Học Khoa Học Tự Nhiên Hà Nội,QHT81,Sinh dược học,A00,2025,20.1,,THPT
QHT,Trường Đại Học Khoa Học Tự Nhiên Hà Nội,QHT81,Sinh dược học,B00,2025,20.1,,THPT
QHT,Đại học Khoa học tự nhiên - Đại học Quốc Gia Hà Nội,QHT81,Sinh dược học,B00,2025,20.1,,THPT
QHT,Trường Đại Học Khoa Học Tự Nhiên Hà Nội,QHT81,Sinh dược học,D07,2025,20.1,,THPT
QHT,Đại học Khoa học tự nhiên - Đại học Quốc Gia Hà Nội,QHT81,Sinh dược học,D07,2025,20.1,,THPT
QHT,Trường Đại Học Khoa Học Tự Nhiên Hà Nội,QHT81,Sinh dược học,D08,2025,20.1,,THPT
QHT,Đại học Khoa học tự nhiên - Đại học Quốc Gia Hà Nội,QHT81,Sinh dược học,D08,2025,20.1,,THPT
QHT,Đại học Khoa học tự nhiên - Đại học Quốc Gia Hà Nội,QHT82,"Môi trường, Sức khỏe và An toàn*",A00,2025,21.2,,THPT
QHT,Trường Đại Học Khoa Học Tự Nhiên Hà Nội,QHT82,"Môi trường, sức khỏe và an toàn",A00,2025,21.2,,THPT
QHT,Trường Đại Học Khoa Học Tự Nhiên Hà Nội,QHT82,"Môi trường, sức khỏe và an toàn",A01,2025,21.2,,THPT
QHT,Đại học Khoa học tự nhiên - Đại học Quốc Gia Hà Nội,QHT82,"Môi trường, Sức khỏe và An toàn*",A01,2025,21.2,,THPT
QHT,Trường Đại Học Khoa Học Tự Nhiên Hà Nội,QHT82,"Môi trường, sức khỏe và an toàn",B00,2025,21.2,,THPT
QHT,Đại học Khoa học tự nhiên - Đại học Quốc Gia Hà Nội,QHT82,"Môi trường, Sức khỏe và An toàn*",B00,2025,21.2,,THPT
QHT,Trường Đại Học Khoa Học Tự Nhiên Hà Nội,QHT82,"Môi trường, sức khỏe và an toàn",D01,2025,21.2,,THPT
QHT,Đại học Khoa học tự nhiên - Đại học Quốc Gia Hà Nội,QHT82,"Môi trường, Sức khỏe và An toàn*",D01,2025,21.2,,THPT
QHT,Trường Đại Học Khoa Học Tự Nhiên Hà Nội,QHT82,"Môi trường, sức khỏe và an toàn",D07,2025,21.2,,THPT
QHT,Đại học Khoa học tự nhiên - Đại học Quốc Gia Hà Nội,QHT82,"Môi trường, Sức khỏe và An toàn*",D07,2025,21.2,,THPT
QHT,Trường Đại Học Khoa Học Tự Nhiên Hà Nội,QHT82,"Môi trường, sức khỏe và an toàn",D08,2025,21.2,,THPT
QHT,Đại học Khoa học tự nhiên - Đại học Quốc Gia Hà Nội,QHT82,"Môi trường, Sức khỏe và An toàn*",D08,2025,21.2,,THPT
QHT,Đại học Khoa học tự nhiên - Đại học Quốc Gia Hà Nội,QHT91,Khoa học thông tin địa không gian*,A00,2025,23.5,,THPT
QHT,Trường Đại Học Khoa Học Tự Nhiên Hà Nội,QHT91,Khoa học thông tin địa không gian,A00,2025,23.5,,THPT
QHT,Trường Đại Học Khoa Học Tự Nhiên Hà Nội,QHT91,Khoa học thông tin địa không gian,A01,2025,23.5,,THPT
QHT,Đại học Khoa học tự nhiên - Đại học Quốc Gia Hà Nội,QHT91,Khoa học thông tin địa không gian*,A01,2025,23.5,,THPT
QHT,Trường Đại Học Khoa Học Tự Nhiên Hà Nội,QHT91,Khoa học thông tin địa không gian,B00,2025,23.5,,THPT
QHT,Đại học Khoa học tự nhiên - Đại học Quốc Gia Hà Nội,QHT91,Khoa học thông tin địa không gian*,B00,2025,23.5,,THPT
QHT,Trường Đại Học Khoa Học Tự Nhiên Hà Nội,QHT91,Khoa học thông tin địa không gian,D01,2025,23.5,,THPT
QHT,Đại học Khoa học tự nhiên - Đại học Quốc Gia Hà Nội,QHT91,Khoa học thông tin địa không gian*,D01,2025,23.5,,THPT
QHT,Trường Đại Học Khoa Học Tự Nhiên Hà Nội,QHT91,Khoa học thông tin địa không gian,D10,2025,23.5,,THPT
QHT,Đại học Khoa học tự nhiên - Đại học Quốc Gia Hà Nội,QHT91,Khoa học thông tin địa không gian*,D10,2025,23.5,,THPT
QHT,Đại học Khoa học tự nhiên - Đại học Quốc Gia Hà Nội,QHT92,Tài nguyên và môi trường nước*,A00,2025,21.1,,THPT
QHT,Trường Đại Học Khoa Học Tự Nhiên Hà Nội,QHT92,Tài nguyên và môi trường nước,A00,2025,21.1,,THPT
QHT,Trường Đại Học Khoa Học Tự Nhiên Hà Nội,QHT92,Tài nguyên và môi trường nước,A01,2025,21.1,,THPT
QHT,Đại học Khoa học tự nhiên - Đại học Quốc Gia Hà Nội,QHT92,Tài nguyên và môi trường nước*,A01,2025,21.1,,THPT
QHT,Trường Đại Học Khoa Học Tự Nhiên Hà Nội,QHT92,Tài nguyên và môi trường nước,B00,2025,21.1,,THPT
QHT,Đại học Khoa học tự nhiên - Đại học Quốc Gia Hà Nội,QHT92,Tài nguyên và môi trường nước*,B00,2025,21.1,,THPT
QHT,Trường Đại Học Khoa Học Tự Nhiên Hà Nội,QHT92,Tài nguyên và môi trường nước,D01,2025,21.1,,THPT
QHT,Đại học Khoa học tự nhiên - Đại học Quốc Gia Hà Nội,QHT92,Tài nguyên và môi trường nước*,D01,2025,21.1,,THPT
QHT,Trường Đại Học Khoa Học Tự Nhiên Hà Nội,QHT92,Tài nguyên và môi trường nước,D07,2025,21.1,,THPT
QHT,Đại học Khoa học tự nhiên - Đại học Quốc Gia Hà Nội,QHT92,Tài nguyên và môi trường nước*,D07,2025,21.1,,THPT
QHT,Trường Đại Học Khoa Học Tự Nhiên Hà Nội,QHT92,Tài nguyên và môi trường nước,D10,2025,21.1,,THPT
QHT,Đại học Khoa học tự nhiên - Đại học Quốc Gia Hà Nội,QHT92,Tài nguyên và môi trường nước*,D10,2025,21.1,,THPT
QHT,Đại học Khoa học tự nhiên - Đại học Quốc Gia Hà Nội,QHT93,Khoa học dữ liệu,A00,2025,26.0,,THPT
QHT,Trường Đại Học Khoa Học Tự Nhiên Hà Nội,QHT93,Khoa học dữ liệu,A00,2025,26.0,,THPT
QHT,Trường Đại Học Khoa Học Tự Nhiên Hà Nội,QHT93,Khoa học dữ liệu,A01,2025,26.0,,THPT
QHT,Đại học Khoa học tự nhiên - Đại học Quốc Gia Hà Nội,QHT93,Khoa học dữ liệu,A01,2025,26.0,,THPT
QHT,Trường Đại Học Khoa Học Tự Nhiên Hà Nội,QHT93,Khoa học dữ liệu,D07,2025,26.0,,THPT
QHT,Đại học Khoa học tự nhiên - Đại học Quốc Gia Hà Nội,QHT93,Khoa học dữ liệu,D07,2025,26.0,,THPT
QHT,Trường Đại Học Khoa Học Tự Nhiên Hà Nội,QHT93,Khoa học dữ liệu,D08,2025,26.0,,THPT
QHT,Đại học Khoa học tự nhiên - Đại học Quốc Gia Hà Nội,QHT93,Khoa học dữ liệu,D08,2025,26.0,,THPT
QHT,Đại học Khoa học tự nhiên - Đại học Quốc Gia Hà Nội,QHT94,Kỹ thuật điện tử và tin học,A00,2025,24.57,,THPT
QHT,Trường Đại Học Khoa Học Tự Nhiên Hà Nội,QHT94,Kỹ thuật điện tử và tin học,A00,2025,24.57,,THPT
QHT,Trường Đại Học Khoa Học Tự Nhiên Hà Nội,QHT94,Kỹ thuật điện tử và tin học,A01,2025,24.57,,THPT
QHT,Đại học Khoa học tự nhiên - Đại học Quốc Gia Hà Nội,QHT94,Kỹ thuật điện tử và tin học,A01,2025,24.57,,THPT
QHT,Trường Đại Học Khoa Học Tự Nhiên Hà Nội,QHT94,Kỹ thuật điện tử và tin học,B00,2025,24.57,,THPT
QHT,Đại học Khoa học tự nhiên - Đại học Quốc Gia Hà Nội,QHT94,Kỹ thuật điện tử và tin học,B00,2025,24.57,,THPT
QHT,Trường Đại Học Khoa Học Tự Nhiên Hà Nội,QHT94,Kỹ thuật điện tử và tin học,D07,2025,24.57,,THPT
QHT,Đại học Khoa học tự nhiên - Đại học Quốc Gia Hà Nội,QHT94,Kỹ thuật điện tử và tin học,D07,2025,24.57,,THPT
QHT,Đại học Khoa học tự nhiên - Đại học Quốc Gia Hà Nội,QHT95,Quản lý phát triển đô thị và bất động sản,A00,2025,22.9,,THPT
QHT,Trường Đại Học Khoa Học Tự Nhiên Hà Nội,QHT95,Quản lý phát triển đô thị và bất động sản,A00,2025,22.9,,THPT
QHT,Trường Đại Học Khoa Học Tự Nhiên Hà Nội,QHT95,Quản lý phát triển đô thị và bất động sản,A01,2025,22.9,,THPT
QHT,Đại học Khoa học tự nhiên - Đại học Quốc Gia Hà Nội,QHT95,Quản lý phát triển đô thị và bất động sản,A01,2025,22.9,,THPT
QHT,Trường Đại Học Khoa Học Tự Nhiên Hà Nội,QHT95,Quản lý phát triển đô thị và bất động sản,B00,2025,22.9,,THPT
QHT,Đại học Khoa học tự nhiên - Đại học Quốc Gia Hà Nội,QHT95,Quản lý phát triển đô thị và bất động sản,B00,2025,22.9,,THPT
QHT,Trường Đại Học Khoa Học Tự Nhiên Hà Nội,QHT95,Quản lý phát triển đô thị và bất động sản,D01,2025,22.9,,THPT
QHT,Đại học Khoa học tự nhiên - Đại học Quốc Gia Hà Nội,QHT95,Quản lý phát triển đô thị và bất động sản,D01,2025,22.9,,THPT
QHT,Trường Đại Học Khoa Học Tự Nhiên Hà Nội,QHT95,Quản lý phát triển đô thị và bất động sản,D10,2025,22.9,,THPT
QHT,Đại học Khoa học tự nhiên - Đại học Quốc Gia Hà Nội,QHT95,Quản lý phát triển đô thị và bất động sản,D10,2025,22.9,,THPT
QHT,Đại học Khoa học tự nhiên - Đại học Quốc Gia Hà Nội,QHT96,Khoa học và công nghệ thực phẩm,A00,2025,22.8,,THPT
QHT,Trường Đại Học Khoa Học Tự Nhiên Hà Nội,QHT96,Khoa học và công nghệ thực phẩm,A00,2025,22.8,,THPT
QHT,Trường Đại Học Khoa Học Tự Nhiên Hà Nội,QHT96,Khoa học và công nghệ thực phẩm,A01,2025,22.8,,THPT
QHT,Đại học Khoa học tự nhiên - Đại học Quốc Gia Hà Nội,QHT96,Khoa học và công nghệ thực phẩm,A01,2025,22.8,,THPT
QHT,Trường Đại Học Khoa Học Tự Nhiên Hà Nội,QHT96,Khoa học và công nghệ thực phẩm,B00,2025,22.8,,THPT
QHT,Đại học Khoa học tự nhiên - Đại học Quốc Gia Hà Nội,QHT96,Khoa học và công nghệ thực phẩm,B00,2025,22.8,,THPT
QHT,Trường Đại Học Khoa Học Tự Nhiên Hà Nội,QHT96,Khoa học và công nghệ thực phẩm,D01,2025,22.8,,THPT
QHT,Đại học Khoa học tự nhiên - Đại học Quốc Gia Hà Nội,QHT96,Khoa học và công nghệ thực phẩm,D01,2025,22.8,,THPT
QHT,Trường Đại Học Khoa Học Tự Nhiên Hà Nội,QHT96,Khoa học và công nghệ thực phẩm,D07,2025,22.8,,THPT
QHT,Đại học Khoa học tự nhiên - Đại học Quốc Gia Hà Nội,QHT96,Khoa học và công nghệ thực phẩm,D07,2025,22.8,,THPT
QHT,Trường Đại Học Khoa Học Tự Nhiên Hà Nội,QHT96,Khoa học và công nghệ thực phẩm,D08,2025,22.8,,THPT
QHT,Đại học Khoa học tự nhiên - Đại học Quốc Gia Hà Nội,QHT96,Khoa học và công nghệ thực phẩm,D08,2025,22.8,,THPT
QHT,Đại học Khoa học tự nhiên - Đại học Quốc Gia Hà Nội,QHT98,Khoa học máy tính và thông tin*,A00,2025,25.35,,THPT
QHT,Trường Đại Học Khoa Học Tự Nhiên Hà Nội,QHT98,Khoa học máy tính và thông tin,A00,2025,25.35,,THPT
QHT,Trường Đại Học Khoa Học Tự Nhiên Hà Nội,QHT98,Khoa học máy tính và thông tin,A01,2025,25.35,,THPT
QHT,Đại học Khoa học tự nhiên - Đại học Quốc Gia Hà Nội,QHT98,Khoa học máy tính và thông tin*,A01,2025,25.35,,THPT
QHT,Trường Đại Học Khoa Học Tự Nhiên Hà Nội,QHT98,Khoa học máy tính và thông tin,D07,2025,25.35,,THPT
QHT,Đại học Khoa học tự nhiên - Đại học Quốc Gia Hà Nội,QHT98,Khoa học máy tính và thông tin*,D07,2025,25.35,,THPT
QHT,Trường Đại Học Khoa Học Tự Nhiên Hà Nội,QHT98,Khoa học máy tính và thông tin,D08,2025,25.35,,THPT
QHT,Đại học Khoa học tự nhiên - Đại học Quốc Gia Hà Nội,QHT98,Khoa học máy tính và thông tin*,D08,2025,25.35,,THPT
QHT,Đại học Khoa học tự nhiên - Đại học Quốc Gia Hà Nội,QHT99,Công nghệ bán dẫn (thuộc ngành Khoa học vật liệu),A00,2025,25.55,,THPT
QHT,Trường Đại Học Khoa Học Tự Nhiên Hà Nội,QHT99,Công nghệ Bán dẫn,A00,2025,25.55,,THPT
QHT,Trường Đại Học Khoa Học Tự Nhiên Hà Nội,QHT99,Công nghệ Bán dẫn,A01,2025,25.55,,THPT
QHT,Đại học Khoa học tự nhiên - Đại học Quốc Gia Hà Nội,QHT99,Công nghệ bán dẫn (thuộc ngành Khoa học vật liệu),A01,2025,25.55,,THPT
QHT,Trường Đại Học Khoa Học Tự Nhiên Hà Nội,QHT99,Công nghệ Bán dẫn,B00,2025,25.55,,THPT
QHT,Đại học Khoa học tự nhiên - Đại học Quốc Gia Hà Nội,QHT99,Công nghệ bán dẫn (thuộc ngành Khoa học vật liệu),B00,2025,25.55,,THPT
QHT,Trường Đại Học Khoa Học Tự Nhiên Hà Nội,QHT99,Công nghệ Bán dẫn,D07,2025,25.55,,THPT
QHT,Đại học Khoa học tự nhiên - Đại học Quốc Gia Hà Nội,QHT99,Công nghệ bán dẫn (thuộc ngành Khoa học vật liệu),D07,2025,25.55,,THPT
QHX,Đại học Khoa học Xã hội và Nhân văn - Đại học Quốc gia Hà Nội,QHX01,Báo chí,C00,2025,28.2,,THPT
QHX,Đại học Khoa học Xã hội và Nhân văn - Đại học Quốc gia Hà Nội,QHX01,Báo chí,D01,2025,24.7,,THPT
QHX,Đại học Khoa học Xã hội và Nhân văn - Đại học Quốc gia Hà Nội,QHX01,Báo chí,D01,2025,28.2,,THPT
QHX,Đại học Khoa học Xã hội và Nhân văn - Đại học Quốc gia Hà Nội,QHX02,Chính trị hoc,C00,2025,26.86,,THPT
QHX,Đại học Khoa học Xã hội và Nhân văn - Đại học Quốc gia Hà Nội,QHX02,Chính trị hoc,D01,2025,25.86,,THPT
QHX,Đại học Khoa học Xã hội và Nhân văn - Đại học Quốc gia Hà Nội,QHX02,Chính trị hoc,D01,2025,26.86,,THPT
QHX,Đại học Khoa học Xã hội và Nhân văn - Đại học Quốc gia Hà Nội,QHX03,Công tác xã hội,C00,2025,26.99,,THPT
QHX,Đại học Khoa học Xã hội và Nhân văn - Đại học Quốc gia Hà Nội,QHX03,Công tác xã hội,D01,2025,24.99,,THPT
QHX,Đại học Khoa học Xã hội và Nhân văn - Đại học Quốc gia Hà Nội,QHX03,Công tác xã hội,D01,2025,26.99,,THPT
QHX,Trường Đại Học Khoa Học Xã Hội và Nhân Văn Hà Nội,QHX04,Điện ảnh và nghệ thuật đại chúng,C00,2025,25.3,,THPT
QHX,Đại học Khoa học Xã hội và Nhân văn - Đại học Quốc gia Hà Nội,QHX04,Đông Nam Á học,D01,2025,21.75,,THPT
QHX,Đại học Khoa học Xã hội và Nhân văn - Đại học Quốc gia Hà Nội,QHX04,Đông Nam Á học,D01,2025,23.25,,THPT
QHX,Đại học Khoa học Xã hội và Nhân văn - Đại học Quốc gia Hà Nội,QHX05,Đông phương học,C00,2025,28.0,,THPT
QHX,Đại học Khoa học Xã hội và Nhân văn - Đại học Quốc gia Hà Nội,QHX05,Đông phương học,D01,2025,28.0,,THPT
QHX,Đại học Khoa học Xã hội và Nhân văn - Đại học Quốc gia Hà Nội,QHX05,Đông phương học,D01,2025,24.5,,THPT
QHX,Đại học Khoa học Xã hội và Nhân văn - Đại học Quốc gia Hà Nội,QHX06,Hán Nôm,C00,2025,25.76,,THPT
QHX,Đại học Khoa học Xã hội và Nhân văn - Đại học Quốc gia Hà Nội,QHX06,Hán Nôm,D01,2025,24.76,,THPT
QHX,Đại học Khoa học Xã hội và Nhân văn - Đại học Quốc gia Hà Nội,QHX06,Hán Nôm,D01,2025,25.76,,THPT
QHX,Đại học Khoa học Xã hội và Nhân văn - Đại học Quốc gia Hà Nội,QHX07,Khoa học quản lý,C00,2025,26.68,,THPT
QHX,Đại học Khoa học Xã hội và Nhân văn - Đại học Quốc gia Hà Nội,QHX07,Khoa học quản lý,D01,2025,26.68,,THPT
QHX,Đại học Khoa học Xã hội và Nhân văn - Đại học Quốc gia Hà Nội,QHX07,Khoa học quản lý,D01,2025,24.18,,THPT
QHX,Đại học Khoa học Xã hội và Nhân văn - Đại học Quốc gia Hà Nội,QHX08,Lich sử,C00,2025,27.3,,THPT
QHX,Đại học Khoa học Xã hội và Nhân văn - Đại học Quốc gia Hà Nội,QHX08,Lich sử,D01,2025,25.8,,THPT
QHX,Đại học Khoa học Xã hội và Nhân văn - Đại học Quốc gia Hà Nội,QHX08,Lich sử,D01,2025,27.3,,THPT
QHX,Đại học Khoa học Xã hội và Nhân văn - Đại học Quốc gia Hà Nội,QHX09,Lưu trữ học,C00,2025,26.04,,THPT
QHX,Đại học Khoa học Xã hội và Nhân văn - Đại học Quốc gia Hà Nội,QHX09,Lưu trữ học,D01,2025,24.54,,THPT
QHX,Đại học Khoa học Xã hội và Nhân văn - Đại học Quốc gia Hà Nội,QHX09,Lưu trữ học,D01,2025,26.04,,THPT
QHX,Đại học Khoa học Xã hội và Nhân văn - Đại học Quốc gia Hà Nội,QHX10,Ngôn ngữ học,C00,2025,26.75,,THPT
QHX,Đại học Khoa học Xã hội và Nhân văn - Đại học Quốc gia Hà Nội,QHX10,Ngôn ngữ học,D01,2025,25.25,,THPT
QHX,Đại học Khoa học Xã hội và Nhân văn - Đại học Quốc gia Hà Nội,QHX10,Ngôn ngữ học,D01,2025,26.75,,THPT
QHX,Đại học Khoa học Xã hội và Nhân văn - Đại học Quốc gia Hà Nội,QHX11,Nhân học,C00,2025,25.8,,THPT
QHX,Đại học Khoa học Xã hội và Nhân văn - Đại học Quốc gia Hà Nội,QHX11,Nhân học,D01,2025,25.8,,THPT
QHX,Đại học Khoa học Xã hội và Nhân văn - Đại học Quốc gia Hà Nội,QHX11,Nhân học,D01,2025,24.3,,THPT
QHX,Trường Đại Học Khoa Học Xã Hội và Nhân Văn Hà Nội,QHX12,Ngôn ngữ học,C00,2025,25.75,,THPT
QHX,Đại học Khoa học Xã hội và Nhân văn - Đại học Quốc gia Hà Nội,QHX12,Nhật Bản học,D01,2025,21.75,,THPT
QHX,Đại học Khoa học Xã hội và Nhân văn - Đại học Quốc gia Hà Nội,QHX13,Quan hệ công chúng,C00,2025,28.95,,THPT
QHX,Đại học Khoa học Xã hội và Nhân văn - Đại học Quốc gia Hà Nội,QHX13,Quan hệ công chúng,D01,2025,25.45,,THPT
QHX,Đại học Khoa học Xã hội và Nhân văn - Đại học Quốc gia Hà Nội,QHX13,Quan hệ công chúng,D01,2025,28.95,,THPT
QHX,Đại học Khoa học Xã hội và Nhân văn - Đại học Quốc gia Hà Nội,QHX14,Quản lý thông tin,C00,2025,26.99,,THPT
QHX,Đại học Khoa học Xã hội và Nhân văn - Đại học Quốc gia Hà Nội,QHX14,Quản lý thông tin,D01,2025,26.99,,THPT
QHX,Đại học Khoa học Xã hội và Nhân văn - Đại học Quốc gia Hà Nội,QHX14,Quản lý thông tin,D01,2025,24.49,,THPT
QHX,Đại học Khoa học Xã hội và Nhân văn - Đại học Quốc gia Hà Nội,QHX15,Quản trị dịch vụ du lịch và lữ hành,C00,2025,27.87,,THPT
QHX,Đại học Khoa học Xã hội và Nhân văn - Đại học Quốc gia Hà Nội,QHX15,Quản trị dịch vụ du lịch và lữ hành,D01,2025,27.87,,THPT
QHX,Đại học Khoa học Xã hội và Nhân văn - Đại học Quốc gia Hà Nội,QHX15,Quản trị dịch vụ du lịch và lữ hành,D01,2025,24.37,,THPT
QHX,Đại học Khoa học Xã hội và Nhân văn - Đại học Quốc gia Hà Nội,QHX16,Quản trị khách sạn,C00,2025,27.49,,THPT
QHX,Đại học Khoa học Xã hội và Nhân văn - Đại học Quốc gia Hà Nội,QHX16,Quản trị khách sạn,D01,2025,27.49,,THPT
QHX,Đại học Khoa học Xã hội và Nhân văn - Đại học Quốc gia Hà Nội,QHX16,Quản trị khách sạn,D01,2025,23.99,,THPT
QHX,Đại học Khoa học Xã hội và Nhân văn - Đại học Quốc gia Hà Nội,QHX17,Quản tri văn phòng,C00,2025,27.43,,THPT
QHX,Đại học Khoa học Xã hội và Nhân văn - Đại học Quốc gia Hà Nội,QHX17,Quản tri văn phòng,D01,2025,24.93,,THPT
QHX,Đại học Khoa học Xã hội và Nhân văn - Đại học Quốc gia Hà Nội,QHX17,Quản tri văn phòng,D01,2025,27.43,,THPT
QHX,Đại học Khoa học Xã hội và Nhân văn - Đại học Quốc gia Hà Nội,QHX18,Quốc tế học,C00,2025,26.5,,THPT
QHX,Đại học Khoa học Xã hội và Nhân văn - Đại học Quốc gia Hà Nội,QHX18,Quốc tế học,D01,2025,23.0,,THPT
QHX,Đại học Khoa học Xã hội và Nhân văn - Đại học Quốc gia Hà Nội,QHX18,Quốc tế học,D01,2025,26.5,,THPT
QHX,Đại học Khoa học Xã hội và Nhân văn - Đại học Quốc gia Hà Nội,QHX19,Tâm lý học,C00,2025,29.0,,THPT
QHX,Đại học Khoa học Xã hội và Nhân văn - Đại học Quốc gia Hà Nội,QHX19,Tâm lý học,D01,2025,29.0,,THPT
QHX,Đại học Khoa học Xã hội và Nhân văn - Đại học Quốc gia Hà Nội,QHX19,Tâm lý học,D01,2025,25.5,,THPT
QHX,Đại học Khoa học Xã hội và Nhân văn - Đại học Quốc gia Hà Nội,QHX20,Thông tin - thư viện,C00,2025,25.41,,THPT
QHX,Đại học Khoa học Xã hội và Nhân văn - Đại học Quốc gia Hà Nội,QHX20,Thông tin - thư viện,D01,2025,23.91,,THPT
QHX,Đại học Khoa học Xã hội và Nhân văn - Đại học Quốc gia Hà Nội,QHX20,Thông tin - thư viện,D01,2025,25.41,,THPT
QHX,Đại học Khoa học Xã hội và Nhân văn - Đại học Quốc gia Hà Nội,QHX21,Tôn giáo học,C00,2025,25.0,,THPT
QHX,Đại học Khoa học Xã hội và Nhân văn - Đại học Quốc gia Hà Nội,QHX21,Tôn giáo học,D01,2025,23.5,,THPT
QHX,Đại học Khoa học Xã hội và Nhân văn - Đại học Quốc gia Hà Nội,QHX21,Tôn giáo học,D01,2025,25.0,,THPT
QHX,Đại học Khoa học Xã hội và Nhân văn - Đại học Quốc gia Hà Nội,QHX22,Triết học,C00,2025,25.89,,THPT
QHX,Đại học Khoa học Xã hội và Nhân văn - Đại học Quốc gia Hà Nội,QHX22,Triết học,D01,2025,24.39,,THPT
QHX,Đại học Khoa học Xã hội và Nhân văn - Đại học Quốc gia Hà Nội,QHX22,Triết học,D01,2025,25.89,,THPT
QHX,Đại học Khoa học Xã hội và Nhân văn - Đại học Quốc gia Hà Nội,QHX23,Văn học,C00,2025,27.5,,THPT
QHX,Đại học Khoa học Xã hội và Nhân văn - Đại học Quốc gia Hà Nội,QHX23,Văn học,D01,2025,25.0,,THPT
QHX,Đại học Khoa học Xã hội và Nhân văn - Đại học Quốc gia Hà Nội,QHX23,Văn học,D01,2025,27.5,,THPT
QHX,Đại học Khoa học Xã hội và Nhân văn - Đại học Quốc gia Hà Nội,QHX24,Việt Nam học,C00,2025,26.62,,THPT
QHX,Đại học Khoa học Xã hội và Nhân văn - Đại học Quốc gia Hà Nội,QHX24,Việt Nam học,D01,2025,26.62,,THPT
QHX,Đại học Khoa học Xã hội và Nhân văn - Đại học Quốc gia Hà Nội,QHX24,Việt Nam học,D01,2025,24.12,,THPT
QHX,Đại học Khoa học Xã hội và Nhân văn - Đại học Quốc gia Hà Nội,QHX25,Xã hội học,C00,2025,27.0,,THPT
QHX,Đại học Khoa học Xã hội và Nhân văn - Đại học Quốc gia Hà Nội,QHX25,Xã hội học,D01,2025,27.0,,THPT
QHX,Đại học Khoa học Xã hội và Nhân văn - Đại học Quốc gia Hà Nội,QHX25,Xã hội học,D01,2025,24.5,,THPT
QHX,Đại học Khoa học Xã hội và Nhân văn - Đại học Quốc gia Hà Nội,QHX26,Hàn Quốc học,C00,2025,27.83,,THPT
QHX,Đại học Khoa học Xã hội và Nhân văn - Đại học Quốc gia Hà Nội,QHX26,Hàn Quốc học,D01,2025,24.33,,THPT
QHX,Đại học Khoa học Xã hội và Nhân văn - Đại học Quốc gia Hà Nội,QHX26,Hàn Quốc học,D01,2025,27.83,,THPT
QHX,Đại học Khoa học Xã hội và Nhân văn - Đại học Quốc gia Hà Nội,QHX27,Văn hóa học,C00,2025,27.22,,THPT
QHX,Đại học Khoa học Xã hội và Nhân văn - Đại học Quốc gia Hà Nội,QHX27,Văn hóa học,D01,2025,27.22,,THPT
QHX,Đại học Khoa học Xã hội và Nhân văn - Đại học Quốc gia Hà Nội,QHX27,Văn hóa học,D01,2025,24.72,,THPT
QHX,Đại học Khoa học Xã hội và Nhân văn - Đại học Quốc gia Hà Nội,QHX28,Điện ảnh và Nghệ thuật đại chúng,C00,2025,27.3,,THPT
QHX,Đại học Khoa học Xã hội và Nhân văn - Đại học Quốc gia Hà Nội,QHX28,Điện ảnh và Nghệ thuật đại chúng,D01,2025,27.3,,THPT
QHX,Đại học Khoa học Xã hội và Nhân văn - Đại học Quốc gia Hà Nội,QHX28,Điện ảnh và Nghệ thuật đại chúng,D01,2025,24.8,,THPT
QHY,Đại học Y Dược - Đại học Quốc Gia Hà Nội,7720101,Y khoa,B00,2025,27.43,,THPT
QHY,Trường Đại học Y Dược - ĐHQG Hà Nội,7720101,Y khoa,B00,2025,26.68,,THPT
QHY,Trường Đại học Y Dược - ĐHQG Hà Nội,7720101,Y khoa,D08,2025,26.68,,THPT
QHY,Đại học Y Dược - Đại học Quốc Gia Hà Nội,7720101,Y khoa,D08,2025,27.43,,THPT
QHY,Đại học Y Dược - Đại học Quốc Gia Hà Nội,7720201,Dược học,A00,2025,23.09,,THPT
QHY,Trường Đại học Y Dược - ĐHQG Hà Nội,7720201,Dược học,A00,2025,21.59,,THPT
QHY,Trường Đại học Y Dược - ĐHQG Hà Nội,7720201,Dược học,D07,2025,21.59,,THPT
QHY,Đại học Y Dược - Đại học Quốc Gia Hà Nội,7720201,Dược học,D07,2025,23.09,,THPT
QHY,Đại học Y Dược - Đại học Quốc Gia Hà Nội,7720301,Điều dưỡng,B00,2025,19.0,,THPT
QHY,Trường Đại học Y Dược - ĐHQG Hà Nội,7720301,Điều dưỡng,B00,2025,17.75,,THPT
QHY,Trường Đại học Y Dược - ĐHQG Hà Nội,7720301,Điều dưỡng,D08,2025,17.75,,THPT
QHY,Đại học Y Dược - Đại học Quốc Gia Hà Nội,7720301,Điều dưỡng,D08,2025,19.0,,THPT
QHY,Đại học Y Dược - Đại học Quốc Gia Hà Nội,7720501,Răng- Hàm -Mặt,B00,2025,26.99,,THPT
QHY,Trường Đại học Y Dược - ĐHQG Hà Nội,7720501,Răng hàm mặt,B00,2025,26.24,,THPT
QHY,Trường Đại học Y Dược - ĐHQG Hà Nội,7720501,Răng hàm mặt,D08,2025,26.24,,THPT
QHY,Đại học Y Dược - Đại học Quốc Gia Hà Nội,7720501,Răng- Hàm -Mặt,D08,2025,26.99,,THPT
QHY,Đại học Y Dược - Đại học Quốc Gia Hà Nội,7720601,Kỹ thuật xét nghiệm y học,B00,2025,21.75,,THPT
QHY,Trường Đại học Y Dược - ĐHQG Hà Nội,7720601,Kĩ thuật xét nghiệm y học,B00,2025,21.75,,THPT
QHY,Trường Đại học Y Dược - ĐHQG Hà Nội,7720601,Kĩ thuật xét nghiệm y học,D08,2025,21.75,,THPT
QHY,Đại học Y Dược - Đại học Quốc Gia Hà Nội,7720601,Kỹ thuật xét nghiệm y học,D08,2025,21.75,,THPT
QHY,Đại học Y Dược - Đại học Quốc Gia Hà Nội,7720602,Kỹ thuật hình ảnh y học,B00,2025,20.35,,THPT
QHY,Trường Đại học Y Dược - ĐHQG Hà Nội,7720602,Kĩ thuật hình ảnh y học,B00,2025,19.1,,THPT
QHY,Trường Đại học Y Dược - ĐHQG Hà Nội,7720602,Kĩ thuật hình ảnh y học,D08,2025,19.1,,THPT
QHY,Đại học Y Dược - Đại học Quốc Gia Hà Nội,7720602,Kỹ thuật hình ảnh y học,D08,2025,20.35,,THPT
QPH,Trường Cao Đẳng Công Nghiệp Quốc Phòng,C340201,- Ngành Tài chính - Ngân hàng,A00,2025,0.0,,THPT
QPH,Trường Cao Đẳng Công Nghiệp Quốc Phòng,C340201,- Ngành Tài chính - Ngân hàng,A01,2025,0.0,,THPT
QPH,Trường Cao Đẳng Công Nghiệp Quốc Phòng,C340201,- Ngành Tài chính - Ngân hàng,D01,2025,0.0,,THPT
QPH,Trường Cao Đẳng Công Nghiệp Quốc Phòng,C340301,- Ngành Kế toán,A00,2025,0.0,,THPT
QPH,Trường Cao Đẳng Công Nghiệp Quốc Phòng,C340301,- Ngành Kế toán,A01,2025,0.0,,THPT
QPH,Trường Cao Đẳng Công Nghiệp Quốc Phòng,C340301,- Ngành Kế toán,D01,2025,0.0,,THPT
QPH,Trường Cao Đẳng Công Nghiệp Quốc Phòng,C480201,- Ngành Công nghệ thông tin,A00,2025,0.0,,THPT
QPH,Trường Cao Đẳng Công Nghiệp Quốc Phòng,C480201,- Ngành Công nghệ thông tin,A01,2025,0.0,,THPT
QPH,Trường Cao Đẳng Công Nghiệp Quốc Phòng,C510201,- Ngành Công nghệ kỹ thuật cơ khí,A00,2025,0.0,,THPT
QPH,Trường Cao Đẳng Công Nghiệp Quốc Phòng,C510201,- Ngành Công nghệ kỹ thuật cơ khí,A01,2025,0.0,,THPT
QPH,Trường Cao Đẳng Công Nghiệp Quốc Phòng,C510301,"- Ngành Công nghệ kỹ thuật điện, điện tử",A00,2025,0.0,,THPT
QPH,Trường Cao Đẳng Công Nghiệp Quốc Phòng,C510301,"- Ngành Công nghệ kỹ thuật điện, điện tử",A01,2025,0.0,,THPT
QSA,Trường Đại Học An Giang,7140201,Giáo dục Mầm non,A00,2025,23.48,,THPT
QSA,Trường Đại Học An Giang,7140201,Giáo dục Mầm non,A01,2025,23.48,,THPT
QSA,Trường Đại Học An Giang,7140201,Giáo dục Mầm non,B00,2025,23.48,,THPT
QSA,Trường Đại Học An Giang,7140201,Giáo dục Mầm non,D01,2025,23.48,,THPT
QSA,Trường Đại Học An Giang,7140201,Giáo dục Mầm non,D07,2025,23.48,,THPT
QSA,Trường Đại Học An Giang,7140201,Giáo dục Mầm non,D09,2025,23.48,,THPT
QSA,Trường Đại Học An Giang,7140201,Giáo dục Mầm non,D10,2025,23.48,,THPT
QSA,Trường Đại Học An Giang,7140202,Giáo dục Tiểu học,A00,2025,23.28,,THPT
QSA,Trường Đại Học An Giang,7140202,Giáo dục Tiểu học,A01,2025,23.28,,THPT
QSA,Trường Đại Học An Giang,7140202,Giáo dục Tiểu học,B00,2025,23.28,,THPT
QSA,Trường Đại Học An Giang,7140202,Giáo dục Tiểu học,D01,2025,23.28,,THPT
QSA,Trường Đại Học An Giang,7140202,Giáo dục Tiểu học,D01,2025,23.28,,THPT
QSA,Đại học An Giang - Đại học Quốc gia TP HCM,7140202,Giáo dục Tiểu học,D01,2025,23.01,,THPT
QSA,Trường Đại Học An Giang,7140202,Giáo dục Tiểu học,D07,2025,23.28,,THPT
QSA,Trường Đại Học An Giang,7140202,Giáo dục Tiểu học,D09,2025,23.28,,THPT
QSA,Trường Đại Học An Giang,7140202,Giáo dục Tiểu học,D10,2025,23.28,,THPT
QSA,Đại học An Giang - Đại học Quốc gia TP HCM,7140205,Giáo dục Chính trị,A00,2025,,,THPT
QSA,Đại học An Giang - Đại học Quốc gia TP HCM,7140205,Giáo dục Chính trị,A00,2025,25.3,,THPT
QSA,Trường Đại Học An Giang,7140205,Giáo dục Chính trị,A00,2025,28.0,,THPT
QSA,Trường Đại Học An Giang,7140205,Giáo dục Chính trị,A00,2025,28.0,,THPT
QSA,Trường Đại Học An Giang,7140205,Giáo dục Chính trị,A01,2025,28.0,,THPT
QSA,Trường Đại Học An Giang,7140205,Giáo dục Chính trị,A01,2025,28.0,,THPT
QSA,Đại học An Giang - Đại học Quốc gia TP HCM,7140205,Giáo dục Chính trị,A01,2025,25.3,,THPT
QSA,Trường Đại Học An Giang,7140205,Giáo dục Chính trị,B00,2025,28.0,,THPT
QSA,Trường Đại Học An Giang,7140205,Giáo dục Chính trị,C00,2025,28.0,,THPT
QSA,Đại học An Giang - Đại học Quốc gia TP HCM,7140205,Giáo dục Chính trị,C00,2025,28.0,,THPT
QSA,Đại học An Giang - Đại học Quốc gia TP HCM,7140205,Giáo dục Chính trị,C00,2025,25.3,,THPT
QSA,Trường Đại Học An Giang,7140205,Giáo dục Chính trị,D01,2025,28.0,,THPT
QSA,Trường Đại Học An Giang,7140205,Giáo dục Chính trị,D01,2025,28.0,,THPT
QSA,Đại học An Giang - Đại học Quốc gia TP HCM,7140205,Giáo dục Chính trị,D01,2025,25.3,,THPT
QSA,Trường Đại Học An Giang,7140205,Giáo dục Chính trị,D07,2025,28.0,,THPT
QSA,Trường Đại Học An Giang,7140205,Giáo dục Chính trị,D09,2025,28.0,,THPT
QSA,Trường Đại Học An Giang,7140205,Giáo dục Chính trị,D10,2025,28.0,,THPT
QSA,Đại học An Giang - Đại học Quốc gia TP HCM,7140209,Sư phạm Toán học,A00,2025,,,THPT
QSA,Đại học An Giang - Đại học Quốc gia TP HCM,7140209,Sư phạm Toán học,A00,2025,26.33,,THPT
QSA,Trường Đại Học An Giang,7140209,Sư phạm Toán học,A00,2025,26.33,,THPT
QSA,Trường Đại Học An Giang,7140209,Sư phạm Toán học,A00,2025,26.33,,THPT
QSA,Trường Đại Học An Giang,7140209,Sư phạm Toán học,A01,2025,26.33,,THPT
QSA,Trường Đại Học An Giang,7140209,Sư phạm Toán học,A01,2025,26.33,,THPT
QSA,Đại học An Giang - Đại học Quốc gia TP HCM,7140209,Sư phạm Toán học,A01,2025,26.33,,THPT
QSA,Trường Đại Học An Giang,7140209,Sư phạm Toán học,B00,2025,26.33,,THPT
QSA,Trường Đại Học An Giang,7140209,Sư phạm Toán học,D01,2025,26.33,,THPT
QSA,Trường Đại Học An Giang,7140209,Sư phạm Toán học,D01,2025,26.33,,THPT
QSA,Đại học An Giang - Đại học Quốc gia TP HCM,7140209,Sư phạm Toán học,D01,2025,26.33,,THPT
QSA,Trường Đại Học An Giang,7140209,Sư phạm Toán học,D07,2025,26.33,,THPT
QSA,Trường Đại Học An Giang,7140209,Sư phạm Toán học,D07,2025,26.33,,THPT
QSA,Đại học An Giang - Đại học Quốc gia TP HCM,7140209,Sư phạm Toán học,D07,2025,26.33,,THPT
QSA,Trường Đại Học An Giang,7140209,Sư phạm Toán học,D09,2025,26.33,,THPT
QSA,Trường Đại Học An Giang,7140209,Sư phạm Toán học,D10,2025,26.33,,THPT
QSA,Đại học An Giang - Đại học Quốc gia TP HCM,7140211,Sư phạm Vật lý,A00,2025,25.32,,THPT
QSA,Đại học An Giang - Đại học Quốc gia TP HCM,7140211,Sư phạm Vật lý,A00,2025,,,THPT
QSA,Trường Đại Học An Giang,7140211,Sư phạm Vật lý,A00,2025,25.32,,THPT
QSA,Trường Đại Học An Giang,7140211,Sư phạm Vật lý,A00,2025,25.32,,THPT
QSA,Trường Đại Học An Giang,7140211,Sư phạm Vật lý,A01,2025,25.32,,THPT
QSA,Trường Đại Học An Giang,7140211,Sư phạm Vật lý,A01,2025,25.32,,THPT
QSA,Đại học An Giang - Đại học Quốc gia TP HCM,7140211,Sư phạm Vật lý,A01,2025,25.32,,THPT
QSA,Trường Đại Học An Giang,7140211,Sư phạm Vật lý,B00,2025,25.32,,THPT
QSA,Trường Đại Học An Giang,7140211,Sư phạm Vật lý,D01,2025,25.32,,THPT
QSA,Trường Đại Học An Giang,7140211,Sư phạm Vật lý,D07,2025,25.32,,THPT
QSA,Trường Đại Học An Giang,7140211,Sư phạm Vật lý,D09,2025,25.32,,THPT
QSA,Trường Đại Học An Giang,7140211,Sư phạm Vật lý,D10,2025,25.32,,THPT
QSA,Đại học An Giang - Đại học Quốc gia TP HCM,7140212,Sư phạm Hóa học,A00,2025,,,THPT
QSA,Đại học An Giang - Đại học Quốc gia TP HCM,7140212,Sư phạm Hóa học,A00,2025,24.92,,THPT
QSA,Trường Đại Học An Giang,7140212,Sư phạm Hóa học,A00,2025,24.75,,THPT
QSA,Trường Đại Học An Giang,7140212,Sư phạm Hóa học,A00,2025,24.75,,THPT
QSA,Trường Đại Học An Giang,7140212,Sư phạm Hóa học,A01,2025,24.75,,THPT
QSA,Trường Đại Học An Giang,7140212,Sư phạm Hóa học,B00,2025,24.75,,THPT
QSA,Trường Đại Học An Giang,7140212,Sư phạm Hóa học,B00,2025,24.75,,THPT
QSA,Đại học An Giang - Đại học Quốc gia TP HCM,7140212,Sư phạm Hóa học,B00,2025,24.92,,THPT
QSA,Trường Đại Học An Giang,7140212,Sư phạm Hóa học,D01,2025,24.75,,THPT
QSA,Trường Đại Học An Giang,7140212,Sư phạm Hóa học,D07,2025,24.75,,THPT
QSA,Trường Đại Học An Giang,7140212,Sư phạm Hóa học,D07,2025,24.75,,THPT
QSA,Đại học An Giang - Đại học Quốc gia TP HCM,7140212,Sư phạm Hóa học,D07,2025,24.92,,THPT
QSA,Trường Đại Học An Giang,7140212,Sư phạm Hóa học,D09,2025,24.75,,THPT
QSA,Trường Đại Học An Giang,7140212,Sư phạm Hóa học,D10,2025,24.75,,THPT
QSA,Trường Đại Học An Giang,7140213,Sư phạm Sinh học,A00,2025,23.49,,THPT
QSA,Trường Đại Học An Giang,7140213,Sư phạm Sinh học,A01,2025,23.49,,THPT
QSA,Trường Đại Học An Giang,7140213,Sư phạm Sinh học,B00,2025,23.49,,THPT
QSA,Trường Đại Học An Giang,7140213,Sư phạm Sinh học,B00,2025,23.49,,THPT
QSA,Đại học An Giang - Đại học Quốc gia TP HCM,7140213,Sư phạm Sinh học,B00,2025,23.49,,THPT
QSA,Trường Đại Học An Giang,7140213,Sư phạm Sinh học,D01,2025,23.49,,THPT
QSA,Trường Đại Học An Giang,7140213,Sư phạm Sinh học,D07,2025,23.49,,THPT
QSA,Trường Đại Học An Giang,7140213,Sư phạm Sinh học,D09,2025,23.49,,THPT
QSA,Trường Đại Học An Giang,7140213,Sư phạm Sinh học,D10,2025,23.49,,THPT
QSA,Trường Đại Học An Giang,7140217,Sư phạm Ngữ văn,A00,2025,24.65,,THPT
QSA,Trường Đại Học An Giang,7140217,Sư phạm Ngữ văn,A01,2025,24.65,,THPT
QSA,Trường Đại Học An Giang,7140217,Sư phạm Ngữ văn,B00,2025,24.65,,THPT
QSA,Đại học An Giang - Đại học Quốc gia TP HCM,7140217,Sư phạm Ngữ văn,C00,2025,24.71,,THPT
QSA,Đại học An Giang - Đại học Quốc gia TP HCM,7140217,Sư phạm Ngữ văn,C00,2025,27.68,,THPT
QSA,Đại học An Giang - Đại học Quốc gia TP HCM,7140217,Sư phạm Ngữ văn,C00,2025,,,THPT
QSA,Trường Đại Học An Giang,7140217,Sư phạm Ngữ văn,C00,2025,24.65,,THPT
QSA,Trường Đại Học An Giang,7140217,Sư phạm Ngữ văn,D01,2025,24.65,,THPT
QSA,Trường Đại Học An Giang,7140217,Sư phạm Ngữ văn,D07,2025,24.65,,THPT
QSA,Trường Đại Học An Giang,7140217,Sư phạm Ngữ văn,D09,2025,24.65,,THPT
QSA,Trường Đại Học An Giang,7140217,Sư phạm Ngữ văn,D10,2025,24.65,,THPT
QSA,Trường Đại Học An Giang,7140218,Sư phạm Lịch sử,A00,2025,25.83,,THPT
QSA,Trường Đại Học An Giang,7140218,Sư phạm Lịch sử,A01,2025,25.83,,THPT
QSA,Trường Đại Học An Giang,7140218,Sư phạm Lịch sử,B00,2025,25.83,,THPT
QSA,Trường Đại Học An Giang,7140218,Sư phạm Lịch sử,C00,2025,25.83,,THPT
QSA,Đại học An Giang - Đại học Quốc gia TP HCM,7140218,Sư phạm Lịch sử,C00,2025,26.28,,THPT
QSA,Đại học An Giang - Đại học Quốc gia TP HCM,7140218,Sư phạm Lịch sử,C00,2025,28.75,,THPT
QSA,Trường Đại Học An Giang,7140218,Sư phạm Lịch sử,D01,2025,25.83,,THPT
QSA,Trường Đại Học An Giang,7140218,Sư phạm Lịch sử,D07,2025,25.83,,THPT
QSA,Trường Đại Học An Giang,7140218,Sư phạm Lịch sử,D09,2025,25.83,,THPT
QSA,Trường Đại Học An Giang,7140218,Sư phạm Lịch sử,D09,2025,25.83,,THPT
QSA,Đại học An Giang - Đại học Quốc gia TP HCM,7140218,Sư phạm Lịch sử,D09,2025,26.28,,THPT
QSA,Trường Đại Học An Giang,7140218,Sư phạm Lịch sử,D10,2025,25.83,,THPT
QSA,Trường Đại Học An Giang,7140219,Sư phạm Địa lý,A00,2025,25.53,,THPT
QSA,Trường Đại Học An Giang,7140219,Sư phạm Địa lý,A01,2025,25.53,,THPT
QSA,Trường Đại Học An Giang,7140219,Sư phạm Địa lý,B00,2025,25.53,,THPT
QSA,Trường Đại Học An Giang,7140219,Sư phạm Địa lý,C00,2025,25.53,,THPT
QSA,Đại học An Giang - Đại học Quốc gia TP HCM,7140219,Sư phạm Địa lý,C00,2025,28.25,,THPT
QSA,Đại học An Giang - Đại học Quốc gia TP HCM,7140219,Sư phạm Địa lý,C00,2025,25.91,,THPT
QSA,Trường Đại Học An Giang,7140219,Sư phạm Địa lý,D01,2025,25.53,,THPT
QSA,Trường Đại Học An Giang,7140219,Sư phạm Địa lý,D07,2025,25.53,,THPT
QSA,Trường Đại Học An Giang,7140219,Sư phạm Địa lý,D09,2025,25.53,,THPT
QSA,Trường Đại Học An Giang,7140219,Sư phạm Địa lý,D10,2025,25.53,,THPT
QSA,Trường Đại Học An Giang,7140219,Sư phạm Địa lý,D10,2025,25.53,,THPT
QSA,Đại học An Giang - Đại học Quốc gia TP HCM,7140219,Sư phạm Địa lý,D10,2025,25.91,,THPT
QSA,Trường Đại Học An Giang,7140231,Sư phạm Tiếng Anh,A00,2025,23.08,,THPT
QSA,Trường Đại Học An Giang,7140231,Sư phạm Tiếng Anh,A01,2025,23.08,,THPT
QSA,Đại học An Giang - Đại học Quốc gia TP HCM,7140231,Sư phạm Tiếng Anh,A01,2025,,,THPT
QSA,Đại học An Giang - Đại học Quốc gia TP HCM,7140231,Sư phạm Tiếng Anh,A01,2025,23.08,,THPT
QSA,Trường Đại Học An Giang,7140231,Sư phạm Tiếng Anh,A01,2025,23.08,,THPT
QSA,Trường Đại Học An Giang,7140231,Sư phạm Tiếng Anh,B00,2025,23.08,,THPT
QSA,Trường Đại Học An Giang,7140231,Sư phạm Tiếng Anh,D01,2025,23.08,,THPT
QSA,Trường Đại Học An Giang,7140231,Sư phạm Tiếng Anh,D01,2025,23.08,,THPT
QSA,Đại học An Giang - Đại học Quốc gia TP HCM,7140231,Sư phạm Tiếng Anh,D01,2025,23.08,,THPT
QSA,Trường Đại Học An Giang,7140231,Sư phạm Tiếng Anh,D07,2025,23.08,,THPT
QSA,Trường Đại Học An Giang,7140231,Sư phạm Tiếng Anh,D09,2025,23.08,,THPT
QSA,Trường Đại Học An Giang,7140231,Sư phạm Tiếng Anh,D09,2025,23.08,,THPT
QSA,Đại học An Giang - Đại học Quốc gia TP HCM,7140231,Sư phạm Tiếng Anh,D09,2025,23.08,,THPT
QSA,Trường Đại Học An Giang,7140231,Sư phạm Tiếng Anh,D10,2025,23.08,,THPT
QSA,Trường Đại Học An Giang,7140231,Sư phạm Tiếng Anh,D10,2025,23.08,,THPT
QSA,Đại học An Giang - Đại học Quốc gia TP HCM,7140231,Sư phạm Tiếng Anh,D10,2025,23.08,,THPT
QSA,Đại học An Giang - Đại học Quốc gia TP HCM,7140247,Sư phạm khoa học tự nhiên,A00,2025,24.48,,THPT
QSA,Đại học An Giang - Đại học Quốc gia TP HCM,7140247,Sư phạm khoa học tự nhiên,A00,2025,,,THPT
QSA,Trường Đại Học An Giang,7140247,Sư phạm Khoa học tự nhiên,A00,2025,24.48,,THPT
QSA,Trường Đại Học An Giang,7140247,Sư phạm Khoa học tự nhiên,A00,2025,24.48,,THPT
QSA,Trường Đại Học An Giang,7140247,Sư phạm Khoa học tự nhiên,A01,2025,24.48,,THPT
QSA,Trường Đại Học An Giang,7140247,Sư phạm Khoa học tự nhiên,A01,2025,24.48,,THPT
QSA,Đại học An Giang - Đại học Quốc gia TP HCM,7140247,Sư phạm khoa học tự nhiên,A01,2025,24.48,,THPT
QSA,Trường Đại Học An Giang,7140247,Sư phạm Khoa học tự nhiên,B00,2025,24.48,,THPT
QSA,Trường Đại Học An Giang,7140247,Sư phạm Khoa học tự nhiên,B00,2025,24.48,,THPT
QSA,Đại học An Giang - Đại học Quốc gia TP HCM,7140247,Sư phạm khoa học tự nhiên,B00,2025,24.48,,THPT
QSA,Trường Đại Học An Giang,7140247,Sư phạm Khoa học tự nhiên,D01,2025,24.48,,THPT
QSA,Trường Đại Học An Giang,7140247,Sư phạm Khoa học tự nhiên,D07,2025,24.48,,THPT
QSA,Trường Đại Học An Giang,7140247,Sư phạm Khoa học tự nhiên,D09,2025,24.48,,THPT
QSA,Trường Đại Học An Giang,7140247,Sư phạm Khoa học tự nhiên,D10,2025,24.48,,THPT
QSA,Trường Đại Học An Giang,7140249,Sư phạm Lịch sử - Địa lý,A00,2025,24.87,,THPT
QSA,Trường Đại Học An Giang,7140249,Sư phạm Lịch sử - Địa lý,A01,2025,24.87,,THPT
QSA,Trường Đại Học An Giang,7140249,Sư phạm Lịch sử - Địa lý,B00,2025,24.87,,THPT
QSA,Trường Đại Học An Giang,7140249,Sư phạm Lịch sử - Địa lý,C00,2025,24.87,,THPT
QSA,Đại học An Giang - Đại học Quốc gia TP HCM,7140249,Sư phạm Lịch sử - Địa lý,C00,2025,25.01,,THPT
QSA,Đại học An Giang - Đại học Quốc gia TP HCM,7140249,Sư phạm Lịch sử - Địa lý,C00,2025,27.75,,THPT
QSA,Trường Đại Học An Giang,7140249,Sư phạm Lịch sử - Địa lý,D01,2025,24.87,,THPT
QSA,Trường Đại Học An Giang,7140249,Sư phạm Lịch sử - Địa lý,D07,2025,24.87,,THPT
QSA,Trường Đại Học An Giang,7140249,Sư phạm Lịch sử - Địa lý,D09,2025,24.87,,THPT
QSA,Trường Đại Học An Giang,7140249,Sư phạm Lịch sử - Địa lý,D10,2025,24.87,,THPT
QSA,Trường Đại Học An Giang,7220201,Ngôn ngữ Anh,A00,2025,16.34,,THPT
QSA,Trường Đại Học An Giang,7220201,Ngôn ngữ Anh,A01,2025,16.34,,THPT
QSA,Đại học An Giang - Đại học Quốc gia TP HCM,7220201,Ngôn ngữ Anh,A01,2025,,,THPT
QSA,Đại học An Giang - Đại học Quốc gia TP HCM,7220201,Ngôn ngữ Anh,A01,2025,16.34,,THPT
QSA,Trường Đại Học An Giang,7220201,Ngôn ngữ Anh,A01,2025,16.34,,THPT
QSA,Trường Đại Học An Giang,7220201,Ngôn ngữ Anh,B00,2025,16.34,,THPT
QSA,Trường Đại Học An Giang,7220201,Ngôn ngữ Anh,D01,2025,16.34,,THPT
QSA,Trường Đại Học An Giang,7220201,Ngôn ngữ Anh,D01,2025,16.34,,THPT
QSA,Đại học An Giang - Đại học Quốc gia TP HCM,7220201,Ngôn ngữ Anh,D01,2025,16.34,,THPT
QSA,Trường Đại Học An Giang,7220201,Ngôn ngữ Anh,D07,2025,16.34,,THPT
QSA,Trường Đại Học An Giang,7220201,Ngôn ngữ Anh,D09,2025,16.34,,THPT
QSA,Trường Đại Học An Giang,7220201,Ngôn ngữ Anh,D09,2025,16.34,,THPT
QSA,Đại học An Giang - Đại học Quốc gia TP HCM,7220201,Ngôn ngữ Anh,D09,2025,16.34,,THPT
QSA,Trường Đại Học An Giang,7220201,Ngôn ngữ Anh,D10,2025,16.34,,THPT
QSA,Trường Đại Học An Giang,7220201,Ngôn ngữ Anh,D10,2025,16.34,,THPT
QSA,Đại học An Giang - Đại học Quốc gia TP HCM,7220201,Ngôn ngữ Anh,D10,2025,16.34,,THPT
QSA,Đại học An Giang - Đại học Quốc gia TP HCM,7229001,Triết học,A00,2025,21.52,,THPT
QSA,Đại học An Giang - Đại học Quốc gia TP HCM,7229001,Triết học,A00,2025,,,THPT
QSA,Trường Đại Học An Giang,7229001,Triết học,A00,2025,24.8,,THPT
QSA,Trường Đại Học An Giang,7229001,Triết học,A00,2025,24.8,,THPT
QSA,Trường Đại Học An Giang,7229001,Triết học,A01,2025,24.8,,THPT
QSA,Trường Đại Học An Giang,7229001,Triết học,A01,2025,24.8,,THPT
QSA,Đại học An Giang - Đại học Quốc gia TP HCM,7229001,Triết học,A01,2025,21.52,,THPT
QSA,Trường Đại Học An Giang,7229001,Triết học,B00,2025,24.8,,THPT
QSA,Trường Đại Học An Giang,7229001,Triết học,C00,2025,24.8,,THPT
QSA,Đại học An Giang - Đại học Quốc gia TP HCM,7229001,Triết học,C00,2025,21.52,,THPT
QSA,Đại học An Giang - Đại học Quốc gia TP HCM,7229001,Triết học,C00,2025,24.8,,THPT
QSA,Trường Đại Học An Giang,7229001,Triết học,D01,2025,24.8,,THPT
QSA,Trường Đại Học An Giang,7229001,Triết học,D01,2025,24.8,,THPT
QSA,Đại học An Giang - Đại học Quốc gia TP HCM,7229001,Triết học,D01,2025,21.52,,THPT
QSA,Trường Đại Học An Giang,7229001,Triết học,D07,2025,24.8,,THPT
QSA,Trường Đại Học An Giang,7229001,Triết học,D09,2025,24.8,,THPT
QSA,Trường Đại Học An Giang,7229001,Triết học,D10,2025,24.8,,THPT
QSA,Đại học An Giang - Đại học Quốc gia TP HCM,7229001,Triết học,D10,2025,21.52,,THPT
QSA,Trường Đại Học An Giang,7229030,Văn học,A00,2025,26.0,,THPT
QSA,Trường Đại Học An Giang,7229030,Văn học,A01,2025,26.0,,THPT
QSA,Trường Đại Học An Giang,7229030,Văn học,B00,2025,26.0,,THPT
QSA,Đại học An Giang - Đại học Quốc gia TP HCM,7229030,Văn học,C00,2025,,,THPT
QSA,Đại học An Giang - Đại học Quốc gia TP HCM,7229030,Văn học,C00,2025,26.0,,THPT
QSA,Đại học An Giang - Đại học Quốc gia TP HCM,7229030,Văn học,C00,2025,22.72,,THPT
QSA,Trường Đại Học An Giang,7229030,Văn học,C00,2025,26.0,,THPT
QSA,Trường Đại Học An Giang,7229030,Văn học,D01,2025,26.0,,THPT
QSA,Trường Đại Học An Giang,7229030,Văn học,D07,2025,26.0,,THPT
QSA,Trường Đại Học An Giang,7229030,Văn học,D09,2025,26.0,,THPT
QSA,Trường Đại Học An Giang,7229030,Văn học,D10,2025,26.0,,THPT
QSA,Đại học An Giang - Đại học Quốc gia TP HCM,7310106,Kinh tế quốc tế,A00,2025,,,THPT
QSA,Đại học An Giang - Đại học Quốc gia TP HCM,7310106,Kinh tế quốc tế,A00,2025,16.0,,THPT
QSA,Trường Đại Học An Giang,7310106,Kinh tế quốc tế,A00,2025,16.0,,THPT
QSA,Trường Đại Học An Giang,7310106,Kinh tế quốc tế,A00,2025,16.0,,THPT
QSA,Trường Đại Học An Giang,7310106,Kinh tế quốc tế,A01,2025,16.0,,THPT
QSA,Trường Đại Học An Giang,7310106,Kinh tế quốc tế,A01,2025,16.0,,THPT
QSA,Đại học An Giang - Đại học Quốc gia TP HCM,7310106,Kinh tế quốc tế,A01,2025,16.0,,THPT
QSA,Trường Đại Học An Giang,7310106,Kinh tế quốc tế,B00,2025,16.0,,THPT
QSA,Trường Đại Học An Giang,7310106,Kinh tế quốc tế,D01,2025,16.0,,THPT
QSA,Trường Đại Học An Giang,7310106,Kinh tế quốc tế,D01,2025,16.0,,THPT
QSA,Đại học An Giang - Đại học Quốc gia TP HCM,7310106,Kinh tế quốc tế,D01,2025,16.0,,THPT
QSA,Trường Đại Học An Giang,7310106,Kinh tế quốc tế,D07,2025,16.0,,THPT
QSA,Trường Đại Học An Giang,7310106,Kinh tế quốc tế,D09,2025,16.0,,THPT
QSA,Trường Đại Học An Giang,7310106,Kinh tế quốc tế,D10,2025,16.0,,THPT
QSA,Trường Đại Học An Giang,7310630,Việt Nam học,A00,2025,23.13,,THPT
QSA,Trường Đại Học An Giang,7310630,Việt Nam học,A01,2025,23.13,,THPT
QSA,Trường Đại Học An Giang,7310630,Việt Nam học,B00,2025,23.13,,THPT
QSA,Đại học An Giang - Đại học Quốc gia TP HCM,7310630,Việt Nam học,C00,2025,23.13,,THPT
QSA,Đại học An Giang - Đại học Quốc gia TP HCM,7310630,Việt Nam học,C00,2025,19.8,,THPT
QSA,Đại học An Giang - Đại học Quốc gia TP HCM,7310630,Việt Nam học,C00,2025,,,THPT
QSA,Trường Đại Học An Giang,7310630,Việt Nam học,C00,2025,23.13,,THPT
QSA,Trường Đại Học An Giang,7310630,Việt Nam học,D01,2025,23.13,,THPT
QSA,Trường Đại Học An Giang,7310630,Việt Nam học,D01,2025,23.13,,THPT
QSA,Đại học An Giang - Đại học Quốc gia TP HCM,7310630,Việt Nam học,D01,2025,19.8,,THPT
QSA,Trường Đại Học An Giang,7310630,Việt Nam học,D07,2025,23.13,,THPT
QSA,Trường Đại Học An Giang,7310630,Việt Nam học,D09,2025,23.13,,THPT
QSA,Trường Đại Học An Giang,7310630,Việt Nam học,D10,2025,23.13,,THPT
QSA,Đại học An Giang - Đại học Quốc gia TP HCM,7340101,Quản trị Kinh doanh,A00,2025,16.5,,THPT
QSA,Đại học An Giang - Đại học Quốc gia TP HCM,7340101,Quản trị Kinh doanh,A00,2025,,,THPT
QSA,Trường Đại Học An Giang,7340101,Quản trị kinh doanh,A00,2025,16.5,,THPT
QSA,Trường Đại Học An Giang,7340101,Quản trị kinh doanh,A00,2025,16.5,,THPT
QSA,Trường Đại Học An Giang,7340101,Quản trị kinh doanh,A01,2025,16.5,,THPT
QSA,Trường Đại Học An Giang,7340101,Quản trị kinh doanh,A01,2025,16.5,,THPT
QSA,Đại học An Giang - Đại học Quốc gia TP HCM,7340101,Quản trị Kinh doanh,A01,2025,16.5,,THPT
QSA,Trường Đại Học An Giang,7340101,Quản trị kinh doanh,B00,2025,16.5,,THPT
QSA,Trường Đại Học An Giang,7340101,Quản trị kinh doanh,D01,2025,16.5,,THPT
QSA,Trường Đại Học An Giang,7340101,Quản trị kinh doanh,D01,2025,16.5,,THPT
QSA,Đại học An Giang - Đại học Quốc gia TP HCM,7340101,Quản trị Kinh doanh,D01,2025,16.5,,THPT
QSA,Trường Đại Học An Giang,7340101,Quản trị kinh doanh,D07,2025,16.5,,THPT
QSA,Trường Đại Học An Giang,7340101,Quản trị kinh doanh,D09,2025,16.5,,THPT
QSA,Trường Đại Học An Giang,7340101,Quản trị kinh doanh,D10,2025,16.5,,THPT
QSA,Đại học An Giang - Đại học Quốc gia TP HCM,7340115,Marketing,A00,2025,,,THPT
QSA,Đại học An Giang - Đại học Quốc gia TP HCM,7340115,Marketing,A00,2025,17.0,,THPT
QSA,Trường Đại Học An Giang,7340115,Marketing,A00,2025,17.0,,THPT
QSA,Trường Đại Học An Giang,7340115,Marketing,A00,2025,17.0,,THPT
QSA,Trường Đại Học An Giang,7340115,Marketing,A01,2025,17.0,,THPT
QSA,Trường Đại Học An Giang,7340115,Marketing,A01,2025,17.0,,THPT
QSA,Đại học An Giang - Đại học Quốc gia TP HCM,7340115,Marketing,A01,2025,17.0,,THPT
QSA,Trường Đại Học An Giang,7340115,Marketing,B00,2025,17.0,,THPT
QSA,Trường Đại Học An Giang,7340115,Marketing,D01,2025,17.0,,THPT
QSA,Trường Đại Học An Giang,7340115,Marketing,D01,2025,17.0,,THPT
QSA,Đại học An Giang - Đại học Quốc gia TP HCM,7340115,Marketing,D01,2025,17.0,,THPT
QSA,Trường Đại Học An Giang,7340115,Marketing,D07,2025,17.0,,THPT
QSA,Trường Đại Học An Giang,7340115,Marketing,D09,2025,17.0,,THPT
QSA,Trường Đại Học An Giang,7340115,Marketing,D10,2025,17.0,,THPT
QSA,Đại học An Giang - Đại học Quốc gia TP HCM,7340201,Tài chính – Ngân hàng,A00,2025,,,THPT
QSA,Đại học An Giang - Đại học Quốc gia TP HCM,7340201,Tài chính – Ngân hàng,A00,2025,16.0,,THPT
QSA,Trường Đại Học An Giang,7340201,Tài chính - Ngân hàng,A00,2025,16.0,,THPT
QSA,Trường Đại Học An Giang,7340201,Tài chính - Ngân hàng,A00,2025,16.0,,THPT
QSA,Trường Đại Học An Giang,7340201,Tài chính - Ngân hàng,A01,2025,16.0,,THPT
QSA,Trường Đại Học An Giang,7340201,Tài chính - Ngân hàng,A01,2025,16.0,,THPT
QSA,Đại học An Giang - Đại học Quốc gia TP HCM,7340201,Tài chính – Ngân hàng,A01,2025,16.0,,THPT
QSA,Trường Đại Học An Giang,7340201,Tài chính - Ngân hàng,B00,2025,16.0,,THPT
QSA,Trường Đại Học An Giang,7340201,Tài chính - Ngân hàng,D01,2025,16.0,,THPT
QSA,Trường Đại Học An Giang,7340201,Tài chính - Ngân hàng,D01,2025,16.0,,THPT
QSA,Đại học An Giang - Đại học Quốc gia TP HCM,7340201,Tài chính – Ngân hàng,D01,2025,16.0,,THPT
QSA,Trường Đại Học An Giang,7340201,Tài chính - Ngân hàng,D07,2025,16.0,,THPT
QSA,Trường Đại Học An Giang,7340201,Tài chính - Ngân hàng,D09,2025,16.0,,THPT
QSA,Trường Đại Học An Giang,7340201,Tài chính - Ngân hàng,D10,2025,16.0,,THPT
QSA,Đại học An Giang - Đại học Quốc gia TP HCM,7340301,Kế toán,A00,2025,,,THPT
QSA,Đại học An Giang - Đại học Quốc gia TP HCM,7340301,Kế toán,A00,2025,16.5,,THPT
QSA,Trường Đại Học An Giang,7340301,Kế toán,A00,2025,16.5,,THPT
QSA,Trường Đại Học An Giang,7340301,Kế toán,A00,2025,16.5,,THPT
QSA,Trường Đại Học An Giang,7340301,Kế toán,A01,2025,16.5,,THPT
QSA,Trường Đại Học An Giang,7340301,Kế toán,A01,2025,16.5,,THPT
QSA,Đại học An Giang - Đại học Quốc gia TP HCM,7340301,Kế toán,A01,2025,16.5,,THPT
QSA,Trường Đại Học An Giang,7340301,Kế toán,B00,2025,16.5,,THPT
QSA,Trường Đại Học An Giang,7340301,Kế toán,D01,2025,16.5,,THPT
QSA,Trường Đại Học An Giang,7340301,Kế toán,D01,2025,16.5,,THPT
QSA,Đại học An Giang - Đại học Quốc gia TP HCM,7340301,Kế toán,D01,2025,16.5,,THPT
QSA,Trường Đại Học An Giang,7340301,Kế toán,D07,2025,16.5,,THPT
QSA,Trường Đại Học An Giang,7340301,Kế toán,D09,2025,16.5,,THPT
QSA,Trường Đại Học An Giang,7340301,Kế toán,D10,2025,16.5,,THPT
QSA,Trường Đại Học An Giang,7380101,Luật,A00,2025,19.0,,THPT
QSA,Trường Đại Học An Giang,7380101,Luật,A01,2025,19.0,,THPT
QSA,Đại học An Giang - Đại học Quốc gia TP HCM,7380101,Ngành Luật,A01,2025,19.0,,THPT
QSA,Đại học An Giang - Đại học Quốc gia TP HCM,7380101,Ngành Luật,A01,2025,,,THPT
QSA,Trường Đại Học An Giang,7380101,Luật,A01,2025,19.0,,THPT
QSA,Trường Đại Học An Giang,7380101,Luật,B00,2025,19.0,,THPT
QSA,Trường Đại Học An Giang,7380101,Luật,D01,2025,19.0,,THPT
QSA,Trường Đại Học An Giang,7380101,Luật,D01,2025,19.0,,THPT
QSA,Đại học An Giang - Đại học Quốc gia TP HCM,7380101,Ngành Luật,D01,2025,19.0,,THPT
QSA,Trường Đại Học An Giang,7380101,Luật,D07,2025,19.0,,THPT
QSA,Trường Đại Học An Giang,7380101,Luật,D07,2025,19.0,,THPT
QSA,Đại học An Giang - Đại học Quốc gia TP HCM,7380101,Ngành Luật,D07,2025,19.0,,THPT
QSA,Trường Đại Học An Giang,7380101,Luật,D09,2025,19.0,,THPT
QSA,Trường Đại Học An Giang,7380101,Luật,D09,2025,19.0,,THPT
QSA,Đại học An Giang - Đại học Quốc gia TP HCM,7380101,Ngành Luật,D09,2025,19.0,,THPT
QSA,Trường Đại Học An Giang,7380101,Luật,D10,2025,19.0,,THPT
QSA,Trường Đại Học An Giang,7380101,Luật,D10,2025,19.0,,THPT
QSA,Đại học An Giang - Đại học Quốc gia TP HCM,7380101,Ngành Luật,D10,2025,19.0,,THPT
QSA,Đại học An Giang - Đại học Quốc gia TP HCM,7420201,Công nghệ sinh học,A00,2025,16.0,,THPT
QSA,Đại học An Giang - Đại học Quốc gia TP HCM,7420201,Công nghệ sinh học,A00,2025,,,THPT
QSA,Trường Đại Học An Giang,7420201,Công nghệ sinh học,A00,2025,16.0,,THPT
QSA,Trường Đại Học An Giang,7420201,Công nghệ sinh học,A00,2025,16.0,,THPT
QSA,Trường Đại Học An Giang,7420201,Công nghệ sinh học,A01,2025,16.0,,THPT
QSA,Trường Đại Học An Giang,7420201,Công nghệ sinh học,B00,2025,16.0,,THPT
QSA,Trường Đại Học An Giang,7420201,Công nghệ sinh học,B00,2025,16.0,,THPT
QSA,Đại học An Giang - Đại học Quốc gia TP HCM,7420201,Công nghệ sinh học,B00,2025,16.0,,THPT
QSA,Trường Đại Học An Giang,7420201,Công nghệ sinh học,D01,2025,16.0,,THPT
QSA,Trường Đại Học An Giang,7420201,Công nghệ sinh học,D07,2025,16.0,,THPT
QSA,Trường Đại Học An Giang,7420201,Công nghệ sinh học,D09,2025,16.0,,THPT
QSA,Trường Đại Học An Giang,7420201,Công nghệ sinh học,D10,2025,16.0,,THPT
QSA,Đại học An Giang - Đại học Quốc gia TP HCM,7480103,Kỹ thuật phần mềm,A00,2025,,,THPT
QSA,Đại học An Giang - Đại học Quốc gia TP HCM,7480103,Kỹ thuật phần mềm,A00,2025,16.0,,THPT
QSA,Trường Đại Học An Giang,7480103,Kỹ thuật phần mềm,A00,2025,16.0,,THPT
QSA,Trường Đại Học An Giang,7480103,Kỹ thuật phần mềm,A00,2025,16.0,,THPT
QSA,Trường Đại Học An Giang,7480103,Kỹ thuật phần mềm,A01,2025,16.0,,THPT
QSA,Trường Đại Học An Giang,7480103,Kỹ thuật phần mềm,A01,2025,16.0,,THPT
QSA,Đại học An Giang - Đại học Quốc gia TP HCM,7480103,Kỹ thuật phần mềm,A01,2025,16.0,,THPT
QSA,Trường Đại Học An Giang,7480103,Kỹ thuật phần mềm,B00,2025,16.0,,THPT
QSA,Trường Đại Học An Giang,7480103,Kỹ thuật phần mềm,D01,2025,16.0,,THPT
QSA,Trường Đại Học An Giang,7480103,Kỹ thuật phần mềm,D01,2025,16.0,,THPT
QSA,Đại học An Giang - Đại học Quốc gia TP HCM,7480103,Kỹ thuật phần mềm,D01,2025,16.0,,THPT
QSA,Trường Đại Học An Giang,7480103,Kỹ thuật phần mềm,D07,2025,16.0,,THPT
QSA,Trường Đại Học An Giang,7480103,Kỹ thuật phần mềm,D09,2025,16.0,,THPT
QSA,Trường Đại Học An Giang,7480103,Kỹ thuật phần mềm,D10,2025,16.0,,THPT
QSA,Đại học An Giang - Đại học Quốc gia TP HCM,7480201,Công nghệ thông tin,A00,2025,16.0,,THPT
QSA,Đại học An Giang - Đại học Quốc gia TP HCM,7480201,Công nghệ thông tin,A00,2025,,,THPT
QSA,Trường Đại Học An Giang,7480201,Công nghệ thông tin,A00,2025,16.0,,THPT
QSA,Trường Đại Học An Giang,7480201,Công nghệ thông tin,A00,2025,16.0,,THPT
QSA,Trường Đại Học An Giang,7480201,Công nghệ thông tin,A01,2025,16.0,,THPT
QSA,Trường Đại Học An Giang,7480201,Công nghệ thông tin,A01,2025,16.0,,THPT
QSA,Đại học An Giang - Đại học Quốc gia TP HCM,7480201,Công nghệ thông tin,A01,2025,16.0,,THPT
QSA,Trường Đại Học An Giang,7480201,Công nghệ thông tin,B00,2025,16.0,,THPT
QSA,Trường Đại Học An Giang,7480201,Công nghệ thông tin,D01,2025,16.0,,THPT
QSA,Trường Đại Học An Giang,7480201,Công nghệ thông tin,D01,2025,16.0,,THPT
QSA,Đại học An Giang - Đại học Quốc gia TP HCM,7480201,Công nghệ thông tin,D01,2025,16.0,,THPT
QSA,Trường Đại Học An Giang,7480201,Công nghệ thông tin,D07,2025,16.0,,THPT
QSA,Trường Đại Học An Giang,7480201,Công nghệ thông tin,D07,2025,16.0,,THPT
QSA,Đại học An Giang - Đại học Quốc gia TP HCM,7480201,Công nghệ thông tin,D07,2025,16.0,,THPT
QSA,Trường Đại Học An Giang,7480201,Công nghệ thông tin,D09,2025,16.0,,THPT
QSA,Trường Đại Học An Giang,7480201,Công nghệ thông tin,D10,2025,16.0,,THPT
QSA,Đại học An Giang - Đại học Quốc gia TP HCM,7510401,Công nghệ kỹ thuật hoá học,A00,2025,,,THPT
QSA,Đại học An Giang - Đại học Quốc gia TP HCM,7510401,Công nghệ kỹ thuật hoá học,A00,2025,16.0,,THPT
QSA,Trường Đại Học An Giang,7510401,Công nghệ kỹ thuật hoá học,A00,2025,16.25,,THPT
QSA,Trường Đại Học An Giang,7510401,Công nghệ kỹ thuật hoá học,A00,2025,16.25,,THPT
QSA,Trường Đại Học An Giang,7510401,Công nghệ kỹ thuật hoá học,A01,2025,16.25,,THPT
QSA,Trường Đại Học An Giang,7510401,Công nghệ kỹ thuật hoá học,B00,2025,16.25,,THPT
QSA,Trường Đại Học An Giang,7510401,Công nghệ kỹ thuật hoá học,B00,2025,16.25,,THPT
QSA,Đại học An Giang - Đại học Quốc gia TP HCM,7510401,Công nghệ kỹ thuật hoá học,B00,2025,16.0,,THPT
QSA,Trường Đại Học An Giang,7510401,Công nghệ kỹ thuật hoá học,D01,2025,16.25,,THPT
QSA,Trường Đại Học An Giang,7510401,Công nghệ kỹ thuật hoá học,D07,2025,16.25,,THPT
QSA,Trường Đại Học An Giang,7510401,Công nghệ kỹ thuật hoá học,D07,2025,16.25,,THPT
QSA,Đại học An Giang - Đại học Quốc gia TP HCM,7510401,Công nghệ kỹ thuật hoá học,D07,2025,16.0,,THPT
QSA,Trường Đại Học An Giang,7510401,Công nghệ kỹ thuật hoá học,D09,2025,16.25,,THPT
QSA,Trường Đại Học An Giang,7510401,Công nghệ kỹ thuật hoá học,D10,2025,16.25,,THPT
QSA,Đại học An Giang - Đại học Quốc gia TP HCM,7510406,Công nghệ kỹ thuật Môi trường,A00,2025,,,THPT
QSA,Đại học An Giang - Đại học Quốc gia TP HCM,7510406,Công nghệ kỹ thuật Môi trường,A00,2025,16.2,,THPT
QSA,Trường Đại Học An Giang,7510406,Công nghệ kỹ thuật môi trường,A00,2025,16.75,,THPT
QSA,Trường Đại Học An Giang,7510406,Công nghệ kỹ thuật môi trường,A01,2025,16.75,,THPT
QSA,Trường Đại Học An Giang,7510406,Công nghệ kỹ thuật môi trường,B00,2025,16.75,,THPT
QSA,Trường Đại Học An Giang,7510406,Công nghệ kỹ thuật môi trường,B00,2025,16.75,,THPT
QSA,Đại học An Giang - Đại học Quốc gia TP HCM,7510406,Công nghệ kỹ thuật Môi trường,B00,2025,16.2,,THPT
QSA,Trường Đại Học An Giang,7510406,Công nghệ kỹ thuật môi trường,D01,2025,16.75,,THPT
QSA,Trường Đại Học An Giang,7510406,Công nghệ kỹ thuật môi trường,D07,2025,16.75,,THPT
QSA,Trường Đại Học An Giang,7510406,Công nghệ kỹ thuật môi trường,D09,2025,16.75,,THPT
QSA,Trường Đại Học An Giang,7510406,Công nghệ kỹ thuật môi trường,D10,2025,16.75,,THPT
QSA,Đại học An Giang - Đại học Quốc gia TP HCM,7540101,Công nghệ thực phẩm,A00,2025,16.0,,THPT
QSA,Đại học An Giang - Đại học Quốc gia TP HCM,7540101,Công nghệ thực phẩm,A00,2025,,,THPT
QSA,Trường Đại Học An Giang,7540101,Công nghệ thực phẩm,A00,2025,16.25,,THPT
QSA,Trường Đại Học An Giang,7540101,Công nghệ thực phẩm,A00,2025,16.25,,THPT
QSA,Trường Đại Học An Giang,7540101,Công nghệ thực phẩm,A01,2025,16.25,,THPT
QSA,Trường Đại Học An Giang,7540101,Công nghệ thực phẩm,B00,2025,16.25,,THPT
QSA,Trường Đại Học An Giang,7540101,Công nghệ thực phẩm,D01,2025,16.25,,THPT
QSA,Trường Đại Học An Giang,7540101,Công nghệ thực phẩm,D01,2025,16.25,,THPT
QSA,Đại học An Giang - Đại học Quốc gia TP HCM,7540101,Công nghệ thực phẩm,D01,2025,16.0,,THPT
QSA,Trường Đại Học An Giang,7540101,Công nghệ thực phẩm,D07,2025,16.25,,THPT
QSA,Trường Đại Học An Giang,7540101,Công nghệ thực phẩm,D07,2025,16.25,,THPT
QSA,Đại học An Giang - Đại học Quốc gia TP HCM,7540101,Công nghệ thực phẩm,D07,2025,16.0,,THPT
QSA,Trường Đại Học An Giang,7540101,Công nghệ thực phẩm,D09,2025,16.25,,THPT
QSA,Trường Đại Học An Giang,7540101,Công nghệ thực phẩm,D10,2025,16.25,,THPT
QSA,Đại học An Giang - Đại học Quốc gia TP HCM,7540104,Công nghệ sau thu hoạch,A00,2025,,,THPT
QSA,Đại học An Giang - Đại học Quốc gia TP HCM,7540104,Công nghệ sau thu hoạch,A00,2025,16.0,,THPT
QSA,Trường Đại Học An Giang,7540104,Công nghệ sau thu hoạch,A00,2025,16.25,,THPT
QSA,Trường Đại Học An Giang,7540104,Công nghệ sau thu hoạch,A00,2025,16.25,,THPT
QSA,Trường Đại Học An Giang,7540104,Công nghệ sau thu hoạch,A01,2025,16.25,,THPT
QSA,Trường Đại Học An Giang,7540104,Công nghệ sau thu hoạch,B00,2025,16.25,,THPT
QSA,Trường Đại Học An Giang,7540104,Công nghệ sau thu hoạch,D01,2025,16.25,,THPT
QSA,Trường Đại Học An Giang,7540104,Công nghệ sau thu hoạch,D01,2025,16.25,,THPT
QSA,Đại học An Giang - Đại học Quốc gia TP HCM,7540104,Công nghệ sau thu hoạch,D01,2025,16.0,,THPT
QSA,Trường Đại Học An Giang,7540104,Công nghệ sau thu hoạch,D07,2025,16.25,,THPT
QSA,Trường Đại Học An Giang,7540104,Công nghệ sau thu hoạch,D07,2025,16.25,,THPT
QSA,Đại học An Giang - Đại học Quốc gia TP HCM,7540104,Công nghệ sau thu hoạch,D07,2025,16.0,,THPT
QSA,Trường Đại Học An Giang,7540104,Công nghệ sau thu hoạch,D09,2025,16.25,,THPT
QSA,Trường Đại Học An Giang,7540104,Công nghệ sau thu hoạch,D10,2025,16.25,,THPT
QSA,Đại học An Giang - Đại học Quốc gia TP HCM,7540106,Đảm bảo chất lượng và an toàn thực phẩm,A00,2025,16.0,,THPT
QSA,Đại học An Giang - Đại học Quốc gia TP HCM,7540106,Đảm bảo chất lượng và an toàn thực phẩm,A00,2025,,,THPT
QSA,Trường Đại Học An Giang,7540106,Đảm bảo chất lượng và an toàn thực phẩm,A00,2025,16.25,,THPT
QSA,Trường Đại Học An Giang,7540106,Đảm bảo chất lượng và an toàn thực phẩm,A00,2025,16.25,,THPT
QSA,Trường Đại Học An Giang,7540106,Đảm bảo chất lượng và an toàn thực phẩm,A01,2025,16.25,,THPT
QSA,Trường Đại Học An Giang,7540106,Đảm bảo chất lượng và an toàn thực phẩm,B00,2025,16.25,,THPT
QSA,Trường Đại Học An Giang,7540106,Đảm bảo chất lượng và an toàn thực phẩm,D01,2025,16.25,,THPT
QSA,Trường Đại Học An Giang,7540106,Đảm bảo chất lượng và an toàn thực phẩm,D01,2025,16.25,,THPT
QSA,Đại học An Giang - Đại học Quốc gia TP HCM,7540106,Đảm bảo chất lượng và an toàn thực phẩm,D01,2025,16.0,,THPT
QSA,Trường Đại Học An Giang,7540106,Đảm bảo chất lượng và an toàn thực phẩm,D07,2025,16.25,,THPT
QSA,Trường Đại Học An Giang,7540106,Đảm bảo chất lượng và an toàn thực phẩm,D07,2025,16.25,,THPT
QSA,Đại học An Giang - Đại học Quốc gia TP HCM,7540106,Đảm bảo chất lượng và an toàn thực phẩm,D07,2025,16.0,,THPT
QSA,Trường Đại Học An Giang,7540106,Đảm bảo chất lượng và an toàn thực phẩm,D09,2025,16.25,,THPT
QSA,Trường Đại Học An Giang,7540106,Đảm bảo chất lượng và an toàn thực phẩm,D10,2025,16.25,,THPT
QSA,Đại học An Giang - Đại học Quốc gia TP HCM,7620105,Chăn nuôi,A00,2025,,,THPT
QSA,Đại học An Giang - Đại học Quốc gia TP HCM,7620105,Chăn nuôi,A00,2025,16.0,,THPT
QSA,Trường Đại Học An Giang,7620105,Chăn nuôi,A00,2025,16.25,,THPT
QSA,Trường Đại Học An Giang,7620105,Chăn nuôi,A00,2025,16.25,,THPT
QSA,Trường Đại Học An Giang,7620105,Chăn nuôi,A01,2025,16.25,,THPT
QSA,Trường Đại Học An Giang,7620105,Chăn nuôi,B00,2025,16.25,,THPT
QSA,Trường Đại Học An Giang,7620105,Chăn nuôi,D01,2025,16.25,,THPT
QSA,Trường Đại Học An Giang,7620105,Chăn nuôi,D07,2025,16.25,,THPT
QSA,Trường Đại Học An Giang,7620105,Chăn nuôi,D07,2025,16.25,,THPT
QSA,Đại học An Giang - Đại học Quốc gia TP HCM,7620105,Chăn nuôi,D07,2025,16.0,,THPT
QSA,Trường Đại Học An Giang,7620105,Chăn nuôi,D09,2025,16.25,,THPT
QSA,Trường Đại Học An Giang,7620105,Chăn nuôi,D10,2025,16.25,,THPT
QSA,Đại học An Giang - Đại học Quốc gia TP HCM,7620110,Khoa học cây trồng,A00,2025,,,THPT
QSA,Đại học An Giang - Đại học Quốc gia TP HCM,7620110,Khoa học cây trồng,A00,2025,16.0,,THPT
QSA,Trường Đại Học An Giang,7620110,Khoa học cây trồng,A00,2025,16.0,,THPT
QSA,Trường Đại Học An Giang,7620110,Khoa học cây trồng,A00,2025,16.0,,THPT
QSA,Trường Đại Học An Giang,7620110,Khoa học cây trồng,A01,2025,16.0,,THPT
QSA,Trường Đại Học An Giang,7620110,Khoa học cây trồng,B00,2025,16.0,,THPT
QSA,Trường Đại Học An Giang,7620110,Khoa học cây trồng,B00,2025,16.0,,THPT
QSA,Đại học An Giang - Đại học Quốc gia TP HCM,7620110,Khoa học cây trồng,B00,2025,16.0,,THPT
QSA,Trường Đại Học An Giang,7620110,Khoa học cây trồng,D01,2025,16.0,,THPT
QSA,Trường Đại Học An Giang,7620110,Khoa học cây trồng,D07,2025,16.0,,THPT
QSA,Trường Đại Học An Giang,7620110,Khoa học cây trồng,D07,2025,16.0,,THPT
QSA,Đại học An Giang - Đại học Quốc gia TP HCM,7620110,Khoa học cây trồng,D07,2025,16.0,,THPT
QSA,Trường Đại Học An Giang,7620110,Khoa học cây trồng,D09,2025,16.0,,THPT
QSA,Trường Đại Học An Giang,7620110,Khoa học cây trồng,D10,2025,16.0,,THPT
QSA,Đại học An Giang - Đại học Quốc gia TP HCM,7620112,Bảo vệ thực vật,A00,2025,,,THPT
QSA,Đại học An Giang - Đại học Quốc gia TP HCM,7620112,Bảo vệ thực vật,A00,2025,16.0,,THPT
QSA,Trường Đại Học An Giang,7620112,Bảo vệ thực vật,A00,2025,16.0,,THPT
QSA,Trường Đại Học An Giang,7620112,Bảo vệ thực vật,A00,2025,16.0,,THPT
QSA,Trường Đại Học An Giang,7620112,Bảo vệ thực vật,A01,2025,16.0,,THPT
QSA,Trường Đại Học An Giang,7620112,Bảo vệ thực vật,B00,2025,16.0,,THPT
QSA,Trường Đại Học An Giang,7620112,Bảo vệ thực vật,B00,2025,16.0,,THPT
QSA,Đại học An Giang - Đại học Quốc gia TP HCM,7620112,Bảo vệ thực vật,B00,2025,16.0,,THPT
QSA,Trường Đại Học An Giang,7620112,Bảo vệ thực vật,D01,2025,16.0,,THPT
QSA,Trường Đại Học An Giang,7620112,Bảo vệ thực vật,D07,2025,16.0,,THPT
QSA,Trường Đại Học An Giang,7620112,Bảo vệ thực vật,D07,2025,16.0,,THPT
QSA,Đại học An Giang - Đại học Quốc gia TP HCM,7620112,Bảo vệ thực vật,D07,2025,16.0,,THPT
QSA,Trường Đại Học An Giang,7620112,Bảo vệ thực vật,D09,2025,16.0,,THPT
QSA,Trường Đại Học An Giang,7620112,Bảo vệ thực vật,D10,2025,16.0,,THPT
QSA,Trường Đại Học An Giang,7620116,Phát triển nông thôn,A00,2025,16.0,,THPT
QSA,Trường Đại Học An Giang,7620116,Phát triển nông thôn,A01,2025,16.0,,THPT
QSA,Trường Đại Học An Giang,7620116,Phát triển nông thôn,B00,2025,16.0,,THPT
QSA,Trường Đại Học An Giang,7620116,Phát triển nông thôn,C00,2025,16.0,,THPT
QSA,Đại học An Giang - Đại học Quốc gia TP HCM,7620116,Phát triển nông thôn,C00,2025,16.0,,THPT
QSA,Đại học An Giang - Đại học Quốc gia TP HCM,7620116,Phát triển nông thôn,C00,2025,17.75,,THPT
QSA,Trường Đại Học An Giang,7620116,Phát triển nông thôn,D01,2025,16.0,,THPT
QSA,Trường Đại Học An Giang,7620116,Phát triển nông thôn,D01,2025,16.0,,THPT
QSA,Đại học An Giang - Đại học Quốc gia TP HCM,7620116,Phát triển nông thôn,D01,2025,16.0,,THPT
QSA,Trường Đại Học An Giang,7620116,Phát triển nông thôn,D07,2025,16.0,,THPT
QSA,Trường Đại Học An Giang,7620116,Phát triển nông thôn,D07,2025,16.0,,THPT
QSA,Đại học An Giang - Đại học Quốc gia TP HCM,7620116,Phát triển nông thôn,D07,2025,16.0,,THPT
QSA,Trường Đại Học An Giang,7620116,Phát triển nông thôn,D09,2025,16.0,,THPT
QSA,Trường Đại Học An Giang,7620116,Phát triển nông thôn,D10,2025,16.0,,THPT
QSA,Đại học An Giang - Đại học Quốc gia TP HCM,7620190,Công nghệ nông nghiệp số,A00,2025,16.0,,THPT
QSA,Trường Đại Học An Giang,7620190,Công nghệ nông nghiệp số,A00,2025,16.0,,THPT
QSA,Trường Đại Học An Giang,7620190,Công nghệ nông nghiệp số,A00,2025,16.0,,THPT
QSA,Trường Đại Học An Giang,7620190,Công nghệ nông nghiệp số,A01,2025,16.0,,THPT
QSA,Trường Đại Học An Giang,7620190,Công nghệ nông nghiệp số,A01,2025,16.0,,THPT
QSA,Đại học An Giang - Đại học Quốc gia TP HCM,7620190,Công nghệ nông nghiệp số,A01,2025,16.0,,THPT
QSA,Trường Đại Học An Giang,7620190,Công nghệ nông nghiệp số,B00,2025,16.0,,THPT
QSA,Trường Đại Học An Giang,7620190,Công nghệ nông nghiệp số,B00,2025,16.0,,THPT
QSA,Đại học An Giang - Đại học Quốc gia TP HCM,7620190,Công nghệ nông nghiệp số,B00,2025,16.0,,THPT
QSA,Trường Đại Học An Giang,7620190,Công nghệ nông nghiệp số,D01,2025,16.0,,THPT
QSA,Trường Đại Học An Giang,7620190,Công nghệ nông nghiệp số,D01,2025,16.0,,THPT
QSA,Đại học An Giang - Đại học Quốc gia TP HCM,7620190,Công nghệ nông nghiệp số,D01,2025,16.0,,THPT
QSA,Trường Đại Học An Giang,7620190,Công nghệ nông nghiệp số,D07,2025,16.0,,THPT
QSA,Trường Đại Học An Giang,7620190,Công nghệ nông nghiệp số,D07,2025,16.0,,THPT
QSA,Đại học An Giang - Đại học Quốc gia TP HCM,7620190,Công nghệ nông nghiệp số,D07,2025,16.0,,THPT
QSA,Trường Đại Học An Giang,7620190,Công nghệ nông nghiệp số,D09,2025,16.0,,THPT
QSA,Trường Đại Học An Giang,7620190,Công nghệ nông nghiệp số,D10,2025,16.0,,THPT
QSA,Trường Đại Học An Giang,7620191,Kinh doanh nông nghiệp số,A00,2025,16.25,,THPT
QSA,Trường Đại Học An Giang,7620191,Kinh doanh nông nghiệp số,A01,2025,16.25,,THPT
QSA,Trường Đại Học An Giang,7620191,Kinh doanh nông nghiệp số,B00,2025,16.25,,THPT
QSA,Trường Đại Học An Giang,7620191,Kinh doanh nông nghiệp số,D01,2025,16.25,,THPT
QSA,Trường Đại Học An Giang,7620191,Kinh doanh nông nghiệp số,D01,2025,16.25,,THPT
QSA,Đại học An Giang - Đại học Quốc gia TP HCM,7620191,Kinh doanh nông nghiệp số,D01,2025,16.0,,THPT
QSA,Trường Đại Học An Giang,7620191,Kinh doanh nông nghiệp số,D07,2025,16.25,,THPT
QSA,Trường Đại Học An Giang,7620191,Kinh doanh nông nghiệp số,D07,2025,16.25,,THPT
QSA,Đại học An Giang - Đại học Quốc gia TP HCM,7620191,Kinh doanh nông nghiệp số,D07,2025,16.0,,THPT
QSA,Trường Đại Học An Giang,7620191,Kinh doanh nông nghiệp số,D09,2025,16.25,,THPT
QSA,Trường Đại Học An Giang,7620191,Kinh doanh nông nghiệp số,D10,2025,16.25,,THPT
QSA,Đại học An Giang - Đại học Quốc gia TP HCM,7620301,ĐH Nuôi trồng thủy sản,A00,2025,16.0,,THPT
QSA,Đại học An Giang - Đại học Quốc gia TP HCM,7620301,ĐH Nuôi trồng thủy sản,A00,2025,,,THPT
QSA,Trường Đại Học An Giang,7620301,Nuôi trồng thủy sản,A00,2025,16.25,,THPT
QSA,Trường Đại Học An Giang,7620301,Nuôi trồng thủy sản,A00,2025,16.25,,THPT
QSA,Trường Đại Học An Giang,7620301,Nuôi trồng thủy sản,A01,2025,16.25,,THPT
QSA,Trường Đại Học An Giang,7620301,Nuôi trồng thủy sản,B00,2025,16.25,,THPT
QSA,Trường Đại Học An Giang,7620301,Nuôi trồng thủy sản,B00,2025,16.25,,THPT
QSA,Đại học An Giang - Đại học Quốc gia TP HCM,7620301,ĐH Nuôi trồng thủy sản,B00,2025,16.0,,THPT
QSA,Đại học An Giang - Đại học Quốc gia TP HCM,7620301,ĐH Nuôi trồng thủy sản,C00,2025,16.0,,THPT
QSA,Trường Đại Học An Giang,7620301,Nuôi trồng thủy sản,D01,2025,16.25,,THPT
QSA,Trường Đại Học An Giang,7620301,Nuôi trồng thủy sản,D01,2025,16.25,,THPT
QSA,Đại học An Giang - Đại học Quốc gia TP HCM,7620301,ĐH Nuôi trồng thủy sản,D01,2025,16.0,,THPT
QSA,Trường Đại Học An Giang,7620301,Nuôi trồng thủy sản,D07,2025,16.25,,THPT
QSA,Trường Đại Học An Giang,7620301,Nuôi trồng thủy sản,D09,2025,16.25,,THPT
QSA,Trường Đại Học An Giang,7620301,Nuôi trồng thủy sản,D10,2025,16.25,,THPT
QSA,Trường Đại Học An Giang,7620301,Nuôi trồng thủy sản,D10,2025,16.25,,THPT
QSA,Đại học An Giang - Đại học Quốc gia TP HCM,7620301,ĐH Nuôi trồng thủy sản,D10,2025,16.0,,THPT
QSA,Đại học An Giang - Đại học Quốc gia TP HCM,7640101,Thú y,A00,2025,18.5,,THPT
QSA,Đại học An Giang - Đại học Quốc gia TP HCM,7640101,Thú y,A00,2025,,,THPT
QSA,Trường Đại Học An Giang,7640101,Thú y,A00,2025,19.5,,THPT
QSA,Trường Đại Học An Giang,7640101,Thú y,A00,2025,19.5,,THPT
QSA,Trường Đại Học An Giang,7640101,Thú y,A01,2025,19.5,,THPT
QSA,Trường Đại Học An Giang,7640101,Thú y,B00,2025,19.5,,THPT
QSA,Trường Đại Học An Giang,7640101,Thú y,D01,2025,19.5,,THPT
QSA,Trường Đại Học An Giang,7640101,Thú y,D07,2025,19.5,,THPT
QSA,Trường Đại Học An Giang,7640101,Thú y,D07,2025,19.5,,THPT
QSA,Đại học An Giang - Đại học Quốc gia TP HCM,7640101,Thú y,D07,2025,18.5,,THPT
QSA,Trường Đại Học An Giang,7640101,Thú y,D09,2025,19.5,,THPT
QSA,Trường Đại Học An Giang,7640101,Thú y,D10,2025,19.5,,THPT
QSA,Trường Đại Học An Giang,7850101,Quản lý tài nguyên và môi trường,A00,2025,16.25,,THPT
QSA,Trường Đại Học An Giang,7850101,Quản lý tài nguyên và môi trường,A01,2025,16.25,,THPT
QSA,Trường Đại Học An Giang,7850101,Quản lý tài nguyên và môi trường,B00,2025,16.25,,THPT
QSA,Trường Đại Học An Giang,7850101,Quản lý tài nguyên và môi trường,B00,2025,16.25,,THPT
QSA,Đại học An Giang - Đại học Quốc gia TP HCM,7850101,Quản lý tài nguyên và môi trường,B00,2025,16.0,,THPT
QSA,Trường Đại Học An Giang,7850101,Quản lý tài nguyên và môi trường,D01,2025,16.25,,THPT
QSA,Trường Đại Học An Giang,7850101,Quản lý tài nguyên và môi trường,D01,2025,16.25,,THPT
QSA,Đại học An Giang - Đại học Quốc gia TP HCM,7850101,Quản lý tài nguyên và môi trường,D01,2025,16.0,,THPT
QSA,Trường Đại Học An Giang,7850101,Quản lý tài nguyên và môi trường,D07,2025,16.25,,THPT
QSA,Trường Đại Học An Giang,7850101,Quản lý tài nguyên và môi trường,D09,2025,16.25,,THPT
QSA,Trường Đại Học An Giang,7850101,Quản lý tài nguyên và môi trường,D10,2025,16.25,,THPT
QSB,Đại học Bách khoa - Đại học Quốc gia TP HCM,106,Khoa học Máy tính; Kỹ thuật Máy tính; (Nhóm ngành),A00,2025,85.41,,THPT
QSB,Trường Đại Học Bách Khoa HCM,106,Khoa học Máy tính,A00,2025,0.0,,THPT
QSB,Trường Đại Học Bách Khoa HCM,106,Khoa học Máy tính,A01,2025,0.0,,THPT
QSB,Đại học Bách khoa - Đại học Quốc gia TP HCM,106,Khoa học Máy tính; Kỹ thuật Máy tính; (Nhóm ngành),A01,2025,85.41,,THPT
QSB,Đại học Bách khoa - Đại học Quốc gia TP HCM,107,Kỹ thuật máy tính,A00,2025,82.91,,THPT
QSB,Trường Đại Học Bách Khoa HCM,107,Kỹ thuật Máy tính,A00,2025,0.0,,THPT
QSB,Trường Đại Học Bách Khoa HCM,107,Kỹ thuật Máy tính,A01,2025,0.0,,THPT
QSB,Đại học Bách khoa - Đại học Quốc gia TP HCM,107,Kỹ thuật máy tính,A01,2025,82.91,,THPT
QSB,Đại học Bách khoa - Đại học Quốc gia TP HCM,108,Kỹ thuật Điện; Kỹ thuật Điện tử - Viễn thông; Kỹ thuật Điều khiển và tự động hóa; (Nhóm ngành),A00,2025,80.77,,THPT
QSB,Trường Đại Học Bách Khoa HCM,108,Điện - Điện tử - Viễn Thông - Tự động hoá - Thiết kế vi mạch,A00,2025,0.0,,THPT
QSB,Trường Đại Học Bách Khoa HCM,108,Điện - Điện tử - Viễn Thông - Tự động hoá - Thiết kế vi mạch,A01,2025,0.0,,THPT
QSB,Đại học Bách khoa - Đại học Quốc gia TP HCM,108,Kỹ thuật Điện; Kỹ thuật Điện tử - Viễn thông; Kỹ thuật Điều khiển và tự động hóa; (Nhóm ngành),A01,2025,80.77,,THPT
QSB,Đại học Bách khoa - Đại học Quốc gia TP HCM,109,Kỹ thuật Cơ khí; Kỹ thuật Cơ điện tử; (Nhóm ngành),A00,2025,75.43,,THPT
QSB,Trường Đại Học Bách Khoa HCM,109,Kỹ Thuật Cơ khí,A00,2025,0.0,,THPT
QSB,Trường Đại Học Bách Khoa HCM,109,Kỹ Thuật Cơ khí,A01,2025,0.0,,THPT
QSB,Đại học Bách khoa - Đại học Quốc gia TP HCM,109,Kỹ thuật Cơ khí; Kỹ thuật Cơ điện tử; (Nhóm ngành),A01,2025,75.43,,THPT
QSB,Đại học Bách khoa - Đại học Quốc gia TP HCM,110,Kỹ thuật Cơ điện tử,A00,2025,81.82,,THPT
QSB,Trường Đại Học Bách Khoa HCM,110,Kỹ Thuật Cơ Điện tử,A00,2025,0.0,,THPT
QSB,Trường Đại Học Bách Khoa HCM,110,Kỹ Thuật Cơ Điện tử,A01,2025,0.0,,THPT
QSB,Đại học Bách khoa - Đại học Quốc gia TP HCM,110,Kỹ thuật Cơ điện tử,A01,2025,81.82,,THPT
QSB,Đại học Bách khoa - Đại học Quốc gia TP HCM,112,Kỹ thuật Dệt; Công nghệ Dệt may; (Nhóm ngành),A00,2025,60.75,,THPT
QSB,Trường Đại Học Bách Khoa HCM,112,Dệt - May,A00,2025,0.0,,THPT
QSB,Trường Đại Học Bách Khoa HCM,112,Dệt - May,A01,2025,0.0,,THPT
QSB,Đại học Bách khoa - Đại học Quốc gia TP HCM,112,Kỹ thuật Dệt; Công nghệ Dệt may; (Nhóm ngành),A01,2025,60.75,,THPT
QSB,Đại học Bách khoa - Đại học Quốc gia TP HCM,114,Kỹ thuật Hóa học; Công nghệ Thực phẩm; Công nghệ Sinh học; (Nhóm ngành),A00,2025,75.43,,THPT
QSB,Trường Đại Học Bách Khoa HCM,114,Hoá - Thực phẩm - Sinh học,A00,2025,0.0,,THPT
QSB,Đại học Bách khoa - Đại học Quốc gia TP HCM,114,Kỹ thuật Hóa học; Công nghệ Thực phẩm; Công nghệ Sinh học; (Nhóm ngành),B00,2025,75.43,,THPT
QSB,Trường Đại Học Bách Khoa HCM,114,Hoá - Thực phẩm - Sinh học,B00,2025,0.0,,THPT
QSB,Trường Đại Học Bách Khoa HCM,114,Hoá - Thực phẩm - Sinh học,D07,2025,0.0,,THPT
QSB,Đại học Bách khoa - Đại học Quốc gia TP HCM,114,Kỹ thuật Hóa học; Công nghệ Thực phẩm; Công nghệ Sinh học; (Nhóm ngành),D07,2025,75.43,,THPT
QSB,Đại học Bách khoa - Đại học Quốc gia TP HCM,114,Kỹ thuật Hóa học; Công nghệ Thực phẩm; Công nghệ Sinh học; (Nhóm ngành),D08,2025,75.43,,THPT
QSB,Đại học Bách khoa - Đại học Quốc gia TP HCM,115,Kỹ thuật Xây dựng; Kỹ thuật Xây dựng Công trình giao thông; Kỹ thuật  Xây dựng Công trình thủy; Kỹ thuật  Xây dựng Công trình biển; Kỹ thuật Cơ sở hạ tầng; (Nhóm ngành),A00,2025,55.05,,THPT
QSB,Trường Đại Học Bách Khoa HCM,115,Xây dựng và Quản lý Dự án Xây dựng,A00,2025,0.0,,THPT
QSB,Trường Đại Học Bách Khoa HCM,115,Xây dựng và Quản lý Dự án Xây dựng,A01,2025,0.0,,THPT
QSB,Đại học Bách khoa - Đại học Quốc gia TP HCM,115,Kỹ thuật Xây dựng; Kỹ thuật Xây dựng Công trình giao thông; Kỹ thuật  Xây dựng Công trình thủy; Kỹ thuật  Xây dựng Công trình biển; Kỹ thuật Cơ sở hạ tầng; (Nhóm ngành),A01,2025,55.05,,THPT
QSB,Đại học Bách khoa - Đại học Quốc gia TP HCM,117,Kiến trúc,A01,2025,67.42,,THPT
QSB,Trường Đại Học Bách Khoa HCM,117,Kiến Trúc,A01,2025,0.0,,THPT
QSB,Trường Đại Học Bách Khoa HCM,117,Kiến Trúc,D01,2025,0.0,,THPT
QSB,Đại học Bách khoa - Đại học Quốc gia TP HCM,117,Kiến trúc,D01,2025,67.42,,THPT
QSB,Đại học Bách khoa - Đại học Quốc gia TP HCM,120,Kỹ thuật Địa chất; Kỹ thuật Dầu khí; (Nhóm ngành),A00,2025,60.0,,THPT
QSB,Trường Đại Học Bách Khoa HCM,120,Dầu khí - Địa chất,A00,2025,0.0,,THPT
QSB,Trường Đại Học Bách Khoa HCM,120,Dầu khí - Địa chất,A01,2025,0.0,,THPT
QSB,Đại học Bách khoa - Đại học Quốc gia TP HCM,120,Kỹ thuật Địa chất; Kỹ thuật Dầu khí; (Nhóm ngành),A01,2025,60.0,,THPT
QSB,Đại học Bách khoa - Đại học Quốc gia TP HCM,123,Quản lý Công nghiệp,A00,2025,75.98,,THPT
QSB,Trường Đại Học Bách Khoa HCM,123,Quản lý Công nghiệp,A00,2025,0.0,,THPT
QSB,Trường Đại Học Bách Khoa HCM,123,Quản lý Công nghiệp,A01,2025,0.0,,THPT
QSB,Đại học Bách khoa - Đại học Quốc gia TP HCM,123,Quản lý Công nghiệp,A01,2025,75.98,,THPT
QSB,Trường Đại Học Bách Khoa HCM,123,Quản lý Công nghiệp,D01,2025,0.0,,THPT
QSB,Đại học Bách khoa - Đại học Quốc gia TP HCM,123,Quản lý Công nghiệp,D01,2025,75.98,,THPT
QSB,Trường Đại Học Bách Khoa HCM,123,Quản lý Công nghiệp,D07,2025,0.0,,THPT
QSB,Đại học Bách khoa - Đại học Quốc gia TP HCM,123,Quản lý Công nghiệp,D07,2025,75.98,,THPT
QSB,Đại học Bách khoa - Đại học Quốc gia TP HCM,125,Kỹ thuật Môi trường; Quản lý Tài nguyên và Môi trường; (Nhóm ngành),A00,2025,60.93,,THPT
QSB,Trường Đại Học Bách Khoa HCM,125,Tài nguyên và Môi trường,A00,2025,0.0,,THPT
QSB,Trường Đại Học Bách Khoa HCM,125,Tài nguyên và Môi trường,A01,2025,0.0,,THPT
QSB,Đại học Bách khoa - Đại học Quốc gia TP HCM,125,Kỹ thuật Môi trường; Quản lý Tài nguyên và Môi trường; (Nhóm ngành),A01,2025,60.93,,THPT
QSB,Trường Đại Học Bách Khoa HCM,125,Tài nguyên và Môi trường,B00,2025,0.0,,THPT
QSB,Đại học Bách khoa - Đại học Quốc gia TP HCM,125,Kỹ thuật Môi trường; Quản lý Tài nguyên và Môi trường; (Nhóm ngành),B00,2025,60.93,,THPT
QSB,Trường Đại Học Bách Khoa HCM,125,Tài nguyên và Môi trường,D07,2025,0.0,,THPT
QSB,Đại học Bách khoa - Đại học Quốc gia TP HCM,125,Kỹ thuật Môi trường; Quản lý Tài nguyên và Môi trường; (Nhóm ngành),D07,2025,60.93,,THPT
QSB,Đại học Bách khoa - Đại học Quốc gia TP HCM,128,Kỹ thuật Hệ thống Công nghiệp; Logistics và Quản lý chuỗi Cung ứng,A00,2025,80.52,,THPT
QSB,Trường Đại Học Bách Khoa HCM,128,Logistics và Hệ thống Công nghiệp,A00,2025,0.0,,THPT
QSB,Trường Đại Học Bách Khoa HCM,128,Logistics và Hệ thống Công nghiệp,A01,2025,0.0,,THPT
QSB,Đại học Bách khoa - Đại học Quốc gia TP HCM,128,Kỹ thuật Hệ thống Công nghiệp; Logistics và Quản lý chuỗi Cung ứng,A01,2025,80.52,,THPT
QSB,Đại học Bách khoa - Đại học Quốc gia TP HCM,129,Kỹ thuật Vật liệu,A00,2025,71.1,,THPT
QSB,Trường Đại Học Bách Khoa HCM,129,Kỹ thuật Vật liệu,A00,2025,0.0,,THPT
QSB,Trường Đại Học Bách Khoa HCM,129,Kỹ thuật Vật liệu,A01,2025,0.0,,THPT
QSB,Đại học Bách khoa - Đại học Quốc gia TP HCM,129,Kỹ thuật Vật liệu,A01,2025,71.1,,THPT
QSB,Trường Đại Học Bách Khoa HCM,129,Kỹ thuật Vật liệu,B00,2025,0.0,,THPT
QSB,Đại học Bách khoa - Đại học Quốc gia TP HCM,129,Kỹ thuật Vật liệu,B00,2025,71.1,,THPT
QSB,Trường Đại Học Bách Khoa HCM,129,Kỹ thuật Vật liệu,D07,2025,0.0,,THPT
QSB,Đại học Bách khoa - Đại học Quốc gia TP HCM,129,Kỹ thuật Vật liệu,D07,2025,71.1,,THPT
QSB,Đại học Bách khoa - Đại học Quốc gia TP HCM,137,Vật lý Kỹ thuật,A00,2025,76.61,,THPT
QSB,Trường Đại Học Bách Khoa HCM,137,Vật lý Kỹ thuật,A00,2025,0.0,,THPT
QSB,Đại học Bách khoa - Đại học Quốc gia TP HCM,137,Vật lý Kỹ thuật,A01,2025,76.61,,THPT
QSB,Trường Đại Học Bách Khoa HCM,137,Vật lý Kỹ thuật,A01,2025,0.0,,THPT
QSB,Đại học Bách khoa - Đại học Quốc gia TP HCM,138,Cơ Kỹ thuật,A00,2025,75.98,,THPT
QSB,Trường Đại Học Bách Khoa HCM,138,Cơ Kỹ thuật,A00,2025,0.0,,THPT
QSB,Trường Đại Học Bách Khoa HCM,138,Cơ Kỹ thuật,A01,2025,0.0,,THPT
QSB,Đại học Bách khoa - Đại học Quốc gia TP HCM,138,Cơ Kỹ thuật,A01,2025,75.98,,THPT
QSB,Đại học Bách khoa - Đại học Quốc gia TP HCM,140,Kỹ thuật Nhiệt (Nhiệt lạnh),A00,2025,73.5,,THPT
QSB,Trường Đại Học Bách Khoa HCM,140,Kỹ thuật Nhiệt,A00,2025,0.0,,THPT
QSB,Trường Đại Học Bách Khoa HCM,140,Kỹ thuật Nhiệt,A01,2025,0.0,,THPT
QSB,Đại học Bách khoa - Đại học Quốc gia TP HCM,140,Kỹ thuật Nhiệt (Nhiệt lạnh),A01,2025,73.5,,THPT
QSB,Đại học Bách khoa - Đại học Quốc gia TP HCM,141,Bảo dưỡng Công nghiệp,A00,2025,65.59,,THPT
QSB,Trường Đại Học Bách Khoa HCM,141,Bảo dưỡng Công nghiệp,A00,2025,0.0,,THPT
QSB,Trường Đại Học Bách Khoa HCM,141,Bảo dưỡng Công nghiệp,A01,2025,0.0,,THPT
QSB,Đại học Bách khoa - Đại học Quốc gia TP HCM,141,Bảo dưỡng Công nghiệp,A01,2025,65.59,,THPT
QSB,Đại học Bách khoa - Đại học Quốc gia TP HCM,142,Kỹ thuật Ô tô,A00,2025,76.34,,THPT
QSB,Trường Đại Học Bách Khoa HCM,142,Kỹ thuật Ô tô,A00,2025,0.0,,THPT
QSB,Trường Đại Học Bách Khoa HCM,142,Kỹ thuật Ô tô,A01,2025,0.0,,THPT
QSB,Đại học Bách khoa - Đại học Quốc gia TP HCM,142,Kỹ thuật Ô tô,A01,2025,76.34,,THPT
QSB,Đại học Bách khoa - Đại học Quốc gia TP HCM,145,Kỹ thuật Tàu thủy; Kỹ thuật Hàng không (Song ngành từ 2020),A00,2025,76.63,,THPT
QSB,Trường Đại Học Bách Khoa HCM,145,(Song ngành) Tàu thủy - Hàng không,A00,2025,0.0,,THPT
QSB,Trường Đại Học Bách Khoa HCM,145,(Song ngành) Tàu thủy - Hàng không,A01,2025,0.0,,THPT
QSB,Đại học Bách khoa - Đại học Quốc gia TP HCM,145,Kỹ thuật Tàu thủy; Kỹ thuật Hàng không (Song ngành từ 2020),A01,2025,76.63,,THPT
QSB,Đại học Bách khoa - Đại học Quốc gia TP HCM,146,Khoa học dữ liệu,A00,2025,83.85,,THPT
QSB,Trường Đại Học Bách Khoa HCM,146,Khoa học Dữ liệu,A00,2025,0.0,,THPT
QSB,Trường Đại Học Bách Khoa HCM,146,Khoa học Dữ liệu,A01,2025,0.0,,THPT
QSB,Đại học Bách khoa - Đại học Quốc gia TP HCM,146,Khoa học dữ liệu,A01,2025,83.85,,THPT
QSB,Đại học Bách khoa - Đại học Quốc gia TP HCM,147,Địa Kỹ thuật xây dựng,A00,2025,55.06,,THPT
QSB,Trường Đại Học Bách Khoa HCM,147,Địa Kỹ thuật Xây dựng,A00,2025,0.0,,THPT
QSB,Trường Đại Học Bách Khoa HCM,147,Địa Kỹ thuật Xây dựng,A01,2025,0.0,,THPT
QSB,Đại học Bách khoa - Đại học Quốc gia TP HCM,147,Địa Kỹ thuật xây dựng,A01,2025,55.06,,THPT
QSB,Đại học Bách khoa - Đại học Quốc gia TP HCM,148,Kinh tế xây dựng,A00,2025,55.72,,THPT
QSB,Trường Đại Học Bách Khoa HCM,148,Kinh tế Xây dựng,A00,2025,0.0,,THPT
QSB,Trường Đại Học Bách Khoa HCM,148,Kinh tế Xây dựng,A01,2025,0.0,,THPT
QSB,Đại học Bách khoa - Đại học Quốc gia TP HCM,148,Kinh tế xây dựng,A01,2025,55.72,,THPT
QSB,Đại học Bách khoa - Đại học Quốc gia TP HCM,153,Quản trị Kinh doanh,A00,2025,71.24,,THPT
QSB,Trường Đại Học Bách Khoa HCM,153,Quản trị Kinh doanh (Ngành mới),A00,2025,0.0,,THPT
QSB,Trường Đại Học Bách Khoa HCM,153,Quản trị Kinh doanh (Ngành mới),A01,2025,0.0,,THPT
QSB,Đại học Bách khoa - Đại học Quốc gia TP HCM,153,Quản trị Kinh doanh,A01,2025,71.24,,THPT
QSB,Trường Đại Học Bách Khoa HCM,153,Quản trị Kinh doanh (Ngành mới),D01,2025,0.0,,THPT
QSB,Đại học Bách khoa - Đại học Quốc gia TP HCM,153,Quản trị Kinh doanh,D01,2025,71.24,,THPT
QSB,Trường Đại Học Bách Khoa HCM,153,Quản trị Kinh doanh (Ngành mới),D07,2025,0.0,,THPT
QSB,Đại học Bách khoa - Đại học Quốc gia TP HCM,153,Quản trị Kinh doanh,D07,2025,71.24,,THPT
QSB,Đại học Bách khoa - Đại học Quốc gia TP HCM,206,"Khoa học Máy tính (CT Chất lượng cao, giảng dạy bằng tiếng Anh, học phí tương ứng)",A00,2025,83.74,,THPT
QSB,Trường Đại Học Bách Khoa HCM,206,Khoa học Máy tính,A00,2025,0.0,,THPT
QSB,Trường Đại Học Bách Khoa HCM,206,Khoa học Máy tính,A01,2025,0.0,,THPT
QSB,Đại học Bách khoa - Đại học Quốc gia TP HCM,206,"Khoa học Máy tính (CT Chất lượng cao, giảng dạy bằng tiếng Anh, học phí tương ứng)",A01,2025,83.74,,THPT
QSB,Đại học Bách khoa - Đại học Quốc gia TP HCM,207,"Kỹ thuật Máy tính (CT Chất lượng cao, giảng dạy bằng tiếng Anh, học phí tương ứng)",A00,2025,78.66,,THPT
QSB,Trường Đại Học Bách Khoa HCM,207,Kỹ thuật Máy tính,A00,2025,0.0,,THPT
QSB,Trường Đại Học Bách Khoa HCM,207,Kỹ thuật Máy tính,A01,2025,0.0,,THPT
QSB,Đại học Bách khoa - Đại học Quốc gia TP HCM,207,"Kỹ thuật Máy tính (CT Chất lượng cao, giảng dạy bằng tiếng Anh, học phí tương ứng)",A01,2025,78.66,,THPT
QSB,Đại học Bách khoa - Đại học Quốc gia TP HCM,208,"Kỹ thuật Điện - Điện tử (CT Tiên tiến, giảng dạy bằng tiếng Anh, học phí tương ứng)",A00,2025,79.5,,THPT
QSB,Trường Đại Học Bách Khoa HCM,208,Kỹ thuật Điện - Điện tử,A00,2025,0.0,,THPT
QSB,Trường Đại Học Bách Khoa HCM,208,Kỹ thuật Điện - Điện tử,A01,2025,0.0,,THPT
QSB,Đại học Bách khoa - Đại học Quốc gia TP HCM,208,"Kỹ thuật Điện - Điện tử (CT Tiên tiến, giảng dạy bằng tiếng Anh, học phí tương ứng)",A01,2025,79.5,,THPT
QSB,Đại học Bách khoa - Đại học Quốc gia TP HCM,209,"Kỹ thuật Cơ khí (CLC, giảng dạy bằng tiếng Anh, học phí tương ứng)",A00,2025,74.3,,THPT
QSB,Trường Đại Học Bách Khoa HCM,209,Kỹ thuật Cơ khí,A00,2025,0.0,,THPT
QSB,Trường Đại Học Bách Khoa HCM,209,Kỹ thuật Cơ khí,A01,2025,0.0,,THPT
QSB,Đại học Bách khoa - Đại học Quốc gia TP HCM,209,"Kỹ thuật Cơ khí (CLC, giảng dạy bằng tiếng Anh, học phí tương ứng)",A01,2025,74.3,,THPT
QSB,Đại học Bách khoa - Đại học Quốc gia TP HCM,210,"Kỹ thuật Cơ điện tử (CT Chất lượng cao, giảng dạy bằng tiếng Anh, học phí tương ứng)",A00,2025,78.44,,THPT
QSB,Trường Đại Học Bách Khoa HCM,210,Kỹ thuật Cơ Điện tử,A00,2025,0.0,,THPT
QSB,Trường Đại Học Bách Khoa HCM,210,Kỹ thuật Cơ Điện tử,A01,2025,0.0,,THPT
QSB,Đại học Bách khoa - Đại học Quốc gia TP HCM,210,"Kỹ thuật Cơ điện tử (CT Chất lượng cao, giảng dạy bằng tiếng Anh, học phí tương ứng)",A01,2025,78.44,,THPT
QSB,Đại học Bách khoa - Đại học Quốc gia TP HCM,211,"Kỹ thuật Cơ điện tử; Chuyên ngành Kỹ thuật Robot (CT chất lượng cao, tiên tiến)",A00,2025,73.89,,THPT
QSB,Trường Đại Học Bách Khoa HCM,211,Kỹ thuật Robot,A00,2025,0.0,,THPT
QSB,Trường Đại Học Bách Khoa HCM,211,Kỹ thuật Robot,A01,2025,0.0,,THPT
QSB,Đại học Bách khoa - Đại học Quốc gia TP HCM,211,"Kỹ thuật Cơ điện tử; Chuyên ngành Kỹ thuật Robot (CT chất lượng cao, tiên tiến)",A01,2025,73.89,,THPT
QSB,Đại học Bách khoa - Đại học Quốc gia TP HCM,214,"Kỹ thuật Hóa học (CT Chất lượng cao, giảng dạy bằng tiếng Anh, học phí tương ứng)",A00,2025,63.3,,THPT
QSB,Trường Đại Học Bách Khoa HCM,214,Kỹ thuật Hóa học,A00,2025,0.0,,THPT
QSB,Đại học Bách khoa - Đại học Quốc gia TP HCM,214,"Kỹ thuật Hóa học (CT Chất lượng cao, giảng dạy bằng tiếng Anh, học phí tương ứng)",B00,2025,63.3,,THPT
QSB,Trường Đại Học Bách Khoa HCM,214,Kỹ thuật Hóa học,B00,2025,0.0,,THPT
QSB,Trường Đại Học Bách Khoa HCM,214,Kỹ thuật Hóa học,D07,2025,0.0,,THPT
QSB,Đại học Bách khoa - Đại học Quốc gia TP HCM,214,"Kỹ thuật Hóa học (CT Chất lượng cao, giảng dạy bằng tiếng Anh, học phí tương ứng)",D07,2025,63.3,,THPT
QSB,Đại học Bách khoa - Đại học Quốc gia TP HCM,215,"Kỹ thuật Xây dựng (CT Chất lượng cao, giảng dạy bằng tiếng Anh, học phí tương ứng)",A00,2025,56.2,,THPT
QSB,Trường Đại Học Bách Khoa HCM,215,Quản lý Dự án Xây dựng và Kỹ thuật Xây dựng,A00,2025,0.0,,THPT
QSB,Trường Đại Học Bách Khoa HCM,215,Quản lý Dự án Xây dựng và Kỹ thuật Xây dựng,A01,2025,0.0,,THPT
QSB,Đại học Bách khoa - Đại học Quốc gia TP HCM,215,"Kỹ thuật Xây dựng (CT Chất lượng cao, giảng dạy bằng tiếng Anh, học phí tương ứng)",A01,2025,56.2,,THPT
QSB,Đại học Bách khoa - Đại học Quốc gia TP HCM,217,Kiến trúc (Kiến Trúc Cảnh Quan),A01,2025,55.45,,THPT
QSB,Trường Đại Học Bách Khoa HCM,217,Kiến trúc Cảnh quan (Chuyên ngành của kiến trúc),A01,2025,0.0,,THPT
QSB,Trường Đại Học Bách Khoa HCM,217,Kiến trúc Cảnh quan (Chuyên ngành của kiến trúc),D01,2025,0.0,,THPT
QSB,Đại học Bách khoa - Đại học Quốc gia TP HCM,217,Kiến trúc (Kiến Trúc Cảnh Quan),D01,2025,55.45,,THPT
QSB,Đại học Bách khoa - Đại học Quốc gia TP HCM,218,Công nghệ sinh học,B00,2025,66.13,,THPT
QSB,Trường Đại Học Bách Khoa HCM,218,Công nghệ Sinh học,B00,2025,0.0,,THPT
QSB,Trường Đại Học Bách Khoa HCM,218,Công nghệ Sinh học,D07,2025,0.0,,THPT
QSB,Đại học Bách khoa - Đại học Quốc gia TP HCM,218,Công nghệ sinh học,D07,2025,66.13,,THPT
QSB,Đại học Bách khoa - Đại học Quốc gia TP HCM,218,Công nghệ sinh học,D08,2025,66.13,,THPT
QSB,Trường Đại Học Bách Khoa HCM,219,Công nghệ Thực phẩm,A00,2025,0.0,,THPT
QSB,Trường Đại Học Bách Khoa HCM,219,Công nghệ Thực phẩm,B00,2025,0.0,,THPT
QSB,Đại học Bách khoa - Đại học Quốc gia TP HCM,219,"Công nghệ Thực phẩm (CT Chất lượng cao, giảng dạy bằng tiếng Anh, học phí tương ứng)",B00,2025,59.21,,THPT
QSB,Trường Đại Học Bách Khoa HCM,219,Công nghệ Thực phẩm,D07,2025,0.0,,THPT
QSB,Đại học Bách khoa - Đại học Quốc gia TP HCM,219,"Công nghệ Thực phẩm (CT Chất lượng cao, giảng dạy bằng tiếng Anh, học phí tương ứng)",D07,2025,59.21,,THPT
QSB,Đại học Bách khoa - Đại học Quốc gia TP HCM,219,"Công nghệ Thực phẩm (CT Chất lượng cao, giảng dạy bằng tiếng Anh, học phí tương ứng)",D08,2025,59.21,,THPT
QSB,Đại học Bách khoa - Đại học Quốc gia TP HCM,220,"Kỹ thuật Dầu khí (CT Chất lượng cao, giảng dạy bằng tiếng Anh, học phí tương ứng)",A00,2025,60.25,,THPT
QSB,Trường Đại Học Bách Khoa HCM,220,Kỹ thuật Dầu khí,A00,2025,0.0,,THPT
QSB,Trường Đại Học Bách Khoa HCM,220,Kỹ thuật Dầu khí,A01,2025,0.0,,THPT
QSB,Đại học Bách khoa - Đại học Quốc gia TP HCM,220,"Kỹ thuật Dầu khí (CT Chất lượng cao, giảng dạy bằng tiếng Anh, học phí tương ứng)",A01,2025,60.25,,THPT
QSB,Đại học Bách khoa - Đại học Quốc gia TP HCM,223,"Quản lý Công nghiệp (CT Chất lượng cao, giảng dạy bằng tiếng Anh, học phí tương ứng)",A00,2025,61.08,,THPT
QSB,Trường Đại Học Bách Khoa HCM,223,Quản lý Công nghiệp,A00,2025,0.0,,THPT
QSB,Trường Đại Học Bách Khoa HCM,223,Quản lý Công nghiệp,A01,2025,0.0,,THPT
QSB,Đại học Bách khoa - Đại học Quốc gia TP HCM,223,"Quản lý Công nghiệp (CT Chất lượng cao, giảng dạy bằng tiếng Anh, học phí tương ứng)",A01,2025,61.08,,THPT
QSB,Trường Đại Học Bách Khoa HCM,223,Quản lý Công nghiệp,D01,2025,0.0,,THPT
QSB,Đại học Bách khoa - Đại học Quốc gia TP HCM,223,"Quản lý Công nghiệp (CT Chất lượng cao, giảng dạy bằng tiếng Anh, học phí tương ứng)",D01,2025,61.08,,THPT
QSB,Trường Đại Học Bách Khoa HCM,223,Quản lý Công nghiệp,D07,2025,0.0,,THPT
QSB,Đại học Bách khoa - Đại học Quốc gia TP HCM,223,"Quản lý Công nghiệp (CT Chất lượng cao, giảng dạy bằng tiếng Anh, học phí tương ứng)",D07,2025,61.08,,THPT
QSB,Đại học Bách khoa - Đại học Quốc gia TP HCM,225,"Quản lý Tài nguyên và Môi trường (CT Chất lượng cao, giảng dạy bằng tiếng Anh, học phí tương ứng)",A00,2025,55.46,,THPT
QSB,Trường Đại Học Bách Khoa HCM,225,Tài nguyên và Môi trường,A00,2025,0.0,,THPT
QSB,Trường Đại Học Bách Khoa HCM,225,Tài nguyên và Môi trường,A01,2025,0.0,,THPT
QSB,Đại học Bách khoa - Đại học Quốc gia TP HCM,225,"Quản lý Tài nguyên và Môi trường (CT Chất lượng cao, giảng dạy bằng tiếng Anh, học phí tương ứng)",A01,2025,55.46,,THPT
QSB,Trường Đại Học Bách Khoa HCM,225,Tài nguyên và Môi trường,B00,2025,0.0,,THPT
QSB,Đại học Bách khoa - Đại học Quốc gia TP HCM,225,"Quản lý Tài nguyên và Môi trường (CT Chất lượng cao, giảng dạy bằng tiếng Anh, học phí tương ứng)",B00,2025,55.46,,THPT
QSB,Trường Đại Học Bách Khoa HCM,225,Tài nguyên và Môi trường,D07,2025,0.0,,THPT
QSB,Đại học Bách khoa - Đại học Quốc gia TP HCM,225,"Quản lý Tài nguyên và Môi trường (CT Chất lượng cao, giảng dạy bằng tiếng Anh, học phí tương ứng)",D07,2025,55.46,,THPT
QSB,Đại học Bách khoa - Đại học Quốc gia TP HCM,228,"Logistics và Quản lý chuỗi cung ứng (CT Chất lượng cao, tiên tiến)",A00,2025,73.05,,THPT
QSB,Trường Đại Học Bách Khoa HCM,228,Logistics và Hệ thống Công nghiệp,A00,2025,0.0,,THPT
QSB,Trường Đại Học Bách Khoa HCM,228,Logistics và Hệ thống Công nghiệp,A01,2025,0.0,,THPT
QSB,Đại học Bách khoa - Đại học Quốc gia TP HCM,228,"Logistics và Quản lý chuỗi cung ứng (CT Chất lượng cao, tiên tiến)",A01,2025,73.05,,THPT
QSB,Đại học Bách khoa - Đại học Quốc gia TP HCM,229,Kĩ thuật vật liệu (chuyên ngành Kỹ thuật Vật liệu công nghệ cao),A00,2025,55.23,,THPT
QSB,Trường Đại Học Bách Khoa HCM,229,Kỹ thuật Vật liệu,A00,2025,0.0,,THPT
QSB,Trường Đại Học Bách Khoa HCM,229,Kỹ thuật Vật liệu,A01,2025,0.0,,THPT
QSB,Đại học Bách khoa - Đại học Quốc gia TP HCM,229,Kĩ thuật vật liệu (chuyên ngành Kỹ thuật Vật liệu công nghệ cao),A01,2025,55.23,,THPT
QSB,Trường Đại Học Bách Khoa HCM,229,Kỹ thuật Vật liệu,B00,2025,0.0,,THPT
QSB,Trường Đại Học Bách Khoa HCM,229,Kỹ thuật Vật liệu,D07,2025,0.0,,THPT
QSB,Đại học Bách khoa - Đại học Quốc gia TP HCM,229,Kĩ thuật vật liệu (chuyên ngành Kỹ thuật Vật liệu công nghệ cao),D07,2025,55.23,,THPT
QSB,Trường Đại Học Bách Khoa HCM,237,Kỹ thuật Y sinh,A00,2025,0.0,,THPT
QSB,Trường Đại Học Bách Khoa HCM,237,Kỹ thuật Y sinh,A01,2025,0.0,,THPT
QSB,Đại học Bách khoa - Đại học Quốc gia TP HCM,237,"Vật lý Kỹ thuật_Chuyên ngành Kỹ thuật Y sinh (CT Chất lượng cao, tiên tiến)",B00,2025,64.74,,THPT
QSB,Đại học Bách khoa - Đại học Quốc gia TP HCM,237,"Vật lý Kỹ thuật_Chuyên ngành Kỹ thuật Y sinh (CT Chất lượng cao, tiên tiến)",D07,2025,64.74,,THPT
QSB,Đại học Bách khoa - Đại học Quốc gia TP HCM,237,"Vật lý Kỹ thuật_Chuyên ngành Kỹ thuật Y sinh (CT Chất lượng cao, tiên tiến)",D08,2025,64.74,,THPT
QSB,Đại học Bách khoa - Đại học Quốc gia TP HCM,242,"Kỹ thuật Ô tô (CT Chất lượng cao, giảng dạy bằng tiếng Anh, học phí tương ứng)",A00,2025,69.49,,THPT
QSB,Trường Đại Học Bách Khoa HCM,242,Kỹ thuật Ô tô,A00,2025,0.0,,THPT
QSB,Trường Đại Học Bách Khoa HCM,242,Kỹ thuật Ô tô,A01,2025,0.0,,THPT
QSB,Đại học Bách khoa - Đại học Quốc gia TP HCM,242,"Kỹ thuật Ô tô (CT Chất lượng cao, giảng dạy bằng tiếng Anh, học phí tương ứng)",A01,2025,69.49,,THPT
QSB,Đại học Bách khoa - Đại học Quốc gia TP HCM,245,"Kỹ thuật Xây dựng Công trình Giao thông (CT Chất lượng cao, giảng dạy bằng tiếng Anh, học phí tương ứng)",A00,2025,78.79,,THPT
QSB,Trường Đại Học Bách Khoa HCM,245,Kỹ thuật Hàng không,A00,2025,0.0,,THPT
QSB,Trường Đại Học Bách Khoa HCM,245,Kỹ thuật Hàng không,A01,2025,0.0,,THPT
QSB,Đại học Bách khoa - Đại học Quốc gia TP HCM,245,"Kỹ thuật Xây dựng Công trình Giao thông (CT Chất lượng cao, giảng dạy bằng tiếng Anh, học phí tương ứng)",A01,2025,78.79,,THPT
QSB,Đại học Bách khoa - Đại học Quốc gia TP HCM,253,Kinh doanh số,A00,2025,59.06,,THPT
QSB,Trường Đại Học Bách Khoa HCM,253,Kinh doanh số (Ngành mới),A00,2025,0.0,,THPT
QSB,Trường Đại Học Bách Khoa HCM,253,Kinh doanh số (Ngành mới),A01,2025,0.0,,THPT
QSB,Đại học Bách khoa - Đại học Quốc gia TP HCM,253,Kinh doanh số,A01,2025,59.06,,THPT
QSB,Trường Đại Học Bách Khoa HCM,253,Kinh doanh số (Ngành mới),D01,2025,0.0,,THPT
QSB,Đại học Bách khoa - Đại học Quốc gia TP HCM,253,Kinh doanh số,D01,2025,59.06,,THPT
QSB,Trường Đại Học Bách Khoa HCM,253,Kinh doanh số (Ngành mới),D07,2025,0.0,,THPT
QSB,Đại học Bách khoa - Đại học Quốc gia TP HCM,253,Kinh doanh số,D07,2025,59.06,,THPT
QSB,Đại học Bách khoa - Đại học Quốc gia TP HCM,254,Công nghệ Sinh học số,B00,2025,56.42,,THPT
QSB,Trường Đại Học Bách Khoa HCM,254,Công nghệ Sinh học số (Ngành mới),B00,2025,0.0,,THPT
QSB,Trường Đại Học Bách Khoa HCM,254,Công nghệ Sinh học số (Ngành mới),D07,2025,0.0,,THPT
QSB,Đại học Bách khoa - Đại học Quốc gia TP HCM,254,Công nghệ Sinh học số,D07,2025,56.42,,THPT
QSB,Đại học Bách khoa - Đại học Quốc gia TP HCM,254,Công nghệ Sinh học số,D08,2025,56.42,,THPT
QSB,Đại học Bách khoa - Đại học Quốc gia TP HCM,255,Kinh tế Tuần hoàn,A00,2025,64.38,,THPT
QSB,Trường Đại Học Bách Khoa HCM,255,Kinh tế Tuần hoàn (Ngành mới),A00,2025,0.0,,THPT
QSB,Trường Đại Học Bách Khoa HCM,255,Kinh tế Tuần hoàn (Ngành mới),A01,2025,0.0,,THPT
QSB,Đại học Bách khoa - Đại học Quốc gia TP HCM,255,Kinh tế Tuần hoàn,A01,2025,64.38,,THPT
QSB,Trường Đại Học Bách Khoa HCM,255,Kinh tế Tuần hoàn (Ngành mới),B00,2025,0.0,,THPT
QSB,Đại học Bách khoa - Đại học Quốc gia TP HCM,255,Kinh tế Tuần hoàn,B00,2025,64.38,,THPT
QSB,Trường Đại Học Bách Khoa HCM,255,Kinh tế Tuần hoàn (Ngành mới),D07,2025,0.0,,THPT
QSB,Đại học Bách khoa - Đại học Quốc gia TP HCM,255,Kinh tế Tuần hoàn,D07,2025,64.38,,THPT
QSB,Đại học Bách khoa - Đại học Quốc gia TP HCM,257,Năng lượng Tái tạo,A00,2025,58.07,,THPT
QSB,Trường Đại Học Bách Khoa HCM,257,Năng lượng Tái tạo (Ngành mới),A00,2025,0.0,,THPT
QSB,Trường Đại Học Bách Khoa HCM,257,Năng lượng Tái tạo (Ngành mới),A01,2025,0.0,,THPT
QSB,Đại học Bách khoa - Đại học Quốc gia TP HCM,257,Năng lượng Tái tạo,A01,2025,58.07,,THPT
QSB,Đại học Bách khoa - Đại học Quốc gia TP HCM,258,Thiết kế Vi mạch,A00,2025,83.09,,THPT
QSB,Trường Đại Học Bách Khoa HCM,258,Thiết kế Vi mạch (Ngành mới),A00,2025,0.0,,THPT
QSB,Trường Đại Học Bách Khoa HCM,258,Thiết kế Vi mạch (Ngành mới),A01,2025,0.0,,THPT
QSB,Đại học Bách khoa - Đại học Quốc gia TP HCM,258,Thiết kế Vi mạch,A01,2025,83.09,,THPT
QSB,Đại học Bách khoa - Đại học Quốc gia TP HCM,266,"Khoa học Máy tính - (CLC tăng cường tiếng Nhật) (CT Chất lượng cao, tiên tiến)",A00,2025,77.05,,THPT
QSB,Trường Đại Học Bách Khoa HCM,266,Khoa học Máy tính,A00,2025,0.0,,THPT
QSB,Trường Đại Học Bách Khoa HCM,266,Khoa học Máy tính,A01,2025,0.0,,THPT
QSB,Đại học Bách khoa - Đại học Quốc gia TP HCM,266,"Khoa học Máy tính - (CLC tăng cường tiếng Nhật) (CT Chất lượng cao, tiên tiến)",A01,2025,77.05,,THPT
QSB,Đại học Bách khoa - Đại học Quốc gia TP HCM,268,Cơ Kỹ thuật - CLC Tăng cường Tiếng Nhật,A00,2025,69.4,,THPT
QSB,Trường Đại Học Bách Khoa HCM,268,Cơ Kỹ thuật,A00,2025,0.0,,THPT
QSB,Trường Đại Học Bách Khoa HCM,268,Cơ Kỹ thuật,A01,2025,0.0,,THPT
QSB,Đại học Bách khoa - Đại học Quốc gia TP HCM,268,Cơ Kỹ thuật - CLC Tăng cường Tiếng Nhật,A01,2025,69.4,,THPT
QSB,Đại học Bách khoa - Đại học Quốc gia TP HCM,306,"Khoa học Máy tính | Úc, New Zealand, Mỹ",A00,2025,72.9,,THPT
QSB,Trường Đại Học Bách Khoa HCM,306,"Khoa học Máy tính | Úc, New Zealand, Mỹ",A00,2025,0.0,,THPT
QSB,Trường Đại Học Bách Khoa HCM,306,"Khoa học Máy tính | Úc, New Zealand, Mỹ",A01,2025,0.0,,THPT
QSB,Đại học Bách khoa - Đại học Quốc gia TP HCM,306,"Khoa học Máy tính | Úc, New Zealand, Mỹ",A01,2025,72.9,,THPT
QSB,Đại học Bách khoa - Đại học Quốc gia TP HCM,307,"Kỹ thuật Máy tính | Úc, New Zealand",A00,2025,67.68,,THPT
QSB,Trường Đại Học Bách Khoa HCM,307,"Kỹ thuật Máy tính | Úc, New Zealand",A00,2025,0.0,,THPT
QSB,Trường Đại Học Bách Khoa HCM,307,"Kỹ thuật Máy tính | Úc, New Zealand",A01,2025,0.0,,THPT
QSB,Đại học Bách khoa - Đại học Quốc gia TP HCM,307,"Kỹ thuật Máy tính | Úc, New Zealand",A01,2025,67.68,,THPT
QSB,Đại học Bách khoa - Đại học Quốc gia TP HCM,308,Kỹ thuật Điện - Điện tử | Úc,A00,2025,65.52,,THPT
QSB,Trường Đại Học Bách Khoa HCM,308,"Kỹ thuật Điện - Điện tử | Úc, Hàn Quốc",A00,2025,0.0,,THPT
QSB,Trường Đại Học Bách Khoa HCM,308,"Kỹ thuật Điện - Điện tử | Úc, Hàn Quốc",A01,2025,0.0,,THPT
QSB,Đại học Bách khoa - Đại học Quốc gia TP HCM,308,Kỹ thuật Điện - Điện tử | Úc,A01,2025,65.52,,THPT
QSB,Đại học Bách khoa - Đại học Quốc gia TP HCM,309,"Kỹ thuật Cơ khí | Mỹ (dự kiến), Úc",A00,2025,74.3,,THPT
QSB,Trường Đại Học Bách Khoa HCM,309,"Kỹ thuật Cơ khí | Mỹ, Úc",A00,2025,0.0,,THPT
QSB,Trường Đại Học Bách Khoa HCM,309,"Kỹ thuật Cơ khí | Mỹ, Úc",A01,2025,0.0,,THPT
QSB,Đại học Bách khoa - Đại học Quốc gia TP HCM,309,"Kỹ thuật Cơ khí | Mỹ (dự kiến), Úc",A01,2025,74.3,,THPT
QSB,Đại học Bách khoa - Đại học Quốc gia TP HCM,310,"Kỹ thuật Cơ Điện tử | Mỹ (dự kiến), Úc",A00,2025,78.44,,THPT
QSB,Trường Đại Học Bách Khoa HCM,310,"Kỹ thuật Cơ Điện tử | Mỹ, Úc",A00,2025,0.0,,THPT
QSB,Trường Đại Học Bách Khoa HCM,310,"Kỹ thuật Cơ Điện tử | Mỹ, Úc",A01,2025,0.0,,THPT
QSB,Đại học Bách khoa - Đại học Quốc gia TP HCM,310,"Kỹ thuật Cơ Điện tử | Mỹ (dự kiến), Úc",A01,2025,78.44,,THPT
QSB,Đại học Bách khoa - Đại học Quốc gia TP HCM,314,Kỹ thuật Hóa học | Úc,A00,2025,63.3,,THPT
QSB,Trường Đại Học Bách Khoa HCM,314,Kỹ thuật Hóa học | Úc,A00,2025,0.0,,THPT
QSB,Trường Đại Học Bách Khoa HCM,314,Kỹ thuật Hóa học | Úc,B00,2025,0.0,,THPT
QSB,Đại học Bách khoa - Đại học Quốc gia TP HCM,314,Kỹ thuật Hóa học | Úc,B00,2025,63.3,,THPT
QSB,Trường Đại Học Bách Khoa HCM,314,Kỹ thuật Hóa học | Úc,D07,2025,0.0,,THPT
QSB,Đại học Bách khoa - Đại học Quốc gia TP HCM,314,Kỹ thuật Hóa học | Úc,D07,2025,63.3,,THPT
QSB,Đại học Bách khoa - Đại học Quốc gia TP HCM,315,Kỹ thuật Xây dựng | Úc,A00,2025,56.2,,THPT
QSB,Trường Đại Học Bách Khoa HCM,315,Kỹ thuật Xây dựng | Úc,A00,2025,0.0,,THPT
QSB,Trường Đại Học Bách Khoa HCM,315,Kỹ thuật Xây dựng | Úc,A01,2025,0.0,,THPT
QSB,Đại học Bách khoa - Đại học Quốc gia TP HCM,315,Kỹ thuật Xây dựng | Úc,A01,2025,56.2,,THPT
QSB,Đại học Bách khoa - Đại học Quốc gia TP HCM,319,Công nghệ Thực phẩm | New Zealand,A00,2025,56.2,,THPT
QSB,Trường Đại Học Bách Khoa HCM,319,Công nghệ Thực phẩm | New Zealand,A00,2025,0.0,,THPT
QSB,Trường Đại Học Bách Khoa HCM,319,Công nghệ Thực phẩm | New Zealand,B00,2025,0.0,,THPT
QSB,Đại học Bách khoa - Đại học Quốc gia TP HCM,319,Công nghệ Thực phẩm | New Zealand,B00,2025,56.2,,THPT
QSB,Trường Đại Học Bách Khoa HCM,319,Công nghệ Thực phẩm | New Zealand,D07,2025,0.0,,THPT
QSB,Đại học Bách khoa - Đại học Quốc gia TP HCM,319,Công nghệ Thực phẩm | New Zealand,D07,2025,56.2,,THPT
QSB,Đại học Bách khoa - Đại học Quốc gia TP HCM,323,Quản lý Công nghiệp | Úc,A00,2025,61.08,,THPT
QSB,Trường Đại Học Bách Khoa HCM,323,Quản lý Công nghiệp | Úc,A00,2025,0.0,,THPT
QSB,Trường Đại Học Bách Khoa HCM,323,Quản lý Công nghiệp | Úc,A01,2025,0.0,,THPT
QSB,Đại học Bách khoa - Đại học Quốc gia TP HCM,323,Quản lý Công nghiệp | Úc,A01,2025,61.08,,THPT
QSB,Trường Đại Học Bách Khoa HCM,323,Quản lý Công nghiệp | Úc,D01,2025,0.0,,THPT
QSB,Đại học Bách khoa - Đại học Quốc gia TP HCM,323,Quản lý Công nghiệp | Úc,D01,2025,61.08,,THPT
QSB,Trường Đại Học Bách Khoa HCM,323,Quản lý Công nghiệp | Úc,D07,2025,0.0,,THPT
QSB,Đại học Bách khoa - Đại học Quốc gia TP HCM,323,Quản lý Công nghiệp | Úc,D07,2025,61.08,,THPT
QSB,Đại học Bách khoa - Đại học Quốc gia TP HCM,325,"Kỹ thuật Môi trường, Quản lý Tài nguyên & Môi trường | Úc",A00,2025,54.46,,THPT
QSB,Trường Đại Học Bách Khoa HCM,325,"Kỹ thuật Môi trường, Quản lý Tài nguyên & Môi trường | Úc",A00,2025,0.0,,THPT
QSB,Trường Đại Học Bách Khoa HCM,325,"Kỹ thuật Môi trường, Quản lý Tài nguyên & Môi trường | Úc",A01,2025,0.0,,THPT
QSB,Đại học Bách khoa - Đại học Quốc gia TP HCM,325,"Kỹ thuật Môi trường, Quản lý Tài nguyên & Môi trường | Úc",A01,2025,54.46,,THPT
QSB,Trường Đại Học Bách Khoa HCM,325,"Kỹ thuật Môi trường, Quản lý Tài nguyên & Môi trường | Úc",B00,2025,0.0,,THPT
QSB,Đại học Bách khoa - Đại học Quốc gia TP HCM,325,"Kỹ thuật Môi trường, Quản lý Tài nguyên & Môi trường | Úc",B00,2025,54.46,,THPT
QSB,Trường Đại Học Bách Khoa HCM,325,"Kỹ thuật Môi trường, Quản lý Tài nguyên & Môi trường | Úc",D07,2025,0.0,,THPT
QSB,Đại học Bách khoa - Đại học Quốc gia TP HCM,325,"Kỹ thuật Môi trường, Quản lý Tài nguyên & Môi trường | Úc",D07,2025,54.46,,THPT
QSB,Đại học Bách khoa - Đại học Quốc gia TP HCM,342,Kỹ thuật Ô tô | Úc,A00,2025,69.49,,THPT
QSB,Trường Đại Học Bách Khoa HCM,342,Kỹ thuật Ô tô | Úc,A00,2025,0.0,,THPT
QSB,Trường Đại Học Bách Khoa HCM,342,Kỹ thuật Ô tô | Úc,A01,2025,0.0,,THPT
QSB,Đại học Bách khoa - Đại học Quốc gia TP HCM,342,Kỹ thuật Ô tô | Úc,A01,2025,69.49,,THPT
QSB,Đại học Bách khoa - Đại học Quốc gia TP HCM,345,Kỹ thuật Hàng không | Úc,A00,2025,78.79,,THPT
QSB,Trường Đại Học Bách Khoa HCM,345,Kỹ thuật Hàng không | Úc,A00,2025,0.0,,THPT
QSB,Trường Đại Học Bách Khoa HCM,345,Kỹ thuật Hàng không | Úc,A01,2025,0.0,,THPT
QSB,Đại học Bách khoa - Đại học Quốc gia TP HCM,345,Kỹ thuật Hàng không | Úc,A01,2025,78.79,,THPT
QSB,Đại học Bách khoa - Đại học Quốc gia TP HCM,406,Trí tuệ Nhân tạo | ĐH Công nghệ Sydney (Úc) cấp bằng,A00,2025,65.5,,THPT
QSB,Trường Đại Học Bách Khoa HCM,406,Trí tuệ Nhân tạo | ĐH Công nghệ Sydney (Úc) cấp bằng,A00,2025,0.0,,THPT
QSB,Trường Đại Học Bách Khoa HCM,406,Trí tuệ Nhân tạo | ĐH Công nghệ Sydney (Úc) cấp bằng,A01,2025,0.0,,THPT
QSB,Đại học Bách khoa - Đại học Quốc gia TP HCM,406,Trí tuệ Nhân tạo | ĐH Công nghệ Sydney (Úc) cấp bằng,A01,2025,65.5,,THPT
QSB,Đại học Bách khoa - Đại học Quốc gia TP HCM,416,Công nghệ Thông tin | ĐH Công nghệ Sydney (Úc) cấp bằng,A00,2025,57.38,,THPT
QSB,Trường Đại Học Bách Khoa HCM,416,Công nghệ Thông tin | ĐH Công nghệ Sydney (Úc) cấp bằng,A00,2025,0.0,,THPT
QSB,Trường Đại Học Bách Khoa HCM,416,Công nghệ Thông tin | ĐH Công nghệ Sydney (Úc) cấp bằng,A01,2025,0.0,,THPT
QSB,Đại học Bách khoa - Đại học Quốc gia TP HCM,416,Công nghệ Thông tin | ĐH Công nghệ Sydney (Úc) cấp bằng,A01,2025,57.38,,THPT
QSC,Đại học Công nghệ Thông tin - Đại học Quốc gia TP HCM,7320104,Truyền thông đa phương tiện,A01,2025,25.0,,THPT
QSC,Trường Đại Học Công Nghệ Thông Tin - ĐHQG TPHCM,7320104,Truyền thông Đa phương tiện,A01,2025,25.0,,THPT
QSC,Trường Đại Học Công Nghệ Thông Tin - ĐHQG TPHCM,7320104,Truyền thông Đa phương tiện,A01,2025,25.0,,THPT
QSC,Trường Đại Học Công Nghệ Thông Tin - ĐHQG TPHCM,7320104,Truyền thông Đa phương tiện,D01,2025,25.0,,THPT
QSC,Trường Đại Học Công Nghệ Thông Tin - ĐHQG TPHCM,7320104,Truyền thông Đa phương tiện,D01,2025,25.0,,THPT
QSC,Đại học Công nghệ Thông tin - Đại học Quốc gia TP HCM,7320104,Truyền thông đa phương tiện,D01,2025,25.0,,THPT
QSC,Trường Đại Học Công Nghệ Thông Tin - ĐHQG TPHCM,7320104,Truyền thông Đa phương tiện,D07,2025,25.0,,THPT
QSC,Trường Đại Học Công Nghệ Thông Tin - ĐHQG TPHCM,7320104,Truyền thông Đa phương tiện,D09,2025,25.0,,THPT
QSC,Trường Đại Học Công Nghệ Thông Tin - ĐHQG TPHCM,7320104,Truyền thông Đa phương tiện,D09,2025,25.0,,THPT
QSC,Đại học Công nghệ Thông tin - Đại học Quốc gia TP HCM,7320104,Truyền thông đa phương tiện,D09,2025,25.0,,THPT
QSC,Trường Đại Học Công Nghệ Thông Tin - ĐHQG TPHCM,7320104,Truyền thông Đa phương tiện,D10,2025,25.0,,THPT
QSC,Trường Đại Học Công Nghệ Thông Tin - ĐHQG TPHCM,7320104,Truyền thông Đa phương tiện,D10,2025,25.0,,THPT
QSC,Đại học Công nghệ Thông tin - Đại học Quốc gia TP HCM,7320104,Truyền thông đa phương tiện,D10,2025,25.0,,THPT
QSC,Đại học Công nghệ Thông tin - Đại học Quốc gia TP HCM,7340122,Thương mại điện tử,A00,2025,24.57,,THPT
QSC,Trường Đại Học Công Nghệ Thông Tin - ĐHQG TPHCM,7340122,Thương mại điện tử,A00,2025,24.57,,THPT
QSC,Trường Đại Học Công Nghệ Thông Tin - ĐHQG TPHCM,7340122,Thương mại điện tử,A01,2025,24.57,,THPT
QSC,Đại học Công nghệ Thông tin - Đại học Quốc gia TP HCM,7340122,Thương mại điện tử,A01,2025,24.57,,THPT
QSC,Trường Đại Học Công Nghệ Thông Tin - ĐHQG TPHCM,7340122,Thương mại điện tử,D01,2025,24.57,,THPT
QSC,Đại học Công nghệ Thông tin - Đại học Quốc gia TP HCM,7340122,Thương mại điện tử,D01,2025,24.57,,THPT
QSC,Trường Đại Học Công Nghệ Thông Tin - ĐHQG TPHCM,7340122,Thương mại điện tử,D07,2025,24.57,,THPT
QSC,Đại học Công nghệ Thông tin - Đại học Quốc gia TP HCM,7340122,Thương mại điện tử,D07,2025,24.57,,THPT
QSC,Trường Đại Học Công Nghệ Thông Tin - ĐHQG TPHCM,7460108,Khoa học dữ liệu,A00,2025,27.7,,THPT
QSC,Trường Đại Học Công Nghệ Thông Tin - ĐHQG TPHCM,7460108,Khoa học dữ liệu,A01,2025,27.7,,THPT
QSC,Trường Đại Học Công Nghệ Thông Tin - ĐHQG TPHCM,7460108,Khoa học dữ liệu,D01,2025,27.7,,THPT
QSC,Trường Đại Học Công Nghệ Thông Tin - ĐHQG TPHCM,7460108,Khoa học dữ liệu,D07,2025,27.7,,THPT
QSC,Đại học Công nghệ Thông tin - Đại học Quốc gia TP HCM,7480101,Khoa học máy tính,A00,2025,27.2,,THPT
QSC,Trường Đại Học Công Nghệ Thông Tin - ĐHQG TPHCM,7480101,Khoa học máy tính,A00,2025,27.2,,THPT
QSC,Trường Đại Học Công Nghệ Thông Tin - ĐHQG TPHCM,7480101,Khoa học máy tính,A01,2025,27.2,,THPT
QSC,Đại học Công nghệ Thông tin - Đại học Quốc gia TP HCM,7480101,Khoa học máy tính,A01,2025,27.2,,THPT
QSC,Trường Đại Học Công Nghệ Thông Tin - ĐHQG TPHCM,7480101,Khoa học máy tính,D01,2025,27.2,,THPT
QSC,Đại học Công nghệ Thông tin - Đại học Quốc gia TP HCM,7480101,Khoa học máy tính,D01,2025,27.2,,THPT
QSC,Trường Đại Học Công Nghệ Thông Tin - ĐHQG TPHCM,7480101,Khoa học máy tính,D07,2025,27.2,,THPT
QSC,Đại học Công nghệ Thông tin - Đại học Quốc gia TP HCM,7480101,Khoa học máy tính,D07,2025,27.2,,THPT
QSC,Đại học Công nghệ Thông tin - Đại học Quốc gia TP HCM,7480102,Mạng máy tính và truyền thông dữ liệu,A00,2025,24.0,,THPT
QSC,Trường Đại Học Công Nghệ Thông Tin - ĐHQG TPHCM,7480102,Mạng máy tính và truyền thông dữ liệu,A00,2025,24.0,,THPT
QSC,Trường Đại Học Công Nghệ Thông Tin - ĐHQG TPHCM,7480102,Mạng máy tính và truyền thông dữ liệu,A01,2025,24.0,,THPT
QSC,Đại học Công nghệ Thông tin - Đại học Quốc gia TP HCM,7480102,Mạng máy tính và truyền thông dữ liệu,A01,2025,24.0,,THPT
QSC,Trường Đại Học Công Nghệ Thông Tin - ĐHQG TPHCM,7480102,Mạng máy tính và truyền thông dữ liệu,D01,2025,24.0,,THPT
QSC,Đại học Công nghệ Thông tin - Đại học Quốc gia TP HCM,7480102,Mạng máy tính và truyền thông dữ liệu,D01,2025,24.0,,THPT
QSC,Trường Đại Học Công Nghệ Thông Tin - ĐHQG TPHCM,7480102,Mạng máy tính và truyền thông dữ liệu,D07,2025,24.0,,THPT
QSC,Đại học Công nghệ Thông tin - Đại học Quốc gia TP HCM,7480102,Mạng máy tính và truyền thông dữ liệu,D07,2025,24.0,,THPT
QSC,Đại học Công nghệ Thông tin - Đại học Quốc gia TP HCM,7480103,Kỹ thuật phần mềm,A00,2025,26.0,,THPT
QSC,Trường Đại Học Công Nghệ Thông Tin - ĐHQG TPHCM,7480103,Kỹ thuật phần mềm,A00,2025,26.0,,THPT
QSC,Trường Đại Học Công Nghệ Thông Tin - ĐHQG TPHCM,7480103,Kỹ thuật phần mềm,A01,2025,26.0,,THPT
QSC,Đại học Công nghệ Thông tin - Đại học Quốc gia TP HCM,7480103,Kỹ thuật phần mềm,A01,2025,26.0,,THPT
QSC,Trường Đại Học Công Nghệ Thông Tin - ĐHQG TPHCM,7480103,Kỹ thuật phần mềm,D01,2025,26.0,,THPT
QSC,Đại học Công nghệ Thông tin - Đại học Quốc gia TP HCM,7480103,Kỹ thuật phần mềm,D01,2025,26.0,,THPT
QSC,Trường Đại Học Công Nghệ Thông Tin - ĐHQG TPHCM,7480103,Kỹ thuật phần mềm,D07,2025,26.0,,THPT
QSC,Đại học Công nghệ Thông tin - Đại học Quốc gia TP HCM,7480103,Kỹ thuật phần mềm,D07,2025,26.0,,THPT
QSC,Đại học Công nghệ Thông tin - Đại học Quốc gia TP HCM,7480104,Hệ thống thông tin,A00,2025,24.7,,THPT
QSC,Trường Đại Học Công Nghệ Thông Tin - ĐHQG TPHCM,7480104,Hệ thống thông tin,A00,2025,24.7,,THPT
QSC,Trường Đại Học Công Nghệ Thông Tin - ĐHQG TPHCM,7480104,Hệ thống thông tin,A01,2025,24.7,,THPT
QSC,Đại học Công nghệ Thông tin - Đại học Quốc gia TP HCM,7480104,Hệ thống thông tin,A01,2025,24.7,,THPT
QSC,Trường Đại Học Công Nghệ Thông Tin - ĐHQG TPHCM,7480104,Hệ thống thông tin,D01,2025,24.7,,THPT
QSC,Đại học Công nghệ Thông tin - Đại học Quốc gia TP HCM,7480104,Hệ thống thông tin,D01,2025,24.7,,THPT
QSC,Trường Đại Học Công Nghệ Thông Tin - ĐHQG TPHCM,7480104,Hệ thống thông tin,D07,2025,24.7,,THPT
QSC,Đại học Công nghệ Thông tin - Đại học Quốc gia TP HCM,7480104,Hệ thống thông tin,D07,2025,24.7,,THPT
QSC,Trường Đại Học Công Nghệ Thông Tin - ĐHQG TPHCM,7480104,Hệ thống thông tin,D08,2025,24.7,,THPT
QSC,Đại học Công nghệ Thông tin - Đại học Quốc gia TP HCM,7480104,Hệ thống thông tin,D08,2025,24.7,,THPT
QSC,Đại học Công nghệ Thông tin - Đại học Quốc gia TP HCM,7480104_TT,Hệ thống thông tin chương trình tiên tiến,A01,2025,24.2,,THPT
QSC,Trường Đại Học Công Nghệ Thông Tin - ĐHQG TPHCM,7480104_TT,Hệ thống thông tin (tiên tiến),A01,2025,24.2,,THPT
QSC,Trường Đại Học Công Nghệ Thông Tin - ĐHQG TPHCM,7480104_TT,Hệ thống thông tin (tiên tiến),D01,2025,24.2,,THPT
QSC,Đại học Công nghệ Thông tin - Đại học Quốc gia TP HCM,7480104_TT,Hệ thống thông tin chương trình tiên tiến,D01,2025,24.2,,THPT
QSC,Trường Đại Học Công Nghệ Thông Tin - ĐHQG TPHCM,7480104_TT,Hệ thống thông tin (tiên tiến),D07,2025,24.2,,THPT
QSC,Đại học Công nghệ Thông tin - Đại học Quốc gia TP HCM,7480104_TT,Hệ thống thông tin chương trình tiên tiến,D07,2025,24.2,,THPT
QSC,Trường Đại Học Công Nghệ Thông Tin - ĐHQG TPHCM,7480104_TT,Hệ thống thông tin (tiên tiến),D08,2025,24.2,,THPT
QSC,Đại học Công nghệ Thông tin - Đại học Quốc gia TP HCM,7480104_TT,Hệ thống thông tin chương trình tiên tiến,D08,2025,24.2,,THPT
QSC,Đại học Công nghệ Thông tin - Đại học Quốc gia TP HCM,7480106,Kỹ thuật máy tính,A00,2025,25.3,,THPT
QSC,Trường Đại Học Công Nghệ Thông Tin - ĐHQG TPHCM,7480106,Kỹ thuật máy tính,A00,2025,25.3,,THPT
QSC,Trường Đại Học Công Nghệ Thông Tin - ĐHQG TPHCM,7480106,Kỹ thuật máy tính,A01,2025,25.3,,THPT
QSC,Đại học Công nghệ Thông tin - Đại học Quốc gia TP HCM,7480106,Kỹ thuật máy tính,A01,2025,25.3,,THPT
QSC,Đại học Công nghệ Thông tin - Đại học Quốc gia TP HCM,7480107,Trí tuệ nhân tạo,A00,2025,29.6,,THPT
QSC,Trường Đại Học Công Nghệ Thông Tin - ĐHQG TPHCM,7480107,Trí tuệ nhân tạo,A00,2025,29.6,,THPT
QSC,Trường Đại Học Công Nghệ Thông Tin - ĐHQG TPHCM,7480107,Trí tuệ nhân tạo,A01,2025,29.6,,THPT
QSC,Đại học Công nghệ Thông tin - Đại học Quốc gia TP HCM,7480107,Trí tuệ nhân tạo,A01,2025,29.6,,THPT
QSC,Trường Đại Học Công Nghệ Thông Tin - ĐHQG TPHCM,7480107,Trí tuệ nhân tạo,D01,2025,29.6,,THPT
QSC,Đại học Công nghệ Thông tin - Đại học Quốc gia TP HCM,7480107,Trí tuệ nhân tạo,D01,2025,29.6,,THPT
QSC,Trường Đại Học Công Nghệ Thông Tin - ĐHQG TPHCM,7480107,Trí tuệ nhân tạo,D07,2025,29.6,,THPT
QSC,Đại học Công nghệ Thông tin - Đại học Quốc gia TP HCM,7480107,Trí tuệ nhân tạo,D07,2025,29.6,,THPT
QSC,Đại học Công nghệ Thông tin - Đại học Quốc gia TP HCM,7480109,Khoa học Dữ liệu,A00,2025,27.7,,THPT
QSC,Đại học Công nghệ Thông tin - Đại học Quốc gia TP HCM,7480109,Khoa học Dữ liệu,A01,2025,27.7,,THPT
QSC,Đại học Công nghệ Thông tin - Đại học Quốc gia TP HCM,7480109,Khoa học Dữ liệu,D01,2025,27.7,,THPT
QSC,Đại học Công nghệ Thông tin - Đại học Quốc gia TP HCM,7480109,Khoa học Dữ liệu,D07,2025,27.7,,THPT
QSC,Đại học Công nghệ Thông tin - Đại học Quốc gia TP HCM,7480201,Công nghệ thông tin,A00,2025,26.6,,THPT
QSC,Trường Đại Học Công Nghệ Thông Tin - ĐHQG TPHCM,7480201,Công nghệ thông tin,A00,2025,26.6,,THPT
QSC,Trường Đại Học Công Nghệ Thông Tin - ĐHQG TPHCM,7480201,Công nghệ thông tin,A01,2025,26.6,,THPT
QSC,Đại học Công nghệ Thông tin - Đại học Quốc gia TP HCM,7480201,Công nghệ thông tin,A01,2025,26.6,,THPT
QSC,Trường Đại Học Công Nghệ Thông Tin - ĐHQG TPHCM,7480201,Công nghệ thông tin,D01,2025,26.6,,THPT
QSC,Đại học Công nghệ Thông tin - Đại học Quốc gia TP HCM,7480201,Công nghệ thông tin,D01,2025,26.6,,THPT
QSC,Trường Đại Học Công Nghệ Thông Tin - ĐHQG TPHCM,7480201,Công nghệ thông tin,D07,2025,26.6,,THPT
QSC,Đại học Công nghệ Thông tin - Đại học Quốc gia TP HCM,7480201,Công nghệ thông tin,D07,2025,26.6,,THPT
QSC,Đại học Công nghệ Thông tin - Đại học Quốc gia TP HCM,7480201_VN,Công nghệ thông tin (Việt - Nhật),A00,2025,24.2,,THPT
QSC,Trường Đại Học Công Nghệ Thông Tin - ĐHQG TPHCM,7480201_VN,Công nghệ thông tin Việt Nhật,A00,2025,24.2,,THPT
QSC,Trường Đại Học Công Nghệ Thông Tin - ĐHQG TPHCM,7480201_VN,Công nghệ thông tin Việt Nhật,A01,2025,24.2,,THPT
QSC,Đại học Công nghệ Thông tin - Đại học Quốc gia TP HCM,7480201_VN,Công nghệ thông tin (Việt - Nhật),A01,2025,24.2,,THPT
QSC,Trường Đại Học Công Nghệ Thông Tin - ĐHQG TPHCM,7480201_VN,Công nghệ thông tin Việt Nhật,D01,2025,24.2,,THPT
QSC,Đại học Công nghệ Thông tin - Đại học Quốc gia TP HCM,7480201_VN,Công nghệ thông tin (Việt - Nhật),D01,2025,24.2,,THPT
QSC,Trường Đại Học Công Nghệ Thông Tin - ĐHQG TPHCM,7480201_VN,Công nghệ thông tin Việt Nhật,D07,2025,24.2,,THPT
QSC,Đại học Công nghệ Thông tin - Đại học Quốc gia TP HCM,7480201_VN,Công nghệ thông tin (Việt - Nhật),D07,2025,24.2,,THPT
QSC,Đại học Công nghệ Thông tin - Đại học Quốc gia TP HCM,7480202,An toàn thông tin,A00,2025,26.27,,THPT
QSC,Trường Đại Học Công Nghệ Thông Tin - ĐHQG TPHCM,7480202,An toàn thông tin,A00,2025,26.27,,THPT
QSC,Trường Đại Học Công Nghệ Thông Tin - ĐHQG TPHCM,7480202,An toàn thông tin,A01,2025,26.27,,THPT
QSC,Đại học Công nghệ Thông tin - Đại học Quốc gia TP HCM,7480202,An toàn thông tin,A01,2025,26.27,,THPT
QSC,Trường Đại Học Công Nghệ Thông Tin - ĐHQG TPHCM,7480202,An toàn thông tin,D01,2025,26.27,,THPT
QSC,Đại học Công nghệ Thông tin - Đại học Quốc gia TP HCM,7480202,An toàn thông tin,D01,2025,26.27,,THPT
QSC,Trường Đại Học Công Nghệ Thông Tin - ĐHQG TPHCM,7480202,An toàn thông tin,D07,2025,26.27,,THPT
QSC,Đại học Công nghệ Thông tin - Đại học Quốc gia TP HCM,7480202,An toàn thông tin,D07,2025,26.27,,THPT
QSC,Trường Đại Học Công Nghệ Thông Tin - ĐHQG TPHCM,752020A1,Thiết kế Vi mạch,A00,2025,27.0,,THPT
QSC,Trường Đại Học Công Nghệ Thông Tin - ĐHQG TPHCM,752020A1,Thiết kế Vi mạch,A01,2025,27.0,,THPT
QSC,Đại học Công nghệ Thông tin - Đại học Quốc gia TP HCM,75202a1,Thiết kế vi mạch,A00,2025,27.0,,THPT
QSC,Đại học Công nghệ Thông tin - Đại học Quốc gia TP HCM,75202a1,Thiết kế vi mạch,A01,2025,27.0,,THPT
QSK,"Đại học Kinh tế - Luật, Đại học Quốc gia TP HCM",7310101_401,Kinh tế học,A00,2025,25.42,,THPT
QSK,Trường Đại học Kinh Tế Luật TPHCM,7310101_401,Kinh tế (Chuyên ngành Kinh tế học),A00,2025,25.42,,THPT
QSK,Trường Đại học Kinh Tế Luật TPHCM,7310101_401,Kinh tế (Chuyên ngành Kinh tế học),A00,2025,25.42,,THPT
QSK,Trường Đại học Kinh Tế Luật TPHCM,7310101_401,Kinh tế (Chuyên ngành Kinh tế học),A01,2025,25.42,,THPT
QSK,Trường Đại học Kinh Tế Luật TPHCM,7310101_401,Kinh tế (Chuyên ngành Kinh tế học),A01,2025,25.42,,THPT
QSK,"Đại học Kinh tế - Luật, Đại học Quốc gia TP HCM",7310101_401,Kinh tế học,A01,2025,25.42,,THPT
QSK,Trường Đại học Kinh Tế Luật TPHCM,7310101_401,Kinh tế (Chuyên ngành Kinh tế học),D01,2025,25.42,,THPT
QSK,"Đại học Kinh tế - Luật, Đại học Quốc gia TP HCM",7310101_401,Kinh tế học,D01,2025,24.8,,THPT
QSK,"Đại học Kinh tế - Luật, Đại học Quốc gia TP HCM",7310101_401,Kinh tế học,D01,2025,25.42,,THPT
QSK,Trường Đại học Kinh Tế Luật TPHCM,7310101_401,Kinh tế (Chuyên ngành Kinh tế học),D01,2025,25.42,,THPT
QSK,Trường Đại học Kinh Tế Luật TPHCM,7310101_401,Kinh tế (Chuyên ngành Kinh tế học),D07,2025,25.42,,THPT
QSK,Trường Đại học Kinh Tế Luật TPHCM,7310101_401,Kinh tế (Chuyên ngành Kinh tế học),D07,2025,25.42,,THPT
QSK,"Đại học Kinh tế - Luật, Đại học Quốc gia TP HCM",7310101_401,Kinh tế học,D07,2025,24.8,,THPT
QSK,"Đại học Kinh tế - Luật, Đại học Quốc gia TP HCM",7310101_401,Kinh tế học,D07,2025,25.42,,THPT
QSK,"Đại học Kinh tế - Luật, Đại học Quốc gia TP HCM",7310101_403,Kinh tế và Quản lý công,A00,2025,24.73,,THPT
QSK,Trường Đại học Kinh Tế Luật TPHCM,7310101_403,Kinh tế (Chuyên ngành Kinh tế và Quản lý công),A00,2025,24.25,,THPT
QSK,Trường Đại học Kinh Tế Luật TPHCM,7310101_403,Kinh tế (Chuyên ngành Kinh tế và Quản lý công),A00,2025,24.25,,THPT
QSK,Trường Đại học Kinh Tế Luật TPHCM,7310101_403,Kinh tế (Chuyên ngành Kinh tế và Quản lý công),A01,2025,24.25,,THPT
QSK,Trường Đại học Kinh Tế Luật TPHCM,7310101_403,Kinh tế (Chuyên ngành Kinh tế và Quản lý công),A01,2025,24.25,,THPT
QSK,"Đại học Kinh tế - Luật, Đại học Quốc gia TP HCM",7310101_403,Kinh tế và Quản lý công,A01,2025,24.73,,THPT
QSK,Trường Đại học Kinh Tế Luật TPHCM,7310101_403,Kinh tế (Chuyên ngành Kinh tế và Quản lý công),D01,2025,24.25,,THPT
QSK,"Đại học Kinh tế - Luật, Đại học Quốc gia TP HCM",7310101_403,Kinh tế và Quản lý công,D01,2025,24.73,,THPT
QSK,"Đại học Kinh tế - Luật, Đại học Quốc gia TP HCM",7310101_403,Kinh tế và Quản lý công,D01,2025,24.25,,THPT
QSK,Trường Đại học Kinh Tế Luật TPHCM,7310101_403,Kinh tế (Chuyên ngành Kinh tế và Quản lý công),D01,2025,24.25,,THPT
QSK,Trường Đại học Kinh Tế Luật TPHCM,7310101_403,Kinh tế (Chuyên ngành Kinh tế và Quản lý công),D07,2025,24.25,,THPT
QSK,Trường Đại học Kinh Tế Luật TPHCM,7310101_403,Kinh tế (Chuyên ngành Kinh tế và Quản lý công),D07,2025,24.25,,THPT
QSK,"Đại học Kinh tế - Luật, Đại học Quốc gia TP HCM",7310101_403,Kinh tế và Quản lý công,D07,2025,24.73,,THPT
QSK,"Đại học Kinh tế - Luật, Đại học Quốc gia TP HCM",7310101_403,Kinh tế và Quản lý công,D07,2025,24.25,,THPT
QSK,"Đại học Kinh tế - Luật, Đại học Quốc gia TP HCM",7310106_402,Kinh tế đối ngoại,A00,2025,27.28,,THPT
QSK,Trường Đại học Kinh Tế Luật TPHCM,7310106_402,Kinh tế quốc tế (Chuyên ngành Kinh tế đối ngoại),A00,2025,26.33,,THPT
QSK,Trường Đại học Kinh Tế Luật TPHCM,7310106_402,Kinh tế quốc tế (Chuyên ngành Kinh tế đối ngoại),A00,2025,26.33,,THPT
QSK,Trường Đại học Kinh Tế Luật TPHCM,7310106_402,Kinh tế quốc tế (Chuyên ngành Kinh tế đối ngoại),A01,2025,26.33,,THPT
QSK,Trường Đại học Kinh Tế Luật TPHCM,7310106_402,Kinh tế quốc tế (Chuyên ngành Kinh tế đối ngoại),A01,2025,26.33,,THPT
QSK,"Đại học Kinh tế - Luật, Đại học Quốc gia TP HCM",7310106_402,Kinh tế đối ngoại,A01,2025,27.28,,THPT
QSK,Trường Đại học Kinh Tế Luật TPHCM,7310106_402,Kinh tế quốc tế (Chuyên ngành Kinh tế đối ngoại),D01,2025,26.33,,THPT
QSK,"Đại học Kinh tế - Luật, Đại học Quốc gia TP HCM",7310106_402,Kinh tế đối ngoại,D01,2025,26.33,,THPT
QSK,"Đại học Kinh tế - Luật, Đại học Quốc gia TP HCM",7310106_402,Kinh tế đối ngoại,D01,2025,27.28,,THPT
QSK,Trường Đại học Kinh Tế Luật TPHCM,7310106_402,Kinh tế quốc tế (Chuyên ngành Kinh tế đối ngoại),D01,2025,26.33,,THPT
QSK,Trường Đại học Kinh Tế Luật TPHCM,7310106_402,Kinh tế quốc tế (Chuyên ngành Kinh tế đối ngoại),D07,2025,26.33,,THPT
QSK,Trường Đại học Kinh Tế Luật TPHCM,7310106_402,Kinh tế quốc tế (Chuyên ngành Kinh tế đối ngoại),D07,2025,26.33,,THPT
QSK,"Đại học Kinh tế - Luật, Đại học Quốc gia TP HCM",7310106_402,Kinh tế đối ngoại,D07,2025,26.33,,THPT
QSK,"Đại học Kinh tế - Luật, Đại học Quốc gia TP HCM",7310106_402,Kinh tế đối ngoại,D07,2025,27.28,,THPT
QSK,"Đại học Kinh tế - Luật, Đại học Quốc gia TP HCM",7310108_413,"Toán kinh tế (Toán ứng dụng trong kinh tế, quản trị và tài chính)",A00,2025,25.75,,THPT
QSK,Trường Đại học Kinh Tế Luật TPHCM,7310108_413,"Toán kinh tế (Chuyên ngành Toán ứng dụng trong Kinh tế, Quản trị và Tài chính)",A00,2025,25.75,,THPT
QSK,Trường Đại học Kinh Tế Luật TPHCM,7310108_413,"Toán kinh tế (Chuyên ngành Toán ứng dụng trong Kinh tế, Quản trị và Tài chính)",A00,2025,25.75,,THPT
QSK,Trường Đại học Kinh Tế Luật TPHCM,7310108_413,"Toán kinh tế (Chuyên ngành Toán ứng dụng trong Kinh tế, Quản trị và Tài chính)",A01,2025,25.75,,THPT
QSK,Trường Đại học Kinh Tế Luật TPHCM,7310108_413,"Toán kinh tế (Chuyên ngành Toán ứng dụng trong Kinh tế, Quản trị và Tài chính)",A01,2025,25.75,,THPT
QSK,"Đại học Kinh tế - Luật, Đại học Quốc gia TP HCM",7310108_413,"Toán kinh tế (Toán ứng dụng trong kinh tế, quản trị và tài chính)",A01,2025,25.75,,THPT
QSK,Trường Đại học Kinh Tế Luật TPHCM,7310108_413,"Toán kinh tế (Chuyên ngành Toán ứng dụng trong Kinh tế, Quản trị và Tài chính)",D01,2025,25.75,,THPT
QSK,"Đại học Kinh tế - Luật, Đại học Quốc gia TP HCM",7310108_413,"Toán kinh tế (Toán ứng dụng trong kinh tế, quản trị và tài chính)",D01,2025,25.75,,THPT
QSK,"Đại học Kinh tế - Luật, Đại học Quốc gia TP HCM",7310108_413,"Toán kinh tế (Toán ứng dụng trong kinh tế, quản trị và tài chính)",D01,2025,25.0,,THPT
QSK,Trường Đại học Kinh Tế Luật TPHCM,7310108_413,"Toán kinh tế (Chuyên ngành Toán ứng dụng trong Kinh tế, Quản trị và Tài chính)",D01,2025,25.75,,THPT
QSK,Trường Đại học Kinh Tế Luật TPHCM,7310108_413,"Toán kinh tế (Chuyên ngành Toán ứng dụng trong Kinh tế, Quản trị và Tài chính)",D07,2025,25.75,,THPT
QSK,Trường Đại học Kinh Tế Luật TPHCM,7310108_413,"Toán kinh tế (Chuyên ngành Toán ứng dụng trong Kinh tế, Quản trị và Tài chính)",D07,2025,25.75,,THPT
QSK,"Đại học Kinh tế - Luật, Đại học Quốc gia TP HCM",7310108_413,"Toán kinh tế (Toán ứng dụng trong kinh tế, quản trị và tài chính)",D07,2025,25.75,,THPT
QSK,"Đại học Kinh tế - Luật, Đại học Quốc gia TP HCM",7310108_413,"Toán kinh tế (Toán ứng dụng trong kinh tế, quản trị và tài chính)",D07,2025,25.0,,THPT
QSK,"Đại học Kinh tế - Luật, Đại học Quốc gia TP HCM",7310108_413E,"Toán kinh tế, chuyên ngành ứng dụng trong Kinh tế, Quản trị và Tài chính",A00,2025,24.03,,THPT
QSK,Trường Đại học Kinh Tế Luật TPHCM,7310108_413E,"Toán kinh tế (Chuyên ngành Toán ứng dụng trong Kinh tế, Quản trị và Tài chính) (Tiếng Anh)",A00,2025,24.03,,THPT
QSK,Trường Đại học Kinh Tế Luật TPHCM,7310108_413E,"Toán kinh tế (Chuyên ngành Toán ứng dụng trong Kinh tế, Quản trị và Tài chính) (Tiếng Anh)",A00,2025,24.03,,THPT
QSK,Trường Đại học Kinh Tế Luật TPHCM,7310108_413E,"Toán kinh tế (Chuyên ngành Toán ứng dụng trong Kinh tế, Quản trị và Tài chính) (Tiếng Anh)",A01,2025,24.03,,THPT
QSK,Trường Đại học Kinh Tế Luật TPHCM,7310108_413E,"Toán kinh tế (Chuyên ngành Toán ứng dụng trong Kinh tế, Quản trị và Tài chính) (Tiếng Anh)",A01,2025,24.03,,THPT
QSK,"Đại học Kinh tế - Luật, Đại học Quốc gia TP HCM",7310108_413E,"Toán kinh tế, chuyên ngành ứng dụng trong Kinh tế, Quản trị và Tài chính",A01,2025,24.03,,THPT
QSK,Trường Đại học Kinh Tế Luật TPHCM,7310108_413E,"Toán kinh tế (Chuyên ngành Toán ứng dụng trong Kinh tế, Quản trị và Tài chính) (Tiếng Anh)",D01,2025,24.03,,THPT
QSK,"Đại học Kinh tế - Luật, Đại học Quốc gia TP HCM",7310108_413E,"Toán kinh tế, chuyên ngành ứng dụng trong Kinh tế, Quản trị và Tài chính",D01,2025,23.58,,THPT
QSK,"Đại học Kinh tế - Luật, Đại học Quốc gia TP HCM",7310108_413E,"Toán kinh tế, chuyên ngành ứng dụng trong Kinh tế, Quản trị và Tài chính",D01,2025,24.03,,THPT
QSK,Trường Đại học Kinh Tế Luật TPHCM,7310108_413E,"Toán kinh tế (Chuyên ngành Toán ứng dụng trong Kinh tế, Quản trị và Tài chính) (Tiếng Anh)",D01,2025,24.03,,THPT
QSK,Trường Đại học Kinh Tế Luật TPHCM,7310108_413E,"Toán kinh tế (Chuyên ngành Toán ứng dụng trong Kinh tế, Quản trị và Tài chính) (Tiếng Anh)",D07,2025,24.03,,THPT
QSK,Trường Đại học Kinh Tế Luật TPHCM,7310108_413E,"Toán kinh tế (Chuyên ngành Toán ứng dụng trong Kinh tế, Quản trị và Tài chính) (Tiếng Anh)",D07,2025,24.03,,THPT
QSK,"Đại học Kinh tế - Luật, Đại học Quốc gia TP HCM",7310108_413E,"Toán kinh tế, chuyên ngành ứng dụng trong Kinh tế, Quản trị và Tài chính",D07,2025,23.58,,THPT
QSK,"Đại học Kinh tế - Luật, Đại học Quốc gia TP HCM",7310108_413E,"Toán kinh tế, chuyên ngành ứng dụng trong Kinh tế, Quản trị và Tài chính",D07,2025,24.03,,THPT
QSK,"Đại học Kinh tế - Luật, Đại học Quốc gia TP HCM",7310108_419,Phân tích dữ liệu,A00,2025,26.43,,THPT
QSK,Trường Đại học Kinh Tế Luật TPHCM,7310108_419,Toán kinh tế (Chuyên ngành Phân tích dữ liệu),A00,2025,26.43,,THPT
QSK,Trường Đại học Kinh Tế Luật TPHCM,7310108_419,Toán kinh tế (Chuyên ngành Phân tích dữ liệu),A00,2025,26.43,,THPT
QSK,Trường Đại học Kinh Tế Luật TPHCM,7310108_419,Toán kinh tế (Chuyên ngành Phân tích dữ liệu),A01,2025,26.43,,THPT
QSK,Trường Đại học Kinh Tế Luật TPHCM,7310108_419,Toán kinh tế (Chuyên ngành Phân tích dữ liệu),A01,2025,26.43,,THPT
QSK,"Đại học Kinh tế - Luật, Đại học Quốc gia TP HCM",7310108_419,Phân tích dữ liệu,A01,2025,26.43,,THPT
QSK,Trường Đại học Kinh Tế Luật TPHCM,7310108_419,Toán kinh tế (Chuyên ngành Phân tích dữ liệu),D01,2025,26.43,,THPT
QSK,"Đại học Kinh tế - Luật, Đại học Quốc gia TP HCM",7310108_419,Phân tích dữ liệu,D01,2025,26.43,,THPT
QSK,"Đại học Kinh tế - Luật, Đại học Quốc gia TP HCM",7310108_419,Phân tích dữ liệu,D01,2025,25.63,,THPT
QSK,Trường Đại học Kinh Tế Luật TPHCM,7310108_419,Toán kinh tế (Chuyên ngành Phân tích dữ liệu),D01,2025,26.43,,THPT
QSK,Trường Đại học Kinh Tế Luật TPHCM,7310108_419,Toán kinh tế (Chuyên ngành Phân tích dữ liệu),D07,2025,26.43,,THPT
QSK,Trường Đại học Kinh Tế Luật TPHCM,7310108_419,Toán kinh tế (Chuyên ngành Phân tích dữ liệu),D07,2025,26.43,,THPT
QSK,"Đại học Kinh tế - Luật, Đại học Quốc gia TP HCM",7310108_419,Phân tích dữ liệu,D07,2025,26.43,,THPT
QSK,"Đại học Kinh tế - Luật, Đại học Quốc gia TP HCM",7310108_419,Phân tích dữ liệu,D07,2025,25.63,,THPT
QSK,"Đại học Kinh tế - Luật, Đại học Quốc gia TP HCM",7340101_407,Quản trị kinh doanh,A00,2025,26.59,,THPT
QSK,Trường Đại học Kinh Tế Luật TPHCM,7340101_407,Quản trị kinh doanh (Chuyên ngành Quản trị kinh doanh),A00,2025,26.59,,THPT
QSK,Trường Đại học Kinh Tế Luật TPHCM,7340101_407,Quản trị kinh doanh (Chuyên ngành Quản trị kinh doanh),A00,2025,26.59,,THPT
QSK,Trường Đại học Kinh Tế Luật TPHCM,7340101_407,Quản trị kinh doanh (Chuyên ngành Quản trị kinh doanh),A01,2025,26.59,,THPT
QSK,Trường Đại học Kinh Tế Luật TPHCM,7340101_407,Quản trị kinh doanh (Chuyên ngành Quản trị kinh doanh),A01,2025,26.59,,THPT
QSK,"Đại học Kinh tế - Luật, Đại học Quốc gia TP HCM",7340101_407,Quản trị kinh doanh,A01,2025,26.59,,THPT
QSK,Trường Đại học Kinh Tế Luật TPHCM,7340101_407,Quản trị kinh doanh (Chuyên ngành Quản trị kinh doanh),D01,2025,26.59,,THPT
QSK,"Đại học Kinh tế - Luật, Đại học Quốc gia TP HCM",7340101_407,Quản trị kinh doanh,D01,2025,26.59,,THPT
QSK,"Đại học Kinh tế - Luật, Đại học Quốc gia TP HCM",7340101_407,Quản trị kinh doanh,D01,2025,25.75,,THPT
QSK,Trường Đại học Kinh Tế Luật TPHCM,7340101_407,Quản trị kinh doanh (Chuyên ngành Quản trị kinh doanh),D01,2025,26.59,,THPT
QSK,Trường Đại học Kinh Tế Luật TPHCM,7340101_407,Quản trị kinh doanh (Chuyên ngành Quản trị kinh doanh),D07,2025,26.59,,THPT
QSK,Trường Đại học Kinh Tế Luật TPHCM,7340101_407,Quản trị kinh doanh (Chuyên ngành Quản trị kinh doanh),D07,2025,26.59,,THPT
QSK,"Đại học Kinh tế - Luật, Đại học Quốc gia TP HCM",7340101_407,Quản trị kinh doanh,D07,2025,26.59,,THPT
QSK,"Đại học Kinh tế - Luật, Đại học Quốc gia TP HCM",7340101_407,Quản trị kinh doanh,D07,2025,25.75,,THPT
QSK,"Đại học Kinh tế - Luật, Đại học Quốc gia TP HCM",7340101_407E,Quản trị kinh doanh (tiếng Anh),A00,2025,25.55,,THPT
QSK,Trường Đại học Kinh Tế Luật TPHCM,7340101_407E,Quản trị kinh doanh (Chuyên ngành Quản trị kinh doanh) (Tiếng Anh),A00,2025,25.55,,THPT
QSK,Trường Đại học Kinh Tế Luật TPHCM,7340101_407E,Quản trị kinh doanh (Chuyên ngành Quản trị kinh doanh) (Tiếng Anh),A00,2025,25.55,,THPT
QSK,Trường Đại học Kinh Tế Luật TPHCM,7340101_407E,Quản trị kinh doanh (Chuyên ngành Quản trị kinh doanh) (Tiếng Anh),A01,2025,25.55,,THPT
QSK,Trường Đại học Kinh Tế Luật TPHCM,7340101_407E,Quản trị kinh doanh (Chuyên ngành Quản trị kinh doanh) (Tiếng Anh),A01,2025,25.55,,THPT
QSK,"Đại học Kinh tế - Luật, Đại học Quốc gia TP HCM",7340101_407E,Quản trị kinh doanh (tiếng Anh),A01,2025,25.55,,THPT
QSK,Trường Đại học Kinh Tế Luật TPHCM,7340101_407E,Quản trị kinh doanh (Chuyên ngành Quản trị kinh doanh) (Tiếng Anh),D01,2025,25.55,,THPT
QSK,"Đại học Kinh tế - Luật, Đại học Quốc gia TP HCM",7340101_407E,Quản trị kinh doanh (tiếng Anh),D01,2025,24.93,,THPT
QSK,"Đại học Kinh tế - Luật, Đại học Quốc gia TP HCM",7340101_407E,Quản trị kinh doanh (tiếng Anh),D01,2025,25.55,,THPT
QSK,Trường Đại học Kinh Tế Luật TPHCM,7340101_407E,Quản trị kinh doanh (Chuyên ngành Quản trị kinh doanh) (Tiếng Anh),D01,2025,25.55,,THPT
QSK,Trường Đại học Kinh Tế Luật TPHCM,7340101_407E,Quản trị kinh doanh (Chuyên ngành Quản trị kinh doanh) (Tiếng Anh),D07,2025,25.55,,THPT
QSK,Trường Đại học Kinh Tế Luật TPHCM,7340101_407E,Quản trị kinh doanh (Chuyên ngành Quản trị kinh doanh) (Tiếng Anh),D07,2025,25.55,,THPT
QSK,"Đại học Kinh tế - Luật, Đại học Quốc gia TP HCM",7340101_407E,Quản trị kinh doanh (tiếng Anh),D07,2025,24.93,,THPT
QSK,"Đại học Kinh tế - Luật, Đại học Quốc gia TP HCM",7340101_407E,Quản trị kinh doanh (tiếng Anh),D07,2025,25.55,,THPT
QSK,"Đại học Kinh tế - Luật, Đại học Quốc gia TP HCM",7340101_415,Quản trị kinh doanh (Quản trị du lịch và lữ hành),A00,2025,24.57,,THPT
QSK,Trường Đại học Kinh Tế Luật TPHCM,7340101_415,Quản trị kinh doanh (Chuyên ngành Quản trị du lịch và lữ hành),A00,2025,24.57,,THPT
QSK,Trường Đại học Kinh Tế Luật TPHCM,7340101_415,Quản trị kinh doanh (Chuyên ngành Quản trị du lịch và lữ hành),A00,2025,24.57,,THPT
QSK,Trường Đại học Kinh Tế Luật TPHCM,7340101_415,Quản trị kinh doanh (Chuyên ngành Quản trị du lịch và lữ hành),A01,2025,24.57,,THPT
QSK,Trường Đại học Kinh Tế Luật TPHCM,7340101_415,Quản trị kinh doanh (Chuyên ngành Quản trị du lịch và lữ hành),A01,2025,24.57,,THPT
QSK,"Đại học Kinh tế - Luật, Đại học Quốc gia TP HCM",7340101_415,Quản trị kinh doanh (Quản trị du lịch và lữ hành),A01,2025,24.57,,THPT
QSK,Trường Đại học Kinh Tế Luật TPHCM,7340101_415,Quản trị kinh doanh (Chuyên ngành Quản trị du lịch và lữ hành),D01,2025,24.57,,THPT
QSK,"Đại học Kinh tế - Luật, Đại học Quốc gia TP HCM",7340101_415,Quản trị kinh doanh (Quản trị du lịch và lữ hành),D01,2025,24.57,,THPT
QSK,"Đại học Kinh tế - Luật, Đại học Quốc gia TP HCM",7340101_415,Quản trị kinh doanh (Quản trị du lịch và lữ hành),D01,2025,24.25,,THPT
QSK,Trường Đại học Kinh Tế Luật TPHCM,7340101_415,Quản trị kinh doanh (Chuyên ngành Quản trị du lịch và lữ hành),D01,2025,24.57,,THPT
QSK,Trường Đại học Kinh Tế Luật TPHCM,7340101_415,Quản trị kinh doanh (Chuyên ngành Quản trị du lịch và lữ hành),D07,2025,24.57,,THPT
QSK,Trường Đại học Kinh Tế Luật TPHCM,7340101_415,Quản trị kinh doanh (Chuyên ngành Quản trị du lịch và lữ hành),D07,2025,24.57,,THPT
QSK,"Đại học Kinh tế - Luật, Đại học Quốc gia TP HCM",7340101_415,Quản trị kinh doanh (Quản trị du lịch và lữ hành),D07,2025,24.57,,THPT
QSK,"Đại học Kinh tế - Luật, Đại học Quốc gia TP HCM",7340101_415,Quản trị kinh doanh (Quản trị du lịch và lữ hành),D07,2025,24.25,,THPT
QSK,"Đại học Kinh tế - Luật, Đại học Quốc gia TP HCM",7340115_410,Marketing,A00,2025,27.32,,THPT
QSK,Trường Đại học Kinh Tế Luật TPHCM,7340115_410,Marketing (Chuyên ngành Marketing),A00,2025,27.32,,THPT
QSK,Trường Đại học Kinh Tế Luật TPHCM,7340115_410,Marketing (Chuyên ngành Marketing),A00,2025,27.32,,THPT
QSK,Trường Đại học Kinh Tế Luật TPHCM,7340115_410,Marketing (Chuyên ngành Marketing),A01,2025,27.32,,THPT
QSK,Trường Đại học Kinh Tế Luật TPHCM,7340115_410,Marketing (Chuyên ngành Marketing),A01,2025,27.32,,THPT
QSK,"Đại học Kinh tế - Luật, Đại học Quốc gia TP HCM",7340115_410,Marketing,A01,2025,27.32,,THPT
QSK,Trường Đại học Kinh Tế Luật TPHCM,7340115_410,Marketing (Chuyên ngành Marketing),D01,2025,27.32,,THPT
QSK,"Đại học Kinh tế - Luật, Đại học Quốc gia TP HCM",7340115_410,Marketing,D01,2025,26.43,,THPT
QSK,"Đại học Kinh tế - Luật, Đại học Quốc gia TP HCM",7340115_410,Marketing,D01,2025,27.32,,THPT
QSK,Trường Đại học Kinh Tế Luật TPHCM,7340115_410,Marketing (Chuyên ngành Marketing),D01,2025,27.32,,THPT
QSK,Trường Đại học Kinh Tế Luật TPHCM,7340115_410,Marketing (Chuyên ngành Marketing),D07,2025,27.32,,THPT
QSK,Trường Đại học Kinh Tế Luật TPHCM,7340115_410,Marketing (Chuyên ngành Marketing),D07,2025,27.32,,THPT
QSK,"Đại học Kinh tế - Luật, Đại học Quốc gia TP HCM",7340115_410,Marketing,D07,2025,26.43,,THPT
QSK,"Đại học Kinh tế - Luật, Đại học Quốc gia TP HCM",7340115_410,Marketing,D07,2025,27.32,,THPT
QSK,"Đại học Kinh tế - Luật, Đại học Quốc gia TP HCM",7340115_410E,Marketing (tiếng Anh),A00,2025,26.2,,THPT
QSK,Trường Đại học Kinh Tế Luật TPHCM,7340115_410E,Marketing (Chuyên ngành Marketing) (Tiếng Anh),A00,2025,25.5,,THPT
QSK,Trường Đại học Kinh Tế Luật TPHCM,7340115_410E,Marketing (Chuyên ngành Marketing) (Tiếng Anh),A00,2025,25.5,,THPT
QSK,Trường Đại học Kinh Tế Luật TPHCM,7340115_410E,Marketing (Chuyên ngành Marketing) (Tiếng Anh),A01,2025,25.5,,THPT
QSK,Trường Đại học Kinh Tế Luật TPHCM,7340115_410E,Marketing (Chuyên ngành Marketing) (Tiếng Anh),A01,2025,25.5,,THPT
QSK,"Đại học Kinh tế - Luật, Đại học Quốc gia TP HCM",7340115_410E,Marketing (tiếng Anh),A01,2025,26.2,,THPT
QSK,Trường Đại học Kinh Tế Luật TPHCM,7340115_410E,Marketing (Chuyên ngành Marketing) (Tiếng Anh),D01,2025,25.5,,THPT
QSK,"Đại học Kinh tế - Luật, Đại học Quốc gia TP HCM",7340115_410E,Marketing (tiếng Anh),D01,2025,26.2,,THPT
QSK,"Đại học Kinh tế - Luật, Đại học Quốc gia TP HCM",7340115_410E,Marketing (tiếng Anh),D01,2025,25.5,,THPT
QSK,Trường Đại học Kinh Tế Luật TPHCM,7340115_410E,Marketing (Chuyên ngành Marketing) (Tiếng Anh),D01,2025,25.5,,THPT
QSK,Trường Đại học Kinh Tế Luật TPHCM,7340115_410E,Marketing (Chuyên ngành Marketing) (Tiếng Anh),D07,2025,25.5,,THPT
QSK,Trường Đại học Kinh Tế Luật TPHCM,7340115_410E,Marketing (Chuyên ngành Marketing) (Tiếng Anh),D07,2025,25.5,,THPT
QSK,"Đại học Kinh tế - Luật, Đại học Quốc gia TP HCM",7340115_410E,Marketing (tiếng Anh),D07,2025,26.2,,THPT
QSK,"Đại học Kinh tế - Luật, Đại học Quốc gia TP HCM",7340115_410E,Marketing (tiếng Anh),D07,2025,25.5,,THPT
QSK,"Đại học Kinh tế - Luật, Đại học Quốc gia TP HCM",7340115_417,Marketing Kỹ thuật số,A00,2025,27.54,,THPT
QSK,Trường Đại học Kinh Tế Luật TPHCM,7340115_417,Marketing (Chuyên ngành Digital Marketing),A00,2025,26.5,,THPT
QSK,Trường Đại học Kinh Tế Luật TPHCM,7340115_417,Marketing (Chuyên ngành Digital Marketing),A00,2025,26.5,,THPT
QSK,Trường Đại học Kinh Tế Luật TPHCM,7340115_417,Marketing (Chuyên ngành Digital Marketing),A01,2025,26.5,,THPT
QSK,Trường Đại học Kinh Tế Luật TPHCM,7340115_417,Marketing (Chuyên ngành Digital Marketing),A01,2025,26.5,,THPT
QSK,"Đại học Kinh tế - Luật, Đại học Quốc gia TP HCM",7340115_417,Marketing Kỹ thuật số,A01,2025,27.54,,THPT
QSK,Trường Đại học Kinh Tế Luật TPHCM,7340115_417,Marketing (Chuyên ngành Digital Marketing),D01,2025,26.5,,THPT
QSK,"Đại học Kinh tế - Luật, Đại học Quốc gia TP HCM",7340115_417,Marketing Kỹ thuật số,D01,2025,27.54,,THPT
QSK,"Đại học Kinh tế - Luật, Đại học Quốc gia TP HCM",7340115_417,Marketing Kỹ thuật số,D01,2025,26.5,,THPT
QSK,Trường Đại học Kinh Tế Luật TPHCM,7340115_417,Marketing (Chuyên ngành Digital Marketing),D01,2025,26.5,,THPT
QSK,Trường Đại học Kinh Tế Luật TPHCM,7340115_417,Marketing (Chuyên ngành Digital Marketing),D07,2025,26.5,,THPT
QSK,Trường Đại học Kinh Tế Luật TPHCM,7340115_417,Marketing (Chuyên ngành Digital Marketing),D07,2025,26.5,,THPT
QSK,"Đại học Kinh tế - Luật, Đại học Quốc gia TP HCM",7340115_417,Marketing Kỹ thuật số,D07,2025,27.54,,THPT
QSK,"Đại học Kinh tế - Luật, Đại học Quốc gia TP HCM",7340115_417,Marketing Kỹ thuật số,D07,2025,26.5,,THPT
QSK,"Đại học Kinh tế - Luật, Đại học Quốc gia TP HCM",7340120408E,Kinh doanh quốc tế bằng tiếng Anh,A00,2025,26.75,,THPT
QSK,"Đại học Kinh tế - Luật, Đại học Quốc gia TP HCM",7340120408E,Kinh doanh quốc tế bằng tiếng Anh,A01,2025,26.75,,THPT
QSK,"Đại học Kinh tế - Luật, Đại học Quốc gia TP HCM",7340120408E,Kinh doanh quốc tế bằng tiếng Anh,D01,2025,26.0,,THPT
QSK,"Đại học Kinh tế - Luật, Đại học Quốc gia TP HCM",7340120408E,Kinh doanh quốc tế bằng tiếng Anh,D01,2025,26.75,,THPT
QSK,"Đại học Kinh tế - Luật, Đại học Quốc gia TP HCM",7340120408E,Kinh doanh quốc tế bằng tiếng Anh,D07,2025,26.0,,THPT
QSK,"Đại học Kinh tế - Luật, Đại học Quốc gia TP HCM",7340120408E,Kinh doanh quốc tế bằng tiếng Anh,D07,2025,26.75,,THPT
QSK,"Đại học Kinh tế - Luật, Đại học Quốc gia TP HCM",7340120_408,Kinh doanh quốc tế,A00,2025,27.84,,THPT
QSK,Trường Đại học Kinh Tế Luật TPHCM,7340120_408,Kinh doanh quốc tế,A00,2025,27.84,,THPT
QSK,Trường Đại học Kinh Tế Luật TPHCM,7340120_408,Kinh doanh quốc tế,A00,2025,27.84,,THPT
QSK,Trường Đại học Kinh Tế Luật TPHCM,7340120_408,Kinh doanh quốc tế,A01,2025,27.84,,THPT
QSK,Trường Đại học Kinh Tế Luật TPHCM,7340120_408,Kinh doanh quốc tế,A01,2025,27.84,,THPT
QSK,"Đại học Kinh tế - Luật, Đại học Quốc gia TP HCM",7340120_408,Kinh doanh quốc tế,A01,2025,27.84,,THPT
QSK,Trường Đại học Kinh Tế Luật TPHCM,7340120_408,Kinh doanh quốc tế,D01,2025,27.84,,THPT
QSK,"Đại học Kinh tế - Luật, Đại học Quốc gia TP HCM",7340120_408,Kinh doanh quốc tế,D01,2025,27.84,,THPT
QSK,"Đại học Kinh tế - Luật, Đại học Quốc gia TP HCM",7340120_408,Kinh doanh quốc tế,D01,2025,26.79,,THPT
QSK,Trường Đại học Kinh Tế Luật TPHCM,7340120_408,Kinh doanh quốc tế,D01,2025,27.84,,THPT
QSK,Trường Đại học Kinh Tế Luật TPHCM,7340120_408,Kinh doanh quốc tế,D07,2025,27.84,,THPT
QSK,Trường Đại học Kinh Tế Luật TPHCM,7340120_408,Kinh doanh quốc tế,D07,2025,27.84,,THPT
QSK,"Đại học Kinh tế - Luật, Đại học Quốc gia TP HCM",7340120_408,Kinh doanh quốc tế,D07,2025,27.84,,THPT
QSK,"Đại học Kinh tế - Luật, Đại học Quốc gia TP HCM",7340120_408,Kinh doanh quốc tế,D07,2025,26.79,,THPT
QSK,Trường Đại học Kinh Tế Luật TPHCM,7340120_408E,Kinh doanh quốc tế (Tiếng Anh),A00,2025,26.75,,THPT
QSK,Trường Đại học Kinh Tế Luật TPHCM,7340120_408E,Kinh doanh quốc tế (Tiếng Anh),A00,2025,26.75,,THPT
QSK,Trường Đại học Kinh Tế Luật TPHCM,7340120_408E,Kinh doanh quốc tế (Tiếng Anh),A01,2025,26.75,,THPT
QSK,Trường Đại học Kinh Tế Luật TPHCM,7340120_408E,Kinh doanh quốc tế (Tiếng Anh),A01,2025,26.75,,THPT
QSK,Trường Đại học Kinh Tế Luật TPHCM,7340120_408E,Kinh doanh quốc tế (Tiếng Anh),D01,2025,26.75,,THPT
QSK,Trường Đại học Kinh Tế Luật TPHCM,7340120_408E,Kinh doanh quốc tế (Tiếng Anh),D01,2025,26.75,,THPT
QSK,Trường Đại học Kinh Tế Luật TPHCM,7340120_408E,Kinh doanh quốc tế (Tiếng Anh),D07,2025,26.75,,THPT
QSK,Trường Đại học Kinh Tế Luật TPHCM,7340120_408E,Kinh doanh quốc tế (Tiếng Anh),D07,2025,26.75,,THPT
QSK,"Đại học Kinh tế - Luật, Đại học Quốc gia TP HCM",7340120_420,Quản lý chuỗi cung ứng và Logistics quốc tế,A00,2025,28.8,,THPT
QSK,Trường Đại học Kinh Tế Luật TPHCM,7340120_420,Kinh doanh quốc tế (Chuyên ngành Quản lý chuỗi cung ứng và Logistics quốc tế),A00,2025,28.08,,THPT
QSK,Trường Đại học Kinh Tế Luật TPHCM,7340120_420,Kinh doanh quốc tế (Chuyên ngành Quản lý chuỗi cung ứng và Logistics quốc tế),A00,2025,28.08,,THPT
QSK,Trường Đại học Kinh Tế Luật TPHCM,7340120_420,Kinh doanh quốc tế (Chuyên ngành Quản lý chuỗi cung ứng và Logistics quốc tế),A01,2025,28.08,,THPT
QSK,Trường Đại học Kinh Tế Luật TPHCM,7340120_420,Kinh doanh quốc tế (Chuyên ngành Quản lý chuỗi cung ứng và Logistics quốc tế),A01,2025,28.08,,THPT
QSK,"Đại học Kinh tế - Luật, Đại học Quốc gia TP HCM",7340120_420,Quản lý chuỗi cung ứng và Logistics quốc tế,A01,2025,28.8,,THPT
QSK,Trường Đại học Kinh Tế Luật TPHCM,7340120_420,Kinh doanh quốc tế (Chuyên ngành Quản lý chuỗi cung ứng và Logistics quốc tế),D01,2025,28.08,,THPT
QSK,"Đại học Kinh tế - Luật, Đại học Quốc gia TP HCM",7340120_420,Quản lý chuỗi cung ứng và Logistics quốc tế,D01,2025,26.9,,THPT
QSK,"Đại học Kinh tế - Luật, Đại học Quốc gia TP HCM",7340120_420,Quản lý chuỗi cung ứng và Logistics quốc tế,D01,2025,28.8,,THPT
QSK,Trường Đại học Kinh Tế Luật TPHCM,7340120_420,Kinh doanh quốc tế (Chuyên ngành Quản lý chuỗi cung ứng và Logistics quốc tế),D01,2025,28.08,,THPT
QSK,Trường Đại học Kinh Tế Luật TPHCM,7340120_420,Kinh doanh quốc tế (Chuyên ngành Quản lý chuỗi cung ứng và Logistics quốc tế),D07,2025,28.08,,THPT
QSK,Trường Đại học Kinh Tế Luật TPHCM,7340120_420,Kinh doanh quốc tế (Chuyên ngành Quản lý chuỗi cung ứng và Logistics quốc tế),D07,2025,28.08,,THPT
QSK,"Đại học Kinh tế - Luật, Đại học Quốc gia TP HCM",7340120_420,Quản lý chuỗi cung ứng và Logistics quốc tế,D07,2025,26.9,,THPT
QSK,"Đại học Kinh tế - Luật, Đại học Quốc gia TP HCM",7340120_420,Quản lý chuỗi cung ứng và Logistics quốc tế,D07,2025,28.8,,THPT
QSK,"Đại học Kinh tế - Luật, Đại học Quốc gia TP HCM",7340122_411,Thương mại điện tử,A00,2025,27.7,,THPT
QSK,Trường Đại học Kinh Tế Luật TPHCM,7340122_411,Thương mại điện tử,A00,2025,27.7,,THPT
QSK,Trường Đại học Kinh Tế Luật TPHCM,7340122_411,Thương mại điện tử,A00,2025,27.7,,THPT
QSK,Trường Đại học Kinh Tế Luật TPHCM,7340122_411,Thương mại điện tử,A01,2025,27.7,,THPT
QSK,Trường Đại học Kinh Tế Luật TPHCM,7340122_411,Thương mại điện tử,A01,2025,27.7,,THPT
QSK,"Đại học Kinh tế - Luật, Đại học Quốc gia TP HCM",7340122_411,Thương mại điện tử,A01,2025,27.7,,THPT
QSK,Trường Đại học Kinh Tế Luật TPHCM,7340122_411,Thương mại điện tử,D01,2025,27.7,,THPT
QSK,"Đại học Kinh tế - Luật, Đại học Quốc gia TP HCM",7340122_411,Thương mại điện tử,D01,2025,26.67,,THPT
QSK,"Đại học Kinh tế - Luật, Đại học Quốc gia TP HCM",7340122_411,Thương mại điện tử,D01,2025,27.7,,THPT
QSK,Trường Đại học Kinh Tế Luật TPHCM,7340122_411,Thương mại điện tử,D01,2025,27.7,,THPT
QSK,Trường Đại học Kinh Tế Luật TPHCM,7340122_411,Thương mại điện tử,D07,2025,27.7,,THPT
QSK,Trường Đại học Kinh Tế Luật TPHCM,7340122_411,Thương mại điện tử,D07,2025,27.7,,THPT
QSK,"Đại học Kinh tế - Luật, Đại học Quốc gia TP HCM",7340122_411,Thương mại điện tử,D07,2025,26.67,,THPT
QSK,"Đại học Kinh tế - Luật, Đại học Quốc gia TP HCM",7340122_411,Thương mại điện tử,D07,2025,27.7,,THPT
QSK,"Đại học Kinh tế - Luật, Đại học Quốc gia TP HCM",7340122_411E,Thương mại điện tử (tiếng Anh),A00,2025,26.49,,THPT
QSK,Trường Đại học Kinh Tế Luật TPHCM,7340122_411E,Thương mại điện tử (Tiếng Anh),A00,2025,26.49,,THPT
QSK,Trường Đại học Kinh Tế Luật TPHCM,7340122_411E,Thương mại điện tử (Tiếng Anh),A00,2025,26.49,,THPT
QSK,Trường Đại học Kinh Tế Luật TPHCM,7340122_411E,Thương mại điện tử (Tiếng Anh),A01,2025,26.49,,THPT
QSK,Trường Đại học Kinh Tế Luật TPHCM,7340122_411E,Thương mại điện tử (Tiếng Anh),A01,2025,26.49,,THPT
QSK,"Đại học Kinh tế - Luật, Đại học Quốc gia TP HCM",7340122_411E,Thương mại điện tử (tiếng Anh),A01,2025,26.49,,THPT
QSK,Trường Đại học Kinh Tế Luật TPHCM,7340122_411E,Thương mại điện tử (Tiếng Anh),D01,2025,26.49,,THPT
QSK,"Đại học Kinh tế - Luật, Đại học Quốc gia TP HCM",7340122_411E,Thương mại điện tử (tiếng Anh),D01,2025,25.73,,THPT
QSK,"Đại học Kinh tế - Luật, Đại học Quốc gia TP HCM",7340122_411E,Thương mại điện tử (tiếng Anh),D01,2025,26.49,,THPT
QSK,Trường Đại học Kinh Tế Luật TPHCM,7340122_411E,Thương mại điện tử (Tiếng Anh),D01,2025,26.49,,THPT
QSK,Trường Đại học Kinh Tế Luật TPHCM,7340122_411E,Thương mại điện tử (Tiếng Anh),D07,2025,26.49,,THPT
QSK,Trường Đại học Kinh Tế Luật TPHCM,7340122_411E,Thương mại điện tử (Tiếng Anh),D07,2025,26.49,,THPT
QSK,"Đại học Kinh tế - Luật, Đại học Quốc gia TP HCM",7340122_411E,Thương mại điện tử (tiếng Anh),D07,2025,25.73,,THPT
QSK,"Đại học Kinh tế - Luật, Đại học Quốc gia TP HCM",7340122_411E,Thương mại điện tử (tiếng Anh),D07,2025,26.49,,THPT
QSK,"Đại học Kinh tế - Luật, Đại học Quốc gia TP HCM",7340201_404,Tài chính - Ngân hàng,A00,2025,26.37,,THPT
QSK,Trường Đại học Kinh Tế Luật TPHCM,7340201_404,Tài chính - Ngân hàng,A00,2025,26.37,,THPT
QSK,Trường Đại học Kinh Tế Luật TPHCM,7340201_404,Tài chính - Ngân hàng,A00,2025,26.37,,THPT
QSK,Trường Đại học Kinh Tế Luật TPHCM,7340201_404,Tài chính - Ngân hàng,A01,2025,26.37,,THPT
QSK,Trường Đại học Kinh Tế Luật TPHCM,7340201_404,Tài chính - Ngân hàng,A01,2025,26.37,,THPT
QSK,"Đại học Kinh tế - Luật, Đại học Quốc gia TP HCM",7340201_404,Tài chính - Ngân hàng,A01,2025,26.37,,THPT
QSK,Trường Đại học Kinh Tế Luật TPHCM,7340201_404,Tài chính - Ngân hàng,D01,2025,26.37,,THPT
QSK,"Đại học Kinh tế - Luật, Đại học Quốc gia TP HCM",7340201_404,Tài chính - Ngân hàng,D01,2025,25.53,,THPT
QSK,"Đại học Kinh tế - Luật, Đại học Quốc gia TP HCM",7340201_404,Tài chính - Ngân hàng,D01,2025,26.37,,THPT
QSK,Trường Đại học Kinh Tế Luật TPHCM,7340201_404,Tài chính - Ngân hàng,D01,2025,26.37,,THPT
QSK,Trường Đại học Kinh Tế Luật TPHCM,7340201_404,Tài chính - Ngân hàng,D07,2025,26.37,,THPT
QSK,Trường Đại học Kinh Tế Luật TPHCM,7340201_404,Tài chính - Ngân hàng,D07,2025,26.37,,THPT
QSK,"Đại học Kinh tế - Luật, Đại học Quốc gia TP HCM",7340201_404,Tài chính - Ngân hàng,D07,2025,25.53,,THPT
QSK,"Đại học Kinh tế - Luật, Đại học Quốc gia TP HCM",7340201_404,Tài chính - Ngân hàng,D07,2025,26.37,,THPT
QSK,"Đại học Kinh tế - Luật, Đại học Quốc gia TP HCM",7340201_404E,Tài chính - Ngân hàng bằng tiếng Anh,A00,2025,25.4,,THPT
QSK,Trường Đại học Kinh Tế Luật TPHCM,7340201_404E,Tài chính - Ngân hàng (Tiếng Anh),A00,2025,25.4,,THPT
QSK,Trường Đại học Kinh Tế Luật TPHCM,7340201_404E,Tài chính - Ngân hàng (Tiếng Anh),A00,2025,25.4,,THPT
QSK,Trường Đại học Kinh Tế Luật TPHCM,7340201_404E,Tài chính - Ngân hàng (Tiếng Anh),A01,2025,25.4,,THPT
QSK,Trường Đại học Kinh Tế Luật TPHCM,7340201_404E,Tài chính - Ngân hàng (Tiếng Anh),A01,2025,25.4,,THPT
QSK,"Đại học Kinh tế - Luật, Đại học Quốc gia TP HCM",7340201_404E,Tài chính - Ngân hàng bằng tiếng Anh,A01,2025,25.4,,THPT
QSK,Trường Đại học Kinh Tế Luật TPHCM,7340201_404E,Tài chính - Ngân hàng (Tiếng Anh),D01,2025,25.4,,THPT
QSK,"Đại học Kinh tế - Luật, Đại học Quốc gia TP HCM",7340201_404E,Tài chính - Ngân hàng bằng tiếng Anh,D01,2025,24.78,,THPT
QSK,"Đại học Kinh tế - Luật, Đại học Quốc gia TP HCM",7340201_404E,Tài chính - Ngân hàng bằng tiếng Anh,D01,2025,25.4,,THPT
QSK,Trường Đại học Kinh Tế Luật TPHCM,7340201_404E,Tài chính - Ngân hàng (Tiếng Anh),D01,2025,25.4,,THPT
QSK,Trường Đại học Kinh Tế Luật TPHCM,7340201_404E,Tài chính - Ngân hàng (Tiếng Anh),D07,2025,25.4,,THPT
QSK,Trường Đại học Kinh Tế Luật TPHCM,7340201_404E,Tài chính - Ngân hàng (Tiếng Anh),D07,2025,25.4,,THPT
QSK,"Đại học Kinh tế - Luật, Đại học Quốc gia TP HCM",7340201_404E,Tài chính - Ngân hàng bằng tiếng Anh,D07,2025,24.78,,THPT
QSK,"Đại học Kinh tế - Luật, Đại học Quốc gia TP HCM",7340201_404E,Tài chính - Ngân hàng bằng tiếng Anh,D07,2025,25.4,,THPT
QSK,"Đại học Kinh tế - Luật, Đại học Quốc gia TP HCM",7340205_414,Công nghệ tài chính,A00,2025,26.55,,THPT
QSK,Trường Đại học Kinh Tế Luật TPHCM,7340205_414,Công nghệ tài chính,A00,2025,25.75,,THPT
QSK,Trường Đại học Kinh Tế Luật TPHCM,7340205_414,Công nghệ tài chính,A00,2025,25.75,,THPT
QSK,Trường Đại học Kinh Tế Luật TPHCM,7340205_414,Công nghệ tài chính,A01,2025,25.75,,THPT
QSK,Trường Đại học Kinh Tế Luật TPHCM,7340205_414,Công nghệ tài chính,A01,2025,25.75,,THPT
QSK,"Đại học Kinh tế - Luật, Đại học Quốc gia TP HCM",7340205_414,Công nghệ tài chính,A01,2025,26.55,,THPT
QSK,Trường Đại học Kinh Tế Luật TPHCM,7340205_414,Công nghệ tài chính,D01,2025,25.75,,THPT
QSK,"Đại học Kinh tế - Luật, Đại học Quốc gia TP HCM",7340205_414,Công nghệ tài chính,D01,2025,25.75,,THPT
QSK,"Đại học Kinh tế - Luật, Đại học Quốc gia TP HCM",7340205_414,Công nghệ tài chính,D01,2025,26.55,,THPT
QSK,Trường Đại học Kinh Tế Luật TPHCM,7340205_414,Công nghệ tài chính,D01,2025,25.75,,THPT
QSK,Trường Đại học Kinh Tế Luật TPHCM,7340205_414,Công nghệ tài chính,D07,2025,25.75,,THPT
QSK,Trường Đại học Kinh Tế Luật TPHCM,7340205_414,Công nghệ tài chính,D07,2025,25.75,,THPT
QSK,"Đại học Kinh tế - Luật, Đại học Quốc gia TP HCM",7340205_414,Công nghệ tài chính,D07,2025,25.75,,THPT
QSK,"Đại học Kinh tế - Luật, Đại học Quốc gia TP HCM",7340205_414,Công nghệ tài chính,D07,2025,26.55,,THPT
QSK,"Đại học Kinh tế - Luật, Đại học Quốc gia TP HCM",7340205_414H,Công nghệ tài chính hợp tác doanh nghiệp,A00,2025,27.0,,THPT
QSK,Trường Đại học Kinh Tế Luật TPHCM,7340205_414H,Công nghệ tài chính (Chương trình Co-operative Education),A00,2025,26.0,,THPT
QSK,Trường Đại học Kinh Tế Luật TPHCM,7340205_414H,Công nghệ tài chính (Chương trình Co-operative Education),A00,2025,26.0,,THPT
QSK,Trường Đại học Kinh Tế Luật TPHCM,7340205_414H,Công nghệ tài chính (Chương trình Co-operative Education),A01,2025,26.0,,THPT
QSK,Trường Đại học Kinh Tế Luật TPHCM,7340205_414H,Công nghệ tài chính (Chương trình Co-operative Education),A01,2025,26.0,,THPT
QSK,"Đại học Kinh tế - Luật, Đại học Quốc gia TP HCM",7340205_414H,Công nghệ tài chính hợp tác doanh nghiệp,A01,2025,27.0,,THPT
QSK,Trường Đại học Kinh Tế Luật TPHCM,7340205_414H,Công nghệ tài chính (Chương trình Co-operative Education),D01,2025,26.0,,THPT
QSK,"Đại học Kinh tế - Luật, Đại học Quốc gia TP HCM",7340205_414H,Công nghệ tài chính hợp tác doanh nghiệp,D01,2025,26.0,,THPT
QSK,"Đại học Kinh tế - Luật, Đại học Quốc gia TP HCM",7340205_414H,Công nghệ tài chính hợp tác doanh nghiệp,D01,2025,27.0,,THPT
QSK,Trường Đại học Kinh Tế Luật TPHCM,7340205_414H,Công nghệ tài chính (Chương trình Co-operative Education),D01,2025,26.0,,THPT
QSK,Trường Đại học Kinh Tế Luật TPHCM,7340205_414H,Công nghệ tài chính (Chương trình Co-operative Education),D07,2025,26.0,,THPT
QSK,Trường Đại học Kinh Tế Luật TPHCM,7340205_414H,Công nghệ tài chính (Chương trình Co-operative Education),D07,2025,26.0,,THPT
QSK,"Đại học Kinh tế - Luật, Đại học Quốc gia TP HCM",7340205_414H,Công nghệ tài chính hợp tác doanh nghiệp,D07,2025,26.0,,THPT
QSK,"Đại học Kinh tế - Luật, Đại học Quốc gia TP HCM",7340205_414H,Công nghệ tài chính hợp tác doanh nghiệp,D07,2025,27.0,,THPT
QSK,"Đại học Kinh tế - Luật, Đại học Quốc gia TP HCM",7340301_405,Kế toán,A00,2025,25.85,,THPT
QSK,Trường Đại học Kinh Tế Luật TPHCM,7340301_405,Kế toán,A00,2025,25.85,,THPT
QSK,Trường Đại học Kinh Tế Luật TPHCM,7340301_405,Kế toán,A00,2025,25.85,,THPT
QSK,Trường Đại học Kinh Tế Luật TPHCM,7340301_405,Kế toán,A01,2025,25.85,,THPT
QSK,Trường Đại học Kinh Tế Luật TPHCM,7340301_405,Kế toán,A01,2025,25.85,,THPT
QSK,"Đại học Kinh tế - Luật, Đại học Quốc gia TP HCM",7340301_405,Kế toán,A01,2025,25.85,,THPT
QSK,Trường Đại học Kinh Tế Luật TPHCM,7340301_405,Kế toán,D01,2025,25.85,,THPT
QSK,"Đại học Kinh tế - Luật, Đại học Quốc gia TP HCM",7340301_405,Kế toán,D01,2025,25.25,,THPT
QSK,"Đại học Kinh tế - Luật, Đại học Quốc gia TP HCM",7340301_405,Kế toán,D01,2025,25.85,,THPT
QSK,Trường Đại học Kinh Tế Luật TPHCM,7340301_405,Kế toán,D01,2025,25.85,,THPT
QSK,Trường Đại học Kinh Tế Luật TPHCM,7340301_405,Kế toán,D07,2025,25.85,,THPT
QSK,Trường Đại học Kinh Tế Luật TPHCM,7340301_405,Kế toán,D07,2025,25.85,,THPT
QSK,"Đại học Kinh tế - Luật, Đại học Quốc gia TP HCM",7340301_405,Kế toán,D07,2025,25.25,,THPT
QSK,"Đại học Kinh tế - Luật, Đại học Quốc gia TP HCM",7340301_405,Kế toán,D07,2025,25.85,,THPT
QSK,"Đại học Kinh tế - Luật, Đại học Quốc gia TP HCM",7340301_405E,Kế toán tiếng Anh tích hợp chứng chỉ quốc tế ICAEW,A00,2025,24.14,,THPT
QSK,Trường Đại học Kinh Tế Luật TPHCM,7340301_405E,Kế toán (Tích hợp chứng chỉ quốc tế ICAEW - Tiếng Anh),A00,2025,24.14,,THPT
QSK,Trường Đại học Kinh Tế Luật TPHCM,7340301_405E,Kế toán (Tích hợp chứng chỉ quốc tế ICAEW - Tiếng Anh),A00,2025,24.14,,THPT
QSK,Trường Đại học Kinh Tế Luật TPHCM,7340301_405E,Kế toán (Tích hợp chứng chỉ quốc tế ICAEW - Tiếng Anh),A01,2025,24.14,,THPT
QSK,Trường Đại học Kinh Tế Luật TPHCM,7340301_405E,Kế toán (Tích hợp chứng chỉ quốc tế ICAEW - Tiếng Anh),A01,2025,24.14,,THPT
QSK,"Đại học Kinh tế - Luật, Đại học Quốc gia TP HCM",7340301_405E,Kế toán tiếng Anh tích hợp chứng chỉ quốc tế ICAEW,A01,2025,24.14,,THPT
QSK,Trường Đại học Kinh Tế Luật TPHCM,7340301_405E,Kế toán (Tích hợp chứng chỉ quốc tế ICAEW - Tiếng Anh),D01,2025,24.14,,THPT
QSK,"Đại học Kinh tế - Luật, Đại học Quốc gia TP HCM",7340301_405E,Kế toán tiếng Anh tích hợp chứng chỉ quốc tế ICAEW,D01,2025,23.75,,THPT
QSK,"Đại học Kinh tế - Luật, Đại học Quốc gia TP HCM",7340301_405E,Kế toán tiếng Anh tích hợp chứng chỉ quốc tế ICAEW,D01,2025,24.14,,THPT
QSK,Trường Đại học Kinh Tế Luật TPHCM,7340301_405E,Kế toán (Tích hợp chứng chỉ quốc tế ICAEW - Tiếng Anh),D01,2025,24.14,,THPT
QSK,Trường Đại học Kinh Tế Luật TPHCM,7340301_405E,Kế toán (Tích hợp chứng chỉ quốc tế ICAEW - Tiếng Anh),D07,2025,24.14,,THPT
QSK,Trường Đại học Kinh Tế Luật TPHCM,7340301_405E,Kế toán (Tích hợp chứng chỉ quốc tế ICAEW - Tiếng Anh),D07,2025,24.14,,THPT
QSK,"Đại học Kinh tế - Luật, Đại học Quốc gia TP HCM",7340301_405E,Kế toán tiếng Anh tích hợp chứng chỉ quốc tế ICAEW,D07,2025,23.75,,THPT
QSK,"Đại học Kinh tế - Luật, Đại học Quốc gia TP HCM",7340301_405E,Kế toán tiếng Anh tích hợp chứng chỉ quốc tế ICAEW,D07,2025,24.14,,THPT
QSK,"Đại học Kinh tế - Luật, Đại học Quốc gia TP HCM",7340302_409,Kiểm toán,A00,2025,26.6,,THPT
QSK,Trường Đại học Kinh Tế Luật TPHCM,7340302_409,Kiểm toán,A00,2025,26.6,,THPT
QSK,Trường Đại học Kinh Tế Luật TPHCM,7340302_409,Kiểm toán,A00,2025,26.6,,THPT
QSK,Trường Đại học Kinh Tế Luật TPHCM,7340302_409,Kiểm toán,A01,2025,26.6,,THPT
QSK,Trường Đại học Kinh Tế Luật TPHCM,7340302_409,Kiểm toán,A01,2025,26.6,,THPT
QSK,"Đại học Kinh tế - Luật, Đại học Quốc gia TP HCM",7340302_409,Kiểm toán,A01,2025,26.6,,THPT
QSK,Trường Đại học Kinh Tế Luật TPHCM,7340302_409,Kiểm toán,D01,2025,26.6,,THPT
QSK,"Đại học Kinh tế - Luật, Đại học Quốc gia TP HCM",7340302_409,Kiểm toán,D01,2025,26.6,,THPT
QSK,"Đại học Kinh tế - Luật, Đại học Quốc gia TP HCM",7340302_409,Kiểm toán,D01,2025,25.75,,THPT
QSK,Trường Đại học Kinh Tế Luật TPHCM,7340302_409,Kiểm toán,D01,2025,26.6,,THPT
QSK,Trường Đại học Kinh Tế Luật TPHCM,7340302_409,Kiểm toán,D07,2025,26.6,,THPT
QSK,Trường Đại học Kinh Tế Luật TPHCM,7340302_409,Kiểm toán,D07,2025,26.6,,THPT
QSK,"Đại học Kinh tế - Luật, Đại học Quốc gia TP HCM",7340302_409,Kiểm toán,D07,2025,26.6,,THPT
QSK,"Đại học Kinh tế - Luật, Đại học Quốc gia TP HCM",7340302_409,Kiểm toán,D07,2025,25.75,,THPT
QSK,"Đại học Kinh tế - Luật, Đại học Quốc gia TP HCM",7340403_418,Quản lý công,A00,2025,24.13,,THPT
QSK,Trường Đại học Kinh Tế Luật TPHCM,7340403_418,Quản lý công,A00,2025,24.13,,THPT
QSK,Trường Đại học Kinh Tế Luật TPHCM,7340403_418,Quản lý công,A00,2025,24.13,,THPT
QSK,Trường Đại học Kinh Tế Luật TPHCM,7340403_418,Quản lý công,A01,2025,24.13,,THPT
QSK,Trường Đại học Kinh Tế Luật TPHCM,7340403_418,Quản lý công,A01,2025,24.13,,THPT
QSK,"Đại học Kinh tế - Luật, Đại học Quốc gia TP HCM",7340403_418,Quản lý công,A01,2025,24.13,,THPT
QSK,Trường Đại học Kinh Tế Luật TPHCM,7340403_418,Quản lý công,D01,2025,24.13,,THPT
QSK,"Đại học Kinh tế - Luật, Đại học Quốc gia TP HCM",7340403_418,Quản lý công,D01,2025,24.13,,THPT
QSK,"Đại học Kinh tế - Luật, Đại học Quốc gia TP HCM",7340403_418,Quản lý công,D01,2025,23.75,,THPT
QSK,Trường Đại học Kinh Tế Luật TPHCM,7340403_418,Quản lý công,D01,2025,24.13,,THPT
QSK,Trường Đại học Kinh Tế Luật TPHCM,7340403_418,Quản lý công,D07,2025,24.13,,THPT
QSK,Trường Đại học Kinh Tế Luật TPHCM,7340403_418,Quản lý công,D07,2025,24.13,,THPT
QSK,"Đại học Kinh tế - Luật, Đại học Quốc gia TP HCM",7340403_418,Quản lý công,D07,2025,24.13,,THPT
QSK,"Đại học Kinh tế - Luật, Đại học Quốc gia TP HCM",7340403_418,Quản lý công,D07,2025,23.75,,THPT
QSK,"Đại học Kinh tế - Luật, Đại học Quốc gia TP HCM",7340405_406,Hệ thống thông tin quản lý,A00,2025,26.51,,THPT
QSK,Trường Đại học Kinh Tế Luật TPHCM,7340405_406,Hệ thống thông tin quản lý (Chuyên ngành Hệ thống thông tin quản lý),A00,2025,26.51,,THPT
QSK,Trường Đại học Kinh Tế Luật TPHCM,7340405_406,Hệ thống thông tin quản lý (Chuyên ngành Hệ thống thông tin quản lý),A00,2025,26.51,,THPT
QSK,Trường Đại học Kinh Tế Luật TPHCM,7340405_406,Hệ thống thông tin quản lý (Chuyên ngành Hệ thống thông tin quản lý),A01,2025,26.51,,THPT
QSK,Trường Đại học Kinh Tế Luật TPHCM,7340405_406,Hệ thống thông tin quản lý (Chuyên ngành Hệ thống thông tin quản lý),A01,2025,26.51,,THPT
QSK,"Đại học Kinh tế - Luật, Đại học Quốc gia TP HCM",7340405_406,Hệ thống thông tin quản lý,A01,2025,26.51,,THPT
QSK,Trường Đại học Kinh Tế Luật TPHCM,7340405_406,Hệ thống thông tin quản lý (Chuyên ngành Hệ thống thông tin quản lý),D01,2025,26.51,,THPT
QSK,"Đại học Kinh tế - Luật, Đại học Quốc gia TP HCM",7340405_406,Hệ thống thông tin quản lý,D01,2025,25.75,,THPT
QSK,"Đại học Kinh tế - Luật, Đại học Quốc gia TP HCM",7340405_406,Hệ thống thông tin quản lý,D01,2025,26.51,,THPT
QSK,Trường Đại học Kinh Tế Luật TPHCM,7340405_406,Hệ thống thông tin quản lý (Chuyên ngành Hệ thống thông tin quản lý),D01,2025,26.51,,THPT
QSK,Trường Đại học Kinh Tế Luật TPHCM,7340405_406,Hệ thống thông tin quản lý (Chuyên ngành Hệ thống thông tin quản lý),D07,2025,26.51,,THPT
QSK,Trường Đại học Kinh Tế Luật TPHCM,7340405_406,Hệ thống thông tin quản lý (Chuyên ngành Hệ thống thông tin quản lý),D07,2025,26.51,,THPT
QSK,"Đại học Kinh tế - Luật, Đại học Quốc gia TP HCM",7340405_406,Hệ thống thông tin quản lý,D07,2025,25.75,,THPT
QSK,"Đại học Kinh tế - Luật, Đại học Quốc gia TP HCM",7340405_406,Hệ thống thông tin quản lý,D07,2025,26.51,,THPT
QSK,"Đại học Kinh tế - Luật, Đại học Quốc gia TP HCM",7340405_406H,Hệ thống thông tin quản lý hợp tác doanh nghiệp,A00,2025,27.27,,THPT
QSK,Trường Đại học Kinh Tế Luật TPHCM,7340405_406H,Hệ thống thông tin quản lý (Chuyên ngành Hệ thống thông tin quản lý) (Chương trình Co-operative Education),A00,2025,27.27,,THPT
QSK,Trường Đại học Kinh Tế Luật TPHCM,7340405_406H,Hệ thống thông tin quản lý (Chuyên ngành Hệ thống thông tin quản lý) (Chương trình Co-operative Education),A00,2025,27.27,,THPT
QSK,Trường Đại học Kinh Tế Luật TPHCM,7340405_406H,Hệ thống thông tin quản lý (Chuyên ngành Hệ thống thông tin quản lý) (Chương trình Co-operative Education),A01,2025,27.27,,THPT
QSK,Trường Đại học Kinh Tế Luật TPHCM,7340405_406H,Hệ thống thông tin quản lý (Chuyên ngành Hệ thống thông tin quản lý) (Chương trình Co-operative Education),A01,2025,27.27,,THPT
QSK,"Đại học Kinh tế - Luật, Đại học Quốc gia TP HCM",7340405_406H,Hệ thống thông tin quản lý hợp tác doanh nghiệp,A01,2025,27.27,,THPT
QSK,Trường Đại học Kinh Tế Luật TPHCM,7340405_406H,Hệ thống thông tin quản lý (Chuyên ngành Hệ thống thông tin quản lý) (Chương trình Co-operative Education),D01,2025,27.27,,THPT
QSK,"Đại học Kinh tế - Luật, Đại học Quốc gia TP HCM",7340405_406H,Hệ thống thông tin quản lý hợp tác doanh nghiệp,D01,2025,26.3,,THPT
QSK,"Đại học Kinh tế - Luật, Đại học Quốc gia TP HCM",7340405_406H,Hệ thống thông tin quản lý hợp tác doanh nghiệp,D01,2025,27.27,,THPT
QSK,Trường Đại học Kinh Tế Luật TPHCM,7340405_406H,Hệ thống thông tin quản lý (Chuyên ngành Hệ thống thông tin quản lý) (Chương trình Co-operative Education),D01,2025,27.27,,THPT
QSK,Trường Đại học Kinh Tế Luật TPHCM,7340405_406H,Hệ thống thông tin quản lý (Chuyên ngành Hệ thống thông tin quản lý) (Chương trình Co-operative Education),D07,2025,27.27,,THPT
QSK,Trường Đại học Kinh Tế Luật TPHCM,7340405_406H,Hệ thống thông tin quản lý (Chuyên ngành Hệ thống thông tin quản lý) (Chương trình Co-operative Education),D07,2025,27.27,,THPT
QSK,"Đại học Kinh tế - Luật, Đại học Quốc gia TP HCM",7340405_406H,Hệ thống thông tin quản lý hợp tác doanh nghiệp,D07,2025,26.3,,THPT
QSK,"Đại học Kinh tế - Luật, Đại học Quốc gia TP HCM",7340405_406H,Hệ thống thông tin quản lý hợp tác doanh nghiệp,D07,2025,27.27,,THPT
QSK,"Đại học Kinh tế - Luật, Đại học Quốc gia TP HCM",7340405_416,"Hệ thống thông tin Quản lý, chuyên ngành Kinh doanh số và Trí tuệ nhân tạo",A00,2025,26.33,,THPT
QSK,Trường Đại học Kinh Tế Luật TPHCM,7340405_416,Hệ thống thông tin quản lý (Chuyên ngành Kinh doanh số và Trí tuệ nhân tạo),A00,2025,26.33,,THPT
QSK,Trường Đại học Kinh Tế Luật TPHCM,7340405_416,Hệ thống thông tin quản lý (Chuyên ngành Kinh doanh số và Trí tuệ nhân tạo),A00,2025,26.33,,THPT
QSK,Trường Đại học Kinh Tế Luật TPHCM,7340405_416,Hệ thống thông tin quản lý (Chuyên ngành Kinh doanh số và Trí tuệ nhân tạo),A01,2025,26.33,,THPT
QSK,Trường Đại học Kinh Tế Luật TPHCM,7340405_416,Hệ thống thông tin quản lý (Chuyên ngành Kinh doanh số và Trí tuệ nhân tạo),A01,2025,26.33,,THPT
QSK,"Đại học Kinh tế - Luật, Đại học Quốc gia TP HCM",7340405_416,"Hệ thống thông tin Quản lý, chuyên ngành Kinh doanh số và Trí tuệ nhân tạo",A01,2025,26.33,,THPT
QSK,Trường Đại học Kinh Tế Luật TPHCM,7340405_416,Hệ thống thông tin quản lý (Chuyên ngành Kinh doanh số và Trí tuệ nhân tạo),D01,2025,26.33,,THPT
QSK,"Đại học Kinh tế - Luật, Đại học Quốc gia TP HCM",7340405_416,"Hệ thống thông tin Quản lý, chuyên ngành Kinh doanh số và Trí tuệ nhân tạo",D01,2025,26.33,,THPT
QSK,"Đại học Kinh tế - Luật, Đại học Quốc gia TP HCM",7340405_416,"Hệ thống thông tin Quản lý, chuyên ngành Kinh doanh số và Trí tuệ nhân tạo",D01,2025,25.5,,THPT
QSK,Trường Đại học Kinh Tế Luật TPHCM,7340405_416,Hệ thống thông tin quản lý (Chuyên ngành Kinh doanh số và Trí tuệ nhân tạo),D01,2025,26.33,,THPT
QSK,Trường Đại học Kinh Tế Luật TPHCM,7340405_416,Hệ thống thông tin quản lý (Chuyên ngành Kinh doanh số và Trí tuệ nhân tạo),D07,2025,26.33,,THPT
QSK,Trường Đại học Kinh Tế Luật TPHCM,7340405_416,Hệ thống thông tin quản lý (Chuyên ngành Kinh doanh số và Trí tuệ nhân tạo),D07,2025,26.33,,THPT
QSK,"Đại học Kinh tế - Luật, Đại học Quốc gia TP HCM",7340405_416,"Hệ thống thông tin Quản lý, chuyên ngành Kinh doanh số và Trí tuệ nhân tạo",D07,2025,26.33,,THPT
QSK,"Đại học Kinh tế - Luật, Đại học Quốc gia TP HCM",7340405_416,"Hệ thống thông tin Quản lý, chuyên ngành Kinh doanh số và Trí tuệ nhân tạo",D07,2025,25.5,,THPT
QSK,"Đại học Kinh tế - Luật, Đại học Quốc gia TP HCM",7380101_503,Luật dân sự,A00,2025,24.75,,THPT
QSK,Trường Đại học Kinh Tế Luật TPHCM,7380101_503,Luật (Chuyên ngành Luật Dân sự),A00,2025,24.75,,THPT
QSK,Trường Đại học Kinh Tế Luật TPHCM,7380101_503,Luật (Chuyên ngành Luật Dân sự),A00,2025,24.75,,THPT
QSK,Trường Đại học Kinh Tế Luật TPHCM,7380101_503,Luật (Chuyên ngành Luật Dân sự),A01,2025,24.75,,THPT
QSK,Trường Đại học Kinh Tế Luật TPHCM,7380101_503,Luật (Chuyên ngành Luật Dân sự),A01,2025,24.75,,THPT
QSK,"Đại học Kinh tế - Luật, Đại học Quốc gia TP HCM",7380101_503,Luật dân sự,A01,2025,24.75,,THPT
QSK,Trường Đại học Kinh Tế Luật TPHCM,7380101_503,Luật (Chuyên ngành Luật Dân sự),D01,2025,24.75,,THPT
QSK,"Đại học Kinh tế - Luật, Đại học Quốc gia TP HCM",7380101_503,Luật dân sự,D01,2025,24.25,,THPT
QSK,"Đại học Kinh tế - Luật, Đại học Quốc gia TP HCM",7380101_503,Luật dân sự,D01,2025,24.75,,THPT
QSK,Trường Đại học Kinh Tế Luật TPHCM,7380101_503,Luật (Chuyên ngành Luật Dân sự),D01,2025,24.75,,THPT
QSK,Trường Đại học Kinh Tế Luật TPHCM,7380101_503,Luật (Chuyên ngành Luật Dân sự),D07,2025,24.75,,THPT
QSK,Trường Đại học Kinh Tế Luật TPHCM,7380101_503,Luật (Chuyên ngành Luật Dân sự),D07,2025,24.75,,THPT
QSK,"Đại học Kinh tế - Luật, Đại học Quốc gia TP HCM",7380101_503,Luật dân sự,D07,2025,24.25,,THPT
QSK,"Đại học Kinh tế - Luật, Đại học Quốc gia TP HCM",7380101_503,Luật dân sự,D07,2025,24.75,,THPT
QSK,"Đại học Kinh tế - Luật, Đại học Quốc gia TP HCM",7380101_503E,Luật dân sự (tiếng Anh),A00,2025,23.8,,THPT
QSK,Trường Đại học Kinh Tế Luật TPHCM,7380101_503E,Luật (Chuyên ngành Luật Dân sự) (Tiếng Anh),A00,2025,23.5,,THPT
QSK,Trường Đại học Kinh Tế Luật TPHCM,7380101_503E,Luật (Chuyên ngành Luật Dân sự) (Tiếng Anh),A00,2025,23.5,,THPT
QSK,Trường Đại học Kinh Tế Luật TPHCM,7380101_503E,Luật (Chuyên ngành Luật Dân sự) (Tiếng Anh),A01,2025,23.5,,THPT
QSK,Trường Đại học Kinh Tế Luật TPHCM,7380101_503E,Luật (Chuyên ngành Luật Dân sự) (Tiếng Anh),A01,2025,23.5,,THPT
QSK,"Đại học Kinh tế - Luật, Đại học Quốc gia TP HCM",7380101_503E,Luật dân sự (tiếng Anh),A01,2025,23.8,,THPT
QSK,Trường Đại học Kinh Tế Luật TPHCM,7380101_503E,Luật (Chuyên ngành Luật Dân sự) (Tiếng Anh),D01,2025,23.5,,THPT
QSK,"Đại học Kinh tế - Luật, Đại học Quốc gia TP HCM",7380101_503E,Luật dân sự (tiếng Anh),D01,2025,23.5,,THPT
QSK,Trường Đại học Kinh Tế Luật TPHCM,7380101_503E,Luật (Chuyên ngành Luật Dân sự) (Tiếng Anh),D01,2025,23.5,,THPT
QSK,Trường Đại học Kinh Tế Luật TPHCM,7380101_503E,Luật (Chuyên ngành Luật Dân sự) (Tiếng Anh),D07,2025,23.5,,THPT
QSK,Trường Đại học Kinh Tế Luật TPHCM,7380101_503E,Luật (Chuyên ngành Luật Dân sự) (Tiếng Anh),D07,2025,23.5,,THPT
QSK,"Đại học Kinh tế - Luật, Đại học Quốc gia TP HCM",7380101_503E,Luật dân sự (tiếng Anh),D07,2025,23.5,,THPT
QSK,"Đại học Kinh tế - Luật, Đại học Quốc gia TP HCM",7380101_504,Luật Tài chính - Ngân hàng,A00,2025,24.33,,THPT
QSK,Trường Đại học Kinh Tế Luật TPHCM,7380101_504,Luật (Chuyên ngành Luật Tài chính - Ngân hàng),A00,2025,24.0,,THPT
QSK,Trường Đại học Kinh Tế Luật TPHCM,7380101_504,Luật (Chuyên ngành Luật Tài chính - Ngân hàng),A00,2025,24.0,,THPT
QSK,Trường Đại học Kinh Tế Luật TPHCM,7380101_504,Luật (Chuyên ngành Luật Tài chính - Ngân hàng),A01,2025,24.0,,THPT
QSK,Trường Đại học Kinh Tế Luật TPHCM,7380101_504,Luật (Chuyên ngành Luật Tài chính - Ngân hàng),A01,2025,24.0,,THPT
QSK,"Đại học Kinh tế - Luật, Đại học Quốc gia TP HCM",7380101_504,Luật Tài chính - Ngân hàng,A01,2025,24.33,,THPT
QSK,Trường Đại học Kinh Tế Luật TPHCM,7380101_504,Luật (Chuyên ngành Luật Tài chính - Ngân hàng),D01,2025,24.0,,THPT
QSK,"Đại học Kinh tế - Luật, Đại học Quốc gia TP HCM",7380101_504,Luật Tài chính - Ngân hàng,D01,2025,24.33,,THPT
QSK,"Đại học Kinh tế - Luật, Đại học Quốc gia TP HCM",7380101_504,Luật Tài chính - Ngân hàng,D01,2025,24.0,,THPT
QSK,Trường Đại học Kinh Tế Luật TPHCM,7380101_504,Luật (Chuyên ngành Luật Tài chính - Ngân hàng),D01,2025,24.0,,THPT
QSK,Trường Đại học Kinh Tế Luật TPHCM,7380101_504,Luật (Chuyên ngành Luật Tài chính - Ngân hàng),D07,2025,24.0,,THPT
QSK,Trường Đại học Kinh Tế Luật TPHCM,7380101_504,Luật (Chuyên ngành Luật Tài chính - Ngân hàng),D07,2025,24.0,,THPT
QSK,"Đại học Kinh tế - Luật, Đại học Quốc gia TP HCM",7380101_504,Luật Tài chính - Ngân hàng,D07,2025,24.33,,THPT
QSK,"Đại học Kinh tế - Luật, Đại học Quốc gia TP HCM",7380101_504,Luật Tài chính - Ngân hàng,D07,2025,24.0,,THPT
QSK,"Đại học Kinh tế - Luật, Đại học Quốc gia TP HCM",7380101_505,Luật (Luật và Chính sách công),A00,2025,24.31,,THPT
QSK,Trường Đại học Kinh Tế Luật TPHCM,7380101_505,Luật (Chuyên ngành Luật và Chính sách công),A00,2025,24.0,,THPT
QSK,Trường Đại học Kinh Tế Luật TPHCM,7380101_505,Luật (Chuyên ngành Luật và Chính sách công),A00,2025,24.0,,THPT
QSK,Trường Đại học Kinh Tế Luật TPHCM,7380101_505,Luật (Chuyên ngành Luật và Chính sách công),A01,2025,24.0,,THPT
QSK,Trường Đại học Kinh Tế Luật TPHCM,7380101_505,Luật (Chuyên ngành Luật và Chính sách công),A01,2025,24.0,,THPT
QSK,"Đại học Kinh tế - Luật, Đại học Quốc gia TP HCM",7380101_505,Luật (Luật và Chính sách công),A01,2025,24.31,,THPT
QSK,Trường Đại học Kinh Tế Luật TPHCM,7380101_505,Luật (Chuyên ngành Luật và Chính sách công),D01,2025,24.0,,THPT
QSK,"Đại học Kinh tế - Luật, Đại học Quốc gia TP HCM",7380101_505,Luật (Luật và Chính sách công),D01,2025,24.0,,THPT
QSK,"Đại học Kinh tế - Luật, Đại học Quốc gia TP HCM",7380101_505,Luật (Luật và Chính sách công),D01,2025,24.31,,THPT
QSK,Trường Đại học Kinh Tế Luật TPHCM,7380101_505,Luật (Chuyên ngành Luật và Chính sách công),D01,2025,24.0,,THPT
QSK,Trường Đại học Kinh Tế Luật TPHCM,7380101_505,Luật (Chuyên ngành Luật và Chính sách công),D07,2025,24.0,,THPT
QSK,Trường Đại học Kinh Tế Luật TPHCM,7380101_505,Luật (Chuyên ngành Luật và Chính sách công),D07,2025,24.0,,THPT
QSK,"Đại học Kinh tế - Luật, Đại học Quốc gia TP HCM",7380101_505,Luật (Luật và Chính sách công),D07,2025,24.0,,THPT
QSK,"Đại học Kinh tế - Luật, Đại học Quốc gia TP HCM",7380101_505,Luật (Luật và Chính sách công),D07,2025,24.31,,THPT
QSK,"Đại học Kinh tế - Luật, Đại học Quốc gia TP HCM",7380107_501,Luật kinh doanh,A00,2025,26.23,,THPT
QSK,Trường Đại học Kinh Tế Luật TPHCM,7380107_501,Luật kinh tế (Chuyên ngành Luật Kinh doanh),A00,2025,26.23,,THPT
QSK,Trường Đại học Kinh Tế Luật TPHCM,7380107_501,Luật kinh tế (Chuyên ngành Luật Kinh doanh),A00,2025,26.23,,THPT
QSK,Trường Đại học Kinh Tế Luật TPHCM,7380107_501,Luật kinh tế (Chuyên ngành Luật Kinh doanh),A01,2025,26.23,,THPT
QSK,Trường Đại học Kinh Tế Luật TPHCM,7380107_501,Luật kinh tế (Chuyên ngành Luật Kinh doanh),A01,2025,26.23,,THPT
QSK,"Đại học Kinh tế - Luật, Đại học Quốc gia TP HCM",7380107_501,Luật kinh doanh,A01,2025,26.23,,THPT
QSK,Trường Đại học Kinh Tế Luật TPHCM,7380107_501,Luật kinh tế (Chuyên ngành Luật Kinh doanh),D01,2025,26.23,,THPT
QSK,"Đại học Kinh tế - Luật, Đại học Quốc gia TP HCM",7380107_501,Luật kinh doanh,D01,2025,25.5,,THPT
QSK,"Đại học Kinh tế - Luật, Đại học Quốc gia TP HCM",7380107_501,Luật kinh doanh,D01,2025,26.23,,THPT
QSK,Trường Đại học Kinh Tế Luật TPHCM,7380107_501,Luật kinh tế (Chuyên ngành Luật Kinh doanh),D01,2025,26.23,,THPT
QSK,Trường Đại học Kinh Tế Luật TPHCM,7380107_501,Luật kinh tế (Chuyên ngành Luật Kinh doanh),D07,2025,26.23,,THPT
QSK,Trường Đại học Kinh Tế Luật TPHCM,7380107_501,Luật kinh tế (Chuyên ngành Luật Kinh doanh),D07,2025,26.23,,THPT
QSK,"Đại học Kinh tế - Luật, Đại học Quốc gia TP HCM",7380107_501,Luật kinh doanh,D07,2025,25.5,,THPT
QSK,"Đại học Kinh tế - Luật, Đại học Quốc gia TP HCM",7380107_501,Luật kinh doanh,D07,2025,26.23,,THPT
QSK,"Đại học Kinh tế - Luật, Đại học Quốc gia TP HCM",7380107_502,Luật thương mại quốc tế,A00,2025,26.59,,THPT
QSK,Trường Đại học Kinh Tế Luật TPHCM,7380107_502,Luật kinh tế (Chuyên ngành Luật Thương mại quốc tế),A00,2025,26.59,,THPT
QSK,Trường Đại học Kinh Tế Luật TPHCM,7380107_502,Luật kinh tế (Chuyên ngành Luật Thương mại quốc tế),A00,2025,26.59,,THPT
QSK,Trường Đại học Kinh Tế Luật TPHCM,7380107_502,Luật kinh tế (Chuyên ngành Luật Thương mại quốc tế),A01,2025,26.59,,THPT
QSK,Trường Đại học Kinh Tế Luật TPHCM,7380107_502,Luật kinh tế (Chuyên ngành Luật Thương mại quốc tế),A01,2025,26.59,,THPT
QSK,"Đại học Kinh tế - Luật, Đại học Quốc gia TP HCM",7380107_502,Luật thương mại quốc tế,A01,2025,26.59,,THPT
QSK,Trường Đại học Kinh Tế Luật TPHCM,7380107_502,Luật kinh tế (Chuyên ngành Luật Thương mại quốc tế),D01,2025,26.59,,THPT
QSK,"Đại học Kinh tế - Luật, Đại học Quốc gia TP HCM",7380107_502,Luật thương mại quốc tế,D01,2025,26.59,,THPT
QSK,"Đại học Kinh tế - Luật, Đại học Quốc gia TP HCM",7380107_502,Luật thương mại quốc tế,D01,2025,25.75,,THPT
QSK,Trường Đại học Kinh Tế Luật TPHCM,7380107_502,Luật kinh tế (Chuyên ngành Luật Thương mại quốc tế),D01,2025,26.59,,THPT
QSK,Trường Đại học Kinh Tế Luật TPHCM,7380107_502,Luật kinh tế (Chuyên ngành Luật Thương mại quốc tế),D07,2025,26.59,,THPT
QSK,Trường Đại học Kinh Tế Luật TPHCM,7380107_502,Luật kinh tế (Chuyên ngành Luật Thương mại quốc tế),D07,2025,26.59,,THPT
QSK,"Đại học Kinh tế - Luật, Đại học Quốc gia TP HCM",7380107_502,Luật thương mại quốc tế,D07,2025,26.59,,THPT
QSK,"Đại học Kinh tế - Luật, Đại học Quốc gia TP HCM",7380107_502,Luật thương mại quốc tế,D07,2025,25.75,,THPT
QSK,"Đại học Kinh tế - Luật, Đại học Quốc gia TP HCM",7380107_502E,Luật kinh tế (tiếng Anh),A00,2025,25.3,,THPT
QSK,Trường Đại học Kinh Tế Luật TPHCM,7380107_502E,Luật kinh tế (Chuyên ngành Luật thương mại quốc tế) (Tiếng Anh),A00,2025,25.3,,THPT
QSK,Trường Đại học Kinh Tế Luật TPHCM,7380107_502E,Luật kinh tế (Chuyên ngành Luật thương mại quốc tế) (Tiếng Anh),A00,2025,25.3,,THPT
QSK,Trường Đại học Kinh Tế Luật TPHCM,7380107_502E,Luật kinh tế (Chuyên ngành Luật thương mại quốc tế) (Tiếng Anh),A01,2025,25.3,,THPT
QSK,Trường Đại học Kinh Tế Luật TPHCM,7380107_502E,Luật kinh tế (Chuyên ngành Luật thương mại quốc tế) (Tiếng Anh),A01,2025,25.3,,THPT
QSK,"Đại học Kinh tế - Luật, Đại học Quốc gia TP HCM",7380107_502E,Luật kinh tế (tiếng Anh),A01,2025,25.3,,THPT
QSK,Trường Đại học Kinh Tế Luật TPHCM,7380107_502E,Luật kinh tế (Chuyên ngành Luật thương mại quốc tế) (Tiếng Anh),D01,2025,25.3,,THPT
QSK,"Đại học Kinh tế - Luật, Đại học Quốc gia TP HCM",7380107_502E,Luật kinh tế (tiếng Anh),D01,2025,24.75,,THPT
QSK,"Đại học Kinh tế - Luật, Đại học Quốc gia TP HCM",7380107_502E,Luật kinh tế (tiếng Anh),D01,2025,25.3,,THPT
QSK,Trường Đại học Kinh Tế Luật TPHCM,7380107_502E,Luật kinh tế (Chuyên ngành Luật thương mại quốc tế) (Tiếng Anh),D01,2025,25.3,,THPT
QSK,Trường Đại học Kinh Tế Luật TPHCM,7380107_502E,Luật kinh tế (Chuyên ngành Luật thương mại quốc tế) (Tiếng Anh),D07,2025,25.3,,THPT
QSK,Trường Đại học Kinh Tế Luật TPHCM,7380107_502E,Luật kinh tế (Chuyên ngành Luật thương mại quốc tế) (Tiếng Anh),D07,2025,25.3,,THPT
QSK,"Đại học Kinh tế - Luật, Đại học Quốc gia TP HCM",7380107_502E,Luật kinh tế (tiếng Anh),D07,2025,24.75,,THPT
QSK,"Đại học Kinh tế - Luật, Đại học Quốc gia TP HCM",7380107_502E,Luật kinh tế (tiếng Anh),D07,2025,25.3,,THPT
QSP,Phân hiệu Đại học Quốc gia TPHCM tại Bến Tre,7580201,Kỹ thuật xây dựng,A00,2025,17.5,,THPT
QSP,Phân hiệu Đại học Quốc gia TPHCM tại Bến Tre,7580201,Kỹ thuật xây dựng,A01,2025,17.5,,THPT
QSQ,Trường Đại Học Quốc Tế - ĐHQG TPHCM,AP01,"Ngôn ngữ Anh (Chương trình liên kết với ĐH West of England (2+2, 3+1,4+0))",D01,2025,26.0,,THPT
QSQ,Trường Đại Học Quốc Tế - ĐHQG TPHCM,AP01,"Ngôn ngữ Anh (Chương trình liên kết với ĐH West of England (2+2, 3+1,4+0))",D09,2025,26.0,,THPT
QSQ,Trường Đại Học Quốc Tế - ĐHQG TPHCM,AP01,"Ngôn ngữ Anh (Chương trình liên kết với ĐH West of England (2+2, 3+1,4+0))",D10,2025,26.0,,THPT
QSQ,Trường Đại Học Quốc Tế - ĐHQG TPHCM,AP02,Kinh doanh – Quản lý – Kinh tế\r\n(Quản trị kinh doanh (CTLK với ĐH Andrews) (4+0);\r\nQuản trị kinh doanh (CTLK với ĐH Công nghệ Auckland) (1+2/1.5+1.5);\r\nQuản trị kinh doanh (CTLK với ĐH Lakehead) (2+2);\r\nQuản trị kinh doanh (CTLK với ĐH New South Wales) (2+2);\r\nQuản trị kinh doanh (CTLK với ĐH Sydney) (2+2);\r\nQuản trị kinh doanh (CTLK với ĐH West of England) (2+2);\r\nQuản trị kinh doanh (CTLK với ĐH West of England) (4+0);\r\nQuản trị kinh doanh (CTLK với ĐH Macquarie) (2+1);\r\nTài chính (CTLK với ĐH Macquarie),A01,2025,20.75,,THPT
QSQ,Trường Đại Học Quốc Tế - ĐHQG TPHCM,AP02,Kinh doanh – Quản lý – Kinh tế\r\n(Quản trị kinh doanh (CTLK với ĐH Andrews) (4+0);\r\nQuản trị kinh doanh (CTLK với ĐH Công nghệ Auckland) (1+2/1.5+1.5);\r\nQuản trị kinh doanh (CTLK với ĐH Lakehead) (2+2);\r\nQuản trị kinh doanh (CTLK với ĐH New South Wales) (2+2);\r\nQuản trị kinh doanh (CTLK với ĐH Sydney) (2+2);\r\nQuản trị kinh doanh (CTLK với ĐH West of England) (2+2);\r\nQuản trị kinh doanh (CTLK với ĐH West of England) (4+0);\r\nQuản trị kinh doanh (CTLK với ĐH Macquarie) (2+1);\r\nTài chính (CTLK với ĐH Macquarie),D01,2025,20.75,,THPT
QSQ,Trường Đại Học Quốc Tế - ĐHQG TPHCM,AP02,Kinh doanh – Quản lý – Kinh tế\r\n(Quản trị kinh doanh (CTLK với ĐH Andrews) (4+0);\r\nQuản trị kinh doanh (CTLK với ĐH Công nghệ Auckland) (1+2/1.5+1.5);\r\nQuản trị kinh doanh (CTLK với ĐH Lakehead) (2+2);\r\nQuản trị kinh doanh (CTLK với ĐH New South Wales) (2+2);\r\nQuản trị kinh doanh (CTLK với ĐH Sydney) (2+2);\r\nQuản trị kinh doanh (CTLK với ĐH West of England) (2+2);\r\nQuản trị kinh doanh (CTLK với ĐH West of England) (4+0);\r\nQuản trị kinh doanh (CTLK với ĐH Macquarie) (2+1);\r\nTài chính (CTLK với ĐH Macquarie),D07,2025,20.75,,THPT
QSQ,Trường Đại Học Quốc Tế - ĐHQG TPHCM,AP02,Kinh doanh – Quản lý – Kinh tế\r\n(Quản trị kinh doanh (CTLK với ĐH Andrews) (4+0);\r\nQuản trị kinh doanh (CTLK với ĐH Công nghệ Auckland) (1+2/1.5+1.5);\r\nQuản trị kinh doanh (CTLK với ĐH Lakehead) (2+2);\r\nQuản trị kinh doanh (CTLK với ĐH New South Wales) (2+2);\r\nQuản trị kinh doanh (CTLK với ĐH Sydney) (2+2);\r\nQuản trị kinh doanh (CTLK với ĐH West of England) (2+2);\r\nQuản trị kinh doanh (CTLK với ĐH West of England) (4+0);\r\nQuản trị kinh doanh (CTLK với ĐH Macquarie) (2+1);\r\nTài chính (CTLK với ĐH Macquarie),D09,2025,20.75,,THPT
QSQ,Trường Đại Học Quốc Tế - ĐHQG TPHCM,AP02,Kinh doanh – Quản lý – Kinh tế\r\n(Quản trị kinh doanh (CTLK với ĐH Andrews) (4+0);\r\nQuản trị kinh doanh (CTLK với ĐH Công nghệ Auckland) (1+2/1.5+1.5);\r\nQuản trị kinh doanh (CTLK với ĐH Lakehead) (2+2);\r\nQuản trị kinh doanh (CTLK với ĐH New South Wales) (2+2);\r\nQuản trị kinh doanh (CTLK với ĐH Sydney) (2+2);\r\nQuản trị kinh doanh (CTLK với ĐH West of England) (2+2);\r\nQuản trị kinh doanh (CTLK với ĐH West of England) (4+0);\r\nQuản trị kinh doanh (CTLK với ĐH Macquarie) (2+1);\r\nTài chính (CTLK với ĐH Macquarie),D10,2025,20.75,,THPT
QSQ,Trường Đại Học Quốc Tế - ĐHQG TPHCM,AP03,Toán – Tin học\r\n(Công nghệ thông tin (CTLK với ĐH West of England) (4+0);\r\nCông nghệ thông tin (CTLK với ĐH Macquarie) (2+1);\r\nKhoa học máy tính (CTLK với ĐH West of England) (2+2);\r\nCông nghệ thông tin (CTLK với ĐH Deakin) (2+2);\r\nCông nghệ thông tin (CTLK với ĐH Deakin) (3+1)),A00,2025,20.0,,THPT
QSQ,Trường Đại Học Quốc Tế - ĐHQG TPHCM,AP03,Toán – Tin học\r\n(Công nghệ thông tin (CTLK với ĐH West of England) (4+0);\r\nCông nghệ thông tin (CTLK với ĐH Macquarie) (2+1);\r\nKhoa học máy tính (CTLK với ĐH West of England) (2+2);\r\nCông nghệ thông tin (CTLK với ĐH Deakin) (2+2);\r\nCông nghệ thông tin (CTLK với ĐH Deakin) (3+1)),A01,2025,20.0,,THPT
QSQ,Trường Đại Học Quốc Tế - ĐHQG TPHCM,AP04,Khoa học sự sống và Hóa học\r\n(Công nghệ sinh học (CTLK với ĐH West of England) (2+2);\r\nCông nghệ sinh học định hướng Y Sinh (CTLK với ĐH West of England) (4+0)),A00,2025,19.75,,THPT
QSQ,Trường Đại Học Quốc Tế - ĐHQG TPHCM,AP04,Khoa học sự sống và Hóa học\r\n(Công nghệ sinh học (CTLK với ĐH West of England) (2+2);\r\nCông nghệ sinh học định hướng Y Sinh (CTLK với ĐH West of England) (4+0)),B00,2025,19.75,,THPT
QSQ,Trường Đại Học Quốc Tế - ĐHQG TPHCM,AP04,Khoa học sự sống và Hóa học\r\n(Công nghệ sinh học (CTLK với ĐH West of England) (2+2);\r\nCông nghệ sinh học định hướng Y Sinh (CTLK với ĐH West of England) (4+0)),D07,2025,19.75,,THPT
QSQ,Trường Đại Học Quốc Tế - ĐHQG TPHCM,AP05,Kỹ thuật\r\n(Kỹ thuật điện tử – viễn thông (CTLK với ĐH West of England) (2+2);\r\nKỹ thuật xây dựng (CTLK với ĐH Deakin) (2+2)),A00,2025,17.5,,THPT
QSQ,Trường Đại Học Quốc Tế - ĐHQG TPHCM,AP05,Kỹ thuật\r\n(Kỹ thuật điện tử – viễn thông (CTLK với ĐH West of England) (2+2);\r\nKỹ thuật xây dựng (CTLK với ĐH Deakin) (2+2)),A01,2025,17.5,,THPT
QSQ,Trường Đại Học Quốc Tế - ĐHQG TPHCM,AP05,Kỹ thuật\r\n(Kỹ thuật điện tử – viễn thông (CTLK với ĐH West of England) (2+2);\r\nKỹ thuật xây dựng (CTLK với ĐH Deakin) (2+2)),B00,2025,17.5,,THPT
QSQ,Trường Đại Học Quốc Tế - ĐHQG TPHCM,AP05,Kỹ thuật\r\n(Kỹ thuật điện tử – viễn thông (CTLK với ĐH West of England) (2+2);\r\nKỹ thuật xây dựng (CTLK với ĐH Deakin) (2+2)),D01,2025,17.5,,THPT
QSQ,Trường Đại Học Quốc Tế - ĐHQG TPHCM,AP05,Kỹ thuật\r\n(Kỹ thuật điện tử – viễn thông (CTLK với ĐH West of England) (2+2);\r\nKỹ thuật xây dựng (CTLK với ĐH Deakin) (2+2)),D07,2025,17.5,,THPT
QSQ,Đại học Quốc tế - Đại học Quốc gia TP HCM,IU01,Ngôn ngữ Anh,D01,2025,34.03,,THPT
QSQ,Trường Đại Học Quốc Tế - ĐHQG TPHCM,IU01,Ngôn ngữ Anh,D01,2025,31.0,,THPT
QSQ,Đại học Quốc tế - Đại học Quốc gia TP HCM,IU01,Ngôn ngữ Anh,D09,2025,34.03,,THPT
QSQ,Trường Đại Học Quốc Tế - ĐHQG TPHCM,IU01,Ngôn ngữ Anh,D09,2025,31.0,,THPT
QSQ,Trường Đại Học Quốc Tế - ĐHQG TPHCM,IU01,Ngôn ngữ Anh,D10,2025,31.0,,THPT
QSQ,Đại học Quốc tế - Đại học Quốc gia TP HCM,IU01,Ngôn ngữ Anh,D10,2025,34.03,,THPT
QSQ,Đại học Quốc tế - Đại học Quốc gia TP HCM,IU02,Kinh doanh - Quản lý - Kinh tế (Nhóm ngành: Quản trị kinh doanh; Marketing; Tài chính - Ngân hàng; Kế toán; Kinh tế (Phân tích dữ liệu trong kinh tế)),A01,2025,28.17,,THPT
QSQ,Trường Đại Học Quốc Tế - ĐHQG TPHCM,IU02,Kinh doanh – Quản lý – Kinh tế (Nhóm ngành: Quản trị kinh doanh; Marketing; Tài chính – Ngân hàng; Kế toán; Kinh tế (Phân tích dữ liệu trong kinh tế)),A01,2025,22.0,,THPT
QSQ,Trường Đại Học Quốc Tế - ĐHQG TPHCM,IU02,Kinh doanh – Quản lý – Kinh tế (Nhóm ngành: Quản trị kinh doanh; Marketing; Tài chính – Ngân hàng; Kế toán; Kinh tế (Phân tích dữ liệu trong kinh tế)),D01,2025,22.0,,THPT
QSQ,Đại học Quốc tế - Đại học Quốc gia TP HCM,IU02,Kinh doanh - Quản lý - Kinh tế (Nhóm ngành: Quản trị kinh doanh; Marketing; Tài chính - Ngân hàng; Kế toán; Kinh tế (Phân tích dữ liệu trong kinh tế)),D01,2025,28.17,,THPT
QSQ,Trường Đại Học Quốc Tế - ĐHQG TPHCM,IU02,Kinh doanh – Quản lý – Kinh tế (Nhóm ngành: Quản trị kinh doanh; Marketing; Tài chính – Ngân hàng; Kế toán; Kinh tế (Phân tích dữ liệu trong kinh tế)),D07,2025,22.0,,THPT
QSQ,Đại học Quốc tế - Đại học Quốc gia TP HCM,IU02,Kinh doanh - Quản lý - Kinh tế (Nhóm ngành: Quản trị kinh doanh; Marketing; Tài chính - Ngân hàng; Kế toán; Kinh tế (Phân tích dữ liệu trong kinh tế)),D07,2025,28.17,,THPT
QSQ,Trường Đại Học Quốc Tế - ĐHQG TPHCM,IU02,Kinh doanh – Quản lý – Kinh tế (Nhóm ngành: Quản trị kinh doanh; Marketing; Tài chính – Ngân hàng; Kế toán; Kinh tế (Phân tích dữ liệu trong kinh tế)),D09,2025,22.0,,THPT
QSQ,Đại học Quốc tế - Đại học Quốc gia TP HCM,IU02,Kinh doanh - Quản lý - Kinh tế (Nhóm ngành: Quản trị kinh doanh; Marketing; Tài chính - Ngân hàng; Kế toán; Kinh tế (Phân tích dữ liệu trong kinh tế)),D09,2025,28.17,,THPT
QSQ,Trường Đại Học Quốc Tế - ĐHQG TPHCM,IU02,Kinh doanh – Quản lý – Kinh tế (Nhóm ngành: Quản trị kinh doanh; Marketing; Tài chính – Ngân hàng; Kế toán; Kinh tế (Phân tích dữ liệu trong kinh tế)),D10,2025,22.0,,THPT
QSQ,Đại học Quốc tế - Đại học Quốc gia TP HCM,IU02,Kinh doanh - Quản lý - Kinh tế (Nhóm ngành: Quản trị kinh doanh; Marketing; Tài chính - Ngân hàng; Kế toán; Kinh tế (Phân tích dữ liệu trong kinh tế)),D10,2025,28.17,,THPT
QSQ,Đại học Quốc tế - Đại học Quốc gia TP HCM,IU03,Toán - Tin học (Nhóm ngành: Công nghệ thông tin; Khoa học máy tính; Khoa học dữ liệu; Toán ứng dụng (Kỹ thuật tài chính và quản trị rủi ro); Thống kê (Thống kê ứng dụng)),A00,2025,25.17,,THPT
QSQ,Trường Đại Học Quốc Tế - ĐHQG TPHCM,IU03,Toán – Tin học (Nhóm ngành: Công nghệ thông tin; Khoa học máy tính; Khoa học dữ liệu; Toán ứng dụng (Kỹ thuật Tài chính và Quản trị rủi ro); Thống kê (Thống kê ứng dụng)),A00,2025,21.0,,THPT
QSQ,Trường Đại Học Quốc Tế - ĐHQG TPHCM,IU03,Toán – Tin học (Nhóm ngành: Công nghệ thông tin; Khoa học máy tính; Khoa học dữ liệu; Toán ứng dụng (Kỹ thuật Tài chính và Quản trị rủi ro); Thống kê (Thống kê ứng dụng)),A01,2025,21.0,,THPT
QSQ,Đại học Quốc tế - Đại học Quốc gia TP HCM,IU03,Toán - Tin học (Nhóm ngành: Công nghệ thông tin; Khoa học máy tính; Khoa học dữ liệu; Toán ứng dụng (Kỹ thuật tài chính và quản trị rủi ro); Thống kê (Thống kê ứng dụng)),A01,2025,25.17,,THPT
QSQ,Đại học Quốc tế - Đại học Quốc gia TP HCM,IU04,Khoa học sự sống và Hóa học (Nhóm ngành: Công nghệ sinh học; Công nghệ thực phẩm; Hóa học (Hóa sinh); Kỹ thuật hóa học),A00,2025,24.9,,THPT
QSQ,Trường Đại Học Quốc Tế - ĐHQG TPHCM,IU04,Khoa học sự sống và Hóa học (Nhóm ngành: Công nghệ sinh học; Công nghệ thực phẩm; Hóa học (Hóa sinh); Kỹ thuật hóa học),A00,2025,18.5,,THPT
QSQ,Trường Đại Học Quốc Tế - ĐHQG TPHCM,IU04,Khoa học sự sống và Hóa học (Nhóm ngành: Công nghệ sinh học; Công nghệ thực phẩm; Hóa học (Hóa sinh); Kỹ thuật hóa học),B00,2025,18.5,,THPT
QSQ,Đại học Quốc tế - Đại học Quốc gia TP HCM,IU04,Khoa học sự sống và Hóa học (Nhóm ngành: Công nghệ sinh học; Công nghệ thực phẩm; Hóa học (Hóa sinh); Kỹ thuật hóa học),B00,2025,24.9,,THPT
QSQ,Trường Đại Học Quốc Tế - ĐHQG TPHCM,IU04,Khoa học sự sống và Hóa học (Nhóm ngành: Công nghệ sinh học; Công nghệ thực phẩm; Hóa học (Hóa sinh); Kỹ thuật hóa học),D07,2025,18.5,,THPT
QSQ,Đại học Quốc tế - Đại học Quốc gia TP HCM,IU04,Khoa học sự sống và Hóa học (Nhóm ngành: Công nghệ sinh học; Công nghệ thực phẩm; Hóa học (Hóa sinh); Kỹ thuật hóa học),D07,2025,24.9,,THPT
QSQ,Đại học Quốc tế - Đại học Quốc gia TP HCM,IU04,Khoa học sự sống và Hóa học (Nhóm ngành: Công nghệ sinh học; Công nghệ thực phẩm; Hóa học (Hóa sinh); Kỹ thuật hóa học),D08,2025,24.9,,THPT
QSQ,Đại học Quốc tế - Đại học Quốc gia TP HCM,IU05,Nhóm ngành Kỹ thuật,A00,2025,24.5,,THPT
QSQ,Trường Đại Học Quốc Tế - ĐHQG TPHCM,IU05,Kỹ thuật (Nhóm ngành: Logistics và Quản lý chuỗi cung ứng; Kỹ thuật hệ thống công nghiệp; Kỹ thuật điện tử – viễn thông; Kỹ thuật điều khiển và tự động hóa; Kỹ thuật y sinh; Kỹ thuật không gian (Phân tích và ứng dụng dữ liệu lớn); Kỹ thuật xây dựng; Quản lý xây dựng),A00,2025,19.5,,THPT
QSQ,Trường Đại Học Quốc Tế - ĐHQG TPHCM,IU05,Kỹ thuật (Nhóm ngành: Logistics và Quản lý chuỗi cung ứng; Kỹ thuật hệ thống công nghiệp; Kỹ thuật điện tử – viễn thông; Kỹ thuật điều khiển và tự động hóa; Kỹ thuật y sinh; Kỹ thuật không gian (Phân tích và ứng dụng dữ liệu lớn); Kỹ thuật xây dựng; Quản lý xây dựng),A01,2025,19.5,,THPT
QSQ,Đại học Quốc tế - Đại học Quốc gia TP HCM,IU05,Nhóm ngành Kỹ thuật,A01,2025,24.5,,THPT
QSQ,Trường Đại Học Quốc Tế - ĐHQG TPHCM,IU05,Kỹ thuật (Nhóm ngành: Logistics và Quản lý chuỗi cung ứng; Kỹ thuật hệ thống công nghiệp; Kỹ thuật điện tử – viễn thông; Kỹ thuật điều khiển và tự động hóa; Kỹ thuật y sinh; Kỹ thuật không gian (Phân tích và ứng dụng dữ liệu lớn); Kỹ thuật xây dựng; Quản lý xây dựng),B00,2025,19.5,,THPT
QSQ,Đại học Quốc tế - Đại học Quốc gia TP HCM,IU05,Nhóm ngành Kỹ thuật,B00,2025,24.5,,THPT
QSQ,Trường Đại Học Quốc Tế - ĐHQG TPHCM,IU05,Kỹ thuật (Nhóm ngành: Logistics và Quản lý chuỗi cung ứng; Kỹ thuật hệ thống công nghiệp; Kỹ thuật điện tử – viễn thông; Kỹ thuật điều khiển và tự động hóa; Kỹ thuật y sinh; Kỹ thuật không gian (Phân tích và ứng dụng dữ liệu lớn); Kỹ thuật xây dựng; Quản lý xây dựng),D01,2025,19.5,,THPT
QSQ,Đại học Quốc tế - Đại học Quốc gia TP HCM,IU05,Nhóm ngành Kỹ thuật,D01,2025,24.5,,THPT
QSQ,Trường Đại Học Quốc Tế - ĐHQG TPHCM,IU05,Kỹ thuật (Nhóm ngành: Logistics và Quản lý chuỗi cung ứng; Kỹ thuật hệ thống công nghiệp; Kỹ thuật điện tử – viễn thông; Kỹ thuật điều khiển và tự động hóa; Kỹ thuật y sinh; Kỹ thuật không gian (Phân tích và ứng dụng dữ liệu lớn); Kỹ thuật xây dựng; Quản lý xây dựng),D07,2025,19.5,,THPT
QSQ,Đại học Quốc tế - Đại học Quốc gia TP HCM,IU05,Nhóm ngành Kỹ thuật,D07,2025,24.5,,THPT
QSQ,Đại học Quốc tế - Đại học Quốc gia TP HCM,IU05,Nhóm ngành Kỹ thuật,D08,2025,24.5,,THPT
QST,Đại học Khoa học Tự nhiên - Đại học Quốc gia TP HCM,7140103,Công nghệ Giáo dục,A00,2025,24.25,,THPT
QST,Trường Đại Học Khoa Học Tự Nhiên TPHCM,7140103,Công nghệ giáo dục,A00,2025,23.13,,THPT
QST,Trường Đại Học Khoa Học Tự Nhiên TPHCM,7140103,Công nghệ giáo dục,A00,2025,23.13,,THPT
QST,Đại học Khoa học Tự nhiên - Đại học Quốc gia TP HCM,7140103,Công nghệ Giáo dục,A01,2025,22.88,,THPT
QST,Đại học Khoa học Tự nhiên - Đại học Quốc gia TP HCM,7140103,Công nghệ Giáo dục,A01,2025,24.25,,THPT
QST,Trường Đại Học Khoa Học Tự Nhiên TPHCM,7140103,Công nghệ giáo dục,A01,2025,23.13,,THPT
QST,Đại học Khoa học Tự nhiên - Đại học Quốc gia TP HCM,7140103,Công nghệ Giáo dục,B00,2025,23.13,,THPT
QST,Đại học Khoa học Tự nhiên - Đại học Quốc gia TP HCM,7140103,Công nghệ Giáo dục,D01,2025,22.5,,THPT
QST,Đại học Khoa học Tự nhiên - Đại học Quốc gia TP HCM,7140103,Công nghệ Giáo dục,D01,2025,24.25,,THPT
QST,Trường Đại Học Khoa Học Tự Nhiên TPHCM,7140103,Công nghệ giáo dục,D01,2025,23.13,,THPT
QST,Trường Đại Học Khoa Học Tự Nhiên TPHCM,7140103,Công nghệ giáo dục,D07,2025,23.13,,THPT
QST,Đại học Khoa học Tự nhiên - Đại học Quốc gia TP HCM,7140103,Công nghệ Giáo dục,D07,2025,22.5,,THPT
QST,Đại học Khoa học Tự nhiên - Đại học Quốc gia TP HCM,7140103,Công nghệ Giáo dục,D07,2025,24.25,,THPT
QST,Đại học Khoa học Tự nhiên - Đại học Quốc gia TP HCM,7420101,Sinh hoc,A00,2025,22.1,,THPT
QST,Đại học Khoa học Tự nhiên - Đại học Quốc gia TP HCM,7420101,Sinh hoc,B00,2025,20.96,,THPT
QST,Đại học Khoa học Tự nhiên - Đại học Quốc gia TP HCM,7420101,Sinh hoc,B00,2025,22.1,,THPT
QST,Trường Đại Học Khoa Học Tự Nhiên TPHCM,7420101,Sinh học,B00,2025,20.57,,THPT
QST,Đại học Khoa học Tự nhiên - Đại học Quốc gia TP HCM,7420101,Sinh hoc,D01,2025,20.57,,THPT
QST,Đại học Khoa học Tự nhiên - Đại học Quốc gia TP HCM,7420101_DKD,Sinh học (CT Chất lượng cao),A00,2025,21.5,,THPT
QST,Đại học Khoa học Tự nhiên - Đại học Quốc gia TP HCM,7420101_DKD,Sinh học (CT Chất lượng cao),B00,2025,20.25,,THPT
QST,Đại học Khoa học Tự nhiên - Đại học Quốc gia TP HCM,7420101_DKD,Sinh học (CT Chất lượng cao),B00,2025,21.5,,THPT
QST,Trường Đại Học Khoa Học Tự Nhiên TPHCM,7420101_DKD,Sinh học (CTTCTA),B00,2025,20.25,,THPT
QST,Đại học Khoa học Tự nhiên - Đại học Quốc gia TP HCM,7420101_DKD,Sinh học (CT Chất lượng cao),D01,2025,20.06,,THPT
QST,Đại học Khoa học Tự nhiên - Đại học Quốc gia TP HCM,7420201,Công nghệ sinh học,A00,2025,24.72,,THPT
QST,Đại học Khoa học Tự nhiên - Đại học Quốc gia TP HCM,7420201,Công nghệ sinh học,B00,2025,23.72,,THPT
QST,Đại học Khoa học Tự nhiên - Đại học Quốc gia TP HCM,7420201,Công nghệ sinh học,B00,2025,24.72,,THPT
QST,Trường Đại Học Khoa Học Tự Nhiên TPHCM,7420201,Công nghệ Sinh học,B00,2025,22.86,,THPT
QST,Đại học Khoa học Tự nhiên - Đại học Quốc gia TP HCM,7420201,Công nghệ sinh học,D01,2025,22.86,,THPT
QST,Đại học Khoa học Tự nhiên - Đại học Quốc gia TP HCM,7420201_DKD,Công nghệ Sinh học (CT Chất lượng cao),A00,2025,24.3,,THPT
QST,Đại học Khoa học Tự nhiên - Đại học Quốc gia TP HCM,7420201_DKD,Công nghệ Sinh học (CT Chất lượng cao),B00,2025,23.25,,THPT
QST,Đại học Khoa học Tự nhiên - Đại học Quốc gia TP HCM,7420201_DKD,Công nghệ Sinh học (CT Chất lượng cao),B00,2025,24.3,,THPT
QST,Trường Đại Học Khoa Học Tự Nhiên TPHCM,7420201_DKD,Công nghệ Sinh học (CT TCTA),B00,2025,22.55,,THPT
QST,Đại học Khoa học Tự nhiên - Đại học Quốc gia TP HCM,7420201_DKD,Công nghệ Sinh học (CT Chất lượng cao),D01,2025,22.55,,THPT
QST,Đại học Khoa học Tự nhiên - Đại học Quốc gia TP HCM,7440102_DKD,Vật lý học CT Chất lượng cao,A00,2025,24.4,,THPT
QST,Trường Đại Học Khoa Học Tự Nhiên TPHCM,7440102_DKD,Vật lý học (CT TCTA),A00,2025,23.1,,THPT
QST,Trường Đại Học Khoa Học Tự Nhiên TPHCM,7440102_DKD,Vật lý học (CTTCTA),A00,2025,0.0,,THPT
QST,Đại học Khoa học Tự nhiên - Đại học Quốc gia TP HCM,7440102_DKD,Vật lý học CT Chất lượng cao,A01,2025,23.1,,THPT
QST,Đại học Khoa học Tự nhiên - Đại học Quốc gia TP HCM,7440102_DKD,Vật lý học CT Chất lượng cao,A01,2025,24.4,,THPT
QST,Đại học Khoa học Tự nhiên - Đại học Quốc gia TP HCM,7440102_NN,"Nhóm ngành Vật lý học, công nghệ Vật lý điện tử và tin học",A00,2025,26.75,,THPT
QST,Trường Đại Học Khoa Học Tự Nhiên TPHCM,7440102_NN,"Nhóm ngành Vật lý học (CT: 150), Công nghệ Vật lý điện tử và tin học (CT: 60), Công nghệ bán dẫn (CT: 60)",A00,2025,26.25,,THPT
QST,Đại học Khoa học Tự nhiên - Đại học Quốc gia TP HCM,7440102_NN,"Nhóm ngành Vật lý học, công nghệ Vật lý điện tử và tin học",A01,2025,26.75,,THPT
QST,Đại học Khoa học Tự nhiên - Đại học Quốc gia TP HCM,7440102_NN,"Nhóm ngành Vật lý học, công nghệ Vật lý điện tử và tin học",A01,2025,25.5,,THPT
QST,Đại học Khoa học Tự nhiên - Đại học Quốc gia TP HCM,7440112,Hóa học,A00,2025,26.18,,THPT
QST,Trường Đại Học Khoa Học Tự Nhiên TPHCM,7440112,Hóa học,A00,2025,24.68,,THPT
QST,Đại học Khoa học Tự nhiên - Đại học Quốc gia TP HCM,7440112,Hóa học,B00,2025,25.37,,THPT
QST,Đại học Khoa học Tự nhiên - Đại học Quốc gia TP HCM,7440112,Hóa học,B00,2025,26.18,,THPT
QST,Đại học Khoa học Tự nhiên - Đại học Quốc gia TP HCM,7440112,Hóa học,D07,2025,24.68,,THPT
QST,Đại học Khoa học Tự nhiên - Đại học Quốc gia TP HCM,7440112,Hóa học,D07,2025,26.18,,THPT
QST,Trường Đại Học Khoa Học Tự Nhiên TPHCM,7440112,Hóa học,D07,2025,24.68,,THPT
QST,Đại học Khoa học Tự nhiên - Đại học Quốc gia TP HCM,7440112_DKD,Hóa học (CT Chất lượng cao),A00,2025,24.25,,THPT
QST,Trường Đại Học Khoa Học Tự Nhiên TPHCM,7440112_DKD,Hóa học (CT TCTA),A00,2025,24.25,,THPT
QST,Đại học Khoa học Tự nhiên - Đại học Quốc gia TP HCM,7440112_DKD,Hóa học (CT Chất lượng cao),B00,2025,23.13,,THPT
QST,Đại học Khoa học Tự nhiên - Đại học Quốc gia TP HCM,7440112_DKD,Hóa học (CT Chất lượng cao),B00,2025,24.25,,THPT
QST,Đại học Khoa học Tự nhiên - Đại học Quốc gia TP HCM,7440112_DKD,Hóa học (CT Chất lượng cao),D07,2025,24.25,,THPT
QST,Đại học Khoa học Tự nhiên - Đại học Quốc gia TP HCM,7440112_DKD,Hóa học (CT Chất lượng cao),D07,2025,22.5,,THPT
QST,Trường Đại Học Khoa Học Tự Nhiên TPHCM,7440112_DKD,Hóa học (CT TCTA),D07,2025,24.25,,THPT
QST,Đại học Khoa học Tự nhiên - Đại học Quốc gia TP HCM,7440122,Khoa học vật liệu,A00,2025,24.1,,THPT
QST,Trường Đại Học Khoa Học Tự Nhiên TPHCM,7440122,Khoa học Vật liệu,A00,2025,22.35,,THPT
QST,Đại học Khoa học Tự nhiên - Đại học Quốc gia TP HCM,7440122,Khoa học vật liệu,A01,2025,22.65,,THPT
QST,Đại học Khoa học Tự nhiên - Đại học Quốc gia TP HCM,7440122,Khoa học vật liệu,A01,2025,24.1,,THPT
QST,Đại học Khoa học Tự nhiên - Đại học Quốc gia TP HCM,7440122,Khoa học vật liệu,B00,2025,23.05,,THPT
QST,Đại học Khoa học Tự nhiên - Đại học Quốc gia TP HCM,7440122,Khoa học vật liệu,B00,2025,24.1,,THPT
QST,Trường Đại Học Khoa Học Tự Nhiên TPHCM,7440122,Khoa học Vật liệu,B00,2025,22.35,,THPT
QST,Đại học Khoa học Tự nhiên - Đại học Quốc gia TP HCM,7440122,Khoa học vật liệu,D07,2025,22.35,,THPT
QST,Đại học Khoa học Tự nhiên - Đại học Quốc gia TP HCM,7440122,Khoa học vật liệu,D07,2025,24.1,,THPT
QST,Đại học Khoa học Tự nhiên - Đại học Quốc gia TP HCM,7440122_DKD,Khoa học Vật liệu CT Chất lượng cao,A00,2025,23.2,,THPT
QST,Trường Đại Học Khoa Học Tự Nhiên TPHCM,7440122_DKD,Khoa học Vật liệu (CTTCTA),A00,2025,22.1,,THPT
QST,Trường Đại Học Khoa Học Tự Nhiên TPHCM,7440122_DKD,Khoa học Vật liệu (CT TCTA),A00,2025,0.0,,THPT
QST,Đại học Khoa học Tự nhiên - Đại học Quốc gia TP HCM,7440122_DKD,Khoa học Vật liệu CT Chất lượng cao,A01,2025,23.2,,THPT
QST,Đại học Khoa học Tự nhiên - Đại học Quốc gia TP HCM,7440122_DKD,Khoa học Vật liệu CT Chất lượng cao,A01,2025,21.85,,THPT
QST,Đại học Khoa học Tự nhiên - Đại học Quốc gia TP HCM,7440122_DKD,Khoa học Vật liệu CT Chất lượng cao,B00,2025,23.2,,THPT
QST,Đại học Khoa học Tự nhiên - Đại học Quốc gia TP HCM,7440122_DKD,Khoa học Vật liệu CT Chất lượng cao,B00,2025,22.1,,THPT
QST,Trường Đại Học Khoa Học Tự Nhiên TPHCM,7440122_DKD,Khoa học Vật liệu (CTTCTA),B00,2025,22.1,,THPT
QST,Trường Đại Học Khoa Học Tự Nhiên TPHCM,7440122_DKD,Khoa học Vật liệu (CT TCTA),B00,2025,0.0,,THPT
QST,Đại học Khoa học Tự nhiên - Đại học Quốc gia TP HCM,7440122_DKD,Khoa học Vật liệu CT Chất lượng cao,D07,2025,23.2,,THPT
QST,Đại học Khoa học Tự nhiên - Đại học Quốc gia TP HCM,7440122_DKD,Khoa học Vật liệu CT Chất lượng cao,D07,2025,21.35,,THPT
QST,Đại học Khoa học Tự nhiên - Đại học Quốc gia TP HCM,7440201_NN,"Nhóm ngành Địa chất học, Khoa học quản lý và kinh tế đất đai",A00,2025,22.3,,THPT
QST,Trường Đại Học Khoa Học Tự Nhiên TPHCM,7440201_NN,"Nhóm ngành Địa chất học (CT: 40), Kinh tế đất đai (CT: 50)",A00,2025,20.46,,THPT
QST,Đại học Khoa học Tự nhiên - Đại học Quốc gia TP HCM,7440201_NN,"Nhóm ngành Địa chất học, Khoa học quản lý và kinh tế đất đai",A01,2025,22.3,,THPT
QST,Đại học Khoa học Tự nhiên - Đại học Quốc gia TP HCM,7440201_NN,"Nhóm ngành Địa chất học, Khoa học quản lý và kinh tế đất đai",A01,2025,21.05,,THPT
QST,Trường Đại Học Khoa Học Tự Nhiên TPHCM,7440201_NN,"Nhóm ngành Địa chất học (CT: 40), Kinh tế đất đai (CT: 50)",A01,2025,20.46,,THPT
QST,Đại học Khoa học Tự nhiên - Đại học Quốc gia TP HCM,7440201_NN,"Nhóm ngành Địa chất học, Khoa học quản lý và kinh tế đất đai",B00,2025,22.3,,THPT
QST,Đại học Khoa học Tự nhiên - Đại học Quốc gia TP HCM,7440201_NN,"Nhóm ngành Địa chất học, Khoa học quản lý và kinh tế đất đai",B00,2025,21.19,,THPT
QST,Trường Đại Học Khoa Học Tự Nhiên TPHCM,7440201_NN,"Nhóm ngành Địa chất học (CT: 40), Kinh tế đất đai (CT: 50)",B00,2025,20.46,,THPT
QST,Đại học Khoa học Tự nhiên - Đại học Quốc gia TP HCM,7440201_NN,"Nhóm ngành Địa chất học, Khoa học quản lý và kinh tế đất đai",D01,2025,22.3,,THPT
QST,Đại học Khoa học Tự nhiên - Đại học Quốc gia TP HCM,7440201_NN,"Nhóm ngành Địa chất học, Khoa học quản lý và kinh tế đất đai",D01,2025,20.71,,THPT
QST,Trường Đại Học Khoa Học Tự Nhiên TPHCM,7440201_NN,"Nhóm ngành Địa chất học (CT: 40), Kinh tế đất đai (CT: 50)",D01,2025,20.46,,THPT
QST,Đại học Khoa học Tự nhiên - Đại học Quốc gia TP HCM,7440201_NN,"Nhóm ngành Địa chất học, Khoa học quản lý và kinh tế đất đai",D07,2025,20.46,,THPT
QST,Trường Đại Học Khoa Học Tự Nhiên TPHCM,7440201_NN,"Nhóm ngành Địa chất học (CT: 40), Kinh tế đất đai (CT: 50)",D10,2025,20.46,,THPT
QST,Đại học Khoa học Tự nhiên - Đại học Quốc gia TP HCM,7440201_NN,"Nhóm ngành Địa chất học, Khoa học quản lý và kinh tế đất đai",D10,2025,22.3,,THPT
QST,Đại học Khoa học Tự nhiên - Đại học Quốc gia TP HCM,7440228,Hải dương học,A00,2025,22.4,,THPT
QST,Trường Đại Học Khoa Học Tự Nhiên TPHCM,7440228,Hải dương học,A00,2025,22.4,,THPT
QST,Đại học Khoa học Tự nhiên - Đại học Quốc gia TP HCM,7440228,Hải dương học,A01,2025,22.4,,THPT
QST,Đại học Khoa học Tự nhiên - Đại học Quốc gia TP HCM,7440228,Hải dương học,A01,2025,21.15,,THPT
QST,Đại học Khoa học Tự nhiên - Đại học Quốc gia TP HCM,7440301,Khoa học môi trường,A00,2025,21.2,,THPT
QST,Trường Đại Học Khoa Học Tự Nhiên TPHCM,7440301,Khoa học Môi trường,A00,2025,19.39,,THPT
QST,Đại học Khoa học Tự nhiên - Đại học Quốc gia TP HCM,7440301,Khoa học môi trường,A01,2025,20.06,,THPT
QST,Đại học Khoa học Tự nhiên - Đại học Quốc gia TP HCM,7440301,Khoa học môi trường,A01,2025,21.2,,THPT
QST,Đại học Khoa học Tự nhiên - Đại học Quốc gia TP HCM,7440301,Khoa học môi trường,B00,2025,21.2,,THPT
QST,Đại học Khoa học Tự nhiên - Đại học Quốc gia TP HCM,7440301,Khoa học môi trường,B00,2025,19.95,,THPT
QST,Trường Đại Học Khoa Học Tự Nhiên TPHCM,7440301,Khoa học Môi trường,B00,2025,19.39,,THPT
QST,Đại học Khoa học Tự nhiên - Đại học Quốc gia TP HCM,7440301,Khoa học môi trường,D07,2025,21.2,,THPT
QST,Đại học Khoa học Tự nhiên - Đại học Quốc gia TP HCM,7440301,Khoa học môi trường,D07,2025,19.39,,THPT
QST,Trường Đại Học Khoa Học Tự Nhiên TPHCM,7440301,Khoa học Môi trường,D07,2025,19.39,,THPT
QST,Đại học Khoa học Tự nhiên - Đại học Quốc gia TP HCM,7440301_DKD,Khoa học Môi trường (CT Chất lượng cao),A00,2025,19.0,,THPT
QST,Trường Đại Học Khoa Học Tự Nhiên TPHCM,7440301_DKD,Khoa học Môi trường (CTTCTA),A00,2025,18.0,,THPT
QST,Đại học Khoa học Tự nhiên - Đại học Quốc gia TP HCM,7440301_DKD,Khoa học Môi trường (CT Chất lượng cao),A01,2025,18.0,,THPT
QST,Đại học Khoa học Tự nhiên - Đại học Quốc gia TP HCM,7440301_DKD,Khoa học Môi trường (CT Chất lượng cao),A01,2025,19.0,,THPT
QST,Đại học Khoa học Tự nhiên - Đại học Quốc gia TP HCM,7440301_DKD,Khoa học Môi trường (CT Chất lượng cao),B00,2025,19.0,,THPT
QST,Đại học Khoa học Tự nhiên - Đại học Quốc gia TP HCM,7440301_DKD,Khoa học Môi trường (CT Chất lượng cao),B00,2025,17.6,,THPT
QST,Trường Đại Học Khoa Học Tự Nhiên TPHCM,7440301_DKD,Khoa học Môi trường (CTTCTA),B00,2025,18.0,,THPT
QST,Đại học Khoa học Tự nhiên - Đại học Quốc gia TP HCM,7440301_DKD,Khoa học Môi trường (CT Chất lượng cao),D07,2025,17.0,,THPT
QST,Đại học Khoa học Tự nhiên - Đại học Quốc gia TP HCM,7440301_DKD,Khoa học Môi trường (CT Chất lượng cao),D07,2025,19.0,,THPT
QST,Trường Đại Học Khoa Học Tự Nhiên TPHCM,7440301_DKD,Khoa học Môi trường (CTTCTA),D07,2025,18.0,,THPT
QST,Đại học Khoa học Tự nhiên - Đại học Quốc gia TP HCM,7460101_NN,"Nhóm ngành Toán học, Toán tin, Toán ứng dụng",A00,2025,26.61,,THPT
QST,Trường Đại Học Khoa Học Tự Nhiên TPHCM,7460101_NN,"Nhóm ngành Toán học (Toán học, Toán ứng dụng, Toán tin)",A00,2025,25.11,,THPT
QST,Đại học Khoa học Tự nhiên - Đại học Quốc gia TP HCM,7460101_NN,"Nhóm ngành Toán học, Toán tin, Toán ứng dụng",A01,2025,26.61,,THPT
QST,Đại học Khoa học Tự nhiên - Đại học Quốc gia TP HCM,7460101_NN,"Nhóm ngành Toán học, Toán tin, Toán ứng dụng",A01,2025,25.36,,THPT
QST,Trường Đại Học Khoa Học Tự Nhiên TPHCM,7460101_NN,"Nhóm ngành Toán học (Toán học, Toán ứng dụng, Toán tin)",A01,2025,25.11,,THPT
QST,Đại học Khoa học Tự nhiên - Đại học Quốc gia TP HCM,7460101_NN,"Nhóm ngành Toán học, Toán tin, Toán ứng dụng",B00,2025,25.66,,THPT
QST,Đại học Khoa học Tự nhiên - Đại học Quốc gia TP HCM,7460101_NN,"Nhóm ngành Toán học, Toán tin, Toán ứng dụng",B00,2025,26.61,,THPT
QST,Trường Đại Học Khoa Học Tự Nhiên TPHCM,7460101_NN,"Nhóm ngành Toán học (Toán học, Toán ứng dụng, Toán tin)",B00,2025,25.11,,THPT
QST,Đại học Khoa học Tự nhiên - Đại học Quốc gia TP HCM,7460101_NN,"Nhóm ngành Toán học, Toán tin, Toán ứng dụng",D01,2025,26.61,,THPT
QST,Đại học Khoa học Tự nhiên - Đại học Quốc gia TP HCM,7460101_NN,"Nhóm ngành Toán học, Toán tin, Toán ứng dụng",D01,2025,24.66,,THPT
QST,Đại học Khoa học Tự nhiên - Đại học Quốc gia TP HCM,7460101_NN,"Nhóm ngành Toán học, Toán tin, Toán ứng dụng",D07,2025,25.11,,THPT
QST,Đại học Khoa học Tự nhiên - Đại học Quốc gia TP HCM,7460101_NN,"Nhóm ngành Toán học, Toán tin, Toán ứng dụng",D07,2025,26.61,,THPT
QST,Đại học Khoa học Tự nhiên - Đại học Quốc gia TP HCM,7460108_NN,"Nhóm ngành Khoa học dữ liệu, Thống kê",A00,2025,28.5,,THPT
QST,Trường Đại Học Khoa Học Tự Nhiên TPHCM,7460108_NN,"Nhóm ngành Khoa học dữ liệu (CT:80), Thống kê (CT:40)",A00,2025,27.92,,THPT
QST,Đại học Khoa học Tự nhiên - Đại học Quốc gia TP HCM,7460108_NN,"Nhóm ngành Khoa học dữ liệu, Thống kê",A01,2025,27.92,,THPT
QST,Trường Đại Học Khoa Học Tự Nhiên TPHCM,7460108_NN,"Nhóm ngành Khoa học dữ liệu (CT:80), Thống kê (CT:40)",A01,2025,27.92,,THPT
QST,Đại học Khoa học Tự nhiên - Đại học Quốc gia TP HCM,7460108_NN,"Nhóm ngành Khoa học dữ liệu, Thống kê",B00,2025,27.92,,THPT
QST,Trường Đại Học Khoa Học Tự Nhiên TPHCM,7460108_NN,"Nhóm ngành Khoa học dữ liệu (CT:80), Thống kê (CT:40)",B00,2025,27.92,,THPT
QST,Đại học Khoa học Tự nhiên - Đại học Quốc gia TP HCM,7460108_NN,"Nhóm ngành Khoa học dữ liệu, Thống kê",D01,2025,27.17,,THPT
QST,Đại học Khoa học Tự nhiên - Đại học Quốc gia TP HCM,7460108_NN,"Nhóm ngành Khoa học dữ liệu, Thống kê",D07,2025,27.67,,THPT
QST,Đại học Khoa học Tự nhiên - Đại học Quốc gia TP HCM,7480101_TT,Khoa học máy tính (Chương trình Tiên tiến),A00,2025,29.92,,THPT
QST,Trường Đại Học Khoa Học Tự Nhiên TPHCM,7480101_TT,Khoa học máy tính (CTTiên tiến),A00,2025,29.56,,THPT
QST,Đại học Khoa học Tự nhiên - Đại học Quốc gia TP HCM,7480101_TT,Khoa học máy tính (Chương trình Tiên tiến),A01,2025,29.92,,THPT
QST,Đại học Khoa học Tự nhiên - Đại học Quốc gia TP HCM,7480101_TT,Khoa học máy tính (Chương trình Tiên tiến),A01,2025,29.81,,THPT
QST,Trường Đại Học Khoa Học Tự Nhiên TPHCM,7480101_TT,Khoa học máy tính (CTTiên tiến),A01,2025,29.56,,THPT
QST,Trường Đại Học Khoa Học Tự Nhiên TPHCM,7480101_TT,Khoa học máy tính (CTTiên tiến),A01,2025,29.56,,THPT
QST,Đại học Khoa học Tự nhiên - Đại học Quốc gia TP HCM,7480101_TT,Khoa học máy tính (Chương trình Tiên tiến),B00,2025,29.81,,THPT
QST,Đại học Khoa học Tự nhiên - Đại học Quốc gia TP HCM,7480101_TT,Khoa học máy tính (Chương trình Tiên tiến),D07,2025,29.56,,THPT
QST,Đại học Khoa học Tự nhiên - Đại học Quốc gia TP HCM,7480101_TT,Khoa học máy tính (Chương trình Tiên tiến),D07,2025,29.92,,THPT
QST,Đại học Khoa học Tự nhiên - Đại học Quốc gia TP HCM,7480107,Trí tuệ nhân tạo,A00,2025,29.39,,THPT
QST,Trường Đại Học Khoa Học Tự Nhiên TPHCM,7480107,Trí tuệ nhân tạo,A00,2025,28.85,,THPT
QST,Đại học Khoa học Tự nhiên - Đại học Quốc gia TP HCM,7480107,Trí tuệ nhân tạo,A01,2025,29.1,,THPT
QST,Đại học Khoa học Tự nhiên - Đại học Quốc gia TP HCM,7480107,Trí tuệ nhân tạo,A01,2025,29.39,,THPT
QST,Trường Đại Học Khoa Học Tự Nhiên TPHCM,7480107,Trí tuệ nhân tạo,A01,2025,28.85,,THPT
QST,Trường Đại Học Khoa Học Tự Nhiên TPHCM,7480107,Trí tuệ nhân tạo,A01,2025,28.85,,THPT
QST,Đại học Khoa học Tự nhiên - Đại học Quốc gia TP HCM,7480107,Trí tuệ nhân tạo,B00,2025,29.1,,THPT
QST,Đại học Khoa học Tự nhiên - Đại học Quốc gia TP HCM,7480107,Trí tuệ nhân tạo,D07,2025,28.85,,THPT
QST,Đại học Khoa học Tự nhiên - Đại học Quốc gia TP HCM,7480107,Trí tuệ nhân tạo,D07,2025,29.39,,THPT
QST,Đại học Khoa học Tự nhiên - Đại học Quốc gia TP HCM,7480201_DKD,Công nghệ Thông tin (CT Chất lượng cao),A00,2025,25.87,,THPT
QST,Trường Đại Học Khoa Học Tự Nhiên TPHCM,7480201_DKD,Công nghệ thông tin (CT TCTA),A00,2025,24.37,,THPT
QST,Đại học Khoa học Tự nhiên - Đại học Quốc gia TP HCM,7480201_DKD,Công nghệ Thông tin (CT Chất lượng cao),A01,2025,24.62,,THPT
QST,Đại học Khoa học Tự nhiên - Đại học Quốc gia TP HCM,7480201_DKD,Công nghệ Thông tin (CT Chất lượng cao),A01,2025,25.87,,THPT
QST,Trường Đại Học Khoa Học Tự Nhiên TPHCM,7480201_DKD,Công nghệ thông tin (CT TCTA),A01,2025,24.37,,THPT
QST,Đại học Khoa học Tự nhiên - Đại học Quốc gia TP HCM,7480201_DKD,Công nghệ Thông tin (CT Chất lượng cao),B00,2025,24.99,,THPT
QST,Đại học Khoa học Tự nhiên - Đại học Quốc gia TP HCM,7480201_DKD,Công nghệ Thông tin (CT Chất lượng cao),D07,2025,25.87,,THPT
QST,Đại học Khoa học Tự nhiên - Đại học Quốc gia TP HCM,7480201_DKD,Công nghệ Thông tin (CT Chất lượng cao),D07,2025,24.37,,THPT
QST,Đại học Khoa học Tự nhiên - Đại học Quốc gia TP HCM,7480201_NN,Nhóm ngành máy tính và Công nghệ thông tin,A00,2025,27.27,,THPT
QST,Trường Đại Học Khoa Học Tự Nhiên TPHCM,7480201_NN,Nhóm ngành máy tính và Công nghệ thông tin (Công nghệ thông tin; Kỹ thuật phần mềm; Hệ thống thông tin; Khoa học máy tính),A00,2025,26.16,,THPT
QST,Đại học Khoa học Tự nhiên - Đại học Quốc gia TP HCM,7480201_NN,Nhóm ngành máy tính và Công nghệ thông tin,A01,2025,27.27,,THPT
QST,Đại học Khoa học Tự nhiên - Đại học Quốc gia TP HCM,7480201_NN,Nhóm ngành máy tính và Công nghệ thông tin,A01,2025,26.27,,THPT
QST,Trường Đại Học Khoa Học Tự Nhiên TPHCM,7480201_NN,Nhóm ngành máy tính và Công nghệ thông tin (Công nghệ thông tin; Kỹ thuật phần mềm; Hệ thống thông tin; Khoa học máy tính),A01,2025,26.16,,THPT
QST,Đại học Khoa học Tự nhiên - Đại học Quốc gia TP HCM,7480201_NN,Nhóm ngành máy tính và Công nghệ thông tin,B00,2025,26.66,,THPT
QST,Đại học Khoa học Tự nhiên - Đại học Quốc gia TP HCM,7480201_NN,Nhóm ngành máy tính và Công nghệ thông tin,D07,2025,26.16,,THPT
QST,Đại học Khoa học Tự nhiên - Đại học Quốc gia TP HCM,7480201_NN,Nhóm ngành máy tính và Công nghệ thông tin,D07,2025,27.27,,THPT
QST,Đại học Khoa học Tự nhiên - Đại học Quốc gia TP HCM,7510401_CLC,Công nghệ kỹ thuật Hoá học (Chất lượng cao),A00,2025,25.22,,THPT
QST,Đại học Khoa học Tự nhiên - Đại học Quốc gia TP HCM,7510401_CLC,Công nghệ kỹ thuật Hoá học (Chất lượng cao),B00,2025,25.22,,THPT
QST,Đại học Khoa học Tự nhiên - Đại học Quốc gia TP HCM,7510401_CLC,Công nghệ kỹ thuật Hoá học (Chất lượng cao),B00,2025,24.22,,THPT
QST,Đại học Khoa học Tự nhiên - Đại học Quốc gia TP HCM,7510401_CLC,Công nghệ kỹ thuật Hoá học (Chất lượng cao),D07,2025,25.22,,THPT
QST,Đại học Khoa học Tự nhiên - Đại học Quốc gia TP HCM,7510401_CLC,Công nghệ kỹ thuật Hoá học (Chất lượng cao),D07,2025,23.61,,THPT
QST,Trường Đại Học Khoa Học Tự Nhiên TPHCM,7510401_DKD,Công nghệ kỹ thuật Hóa học (CTTCTA),A00,2025,25.22,,THPT
QST,Trường Đại Học Khoa Học Tự Nhiên TPHCM,7510401_DKD,Công nghệ kỹ thuật Hóa học (CTTCTA),B00,2025,25.22,,THPT
QST,Trường Đại Học Khoa Học Tự Nhiên TPHCM,7510401_DKD,Công nghệ kỹ thuật Hóa học (CTTCTA),D07,2025,25.22,,THPT
QST,Đại học Khoa học Tự nhiên - Đại học Quốc gia TP HCM,7510402,Công nghệ vật liệu,A00,2025,25.07,,THPT
QST,Trường Đại Học Khoa Học Tự Nhiên TPHCM,7510402,Công nghệ Vật liệu,A00,2025,23.54,,THPT
QST,Đại học Khoa học Tự nhiên - Đại học Quốc gia TP HCM,7510402,Công nghệ vật liệu,A01,2025,25.07,,THPT
QST,Đại học Khoa học Tự nhiên - Đại học Quốc gia TP HCM,7510402,Công nghệ vật liệu,A01,2025,23.82,,THPT
QST,Đại học Khoa học Tự nhiên - Đại học Quốc gia TP HCM,7510402,Công nghệ vật liệu,B00,2025,25.07,,THPT
QST,Đại học Khoa học Tự nhiên - Đại học Quốc gia TP HCM,7510402,Công nghệ vật liệu,B00,2025,24.07,,THPT
QST,Trường Đại Học Khoa Học Tự Nhiên TPHCM,7510402,Công nghệ Vật liệu,B00,2025,23.54,,THPT
QST,Đại học Khoa học Tự nhiên - Đại học Quốc gia TP HCM,7510402,Công nghệ vật liệu,D07,2025,23.54,,THPT
QST,Đại học Khoa học Tự nhiên - Đại học Quốc gia TP HCM,7510402,Công nghệ vật liệu,D07,2025,25.07,,THPT
QST,Đại học Khoa học Tự nhiên - Đại học Quốc gia TP HCM,7510406,Công nghệ kỹ thuật Môi trường,A00,2025,21.5,,THPT
QST,Trường Đại Học Khoa Học Tự Nhiên TPHCM,7510406,Công nghệ Kỹ thuật Môi trường,A00,2025,22.0,,THPT
QST,Đại học Khoa học Tự nhiên - Đại học Quốc gia TP HCM,7510406,Công nghệ kỹ thuật Môi trường,A01,2025,20.25,,THPT
QST,Đại học Khoa học Tự nhiên - Đại học Quốc gia TP HCM,7510406,Công nghệ kỹ thuật Môi trường,A01,2025,21.5,,THPT
QST,Trường Đại Học Khoa Học Tự Nhiên TPHCM,7510406,Công nghệ Kỹ thuật Môi trường,A01,2025,22.0,,THPT
QST,Trường Đại Học Khoa Học Tự Nhiên TPHCM,7510406,Công nghệ Kỹ thuật Môi trường,B00,2025,22.0,,THPT
QST,Đại học Khoa học Tự nhiên - Đại học Quốc gia TP HCM,7510406,Công nghệ kỹ thuật Môi trường,B00,2025,20.25,,THPT
QST,Đại học Khoa học Tự nhiên - Đại học Quốc gia TP HCM,7510406,Công nghệ kỹ thuật Môi trường,B00,2025,21.5,,THPT
QST,Trường Đại Học Khoa Học Tự Nhiên TPHCM,7510406,Công nghệ Kỹ thuật Môi trường,B00,2025,22.0,,THPT
QST,Đại học Khoa học Tự nhiên - Đại học Quốc gia TP HCM,7510406,Công nghệ kỹ thuật Môi trường,D07,2025,19.56,,THPT
QST,Đại học Khoa học Tự nhiên - Đại học Quốc gia TP HCM,7510406,Công nghệ kỹ thuật Môi trường,D07,2025,21.5,,THPT
QST,Trường Đại Học Khoa Học Tự Nhiên TPHCM,7510406,Công nghệ Kỹ thuật Môi trường,D07,2025,22.0,,THPT
QST,Đại học Khoa học Tự nhiên - Đại học Quốc gia TP HCM,7520207,Ngành Kỹ thuật điện tử truyền thông,A00,2025,26.6,,THPT
QST,Trường Đại Học Khoa Học Tự Nhiên TPHCM,7520207,Kỹ thuật điện tử - viễn thông,A00,2025,25.1,,THPT
QST,Đại học Khoa học Tự nhiên - Đại học Quốc gia TP HCM,7520207,Ngành Kỹ thuật điện tử truyền thông,A01,2025,25.35,,THPT
QST,Trường Đại Học Khoa Học Tự Nhiên TPHCM,7520207,Kỹ thuật điện tử - viễn thông,A01,2025,25.1,,THPT
QST,Đại học Khoa học Tự nhiên - Đại học Quốc gia TP HCM,7520207,Ngành Kỹ thuật điện tử truyền thông,D07,2025,25.1,,THPT
QST,Đại học Khoa học Tự nhiên - Đại học Quốc gia TP HCM,7520207_DKD,Kỹ thuật Điện tử - Viễn thông (CT Chất lượng cao),A00,2025,25.7,,THPT
QST,Trường Đại Học Khoa Học Tự Nhiên TPHCM,7520207_DKD,Kỹ thuật điện tử - viễn thông (CT TCTA),A00,2025,24.15,,THPT
QST,Đại học Khoa học Tự nhiên - Đại học Quốc gia TP HCM,7520207_DKD,Kỹ thuật Điện tử - Viễn thông (CT Chất lượng cao),A01,2025,24.45,,THPT
QST,Đại học Khoa học Tự nhiên - Đại học Quốc gia TP HCM,7520207_DKD,Kỹ thuật Điện tử - Viễn thông (CT Chất lượng cao),A01,2025,25.7,,THPT
QST,Trường Đại Học Khoa Học Tự Nhiên TPHCM,7520207_DKD,Kỹ thuật điện tử - viễn thông (CT TCTA),A01,2025,24.15,,THPT
QST,Đại học Khoa học Tự nhiên - Đại học Quốc gia TP HCM,7520207_DKD,Kỹ thuật Điện tử - Viễn thông (CT Chất lượng cao),D07,2025,24.15,,THPT
QST,Trường Đại Học Khoa Học Tự Nhiên TPHCM,7520231,Thiết kế vi mạch,A00,2025,0.0,,THPT
QST,Trường Đại Học Khoa Học Tự Nhiên TPHCM,7520231,Thiết kế vi mạch,A01,2025,0.0,,THPT
QST,Đại học Khoa học Tự nhiên - Đại học Quốc gia TP HCM,75202a1,Thiết kế vi mạch,A00,2025,28.27,,THPT
QST,Trường Đại Học Khoa Học Tự Nhiên TPHCM,75202a1,Thiết kế vi mạch,A00,2025,27.36,,THPT
QST,Đại học Khoa học Tự nhiên - Đại học Quốc gia TP HCM,75202a1,Thiết kế vi mạch,A01,2025,27.61,,THPT
QST,Đại học Khoa học Tự nhiên - Đại học Quốc gia TP HCM,75202a1,Thiết kế vi mạch,A01,2025,28.27,,THPT
QST,Trường Đại Học Khoa Học Tự Nhiên TPHCM,75202a1,Thiết kế vi mạch,A01,2025,27.36,,THPT
QST,Đại học Khoa học Tự nhiên - Đại học Quốc gia TP HCM,75202a1,Thiết kế vi mạch,D07,2025,27.36,,THPT
QST,Đại học Khoa học Tự nhiên - Đại học Quốc gia TP HCM,7520402,Kỹ thuật hạt nhân,A00,2025,25.95,,THPT
QST,Trường Đại Học Khoa Học Tự Nhiên TPHCM,7520402,Kỹ thuật hạt nhân,A00,2025,25.7,,THPT
QST,Đại học Khoa học Tự nhiên - Đại học Quốc gia TP HCM,7520402,Kỹ thuật hạt nhân,A01,2025,25.95,,THPT
QST,Đại học Khoa học Tự nhiên - Đại học Quốc gia TP HCM,7520402,Kỹ thuật hạt nhân,A01,2025,24.7,,THPT
QST,Đại học Khoa học Tự nhiên - Đại học Quốc gia TP HCM,7520403,Vật lý Y khoa,A00,2025,26.13,,THPT
QST,Trường Đại Học Khoa Học Tự Nhiên TPHCM,7520403,Vật lý y khoa,A00,2025,24.88,,THPT
QST,Đại học Khoa học Tự nhiên - Đại học Quốc gia TP HCM,7520403,Vật lý Y khoa,A01,2025,26.13,,THPT
QST,Đại học Khoa học Tự nhiên - Đại học Quốc gia TP HCM,7520403,Vật lý Y khoa,A01,2025,24.88,,THPT
QST,Đại học Khoa học Tự nhiên - Đại học Quốc gia TP HCM,7520501,Kỹ thuật địa chất,A00,2025,22.7,,THPT
QST,Trường Đại Học Khoa Học Tự Nhiên TPHCM,7520501,Kỹ thuật địa chất,A00,2025,20.9,,THPT
QST,Đại học Khoa học Tự nhiên - Đại học Quốc gia TP HCM,7520501,Kỹ thuật địa chất,A01,2025,21.45,,THPT
QST,Đại học Khoa học Tự nhiên - Đại học Quốc gia TP HCM,7520501,Kỹ thuật địa chất,A01,2025,22.7,,THPT
QST,Trường Đại Học Khoa Học Tự Nhiên TPHCM,7520501,Kỹ thuật địa chất,A01,2025,20.9,,THPT
QST,Trường Đại Học Khoa Học Tự Nhiên TPHCM,7520501,Kỹ thuật địa chất,A01,2025,20.9,,THPT
QST,Trường Đại Học Khoa Học Tự Nhiên TPHCM,7520501,Kỹ thuật địa chất,B00,2025,20.9,,THPT
QST,Đại học Khoa học Tự nhiên - Đại học Quốc gia TP HCM,7520501,Kỹ thuật địa chất,B00,2025,21.45,,THPT
QST,Đại học Khoa học Tự nhiên - Đại học Quốc gia TP HCM,7520501,Kỹ thuật địa chất,B00,2025,22.7,,THPT
QST,Đại học Khoa học Tự nhiên - Đại học Quốc gia TP HCM,7520501,Kỹ thuật địa chất,D01,2025,21.15,,THPT
QST,Đại học Khoa học Tự nhiên - Đại học Quốc gia TP HCM,7520501,Kỹ thuật địa chất,D01,2025,22.7,,THPT
QST,Trường Đại Học Khoa Học Tự Nhiên TPHCM,7520501,Kỹ thuật địa chất,D01,2025,20.9,,THPT
QST,Đại học Khoa học Tự nhiên - Đại học Quốc gia TP HCM,7520501,Kỹ thuật địa chất,D07,2025,20.9,,THPT
QST,Đại học Khoa học Tự nhiên - Đại học Quốc gia TP HCM,7520501,Kỹ thuật địa chất,D07,2025,22.7,,THPT
QST,Trường Đại Học Khoa Học Tự Nhiên TPHCM,7520501,Kỹ thuật địa chất,D10,2025,20.9,,THPT
QST,Đại học Khoa học Tự nhiên - Đại học Quốc gia TP HCM,7520501,Kỹ thuật địa chất,D10,2025,22.7,,THPT
QST,Đại học Khoa học Tự nhiên - Đại học Quốc gia TP HCM,7850101,Quản lý tài nguyên và môi trường,A00,2025,22.0,,THPT
QST,Trường Đại Học Khoa Học Tự Nhiên TPHCM,7850101,Quản lý tài nguyên và môi trường,A00,2025,22.25,,THPT
QST,Đại học Khoa học Tự nhiên - Đại học Quốc gia TP HCM,7850101,Quản lý tài nguyên và môi trường,A01,2025,22.0,,THPT
QST,Đại học Khoa học Tự nhiên - Đại học Quốc gia TP HCM,7850101,Quản lý tài nguyên và môi trường,A01,2025,20.75,,THPT
QST,Trường Đại Học Khoa Học Tự Nhiên TPHCM,7850101,Quản lý tài nguyên và môi trường,A01,2025,22.25,,THPT
QST,Trường Đại Học Khoa Học Tự Nhiên TPHCM,7850101,Quản lý tài nguyên và môi trường,B00,2025,22.25,,THPT
QST,Đại học Khoa học Tự nhiên - Đại học Quốc gia TP HCM,7850101,Quản lý tài nguyên và môi trường,B00,2025,22.0,,THPT
QST,Đại học Khoa học Tự nhiên - Đại học Quốc gia TP HCM,7850101,Quản lý tài nguyên và môi trường,B00,2025,20.75,,THPT
QST,Trường Đại Học Khoa Học Tự Nhiên TPHCM,7850101,Quản lý tài nguyên và môi trường,B00,2025,22.25,,THPT
QST,Đại học Khoa học Tự nhiên - Đại học Quốc gia TP HCM,7850101,Quản lý tài nguyên và môi trường,D07,2025,20.25,,THPT
QST,Đại học Khoa học Tự nhiên - Đại học Quốc gia TP HCM,7850101,Quản lý tài nguyên và môi trường,D07,2025,22.0,,THPT
QST,Trường Đại Học Khoa Học Tự Nhiên TPHCM,7850101,Quản lý tài nguyên và môi trường,D07,2025,22.25,,THPT
QSX,Đại học Khoa học xã hội và Nhân văn - Đại học Quốc gia TP HCM,7140101,Giáo dục học,B00,2025,23.0,,THPT
QSX,Đại học Khoa học xã hội và Nhân văn - Đại học Quốc gia TP HCM,7140101,Giáo dục học,C00,2025,26.3,,THPT
QSX,Đại học Khoa học xã hội và Nhân văn - Đại học Quốc gia TP HCM,7140101,Giáo dục học,C00,2025,23.0,,THPT
QSX,Đại học Khoa học xã hội và Nhân văn - Đại học Quốc gia TP HCM,7140101,Giáo dục học,D01,2025,23.0,,THPT
QSX,Đại học Khoa học xã hội và Nhân văn - Đại học Quốc gia TP HCM,7140101,Giáo dục học,D01,2025,22.2,,THPT
QSX,Đại học Khoa học xã hội và Nhân văn - Đại học Quốc gia TP HCM,7140107,Quản trị chất lượng giáo dục,D01,2025,21.4,,THPT
QSX,Đại học Khoa học xã hội và Nhân văn - Đại học Quốc gia TP HCM,7140114,Quản lý giáo dục,A01,2025,24.4,,THPT
QSX,Đại học Khoa học xã hội và Nhân văn - Đại học Quốc gia TP HCM,7140114,Quản lý giáo dục,C00,2025,24.4,,THPT
QSX,Đại học Khoa học xã hội và Nhân văn - Đại học Quốc gia TP HCM,7140114,Quản lý giáo dục,C00,2025,26.8,,THPT
QSX,Đại học Khoa học xã hội và Nhân văn - Đại học Quốc gia TP HCM,7140114,Quản lý giáo dục,D01,2025,24.4,,THPT
QSX,Đại học Khoa học xã hội và Nhân văn - Đại học Quốc gia TP HCM,7140114,Quản lý giáo dục,D01,2025,22.6,,THPT
QSX,Trường Đại Học Khoa Học Xã Hội và Nhân Văn TPHCM,7210201_CLC,Ngôn ngữ Anh (Chuẩn QT),D01,2025,23.3,,THPT
QSX,Đại học Khoa học xã hội và Nhân văn - Đại học Quốc gia TP HCM,7210213,Nghệ thuật học,C00,2025,27.6,,THPT
QSX,Đại học Khoa học xã hội và Nhân văn - Đại học Quốc gia TP HCM,7210213,Nghệ thuật học,D01,2025,23.9,,THPT
QSX,Đại học Khoa học xã hội và Nhân văn - Đại học Quốc gia TP HCM,7210213,Nghệ thuật học,D01,2025,27.6,,THPT
QSX,Đại học Khoa học xã hội và Nhân văn - Đại học Quốc gia TP HCM,7220201,Ngôn ngữ Anh,D01,2025,23.65,,THPT
QSX,Đại học Khoa học xã hội và Nhân văn - Đại học Quốc gia TP HCM,7220201_CLC,Ngôn ngữ Anh chất lượng cao,D01,2025,23.3,,THPT
QSX,Đại học Khoa học xã hội và Nhân văn - Đại học Quốc gia TP HCM,7220201_LKH,Ngôn ngữ Anh 2+2,D01,2025,21.5,,THPT
QSX,Đại học Khoa học xã hội và Nhân văn - Đại học Quốc gia TP HCM,7220202,Ngôn ngữ Nga,D01,2025,20.0,,THPT
QSX,Đại học Khoa học xã hội và Nhân văn - Đại học Quốc gia TP HCM,7220203,Ngôn ngữ Pháp,D01,2025,21.0,,THPT
QSX,Đại học Khoa học xã hội và Nhân văn - Đại học Quốc gia TP HCM,7220204,Ngôn ngữ Trung Quốc,D01,2025,23.29,,THPT
QSX,Đại học Khoa học xã hội và Nhân văn - Đại học Quốc gia TP HCM,7220204_CLC,Ngôn ngữ Trung Quốc - Chất lượng cao,D01,2025,22.5,,THPT
QSX,Trường Đại Học Khoa Học Xã Hội và Nhân Văn TPHCM,7220204_LKH,"Ngôn ngữ Trung Quốc (Liên kết ĐH Sư phạm Quảng Tây, Trung Quốc)",D01,2025,22.7,,THPT
QSX,Đại học Khoa học xã hội và Nhân văn - Đại học Quốc gia TP HCM,7220204_LKT,Ngôn ngữ Trung Quốc 2+2,D01,2025,22.2,,THPT
QSX,Đại học Khoa học xã hội và Nhân văn - Đại học Quốc gia TP HCM,7220205,Ngôn ngữ Đức,D01,2025,22.6,,THPT
QSX,Đại học Khoa học xã hội và Nhân văn - Đại học Quốc gia TP HCM,7220205_CLC,Ngôn ngữ Đức - Chất lượng cao,D01,2025,21.3,,THPT
QSX,Đại học Khoa học xã hội và Nhân văn - Đại học Quốc gia TP HCM,7220206,Ngôn ngữ Tây Ban Nha,D01,2025,21.6,,THPT
QSX,Đại học Khoa học xã hội và Nhân văn - Đại học Quốc gia TP HCM,7220208,Ngôn ngữ Italia,D01,2025,20.1,,THPT
QSX,Đại học Khoa học xã hội và Nhân văn - Đại học Quốc gia TP HCM,7229001,Triết học,A01,2025,22.9,,THPT
QSX,Đại học Khoa học xã hội và Nhân văn - Đại học Quốc gia TP HCM,7229001,Triết học,C00,2025,26.9,,THPT
QSX,Đại học Khoa học xã hội và Nhân văn - Đại học Quốc gia TP HCM,7229001,Triết học,C00,2025,22.9,,THPT
QSX,Đại học Khoa học xã hội và Nhân văn - Đại học Quốc gia TP HCM,7229001,Triết học,D01,2025,21.9,,THPT
QSX,Đại học Khoa học xã hội và Nhân văn - Đại học Quốc gia TP HCM,7229001,Triết học,D01,2025,22.9,,THPT
QSX,Đại học Khoa học xã hội và Nhân văn - Đại học Quốc gia TP HCM,7229009,Tôn giáo học,C00,2025,25.9,,THPT
QSX,Đại học Khoa học xã hội và Nhân văn - Đại học Quốc gia TP HCM,7229009,Tôn giáo học,D01,2025,20.9,,THPT
QSX,Đại học Khoa học xã hội và Nhân văn - Đại học Quốc gia TP HCM,7229009,Tôn giáo học,D01,2025,25.9,,THPT
QSX,Đại học Khoa học xã hội và Nhân văn - Đại học Quốc gia TP HCM,7229010,Lịch sử,C00,2025,27.2,,THPT
QSX,Đại học Khoa học xã hội và Nhân văn - Đại học Quốc gia TP HCM,7229010,Lịch sử,D01,2025,27.2,,THPT
QSX,Đại học Khoa học xã hội và Nhân văn - Đại học Quốc gia TP HCM,7229010,Lịch sử,D01,2025,22.2,,THPT
QSX,Đại học Khoa học xã hội và Nhân văn - Đại học Quốc gia TP HCM,7229020,Ngôn ngữ học,C00,2025,26.6,,THPT
QSX,Đại học Khoa học xã hội và Nhân văn - Đại học Quốc gia TP HCM,7229020,Ngôn ngữ học,D01,2025,26.6,,THPT
QSX,Đại học Khoa học xã hội và Nhân văn - Đại học Quốc gia TP HCM,7229020,Ngôn ngữ học,D01,2025,22.2,,THPT
QSX,Đại học Khoa học xã hội và Nhân văn - Đại học Quốc gia TP HCM,7229030,Văn học,C00,2025,26.92,,THPT
QSX,Đại học Khoa học xã hội và Nhân văn - Đại học Quốc gia TP HCM,7229030,Văn học,D01,2025,23.15,,THPT
QSX,Đại học Khoa học xã hội và Nhân văn - Đại học Quốc gia TP HCM,7229030,Văn học,D01,2025,26.92,,THPT
QSX,Đại học Khoa học xã hội và Nhân văn - Đại học Quốc gia TP HCM,7229040,Văn hoá học,C00,2025,27.35,,THPT
QSX,Đại học Khoa học xã hội và Nhân văn - Đại học Quốc gia TP HCM,7229040,Văn hoá học,D01,2025,27.35,,THPT
QSX,Đại học Khoa học xã hội và Nhân văn - Đại học Quốc gia TP HCM,7229040,Văn hoá học,D01,2025,23.1,,THPT
QSX,Đại học Khoa học xã hội và Nhân văn - Đại học Quốc gia TP HCM,7310206,Quan hệ quốc tế,D01,2025,23.5,,THPT
QSX,Đại học Khoa học xã hội và Nhân văn - Đại học Quốc gia TP HCM,7310206_CLC,Quan hệ quốc tế chất lượng cao,D01,2025,23.45,,THPT
QSX,Đại học Khoa học xã hội và Nhân văn - Đại học Quốc gia TP HCM,7310206_LKD,Quan hệ quốc tế 2+2,D01,2025,22.0,,THPT
QSX,Đại học Khoa học xã hội và Nhân văn - Đại học Quốc gia TP HCM,7310301,Xã hội học,A00,2025,23.9,,THPT
QSX,Đại học Khoa học xã hội và Nhân văn - Đại học Quốc gia TP HCM,7310301,Xã hội học,C00,2025,23.9,,THPT
QSX,Đại học Khoa học xã hội và Nhân văn - Đại học Quốc gia TP HCM,7310301,Xã hội học,C00,2025,26.9,,THPT
QSX,Đại học Khoa học xã hội và Nhân văn - Đại học Quốc gia TP HCM,7310301,Xã hội học,D01,2025,23.9,,THPT
QSX,Đại học Khoa học xã hội và Nhân văn - Đại học Quốc gia TP HCM,7310301,Xã hội học,D01,2025,23.1,,THPT
QSX,Đại học Khoa học xã hội và Nhân văn - Đại học Quốc gia TP HCM,7310302,Nhân học,C00,2025,26.2,,THPT
QSX,Đại học Khoa học xã hội và Nhân văn - Đại học Quốc gia TP HCM,7310302,Nhân học,D01,2025,22.4,,THPT
QSX,Đại học Khoa học xã hội và Nhân văn - Đại học Quốc gia TP HCM,7310302,Nhân học,D01,2025,26.2,,THPT
QSX,Đại học Khoa học xã hội và Nhân văn - Đại học Quốc gia TP HCM,7310401,Tâm lý học,B00,2025,25.3,,THPT
QSX,Đại học Khoa học xã hội và Nhân văn - Đại học Quốc gia TP HCM,7310401,Tâm lý học,C00,2025,27.75,,THPT
QSX,Đại học Khoa học xã hội và Nhân văn - Đại học Quốc gia TP HCM,7310401,Tâm lý học,C00,2025,25.3,,THPT
QSX,Đại học Khoa học xã hội và Nhân văn - Đại học Quốc gia TP HCM,7310401,Tâm lý học,D01,2025,25.3,,THPT
QSX,Đại học Khoa học xã hội và Nhân văn - Đại học Quốc gia TP HCM,7310401,Tâm lý học,D01,2025,24.4,,THPT
QSX,Đại học Khoa học xã hội và Nhân văn - Đại học Quốc gia TP HCM,7310403,Tâm lý học giáo dục,B00,2025,23.6,,THPT
QSX,Đại học Khoa học xã hội và Nhân văn - Đại học Quốc gia TP HCM,7310403,Tâm lý học giáo dục,D01,2025,22.8,,THPT
QSX,Đại học Khoa học xã hội và Nhân văn - Đại học Quốc gia TP HCM,7310403,Tâm lý học giáo dục,D01,2025,23.6,,THPT
QSX,Đại học Khoa học xã hội và Nhân văn - Đại học Quốc gia TP HCM,7310501,Địa lý học,A01,2025,22.3,,THPT
QSX,Đại học Khoa học xã hội và Nhân văn - Đại học Quốc gia TP HCM,7310501,Địa lý học,C00,2025,22.3,,THPT
QSX,Đại học Khoa học xã hội và Nhân văn - Đại học Quốc gia TP HCM,7310501,Địa lý học,C00,2025,27.13,,THPT
QSX,Đại học Khoa học xã hội và Nhân văn - Đại học Quốc gia TP HCM,7310501,Địa lý học,D01,2025,22.0,,THPT
QSX,Đại học Khoa học xã hội và Nhân văn - Đại học Quốc gia TP HCM,7310501,Địa lý học,D01,2025,22.3,,THPT
QSX,Đại học Khoa học xã hội và Nhân văn - Đại học Quốc gia TP HCM,7310601,Quốc tế học,D01,2025,23.3,,THPT
QSX,Đại học Khoa học xã hội và Nhân văn - Đại học Quốc gia TP HCM,7310601,Quốc tế học,D09,2025,23.3,,THPT
QSX,Đại học Khoa học xã hội và Nhân văn - Đại học Quốc gia TP HCM,7310601,Quốc tế học,D09,2025,24.0,,THPT
QSX,Đại học Khoa học xã hội và Nhân văn - Đại học Quốc gia TP HCM,7310608,Đông phương học,D01,2025,21.9,,THPT
QSX,Đại học Khoa học xã hội và Nhân văn - Đại học Quốc gia TP HCM,7310613,Nhật Bản học,D01,2025,22.2,,THPT
QSX,Đại học Khoa học xã hội và Nhân văn - Đại học Quốc gia TP HCM,7310613_CLC,Nhật Bản học chất lượng cao,D01,2025,20.5,,THPT
QSX,Đại học Khoa học xã hội và Nhân văn - Đại học Quốc gia TP HCM,7310614,Hàn Quốc học,D01,2025,22.25,,THPT
QSX,Đại học Khoa học xã hội và Nhân văn - Đại học Quốc gia TP HCM,7310630,Việt Nam học,C00,2025,27.2,,THPT
QSX,Đại học Khoa học xã hội và Nhân văn - Đại học Quốc gia TP HCM,7310630,Việt Nam học,D01,2025,22.0,,THPT
QSX,Đại học Khoa học xã hội và Nhân văn - Đại học Quốc gia TP HCM,7310630,Việt Nam học,D01,2025,27.2,,THPT
QSX,Trường Đại Học Khoa Học Xã Hội và Nhân Văn TPHCM,7310630_LKH,"Quan hệ quốc tế (Liên kết ĐH Deakin, Úc)",D01,2025,22.0,,THPT
QSX,Đại học Khoa học xã hội và Nhân văn - Đại học Quốc gia TP HCM,73106a1,Kinh doanh thương mại Hàn Quốc,D01,2025,22.2,,THPT
QSX,Đại học Khoa học xã hội và Nhân văn - Đại học Quốc gia TP HCM,7320101,Báo chí,C00,2025,28.55,,THPT
QSX,Đại học Khoa học xã hội và Nhân văn - Đại học Quốc gia TP HCM,7320101,Báo chí,D01,2025,24.3,,THPT
QSX,Đại học Khoa học xã hội và Nhân văn - Đại học Quốc gia TP HCM,7320101,Báo chí,D01,2025,28.55,,THPT
QSX,Đại học Khoa học xã hội và Nhân văn - Đại học Quốc gia TP HCM,7320101_CLC,Báo chí chất lượng cao,C00,2025,27.0,,THPT
QSX,Đại học Khoa học xã hội và Nhân văn - Đại học Quốc gia TP HCM,7320101_CLC,Báo chí chất lượng cao,D01,2025,22.9,,THPT
QSX,Đại học Khoa học xã hội và Nhân văn - Đại học Quốc gia TP HCM,7320101_CLC,Báo chí chất lượng cao,D01,2025,27.0,,THPT
QSX,Đại học Khoa học xã hội và Nhân văn - Đại học Quốc gia TP HCM,7320101_LKD,Truyền thông chuyên ngành báo chí 2+2,A01,2025,22.5,,THPT
QSX,Đại học Khoa học xã hội và Nhân văn - Đại học Quốc gia TP HCM,7320101_LKD,Truyền thông chuyên ngành báo chí 2+2,D01,2025,22.5,,THPT
QSX,Trường Đại Học Khoa Học Xã Hội và Nhân Văn TPHCM,7320101_LKH,"Truyền thông (chuyên ngành Báo chí) (Liên kết ĐH Deakin, Úc)",A01,2025,23.1,,THPT
QSX,Trường Đại Học Khoa Học Xã Hội và Nhân Văn TPHCM,7320101_LKH,"Truyền thông (chuyên ngành Báo chí) (Liên kết ĐH Deakin, Úc)",D01,2025,23.1,,THPT
QSX,Đại học Khoa học xã hội và Nhân văn - Đại học Quốc gia TP HCM,7320104,Truyền thông đa phương tiện,D01,2025,25.3,,THPT
QSX,Đại học Khoa học xã hội và Nhân văn - Đại học Quốc gia TP HCM,7320201,Thông tin - thư viện,A01,2025,22.0,,THPT
QSX,Đại học Khoa học xã hội và Nhân văn - Đại học Quốc gia TP HCM,7320201,Thông tin - thư viện,C00,2025,22.0,,THPT
QSX,Đại học Khoa học xã hội và Nhân văn - Đại học Quốc gia TP HCM,7320201,Thông tin - thư viện,C00,2025,25.9,,THPT
QSX,Đại học Khoa học xã hội và Nhân văn - Đại học Quốc gia TP HCM,7320201,Thông tin - thư viện,D01,2025,22.0,,THPT
QSX,Đại học Khoa học xã hội và Nhân văn - Đại học Quốc gia TP HCM,7320201,Thông tin - thư viện,D01,2025,21.6,,THPT
QSX,Đại học Khoa học xã hội và Nhân văn - Đại học Quốc gia TP HCM,7320205,Quản lý thông tin,A01,2025,23.8,,THPT
QSX,Đại học Khoa học xã hội và Nhân văn - Đại học Quốc gia TP HCM,7320205,Quản lý thông tin,C00,2025,23.8,,THPT
QSX,Đại học Khoa học xã hội và Nhân văn - Đại học Quốc gia TP HCM,7320205,Quản lý thông tin,C00,2025,26.7,,THPT
QSX,Đại học Khoa học xã hội và Nhân văn - Đại học Quốc gia TP HCM,7320205,Quản lý thông tin,D01,2025,23.8,,THPT
QSX,Đại học Khoa học xã hội và Nhân văn - Đại học Quốc gia TP HCM,7320205,Quản lý thông tin,D01,2025,22.4,,THPT
QSX,Đại học Khoa học xã hội và Nhân văn - Đại học Quốc gia TP HCM,7320303,Lưu trữ học,C00,2025,26.3,,THPT
QSX,Đại học Khoa học xã hội và Nhân văn - Đại học Quốc gia TP HCM,7320303,Lưu trữ học,D01,2025,22.0,,THPT
QSX,Đại học Khoa học xã hội và Nhân văn - Đại học Quốc gia TP HCM,7320303,Lưu trữ học,D01,2025,26.3,,THPT
QSX,Đại học Khoa học xã hội và Nhân văn - Đại học Quốc gia TP HCM,7340406,Quản trị văn phòng,C00,2025,27.2,,THPT
QSX,Đại học Khoa học xã hội và Nhân văn - Đại học Quốc gia TP HCM,7340406,Quản trị văn phòng,D01,2025,22.8,,THPT
QSX,Đại học Khoa học xã hội và Nhân văn - Đại học Quốc gia TP HCM,7340406,Quản trị văn phòng,D01,2025,27.2,,THPT
QSX,Đại học Khoa học xã hội và Nhân văn - Đại học Quốc gia TP HCM,7580112,Đô thị học,A01,2025,21.9,,THPT
QSX,Đại học Khoa học xã hội và Nhân văn - Đại học Quốc gia TP HCM,7580112,Đô thị học,C00,2025,25.55,,THPT
QSX,Đại học Khoa học xã hội và Nhân văn - Đại học Quốc gia TP HCM,7580112,Đô thị học,C00,2025,21.9,,THPT
QSX,Đại học Khoa học xã hội và Nhân văn - Đại học Quốc gia TP HCM,7580112,Đô thị học,D01,2025,21.0,,THPT
QSX,Đại học Khoa học xã hội và Nhân văn - Đại học Quốc gia TP HCM,7580112,Đô thị học,D01,2025,21.9,,THPT
QSX,Đại học Khoa học xã hội và Nhân văn - Đại học Quốc gia TP HCM,7760101,Công tác xã hội,C00,2025,26.4,,THPT
QSX,Đại học Khoa học xã hội và Nhân văn - Đại học Quốc gia TP HCM,7760101,Công tác xã hội,D01,2025,22.4,,THPT
QSX,Đại học Khoa học xã hội và Nhân văn - Đại học Quốc gia TP HCM,7760101,Công tác xã hội,D01,2025,26.4,,THPT
QSX,Đại học Khoa học xã hội và Nhân văn - Đại học Quốc gia TP HCM,7810103,Quản trị dịch vụ du lịch và lữ hành,C00,2025,27.65,,THPT
QSX,Đại học Khoa học xã hội và Nhân văn - Đại học Quốc gia TP HCM,7810103,Quản trị dịch vụ du lịch và lữ hành,D01,2025,23.4,,THPT
QSX,Đại học Khoa học xã hội và Nhân văn - Đại học Quốc gia TP HCM,7810103,Quản trị dịch vụ du lịch và lữ hành,D01,2025,27.65,,THPT
QSX,Đại học Khoa học xã hội và Nhân văn - Đại học Quốc gia TP HCM,7810103_CLC,Quản trị dịch vụ du lịch và lữ hành (Chất lượng cao),C00,2025,26.4,,THPT
QSX,Đại học Khoa học xã hội và Nhân văn - Đại học Quốc gia TP HCM,7810103_CLC,Quản trị dịch vụ du lịch và lữ hành (Chất lượng cao),D01,2025,26.4,,THPT
QSX,Đại học Khoa học xã hội và Nhân văn - Đại học Quốc gia TP HCM,7810103_CLC,Quản trị dịch vụ du lịch và lữ hành (Chất lượng cao),D01,2025,22.4,,THPT
QSY,Khoa Y - Đại học Quốc Gia TP HCM,7720101,Y khoa,B00,2025,25.6,,THPT
QSY,Khoa Y - Đại học Quốc Gia TP HCM,7720115,Y học cổ truyền,B00,2025,20.1,,THPT
QSY,Khoa Y - Đại học Quốc Gia TP HCM,7720301,Điều dưỡng,B00,2025,18.0,,THPT
QSY,Khoa Y - Đại học Quốc Gia TP HCM,7720501,Răng- Hàm -Mặt,B00,2025,25.0,,THPT
QSY,Trường Đại học Khoa học sức khỏe TPHCM,Dược học,7720201,A00,2025,21.5,,THPT
QSY,Trường Đại học Khoa học sức khỏe TPHCM,Dược học,7720201,B00,2025,21.5,,THPT
QSY,Trường Đại học Khoa học sức khỏe TPHCM,Răng - Hàm - Mặt,7720501,B00,2025,25.0,,THPT
QSY,Trường Đại học Khoa học sức khỏe TPHCM,Y học cổ truyền,7720115,B00,2025,20.1,,THPT
QSY,Trường Đại học Khoa học sức khỏe TPHCM,Y khoa,7720101,B00,2025,25.6,,THPT
QSY,Trường Đại học Khoa học sức khỏe TPHCM,Điều dưỡng,7720301,B00,2025,18.0,,THPT
SDU,Đại học Sao Đỏ,7140234,Sư phạm Tiếng Trung Quốc,D01,2025,26.1,,THPT
SDU,Trường Đại học Sao Đỏ,7140234,Sư phạm Tiếng Trung Quốc,D01,2025,26.1,,THPT
SDU,Đại học Sao Đỏ,7140246,Sư phạm công nghệ,A00,2025,21.68,,THPT
SDU,Trường Đại học Sao Đỏ,7140246,Sư phạm công nghệ,A00,2025,21.68,,THPT
SDU,Trường Đại học Sao Đỏ,7140246,Sư phạm công nghệ,D01,2025,21.68,,THPT
SDU,Đại học Sao Đỏ,7140246,Sư phạm công nghệ,D01,2025,21.68,,THPT
SDU,Đại học Sao Đỏ,7220201,Ngôn ngữ Anh,D01,2025,15.0,,THPT
SDU,Trường Đại học Sao Đỏ,7220201,Ngôn ngữ Anh,D01,2025,15.0,,THPT
SDU,Đại học Sao Đỏ,7220204,Ngôn ngữ Trung Quốc,D01,2025,15.0,,THPT
SDU,Trường Đại học Sao Đỏ,7220204,Ngôn ngữ Trung Quốc,D01,2025,15.0,,THPT
SDU,Đại học Sao Đỏ,7340101,Quản trị Kinh doanh,A00,2025,15.0,,THPT
SDU,Trường Đại học Sao Đỏ,7340101,Quản trị kinh doanh,A00,2025,15.0,,THPT
SDU,Trường Đại học Sao Đỏ,7340101,Quản trị kinh doanh,D01,2025,15.0,,THPT
SDU,Đại học Sao Đỏ,7340101,Quản trị Kinh doanh,D01,2025,15.0,,THPT
SDU,Đại học Sao Đỏ,7340301,Kế toán,A00,2025,15.0,,THPT
SDU,Trường Đại học Sao Đỏ,7340301,Kế toán,A00,2025,15.0,,THPT
SDU,Trường Đại học Sao Đỏ,7340301,Kế toán,D01,2025,15.0,,THPT
SDU,Đại học Sao Đỏ,7340301,Kế toán,D01,2025,15.0,,THPT
SDU,Đại học Sao Đỏ,7380101,Ngành Luật,C00,2025,18.0,,THPT
SDU,Trường Đại học Sao Đỏ,7380101,Luật,C00,2025,18.0,,THPT
SDU,Trường Đại học Sao Đỏ,7380101,Luật,D01,2025,18.0,,THPT
SDU,Đại học Sao Đỏ,7380101,Ngành Luật,D01,2025,18.0,,THPT
SDU,Đại học Sao Đỏ,7480201,Công nghệ thông tin,A00,2025,15.0,,THPT
SDU,Trường Đại học Sao Đỏ,7480201,Công nghệ thông tin,A00,2025,15.0,,THPT
SDU,Trường Đại học Sao Đỏ,7480201,Công nghệ thông tin,D01,2025,15.0,,THPT
SDU,Đại học Sao Đỏ,7480201,Công nghệ thông tin,D01,2025,15.0,,THPT
SDU,Đại học Sao Đỏ,7510201,Công nghệ kỹ thuật cơ khí (chuyên ngành Cơ khí chế tạo),A00,2025,15.0,,THPT
SDU,Trường Đại học Sao Đỏ,7510201,Công nghệ kỹ thuật cơ khí,A00,2025,15.0,,THPT
SDU,Trường Đại học Sao Đỏ,7510201,Công nghệ kỹ thuật cơ khí,D01,2025,15.0,,THPT
SDU,Đại học Sao Đỏ,7510201,Công nghệ kỹ thuật cơ khí (chuyên ngành Cơ khí chế tạo),D01,2025,15.0,,THPT
SDU,Đại học Sao Đỏ,7510205,Công nghệ kỹ thuật ô tô,A00,2025,15.0,,THPT
SDU,Trường Đại học Sao Đỏ,7510205,Công nghệ kỹ thuật ô tô,A00,2025,15.0,,THPT
SDU,Trường Đại học Sao Đỏ,7510205,Công nghệ kỹ thuật ô tô,D01,2025,15.0,,THPT
SDU,Đại học Sao Đỏ,7510205,Công nghệ kỹ thuật ô tô,D01,2025,15.0,,THPT
SDU,Đại học Sao Đỏ,7510301,"Công nghệ kỹ thuật điện, điện tử",A00,2025,15.0,,THPT
SDU,Trường Đại học Sao Đỏ,7510301,"Công nghệ kỹ thuật điện, điện tử",A00,2025,15.0,,THPT
SDU,Trường Đại học Sao Đỏ,7510301,"Công nghệ kỹ thuật điện, điện tử",D01,2025,15.0,,THPT
SDU,Đại học Sao Đỏ,7510301,"Công nghệ kỹ thuật điện, điện tử",D01,2025,15.0,,THPT
SDU,Đại học Sao Đỏ,7520114,Kỹ thuật cơ điện tử,A00,2025,15.0,,THPT
SDU,Trường Đại học Sao Đỏ,7520114,Kỹ thuật cơ điện tử,A00,2025,15.0,,THPT
SDU,Trường Đại học Sao Đỏ,7520114,Kỹ thuật cơ điện tử,D01,2025,15.0,,THPT
SDU,Đại học Sao Đỏ,7520114,Kỹ thuật cơ điện tử,D01,2025,15.0,,THPT
SDU,Đại học Sao Đỏ,7520216,Ngành Kỹ thuật điều khiển & Tự động hóa,A00,2025,15.0,,THPT
SDU,Trường Đại học Sao Đỏ,7520216,Kỹ thuật điều khiển và Tự động hóa,A00,2025,15.0,,THPT
SDU,Trường Đại học Sao Đỏ,7520216,Kỹ thuật điều khiển và Tự động hóa,D01,2025,15.0,,THPT
SDU,Đại học Sao Đỏ,7520216,Ngành Kỹ thuật điều khiển & Tự động hóa,D01,2025,15.0,,THPT
SDU,Đại học Sao Đỏ,7540204,Công nghệ may,A00,2025,15.0,,THPT
SDU,Trường Đại học Sao Đỏ,7540204,"Công nghệ dệt, may",A00,2025,15.0,,THPT
SDU,Trường Đại học Sao Đỏ,7540204,"Công nghệ dệt, may",D01,2025,15.0,,THPT
SDU,Đại học Sao Đỏ,7540204,Công nghệ may,D01,2025,15.0,,THPT
SDU,Đại học Sao Đỏ,7810103,Quản trị dịch vụ du lịch và lữ hành,C00,2025,15.0,,THPT
SDU,Trường Đại học Sao Đỏ,7810103,Quản trị dịch vụ du lịch và lữ hành,C00,2025,15.0,,THPT
SDU,Trường Đại học Sao Đỏ,7810103,Quản trị dịch vụ du lịch và lữ hành,D01,2025,15.0,,THPT
SDU,Đại học Sao Đỏ,7810103,Quản trị dịch vụ du lịch và lữ hành,D01,2025,15.0,,THPT
SGD,Trường Đại Học Sài Gòn,7140114,Quản lý giáo dục,D01,2025,24.21,,THPT
SGD,Trường Đại Học Sài Gòn,7140114,Quản lý giáo dục,D01,2025,24.21,,THPT
SGD,Đại học Sài Gòn,7140114,Quản lý giáo dục,D01,2025,22.59,,THPT
SGD,Trường Đại Học Sài Gòn,7140202,Giáo dục Tiểu học,D01,2025,23.5,,THPT
SGD,Đại học Sài Gòn,7140202,Giáo dục Tiểu học,D01,2025,25.12,,THPT
SGD,Đại học Sài Gòn,7140205,Giáo dục Chính trị,D01,2025,25.66,,THPT
SGD,Đại học Sài Gòn,7140209,Sư phạm Toán học,A00,2025,27.9,,THPT
SGD,Trường Đại Học Sài Gòn,7140209,Sư phạm Toán học,A00,2025,26.28,,THPT
SGD,Đại học Sài Gòn,7140209,Sư phạm Toán học,A01,2025,27.9,,THPT
SGD,Đại học Sài Gòn,7140209,Sư phạm Toán học,B00,2025,27.9,,THPT
SGD,Đại học Sài Gòn,7140209,Sư phạm Toán học,D01,2025,27.9,,THPT
SGD,Đại học Sài Gòn,7140209,Sư phạm Toán học,D07,2025,27.9,,THPT
SGD,Trường Đại Học Sài Gòn,7140209,Sư phạm Toán học,D09,2025,26.28,,THPT
SGD,Đại học Sài Gòn,7140209,Sư phạm Toán học,D09,2025,27.9,,THPT
SGD,Trường Đại Học Sài Gòn,7140209,Sư phạm Toán học,D10,2025,26.28,,THPT
SGD,Đại học Sài Gòn,7140209,Sư phạm Toán học,D10,2025,27.9,,THPT
SGD,Đại học Sài Gòn,7140211,Sư phạm Vật lý,A00,2025,28.33,,THPT
SGD,Trường Đại Học Sài Gòn,7140211,Sư phạm Vật lý,A00,2025,29.27,,THPT
SGD,Đại học Sài Gòn,7140211,Sư phạm Vật lý,A01,2025,28.33,,THPT
SGD,Đại học Sài Gòn,7140212,Sư phạm Hóa học,A00,2025,28.98,,THPT
SGD,Trường Đại Học Sài Gòn,7140212,Sư phạm Hoá học,A00,2025,28.98,,THPT
SGD,Đại học Sài Gòn,7140212,Sư phạm Hóa học,B00,2025,28.98,,THPT
SGD,Đại học Sài Gòn,7140212,Sư phạm Hóa học,D07,2025,28.98,,THPT
SGD,Trường Đại Học Sài Gòn,7140213,Sư phạm Sinh học,B00,2025,24.77,,THPT
SGD,Đại học Sài Gòn,7140213,Sư phạm Sinh học,B00,2025,24.77,,THPT
SGD,Đại học Sài Gòn,7140217,Sư phạm Ngữ văn,D01,2025,26.58,,THPT
SGD,Đại học Sài Gòn,7140218,Sư phạm Lịch sử,C00,2025,28.39,,THPT
SGD,Trường Đại Học Sài Gòn,7140218,Sư phạm Lịch sử,C00,2025,28.39,,THPT
SGD,Đại học Sài Gòn,7140219,Sư phạm Địa lý,C00,2025,28.55,,THPT
SGD,Trường Đại Học Sài Gòn,7140219,Sư phạm Địa lý,C00,2025,28.55,,THPT
SGD,Đại học Sài Gòn,7140231,Sư phạm Tiếng Anh,A01,2025,27.19,,THPT
SGD,Trường Đại Học Sài Gòn,7140231,Sư phạm Tiếng Anh,D01,2025,26.25,,THPT
SGD,Đại học Sài Gòn,7140231,Sư phạm Tiếng Anh,D01,2025,27.19,,THPT
SGD,Đại học Sài Gòn,7140231,Sư phạm Tiếng Anh,D07,2025,27.19,,THPT
SGD,Trường Đại Học Sài Gòn,7140231,Sư phạm Tiếng Anh,D09,2025,26.25,,THPT
SGD,Đại học Sài Gòn,7140231,Sư phạm Tiếng Anh,D09,2025,27.19,,THPT
SGD,Trường Đại Học Sài Gòn,7140231,Sư phạm Tiếng Anh,D10,2025,26.25,,THPT
SGD,Đại học Sài Gòn,7140231,Sư phạm Tiếng Anh,D10,2025,27.19,,THPT
SGD,Đại học Sài Gòn,7140247,Sư phạm khoa học tự nhiên,A00,2025,25.55,,THPT
SGD,Đại học Sài Gòn,7140247,Sư phạm khoa học tự nhiên,A01,2025,25.55,,THPT
SGD,Đại học Sài Gòn,7140247,Sư phạm khoa học tự nhiên,B00,2025,25.55,,THPT
SGD,Đại học Sài Gòn,7140247,Sư phạm khoa học tự nhiên,D07,2025,25.55,,THPT
SGD,Đại học Sài Gòn,7140249,Sư phạm Lịch sử - Địa lý,C00,2025,27.18,,THPT
SGD,Trường Đại Học Sài Gòn,7140249,Sư phạm Lịch sử - Địa lý,C00,2025,27.18,,THPT
SGD,Đại học Sài Gòn,7220201,Ngôn ngữ Anh,A01,2025,24.8,,THPT
SGD,Trường Đại Học Sài Gòn,7220201,Ngôn ngữ Anh,A01,2025,23.86,,THPT
SGD,Trường Đại Học Sài Gòn,7220201,Ngôn ngữ Anh,D01,2025,23.86,,THPT
SGD,Trường Đại Học Sài Gòn,7220201,Ngôn ngữ Anh,D01,2025,23.86,,THPT
SGD,Đại học Sài Gòn,7220201,Ngôn ngữ Anh,D01,2025,24.8,,THPT
SGD,Trường Đại Học Sài Gòn,7220201,Ngôn ngữ Anh,D07,2025,23.86,,THPT
SGD,Đại học Sài Gòn,7220201,Ngôn ngữ Anh,D07,2025,24.8,,THPT
SGD,Trường Đại Học Sài Gòn,7220201,Ngôn ngữ Anh,D09,2025,23.86,,THPT
SGD,Trường Đại Học Sài Gòn,7220201,Ngôn ngữ Anh,D09,2025,23.86,,THPT
SGD,Đại học Sài Gòn,7220201,Ngôn ngữ Anh,D09,2025,24.8,,THPT
SGD,Trường Đại Học Sài Gòn,7220201,Ngôn ngữ Anh,D10,2025,23.86,,THPT
SGD,Trường Đại Học Sài Gòn,7220201,Ngôn ngữ Anh,D10,2025,23.86,,THPT
SGD,Đại học Sài Gòn,7220201,Ngôn ngữ Anh,D10,2025,24.8,,THPT
SGD,Đại học Sài Gòn,7220201CLC,Ngôn ngữ Anh (Chất lượng cao),A01,2025,24.56,,THPT
SGD,Trường Đại Học Sài Gòn,7220201CLC,Ngôn ngữ Anh (Chương trình đào tạo chất lượng cao),A01,2025,23.62,,THPT
SGD,Trường Đại Học Sài Gòn,7220201CLC,Ngôn ngữ Anh (Chương trình đào tạo chất lượng cao),D01,2025,23.62,,THPT
SGD,Trường Đại Học Sài Gòn,7220201CLC,Ngôn ngữ Anh (Chương trình đào tạo chất lượng cao),D01,2025,23.62,,THPT
SGD,Đại học Sài Gòn,7220201CLC,Ngôn ngữ Anh (Chất lượng cao),D01,2025,24.56,,THPT
SGD,Trường Đại Học Sài Gòn,7220201CLC,Ngôn ngữ Anh (Chương trình đào tạo chất lượng cao),D07,2025,23.62,,THPT
SGD,Đại học Sài Gòn,7220201CLC,Ngôn ngữ Anh (Chất lượng cao),D07,2025,24.56,,THPT
SGD,Trường Đại Học Sài Gòn,7220201CLC,Ngôn ngữ Anh (Chương trình đào tạo chất lượng cao),D09,2025,23.62,,THPT
SGD,Trường Đại Học Sài Gòn,7220201CLC,Ngôn ngữ Anh (Chương trình đào tạo chất lượng cao),D09,2025,23.62,,THPT
SGD,Đại học Sài Gòn,7220201CLC,Ngôn ngữ Anh (Chất lượng cao),D09,2025,24.56,,THPT
SGD,Trường Đại Học Sài Gòn,7220201CLC,Ngôn ngữ Anh (Chương trình đào tạo chất lượng cao),D10,2025,23.62,,THPT
SGD,Trường Đại Học Sài Gòn,7220201CLC,Ngôn ngữ Anh (Chương trình đào tạo chất lượng cao),D10,2025,23.62,,THPT
SGD,Đại học Sài Gòn,7220201CLC,Ngôn ngữ Anh (Chất lượng cao),D10,2025,24.56,,THPT
SGD,Đại học Sài Gòn,7229010,Lịch sử,C00,2025,27.02,,THPT
SGD,Trường Đại Học Sài Gòn,7229010,Lịch sử,C00,2025,27.02,,THPT
SGD,Trường Đại Học Sài Gòn,7310401,Tâm lý học,D01,2025,23.87,,THPT
SGD,Trường Đại Học Sài Gòn,7310401,Tâm lý học,D01,2025,23.87,,THPT
SGD,Đại học Sài Gòn,7310401,Tâm lý học,D01,2025,22.25,,THPT
SGD,Đại học Sài Gòn,7310501,Địa lý học,C00,2025,26.84,,THPT
SGD,Trường Đại Học Sài Gòn,7310501,Địa lý học,C00,2025,26.84,,THPT
SGD,Trường Đại Học Sài Gòn,7310601,Quốc tế học,D01,2025,21.0,,THPT
SGD,Đại học Sài Gòn,7310601,Quốc tế học,D01,2025,21.0,,THPT
SGD,Trường Đại Học Sài Gòn,7310630,Việt Nam học,D01,2025,22.62,,THPT
SGD,Trường Đại Học Sài Gòn,7310630,Việt Nam học,D01,2025,22.62,,THPT
SGD,Đại học Sài Gòn,7310630,Việt Nam học,D01,2025,21.0,,THPT
SGD,Trường Đại Học Sài Gòn,7320201,Thông tin - Thư viện,C00,2025,23.48,,THPT
SGD,Đại học Sài Gòn,7320201,Thông tin - thư viện,C00,2025,26.48,,THPT
SGD,Trường Đại Học Sài Gòn,7320201,Thông tin - Thư viện,D01,2025,23.48,,THPT
SGD,Đại học Sài Gòn,7320201,Thông tin - thư viện,D01,2025,26.48,,THPT
SGD,Đại học Sài Gòn,7340101,Quản trị Kinh doanh,A00,2025,20.25,,THPT
SGD,Trường Đại Học Sài Gòn,7340101,Quản trị kinh doanh,A00,2025,20.24,,THPT
SGD,Trường Đại Học Sài Gòn,7340101,Quản trị kinh doanh,A01,2025,20.24,,THPT
SGD,Đại học Sài Gòn,7340101,Quản trị Kinh doanh,A01,2025,20.25,,THPT
SGD,Trường Đại Học Sài Gòn,7340101,Quản trị kinh doanh,B00,2025,20.24,,THPT
SGD,Đại học Sài Gòn,7340101,Quản trị Kinh doanh,B00,2025,20.25,,THPT
SGD,Trường Đại Học Sài Gòn,7340101,Quản trị kinh doanh,D01,2025,20.24,,THPT
SGD,Trường Đại Học Sài Gòn,7340101,Quản trị kinh doanh,D01,2025,20.24,,THPT
SGD,Đại học Sài Gòn,7340101,Quản trị Kinh doanh,D01,2025,20.25,,THPT
SGD,Trường Đại Học Sài Gòn,7340101,Quản trị kinh doanh,D07,2025,20.24,,THPT
SGD,Đại học Sài Gòn,7340101,Quản trị Kinh doanh,D07,2025,20.25,,THPT
SGD,Trường Đại Học Sài Gòn,7340101,Quản trị kinh doanh,D09,2025,20.24,,THPT
SGD,Trường Đại Học Sài Gòn,7340101,Quản trị kinh doanh,D09,2025,20.24,,THPT
SGD,Đại học Sài Gòn,7340101,Quản trị Kinh doanh,D09,2025,20.25,,THPT
SGD,Trường Đại Học Sài Gòn,7340101,Quản trị kinh doanh,D10,2025,20.24,,THPT
SGD,Trường Đại Học Sài Gòn,7340101,Quản trị kinh doanh,D10,2025,20.24,,THPT
SGD,Đại học Sài Gòn,7340101,Quản trị Kinh doanh,D10,2025,20.25,,THPT
SGD,Đại học Sài Gòn,7340101CLC,Quản trị kinh doanh CLC (TT23),A00,2025,19.0,,THPT
SGD,Trường Đại Học Sài Gòn,7340101CLC,Quản trị kinh doanh (Chương trình đào tạo chất lượng cao),A00,2025,18.06,,THPT
SGD,Trường Đại Học Sài Gòn,7340101CLC,Quản trị kinh doanh (Chương trình đào tạo chất lượng cao),A01,2025,18.06,,THPT
SGD,Đại học Sài Gòn,7340101CLC,Quản trị kinh doanh CLC (TT23),A01,2025,19.0,,THPT
SGD,Trường Đại Học Sài Gòn,7340101CLC,Quản trị kinh doanh (Chương trình đào tạo chất lượng cao),B00,2025,18.06,,THPT
SGD,Đại học Sài Gòn,7340101CLC,Quản trị kinh doanh CLC (TT23),B00,2025,19.0,,THPT
SGD,Trường Đại Học Sài Gòn,7340101CLC,Quản trị kinh doanh (Chương trình đào tạo chất lượng cao),D01,2025,18.06,,THPT
SGD,Trường Đại Học Sài Gòn,7340101CLC,Quản trị kinh doanh (Chương trình đào tạo chất lượng cao),D01,2025,18.06,,THPT
SGD,Đại học Sài Gòn,7340101CLC,Quản trị kinh doanh CLC (TT23),D01,2025,19.0,,THPT
SGD,Trường Đại Học Sài Gòn,7340101CLC,Quản trị kinh doanh (Chương trình đào tạo chất lượng cao),D07,2025,18.06,,THPT
SGD,Đại học Sài Gòn,7340101CLC,Quản trị kinh doanh CLC (TT23),D07,2025,19.0,,THPT
SGD,Trường Đại Học Sài Gòn,7340101CLC,Quản trị kinh doanh (Chương trình đào tạo chất lượng cao),D09,2025,18.06,,THPT
SGD,Trường Đại Học Sài Gòn,7340101CLC,Quản trị kinh doanh (Chương trình đào tạo chất lượng cao),D09,2025,18.06,,THPT
SGD,Đại học Sài Gòn,7340101CLC,Quản trị kinh doanh CLC (TT23),D09,2025,19.0,,THPT
SGD,Trường Đại Học Sài Gòn,7340101CLC,Quản trị kinh doanh (Chương trình đào tạo chất lượng cao),D10,2025,18.06,,THPT
SGD,Trường Đại Học Sài Gòn,7340101CLC,Quản trị kinh doanh (Chương trình đào tạo chất lượng cao),D10,2025,18.06,,THPT
SGD,Đại học Sài Gòn,7340101CLC,Quản trị kinh doanh CLC (TT23),D10,2025,19.0,,THPT
SGD,Đại học Sài Gòn,7340120,Ngành Kinh doanh quốc tế,A00,2025,21.31,,THPT
SGD,Trường Đại Học Sài Gòn,7340120,Kinh doanh quốc tế,A00,2025,20.37,,THPT
SGD,Trường Đại Học Sài Gòn,7340120,Kinh doanh quốc tế,A01,2025,20.37,,THPT
SGD,Đại học Sài Gòn,7340120,Ngành Kinh doanh quốc tế,A01,2025,21.31,,THPT
SGD,Trường Đại Học Sài Gòn,7340120,Kinh doanh quốc tế,B00,2025,20.37,,THPT
SGD,Đại học Sài Gòn,7340120,Ngành Kinh doanh quốc tế,B00,2025,21.31,,THPT
SGD,Trường Đại Học Sài Gòn,7340120,Kinh doanh quốc tế,D01,2025,20.37,,THPT
SGD,Trường Đại Học Sài Gòn,7340120,Kinh doanh quốc tế,D01,2025,20.37,,THPT
SGD,Đại học Sài Gòn,7340120,Ngành Kinh doanh quốc tế,D01,2025,21.31,,THPT
SGD,Trường Đại Học Sài Gòn,7340120,Kinh doanh quốc tế,D07,2025,20.37,,THPT
SGD,Đại học Sài Gòn,7340120,Ngành Kinh doanh quốc tế,D07,2025,21.31,,THPT
SGD,Trường Đại Học Sài Gòn,7340120,Kinh doanh quốc tế,D09,2025,20.37,,THPT
SGD,Trường Đại Học Sài Gòn,7340120,Kinh doanh quốc tế,D09,2025,20.37,,THPT
SGD,Đại học Sài Gòn,7340120,Ngành Kinh doanh quốc tế,D09,2025,21.31,,THPT
SGD,Trường Đại Học Sài Gòn,7340120,Kinh doanh quốc tế,D10,2025,20.37,,THPT
SGD,Trường Đại Học Sài Gòn,7340120,Kinh doanh quốc tế,D10,2025,20.37,,THPT
SGD,Đại học Sài Gòn,7340120,Ngành Kinh doanh quốc tế,D10,2025,21.31,,THPT
SGD,Đại học Sài Gòn,7340201,Tài chính – Ngân hàng,A00,2025,20.01,,THPT
SGD,Trường Đại Học Sài Gòn,7340201,Tài chính - Ngân hàng,A00,2025,20.0,,THPT
SGD,Trường Đại Học Sài Gòn,7340201,Tài chính - Ngân hàng,A01,2025,20.0,,THPT
SGD,Đại học Sài Gòn,7340201,Tài chính – Ngân hàng,A01,2025,20.01,,THPT
SGD,Trường Đại Học Sài Gòn,7340201,Tài chính - Ngân hàng,B00,2025,20.0,,THPT
SGD,Đại học Sài Gòn,7340201,Tài chính – Ngân hàng,B00,2025,20.01,,THPT
SGD,Trường Đại Học Sài Gòn,7340201,Tài chính - Ngân hàng,D01,2025,20.0,,THPT
SGD,Trường Đại Học Sài Gòn,7340201,Tài chính - Ngân hàng,D01,2025,20.0,,THPT
SGD,Đại học Sài Gòn,7340201,Tài chính – Ngân hàng,D01,2025,20.01,,THPT
SGD,Trường Đại Học Sài Gòn,7340201,Tài chính - Ngân hàng,D07,2025,20.0,,THPT
SGD,Đại học Sài Gòn,7340201,Tài chính – Ngân hàng,D07,2025,20.01,,THPT
SGD,Trường Đại Học Sài Gòn,7340201,Tài chính - Ngân hàng,D09,2025,20.0,,THPT
SGD,Trường Đại Học Sài Gòn,7340201,Tài chính - Ngân hàng,D09,2025,20.0,,THPT
SGD,Đại học Sài Gòn,7340201,Tài chính – Ngân hàng,D09,2025,20.01,,THPT
SGD,Trường Đại Học Sài Gòn,7340201,Tài chính - Ngân hàng,D10,2025,20.0,,THPT
SGD,Trường Đại Học Sài Gòn,7340201,Tài chính - Ngân hàng,D10,2025,20.0,,THPT
SGD,Đại học Sài Gòn,7340201,Tài chính – Ngân hàng,D10,2025,20.01,,THPT
SGD,Đại học Sài Gòn,7340301,Kế toán,A00,2025,19.95,,THPT
SGD,Trường Đại Học Sài Gòn,7340301,Kế toán,A00,2025,19.01,,THPT
SGD,Trường Đại Học Sài Gòn,7340301,Kế toán,A01,2025,19.01,,THPT
SGD,Đại học Sài Gòn,7340301,Kế toán,A01,2025,19.95,,THPT
SGD,Trường Đại Học Sài Gòn,7340301,Kế toán,B00,2025,19.01,,THPT
SGD,Đại học Sài Gòn,7340301,Kế toán,B00,2025,19.95,,THPT
SGD,Trường Đại Học Sài Gòn,7340301,Kế toán,D01,2025,19.01,,THPT
SGD,Trường Đại Học Sài Gòn,7340301,Kế toán,D01,2025,19.01,,THPT
SGD,Đại học Sài Gòn,7340301,Kế toán,D01,2025,19.95,,THPT
SGD,Trường Đại Học Sài Gòn,7340301,Kế toán,D07,2025,19.01,,THPT
SGD,Đại học Sài Gòn,7340301,Kế toán,D07,2025,19.95,,THPT
SGD,Trường Đại Học Sài Gòn,7340301,Kế toán,D09,2025,19.01,,THPT
SGD,Trường Đại Học Sài Gòn,7340301,Kế toán,D09,2025,19.01,,THPT
SGD,Đại học Sài Gòn,7340301,Kế toán,D09,2025,19.95,,THPT
SGD,Trường Đại Học Sài Gòn,7340301,Kế toán,D10,2025,19.01,,THPT
SGD,Trường Đại Học Sài Gòn,7340301,Kế toán,D10,2025,19.01,,THPT
SGD,Đại học Sài Gòn,7340301,Kế toán,D10,2025,19.95,,THPT
SGD,Đại học Sài Gòn,7340301CLC,Kế toán CLC,A00,2025,19.25,,THPT
SGD,Trường Đại Học Sài Gòn,7340301CLC,Kế toán (Chương trình đào tạo chất lượng cao),A00,2025,19.93,,THPT
SGD,Trường Đại Học Sài Gòn,7340301CLC,Kế toán (Chương trình đào tạo chất lượng cao),A01,2025,19.93,,THPT
SGD,Đại học Sài Gòn,7340301CLC,Kế toán CLC,A01,2025,19.25,,THPT
SGD,Trường Đại Học Sài Gòn,7340301CLC,Kế toán (Chương trình đào tạo chất lượng cao),B00,2025,19.93,,THPT
SGD,Đại học Sài Gòn,7340301CLC,Kế toán CLC,B00,2025,19.25,,THPT
SGD,Trường Đại Học Sài Gòn,7340301CLC,Kế toán (Chương trình đào tạo chất lượng cao),D01,2025,19.93,,THPT
SGD,Trường Đại Học Sài Gòn,7340301CLC,Kế toán (Chương trình đào tạo chất lượng cao),D01,2025,19.93,,THPT
SGD,Đại học Sài Gòn,7340301CLC,Kế toán CLC,D01,2025,19.25,,THPT
SGD,Trường Đại Học Sài Gòn,7340301CLC,Kế toán (Chương trình đào tạo chất lượng cao),D07,2025,19.93,,THPT
SGD,Đại học Sài Gòn,7340301CLC,Kế toán CLC,D07,2025,19.25,,THPT
SGD,Trường Đại Học Sài Gòn,7340301CLC,Kế toán (Chương trình đào tạo chất lượng cao),D09,2025,19.93,,THPT
SGD,Trường Đại Học Sài Gòn,7340301CLC,Kế toán (Chương trình đào tạo chất lượng cao),D09,2025,19.93,,THPT
SGD,Đại học Sài Gòn,7340301CLC,Kế toán CLC,D09,2025,19.25,,THPT
SGD,Trường Đại Học Sài Gòn,7340301CLC,Kế toán (Chương trình đào tạo chất lượng cao),D10,2025,19.93,,THPT
SGD,Trường Đại Học Sài Gòn,7340301CLC,Kế toán (Chương trình đào tạo chất lượng cao),D10,2025,19.93,,THPT
SGD,Đại học Sài Gòn,7340301CLC,Kế toán CLC,D10,2025,19.25,,THPT
SGD,Đại học Sài Gòn,7340302,Kiểm toán,A00,2025,21.71,,THPT
SGD,Trường Đại Học Sài Gòn,7340302,Kiểm toán,A00,2025,23.33,,THPT
SGD,Trường Đại Học Sài Gòn,7340302,Kiểm toán,A01,2025,23.33,,THPT
SGD,Đại học Sài Gòn,7340302,Kiểm toán,A01,2025,21.71,,THPT
SGD,Trường Đại Học Sài Gòn,7340302,Kiểm toán,B00,2025,23.33,,THPT
SGD,Đại học Sài Gòn,7340302,Kiểm toán,B00,2025,21.71,,THPT
SGD,Trường Đại Học Sài Gòn,7340302,Kiểm toán,D01,2025,23.33,,THPT
SGD,Trường Đại Học Sài Gòn,7340302,Kiểm toán,D01,2025,23.33,,THPT
SGD,Đại học Sài Gòn,7340302,Kiểm toán,D01,2025,21.71,,THPT
SGD,Trường Đại Học Sài Gòn,7340302,Kiểm toán,D07,2025,23.33,,THPT
SGD,Đại học Sài Gòn,7340302,Kiểm toán,D07,2025,21.71,,THPT
SGD,Trường Đại Học Sài Gòn,7340302,Kiểm toán,D09,2025,23.33,,THPT
SGD,Trường Đại Học Sài Gòn,7340302,Kiểm toán,D09,2025,23.33,,THPT
SGD,Đại học Sài Gòn,7340302,Kiểm toán,D09,2025,21.71,,THPT
SGD,Trường Đại Học Sài Gòn,7340302,Kiểm toán,D10,2025,23.33,,THPT
SGD,Trường Đại Học Sài Gòn,7340302,Kiểm toán,D10,2025,23.33,,THPT
SGD,Đại học Sài Gòn,7340302,Kiểm toán,D10,2025,21.71,,THPT
SGD,Trường Đại Học Sài Gòn,7340406,Quản trị văn phòng,D01,2025,23.32,,THPT
SGD,Trường Đại Học Sài Gòn,7340406,Quản trị văn phòng,D01,2025,23.32,,THPT
SGD,Đại học Sài Gòn,7340406,Quản trị văn phòng,D01,2025,21.7,,THPT
SGD,Trường Đại Học Sài Gòn,7380101,Luật,D01,2025,23.2,,THPT
SGD,Trường Đại Học Sài Gòn,7380101,Luật,D01,2025,23.2,,THPT
SGD,Đại học Sài Gòn,7380101,Ngành Luật,D01,2025,21.58,,THPT
SGD,Đại học Sài Gòn,7440301,Khoa học môi trường,A00,2025,18.72,,THPT
SGD,Trường Đại Học Sài Gòn,7440301,Khoa học môi trường,A00,2025,20.87,,THPT
SGD,Trường Đại Học Sài Gòn,7440301,Khoa học môi trường,A01,2025,20.87,,THPT
SGD,Đại học Sài Gòn,7440301,Khoa học môi trường,A01,2025,18.72,,THPT
SGD,Trường Đại Học Sài Gòn,7440301,Khoa học môi trường,B00,2025,20.87,,THPT
SGD,Trường Đại Học Sài Gòn,7440301,Khoa học môi trường,B00,2025,20.87,,THPT
SGD,Đại học Sài Gòn,7440301,Khoa học môi trường,B00,2025,18.72,,THPT
SGD,Trường Đại Học Sài Gòn,7440301,Khoa học môi trường,D01,2025,20.87,,THPT
SGD,Đại học Sài Gòn,7440301,Khoa học môi trường,D01,2025,18.72,,THPT
SGD,Trường Đại Học Sài Gòn,7440301,Khoa học môi trường,D07,2025,20.87,,THPT
SGD,Đại học Sài Gòn,7440301,Khoa học môi trường,D07,2025,18.72,,THPT
SGD,Trường Đại Học Sài Gòn,7440301,Khoa học môi trường,D09,2025,20.87,,THPT
SGD,Trường Đại Học Sài Gòn,7440301,Khoa học môi trường,D09,2025,20.87,,THPT
SGD,Đại học Sài Gòn,7440301,Khoa học môi trường,D09,2025,18.72,,THPT
SGD,Trường Đại Học Sài Gòn,7440301,Khoa học môi trường,D10,2025,20.87,,THPT
SGD,Trường Đại Học Sài Gòn,7440301,Khoa học môi trường,D10,2025,20.87,,THPT
SGD,Đại học Sài Gòn,7440301,Khoa học môi trường,D10,2025,18.72,,THPT
SGD,Đại học Sài Gòn,7460108,Khoa học dữ liệu (Data Science),A00,2025,22.05,,THPT
SGD,Trường Đại Học Sài Gòn,7460108,Khoa học dữ liệu,A00,2025,20.43,,THPT
SGD,Trường Đại Học Sài Gòn,7460108,Khoa học dữ liệu,A01,2025,20.43,,THPT
SGD,Đại học Sài Gòn,7460108,Khoa học dữ liệu (Data Science),A01,2025,22.05,,THPT
SGD,Trường Đại Học Sài Gòn,7460108,Khoa học dữ liệu,B00,2025,20.43,,THPT
SGD,Đại học Sài Gòn,7460108,Khoa học dữ liệu (Data Science),B00,2025,22.05,,THPT
SGD,Trường Đại Học Sài Gòn,7460108,Khoa học dữ liệu,D01,2025,20.43,,THPT
SGD,Đại học Sài Gòn,7460108,Khoa học dữ liệu (Data Science),D01,2025,22.05,,THPT
SGD,Trường Đại Học Sài Gòn,7460108,Khoa học dữ liệu,D07,2025,20.43,,THPT
SGD,Đại học Sài Gòn,7460108,Khoa học dữ liệu (Data Science),D07,2025,22.05,,THPT
SGD,Trường Đại Học Sài Gòn,7460108,Khoa học dữ liệu,D09,2025,20.43,,THPT
SGD,Đại học Sài Gòn,7460108,Khoa học dữ liệu (Data Science),D09,2025,22.05,,THPT
SGD,Trường Đại Học Sài Gòn,7460108,Khoa học dữ liệu,D10,2025,20.43,,THPT
SGD,Đại học Sài Gòn,7460108,Khoa học dữ liệu (Data Science),D10,2025,22.05,,THPT
SGD,Đại học Sài Gòn,7460112,ĐH Toán ứng dụng,A00,2025,24.54,,THPT
SGD,Trường Đại Học Sài Gòn,7460112,Toán ứng dụng,A00,2025,23.85,,THPT
SGD,Trường Đại Học Sài Gòn,7460112,Toán ứng dụng,A00,2025,23.85,,THPT
SGD,Trường Đại Học Sài Gòn,7460112,Toán ứng dụng,A01,2025,23.85,,THPT
SGD,Đại học Sài Gòn,7460112,ĐH Toán ứng dụng,A01,2025,24.54,,THPT
SGD,Trường Đại Học Sài Gòn,7460112,Toán ứng dụng,B00,2025,23.85,,THPT
SGD,Trường Đại Học Sài Gòn,7460112,Toán ứng dụng,B00,2025,23.85,,THPT
SGD,Đại học Sài Gòn,7460112,ĐH Toán ứng dụng,B00,2025,24.54,,THPT
SGD,Trường Đại Học Sài Gòn,7460112,Toán ứng dụng,D01,2025,23.85,,THPT
SGD,Đại học Sài Gòn,7460112,ĐH Toán ứng dụng,D01,2025,24.54,,THPT
SGD,Trường Đại Học Sài Gòn,7460112,Toán ứng dụng,D07,2025,23.85,,THPT
SGD,Đại học Sài Gòn,7460112,ĐH Toán ứng dụng,D07,2025,24.54,,THPT
SGD,Trường Đại Học Sài Gòn,7460112,Toán ứng dụng,D09,2025,23.85,,THPT
SGD,Trường Đại Học Sài Gòn,7460112,Toán ứng dụng,D09,2025,23.85,,THPT
SGD,Đại học Sài Gòn,7460112,ĐH Toán ứng dụng,D09,2025,24.54,,THPT
SGD,Trường Đại Học Sài Gòn,7460112,Toán ứng dụng,D10,2025,23.85,,THPT
SGD,Trường Đại Học Sài Gòn,7460112,Toán ứng dụng,D10,2025,23.85,,THPT
SGD,Đại học Sài Gòn,7460112,ĐH Toán ứng dụng,D10,2025,24.54,,THPT
SGD,Đại học Sài Gòn,7480103,Kỹ thuật phần mềm,A00,2025,21.0,,THPT
SGD,Trường Đại Học Sài Gòn,7480103,Kỹ thuật phần mềm,A00,2025,20.06,,THPT
SGD,Trường Đại Học Sài Gòn,7480103,Kỹ thuật phần mềm,A01,2025,20.06,,THPT
SGD,Đại học Sài Gòn,7480103,Kỹ thuật phần mềm,A01,2025,21.0,,THPT
SGD,Trường Đại Học Sài Gòn,7480103,Kỹ thuật phần mềm,B00,2025,20.06,,THPT
SGD,Trường Đại Học Sài Gòn,7480103,Kỹ thuật phần mềm,B00,2025,20.06,,THPT
SGD,Đại học Sài Gòn,7480103,Kỹ thuật phần mềm,B00,2025,21.0,,THPT
SGD,Trường Đại Học Sài Gòn,7480103,Kỹ thuật phần mềm,D01,2025,20.06,,THPT
SGD,Trường Đại Học Sài Gòn,7480103,Kỹ thuật phần mềm,D01,2025,20.06,,THPT
SGD,Đại học Sài Gòn,7480103,Kỹ thuật phần mềm,D01,2025,21.0,,THPT
SGD,Trường Đại Học Sài Gòn,7480103,Kỹ thuật phần mềm,D07,2025,20.06,,THPT
SGD,Đại học Sài Gòn,7480103,Kỹ thuật phần mềm,D07,2025,21.0,,THPT
SGD,Trường Đại Học Sài Gòn,7480103,Kỹ thuật phần mềm,D09,2025,20.06,,THPT
SGD,Trường Đại Học Sài Gòn,7480103,Kỹ thuật phần mềm,D09,2025,20.06,,THPT
SGD,Đại học Sài Gòn,7480103,Kỹ thuật phần mềm,D09,2025,21.0,,THPT
SGD,Trường Đại Học Sài Gòn,7480103,Kỹ thuật phần mềm,D10,2025,20.06,,THPT
SGD,Trường Đại Học Sài Gòn,7480103,Kỹ thuật phần mềm,D10,2025,20.06,,THPT
SGD,Đại học Sài Gòn,7480103,Kỹ thuật phần mềm,D10,2025,21.0,,THPT
SGD,Đại học Sài Gòn,7480107,Trí tuệ nhân tạo,A00,2025,22.0,,THPT
SGD,Trường Đại Học Sài Gòn,7480107,Trí tuệ nhân tạo,A00,2025,21.06,,THPT
SGD,Trường Đại Học Sài Gòn,7480107,Trí tuệ nhân tạo,A01,2025,21.06,,THPT
SGD,Đại học Sài Gòn,7480107,Trí tuệ nhân tạo,A01,2025,22.0,,THPT
SGD,Trường Đại Học Sài Gòn,7480107,Trí tuệ nhân tạo,B00,2025,21.06,,THPT
SGD,Trường Đại Học Sài Gòn,7480107,Trí tuệ nhân tạo,B00,2025,21.06,,THPT
SGD,Đại học Sài Gòn,7480107,Trí tuệ nhân tạo,B00,2025,22.0,,THPT
SGD,Trường Đại Học Sài Gòn,7480107,Trí tuệ nhân tạo,D01,2025,21.06,,THPT
SGD,Trường Đại Học Sài Gòn,7480107,Trí tuệ nhân tạo,D01,2025,21.06,,THPT
SGD,Đại học Sài Gòn,7480107,Trí tuệ nhân tạo,D01,2025,22.0,,THPT
SGD,Trường Đại Học Sài Gòn,7480107,Trí tuệ nhân tạo,D07,2025,21.06,,THPT
SGD,Đại học Sài Gòn,7480107,Trí tuệ nhân tạo,D07,2025,22.0,,THPT
SGD,Trường Đại Học Sài Gòn,7480107,Trí tuệ nhân tạo,D09,2025,21.06,,THPT
SGD,Trường Đại Học Sài Gòn,7480107,Trí tuệ nhân tạo,D09,2025,21.06,,THPT
SGD,Đại học Sài Gòn,7480107,Trí tuệ nhân tạo,D09,2025,22.0,,THPT
SGD,Trường Đại Học Sài Gòn,7480107,Trí tuệ nhân tạo,D10,2025,21.06,,THPT
SGD,Trường Đại Học Sài Gòn,7480107,Trí tuệ nhân tạo,D10,2025,21.06,,THPT
SGD,Đại học Sài Gòn,7480107,Trí tuệ nhân tạo,D10,2025,22.0,,THPT
SGD,Đại học Sài Gòn,7480201,Công nghệ thông tin,A00,2025,21.0,,THPT
SGD,Trường Đại Học Sài Gòn,7480201,Công nghệ thông tin,A00,2025,20.99,,THPT
SGD,Trường Đại Học Sài Gòn,7480201,Công nghệ thông tin,A01,2025,20.99,,THPT
SGD,Đại học Sài Gòn,7480201,Công nghệ thông tin,A01,2025,21.0,,THPT
SGD,Trường Đại Học Sài Gòn,7480201,Công nghệ thông tin,B00,2025,20.99,,THPT
SGD,Trường Đại Học Sài Gòn,7480201,Công nghệ thông tin,B00,2025,20.99,,THPT
SGD,Đại học Sài Gòn,7480201,Công nghệ thông tin,B00,2025,21.0,,THPT
SGD,Trường Đại Học Sài Gòn,7480201,Công nghệ thông tin,D01,2025,20.99,,THPT
SGD,Trường Đại Học Sài Gòn,7480201,Công nghệ thông tin,D01,2025,20.99,,THPT
SGD,Đại học Sài Gòn,7480201,Công nghệ thông tin,D01,2025,21.0,,THPT
SGD,Trường Đại Học Sài Gòn,7480201,Công nghệ thông tin,D07,2025,20.99,,THPT
SGD,Đại học Sài Gòn,7480201,Công nghệ thông tin,D07,2025,21.0,,THPT
SGD,Trường Đại Học Sài Gòn,7480201,Công nghệ thông tin,D09,2025,20.99,,THPT
SGD,Trường Đại Học Sài Gòn,7480201,Công nghệ thông tin,D09,2025,20.99,,THPT
SGD,Đại học Sài Gòn,7480201,Công nghệ thông tin,D09,2025,21.0,,THPT
SGD,Trường Đại Học Sài Gòn,7480201,Công nghệ thông tin,D10,2025,20.99,,THPT
SGD,Trường Đại Học Sài Gòn,7480201,Công nghệ thông tin,D10,2025,20.99,,THPT
SGD,Đại học Sài Gòn,7480201,Công nghệ thông tin,D10,2025,21.0,,THPT
SGD,Đại học Sài Gòn,7480201CLC,Công nghệ thông tin (chương trình chất lượng cao),A00,2025,21.01,,THPT
SGD,Trường Đại Học Sài Gòn,7480201CLC,Công nghệ thông tin (Chương trình đào tạo chất lượng cao),A00,2025,20.07,,THPT
SGD,Trường Đại Học Sài Gòn,7480201CLC,Công nghệ thông tin (Chương trình đào tạo chất lượng cao),A01,2025,20.07,,THPT
SGD,Đại học Sài Gòn,7480201CLC,Công nghệ thông tin (chương trình chất lượng cao),A01,2025,21.01,,THPT
SGD,Trường Đại Học Sài Gòn,7480201CLC,Công nghệ thông tin (Chương trình đào tạo chất lượng cao),B00,2025,20.07,,THPT
SGD,Trường Đại Học Sài Gòn,7480201CLC,Công nghệ thông tin (Chương trình đào tạo chất lượng cao),B00,2025,20.07,,THPT
SGD,Đại học Sài Gòn,7480201CLC,Công nghệ thông tin (chương trình chất lượng cao),B00,2025,21.01,,THPT
SGD,Trường Đại Học Sài Gòn,7480201CLC,Công nghệ thông tin (Chương trình đào tạo chất lượng cao),D01,2025,20.07,,THPT
SGD,Trường Đại Học Sài Gòn,7480201CLC,Công nghệ thông tin (Chương trình đào tạo chất lượng cao),D01,2025,20.07,,THPT
SGD,Đại học Sài Gòn,7480201CLC,Công nghệ thông tin (chương trình chất lượng cao),D01,2025,21.01,,THPT
SGD,Trường Đại Học Sài Gòn,7480201CLC,Công nghệ thông tin (Chương trình đào tạo chất lượng cao),D07,2025,20.07,,THPT
SGD,Đại học Sài Gòn,7480201CLC,Công nghệ thông tin (chương trình chất lượng cao),D07,2025,21.01,,THPT
SGD,Trường Đại Học Sài Gòn,7480201CLC,Công nghệ thông tin (Chương trình đào tạo chất lượng cao),D09,2025,20.07,,THPT
SGD,Trường Đại Học Sài Gòn,7480201CLC,Công nghệ thông tin (Chương trình đào tạo chất lượng cao),D09,2025,20.07,,THPT
SGD,Đại học Sài Gòn,7480201CLC,Công nghệ thông tin (chương trình chất lượng cao),D09,2025,21.01,,THPT
SGD,Trường Đại Học Sài Gòn,7480201CLC,Công nghệ thông tin (Chương trình đào tạo chất lượng cao),D10,2025,20.07,,THPT
SGD,Trường Đại Học Sài Gòn,7480201CLC,Công nghệ thông tin (Chương trình đào tạo chất lượng cao),D10,2025,20.07,,THPT
SGD,Đại học Sài Gòn,7480201CLC,Công nghệ thông tin (chương trình chất lượng cao),D10,2025,21.01,,THPT
SGD,Đại học Sài Gòn,7510301,"Công nghệ kỹ thuật điện, điện tử",A00,2025,21.54,,THPT
SGD,Trường Đại Học Sài Gòn,7510301,"Công nghệ kỹ thuật điện, điện tử",A00,2025,20.61,,THPT
SGD,Trường Đại Học Sài Gòn,7510301,"Công nghệ kỹ thuật điện, điện tử",A01,2025,20.61,,THPT
SGD,Đại học Sài Gòn,7510301,"Công nghệ kỹ thuật điện, điện tử",A01,2025,21.54,,THPT
SGD,Trường Đại Học Sài Gòn,7510301,"Công nghệ kỹ thuật điện, điện tử",A01,2025,20.61,,THPT
SGD,Trường Đại Học Sài Gòn,7510301,"Công nghệ kỹ thuật điện, điện tử",B00,2025,20.61,,THPT
SGD,Đại học Sài Gòn,7510301,"Công nghệ kỹ thuật điện, điện tử",B00,2025,21.54,,THPT
SGD,Trường Đại Học Sài Gòn,7510301,"Công nghệ kỹ thuật điện, điện tử",D01,2025,20.61,,THPT
SGD,Đại học Sài Gòn,7510301,"Công nghệ kỹ thuật điện, điện tử",D01,2025,21.54,,THPT
SGD,Trường Đại Học Sài Gòn,7510301,"Công nghệ kỹ thuật điện, điện tử",D07,2025,20.61,,THPT
SGD,Đại học Sài Gòn,7510301,"Công nghệ kỹ thuật điện, điện tử",D07,2025,21.54,,THPT
SGD,Trường Đại Học Sài Gòn,7510301,"Công nghệ kỹ thuật điện, điện tử",D09,2025,20.61,,THPT
SGD,Trường Đại Học Sài Gòn,7510301,"Công nghệ kỹ thuật điện, điện tử",D09,2025,20.61,,THPT
SGD,Đại học Sài Gòn,7510301,"Công nghệ kỹ thuật điện, điện tử",D09,2025,21.54,,THPT
SGD,Trường Đại Học Sài Gòn,7510301,"Công nghệ kỹ thuật điện, điện tử",D10,2025,20.61,,THPT
SGD,Trường Đại Học Sài Gòn,7510301,"Công nghệ kỹ thuật điện, điện tử",D10,2025,20.61,,THPT
SGD,Đại học Sài Gòn,7510301,"Công nghệ kỹ thuật điện, điện tử",D10,2025,21.54,,THPT
SGD,Đại học Sài Gòn,7510302,Điện tử - viễn thông,A00,2025,20.24,,THPT
SGD,Trường Đại Học Sài Gòn,7510302,Công nghệ kỹ thuật điện tử – viễn thông,A00,2025,21.87,,THPT
SGD,Trường Đại Học Sài Gòn,7510302,Công nghệ kỹ thuật điện tử – viễn thông,A01,2025,21.87,,THPT
SGD,Đại học Sài Gòn,7510302,Điện tử - viễn thông,A01,2025,20.24,,THPT
SGD,Trường Đại Học Sài Gòn,7510302,Công nghệ kỹ thuật điện tử – viễn thông,A01,2025,21.87,,THPT
SGD,Trường Đại Học Sài Gòn,7510302,Công nghệ kỹ thuật điện tử – viễn thông,B00,2025,21.87,,THPT
SGD,Đại học Sài Gòn,7510302,Điện tử - viễn thông,B00,2025,20.24,,THPT
SGD,Trường Đại Học Sài Gòn,7510302,Công nghệ kỹ thuật điện tử – viễn thông,D01,2025,21.87,,THPT
SGD,Đại học Sài Gòn,7510302,Điện tử - viễn thông,D01,2025,20.24,,THPT
SGD,Trường Đại Học Sài Gòn,7510302,Công nghệ kỹ thuật điện tử – viễn thông,D07,2025,21.87,,THPT
SGD,Đại học Sài Gòn,7510302,Điện tử - viễn thông,D07,2025,20.24,,THPT
SGD,Trường Đại Học Sài Gòn,7510302,Công nghệ kỹ thuật điện tử – viễn thông,D09,2025,21.87,,THPT
SGD,Trường Đại Học Sài Gòn,7510302,Công nghệ kỹ thuật điện tử – viễn thông,D09,2025,21.87,,THPT
SGD,Đại học Sài Gòn,7510302,Điện tử - viễn thông,D09,2025,20.24,,THPT
SGD,Trường Đại Học Sài Gòn,7510302,Công nghệ kỹ thuật điện tử – viễn thông,D10,2025,21.87,,THPT
SGD,Trường Đại Học Sài Gòn,7510302,Công nghệ kỹ thuật điện tử – viễn thông,D10,2025,21.87,,THPT
SGD,Đại học Sài Gòn,7510302,Điện tử - viễn thông,D10,2025,20.24,,THPT
SGD,Đại học Sài Gòn,7510406,Công nghệ kỹ thuật Môi trường,A00,2025,18.43,,THPT
SGD,Trường Đại Học Sài Gòn,7510406,Công nghệ kỹ thuật môi trường,A00,2025,18.02,,THPT
SGD,Trường Đại Học Sài Gòn,7510406,Công nghệ kỹ thuật môi trường,A01,2025,18.02,,THPT
SGD,Đại học Sài Gòn,7510406,Công nghệ kỹ thuật Môi trường,A01,2025,18.43,,THPT
SGD,Trường Đại Học Sài Gòn,7510406,Công nghệ kỹ thuật môi trường,B00,2025,18.02,,THPT
SGD,Trường Đại Học Sài Gòn,7510406,Công nghệ kỹ thuật môi trường,B00,2025,18.02,,THPT
SGD,Đại học Sài Gòn,7510406,Công nghệ kỹ thuật Môi trường,B00,2025,18.43,,THPT
SGD,Trường Đại Học Sài Gòn,7510406,Công nghệ kỹ thuật môi trường,D01,2025,18.02,,THPT
SGD,Đại học Sài Gòn,7510406,Công nghệ kỹ thuật Môi trường,D01,2025,18.43,,THPT
SGD,Trường Đại Học Sài Gòn,7510406,Công nghệ kỹ thuật môi trường,D07,2025,18.02,,THPT
SGD,Đại học Sài Gòn,7510406,Công nghệ kỹ thuật Môi trường,D07,2025,18.43,,THPT
SGD,Trường Đại Học Sài Gòn,7510406,Công nghệ kỹ thuật môi trường,D09,2025,18.02,,THPT
SGD,Trường Đại Học Sài Gòn,7510406,Công nghệ kỹ thuật môi trường,D09,2025,18.02,,THPT
SGD,Đại học Sài Gòn,7510406,Công nghệ kỹ thuật Môi trường,D09,2025,18.43,,THPT
SGD,Trường Đại Học Sài Gòn,7510406,Công nghệ kỹ thuật môi trường,D10,2025,18.02,,THPT
SGD,Trường Đại Học Sài Gòn,7510406,Công nghệ kỹ thuật môi trường,D10,2025,18.02,,THPT
SGD,Đại học Sài Gòn,7510406,Công nghệ kỹ thuật Môi trường,D10,2025,18.43,,THPT
SGD,Đại học Sài Gòn,7520201,Kỹ thuật điện,A00,2025,19.93,,THPT
SGD,Trường Đại Học Sài Gòn,7520201,Kỹ thuật điện,A00,2025,19.93,,THPT
SGD,Trường Đại Học Sài Gòn,7520201,Kỹ thuật điện,A01,2025,19.93,,THPT
SGD,Đại học Sài Gòn,7520201,Kỹ thuật điện,A01,2025,19.93,,THPT
SGD,Trường Đại Học Sài Gòn,7520201,Kỹ thuật điện,A01,2025,19.93,,THPT
SGD,Trường Đại Học Sài Gòn,7520201,Kỹ thuật điện,B00,2025,19.93,,THPT
SGD,Trường Đại Học Sài Gòn,7520201,Kỹ thuật điện,B00,2025,19.93,,THPT
SGD,Đại học Sài Gòn,7520201,Kỹ thuật điện,B00,2025,19.93,,THPT
SGD,Trường Đại Học Sài Gòn,7520201,Kỹ thuật điện,D01,2025,19.93,,THPT
SGD,Trường Đại Học Sài Gòn,7520201,Kỹ thuật điện,D01,2025,19.93,,THPT
SGD,Đại học Sài Gòn,7520201,Kỹ thuật điện,D01,2025,19.93,,THPT
SGD,Trường Đại Học Sài Gòn,7520201,Kỹ thuật điện,D07,2025,19.93,,THPT
SGD,Trường Đại Học Sài Gòn,7520201,Kỹ thuật điện,D07,2025,19.93,,THPT
SGD,Đại học Sài Gòn,7520201,Kỹ thuật điện,D07,2025,19.93,,THPT
SGD,Trường Đại Học Sài Gòn,7520201,Kỹ thuật điện,D09,2025,19.93,,THPT
SGD,Trường Đại Học Sài Gòn,7520201,Kỹ thuật điện,D09,2025,19.93,,THPT
SGD,Đại học Sài Gòn,7520201,Kỹ thuật điện,D09,2025,19.93,,THPT
SGD,Trường Đại Học Sài Gòn,7520201,Kỹ thuật điện,D10,2025,19.93,,THPT
SGD,Trường Đại Học Sài Gòn,7520201,Kỹ thuật điện,D10,2025,19.93,,THPT
SGD,Đại học Sài Gòn,7520201,Kỹ thuật điện,D10,2025,19.93,,THPT
SGD,Đại học Sài Gòn,7520207,Ngành Kỹ thuật điện tử truyền thông,A00,2025,19.96,,THPT
SGD,Trường Đại Học Sài Gòn,7520207,Kỹ thuật điện tử - viễn thông,A00,2025,21.59,,THPT
SGD,Trường Đại Học Sài Gòn,7520207,Kỹ thuật điện tử - viễn thông,A01,2025,21.59,,THPT
SGD,Đại học Sài Gòn,7520207,Ngành Kỹ thuật điện tử truyền thông,A01,2025,19.96,,THPT
SGD,Trường Đại Học Sài Gòn,7520207,Kỹ thuật điện tử - viễn thông,A01,2025,21.59,,THPT
SGD,Trường Đại Học Sài Gòn,7520207,Kỹ thuật điện tử - viễn thông,B00,2025,21.59,,THPT
SGD,Trường Đại Học Sài Gòn,7520207,Kỹ thuật điện tử - viễn thông,B00,2025,21.59,,THPT
SGD,Đại học Sài Gòn,7520207,Ngành Kỹ thuật điện tử truyền thông,B00,2025,19.96,,THPT
SGD,Trường Đại Học Sài Gòn,7520207,Kỹ thuật điện tử - viễn thông,D01,2025,21.59,,THPT
SGD,Trường Đại Học Sài Gòn,7520207,Kỹ thuật điện tử - viễn thông,D01,2025,21.59,,THPT
SGD,Đại học Sài Gòn,7520207,Ngành Kỹ thuật điện tử truyền thông,D01,2025,19.96,,THPT
SGD,Trường Đại Học Sài Gòn,7520207,Kỹ thuật điện tử - viễn thông,D07,2025,21.59,,THPT
SGD,Trường Đại Học Sài Gòn,7520207,Kỹ thuật điện tử - viễn thông,D07,2025,21.59,,THPT
SGD,Đại học Sài Gòn,7520207,Ngành Kỹ thuật điện tử truyền thông,D07,2025,19.96,,THPT
SGD,Trường Đại Học Sài Gòn,7520207,Kỹ thuật điện tử - viễn thông,D09,2025,21.59,,THPT
SGD,Trường Đại Học Sài Gòn,7520207,Kỹ thuật điện tử - viễn thông,D09,2025,21.59,,THPT
SGD,Đại học Sài Gòn,7520207,Ngành Kỹ thuật điện tử truyền thông,D09,2025,19.96,,THPT
SGD,Trường Đại Học Sài Gòn,7520207,Kỹ thuật điện tử - viễn thông,D10,2025,21.59,,THPT
SGD,Trường Đại Học Sài Gòn,7520207,Kỹ thuật điện tử - viễn thông,D10,2025,21.59,,THPT
SGD,Đại học Sài Gòn,7520207,Ngành Kỹ thuật điện tử truyền thông,D10,2025,19.96,,THPT
SGD,Trường Đại Học Sài Gòn,7810101,Du lịch,D01,2025,23.57,,THPT
SGD,Đại học Sài Gòn,7810101,Du lịch,D01,2025,21.95,,THPT
SGD,Đại học Sài Gòn,7810202,Quản trị nhà hàng và dịch vụ ăn uống,A00,2025,20.83,,THPT
SGD,Trường Đại Học Sài Gòn,7810202,Quản trị nhà hàng và dịch vụ ăn uống,A00,2025,22.45,,THPT
SGD,Trường Đại Học Sài Gòn,7810202,Quản trị nhà hàng và dịch vụ ăn uống,A01,2025,22.45,,THPT
SGD,Đại học Sài Gòn,7810202,Quản trị nhà hàng và dịch vụ ăn uống,A01,2025,20.83,,THPT
SGD,Trường Đại Học Sài Gòn,7810202,Quản trị nhà hàng và dịch vụ ăn uống,B00,2025,22.45,,THPT
SGD,Đại học Sài Gòn,7810202,Quản trị nhà hàng và dịch vụ ăn uống,B00,2025,20.83,,THPT
SGD,Trường Đại Học Sài Gòn,7810202,Quản trị nhà hàng và dịch vụ ăn uống,D01,2025,22.45,,THPT
SGD,Đại học Sài Gòn,7810202,Quản trị nhà hàng và dịch vụ ăn uống,D01,2025,20.83,,THPT
SGD,Trường Đại Học Sài Gòn,7810202,Quản trị nhà hàng và dịch vụ ăn uống,D07,2025,22.45,,THPT
SGD,Đại học Sài Gòn,7810202,Quản trị nhà hàng và dịch vụ ăn uống,D07,2025,20.83,,THPT
SGD,Trường Đại Học Sài Gòn,7810202,Quản trị nhà hàng và dịch vụ ăn uống,D09,2025,22.45,,THPT
SGD,Đại học Sài Gòn,7810202,Quản trị nhà hàng và dịch vụ ăn uống,D09,2025,20.83,,THPT
SGD,Trường Đại Học Sài Gòn,7810202,Quản trị nhà hàng và dịch vụ ăn uống,D10,2025,22.45,,THPT
SGD,Đại học Sài Gòn,7810202,Quản trị nhà hàng và dịch vụ ăn uống,D10,2025,20.83,,THPT
SIU,Đại học Quốc tế Sài Gòn,7140103,Công nghệ Giáo dục,A00,2025,15.0,,THPT
SIU,Trường Đại học Tư thục Quốc Tế Sài Gòn,7140103,Công nghệ giáo dục,A00,2025,15.0,,THPT
SIU,Trường Đại học Tư thục Quốc Tế Sài Gòn,7140103,Công nghệ giáo dục,A01,2025,15.0,,THPT
SIU,Đại học Quốc tế Sài Gòn,7140103,Công nghệ Giáo dục,A01,2025,15.0,,THPT
SIU,Trường Đại học Tư thục Quốc Tế Sài Gòn,7140103,Công nghệ giáo dục,D07,2025,15.0,,THPT
SIU,Đại học Quốc tế Sài Gòn,7140103,Công nghệ Giáo dục,D07,2025,15.0,,THPT
SIU,Đại học Quốc tế Sài Gòn,7220201,Ngôn ngữ Anh,A00,2025,16.0,,THPT
SIU,Trường Đại học Tư thục Quốc Tế Sài Gòn,7220201,Ngôn ngữ Anh,A01,2025,16.0,,THPT
SIU,Trường Đại học Tư thục Quốc Tế Sài Gòn,7220201,Ngôn ngữ Anh,D01,2025,16.0,,THPT
SIU,Đại học Quốc tế Sài Gòn,7220201,Ngôn ngữ Anh,D01,2025,16.0,,THPT
SIU,Trường Đại học Tư thục Quốc Tế Sài Gòn,7220201,Ngôn ngữ Anh,D09,2025,16.0,,THPT
SIU,Đại học Quốc tế Sài Gòn,7220201,Ngôn ngữ Anh,D09,2025,16.0,,THPT
SIU,Trường Đại học Tư thục Quốc Tế Sài Gòn,7310401,Tâm lý học,B00,2025,16.0,,THPT
SIU,Đại học Quốc tế Sài Gòn,7310401,Tâm lý học,B00,2025,16.0,,THPT
SIU,Trường Đại học Tư thục Quốc Tế Sài Gòn,7310401,Tâm lý học,C00,2025,16.0,,THPT
SIU,Đại học Quốc tế Sài Gòn,7310401,Tâm lý học,C00,2025,16.0,,THPT
SIU,Trường Đại học Tư thục Quốc Tế Sài Gòn,7310401,Tâm lý học,D01,2025,16.0,,THPT
SIU,Đại học Quốc tế Sài Gòn,7310401,Tâm lý học,D01,2025,16.0,,THPT
SIU,Đại học Quốc tế Sài Gòn,7310608,Đông phương học,C00,2025,16.0,,THPT
SIU,Trường Đại học Tư thục Quốc Tế Sài Gòn,7310608,Đông phương học,C00,2025,15.0,,THPT
SIU,Trường Đại học Tư thục Quốc Tế Sài Gòn,7310608,Đông phương học,D01,2025,15.0,,THPT
SIU,Đại học Quốc tế Sài Gòn,7310608,Đông phương học,D01,2025,16.0,,THPT
SIU,Đại học Quốc tế Sài Gòn,7320104,Truyền thông đa phương tiện,A00,2025,16.0,,THPT
SIU,Trường Đại học Tư thục Quốc Tế Sài Gòn,7320104,Truyền thông đa phương tiện,A00,2025,16.0,,THPT
SIU,Trường Đại học Tư thục Quốc Tế Sài Gòn,7320104,Truyền thông đa phương tiện,A01,2025,16.0,,THPT
SIU,Đại học Quốc tế Sài Gòn,7320104,Truyền thông đa phương tiện,A01,2025,16.0,,THPT
SIU,Trường Đại học Tư thục Quốc Tế Sài Gòn,7320104,Truyền thông đa phương tiện,C00,2025,16.0,,THPT
SIU,Đại học Quốc tế Sài Gòn,7320104,Truyền thông đa phương tiện,C00,2025,16.0,,THPT
SIU,Trường Đại học Tư thục Quốc Tế Sài Gòn,7320104,Truyền thông đa phương tiện,D01,2025,16.0,,THPT
SIU,Đại học Quốc tế Sài Gòn,7320104,Truyền thông đa phương tiện,D01,2025,16.0,,THPT
SIU,Trường Đại học Tư thục Quốc Tế Sài Gòn,7320104,Truyền thông đa phương tiện,D09,2025,16.0,,THPT
SIU,Đại học Quốc tế Sài Gòn,7320104,Truyền thông đa phương tiện,D09,2025,16.0,,THPT
SIU,Trường Đại học Tư thục Quốc Tế Sài Gòn,7320104,Truyền thông đa phương tiện,D10,2025,16.0,,THPT
SIU,Đại học Quốc tế Sài Gòn,7320104,Truyền thông đa phương tiện,D10,2025,16.0,,THPT
SIU,Đại học Quốc tế Sài Gòn,7320108,Quan hệ công chúng,A00,2025,16.0,,THPT
SIU,Trường Đại học Tư thục Quốc Tế Sài Gòn,7320108,Quan hệ công chúng,A00,2025,16.0,,THPT
SIU,Trường Đại học Tư thục Quốc Tế Sài Gòn,7320108,Quan hệ công chúng,A01,2025,16.0,,THPT
SIU,Đại học Quốc tế Sài Gòn,7320108,Quan hệ công chúng,A01,2025,16.0,,THPT
SIU,Trường Đại học Tư thục Quốc Tế Sài Gòn,7320108,Quan hệ công chúng,C00,2025,16.0,,THPT
SIU,Đại học Quốc tế Sài Gòn,7320108,Quan hệ công chúng,C00,2025,16.0,,THPT
SIU,Trường Đại học Tư thục Quốc Tế Sài Gòn,7320108,Quan hệ công chúng,D01,2025,16.0,,THPT
SIU,Đại học Quốc tế Sài Gòn,7320108,Quan hệ công chúng,D01,2025,16.0,,THPT
SIU,Đại học Quốc tế Sài Gòn,7340101,Quản trị Kinh doanh,A00,2025,15.0,,THPT
SIU,Trường Đại học Tư thục Quốc Tế Sài Gòn,7340101,Quản trị kinh doanh,A00,2025,15.0,,THPT
SIU,Trường Đại học Tư thục Quốc Tế Sài Gòn,7340101,Quản trị kinh doanh,A01,2025,15.0,,THPT
SIU,Đại học Quốc tế Sài Gòn,7340101,Quản trị Kinh doanh,A01,2025,15.0,,THPT
SIU,Trường Đại học Tư thục Quốc Tế Sài Gòn,7340101,Quản trị kinh doanh,D01,2025,15.0,,THPT
SIU,Đại học Quốc tế Sài Gòn,7340101,Quản trị Kinh doanh,D01,2025,15.0,,THPT
SIU,Đại học Quốc tế Sài Gòn,7340122,Thương mại điện tử,A00,2025,15.0,,THPT
SIU,Trường Đại học Tư thục Quốc Tế Sài Gòn,7340122,Thương mại điện tử,A00,2025,15.0,,THPT
SIU,Trường Đại học Tư thục Quốc Tế Sài Gòn,7340122,Thương mại điện tử,A01,2025,15.0,,THPT
SIU,Đại học Quốc tế Sài Gòn,7340122,Thương mại điện tử,A01,2025,15.0,,THPT
SIU,Trường Đại học Tư thục Quốc Tế Sài Gòn,7340122,Thương mại điện tử,D01,2025,15.0,,THPT
SIU,Đại học Quốc tế Sài Gòn,7340122,Thương mại điện tử,D01,2025,15.0,,THPT
SIU,Đại học Quốc tế Sài Gòn,7340301,Kế toán,A00,2025,15.0,,THPT
SIU,Trường Đại học Tư thục Quốc Tế Sài Gòn,7340301,Kế toán,A00,2025,15.0,,THPT
SIU,Trường Đại học Tư thục Quốc Tế Sài Gòn,7340301,Kế toán,A01,2025,15.0,,THPT
SIU,Đại học Quốc tế Sài Gòn,7340301,Kế toán,A01,2025,15.0,,THPT
SIU,Trường Đại học Tư thục Quốc Tế Sài Gòn,7340301,Kế toán,D01,2025,15.0,,THPT
SIU,Đại học Quốc tế Sài Gòn,7340301,Kế toán,D01,2025,15.0,,THPT
SIU,Trường Đại học Tư thục Quốc Tế Sài Gòn,7340301,Kế toán,D07,2025,15.0,,THPT
SIU,Đại học Quốc tế Sài Gòn,7340301,Kế toán,D07,2025,15.0,,THPT
SIU,Đại học Quốc tế Sài Gòn,7380107,Luật kinh tế,A00,2025,18.0,,THPT
SIU,Trường Đại học Tư thục Quốc Tế Sài Gòn,7380107,Luật kinh tế,A00,2025,18.0,,THPT
SIU,Trường Đại học Tư thục Quốc Tế Sài Gòn,7380107,Luật kinh tế,A01,2025,18.0,,THPT
SIU,Đại học Quốc tế Sài Gòn,7380107,Luật kinh tế,A01,2025,18.0,,THPT
SIU,Trường Đại học Tư thục Quốc Tế Sài Gòn,7380107,Luật kinh tế,C00,2025,18.0,,THPT
SIU,Đại học Quốc tế Sài Gòn,7380107,Luật kinh tế,C00,2025,18.0,,THPT
SIU,Trường Đại học Tư thục Quốc Tế Sài Gòn,7380107,Luật kinh tế,D01,2025,18.0,,THPT
SIU,Đại học Quốc tế Sài Gòn,7380107,Luật kinh tế,D01,2025,18.0,,THPT
SIU,Đại học Quốc tế Sài Gòn,7480101,Khoa học máy tính,A00,2025,16.0,,THPT
SIU,Trường Đại học Tư thục Quốc Tế Sài Gòn,7480101,Khoa học máy tính,A00,2025,16.0,,THPT
SIU,Trường Đại học Tư thục Quốc Tế Sài Gòn,7480101,Khoa học máy tính,A01,2025,16.0,,THPT
SIU,Đại học Quốc tế Sài Gòn,7480101,Khoa học máy tính,A01,2025,16.0,,THPT
SIU,Trường Đại học Tư thục Quốc Tế Sài Gòn,7480101,Khoa học máy tính,D07,2025,16.0,,THPT
SIU,Đại học Quốc tế Sài Gòn,7480101,Khoa học máy tính,D07,2025,16.0,,THPT
SIU,Đại học Quốc tế Sài Gòn,7480201,Công nghệ thông tin,A00,2025,16.0,,THPT
SIU,Trường Đại học Tư thục Quốc Tế Sài Gòn,7480201,Công nghệ thông tin,A00,2025,16.0,,THPT
SIU,Trường Đại học Tư thục Quốc Tế Sài Gòn,7480201,Công nghệ thông tin,A01,2025,16.0,,THPT
SIU,Đại học Quốc tế Sài Gòn,7480201,Công nghệ thông tin,A01,2025,16.0,,THPT
SIU,Trường Đại học Tư thục Quốc Tế Sài Gòn,7480201,Công nghệ thông tin,D01,2025,16.0,,THPT
SIU,Đại học Quốc tế Sài Gòn,7480201,Công nghệ thông tin,D01,2025,16.0,,THPT
SIU,Trường Đại học Tư thục Quốc Tế Sài Gòn,7480201,Công nghệ thông tin,D07,2025,16.0,,THPT
SIU,Đại học Quốc tế Sài Gòn,7480201,Công nghệ thông tin,D07,2025,16.0,,THPT
SIU,Đại học Quốc tế Sài Gòn,7510605,Logistics và Quản lý chuỗi cung ứng,A00,2025,16.0,,THPT
SIU,Trường Đại học Tư thục Quốc Tế Sài Gòn,7510605,Logistics và quản lý chuỗi cung ứng,A00,2025,16.0,,THPT
SIU,Trường Đại học Tư thục Quốc Tế Sài Gòn,7510605,Logistics và quản lý chuỗi cung ứng,A01,2025,16.0,,THPT
SIU,Đại học Quốc tế Sài Gòn,7510605,Logistics và Quản lý chuỗi cung ứng,A01,2025,16.0,,THPT
SIU,Trường Đại học Tư thục Quốc Tế Sài Gòn,7510605,Logistics và quản lý chuỗi cung ứng,D01,2025,16.0,,THPT
SIU,Đại học Quốc tế Sài Gòn,7510605,Logistics và Quản lý chuỗi cung ứng,D01,2025,16.0,,THPT
SIU,Đại học Quốc tế Sài Gòn,7810201,Quản trị khách sạn,A00,2025,15.0,,THPT
SIU,Trường Đại học Tư thục Quốc Tế Sài Gòn,7810201,Quản trị khách sạn,A00,2025,15.0,,THPT
SIU,Trường Đại học Tư thục Quốc Tế Sài Gòn,7810201,Quản trị khách sạn,A01,2025,15.0,,THPT
SIU,Đại học Quốc tế Sài Gòn,7810201,Quản trị khách sạn,A01,2025,15.0,,THPT
SIU,Trường Đại học Tư thục Quốc Tế Sài Gòn,7810201,Quản trị khách sạn,C00,2025,15.0,,THPT
SIU,Đại học Quốc tế Sài Gòn,7810201,Quản trị khách sạn,C00,2025,15.0,,THPT
SIU,Trường Đại học Tư thục Quốc Tế Sài Gòn,7810201,Quản trị khách sạn,D01,2025,15.0,,THPT
SIU,Đại học Quốc tế Sài Gòn,7810201,Quản trị khách sạn,D01,2025,15.0,,THPT
SKH,Đại học Sư phạm Kỹ thuật Hưng Yên,7140103,Công nghệ Giáo dục,A00,2025,15.0,,THPT
SKH,Trường Đại Học Sư Phạm Kỹ Thuật Hưng Yên,7140103,Công nghệ giáo dục,A00,2025,15.0,,THPT
SKH,Trường Đại Học Sư Phạm Kỹ Thuật Hưng Yên,7140103,Công nghệ giáo dục,A01,2025,15.0,,THPT
SKH,Đại học Sư phạm Kỹ thuật Hưng Yên,7140103,Công nghệ Giáo dục,A01,2025,15.0,,THPT
SKH,Trường Đại Học Sư Phạm Kỹ Thuật Hưng Yên,7140103,Công nghệ giáo dục,D01,2025,15.0,,THPT
SKH,Đại học Sư phạm Kỹ thuật Hưng Yên,7140103,Công nghệ Giáo dục,D01,2025,15.0,,THPT
SKH,Trường Đại Học Sư Phạm Kỹ Thuật Hưng Yên,7140103,Công nghệ giáo dục,D07,2025,15.0,,THPT
SKH,Đại học Sư phạm Kỹ thuật Hưng Yên,7140103,Công nghệ Giáo dục,D07,2025,15.0,,THPT
SKH,Đại học Sư phạm Kỹ thuật Hưng Yên,7140231,Sư phạm Tiếng Anh,A01,2025,26.7,,THPT
SKH,Trường Đại Học Sư Phạm Kỹ Thuật Hưng Yên,7140231,Sư phạm Tiếng Anh,A01,2025,26.7,,THPT
SKH,Trường Đại Học Sư Phạm Kỹ Thuật Hưng Yên,7140231,Sư phạm Tiếng Anh,D01,2025,26.7,,THPT
SKH,Đại học Sư phạm Kỹ thuật Hưng Yên,7140231,Sư phạm Tiếng Anh,D01,2025,26.7,,THPT
SKH,Trường Đại Học Sư Phạm Kỹ Thuật Hưng Yên,7140231,Sư phạm Tiếng Anh,D09,2025,26.7,,THPT
SKH,Đại học Sư phạm Kỹ thuật Hưng Yên,7140231,Sư phạm Tiếng Anh,D09,2025,26.7,,THPT
SKH,Trường Đại Học Sư Phạm Kỹ Thuật Hưng Yên,7140231,Sư phạm Tiếng Anh,D10,2025,26.7,,THPT
SKH,Đại học Sư phạm Kỹ thuật Hưng Yên,7140231,Sư phạm Tiếng Anh,D10,2025,26.7,,THPT
SKH,Đại học Sư phạm Kỹ thuật Hưng Yên,7140246,Sư phạm công nghệ,A00,2025,23.0,,THPT
SKH,Trường Đại Học Sư Phạm Kỹ Thuật Hưng Yên,7140246,Sư phạm công nghệ,A00,2025,23.0,,THPT
SKH,Trường Đại Học Sư Phạm Kỹ Thuật Hưng Yên,7140246,Sư phạm công nghệ,A01,2025,23.0,,THPT
SKH,Đại học Sư phạm Kỹ thuật Hưng Yên,7140246,Sư phạm công nghệ,A01,2025,23.0,,THPT
SKH,Trường Đại Học Sư Phạm Kỹ Thuật Hưng Yên,7140246,Sư phạm công nghệ,D01,2025,23.0,,THPT
SKH,Đại học Sư phạm Kỹ thuật Hưng Yên,7140246,Sư phạm công nghệ,D01,2025,23.0,,THPT
SKH,Trường Đại Học Sư Phạm Kỹ Thuật Hưng Yên,7140246,Sư phạm công nghệ,D07,2025,23.0,,THPT
SKH,Đại học Sư phạm Kỹ thuật Hưng Yên,7140246,Sư phạm công nghệ,D07,2025,23.0,,THPT
SKH,Đại học Sư phạm Kỹ thuật Hưng Yên,7220201,Ngôn ngữ Anh,A01,2025,15.0,,THPT
SKH,Trường Đại Học Sư Phạm Kỹ Thuật Hưng Yên,7220201,Ngôn ngữ Anh,A01,2025,15.0,,THPT
SKH,Trường Đại Học Sư Phạm Kỹ Thuật Hưng Yên,7220201,Ngôn ngữ Anh,D01,2025,15.0,,THPT
SKH,Đại học Sư phạm Kỹ thuật Hưng Yên,7220201,Ngôn ngữ Anh,D01,2025,15.0,,THPT
SKH,Trường Đại Học Sư Phạm Kỹ Thuật Hưng Yên,7220201,Ngôn ngữ Anh,D09,2025,15.0,,THPT
SKH,Đại học Sư phạm Kỹ thuật Hưng Yên,7220201,Ngôn ngữ Anh,D09,2025,15.0,,THPT
SKH,Trường Đại Học Sư Phạm Kỹ Thuật Hưng Yên,7220201,Ngôn ngữ Anh,D10,2025,15.0,,THPT
SKH,Đại học Sư phạm Kỹ thuật Hưng Yên,7220201,Ngôn ngữ Anh,D10,2025,15.0,,THPT
SKH,Đại học Sư phạm Kỹ thuật Hưng Yên,7220204,Ngôn ngữ Trung Quốc,A01,2025,22.0,,THPT
SKH,Trường Đại Học Sư Phạm Kỹ Thuật Hưng Yên,7220204,Ngôn ngữ Trung Quốc,A01,2025,22.0,,THPT
SKH,Trường Đại Học Sư Phạm Kỹ Thuật Hưng Yên,7220204,Ngôn ngữ Trung Quốc,D01,2025,22.0,,THPT
SKH,Đại học Sư phạm Kỹ thuật Hưng Yên,7220204,Ngôn ngữ Trung Quốc,D01,2025,22.0,,THPT
SKH,Đại học Sư phạm Kỹ thuật Hưng Yên,7220204,Ngôn ngữ Trung Quốc,D09,2025,22.0,,THPT
SKH,Trường Đại Học Sư Phạm Kỹ Thuật Hưng Yên,7220204,Ngôn ngữ Trung Quốc,D10,2025,22.0,,THPT
SKH,Đại học Sư phạm Kỹ thuật Hưng Yên,7220204,Ngôn ngữ Trung Quốc,D10,2025,22.0,,THPT
SKH,Đại học Sư phạm Kỹ thuật Hưng Yên,7310101,Kinh tế,A00,2025,18.0,,THPT
SKH,Trường Đại Học Sư Phạm Kỹ Thuật Hưng Yên,7310101,Kinh tế,A00,2025,18.0,,THPT
SKH,Trường Đại Học Sư Phạm Kỹ Thuật Hưng Yên,7310101,Kinh tế,A01,2025,18.0,,THPT
SKH,Đại học Sư phạm Kỹ thuật Hưng Yên,7310101,Kinh tế,A01,2025,18.0,,THPT
SKH,Trường Đại Học Sư Phạm Kỹ Thuật Hưng Yên,7310101,Kinh tế,D01,2025,18.0,,THPT
SKH,Đại học Sư phạm Kỹ thuật Hưng Yên,7310101,Kinh tế,D01,2025,18.0,,THPT
SKH,Trường Đại Học Sư Phạm Kỹ Thuật Hưng Yên,7310101,Kinh tế,D07,2025,18.0,,THPT
SKH,Đại học Sư phạm Kỹ thuật Hưng Yên,7310101,Kinh tế,D07,2025,18.0,,THPT
SKH,Đại học Sư phạm Kỹ thuật Hưng Yên,7340101,Quản trị Kinh doanh,A00,2025,15.0,,THPT
SKH,Trường Đại Học Sư Phạm Kỹ Thuật Hưng Yên,7340101,Quản trị kinh doanh,A00,2025,15.0,,THPT
SKH,Trường Đại Học Sư Phạm Kỹ Thuật Hưng Yên,7340101,Quản trị kinh doanh,A01,2025,15.0,,THPT
SKH,Đại học Sư phạm Kỹ thuật Hưng Yên,7340101,Quản trị Kinh doanh,A01,2025,15.0,,THPT
SKH,Trường Đại Học Sư Phạm Kỹ Thuật Hưng Yên,7340101,Quản trị kinh doanh,D01,2025,15.0,,THPT
SKH,Đại học Sư phạm Kỹ thuật Hưng Yên,7340101,Quản trị Kinh doanh,D01,2025,15.0,,THPT
SKH,Trường Đại Học Sư Phạm Kỹ Thuật Hưng Yên,7340101,Quản trị kinh doanh,D07,2025,15.0,,THPT
SKH,Đại học Sư phạm Kỹ thuật Hưng Yên,7340101,Quản trị Kinh doanh,D07,2025,15.0,,THPT
SKH,Đại học Sư phạm Kỹ thuật Hưng Yên,7340123,Kinh doanh thời trang và Dệt may,A00,2025,15.0,,THPT
SKH,Trường Đại Học Sư Phạm Kỹ Thuật Hưng Yên,7340123,Kinh doanh thời trang và Dệt may,A00,2025,15.0,,THPT
SKH,Trường Đại Học Sư Phạm Kỹ Thuật Hưng Yên,7340123,Kinh doanh thời trang và Dệt may,A01,2025,15.0,,THPT
SKH,Đại học Sư phạm Kỹ thuật Hưng Yên,7340123,Kinh doanh thời trang và Dệt may,A01,2025,15.0,,THPT
SKH,Trường Đại Học Sư Phạm Kỹ Thuật Hưng Yên,7340123,Kinh doanh thời trang và Dệt may,D01,2025,15.0,,THPT
SKH,Đại học Sư phạm Kỹ thuật Hưng Yên,7340123,Kinh doanh thời trang và Dệt may,D01,2025,15.0,,THPT
SKH,Trường Đại Học Sư Phạm Kỹ Thuật Hưng Yên,7340123,Kinh doanh thời trang và Dệt may,D07,2025,15.0,,THPT
SKH,Đại học Sư phạm Kỹ thuật Hưng Yên,7340123,Kinh doanh thời trang và Dệt may,D07,2025,15.0,,THPT
SKH,Đại học Sư phạm Kỹ thuật Hưng Yên,7340301,Kế toán,A00,2025,15.0,,THPT
SKH,Trường Đại Học Sư Phạm Kỹ Thuật Hưng Yên,7340301,Kế toán,A00,2025,15.0,,THPT
SKH,Trường Đại Học Sư Phạm Kỹ Thuật Hưng Yên,7340301,Kế toán,A01,2025,15.0,,THPT
SKH,Đại học Sư phạm Kỹ thuật Hưng Yên,7340301,Kế toán,A01,2025,15.0,,THPT
SKH,Trường Đại Học Sư Phạm Kỹ Thuật Hưng Yên,7340301,Kế toán,D01,2025,15.0,,THPT
SKH,Đại học Sư phạm Kỹ thuật Hưng Yên,7340301,Kế toán,D01,2025,15.0,,THPT
SKH,Trường Đại Học Sư Phạm Kỹ Thuật Hưng Yên,7340301,Kế toán,D07,2025,15.0,,THPT
SKH,Đại học Sư phạm Kỹ thuật Hưng Yên,7340301,Kế toán,D07,2025,15.0,,THPT
SKH,Đại học Sư phạm Kỹ thuật Hưng Yên,7480101,Khoa học máy tính,A00,2025,16.0,,THPT
SKH,Trường Đại Học Sư Phạm Kỹ Thuật Hưng Yên,7480101,Khoa học máy tính,A00,2025,16.0,,THPT
SKH,Trường Đại Học Sư Phạm Kỹ Thuật Hưng Yên,7480101,Khoa học máy tính,A01,2025,16.0,,THPT
SKH,Đại học Sư phạm Kỹ thuật Hưng Yên,7480101,Khoa học máy tính,A01,2025,16.0,,THPT
SKH,Trường Đại Học Sư Phạm Kỹ Thuật Hưng Yên,7480101,Khoa học máy tính,D01,2025,16.0,,THPT
SKH,Đại học Sư phạm Kỹ thuật Hưng Yên,7480101,Khoa học máy tính,D01,2025,16.0,,THPT
SKH,Trường Đại Học Sư Phạm Kỹ Thuật Hưng Yên,7480101,Khoa học máy tính,D07,2025,16.0,,THPT
SKH,Đại học Sư phạm Kỹ thuật Hưng Yên,7480101,Khoa học máy tính,D07,2025,16.0,,THPT
SKH,Đại học Sư phạm Kỹ thuật Hưng Yên,7480103,Kỹ thuật phần mềm,A00,2025,16.0,,THPT
SKH,Trường Đại Học Sư Phạm Kỹ Thuật Hưng Yên,7480103,Kỹ thuật phần mềm,A00,2025,16.0,,THPT
SKH,Trường Đại Học Sư Phạm Kỹ Thuật Hưng Yên,7480103,Kỹ thuật phần mềm,A01,2025,16.0,,THPT
SKH,Đại học Sư phạm Kỹ thuật Hưng Yên,7480103,Kỹ thuật phần mềm,A01,2025,16.0,,THPT
SKH,Trường Đại Học Sư Phạm Kỹ Thuật Hưng Yên,7480103,Kỹ thuật phần mềm,D01,2025,16.0,,THPT
SKH,Đại học Sư phạm Kỹ thuật Hưng Yên,7480103,Kỹ thuật phần mềm,D01,2025,16.0,,THPT
SKH,Trường Đại Học Sư Phạm Kỹ Thuật Hưng Yên,7480103,Kỹ thuật phần mềm,D07,2025,16.0,,THPT
SKH,Đại học Sư phạm Kỹ thuật Hưng Yên,7480103,Kỹ thuật phần mềm,D07,2025,16.0,,THPT
SKH,Đại học Sư phạm Kỹ thuật Hưng Yên,7480201,Công nghệ thông tin,A00,2025,16.0,,THPT
SKH,Trường Đại Học Sư Phạm Kỹ Thuật Hưng Yên,7480201,Công nghệ thông tin,A00,2025,16.0,,THPT
SKH,Trường Đại Học Sư Phạm Kỹ Thuật Hưng Yên,7480201,Công nghệ thông tin,A01,2025,16.0,,THPT
SKH,Đại học Sư phạm Kỹ thuật Hưng Yên,7480201,Công nghệ thông tin,A01,2025,16.0,,THPT
SKH,Trường Đại Học Sư Phạm Kỹ Thuật Hưng Yên,7480201,Công nghệ thông tin,D01,2025,16.0,,THPT
SKH,Đại học Sư phạm Kỹ thuật Hưng Yên,7480201,Công nghệ thông tin,D01,2025,16.0,,THPT
SKH,Trường Đại Học Sư Phạm Kỹ Thuật Hưng Yên,7480201,Công nghệ thông tin,D07,2025,16.0,,THPT
SKH,Đại học Sư phạm Kỹ thuật Hưng Yên,7480201,Công nghệ thông tin,D07,2025,16.0,,THPT
SKH,Đại học Sư phạm Kỹ thuật Hưng Yên,7510201,Công nghệ kỹ thuật cơ khí (chuyên ngành Cơ khí chế tạo),A00,2025,17.0,,THPT
SKH,Trường Đại Học Sư Phạm Kỹ Thuật Hưng Yên,7510201,Công nghệ kỹ thuật cơ khí,A00,2025,17.0,,THPT
SKH,Trường Đại Học Sư Phạm Kỹ Thuật Hưng Yên,7510201,Công nghệ kỹ thuật cơ khí,A01,2025,17.0,,THPT
SKH,Đại học Sư phạm Kỹ thuật Hưng Yên,7510201,Công nghệ kỹ thuật cơ khí (chuyên ngành Cơ khí chế tạo),A01,2025,17.0,,THPT
SKH,Trường Đại Học Sư Phạm Kỹ Thuật Hưng Yên,7510201,Công nghệ kỹ thuật cơ khí,D01,2025,17.0,,THPT
SKH,Đại học Sư phạm Kỹ thuật Hưng Yên,7510201,Công nghệ kỹ thuật cơ khí (chuyên ngành Cơ khí chế tạo),D01,2025,17.0,,THPT
SKH,Trường Đại Học Sư Phạm Kỹ Thuật Hưng Yên,7510201,Công nghệ kỹ thuật cơ khí,D07,2025,17.0,,THPT
SKH,Đại học Sư phạm Kỹ thuật Hưng Yên,7510201,Công nghệ kỹ thuật cơ khí (chuyên ngành Cơ khí chế tạo),D07,2025,17.0,,THPT
SKH,Đại học Sư phạm Kỹ thuật Hưng Yên,7510202,Công nghệ chế tạo máy,A00,2025,16.0,,THPT
SKH,Trường Đại Học Sư Phạm Kỹ Thuật Hưng Yên,7510202,Công nghệ chế tạo máy,A00,2025,16.0,,THPT
SKH,Trường Đại Học Sư Phạm Kỹ Thuật Hưng Yên,7510202,Công nghệ chế tạo máy,A01,2025,16.0,,THPT
SKH,Đại học Sư phạm Kỹ thuật Hưng Yên,7510202,Công nghệ chế tạo máy,A01,2025,16.0,,THPT
SKH,Trường Đại Học Sư Phạm Kỹ Thuật Hưng Yên,7510202,Công nghệ chế tạo máy,D01,2025,16.0,,THPT
SKH,Đại học Sư phạm Kỹ thuật Hưng Yên,7510202,Công nghệ chế tạo máy,D01,2025,16.0,,THPT
SKH,Trường Đại Học Sư Phạm Kỹ Thuật Hưng Yên,7510202,Công nghệ chế tạo máy,D07,2025,16.0,,THPT
SKH,Đại học Sư phạm Kỹ thuật Hưng Yên,7510202,Công nghệ chế tạo máy,D07,2025,16.0,,THPT
SKH,Đại học Sư phạm Kỹ thuật Hưng Yên,7510203,Công nghệ kỹ thuật cơ điện tử,A00,2025,18.0,,THPT
SKH,Trường Đại Học Sư Phạm Kỹ Thuật Hưng Yên,7510203,Công nghệ kỹ thuật cơ điện tử,A00,2025,18.0,,THPT
SKH,Trường Đại Học Sư Phạm Kỹ Thuật Hưng Yên,7510203,Công nghệ kỹ thuật cơ điện tử,A01,2025,18.0,,THPT
SKH,Đại học Sư phạm Kỹ thuật Hưng Yên,7510203,Công nghệ kỹ thuật cơ điện tử,A01,2025,18.0,,THPT
SKH,Trường Đại Học Sư Phạm Kỹ Thuật Hưng Yên,7510203,Công nghệ kỹ thuật cơ điện tử,D01,2025,18.0,,THPT
SKH,Đại học Sư phạm Kỹ thuật Hưng Yên,7510203,Công nghệ kỹ thuật cơ điện tử,D01,2025,18.0,,THPT
SKH,Trường Đại Học Sư Phạm Kỹ Thuật Hưng Yên,7510203,Công nghệ kỹ thuật cơ điện tử,D07,2025,18.0,,THPT
SKH,Đại học Sư phạm Kỹ thuật Hưng Yên,7510203,Công nghệ kỹ thuật cơ điện tử,D07,2025,18.0,,THPT
SKH,Đại học Sư phạm Kỹ thuật Hưng Yên,7510205,Công nghệ kỹ thuật ô tô,A00,2025,18.0,,THPT
SKH,Trường Đại Học Sư Phạm Kỹ Thuật Hưng Yên,7510205,Công nghệ kỹ thuật ô tô,A00,2025,18.0,,THPT
SKH,Trường Đại Học Sư Phạm Kỹ Thuật Hưng Yên,7510205,Công nghệ kỹ thuật ô tô,A01,2025,18.0,,THPT
SKH,Đại học Sư phạm Kỹ thuật Hưng Yên,7510205,Công nghệ kỹ thuật ô tô,A01,2025,18.0,,THPT
SKH,Trường Đại Học Sư Phạm Kỹ Thuật Hưng Yên,7510205,Công nghệ kỹ thuật ô tô,D01,2025,18.0,,THPT
SKH,Đại học Sư phạm Kỹ thuật Hưng Yên,7510205,Công nghệ kỹ thuật ô tô,D01,2025,18.0,,THPT
SKH,Trường Đại Học Sư Phạm Kỹ Thuật Hưng Yên,7510205,Công nghệ kỹ thuật ô tô,D07,2025,18.0,,THPT
SKH,Đại học Sư phạm Kỹ thuật Hưng Yên,7510205,Công nghệ kỹ thuật ô tô,D07,2025,18.0,,THPT
SKH,Đại học Sư phạm Kỹ thuật Hưng Yên,7510210,Công thôn,A00,2025,17.0,,THPT
SKH,Trường Đại Học Sư Phạm Kỹ Thuật Hưng Yên,7510210,Điện lạnh và điều hòa không khí,A00,2025,17.0,,THPT
SKH,Trường Đại Học Sư Phạm Kỹ Thuật Hưng Yên,7510210,Điện lạnh và điều hòa không khí,A01,2025,17.0,,THPT
SKH,Đại học Sư phạm Kỹ thuật Hưng Yên,7510210,Công thôn,A01,2025,17.0,,THPT
SKH,Trường Đại Học Sư Phạm Kỹ Thuật Hưng Yên,7510210,Điện lạnh và điều hòa không khí,D01,2025,17.0,,THPT
SKH,Đại học Sư phạm Kỹ thuật Hưng Yên,7510210,Công thôn,D01,2025,17.0,,THPT
SKH,Trường Đại Học Sư Phạm Kỹ Thuật Hưng Yên,7510210,Điện lạnh và điều hòa không khí,D07,2025,17.0,,THPT
SKH,Đại học Sư phạm Kỹ thuật Hưng Yên,7510210,Công thôn,D07,2025,17.0,,THPT
SKH,Đại học Sư phạm Kỹ thuật Hưng Yên,7510301,"Công nghệ kỹ thuật điện, điện tử",A00,2025,18.5,,THPT
SKH,Trường Đại Học Sư Phạm Kỹ Thuật Hưng Yên,7510301,"Công nghệ kỹ thuật điện, điện tử",A00,2025,18.5,,THPT
SKH,Trường Đại Học Sư Phạm Kỹ Thuật Hưng Yên,7510301,"Công nghệ kỹ thuật điện, điện tử",A01,2025,18.5,,THPT
SKH,Đại học Sư phạm Kỹ thuật Hưng Yên,7510301,"Công nghệ kỹ thuật điện, điện tử",A01,2025,18.5,,THPT
SKH,Trường Đại Học Sư Phạm Kỹ Thuật Hưng Yên,7510301,"Công nghệ kỹ thuật điện, điện tử",D01,2025,18.5,,THPT
SKH,Đại học Sư phạm Kỹ thuật Hưng Yên,7510301,"Công nghệ kỹ thuật điện, điện tử",D01,2025,18.5,,THPT
SKH,Trường Đại Học Sư Phạm Kỹ Thuật Hưng Yên,7510301,"Công nghệ kỹ thuật điện, điện tử",D07,2025,18.5,,THPT
SKH,Đại học Sư phạm Kỹ thuật Hưng Yên,7510301,"Công nghệ kỹ thuật điện, điện tử",D07,2025,18.5,,THPT
SKH,Đại học Sư phạm Kỹ thuật Hưng Yên,7510302,Điện tử - viễn thông,A00,2025,16.0,,THPT
SKH,Trường Đại Học Sư Phạm Kỹ Thuật Hưng Yên,7510302,Công nghệ kỹ thuật điện tử - viễn thông,A00,2025,16.0,,THPT
SKH,Trường Đại Học Sư Phạm Kỹ Thuật Hưng Yên,7510302,Công nghệ kỹ thuật điện tử - viễn thông,A01,2025,16.0,,THPT
SKH,Đại học Sư phạm Kỹ thuật Hưng Yên,7510302,Điện tử - viễn thông,A01,2025,16.0,,THPT
SKH,Trường Đại Học Sư Phạm Kỹ Thuật Hưng Yên,7510302,Công nghệ kỹ thuật điện tử - viễn thông,D01,2025,16.0,,THPT
SKH,Đại học Sư phạm Kỹ thuật Hưng Yên,7510302,Điện tử - viễn thông,D01,2025,16.0,,THPT
SKH,Trường Đại Học Sư Phạm Kỹ Thuật Hưng Yên,7510302,Công nghệ kỹ thuật điện tử - viễn thông,D07,2025,16.0,,THPT
SKH,Đại học Sư phạm Kỹ thuật Hưng Yên,7510302,Điện tử - viễn thông,D07,2025,16.0,,THPT
SKH,Đại học Sư phạm Kỹ thuật Hưng Yên,7510303,Công nghệ kỹ thuật điều khiển và tự động hóa,A00,2025,20.5,,THPT
SKH,Trường Đại Học Sư Phạm Kỹ Thuật Hưng Yên,7510303,Công nghệ kỹ thuật điều khiển và TĐH,A00,2025,20.5,,THPT
SKH,Trường Đại Học Sư Phạm Kỹ Thuật Hưng Yên,7510303,Công nghệ kỹ thuật điều khiển và TĐH,A01,2025,20.5,,THPT
SKH,Đại học Sư phạm Kỹ thuật Hưng Yên,7510303,Công nghệ kỹ thuật điều khiển và tự động hóa,A01,2025,20.5,,THPT
SKH,Trường Đại Học Sư Phạm Kỹ Thuật Hưng Yên,7510303,Công nghệ kỹ thuật điều khiển và TĐH,D01,2025,20.5,,THPT
SKH,Đại học Sư phạm Kỹ thuật Hưng Yên,7510303,Công nghệ kỹ thuật điều khiển và tự động hóa,D01,2025,20.5,,THPT
SKH,Trường Đại Học Sư Phạm Kỹ Thuật Hưng Yên,7510303,Công nghệ kỹ thuật điều khiển và TĐH,D07,2025,20.5,,THPT
SKH,Đại học Sư phạm Kỹ thuật Hưng Yên,7510303,Công nghệ kỹ thuật điều khiển và tự động hóa,D07,2025,20.5,,THPT
SKH,Đại học Sư phạm Kỹ thuật Hưng Yên,7510401,Công nghệ kỹ thuật hoá học,A00,2025,15.0,,THPT
SKH,Trường Đại Học Sư Phạm Kỹ Thuật Hưng Yên,7510401,Công nghệ kỹ thuật hoá học,A00,2025,15.0,,THPT
SKH,Trường Đại Học Sư Phạm Kỹ Thuật Hưng Yên,7510401,Công nghệ kỹ thuật hoá học,B00,2025,15.0,,THPT
SKH,Đại học Sư phạm Kỹ thuật Hưng Yên,7510401,Công nghệ kỹ thuật hoá học,B00,2025,15.0,,THPT
SKH,Trường Đại Học Sư Phạm Kỹ Thuật Hưng Yên,7510401,Công nghệ kỹ thuật hoá học,D01,2025,15.0,,THPT
SKH,Trường Đại Học Sư Phạm Kỹ Thuật Hưng Yên,7510401,Công nghệ kỹ thuật hoá học,D07,2025,15.0,,THPT
SKH,Đại học Sư phạm Kỹ thuật Hưng Yên,7510401,Công nghệ kỹ thuật hoá học,D07,2025,15.0,,THPT
SKH,Đại học Sư phạm Kỹ thuật Hưng Yên,7520107,Kỹ thuật Robot,A00,2025,15.0,,THPT
SKH,Trường Đại Học Sư Phạm Kỹ Thuật Hưng Yên,7520107,Kỹ thuật Robot,A00,2025,15.0,,THPT
SKH,Trường Đại Học Sư Phạm Kỹ Thuật Hưng Yên,7520107,Kỹ thuật Robot,A01,2025,15.0,,THPT
SKH,Đại học Sư phạm Kỹ thuật Hưng Yên,7520107,Kỹ thuật Robot,A01,2025,15.0,,THPT
SKH,Trường Đại Học Sư Phạm Kỹ Thuật Hưng Yên,7520107,Kỹ thuật Robot,D01,2025,15.0,,THPT
SKH,Đại học Sư phạm Kỹ thuật Hưng Yên,7520107,Kỹ thuật Robot,D01,2025,15.0,,THPT
SKH,Trường Đại Học Sư Phạm Kỹ Thuật Hưng Yên,7520107,Kỹ thuật Robot,D07,2025,15.0,,THPT
SKH,Đại học Sư phạm Kỹ thuật Hưng Yên,7520107,Kỹ thuật Robot,D07,2025,15.0,,THPT
SKH,Đại học Sư phạm Kỹ thuật Hưng Yên,7520118,Kỹ thuật hệ thống công nghiệp,A00,2025,15.0,,THPT
SKH,Trường Đại Học Sư Phạm Kỹ Thuật Hưng Yên,7520118,Kỹ thuật hệ thống công nghiệp,A00,2025,15.0,,THPT
SKH,Trường Đại Học Sư Phạm Kỹ Thuật Hưng Yên,7520118,Kỹ thuật hệ thống công nghiệp,A01,2025,15.0,,THPT
SKH,Đại học Sư phạm Kỹ thuật Hưng Yên,7520118,Kỹ thuật hệ thống công nghiệp,A01,2025,15.0,,THPT
SKH,Trường Đại Học Sư Phạm Kỹ Thuật Hưng Yên,7520118,Kỹ thuật hệ thống công nghiệp,D01,2025,15.0,,THPT
SKH,Đại học Sư phạm Kỹ thuật Hưng Yên,7520118,Kỹ thuật hệ thống công nghiệp,D01,2025,15.0,,THPT
SKH,Trường Đại Học Sư Phạm Kỹ Thuật Hưng Yên,7520118,Kỹ thuật hệ thống công nghiệp,D07,2025,15.0,,THPT
SKH,Đại học Sư phạm Kỹ thuật Hưng Yên,7520118,Kỹ thuật hệ thống công nghiệp,D07,2025,15.0,,THPT
SKH,Đại học Sư phạm Kỹ thuật Hưng Yên,7540103,Công nghệ thực phẩm,A00,2025,15.0,,THPT
SKH,Trường Đại Học Sư Phạm Kỹ Thuật Hưng Yên,7540103,Công nghệ hóa thực phẩm,A00,2025,15.0,,THPT
SKH,Trường Đại Học Sư Phạm Kỹ Thuật Hưng Yên,7540103,Công nghệ hóa thực phẩm,B00,2025,15.0,,THPT
SKH,Đại học Sư phạm Kỹ thuật Hưng Yên,7540103,Công nghệ thực phẩm,B00,2025,15.0,,THPT
SKH,Trường Đại Học Sư Phạm Kỹ Thuật Hưng Yên,7540103,Công nghệ hóa thực phẩm,D01,2025,15.0,,THPT
SKH,Trường Đại Học Sư Phạm Kỹ Thuật Hưng Yên,7540103,Công nghệ hóa thực phẩm,D07,2025,15.0,,THPT
SKH,Đại học Sư phạm Kỹ thuật Hưng Yên,7540103,Công nghệ thực phẩm,D07,2025,15.0,,THPT
SKH,Đại học Sư phạm Kỹ thuật Hưng Yên,7540209,Công nghệ may,A00,2025,15.0,,THPT
SKH,Trường Đại Học Sư Phạm Kỹ Thuật Hưng Yên,7540209,Công nghệ may,A00,2025,15.0,,THPT
SKH,Trường Đại Học Sư Phạm Kỹ Thuật Hưng Yên,7540209,Công nghệ may,A01,2025,15.0,,THPT
SKH,Đại học Sư phạm Kỹ thuật Hưng Yên,7540209,Công nghệ may,A01,2025,15.0,,THPT
SKH,Trường Đại Học Sư Phạm Kỹ Thuật Hưng Yên,7540209,Công nghệ may,D01,2025,15.0,,THPT
SKH,Đại học Sư phạm Kỹ thuật Hưng Yên,7540209,Công nghệ may,D01,2025,15.0,,THPT
SKH,Trường Đại Học Sư Phạm Kỹ Thuật Hưng Yên,7540209,Công nghệ may,D07,2025,15.0,,THPT
SKH,Đại học Sư phạm Kỹ thuật Hưng Yên,7540209,Công nghệ may,D07,2025,15.0,,THPT
SKN,Trường Đại Học Sư Phạm Kỹ Thuật Nam Định,7340101,Quản trị kinh doanh,A00,2025,14.0,,THPT
SKN,Trường Đại Học Sư Phạm Kỹ Thuật Nam Định,7340101,Quản trị kinh doanh,A01,2025,14.0,,THPT
SKN,Trường Đại Học Sư Phạm Kỹ Thuật Nam Định,7340101,Quản trị kinh doanh,B00,2025,14.0,,THPT
SKN,Trường Đại Học Sư Phạm Kỹ Thuật Nam Định,7340101,Quản trị kinh doanh,D01,2025,14.0,,THPT
SKN,Trường Đại Học Sư Phạm Kỹ Thuật Nam Định,7340101,Quản trị kinh doanh,D07,2025,14.0,,THPT
SKN,Trường Đại Học Sư Phạm Kỹ Thuật Nam Định,7340101_1,Quản trị kinh doanh (Chuyên ngành Logistics),A00,2025,14.0,,THPT
SKN,Trường Đại Học Sư Phạm Kỹ Thuật Nam Định,7340101_1,Quản trị kinh doanh (Chuyên ngành Logistics),A01,2025,14.0,,THPT
SKN,Trường Đại Học Sư Phạm Kỹ Thuật Nam Định,7340101_1,Quản trị kinh doanh (Chuyên ngành Logistics),B00,2025,14.0,,THPT
SKN,Trường Đại Học Sư Phạm Kỹ Thuật Nam Định,7340101_1,Quản trị kinh doanh (Chuyên ngành Logistics),D01,2025,14.0,,THPT
SKN,Trường Đại Học Sư Phạm Kỹ Thuật Nam Định,7340101_1,Quản trị kinh doanh (Chuyên ngành Logistics),D07,2025,14.0,,THPT
SKN,Trường Đại Học Sư Phạm Kỹ Thuật Nam Định,7340301,Kế toán,A00,2025,14.0,,THPT
SKN,Trường Đại Học Sư Phạm Kỹ Thuật Nam Định,7340301,Kế toán,A01,2025,14.0,,THPT
SKN,Trường Đại Học Sư Phạm Kỹ Thuật Nam Định,7340301,Kế toán,B00,2025,14.0,,THPT
SKN,Trường Đại Học Sư Phạm Kỹ Thuật Nam Định,7340301,Kế toán,D01,2025,14.0,,THPT
SKN,Trường Đại Học Sư Phạm Kỹ Thuật Nam Định,7340301,Kế toán,D07,2025,14.0,,THPT
SKN,Trường Đại Học Sư Phạm Kỹ Thuật Nam Định,7480101,Khoa học máy tính,A00,2025,14.0,,THPT
SKN,Trường Đại Học Sư Phạm Kỹ Thuật Nam Định,7480101,Khoa học máy tính,A01,2025,14.0,,THPT
SKN,Trường Đại Học Sư Phạm Kỹ Thuật Nam Định,7480101,Khoa học máy tính,B00,2025,14.0,,THPT
SKN,Trường Đại Học Sư Phạm Kỹ Thuật Nam Định,7480101,Khoa học máy tính,D01,2025,14.0,,THPT
SKN,Trường Đại Học Sư Phạm Kỹ Thuật Nam Định,7480101,Khoa học máy tính,D07,2025,14.0,,THPT
SKN,Trường Đại Học Sư Phạm Kỹ Thuật Nam Định,7480201,Công nghệ thông tin,A00,2025,14.0,,THPT
SKN,Trường Đại Học Sư Phạm Kỹ Thuật Nam Định,7480201,Công nghệ thông tin,A01,2025,14.0,,THPT
SKN,Trường Đại Học Sư Phạm Kỹ Thuật Nam Định,7480201,Công nghệ thông tin,B00,2025,14.0,,THPT
SKN,Trường Đại Học Sư Phạm Kỹ Thuật Nam Định,7480201,Công nghệ thông tin,D01,2025,14.0,,THPT
SKN,Trường Đại Học Sư Phạm Kỹ Thuật Nam Định,7480201,Công nghệ thông tin,D07,2025,14.0,,THPT
SKN,Trường Đại Học Sư Phạm Kỹ Thuật Nam Định,7480201_1,Công nghệ thông tin (Chuyên ngành Đồ họa máy tính),A00,2025,14.0,,THPT
SKN,Trường Đại Học Sư Phạm Kỹ Thuật Nam Định,7480201_1,Công nghệ thông tin (Chuyên ngành Đồ họa máy tính),A01,2025,14.0,,THPT
SKN,Trường Đại Học Sư Phạm Kỹ Thuật Nam Định,7480201_1,Công nghệ thông tin (Chuyên ngành Đồ họa máy tính),B00,2025,14.0,,THPT
SKN,Trường Đại Học Sư Phạm Kỹ Thuật Nam Định,7480201_1,Công nghệ thông tin (Chuyên ngành Đồ họa máy tính),D01,2025,14.0,,THPT
SKN,Trường Đại Học Sư Phạm Kỹ Thuật Nam Định,7480201_1,Công nghệ thông tin (Chuyên ngành Đồ họa máy tính),D07,2025,14.0,,THPT
SKN,Trường Đại Học Sư Phạm Kỹ Thuật Nam Định,7510201,Công nghệ kỹ thuật cơ khí,A00,2025,14.0,,THPT
SKN,Trường Đại Học Sư Phạm Kỹ Thuật Nam Định,7510201,Công nghệ kỹ thuật cơ khí,A01,2025,14.0,,THPT
SKN,Trường Đại Học Sư Phạm Kỹ Thuật Nam Định,7510201,Công nghệ kỹ thuật cơ khí,B00,2025,14.0,,THPT
SKN,Trường Đại Học Sư Phạm Kỹ Thuật Nam Định,7510201,Công nghệ kỹ thuật cơ khí,D01,2025,14.0,,THPT
SKN,Trường Đại Học Sư Phạm Kỹ Thuật Nam Định,7510201,Công nghệ kỹ thuật cơ khí,D07,2025,14.0,,THPT
SKN,Trường Đại Học Sư Phạm Kỹ Thuật Nam Định,7510201_1,Công nghệ kỹ thuật cơ khí (Chuyên ngành Công nghệ kỹ thuật khuôn mẫu),A00,2025,14.0,,THPT
SKN,Trường Đại Học Sư Phạm Kỹ Thuật Nam Định,7510201_1,Công nghệ kỹ thuật cơ khí (Chuyên ngành Công nghệ kỹ thuật khuôn mẫu),A01,2025,14.0,,THPT
SKN,Trường Đại Học Sư Phạm Kỹ Thuật Nam Định,7510201_1,Công nghệ kỹ thuật cơ khí (Chuyên ngành Công nghệ kỹ thuật khuôn mẫu),B00,2025,14.0,,THPT
SKN,Trường Đại Học Sư Phạm Kỹ Thuật Nam Định,7510201_1,Công nghệ kỹ thuật cơ khí (Chuyên ngành Công nghệ kỹ thuật khuôn mẫu),D01,2025,14.0,,THPT
SKN,Trường Đại Học Sư Phạm Kỹ Thuật Nam Định,7510201_1,Công nghệ kỹ thuật cơ khí (Chuyên ngành Công nghệ kỹ thuật khuôn mẫu),D07,2025,14.0,,THPT
SKN,Trường Đại Học Sư Phạm Kỹ Thuật Nam Định,7510202,Công nghệ chế tạo máy,A00,2025,14.0,,THPT
SKN,Trường Đại Học Sư Phạm Kỹ Thuật Nam Định,7510202,Công nghệ chế tạo máy,A01,2025,14.0,,THPT
SKN,Trường Đại Học Sư Phạm Kỹ Thuật Nam Định,7510202,Công nghệ chế tạo máy,B00,2025,14.0,,THPT
SKN,Trường Đại Học Sư Phạm Kỹ Thuật Nam Định,7510202,Công nghệ chế tạo máy,D01,2025,14.0,,THPT
SKN,Trường Đại Học Sư Phạm Kỹ Thuật Nam Định,7510202,Công nghệ chế tạo máy,D07,2025,14.0,,THPT
SKN,Trường Đại Học Sư Phạm Kỹ Thuật Nam Định,7510203,Công nghệ kỹ thuật cơ điện tử,A00,2025,14.0,,THPT
SKN,Trường Đại Học Sư Phạm Kỹ Thuật Nam Định,7510203,Công nghệ kỹ thuật cơ điện tử,A01,2025,14.0,,THPT
SKN,Trường Đại Học Sư Phạm Kỹ Thuật Nam Định,7510203,Công nghệ kỹ thuật cơ điện tử,B00,2025,14.0,,THPT
SKN,Trường Đại Học Sư Phạm Kỹ Thuật Nam Định,7510203,Công nghệ kỹ thuật cơ điện tử,D01,2025,14.0,,THPT
SKN,Trường Đại Học Sư Phạm Kỹ Thuật Nam Định,7510203,Công nghệ kỹ thuật cơ điện tử,D07,2025,14.0,,THPT
SKN,Trường Đại Học Sư Phạm Kỹ Thuật Nam Định,7510205,Công nghệ kỹ thuật ô tô,A00,2025,14.0,,THPT
SKN,Trường Đại Học Sư Phạm Kỹ Thuật Nam Định,7510205,Công nghệ kỹ thuật ô tô,A01,2025,14.0,,THPT
SKN,Trường Đại Học Sư Phạm Kỹ Thuật Nam Định,7510205,Công nghệ kỹ thuật ô tô,B00,2025,14.0,,THPT
SKN,Trường Đại Học Sư Phạm Kỹ Thuật Nam Định,7510205,Công nghệ kỹ thuật ô tô,D01,2025,14.0,,THPT
SKN,Trường Đại Học Sư Phạm Kỹ Thuật Nam Định,7510205,Công nghệ kỹ thuật ô tô,D07,2025,14.0,,THPT
SKN,Trường Đại Học Sư Phạm Kỹ Thuật Nam Định,7510301,"Công nghệ kỹ thuật điện, điện tử",A00,2025,14.0,,THPT
SKN,Trường Đại Học Sư Phạm Kỹ Thuật Nam Định,7510301,"Công nghệ kỹ thuật điện, điện tử",A01,2025,14.0,,THPT
SKN,Trường Đại Học Sư Phạm Kỹ Thuật Nam Định,7510301,"Công nghệ kỹ thuật điện, điện tử",B00,2025,14.0,,THPT
SKN,Trường Đại Học Sư Phạm Kỹ Thuật Nam Định,7510301,"Công nghệ kỹ thuật điện, điện tử",D01,2025,14.0,,THPT
SKN,Trường Đại Học Sư Phạm Kỹ Thuật Nam Định,7510301,"Công nghệ kỹ thuật điện, điện tử",D07,2025,14.0,,THPT
SKN,Trường Đại Học Sư Phạm Kỹ Thuật Nam Định,7510301_1,"Công nghệ kỹ thuật điện, điện tử (Chuyên ngành Công nghệ kỹ thuật điện)",A00,2025,14.0,,THPT
SKN,Trường Đại Học Sư Phạm Kỹ Thuật Nam Định,7510301_1,"Công nghệ kỹ thuật điện, điện tử (Chuyên ngành Công nghệ kỹ thuật điện)",A01,2025,14.0,,THPT
SKN,Trường Đại Học Sư Phạm Kỹ Thuật Nam Định,7510301_1,"Công nghệ kỹ thuật điện, điện tử (Chuyên ngành Công nghệ kỹ thuật điện)",B00,2025,14.0,,THPT
SKN,Trường Đại Học Sư Phạm Kỹ Thuật Nam Định,7510301_1,"Công nghệ kỹ thuật điện, điện tử (Chuyên ngành Công nghệ kỹ thuật điện)",D01,2025,14.0,,THPT
SKN,Trường Đại Học Sư Phạm Kỹ Thuật Nam Định,7510301_1,"Công nghệ kỹ thuật điện, điện tử (Chuyên ngành Công nghệ kỹ thuật điện)",D07,2025,14.0,,THPT
SKN,Trường Đại Học Sư Phạm Kỹ Thuật Nam Định,7510301_2,"Công nghệ kỹ thuật điện, điện tử (Chuyên ngành Hệ thống điện)",A00,2025,14.0,,THPT
SKN,Trường Đại Học Sư Phạm Kỹ Thuật Nam Định,7510301_2,"Công nghệ kỹ thuật điện, điện tử (Chuyên ngành Hệ thống điện)",A01,2025,14.0,,THPT
SKN,Trường Đại Học Sư Phạm Kỹ Thuật Nam Định,7510301_2,"Công nghệ kỹ thuật điện, điện tử (Chuyên ngành Hệ thống điện)",B00,2025,14.0,,THPT
SKN,Trường Đại Học Sư Phạm Kỹ Thuật Nam Định,7510301_2,"Công nghệ kỹ thuật điện, điện tử (Chuyên ngành Hệ thống điện)",D01,2025,14.0,,THPT
SKN,Trường Đại Học Sư Phạm Kỹ Thuật Nam Định,7510301_2,"Công nghệ kỹ thuật điện, điện tử (Chuyên ngành Hệ thống điện)",D07,2025,14.0,,THPT
SKN,Trường Đại Học Sư Phạm Kỹ Thuật Nam Định,7510301_3,"Công nghệ kỹ thuật điện, điện tử (Chuyên ngành Công nghệ điện lạnh và điều hòa không khí)",A00,2025,14.0,,THPT
SKN,Trường Đại Học Sư Phạm Kỹ Thuật Nam Định,7510301_3,"Công nghệ kỹ thuật điện, điện tử (Chuyên ngành Công nghệ điện lạnh và điều hòa không khí)",A01,2025,14.0,,THPT
SKN,Trường Đại Học Sư Phạm Kỹ Thuật Nam Định,7510301_3,"Công nghệ kỹ thuật điện, điện tử (Chuyên ngành Công nghệ điện lạnh và điều hòa không khí)",B00,2025,14.0,,THPT
SKN,Trường Đại Học Sư Phạm Kỹ Thuật Nam Định,7510301_3,"Công nghệ kỹ thuật điện, điện tử (Chuyên ngành Công nghệ điện lạnh và điều hòa không khí)",D01,2025,14.0,,THPT
SKN,Trường Đại Học Sư Phạm Kỹ Thuật Nam Định,7510301_3,"Công nghệ kỹ thuật điện, điện tử (Chuyên ngành Công nghệ điện lạnh và điều hòa không khí)",D07,2025,14.0,,THPT
SKN,Trường Đại Học Sư Phạm Kỹ Thuật Nam Định,7510303,Công nghệ kỹ thuật điều khiển và tự động hoá,A00,2025,14.0,,THPT
SKN,Trường Đại Học Sư Phạm Kỹ Thuật Nam Định,7510303,Công nghệ kỹ thuật điều khiển và tự động hoá,A01,2025,14.0,,THPT
SKN,Trường Đại Học Sư Phạm Kỹ Thuật Nam Định,7510303,Công nghệ kỹ thuật điều khiển và tự động hoá,B00,2025,14.0,,THPT
SKN,Trường Đại Học Sư Phạm Kỹ Thuật Nam Định,7510303,Công nghệ kỹ thuật điều khiển và tự động hoá,D01,2025,14.0,,THPT
SKN,Trường Đại Học Sư Phạm Kỹ Thuật Nam Định,7510303,Công nghệ kỹ thuật điều khiển và tự động hoá,D07,2025,14.0,,THPT
SKV,Trường Đại Học Sư Phạm Kỹ Thuật Vinh,7140246,Sư phạm công nghệ,A00,2025,19.0,,THPT
SKV,Trường Đại Học Sư Phạm Kỹ Thuật Vinh,7140246,Sư phạm công nghệ,A00,2025,19.0,,THPT
SKV,Trường Đại Học Sư Phạm Kỹ Thuật Vinh,7140246,Sư phạm công nghệ,A01,2025,19.0,,THPT
SKV,Trường Đại Học Sư Phạm Kỹ Thuật Vinh,7140246,Sư phạm công nghệ,A01,2025,19.0,,THPT
SKV,Trường Đại Học Sư Phạm Kỹ Thuật Vinh,7140246,Sư phạm công nghệ,B00,2025,19.0,,THPT
SKV,Trường Đại Học Sư Phạm Kỹ Thuật Vinh,7140246,Sư phạm công nghệ,D01,2025,19.0,,THPT
SKV,Trường Đại Học Sư Phạm Kỹ Thuật Vinh,7140246,Sư phạm công nghệ,D01,2025,19.0,,THPT
SKV,Trường Đại Học Sư Phạm Kỹ Thuật Vinh,7140246,Sư phạm công nghệ,D07,2025,19.0,,THPT
SKV,Trường Đại Học Sư Phạm Kỹ Thuật Vinh,7340101,Quản trị kinh doanh,A00,2025,16.0,,THPT
SKV,Trường Đại Học Sư Phạm Kỹ Thuật Vinh,7340101,Quản trị kinh doanh,A00,2025,16.0,,THPT
SKV,Trường Đại Học Sư Phạm Kỹ Thuật Vinh,7340101,Quản trị kinh doanh,A01,2025,16.0,,THPT
SKV,Trường Đại Học Sư Phạm Kỹ Thuật Vinh,7340101,Quản trị kinh doanh,A01,2025,16.0,,THPT
SKV,Trường Đại Học Sư Phạm Kỹ Thuật Vinh,7340101,Quản trị kinh doanh,B00,2025,16.0,,THPT
SKV,Trường Đại Học Sư Phạm Kỹ Thuật Vinh,7340101,Quản trị kinh doanh,D01,2025,16.0,,THPT
SKV,Trường Đại Học Sư Phạm Kỹ Thuật Vinh,7340101,Quản trị kinh doanh,D01,2025,16.0,,THPT
SKV,Trường Đại Học Sư Phạm Kỹ Thuật Vinh,7340101,Quản trị kinh doanh,D07,2025,16.0,,THPT
SKV,Trường Đại Học Sư Phạm Kỹ Thuật Vinh,7340122,Thương mại điện tử,A00,2025,16.0,,THPT
SKV,Trường Đại Học Sư Phạm Kỹ Thuật Vinh,7340122,Thương mại điện tử,A00,2025,16.0,,THPT
SKV,Trường Đại Học Sư Phạm Kỹ Thuật Vinh,7340122,Thương mại điện tử,A01,2025,16.0,,THPT
SKV,Trường Đại Học Sư Phạm Kỹ Thuật Vinh,7340122,Thương mại điện tử,A01,2025,16.0,,THPT
SKV,Trường Đại Học Sư Phạm Kỹ Thuật Vinh,7340122,Thương mại điện tử,B00,2025,16.0,,THPT
SKV,Trường Đại Học Sư Phạm Kỹ Thuật Vinh,7340122,Thương mại điện tử,D01,2025,16.0,,THPT
SKV,Trường Đại Học Sư Phạm Kỹ Thuật Vinh,7340122,Thương mại điện tử,D01,2025,16.0,,THPT
SKV,Trường Đại Học Sư Phạm Kỹ Thuật Vinh,7340122,Thương mại điện tử,D07,2025,16.0,,THPT
SKV,Trường Đại Học Sư Phạm Kỹ Thuật Vinh,7340301,Kế toán,A00,2025,16.0,,THPT
SKV,Trường Đại Học Sư Phạm Kỹ Thuật Vinh,7340301,Kế toán,A00,2025,16.0,,THPT
SKV,Trường Đại Học Sư Phạm Kỹ Thuật Vinh,7340301,Kế toán,A01,2025,16.0,,THPT
SKV,Trường Đại Học Sư Phạm Kỹ Thuật Vinh,7340301,Kế toán,A01,2025,16.0,,THPT
SKV,Trường Đại Học Sư Phạm Kỹ Thuật Vinh,7340301,Kế toán,B00,2025,16.0,,THPT
SKV,Trường Đại Học Sư Phạm Kỹ Thuật Vinh,7340301,Kế toán,D01,2025,16.0,,THPT
SKV,Trường Đại Học Sư Phạm Kỹ Thuật Vinh,7340301,Kế toán,D01,2025,16.0,,THPT
SKV,Trường Đại Học Sư Phạm Kỹ Thuật Vinh,7340301,Kế toán,D07,2025,16.0,,THPT
SKV,Trường Đại Học Sư Phạm Kỹ Thuật Vinh,7480108,Công nghệ kỹ thuật máy tính,A00,2025,16.0,,THPT
SKV,Trường Đại Học Sư Phạm Kỹ Thuật Vinh,7480108,Công nghệ kỹ thuật máy tính,A00,2025,16.0,,THPT
SKV,Trường Đại Học Sư Phạm Kỹ Thuật Vinh,7480108,Công nghệ kỹ thuật máy tính,A01,2025,16.0,,THPT
SKV,Trường Đại Học Sư Phạm Kỹ Thuật Vinh,7480108,Công nghệ kỹ thuật máy tính,A01,2025,16.0,,THPT
SKV,Trường Đại Học Sư Phạm Kỹ Thuật Vinh,7480108,Công nghệ kỹ thuật máy tính,B00,2025,16.0,,THPT
SKV,Trường Đại Học Sư Phạm Kỹ Thuật Vinh,7480108,Công nghệ kỹ thuật máy tính,D01,2025,16.0,,THPT
SKV,Trường Đại Học Sư Phạm Kỹ Thuật Vinh,7480108,Công nghệ kỹ thuật máy tính,D01,2025,16.0,,THPT
SKV,Trường Đại Học Sư Phạm Kỹ Thuật Vinh,7480108,Công nghệ kỹ thuật máy tính,D07,2025,16.0,,THPT
SKV,Trường Đại Học Sư Phạm Kỹ Thuật Vinh,7480201,Công nghệ thông tin,A00,2025,17.0,,THPT
SKV,Trường Đại Học Sư Phạm Kỹ Thuật Vinh,7480201,Công nghệ thông tin,A00,2025,17.0,,THPT
SKV,Trường Đại Học Sư Phạm Kỹ Thuật Vinh,7480201,Công nghệ thông tin,A01,2025,17.0,,THPT
SKV,Trường Đại Học Sư Phạm Kỹ Thuật Vinh,7480201,Công nghệ thông tin,A01,2025,17.0,,THPT
SKV,Trường Đại Học Sư Phạm Kỹ Thuật Vinh,7480201,Công nghệ thông tin,B00,2025,17.0,,THPT
SKV,Trường Đại Học Sư Phạm Kỹ Thuật Vinh,7480201,Công nghệ thông tin,D01,2025,17.0,,THPT
SKV,Trường Đại Học Sư Phạm Kỹ Thuật Vinh,7480201,Công nghệ thông tin,D01,2025,17.0,,THPT
SKV,Trường Đại Học Sư Phạm Kỹ Thuật Vinh,7480201,Công nghệ thông tin,D07,2025,17.0,,THPT
SKV,Trường Đại Học Sư Phạm Kỹ Thuật Vinh,7510201,Công nghệ kỹ thuật cơ khí,A00,2025,17.0,,THPT
SKV,Trường Đại Học Sư Phạm Kỹ Thuật Vinh,7510201,Công nghệ kỹ thuật cơ khí,A00,2025,17.0,,THPT
SKV,Trường Đại Học Sư Phạm Kỹ Thuật Vinh,7510201,Công nghệ kỹ thuật cơ khí,A01,2025,17.0,,THPT
SKV,Trường Đại Học Sư Phạm Kỹ Thuật Vinh,7510201,Công nghệ kỹ thuật cơ khí,A01,2025,17.0,,THPT
SKV,Trường Đại Học Sư Phạm Kỹ Thuật Vinh,7510201,Công nghệ kỹ thuật cơ khí,B00,2025,17.0,,THPT
SKV,Trường Đại Học Sư Phạm Kỹ Thuật Vinh,7510201,Công nghệ kỹ thuật cơ khí,D01,2025,17.0,,THPT
SKV,Trường Đại Học Sư Phạm Kỹ Thuật Vinh,7510201,Công nghệ kỹ thuật cơ khí,D01,2025,17.0,,THPT
SKV,Trường Đại Học Sư Phạm Kỹ Thuật Vinh,7510201,Công nghệ kỹ thuật cơ khí,D07,2025,17.0,,THPT
SKV,Trường Đại Học Sư Phạm Kỹ Thuật Vinh,7510202,Công nghệ chế tạo máy,A00,2025,17.0,,THPT
SKV,Trường Đại Học Sư Phạm Kỹ Thuật Vinh,7510202,Công nghệ chế tạo máy,A00,2025,17.0,,THPT
SKV,Trường Đại Học Sư Phạm Kỹ Thuật Vinh,7510202,Công nghệ chế tạo máy,A01,2025,17.0,,THPT
SKV,Trường Đại Học Sư Phạm Kỹ Thuật Vinh,7510202,Công nghệ chế tạo máy,A01,2025,17.0,,THPT
SKV,Trường Đại Học Sư Phạm Kỹ Thuật Vinh,7510202,Công nghệ chế tạo máy,B00,2025,17.0,,THPT
SKV,Trường Đại Học Sư Phạm Kỹ Thuật Vinh,7510202,Công nghệ chế tạo máy,D01,2025,17.0,,THPT
SKV,Trường Đại Học Sư Phạm Kỹ Thuật Vinh,7510202,Công nghệ chế tạo máy,D01,2025,17.0,,THPT
SKV,Trường Đại Học Sư Phạm Kỹ Thuật Vinh,7510202,Công nghệ chế tạo máy,D07,2025,17.0,,THPT
SKV,Trường Đại Học Sư Phạm Kỹ Thuật Vinh,7510203,Công nghệ kỹ thuật cơ - điện tử,A00,2025,17.0,,THPT
SKV,Trường Đại Học Sư Phạm Kỹ Thuật Vinh,7510203,Công nghệ kỹ thuật cơ - điện tử,A00,2025,17.0,,THPT
SKV,Trường Đại Học Sư Phạm Kỹ Thuật Vinh,7510203,Công nghệ kỹ thuật cơ - điện tử,A01,2025,17.0,,THPT
SKV,Trường Đại Học Sư Phạm Kỹ Thuật Vinh,7510203,Công nghệ kỹ thuật cơ - điện tử,A01,2025,17.0,,THPT
SKV,Trường Đại Học Sư Phạm Kỹ Thuật Vinh,7510203,Công nghệ kỹ thuật cơ - điện tử,B00,2025,17.0,,THPT
SKV,Trường Đại Học Sư Phạm Kỹ Thuật Vinh,7510203,Công nghệ kỹ thuật cơ - điện tử,D01,2025,17.0,,THPT
SKV,Trường Đại Học Sư Phạm Kỹ Thuật Vinh,7510203,Công nghệ kỹ thuật cơ - điện tử,D01,2025,17.0,,THPT
SKV,Trường Đại Học Sư Phạm Kỹ Thuật Vinh,7510203,Công nghệ kỹ thuật cơ - điện tử,D07,2025,17.0,,THPT
SKV,Trường Đại Học Sư Phạm Kỹ Thuật Vinh,7510205,Công nghệ kỹ thuật ô tô,A00,2025,18.0,,THPT
SKV,Trường Đại Học Sư Phạm Kỹ Thuật Vinh,7510205,Công nghệ kỹ thuật ô tô,A00,2025,18.0,,THPT
SKV,Trường Đại Học Sư Phạm Kỹ Thuật Vinh,7510205,Công nghệ kỹ thuật ô tô,A01,2025,18.0,,THPT
SKV,Trường Đại Học Sư Phạm Kỹ Thuật Vinh,7510205,Công nghệ kỹ thuật ô tô,A01,2025,18.0,,THPT
SKV,Trường Đại Học Sư Phạm Kỹ Thuật Vinh,7510205,Công nghệ kỹ thuật ô tô,B00,2025,18.0,,THPT
SKV,Trường Đại Học Sư Phạm Kỹ Thuật Vinh,7510205,Công nghệ kỹ thuật ô tô,D01,2025,18.0,,THPT
SKV,Trường Đại Học Sư Phạm Kỹ Thuật Vinh,7510205,Công nghệ kỹ thuật ô tô,D01,2025,18.0,,THPT
SKV,Trường Đại Học Sư Phạm Kỹ Thuật Vinh,7510205,Công nghệ kỹ thuật ô tô,D07,2025,18.0,,THPT
SKV,Trường Đại Học Sư Phạm Kỹ Thuật Vinh,7510206,Công nghệ kỹ thuật nhiệt,A00,2025,16.0,,THPT
SKV,Trường Đại Học Sư Phạm Kỹ Thuật Vinh,7510206,Công nghệ kỹ thuật nhiệt,A00,2025,16.0,,THPT
SKV,Trường Đại Học Sư Phạm Kỹ Thuật Vinh,7510206,Công nghệ kỹ thuật nhiệt,A01,2025,16.0,,THPT
SKV,Trường Đại Học Sư Phạm Kỹ Thuật Vinh,7510206,Công nghệ kỹ thuật nhiệt,A01,2025,16.0,,THPT
SKV,Trường Đại Học Sư Phạm Kỹ Thuật Vinh,7510206,Công nghệ kỹ thuật nhiệt,B00,2025,16.0,,THPT
SKV,Trường Đại Học Sư Phạm Kỹ Thuật Vinh,7510206,Công nghệ kỹ thuật nhiệt,D01,2025,16.0,,THPT
SKV,Trường Đại Học Sư Phạm Kỹ Thuật Vinh,7510206,Công nghệ kỹ thuật nhiệt,D01,2025,16.0,,THPT
SKV,Trường Đại Học Sư Phạm Kỹ Thuật Vinh,7510206,Công nghệ kỹ thuật nhiệt,D07,2025,16.0,,THPT
SKV,Trường Đại Học Sư Phạm Kỹ Thuật Vinh,7510301,"Công nghệ kỹ thuật điện, điện tử",A00,2025,19.5,,THPT
SKV,Trường Đại Học Sư Phạm Kỹ Thuật Vinh,7510301,"Công nghệ kỹ thuật điện, điện tử",A00,2025,19.5,,THPT
SKV,Trường Đại Học Sư Phạm Kỹ Thuật Vinh,7510301,"Công nghệ kỹ thuật điện, điện tử",A01,2025,19.5,,THPT
SKV,Trường Đại Học Sư Phạm Kỹ Thuật Vinh,7510301,"Công nghệ kỹ thuật điện, điện tử",A01,2025,19.5,,THPT
SKV,Trường Đại Học Sư Phạm Kỹ Thuật Vinh,7510301,"Công nghệ kỹ thuật điện, điện tử",B00,2025,19.5,,THPT
SKV,Trường Đại Học Sư Phạm Kỹ Thuật Vinh,7510301,"Công nghệ kỹ thuật điện, điện tử",D01,2025,19.5,,THPT
SKV,Trường Đại Học Sư Phạm Kỹ Thuật Vinh,7510301,"Công nghệ kỹ thuật điện, điện tử",D01,2025,19.5,,THPT
SKV,Trường Đại Học Sư Phạm Kỹ Thuật Vinh,7510301,"Công nghệ kỹ thuật điện, điện tử",D07,2025,19.5,,THPT
SKV,Trường Đại Học Sư Phạm Kỹ Thuật Vinh,7510302,Công nghệ kỹ thuật điện tử – viễn thông,A00,2025,16.0,,THPT
SKV,Trường Đại Học Sư Phạm Kỹ Thuật Vinh,7510302,Công nghệ kỹ thuật điện tử – viễn thông,A00,2025,16.0,,THPT
SKV,Trường Đại Học Sư Phạm Kỹ Thuật Vinh,7510302,Công nghệ kỹ thuật điện tử – viễn thông,A01,2025,16.0,,THPT
SKV,Trường Đại Học Sư Phạm Kỹ Thuật Vinh,7510302,Công nghệ kỹ thuật điện tử – viễn thông,A01,2025,16.0,,THPT
SKV,Trường Đại Học Sư Phạm Kỹ Thuật Vinh,7510302,Công nghệ kỹ thuật điện tử – viễn thông,B00,2025,16.0,,THPT
SKV,Trường Đại Học Sư Phạm Kỹ Thuật Vinh,7510302,Công nghệ kỹ thuật điện tử – viễn thông,D01,2025,16.0,,THPT
SKV,Trường Đại Học Sư Phạm Kỹ Thuật Vinh,7510302,Công nghệ kỹ thuật điện tử – viễn thông,D01,2025,16.0,,THPT
SKV,Trường Đại Học Sư Phạm Kỹ Thuật Vinh,7510302,Công nghệ kỹ thuật điện tử – viễn thông,D07,2025,16.0,,THPT
SKV,Trường Đại Học Sư Phạm Kỹ Thuật Vinh,7510303,Công nghệ kỹ thuật điều khiển và tự động hoá,A00,2025,19.5,,THPT
SKV,Trường Đại Học Sư Phạm Kỹ Thuật Vinh,7510303,Công nghệ kỹ thuật điều khiển và tự động hoá,A00,2025,19.5,,THPT
SKV,Trường Đại Học Sư Phạm Kỹ Thuật Vinh,7510303,Công nghệ kỹ thuật điều khiển và tự động hoá,A01,2025,19.5,,THPT
SKV,Trường Đại Học Sư Phạm Kỹ Thuật Vinh,7510303,Công nghệ kỹ thuật điều khiển và tự động hoá,A01,2025,19.5,,THPT
SKV,Trường Đại Học Sư Phạm Kỹ Thuật Vinh,7510303,Công nghệ kỹ thuật điều khiển và tự động hoá,B00,2025,19.5,,THPT
SKV,Trường Đại Học Sư Phạm Kỹ Thuật Vinh,7510303,Công nghệ kỹ thuật điều khiển và tự động hoá,D01,2025,19.5,,THPT
SKV,Trường Đại Học Sư Phạm Kỹ Thuật Vinh,7510303,Công nghệ kỹ thuật điều khiển và tự động hoá,D01,2025,19.5,,THPT
SKV,Trường Đại Học Sư Phạm Kỹ Thuật Vinh,7510303,Công nghệ kỹ thuật điều khiển và tự động hoá,D07,2025,19.5,,THPT
SNH,Trường Sĩ Quan Công Binh - Hệ Quân sự - Đại học Ngô Quyền,7860228_B,Chỉ huy kỹ thuật Công binh,A00,2025,22.45,,THPT
SNH,Trường Sĩ Quan Công Binh - Hệ Quân sự - Đại học Ngô Quyền,7860228_B,Chỉ huy kỹ thuật Công binh,A01,2025,22.45,,THPT
SNH,Trường Sĩ Quan Công Binh - Hệ Quân sự - Đại học Ngô Quyền,7860228_N,Chỉ huy kỹ thuật Công binh,A00,2025,22.05,,THPT
SNH,Trường Sĩ Quan Công Binh - Hệ Quân sự - Đại học Ngô Quyền,7860228_N,Chỉ huy kỹ thuật Công binh,A01,2025,22.05,,THPT
SNH,Trường Sĩ Quan Công Binh - Hệ Quân sự - Đại học Ngô Quyền,7860228|21A00,Ngành Chỉ huy kỹ thuật Công binh (Nam - Miền Bắc),A00,2025,23.0,,THPT
SNH,Trường Sĩ Quan Công Binh - Hệ Quân sự - Đại học Ngô Quyền,7860228|21A00,Ngành Chỉ huy kỹ thuật Công binh (Nam - Miền Bắc),A01,2025,23.0,,THPT
SNH,Trường Sĩ Quan Công Binh - Hệ Quân sự - Đại học Ngô Quyền,7860228|22A00,Ngành Chỉ huy kỹ thuật Công binh (Nam - Miền Nam),A00,2025,22.25,,THPT
SNH,Trường Sĩ Quan Công Binh - Hệ Quân sự - Đại học Ngô Quyền,7860228|22A00,Ngành Chỉ huy kỹ thuật Công binh (Nam - Miền Nam),A01,2025,22.25,,THPT
SP2,Trường Đại Học Sư Phạm Hà Nội 2,7140202,Giáo dục Tiểu học,D01,2025,26.33,,THPT
SP2,Đại học Sư phạm Hà Nội 2,7140202,Giáo dục Tiểu học,D01,2025,26.33,,THPT
SP2,Đại học Sư phạm Hà Nội 2,7140208,Giáo dục Quốc phòng - An ninh,C00,2025,27.06,,THPT
SP2,Trường Đại Học Sư Phạm Hà Nội 2,7140208,Giáo dục Quốc phòng - An ninh,C00,2025,27.06,,THPT
SP2,Trường Đại Học Sư Phạm Hà Nội 2,7140208,Giáo dục Quốc phòng - An ninh,C00,2025,27.06,,THPT
SP2,Trường Đại Học Sư Phạm Hà Nội 2,7140208,Giáo dục Quốc phòng - An ninh,D01,2025,27.06,,THPT
SP2,Trường Đại Học Sư Phạm Hà Nội 2,7140208,Giáo dục Quốc phòng - An ninh,D01,2025,27.06,,THPT
SP2,Đại học Sư phạm Hà Nội 2,7140208,Giáo dục Quốc phòng - An ninh,D01,2025,27.06,,THPT
SP2,Đại học Sư phạm Hà Nội 2,7140209,Sư phạm Toán học,A00,2025,27.64,,THPT
SP2,Trường Đại Học Sư Phạm Hà Nội 2,7140209,Sư phạm Toán học,A00,2025,27.64,,THPT
SP2,Trường Đại Học Sư Phạm Hà Nội 2,7140209,Sư phạm Toán học,A00,2025,27.64,,THPT
SP2,Trường Đại Học Sư Phạm Hà Nội 2,7140209,Sư phạm Toán học,A01,2025,27.64,,THPT
SP2,Trường Đại Học Sư Phạm Hà Nội 2,7140209,Sư phạm Toán học,A01,2025,27.64,,THPT
SP2,Đại học Sư phạm Hà Nội 2,7140209,Sư phạm Toán học,A01,2025,27.64,,THPT
SP2,Trường Đại Học Sư Phạm Hà Nội 2,7140209,Sư phạm Toán học,D07,2025,27.64,,THPT
SP2,Trường Đại Học Sư Phạm Hà Nội 2,7140209,Sư phạm Toán học,D07,2025,27.64,,THPT
SP2,Đại học Sư phạm Hà Nội 2,7140209,Sư phạm Toán học,D07,2025,27.64,,THPT
SP2,Đại học Sư phạm Hà Nội 2,7140210,Sư phạm Tin học (Chuyên ngành Tin học – Công nghệ Tiểu học),A00,2025,24.32,,THPT
SP2,Trường Đại Học Sư Phạm Hà Nội 2,7140210,Sư phạm Tin học,A00,2025,24.32,,THPT
SP2,Trường Đại Học Sư Phạm Hà Nội 2,7140210,Sư phạm Tin học,A00,2025,24.32,,THPT
SP2,Trường Đại Học Sư Phạm Hà Nội 2,7140210,Sư phạm Tin học,A01,2025,24.32,,THPT
SP2,Trường Đại Học Sư Phạm Hà Nội 2,7140210,Sư phạm Tin học,A01,2025,24.32,,THPT
SP2,Đại học Sư phạm Hà Nội 2,7140210,Sư phạm Tin học (Chuyên ngành Tin học – Công nghệ Tiểu học),A01,2025,24.32,,THPT
SP2,Trường Đại Học Sư Phạm Hà Nội 2,7140210,Sư phạm Tin học,D01,2025,24.32,,THPT
SP2,Trường Đại Học Sư Phạm Hà Nội 2,7140210,Sư phạm Tin học,D01,2025,24.32,,THPT
SP2,Đại học Sư phạm Hà Nội 2,7140210,Sư phạm Tin học (Chuyên ngành Tin học – Công nghệ Tiểu học),D01,2025,24.32,,THPT
SP2,Đại học Sư phạm Hà Nội 2,7140211,Sư phạm Vật lý,A00,2025,27.17,,THPT
SP2,Trường Đại Học Sư Phạm Hà Nội 2,7140211,Sư phạm Vật lý,A00,2025,27.17,,THPT
SP2,Trường Đại Học Sư Phạm Hà Nội 2,7140211,Sư phạm Vật lý,A01,2025,27.17,,THPT
SP2,Đại học Sư phạm Hà Nội 2,7140211,Sư phạm Vật lý,A01,2025,27.17,,THPT
SP2,Đại học Sư phạm Hà Nội 2,7140212,Sư phạm Hóa học,A00,2025,26.22,,THPT
SP2,Trường Đại Học Sư Phạm Hà Nội 2,7140212,Sư phạm Hóa học,A00,2025,26.22,,THPT
SP2,Trường Đại Học Sư Phạm Hà Nội 2,7140212,Sư phạm Hóa học,A00,2025,26.22,,THPT
SP2,Trường Đại Học Sư Phạm Hà Nội 2,7140212,Sư phạm Hóa học,B00,2025,26.22,,THPT
SP2,Trường Đại Học Sư Phạm Hà Nội 2,7140212,Sư phạm Hóa học,B00,2025,26.22,,THPT
SP2,Đại học Sư phạm Hà Nội 2,7140212,Sư phạm Hóa học,B00,2025,26.22,,THPT
SP2,Trường Đại Học Sư Phạm Hà Nội 2,7140212,Sư phạm Hóa học,D07,2025,26.22,,THPT
SP2,Trường Đại Học Sư Phạm Hà Nội 2,7140212,Sư phạm Hóa học,D07,2025,26.22,,THPT
SP2,Đại học Sư phạm Hà Nội 2,7140212,Sư phạm Hóa học,D07,2025,26.22,,THPT
SP2,Trường Đại Học Sư Phạm Hà Nội 2,7140213,Sư phạm Sinh học,B00,2025,24.2,,THPT
SP2,Đại học Sư phạm Hà Nội 2,7140213,Sư phạm Sinh học,B00,2025,24.2,,THPT
SP2,Đại học Sư phạm Hà Nội 2,7140213,Sư phạm Sinh học,D08,2025,24.2,,THPT
SP2,Đại học Sư phạm Hà Nội 2,7140217,Sư phạm Ngữ văn,C00,2025,28.52,,THPT
SP2,Trường Đại Học Sư Phạm Hà Nội 2,7140217,Sư phạm Ngữ văn,C00,2025,28.52,,THPT
SP2,Trường Đại Học Sư Phạm Hà Nội 2,7140217,Sư phạm Ngữ văn,C00,2025,28.52,,THPT
SP2,Trường Đại Học Sư Phạm Hà Nội 2,7140217,Sư phạm Ngữ văn,D01,2025,28.52,,THPT
SP2,Trường Đại Học Sư Phạm Hà Nội 2,7140217,Sư phạm Ngữ văn,D01,2025,28.52,,THPT
SP2,Đại học Sư phạm Hà Nội 2,7140217,Sư phạm Ngữ văn,D01,2025,28.52,,THPT
SP2,Trường Đại Học Sư Phạm Hà Nội 2,7140218,Sư phạm Lịch sử,C00,2025,28.31,,THPT
SP2,Đại học Sư phạm Hà Nội 2,7140218,Sư phạm Lịch sử,C00,2025,28.31,,THPT
SP2,Đại học Sư phạm Hà Nội 2,7140231,Sư phạm Tiếng Anh,A01,2025,27.2,,THPT
SP2,Trường Đại Học Sư Phạm Hà Nội 2,7140231,Sư phạm Tiếng Anh,A01,2025,27.2,,THPT
SP2,Trường Đại Học Sư Phạm Hà Nội 2,7140231,Sư phạm Tiếng Anh,D01,2025,27.2,,THPT
SP2,Đại học Sư phạm Hà Nội 2,7140231,Sư phạm Tiếng Anh,D01,2025,27.2,,THPT
SP2,Đại học Sư phạm Hà Nội 2,7140247,Sư phạm khoa học tự nhiên,A00,2025,24.71,,THPT
SP2,Trường Đại Học Sư Phạm Hà Nội 2,7140247,Sư phạm Khoa học tự nhiên,A00,2025,24.71,,THPT
SP2,Trường Đại Học Sư Phạm Hà Nội 2,7140247,Sư phạm Khoa học tự nhiên,B00,2025,24.71,,THPT
SP2,Đại học Sư phạm Hà Nội 2,7140247,Sư phạm khoa học tự nhiên,B00,2025,24.71,,THPT
SP2,Trường Đại Học Sư Phạm Hà Nội 2,7140249,Sư phạm Lịch sử - Địa lý,C00,2025,28.03,,THPT
SP2,Đại học Sư phạm Hà Nội 2,7140249,Sư phạm Lịch sử - Địa lý,C00,2025,28.03,,THPT
SP2,Đại học Sư phạm Hà Nội 2,7220201,Ngôn ngữ Anh,A01,2025,25.0,,THPT
SP2,Trường Đại Học Sư Phạm Hà Nội 2,7220201,Ngôn ngữ Anh,A01,2025,25.0,,THPT
SP2,Trường Đại Học Sư Phạm Hà Nội 2,7220201,Ngôn ngữ Anh,D01,2025,25.0,,THPT
SP2,Đại học Sư phạm Hà Nội 2,7220201,Ngôn ngữ Anh,D01,2025,25.0,,THPT
SP2,Đại học Sư phạm Hà Nội 2,7220204,Ngôn ngữ Trung Quốc,A01,2025,23.78,,THPT
SP2,Trường Đại Học Sư Phạm Hà Nội 2,7220204,Ngôn ngữ Trung Quốc,A01,2025,23.78,,THPT
SP2,Trường Đại Học Sư Phạm Hà Nội 2,7220204,Ngôn ngữ Trung Quốc,D01,2025,23.78,,THPT
SP2,Đại học Sư phạm Hà Nội 2,7220204,Ngôn ngữ Trung Quốc,D01,2025,23.78,,THPT
SP2,Trường Đại Học Sư Phạm Hà Nội 2,7310403,Tâm lý học giáo dục,C00,2025,26.68,,THPT
SP2,Trường Đại Học Sư Phạm Hà Nội 2,7310403,Tâm lý học giáo dục,C00,2025,26.68,,THPT
SP2,Đại học Sư phạm Hà Nội 2,7310403,Tâm lý học giáo dục,C00,2025,26.68,,THPT
SP2,Trường Đại Học Sư Phạm Hà Nội 2,7310403,Tâm lý học giáo dục,D01,2025,26.68,,THPT
SP2,Trường Đại Học Sư Phạm Hà Nội 2,7310403,Tâm lý học giáo dục,D01,2025,26.68,,THPT
SP2,Đại học Sư phạm Hà Nội 2,7310403,Tâm lý học giáo dục,D01,2025,26.68,,THPT
SP2,Đại học Sư phạm Hà Nội 2,7310630,Việt Nam học,C00,2025,26.3,,THPT
SP2,Trường Đại Học Sư Phạm Hà Nội 2,7310630,Việt Nam học,C00,2025,26.3,,THPT
SP2,Trường Đại Học Sư Phạm Hà Nội 2,7310630,Việt Nam học,C00,2025,26.3,,THPT
SP2,Trường Đại Học Sư Phạm Hà Nội 2,7310630,Việt Nam học,D01,2025,26.3,,THPT
SP2,Trường Đại Học Sư Phạm Hà Nội 2,7310630,Việt Nam học,D01,2025,26.3,,THPT
SP2,Đại học Sư phạm Hà Nội 2,7310630,Việt Nam học,D01,2025,26.3,,THPT
SP2,Trường Đại Học Sư Phạm Hà Nội 2,7420201,Công nghệ sinh học,B00,2025,21.75,,THPT
SP2,Đại học Sư phạm Hà Nội 2,7420201,Công nghệ sinh học,B00,2025,21.75,,THPT
SP2,Đại học Sư phạm Hà Nội 2,7440122,Khoa học vật liệu,A00,2025,22.95,,THPT
SP2,Trường Đại Học Sư Phạm Hà Nội 2,7440122,Khoa học vật liệu,A00,2025,22.95,,THPT
SP2,Trường Đại Học Sư Phạm Hà Nội 2,7440122,Khoa học vật liệu,A00,2025,22.95,,THPT
SP2,Trường Đại Học Sư Phạm Hà Nội 2,7440122,Khoa học vật liệu,A01,2025,22.95,,THPT
SP2,Trường Đại Học Sư Phạm Hà Nội 2,7440122,Khoa học vật liệu,A01,2025,22.95,,THPT
SP2,Đại học Sư phạm Hà Nội 2,7440122,Khoa học vật liệu,A01,2025,22.95,,THPT
SP2,Đại học Sư phạm Hà Nội 2,7460112,ĐH Toán ứng dụng,A00,2025,24.7,,THPT
SP2,Trường Đại Học Sư Phạm Hà Nội 2,7460112,Toán ứng dụng,A00,2025,24.7,,THPT
SP2,Trường Đại Học Sư Phạm Hà Nội 2,7460112,Toán ứng dụng,A00,2025,24.7,,THPT
SP2,Trường Đại Học Sư Phạm Hà Nội 2,7460112,Toán ứng dụng,A01,2025,24.7,,THPT
SP2,Trường Đại Học Sư Phạm Hà Nội 2,7460112,Toán ứng dụng,A01,2025,24.7,,THPT
SP2,Đại học Sư phạm Hà Nội 2,7460112,ĐH Toán ứng dụng,A01,2025,24.7,,THPT
SP2,Trường Đại Học Sư Phạm Hà Nội 2,7460112,Toán ứng dụng,D07,2025,24.7,,THPT
SP2,Trường Đại Học Sư Phạm Hà Nội 2,7460112,Toán ứng dụng,D07,2025,24.7,,THPT
SP2,Đại học Sư phạm Hà Nội 2,7480201,Công nghệ thông tin,A00,2025,21.6,,THPT
SP2,Trường Đại Học Sư Phạm Hà Nội 2,7480201,Công nghệ thông tin,A00,2025,21.6,,THPT
SP2,Trường Đại Học Sư Phạm Hà Nội 2,7480201,Công nghệ thông tin,A00,2025,21.6,,THPT
SP2,Trường Đại Học Sư Phạm Hà Nội 2,7480201,Công nghệ thông tin,A01,2025,21.6,,THPT
SP2,Trường Đại Học Sư Phạm Hà Nội 2,7480201,Công nghệ thông tin,A01,2025,21.6,,THPT
SP2,Đại học Sư phạm Hà Nội 2,7480201,Công nghệ thông tin,A01,2025,21.6,,THPT
SP2,Trường Đại Học Sư Phạm Hà Nội 2,7480201,Công nghệ thông tin,D01,2025,21.6,,THPT
SP2,Trường Đại Học Sư Phạm Hà Nội 2,7480201,Công nghệ thông tin,D01,2025,21.6,,THPT
SP2,Đại học Sư phạm Hà Nội 2,7480201,Công nghệ thông tin,D01,2025,21.6,,THPT
SP2,Đại học Sư phạm Hà Nội 2,7520301,Kỹ thuật hóa học,A00,2025,22.09,,THPT
SP2,Trường Đại Học Sư Phạm Hà Nội 2,7520301,Kĩ thuật hóa học,A00,2025,22.09,,THPT
SP2,Trường Đại Học Sư Phạm Hà Nội 2,7520301,Kĩ thuật hóa học,A00,2025,22.09,,THPT
SP2,Trường Đại Học Sư Phạm Hà Nội 2,7520301,Kĩ thuật hóa học,B00,2025,22.09,,THPT
SP2,Trường Đại Học Sư Phạm Hà Nội 2,7520301,Kĩ thuật hóa học,B00,2025,22.09,,THPT
SP2,Đại học Sư phạm Hà Nội 2,7520301,Kỹ thuật hóa học,B00,2025,22.09,,THPT
SP2,Trường Đại Học Sư Phạm Hà Nội 2,7520301,Kĩ thuật hóa học,D07,2025,22.09,,THPT
SP2,Trường Đại Học Sư Phạm Hà Nội 2,7520301,Kĩ thuật hóa học,D07,2025,22.09,,THPT
SP2,Đại học Sư phạm Hà Nội 2,7520301,Kỹ thuật hóa học,D07,2025,22.09,,THPT
SPD,Đại học Đồng Tháp,7140103,Công nghệ Giáo dục,A00,2025,21.06,,THPT
SPD,Trường Đại Học Đồng Tháp,7140103,Công nghệ Giáo dục,A00,2025,22.94,,THPT
SPD,Trường Đại Học Đồng Tháp,7140103,Công nghệ Giáo dục,D01,2025,22.94,,THPT
SPD,Trường Đại Học Đồng Tháp,7140103,Công nghệ Giáo dục,D01,2025,22.94,,THPT
SPD,Đại học Đồng Tháp,7140202,Giáo dục Tiểu học,D01,2025,23.91,,THPT
SPD,Trường Đại Học Đồng Tháp,7140202,Giáo dục Tiểu học,D01,2025,23.51,,THPT
SPD,Đại học Đồng Tháp,7140204,Giáo dục Công dân,C00,2025,26.74,,THPT
SPD,Trường Đại Học Đồng Tháp,7140204,Giáo dục Công dân,C00,2025,25.57,,THPT
SPD,Trường Đại Học Đồng Tháp,7140204,Giáo dục Công dân,D01,2025,25.57,,THPT
SPD,Trường Đại Học Đồng Tháp,7140204,Giáo dục Công dân,D01,2025,25.57,,THPT
SPD,Đại học Đồng Tháp,7140205,Giáo dục Chính trị,C00,2025,26.8,,THPT
SPD,Trường Đại Học Đồng Tháp,7140205,Giáo dục Chính trị,C00,2025,27.48,,THPT
SPD,Trường Đại Học Đồng Tháp,7140205,Giáo dục Chính trị,D01,2025,27.48,,THPT
SPD,Trường Đại Học Đồng Tháp,7140205,Giáo dục Chính trị,D01,2025,27.48,,THPT
SPD,Đại học Đồng Tháp,7140209,Sư phạm Toán học,A00,2025,27.99,,THPT
SPD,Trường Đại Học Đồng Tháp,7140209,Sư phạm Toán học,A00,2025,27.05,,THPT
SPD,Trường Đại Học Đồng Tháp,7140209,Sư phạm Toán học,A01,2025,27.05,,THPT
SPD,Trường Đại Học Đồng Tháp,7140209,Sư phạm Toán học,A01,2025,27.05,,THPT
SPD,Trường Đại Học Đồng Tháp,7140209,Sư phạm Toán học,D01,2025,27.05,,THPT
SPD,Trường Đại Học Đồng Tháp,7140209,Sư phạm Toán học,D01,2025,27.05,,THPT
SPD,Đại học Đồng Tháp,7140210,Sư phạm Tin học (Chuyên ngành Tin học – Công nghệ Tiểu học),A00,2025,24.73,,THPT
SPD,Trường Đại Học Đồng Tháp,7140210,Sư phạm Tin học,A00,2025,24.01,,THPT
SPD,Trường Đại Học Đồng Tháp,7140210,Sư phạm Tin học,A01,2025,24.01,,THPT
SPD,Trường Đại Học Đồng Tháp,7140210,Sư phạm Tin học,A01,2025,24.01,,THPT
SPD,Trường Đại Học Đồng Tháp,7140210,Sư phạm Tin học,D01,2025,24.01,,THPT
SPD,Trường Đại Học Đồng Tháp,7140210,Sư phạm Tin học,D01,2025,24.01,,THPT
SPD,Đại học Đồng Tháp,7140211,Sư phạm Vật lý,A00,2025,28.2,,THPT
SPD,Trường Đại Học Đồng Tháp,7140211,Sư phạm Vật lý,A00,2025,28.2,,THPT
SPD,Trường Đại Học Đồng Tháp,7140211,Sư phạm Vật lý,A01,2025,28.2,,THPT
SPD,Trường Đại Học Đồng Tháp,7140211,Sư phạm Vật lý,A01,2025,28.2,,THPT
SPD,Trường Đại Học Đồng Tháp,7140212,Sư phạm Hóa học,A00,2025,28.39,,THPT
SPD,Trường Đại Học Đồng Tháp,7140212,Sư phạm Hóa học,A00,2025,28.39,,THPT
SPD,Đại học Đồng Tháp,7140212,Sư phạm Hóa học,B00,2025,28.4,,THPT
SPD,Trường Đại Học Đồng Tháp,7140212,Sư phạm Hóa học,B00,2025,28.39,,THPT
SPD,Trường Đại Học Đồng Tháp,7140212,Sư phạm Hóa học,D07,2025,28.39,,THPT
SPD,Trường Đại Học Đồng Tháp,7140212,Sư phạm Hóa học,D07,2025,28.39,,THPT
SPD,Đại học Đồng Tháp,7140213,Sư phạm Sinh học,B00,2025,27.5,,THPT
SPD,Trường Đại Học Đồng Tháp,7140213,Sư phạm Sinh học,B00,2025,25.84,,THPT
SPD,Trường Đại Học Đồng Tháp,7140213,Sư phạm Sinh học,D08,2025,25.84,,THPT
SPD,Trường Đại Học Đồng Tháp,7140213,Sư phạm Sinh học,D08,2025,25.84,,THPT
SPD,Đại học Đồng Tháp,7140217,Sư phạm Ngữ văn,C00,2025,27.21,,THPT
SPD,Trường Đại Học Đồng Tháp,7140217,Sư phạm Ngữ văn,C00,2025,28.95,,THPT
SPD,Đại học Đồng Tháp,7140218,Sư phạm Lịch sử,C00,2025,26.81,,THPT
SPD,Trường Đại Học Đồng Tháp,7140218,Sư phạm Lịch sử,C00,2025,29.95,,THPT
SPD,Trường Đại Học Đồng Tháp,7140218,Sư phạm Lịch sử,D09,2025,29.95,,THPT
SPD,Trường Đại Học Đồng Tháp,7140218,Sư phạm Lịch sử,D09,2025,29.95,,THPT
SPD,Đại học Đồng Tháp,7140219,Sư phạm Địa lý,C00,2025,27.58,,THPT
SPD,Trường Đại Học Đồng Tháp,7140219,Sư phạm Địa lý,C00,2025,30.94,,THPT
SPD,Trường Đại Học Đồng Tháp,7140219,Sư phạm Địa lý,D10,2025,30.94,,THPT
SPD,Trường Đại Học Đồng Tháp,7140219,Sư phạm Địa lý,D10,2025,30.94,,THPT
SPD,Đại học Đồng Tháp,7140231,Sư phạm Tiếng Anh,D01,2025,24.26,,THPT
SPD,Trường Đại Học Đồng Tháp,7140231,Sư phạm Tiếng Anh,D01,2025,22.41,,THPT
SPD,Đại học Đồng Tháp,7140234,Sư phạm Tiếng Trung Quốc,D01,2025,23.38,,THPT
SPD,Trường Đại Học Đồng Tháp,7140234,Sư phạm Tiếng Trung Quốc,D01,2025,21.53,,THPT
SPD,Trường Đại Học Đồng Tháp,7140234,Sư phạm Tiếng Trung Quốc,D01,2025,21.53,,THPT
SPD,Đại học Đồng Tháp,7140246,Sư phạm công nghệ,A00,2025,24.95,,THPT
SPD,Trường Đại Học Đồng Tháp,7140246,Sư phạm Công nghệ,A00,2025,24.9,,THPT
SPD,Trường Đại Học Đồng Tháp,7140246,Sư phạm Công nghệ,A01,2025,24.9,,THPT
SPD,Trường Đại Học Đồng Tháp,7140246,Sư phạm Công nghệ,A01,2025,24.9,,THPT
SPD,Đại học Đồng Tháp,7140247,Sư phạm khoa học tự nhiên,A00,2025,26.47,,THPT
SPD,Trường Đại Học Đồng Tháp,7140247,Sư phạm Khoa học tự nhiên,A00,2025,27.15,,THPT
SPD,Trường Đại Học Đồng Tháp,7140247,Sư phạm Khoa học tự nhiên,A01,2025,27.15,,THPT
SPD,Trường Đại Học Đồng Tháp,7140247,Sư phạm Khoa học tự nhiên,A01,2025,27.15,,THPT
SPD,Trường Đại Học Đồng Tháp,7140247,Sư phạm Khoa học tự nhiên,B00,2025,27.15,,THPT
SPD,Trường Đại Học Đồng Tháp,7140247,Sư phạm Khoa học tự nhiên,B00,2025,27.15,,THPT
SPD,Trường Đại Học Đồng Tháp,7140247,Sư phạm Khoa học tự nhiên,D07,2025,27.15,,THPT
SPD,Trường Đại Học Đồng Tháp,7140247,Sư phạm Khoa học tự nhiên,D07,2025,27.15,,THPT
SPD,Đại học Đồng Tháp,7140249,Sư phạm Lịch sử - Địa lý,C00,2025,27.1,,THPT
SPD,Trường Đại Học Đồng Tháp,7140249,Sư phạm Lịch sử và Địa lý,C00,2025,28.35,,THPT
SPD,Đại học Đồng Tháp,7220201,Ngôn ngữ Anh,D01,2025,21.01,,THPT
SPD,Trường Đại Học Đồng Tháp,7220201,Ngôn ngữ Anh,D01,2025,18.16,,THPT
SPD,Đại học Đồng Tháp,7220204,Ngôn ngữ Trung Quốc,C00,2025,23.93,,THPT
SPD,Trường Đại Học Đồng Tháp,7220204,Ngôn ngữ Trung Quốc,C00,2025,25.08,,THPT
SPD,Trường Đại Học Đồng Tháp,7220204,Ngôn ngữ Trung Quốc,D01,2025,25.08,,THPT
SPD,Trường Đại Học Đồng Tháp,7220204,Ngôn ngữ Trung Quốc,D01,2025,25.08,,THPT
SPD,Đại học Đồng Tháp,7229042,Quản lý văn hoá,C00,2025,23.82,,THPT
SPD,Trường Đại Học Đồng Tháp,7229042,Quản lý văn hóa,C00,2025,22.65,,THPT
SPD,Đại học Đồng Tháp,7310101,Kinh tế,A00,2025,16.35,,THPT
SPD,Trường Đại Học Đồng Tháp,7310110,Quản lý kinh tế,A00,2025,17.03,,THPT
SPD,Trường Đại Học Đồng Tháp,7310110,Quản lý kinh tế,A00,2025,17.03,,THPT
SPD,Trường Đại Học Đồng Tháp,7310110,Quản lý kinh tế,A01,2025,17.03,,THPT
SPD,Trường Đại Học Đồng Tháp,7310110,Quản lý kinh tế,A01,2025,17.03,,THPT
SPD,Trường Đại Học Đồng Tháp,7310110,Quản lý kinh tế,D01,2025,17.03,,THPT
SPD,Trường Đại Học Đồng Tháp,7310110,Quản lý kinh tế,D01,2025,17.03,,THPT
SPD,Trường Đại Học Đồng Tháp,7310110,Quản lý kinh tế,D10,2025,17.03,,THPT
SPD,Trường Đại Học Đồng Tháp,7310110,Quản lý kinh tế,D10,2025,17.03,,THPT
SPD,Đại học Đồng Tháp,7310401,Tâm lý học,C00,2025,24.73,,THPT
SPD,Trường Đại Học Đồng Tháp,7310403,Tâm lý học giáo dục,C00,2025,23.56,,THPT
SPD,Trường Đại Học Đồng Tháp,7310403,Tâm lý học giáo dục,C00,2025,23.56,,THPT
SPD,Trường Đại Học Đồng Tháp,7310403,Tâm lý học giáo dục,D01,2025,23.56,,THPT
SPD,Trường Đại Học Đồng Tháp,7310403,Tâm lý học giáo dục,D01,2025,23.56,,THPT
SPD,Đại học Đồng Tháp,7310501,Địa lý học,C00,2025,25.81,,THPT
SPD,Trường Đại Học Đồng Tháp,7310501,Địa lý học,C00,2025,26.95,,THPT
SPD,Đại học Đồng Tháp,7310630,Việt Nam học,C00,2025,24.19,,THPT
SPD,Trường Đại Học Đồng Tháp,7310630,Việt Nam học,C00,2025,23.02,,THPT
SPD,Trường Đại Học Đồng Tháp,7310630,Việt Nam học,D01,2025,23.02,,THPT
SPD,Trường Đại Học Đồng Tháp,7310630,Việt Nam học,D01,2025,23.02,,THPT
SPD,Đại học Đồng Tháp,7320104,Truyền thông đa phương tiện,C00,2025,24.7,,THPT
SPD,Trường Đại Học Đồng Tháp,7320104,Truyền thông đa phương tiện,C00,2025,24.7,,THPT
SPD,Đại học Đồng Tháp,7340101,Quản trị Kinh doanh,A00,2025,18.12,,THPT
SPD,Trường Đại Học Đồng Tháp,7340101,Quản trị kinh doanh,A00,2025,18.12,,THPT
SPD,Trường Đại Học Đồng Tháp,7340101,Quản trị kinh doanh,A01,2025,18.12,,THPT
SPD,Trường Đại Học Đồng Tháp,7340101,Quản trị kinh doanh,A01,2025,18.12,,THPT
SPD,Trường Đại Học Đồng Tháp,7340101,Quản trị kinh doanh,D01,2025,18.12,,THPT
SPD,Trường Đại Học Đồng Tháp,7340101,Quản trị kinh doanh,D01,2025,18.12,,THPT
SPD,Trường Đại Học Đồng Tháp,7340101,Quản trị kinh doanh,D10,2025,18.12,,THPT
SPD,Trường Đại Học Đồng Tháp,7340101,Quản trị kinh doanh,D10,2025,18.12,,THPT
SPD,Đại học Đồng Tháp,7340120,Ngành Kinh doanh quốc tế,A00,2025,17.2,,THPT
SPD,Trường Đại Học Đồng Tháp,7340120,Kinh doanh quốc tế,A00,2025,16.53,,THPT
SPD,Trường Đại Học Đồng Tháp,7340120,Kinh doanh quốc tế,A01,2025,16.53,,THPT
SPD,Trường Đại Học Đồng Tháp,7340120,Kinh doanh quốc tế,A01,2025,16.53,,THPT
SPD,Trường Đại Học Đồng Tháp,7340120,Kinh doanh quốc tế,D01,2025,16.53,,THPT
SPD,Trường Đại Học Đồng Tháp,7340120,Kinh doanh quốc tế,D01,2025,16.53,,THPT
SPD,Trường Đại Học Đồng Tháp,7340120,Kinh doanh quốc tế,D10,2025,16.53,,THPT
SPD,Trường Đại Học Đồng Tháp,7340120,Kinh doanh quốc tế,D10,2025,16.53,,THPT
SPD,Đại học Đồng Tháp,7340201,Tài chính – Ngân hàng,A00,2025,19.35,,THPT
SPD,Trường Đại Học Đồng Tháp,7340201,Tài chính - Ngân hàng,A00,2025,20.99,,THPT
SPD,Trường Đại Học Đồng Tháp,7340201,Tài chính - Ngân hàng,A01,2025,20.99,,THPT
SPD,Trường Đại Học Đồng Tháp,7340201,Tài chính - Ngân hàng,A01,2025,20.99,,THPT
SPD,Trường Đại Học Đồng Tháp,7340201,Tài chính - Ngân hàng,D01,2025,20.99,,THPT
SPD,Trường Đại Học Đồng Tháp,7340201,Tài chính - Ngân hàng,D01,2025,20.99,,THPT
SPD,Trường Đại Học Đồng Tháp,7340201,Tài chính - Ngân hàng,D10,2025,20.99,,THPT
SPD,Trường Đại Học Đồng Tháp,7340201,Tài chính - Ngân hàng,D10,2025,20.99,,THPT
SPD,Đại học Đồng Tháp,7340301,Kế toán,A00,2025,18.41,,THPT
SPD,Trường Đại Học Đồng Tháp,7340301,Kế toán,A00,2025,18.41,,THPT
SPD,Trường Đại Học Đồng Tháp,7340301,Kế toán,A01,2025,18.41,,THPT
SPD,Trường Đại Học Đồng Tháp,7340301,Kế toán,A01,2025,18.41,,THPT
SPD,Trường Đại Học Đồng Tháp,7340301,Kế toán,D01,2025,18.41,,THPT
SPD,Trường Đại Học Đồng Tháp,7340301,Kế toán,D01,2025,18.41,,THPT
SPD,Trường Đại Học Đồng Tháp,7340301,Kế toán,D10,2025,18.41,,THPT
SPD,Trường Đại Học Đồng Tháp,7340301,Kế toán,D10,2025,18.41,,THPT
SPD,Đại học Đồng Tháp,7340403,Quản lý công,A00,2025,18.86,,THPT
SPD,Trường Đại Học Đồng Tháp,7340403,Quản lý công,A00,2025,17.22,,THPT
SPD,Trường Đại Học Đồng Tháp,7340403,Quản lý công,A01,2025,17.22,,THPT
SPD,Trường Đại Học Đồng Tháp,7340403,Quản lý công,A01,2025,17.22,,THPT
SPD,Trường Đại Học Đồng Tháp,7340403,Quản lý công,D01,2025,17.22,,THPT
SPD,Trường Đại Học Đồng Tháp,7340403,Quản lý công,D01,2025,17.22,,THPT
SPD,Trường Đại Học Đồng Tháp,7380101,Luật,A00,2025,24.62,,THPT
SPD,Trường Đại Học Đồng Tháp,7380101,Luật,A00,2025,24.62,,THPT
SPD,Đại học Đồng Tháp,7380101,Ngành Luật,C00,2025,23.94,,THPT
SPD,Trường Đại Học Đồng Tháp,7380101,Luật,C00,2025,24.62,,THPT
SPD,Trường Đại Học Đồng Tháp,7380101,Luật,D01,2025,24.62,,THPT
SPD,Trường Đại Học Đồng Tháp,7380101,Luật,D01,2025,24.62,,THPT
SPD,Trường Đại Học Đồng Tháp,7420201,Công nghệ sinh học,A00,2025,16.9,,THPT
SPD,Trường Đại Học Đồng Tháp,7420201,Công nghệ sinh học,A00,2025,16.9,,THPT
SPD,Đại học Đồng Tháp,7420201,Công nghệ sinh học,B00,2025,18.11,,THPT
SPD,Trường Đại Học Đồng Tháp,7420201,Công nghệ sinh học,B00,2025,16.9,,THPT
SPD,Trường Đại Học Đồng Tháp,7420201,Công nghệ sinh học,D08,2025,16.9,,THPT
SPD,Trường Đại Học Đồng Tháp,7420201,Công nghệ sinh học,D08,2025,16.9,,THPT
SPD,Trường Đại Học Đồng Tháp,7440301,Khoa học môi trường,A00,2025,16.19,,THPT
SPD,Trường Đại Học Đồng Tháp,7440301,Khoa học môi trường,A00,2025,16.19,,THPT
SPD,Đại học Đồng Tháp,7440301,Khoa học môi trường,B00,2025,15.79,,THPT
SPD,Trường Đại Học Đồng Tháp,7440301,Khoa học môi trường,B00,2025,16.19,,THPT
SPD,Trường Đại Học Đồng Tháp,7440301,Khoa học môi trường,D07,2025,16.19,,THPT
SPD,Trường Đại Học Đồng Tháp,7440301,Khoa học môi trường,D07,2025,16.19,,THPT
SPD,Trường Đại Học Đồng Tháp,7440301,Khoa học môi trường,D08,2025,16.19,,THPT
SPD,Trường Đại Học Đồng Tháp,7440301,Khoa học môi trường,D08,2025,16.19,,THPT
SPD,Đại học Đồng Tháp,7480101,Khoa học máy tính,A00,2025,16.89,,THPT
SPD,Trường Đại Học Đồng Tháp,7480101,Khoa học Máy tính,A00,2025,16.16,,THPT
SPD,Trường Đại Học Đồng Tháp,7480101,Khoa học Máy tính,A01,2025,16.16,,THPT
SPD,Trường Đại Học Đồng Tháp,7480101,Khoa học Máy tính,A01,2025,16.16,,THPT
SPD,Trường Đại Học Đồng Tháp,7480101,Khoa học Máy tính,D01,2025,16.16,,THPT
SPD,Trường Đại Học Đồng Tháp,7480101,Khoa học Máy tính,D01,2025,16.16,,THPT
SPD,Đại học Đồng Tháp,7480201,Công nghệ thông tin,A00,2025,18.54,,THPT
SPD,Trường Đại Học Đồng Tháp,7480201,Công nghệ thông tin,A00,2025,18.82,,THPT
SPD,Trường Đại Học Đồng Tháp,7480201,Công nghệ thông tin,A01,2025,18.82,,THPT
SPD,Trường Đại Học Đồng Tháp,7480201,Công nghệ thông tin,A01,2025,18.82,,THPT
SPD,Trường Đại Học Đồng Tháp,7480201,Công nghệ thông tin,D01,2025,18.82,,THPT
SPD,Trường Đại Học Đồng Tháp,7480201,Công nghệ thông tin,D01,2025,18.82,,THPT
SPD,Đại học Đồng Tháp,7510205,Công nghệ kỹ thuật ô tô,A00,2025,18.53,,THPT
SPD,Trường Đại Học Đồng Tháp,7510205,Công nghệ kỹ thuật ô tô,A00,2025,18.8,,THPT
SPD,Trường Đại Học Đồng Tháp,7510205,Công nghệ kỹ thuật ô tô,A01,2025,18.8,,THPT
SPD,Trường Đại Học Đồng Tháp,7510205,Công nghệ kỹ thuật ô tô,A01,2025,18.8,,THPT
SPD,Đại học Đồng Tháp,7510605,Logistics và Quản lý chuỗi cung ứng,A00,2025,19.69,,THPT
SPD,Trường Đại Học Đồng Tháp,7510605,Logistics và Quản lý chuỗi cung ứng,A00,2025,20.37,,THPT
SPD,Trường Đại Học Đồng Tháp,7510605,Logistics và Quản lý chuỗi cung ứng,A01,2025,20.37,,THPT
SPD,Trường Đại Học Đồng Tháp,7510605,Logistics và Quản lý chuỗi cung ứng,A01,2025,20.37,,THPT
SPD,Trường Đại Học Đồng Tháp,7510605,Logistics và Quản lý chuỗi cung ứng,D01,2025,20.37,,THPT
SPD,Trường Đại Học Đồng Tháp,7510605,Logistics và Quản lý chuỗi cung ứng,D01,2025,20.37,,THPT
SPD,Trường Đại Học Đồng Tháp,7540101,Công nghệ thực phẩm,A00,2025,20.12,,THPT
SPD,Trường Đại Học Đồng Tháp,7540101,Công nghệ thực phẩm,A00,2025,20.12,,THPT
SPD,Đại học Đồng Tháp,7540101,Công nghệ thực phẩm,B00,2025,19.72,,THPT
SPD,Trường Đại Học Đồng Tháp,7540101,Công nghệ thực phẩm,B00,2025,20.12,,THPT
SPD,Trường Đại Học Đồng Tháp,7540101,Công nghệ thực phẩm,D07,2025,20.12,,THPT
SPD,Trường Đại Học Đồng Tháp,7540101,Công nghệ thực phẩm,D07,2025,20.12,,THPT
SPD,Trường Đại Học Đồng Tháp,7540101,Công nghệ thực phẩm,D08,2025,20.12,,THPT
SPD,Trường Đại Học Đồng Tháp,7540101,Công nghệ thực phẩm,D08,2025,20.12,,THPT
SPD,Đại học Đồng Tháp,7580201,Kỹ thuật xây dựng,A00,2025,15.92,,THPT
SPD,Trường Đại Học Đồng Tháp,7580201,Kỹ thuật xây dựng,A00,2025,16.18,,THPT
SPD,Trường Đại Học Đồng Tháp,7580201,Kỹ thuật xây dựng,A01,2025,16.18,,THPT
SPD,Trường Đại Học Đồng Tháp,7580201,Kỹ thuật xây dựng,A01,2025,16.18,,THPT
SPD,Trường Đại Học Đồng Tháp,7580201,Kỹ thuật xây dựng,D01,2025,16.18,,THPT
SPD,Trường Đại Học Đồng Tháp,7580201,Kỹ thuật xây dựng,D01,2025,16.18,,THPT
SPD,Đại học Đồng Tháp,7620103,Khoa học đất,A00,2025,15.0,,THPT
SPD,Trường Đại Học Đồng Tháp,7620103,Khoa học đất,A00,2025,16.21,,THPT
SPD,Trường Đại Học Đồng Tháp,7620103,Khoa học đất,B00,2025,16.21,,THPT
SPD,Trường Đại Học Đồng Tháp,7620103,Khoa học đất,B00,2025,16.21,,THPT
SPD,Trường Đại Học Đồng Tháp,7620103,Khoa học đất,D07,2025,16.21,,THPT
SPD,Trường Đại Học Đồng Tháp,7620103,Khoa học đất,D07,2025,16.21,,THPT
SPD,Trường Đại Học Đồng Tháp,7620109,Nông học,A00,2025,18.58,,THPT
SPD,Trường Đại Học Đồng Tháp,7620109,Nông học,A00,2025,18.58,,THPT
SPD,Đại học Đồng Tháp,7620109,Nông học,B00,2025,17.9,,THPT
SPD,Trường Đại Học Đồng Tháp,7620109,Nông học,B00,2025,18.58,,THPT
SPD,Trường Đại Học Đồng Tháp,7620109,Nông học,D07,2025,18.58,,THPT
SPD,Trường Đại Học Đồng Tháp,7620109,Nông học,D07,2025,18.58,,THPT
SPD,Trường Đại Học Đồng Tháp,7620109,Nông học,D08,2025,18.58,,THPT
SPD,Trường Đại Học Đồng Tháp,7620109,Nông học,D08,2025,18.58,,THPT
SPD,Trường Đại Học Đồng Tháp,7620301,Nuôi trồng thủy sản,A00,2025,16.75,,THPT
SPD,Trường Đại Học Đồng Tháp,7620301,Nuôi trồng thủy sản,A00,2025,16.75,,THPT
SPD,Đại học Đồng Tháp,7620301,ĐH Nuôi trồng thủy sản,B00,2025,16.07,,THPT
SPD,Trường Đại Học Đồng Tháp,7620301,Nuôi trồng thủy sản,B00,2025,16.75,,THPT
SPD,Trường Đại Học Đồng Tháp,7620301,Nuôi trồng thủy sản,D07,2025,16.75,,THPT
SPD,Trường Đại Học Đồng Tháp,7620301,Nuôi trồng thủy sản,D07,2025,16.75,,THPT
SPD,Trường Đại Học Đồng Tháp,7620301,Nuôi trồng thủy sản,D08,2025,16.75,,THPT
SPD,Trường Đại Học Đồng Tháp,7620301,Nuôi trồng thủy sản,D08,2025,16.75,,THPT
SPD,Trường Đại Học Đồng Tháp,7640101,Thú y,A00,2025,18.81,,THPT
SPD,Trường Đại Học Đồng Tháp,7640101,Thú y,A00,2025,18.81,,THPT
SPD,Đại học Đồng Tháp,7640101,Thú y,B00,2025,19.75,,THPT
SPD,Trường Đại Học Đồng Tháp,7640101,Thú y,B00,2025,18.81,,THPT
SPD,Đại học Đồng Tháp,7760101,Công tác xã hội,C00,2025,23.81,,THPT
SPD,Trường Đại Học Đồng Tháp,7760101,Công tác xã hội,C00,2025,24.49,,THPT
SPD,Trường Đại Học Đồng Tháp,7850101,Quản lý tài nguyên và môi trường,A00,2025,16.68,,THPT
SPD,Trường Đại Học Đồng Tháp,7850101,Quản lý tài nguyên và môi trường,A00,2025,16.68,,THPT
SPD,Đại học Đồng Tháp,7850101,Quản lý tài nguyên và môi trường,B00,2025,16.0,,THPT
SPD,Trường Đại Học Đồng Tháp,7850101,Quản lý tài nguyên và môi trường,B00,2025,16.68,,THPT
SPD,Trường Đại Học Đồng Tháp,7850101,Quản lý tài nguyên và môi trường,D07,2025,16.68,,THPT
SPD,Trường Đại Học Đồng Tháp,7850101,Quản lý tài nguyên và môi trường,D07,2025,16.68,,THPT
SPD,Trường Đại Học Đồng Tháp,7850101,Quản lý tài nguyên và môi trường,D08,2025,16.68,,THPT
SPD,Trường Đại Học Đồng Tháp,7850101,Quản lý tài nguyên và môi trường,D08,2025,16.68,,THPT
SPD,Trường Đại Học Đồng Tháp,7850103,Quản lý đất đai,A00,2025,16.03,,THPT
SPD,Trường Đại Học Đồng Tháp,7850103,Quản lý đất đai,A00,2025,16.03,,THPT
SPD,Trường Đại Học Đồng Tháp,7850103,Quản lý đất đai,A01,2025,16.03,,THPT
SPD,Trường Đại Học Đồng Tháp,7850103,Quản lý đất đai,A01,2025,16.03,,THPT
SPD,Trường Đại Học Đồng Tháp,7850103,Quản lý đất đai,B00,2025,16.03,,THPT
SPD,Đại học Đồng Tháp,7850103,Quản lý đất đai,B00,2025,16.04,,THPT
SPD,Trường Đại Học Đồng Tháp,7850103,Quản lý đất đai,D07,2025,16.03,,THPT
SPD,Trường Đại Học Đồng Tháp,7850103,Quản lý đất đai,D07,2025,16.03,,THPT
SPH,Trường Đại Học Sư Phạm Hà Nội,7140114,Quản lí giáo dục,D01,2025,24.68,,THPT
SPH,Trường Đại Học Sư Phạm Hà Nội,7140114,Quản lí giáo dục,D01,2025,24.68,,THPT
SPH,Đại học Sư phạm Hà Nội,7140114,Quản lý giáo dục,D01,2025,24.68,,THPT
SPH,Đại học Sư phạm Hà Nội,7140202,Giáo dục Tiểu học,D01,2025,25.17,,THPT
SPH,Đại học Sư phạm Hà Nội,7140202K,Giáo dục Tiểu học - Sư phạm tiếng Anh,D01,2025,24.99,,THPT
SPH,Đại học Sư phạm Hà Nội,7140203,Giáo dục Đặc biệt,C00,2025,27.55,,THPT
SPH,Trường Đại Học Sư Phạm Hà Nội,7140203,Giáo dục đặc biệt,C00,2025,27.55,,THPT
SPH,Trường Đại Học Sư Phạm Hà Nội,7140203,Giáo dục đặc biệt,C00,2025,27.55,,THPT
SPH,Trường Đại Học Sư Phạm Hà Nội,7140203,Giáo dục đặc biệt,D01,2025,27.55,,THPT
SPH,Đại học Sư phạm Hà Nội,7140203,Giáo dục Đặc biệt,D01,2025,27.55,,THPT
SPH,Trường Đại Học Sư Phạm Hà Nội,7140203,Giáo dục đặc biệt,D01,2025,27.55,,THPT
SPH,Trường Đại Học Sư Phạm Hà Nội,7140204,Giáo dục công dân,C00,2025,27.67,,THPT
SPH,Trường Đại Học Sư Phạm Hà Nội,7140205,Giáo dục chính trị,C00,2025,28.22,,THPT
SPH,Đại học Sư phạm Hà Nội,7140208,Giáo dục Quốc phòng - An ninh,C00,2025,27.27,,THPT
SPH,Trường Đại Học Sư Phạm Hà Nội,7140208,Giáo dục Quốc phòng và An ninh,C00,2025,27.27,,THPT
SPH,Trường Đại Học Sư Phạm Hà Nội,7140208,Giáo dục Quốc phòng và An ninh,C00,2025,27.27,,THPT
SPH,Trường Đại Học Sư Phạm Hà Nội,7140208,Giáo dục Quốc phòng và An ninh,D01,2025,27.27,,THPT
SPH,Đại học Sư phạm Hà Nội,7140208,Giáo dục Quốc phòng - An ninh,D01,2025,27.27,,THPT
SPH,Trường Đại Học Sư Phạm Hà Nội,7140208,Giáo dục Quốc phòng và An ninh,D01,2025,27.27,,THPT
SPH,Đại học Sư phạm Hà Nội,7140209,Sư phạm Toán học,A00,2025,28.27,,THPT
SPH,Trường Đại Học Sư Phạm Hà Nội,7140209,Sư phạm Toán học,A00,2025,28.27,,THPT
SPH,Trường Đại Học Sư Phạm Hà Nội,7140209,Sư phạm Toán học,A00,2025,28.27,,THPT
SPH,Trường Đại Học Sư Phạm Hà Nội,7140209,Sư phạm Toán học,A01,2025,28.27,,THPT
SPH,Đại học Sư phạm Hà Nội,7140209,Sư phạm Toán học,A01,2025,28.27,,THPT
SPH,Trường Đại Học Sư Phạm Hà Nội,7140209,Sư phạm Toán học,A01,2025,28.27,,THPT
SPH,Đại học Sư phạm Hà Nội,7140209K,Sư phạm Toán học (học bằng tiếng Anh),A01,2025,28.36,,THPT
SPH,Trường Đại Học Sư Phạm Hà Nội,7140209K,Sư phạm Toán học (dạy Toán bằng tiếng Anh),A01,2025,28.36,,THPT
SPH,Trường Đại Học Sư Phạm Hà Nội,7140209K,Sư phạm Toán học (dạy Toán bằng tiếng Anh),A01,2025,28.36,,THPT
SPH,Trường Đại Học Sư Phạm Hà Nội,7140209K,Sư phạm Toán học (dạy Toán bằng tiếng Anh),D01,2025,28.36,,THPT
SPH,Trường Đại Học Sư Phạm Hà Nội,7140209K,Sư phạm Toán học (dạy Toán bằng tiếng Anh),D01,2025,28.36,,THPT
SPH,Đại học Sư phạm Hà Nội,7140209K,Sư phạm Toán học (học bằng tiếng Anh),D01,2025,28.36,,THPT
SPH,Đại học Sư phạm Hà Nội,7140210,Sư phạm Tin học (Chuyên ngành Tin học – Công nghệ Tiểu học),A00,2025,24.83,,THPT
SPH,Trường Đại Học Sư Phạm Hà Nội,7140210,Sư phạm Tin học,A00,2025,24.85,,THPT
SPH,Trường Đại Học Sư Phạm Hà Nội,7140210,Sư phạm Tin học,A00,2025,24.85,,THPT
SPH,Trường Đại Học Sư Phạm Hà Nội,7140210,Sư phạm Tin học,A01,2025,24.85,,THPT
SPH,Đại học Sư phạm Hà Nội,7140210,Sư phạm Tin học (Chuyên ngành Tin học – Công nghệ Tiểu học),A01,2025,24.83,,THPT
SPH,Trường Đại Học Sư Phạm Hà Nội,7140210,Sư phạm Tin học,A01,2025,24.85,,THPT
SPH,Đại học Sư phạm Hà Nội,7140211,Sư phạm Vật lý,A00,2025,28.31,,THPT
SPH,Trường Đại Học Sư Phạm Hà Nội,7140211,Sư phạm Vật lí,A00,2025,28.31,,THPT
SPH,Trường Đại Học Sư Phạm Hà Nội,7140211,Sư phạm Vật lí,A00,2025,28.31,,THPT
SPH,Trường Đại Học Sư Phạm Hà Nội,7140211,Sư phạm Vật lí,A01,2025,28.31,,THPT
SPH,Đại học Sư phạm Hà Nội,7140211,Sư phạm Vật lý,A01,2025,28.31,,THPT
SPH,Trường Đại Học Sư Phạm Hà Nội,7140211,Sư phạm Vật lí,A01,2025,28.31,,THPT
SPH,Đại học Sư phạm Hà Nội,7140211K,Sư phạm Vật lí (học bằng tiếng Anh),A00,2025,27.78,,THPT
SPH,Trường Đại Học Sư Phạm Hà Nội,7140211K,Sư phạm Vật lí (dạy Toán bằng tiếng Anh),A00,2025,27.78,,THPT
SPH,Trường Đại Học Sư Phạm Hà Nội,7140211K,Sư phạm Vật lí (dạy Toán bằng tiếng Anh),A00,2025,27.78,,THPT
SPH,Trường Đại Học Sư Phạm Hà Nội,7140211K,Sư phạm Vật lí (dạy Toán bằng tiếng Anh),A01,2025,27.78,,THPT
SPH,Đại học Sư phạm Hà Nội,7140211K,Sư phạm Vật lí (học bằng tiếng Anh),A01,2025,27.78,,THPT
SPH,Trường Đại Học Sư Phạm Hà Nội,7140211K,Sư phạm Vật lí (dạy Toán bằng tiếng Anh),A01,2025,27.78,,THPT
SPH,Đại học Sư phạm Hà Nội,7140212,Sư phạm Hóa học,A00,2025,28.42,,THPT
SPH,Trường Đại Học Sư Phạm Hà Nội,7140212,Sư phạm Hoá học,A00,2025,28.37,,THPT
SPH,Trường Đại Học Sư Phạm Hà Nội,7140212,Sư phạm Hoá học,A00,2025,28.37,,THPT
SPH,Trường Đại Học Sư Phạm Hà Nội,7140212,Sư phạm Hoá học,B00,2025,28.37,,THPT
SPH,Trường Đại Học Sư Phạm Hà Nội,7140212,Sư phạm Hoá học,B00,2025,28.37,,THPT
SPH,Đại học Sư phạm Hà Nội,7140212,Sư phạm Hóa học,B00,2025,28.42,,THPT
SPH,Đại học Sư phạm Hà Nội,7140212K,Sư phạm Hóa học (học bằng tiếng Anh),D07,2025,26.13,,THPT
SPH,Đại học Sư phạm Hà Nội,7140213,Sư phạm Sinh học,B00,2025,26.27,,THPT
SPH,Trường Đại Học Sư Phạm Hà Nội,7140213,Sư phạm Sinh học,B00,2025,26.27,,THPT
SPH,Trường Đại Học Sư Phạm Hà Nội,7140213,Sư phạm Sinh học,D08,2025,26.27,,THPT
SPH,Đại học Sư phạm Hà Nội,7140217,Sư phạm Ngữ văn,C00,2025,28.48,,THPT
SPH,Trường Đại Học Sư Phạm Hà Nội,7140217,Sư phạm Ngữ văn,C00,2025,28.48,,THPT
SPH,Trường Đại Học Sư Phạm Hà Nội,7140217,Sư phạm Ngữ văn,C00,2025,28.48,,THPT
SPH,Trường Đại Học Sư Phạm Hà Nội,7140217,Sư phạm Ngữ văn,D01,2025,28.48,,THPT
SPH,Đại học Sư phạm Hà Nội,7140217,Sư phạm Ngữ văn,D01,2025,28.48,,THPT
SPH,Trường Đại Học Sư Phạm Hà Nội,7140217,Sư phạm Ngữ văn,D01,2025,28.48,,THPT
SPH,Đại học Sư phạm Hà Nội,7140218,Sư phạm Lịch sử,C00,2025,29.06,,THPT
SPH,Trường Đại Học Sư Phạm Hà Nội,7140218,Sư phạm Lịch sử,C00,2025,29.06,,THPT
SPH,Trường Đại Học Sư Phạm Hà Nội,7140218,Sư phạm Lịch sử,C00,2025,29.06,,THPT
SPH,Đại học Sư phạm Hà Nội,7140219,Sư phạm Địa lý,C00,2025,28.79,,THPT
SPH,Trường Đại Học Sư Phạm Hà Nội,7140219,Sư phạm Địa lí,C00,2025,28.79,,THPT
SPH,Trường Đại Học Sư Phạm Hà Nội,7140219,Sư phạm Địa lí,C00,2025,28.79,,THPT
SPH,Đại học Sư phạm Hà Nội,7140231,Sư phạm Tiếng Anh,D01,2025,26.3,,THPT
SPH,Đại học Sư phạm Hà Nội,7140233,Sư phạm Tiếng Pháp,D01,2025,27.15,,THPT
SPH,Trường Đại Học Sư Phạm Hà Nội,7140233,Sư phạm Tiếng Pháp,D01,2025,27.15,,THPT
SPH,Đại học Sư phạm Hà Nội,7140246,Sư phạm công nghệ,A00,2025,21.75,,THPT
SPH,Trường Đại Học Sư Phạm Hà Nội,7140246,Sư phạm Công nghệ,A00,2025,21.75,,THPT
SPH,Trường Đại Học Sư Phạm Hà Nội,7140246,Sư phạm Công nghệ,A00,2025,21.75,,THPT
SPH,Trường Đại Học Sư Phạm Hà Nội,7140246,Sư phạm Công nghệ,A01,2025,21.75,,THPT
SPH,Đại học Sư phạm Hà Nội,7140246,Sư phạm công nghệ,A01,2025,21.75,,THPT
SPH,Trường Đại Học Sư Phạm Hà Nội,7140246,Sư phạm Công nghệ,A01,2025,21.75,,THPT
SPH,Đại học Sư phạm Hà Nội,7140247,Sư phạm khoa học tự nhiên,A00,2025,27.06,,THPT
SPH,Trường Đại Học Sư Phạm Hà Nội,7140247,Sư phạm Khoa học tự nhiên,A00,2025,27.06,,THPT
SPH,Trường Đại Học Sư Phạm Hà Nội,7140247,Sư phạm Khoa học tự nhiên,A00,2025,27.06,,THPT
SPH,Trường Đại Học Sư Phạm Hà Nội,7140247,Sư phạm Khoa học tự nhiên,B00,2025,27.06,,THPT
SPH,Trường Đại Học Sư Phạm Hà Nội,7140247,Sư phạm Khoa học tự nhiên,B00,2025,27.06,,THPT
SPH,Đại học Sư phạm Hà Nội,7140247,Sư phạm khoa học tự nhiên,B00,2025,27.06,,THPT
SPH,Đại học Sư phạm Hà Nội,7140249,Sư phạm Lịch sử - Địa lý,C00,2025,28.6,,THPT
SPH,Đại học Sư phạm Hà Nội,7220101,Tiếng Việt & Văn hóa Việt Nam,C00,2025,26.36,,THPT
SPH,Trường Đại Học Sư Phạm Hà Nội,7220101,Tiếng Việt và văn hóa Việt Nam (mới),C00,2025,26.36,,THPT
SPH,Trường Đại Học Sư Phạm Hà Nội,7220101,Tiếng Việt và văn hóa Việt Nam (mới),C00,2025,26.36,,THPT
SPH,Đại học Sư phạm Hà Nội,7220201,Ngôn ngữ Anh,D01,2025,24.56,,THPT
SPH,Đại học Sư phạm Hà Nội,7220204,Ngôn ngữ Trung Quốc,D01,2025,26.76,,THPT
SPH,Trường Đại Học Sư Phạm Hà Nội,7220204,Ngôn ngữ Trung Quốc,D01,2025,26.76,,THPT
SPH,Đại học Sư phạm Hà Nội,7229001,Triết học,C00,2025,24.87,,THPT
SPH,Trường Đại Học Sư Phạm Hà Nội,7229001,Triết học (Triết học Mác Lê-nin),C00,2025,24.68,,THPT
SPH,Trường Đại Học Sư Phạm Hà Nội,7229001,Triết học (Triết học Mác Lê-nin),C00,2025,24.68,,THPT
SPH,Đại học Sư phạm Hà Nội,7229010,Lịch sử,C00,2025,27.75,,THPT
SPH,Trường Đại Học Sư Phạm Hà Nội,7229010,Lịch sử (mới),C00,2025,27.75,,THPT
SPH,Trường Đại Học Sư Phạm Hà Nội,7229010,Lịch sử (mới),C00,2025,27.75,,THPT
SPH,Đại học Sư phạm Hà Nội,7229030,Văn học,C00,2025,27.64,,THPT
SPH,Trường Đại Học Sư Phạm Hà Nội,7229030,Văn học,C00,2025,27.64,,THPT
SPH,Trường Đại Học Sư Phạm Hà Nội,7229030,Văn học,C00,2025,27.64,,THPT
SPH,Trường Đại Học Sư Phạm Hà Nội,7229030,Văn học,D01,2025,27.64,,THPT
SPH,Đại học Sư phạm Hà Nội,7229030,Văn học,D01,2025,27.64,,THPT
SPH,Trường Đại Học Sư Phạm Hà Nội,7229030,Văn học,D01,2025,27.64,,THPT
SPH,Trường Đại Học Sư Phạm Hà Nội,7310201,Chính trị học,C00,2025,25.1,,THPT
SPH,Đại học Sư phạm Hà Nội,7310301,Xã hội học,C00,2025,26.0,,THPT
SPH,Trường Đại Học Sư Phạm Hà Nội,7310301,Xã hội học (mới),C00,2025,25.8,,THPT
SPH,Trường Đại Học Sư Phạm Hà Nội,7310301,Xã hội học (mới),C00,2025,25.8,,THPT
SPH,Trường Đại Học Sư Phạm Hà Nội,7310401,Tâm lý học (Tâm lý học trường học),D01,2025,23.23,,THPT
SPH,Trường Đại Học Sư Phạm Hà Nội,7310401,Tâm lý học (Tâm lý học trường học),D01,2025,23.23,,THPT
SPH,Đại học Sư phạm Hà Nội,7310403,Tâm lý học giáo dục,D01,2025,23.96,,THPT
SPH,Trường Đại Học Sư Phạm Hà Nội,7310403,Tâm lý học giáo dục,D01,2025,23.75,,THPT
SPH,Trường Đại Học Sư Phạm Hà Nội,7310403,Tâm lý học giáo dục,D01,2025,23.75,,THPT
SPH,Đại học Sư phạm Hà Nội,7310630,Việt Nam học,D01,2025,20.0,,THPT
SPH,Trường Đại Học Sư Phạm Hà Nội,7310630,Việt Nam học (Tuyển sinh người Việt Nam),D01,2025,20.0,,THPT
SPH,Đại học Sư phạm Hà Nội,7420101,Sinh hoc,B00,2025,19.0,,THPT
SPH,Trường Đại Học Sư Phạm Hà Nội,7420101,Sinh học,B00,2025,19.0,,THPT
SPH,Trường Đại Học Sư Phạm Hà Nội,7420101,Sinh học,B00,2025,19.0,,THPT
SPH,Trường Đại Học Sư Phạm Hà Nội,7420101,Sinh học,D08,2025,19.0,,THPT
SPH,Trường Đại Học Sư Phạm Hà Nội,7420201,Công nghệ sinh học (mới),B00,2025,19.25,,THPT
SPH,Đại học Sư phạm Hà Nội,7420201,Công nghệ sinh học,B00,2025,19.25,,THPT
SPH,Đại học Sư phạm Hà Nội,7440102,Vật lý học,A00,2025,22.35,,THPT
SPH,Trường Đại Học Sư Phạm Hà Nội,7440102,Vật lí học (vật lí bán dẫn và kỹ thuật) (mới),A00,2025,22.35,,THPT
SPH,Trường Đại Học Sư Phạm Hà Nội,7440102,Vật lí học (vật lí bán dẫn và kỹ thuật) (mới),A00,2025,22.35,,THPT
SPH,Trường Đại Học Sư Phạm Hà Nội,7440102,Vật lí học (vật lí bán dẫn và kỹ thuật) (mới),A01,2025,22.35,,THPT
SPH,Đại học Sư phạm Hà Nội,7440102,Vật lý học,A01,2025,22.35,,THPT
SPH,Trường Đại Học Sư Phạm Hà Nội,7440102,Vật lí học (vật lí bán dẫn và kỹ thuật) (mới),A01,2025,22.35,,THPT
SPH,Đại học Sư phạm Hà Nội,7440112,Hóa học,A00,2025,23.0,,THPT
SPH,Trường Đại Học Sư Phạm Hà Nội,7440112,Hóa học,A00,2025,23.0,,THPT
SPH,Trường Đại Học Sư Phạm Hà Nội,7440112,Hóa học,A00,2025,23.0,,THPT
SPH,Trường Đại Học Sư Phạm Hà Nội,7440112,Hóa học,B00,2025,23.0,,THPT
SPH,Trường Đại Học Sư Phạm Hà Nội,7440112,Hóa học,B00,2025,23.0,,THPT
SPH,Đại học Sư phạm Hà Nội,7440112,Hóa học,B00,2025,23.0,,THPT
SPH,Trường Đại Học Sư Phạm Hà Nội,7440112,Hóa học,D07,2025,23.0,,THPT
SPH,Trường Đại Học Sư Phạm Hà Nội,7440112,Hóa học,D07,2025,23.0,,THPT
SPH,Đại học Sư phạm Hà Nội,7440112,Hóa học,D07,2025,23.0,,THPT
SPH,Đại học Sư phạm Hà Nội,7460101,Toán học,A00,2025,25.47,,THPT
SPH,Trường Đại Học Sư Phạm Hà Nội,7460101,Toán học,A00,2025,25.5,,THPT
SPH,Trường Đại Học Sư Phạm Hà Nội,7460101,Toán học,A00,2025,25.5,,THPT
SPH,Trường Đại Học Sư Phạm Hà Nội,7460101,Toán học,A01,2025,25.5,,THPT
SPH,Đại học Sư phạm Hà Nội,7460101,Toán học,A01,2025,25.47,,THPT
SPH,Trường Đại Học Sư Phạm Hà Nội,7460101,Toán học,A01,2025,25.5,,THPT
SPH,Đại học Sư phạm Hà Nội,7480201,Công nghệ thông tin,A00,2025,20.6,,THPT
SPH,Trường Đại Học Sư Phạm Hà Nội,7480201,Công nghệ thông tin,A00,2025,20.6,,THPT
SPH,Trường Đại Học Sư Phạm Hà Nội,7480201,Công nghệ thông tin,A00,2025,20.6,,THPT
SPH,Trường Đại Học Sư Phạm Hà Nội,7480201,Công nghệ thông tin,A01,2025,20.6,,THPT
SPH,Đại học Sư phạm Hà Nội,7480201,Công nghệ thông tin,A01,2025,20.6,,THPT
SPH,Trường Đại Học Sư Phạm Hà Nội,7480201,Công nghệ thông tin,A01,2025,20.6,,THPT
SPH,Đại học Sư phạm Hà Nội,7760101,Công tác xã hội,C00,2025,26.13,,THPT
SPH,Trường Đại Học Sư Phạm Hà Nội,7760101,Công tác xã hội,C00,2025,26.04,,THPT
SPH,Trường Đại Học Sư Phạm Hà Nội,7760101,Công tác xã hội,C00,2025,26.04,,THPT
SPH,Đại học Sư phạm Hà Nội,7760103,Hỗ trợ giáo dục người khuyết tật,C00,2025,25.29,,THPT
SPH,Trường Đại Học Sư Phạm Hà Nội,7760103,Hỗ trợ giáo dục người khuyết tật,C00,2025,25.28,,THPT
SPH,Trường Đại Học Sư Phạm Hà Nội,7760103,Hỗ trợ giáo dục người khuyết tật,C00,2025,25.28,,THPT
SPH,Trường Đại Học Sư Phạm Hà Nội,7760103,Hỗ trợ giáo dục người khuyết tật,D01,2025,25.28,,THPT
SPH,Đại học Sư phạm Hà Nội,7760103,Hỗ trợ giáo dục người khuyết tật,D01,2025,25.29,,THPT
SPH,Trường Đại Học Sư Phạm Hà Nội,7760103,Hỗ trợ giáo dục người khuyết tật,D01,2025,25.28,,THPT
SPH,Đại học Sư phạm Hà Nội,7810103,Quản trị dịch vụ du lịch và lữ hành,D01,2025,20.25,,THPT
SPH,Trường Đại Học Sư Phạm Hà Nội,7810103,Quản trị dịch vụ du lịch và lữ hành,D01,2025,20.25,,THPT
SPK,Đại học Sư phạm Kỹ thuật TP HCM,7140231V,Sư phạm Tiếng Anh,D01,2025,29.57,,THPT
SPK,Trường Đại Học Công nghệ Kỹ thuật TP HCM,7140231V,Sư phạm tiếng Anh (đào tạo bằng tiếng Việt),D01,2025,28.89,,THPT
SPK,Trường Đại Học Công nghệ Kỹ thuật TP HCM,7140231V,Sư phạm tiếng Anh (đào tạo bằng tiếng Việt),D09,2025,28.89,,THPT
SPK,Đại học Sư phạm Kỹ thuật TP HCM,7140231V,Sư phạm Tiếng Anh,D09,2025,29.57,,THPT
SPK,Trường Đại Học Công nghệ Kỹ thuật TP HCM,7140231V,Sư phạm tiếng Anh (đào tạo bằng tiếng Việt),D10,2025,28.89,,THPT
SPK,Đại học Sư phạm Kỹ thuật TP HCM,7140231V,Sư phạm Tiếng Anh,D10,2025,29.57,,THPT
SPK,Đại học Sư phạm Kỹ thuật TP HCM,7140246V,Sư phạm Công nghệ,A00,2025,26.79,,THPT
SPK,Trường Đại Học Công nghệ Kỹ thuật TP HCM,7140246V,Sư phạm công nghệ (đào tạo bằng tiếng Việt),A00,2025,28.27,,THPT
SPK,Trường Đại Học Công nghệ Kỹ thuật TP HCM,7140246V,Sư phạm công nghệ (đào tạo bằng tiếng Việt),A01,2025,28.27,,THPT
SPK,Đại học Sư phạm Kỹ thuật TP HCM,7140246V,Sư phạm Công nghệ,A01,2025,26.79,,THPT
SPK,Trường Đại Học Công nghệ Kỹ thuật TP HCM,7140246V,Sư phạm công nghệ (đào tạo bằng tiếng Việt),D01,2025,28.27,,THPT
SPK,Đại học Sư phạm Kỹ thuật TP HCM,7140246V,Sư phạm Công nghệ,D01,2025,26.79,,THPT
SPK,Đại học Sư phạm Kỹ thuật TP HCM,7220201BP,Ngôn ngữ Anh (phân hiệu Bình Phước),D01,2025,24.0,,THPT
SPK,Trường Đại Học Công nghệ Kỹ thuật TP HCM,7220201BP,Ngôn ngữ Anh (đào tạo tại phân hiệu Bình Phước),D01,2025,23.32,,THPT
SPK,Trường Đại Học Công nghệ Kỹ thuật TP HCM,7220201BP,Ngôn ngữ Anh (đào tạo tại phân hiệu Bình Phước),D09,2025,23.32,,THPT
SPK,Đại học Sư phạm Kỹ thuật TP HCM,7220201BP,Ngôn ngữ Anh (phân hiệu Bình Phước),D09,2025,24.0,,THPT
SPK,Trường Đại Học Công nghệ Kỹ thuật TP HCM,7220201BP,Ngôn ngữ Anh (đào tạo tại phân hiệu Bình Phước),D10,2025,23.32,,THPT
SPK,Đại học Sư phạm Kỹ thuật TP HCM,7220201BP,Ngôn ngữ Anh (phân hiệu Bình Phước),D10,2025,24.0,,THPT
SPK,Đại học Sư phạm Kỹ thuật TP HCM,7220201V,Ngôn ngữ Anh,D01,2025,26.6,,THPT
SPK,Trường Đại Học Công nghệ Kỹ thuật TP HCM,7220201V,Ngôn ngữ Anh (đào tạo bằng tiếng Việt),D01,2025,25.92,,THPT
SPK,Trường Đại Học Công nghệ Kỹ thuật TP HCM,7220201V,Ngôn ngữ Anh (đào tạo bằng tiếng Việt),D09,2025,25.92,,THPT
SPK,Đại học Sư phạm Kỹ thuật TP HCM,7220201V,Ngôn ngữ Anh,D09,2025,26.6,,THPT
SPK,Trường Đại Học Công nghệ Kỹ thuật TP HCM,7220201V,Ngôn ngữ Anh (đào tạo bằng tiếng Việt),D10,2025,25.92,,THPT
SPK,Đại học Sư phạm Kỹ thuật TP HCM,7220201V,Ngôn ngữ Anh,D10,2025,26.6,,THPT
SPK,Đại học Sư phạm Kỹ thuật TP HCM,7310403V,Tâm lý học giáo dục,C00,2025,25.18,,THPT
SPK,Trường Đại Học Công nghệ Kỹ thuật TP HCM,7310403V,Tâm lý học giáo dục (đào tạo bằng tiếng Việt),C00,2025,25.95,,THPT
SPK,Trường Đại Học Công nghệ Kỹ thuật TP HCM,7310403V,Tâm lý học giáo dục (đào tạo bằng tiếng Việt),D01,2025,25.95,,THPT
SPK,Đại học Sư phạm Kỹ thuật TP HCM,7310403V,Tâm lý học giáo dục,D01,2025,25.18,,THPT
SPK,Trường Đại Học Công nghệ Kỹ thuật TP HCM,7320106V,Công nghệ truyền thông (Truyền thông số và Công nghệ đa phương tiện) (đào tạo bằng tiếng Việt),D01,2025,22.67,,THPT
SPK,Đại học Sư phạm Kỹ thuật TP HCM,7320106V,Công nghệ truyền thông (Truyền thông số và Công nghệ đa phương tiện),D01,2025,26.5,,THPT
SPK,Đại học Sư phạm Kỹ thuật TP HCM,73340301A,Kế toán (hệ chất lượng cao tiếng Anh),A00,2025,23.65,,THPT
SPK,Đại học Sư phạm Kỹ thuật TP HCM,73340301A,Kế toán (hệ chất lượng cao tiếng Anh),A01,2025,23.65,,THPT
SPK,Đại học Sư phạm Kỹ thuật TP HCM,73340301A,Kế toán (hệ chất lượng cao tiếng Anh),D01,2025,23.65,,THPT
SPK,Đại học Sư phạm Kỹ thuật TP HCM,7340101V,Quản trị kinh doanh,A00,2025,24.74,,THPT
SPK,Trường Đại Học Công nghệ Kỹ thuật TP HCM,7340101V,Quản trị kinh doanh (đào tạo bằng tiếng Việt),A00,2025,26.12,,THPT
SPK,Trường Đại Học Công nghệ Kỹ thuật TP HCM,7340101V,Quản trị kinh doanh (đào tạo bằng tiếng Việt),A01,2025,26.12,,THPT
SPK,Đại học Sư phạm Kỹ thuật TP HCM,7340101V,Quản trị kinh doanh,A01,2025,24.74,,THPT
SPK,Trường Đại Học Công nghệ Kỹ thuật TP HCM,7340101V,Quản trị kinh doanh (đào tạo bằng tiếng Việt),D01,2025,26.12,,THPT
SPK,Đại học Sư phạm Kỹ thuật TP HCM,7340101V,Quản trị kinh doanh,D01,2025,24.74,,THPT
SPK,Đại học Sư phạm Kỹ thuật TP HCM,7340120BP,Kinh doanh quốc tế (phân hiệu Bình Phước),A00,2025,24.5,,THPT
SPK,Trường Đại Học Công nghệ Kỹ thuật TP HCM,7340120BP,Kinh doanh Quốc tế (đào tạo tại phân hiệu Bình Phước),A00,2025,25.88,,THPT
SPK,Trường Đại Học Công nghệ Kỹ thuật TP HCM,7340120BP,Kinh doanh Quốc tế (đào tạo tại phân hiệu Bình Phước),A01,2025,25.88,,THPT
SPK,Đại học Sư phạm Kỹ thuật TP HCM,7340120BP,Kinh doanh quốc tế (phân hiệu Bình Phước),A01,2025,24.5,,THPT
SPK,Trường Đại Học Công nghệ Kỹ thuật TP HCM,7340120BP,Kinh doanh Quốc tế (đào tạo tại phân hiệu Bình Phước),D01,2025,25.88,,THPT
SPK,Đại học Sư phạm Kỹ thuật TP HCM,7340120BP,Kinh doanh quốc tế (phân hiệu Bình Phước),D01,2025,24.5,,THPT
SPK,Đại học Sư phạm Kỹ thuật TP HCM,7340120V,Kinh doanh quốc tế,A00,2025,24.95,,THPT
SPK,Trường Đại Học Công nghệ Kỹ thuật TP HCM,7340120V,Kinh doanh Quốc tế (đào tạo bằng tiếng Việt),A00,2025,26.33,,THPT
SPK,Trường Đại Học Công nghệ Kỹ thuật TP HCM,7340120V,Kinh doanh Quốc tế (đào tạo bằng tiếng Việt),A01,2025,26.33,,THPT
SPK,Đại học Sư phạm Kỹ thuật TP HCM,7340120V,Kinh doanh quốc tế,A01,2025,24.95,,THPT
SPK,Trường Đại Học Công nghệ Kỹ thuật TP HCM,7340120V,Kinh doanh Quốc tế (đào tạo bằng tiếng Việt),D01,2025,26.33,,THPT
SPK,Đại học Sư phạm Kỹ thuật TP HCM,7340120V,Kinh doanh quốc tế,D01,2025,24.95,,THPT
SPK,Đại học Sư phạm Kỹ thuật TP HCM,7340122BP,Thương mại điện tử (phân hiệu Bình Phước),A00,2025,24.7,,THPT
SPK,Trường Đại Học Công nghệ Kỹ thuật TP HCM,7340122BP,Thương mại điện tử (đào tạo tại phân hiệu Bình Phước),A00,2025,26.08,,THPT
SPK,Trường Đại Học Công nghệ Kỹ thuật TP HCM,7340122BP,Thương mại điện tử (đào tạo tại phân hiệu Bình Phước),A01,2025,26.08,,THPT
SPK,Đại học Sư phạm Kỹ thuật TP HCM,7340122BP,Thương mại điện tử (phân hiệu Bình Phước),A01,2025,24.7,,THPT
SPK,Trường Đại Học Công nghệ Kỹ thuật TP HCM,7340122BP,Thương mại điện tử (đào tạo tại phân hiệu Bình Phước),D01,2025,26.08,,THPT
SPK,Đại học Sư phạm Kỹ thuật TP HCM,7340122BP,Thương mại điện tử (phân hiệu Bình Phước),D01,2025,24.7,,THPT
SPK,Đại học Sư phạm Kỹ thuật TP HCM,7340122V,Thương mại điện tử,A00,2025,25.7,,THPT
SPK,Trường Đại Học Công nghệ Kỹ thuật TP HCM,7340122V,Thương mại điện tử (đào tạo bằng tiếng Việt),A00,2025,27.08,,THPT
SPK,Trường Đại Học Công nghệ Kỹ thuật TP HCM,7340122V,Thương mại điện tử (đào tạo bằng tiếng Việt),A01,2025,27.08,,THPT
SPK,Đại học Sư phạm Kỹ thuật TP HCM,7340122V,Thương mại điện tử,A01,2025,25.7,,THPT
SPK,Trường Đại Học Công nghệ Kỹ thuật TP HCM,7340122V,Thương mại điện tử (đào tạo bằng tiếng Việt),D01,2025,27.08,,THPT
SPK,Đại học Sư phạm Kỹ thuật TP HCM,7340122V,Thương mại điện tử,D01,2025,25.7,,THPT
SPK,Đại học Sư phạm Kỹ thuật TP HCM,7340205V,Công nghệ tài chính,A00,2025,24.7,,THPT
SPK,Trường Đại Học Công nghệ Kỹ thuật TP HCM,7340205V,Công nghệ tài chính (đào tạo bằng tiếng Việt),A00,2025,26.08,,THPT
SPK,Trường Đại Học Công nghệ Kỹ thuật TP HCM,7340205V,Công nghệ tài chính (đào tạo bằng tiếng Việt),A01,2025,26.08,,THPT
SPK,Đại học Sư phạm Kỹ thuật TP HCM,7340205V,Công nghệ tài chính,A01,2025,24.7,,THPT
SPK,Trường Đại Học Công nghệ Kỹ thuật TP HCM,7340205V,Công nghệ tài chính (đào tạo bằng tiếng Việt),D01,2025,26.08,,THPT
SPK,Đại học Sư phạm Kỹ thuật TP HCM,7340205V,Công nghệ tài chính,D01,2025,24.7,,THPT
SPK,Trường Đại Học Công nghệ Kỹ thuật TP HCM,7340301A,Kế toán (đào tạo bằng tiếng Anh),A00,2025,25.03,,THPT
SPK,Trường Đại Học Công nghệ Kỹ thuật TP HCM,7340301A,Kế toán (đào tạo bằng tiếng Anh),A00,2025,25.03,,THPT
SPK,Trường Đại Học Công nghệ Kỹ thuật TP HCM,7340301A,Kế toán (đào tạo bằng tiếng Anh),A01,2025,25.03,,THPT
SPK,Trường Đại Học Công nghệ Kỹ thuật TP HCM,7340301A,Kế toán (đào tạo bằng tiếng Anh),A01,2025,25.03,,THPT
SPK,Trường Đại Học Công nghệ Kỹ thuật TP HCM,7340301A,Kế toán (đào tạo bằng tiếng Anh),D01,2025,25.03,,THPT
SPK,Trường Đại Học Công nghệ Kỹ thuật TP HCM,7340301A,Kế toán (đào tạo bằng tiếng Anh),D01,2025,25.03,,THPT
SPK,Đại học Sư phạm Kỹ thuật TP HCM,7340301BP,Kế toán (phân hiệu Bình Phước),A00,2025,23.55,,THPT
SPK,Trường Đại Học Công nghệ Kỹ thuật TP HCM,7340301BP,Kế toán (đào tạo tại phân hiệu Bình Phước),A00,2025,24.93,,THPT
SPK,Trường Đại Học Công nghệ Kỹ thuật TP HCM,7340301BP,Kế toán (đào tạo tại phân hiệu Bình Phước),A01,2025,24.93,,THPT
SPK,Đại học Sư phạm Kỹ thuật TP HCM,7340301BP,Kế toán (phân hiệu Bình Phước),A01,2025,23.55,,THPT
SPK,Trường Đại Học Công nghệ Kỹ thuật TP HCM,7340301BP,Kế toán (đào tạo tại phân hiệu Bình Phước),D01,2025,24.93,,THPT
SPK,Đại học Sư phạm Kỹ thuật TP HCM,7340301BP,Kế toán (phân hiệu Bình Phước),D01,2025,23.55,,THPT
SPK,Đại học Sư phạm Kỹ thuật TP HCM,7340301V,Kế toán,A00,2025,23.65,,THPT
SPK,Trường Đại Học Công nghệ Kỹ thuật TP HCM,7340301V,Kế toán (đào tạo bằng tiếng Việt),A00,2025,25.03,,THPT
SPK,Trường Đại Học Công nghệ Kỹ thuật TP HCM,7340301V,Kế toán (đào tạo bằng tiếng Việt),A01,2025,25.03,,THPT
SPK,Đại học Sư phạm Kỹ thuật TP HCM,7340301V,Kế toán,A01,2025,23.65,,THPT
SPK,Trường Đại Học Công nghệ Kỹ thuật TP HCM,7340301V,Kế toán (đào tạo bằng tiếng Việt),D01,2025,25.03,,THPT
SPK,Đại học Sư phạm Kỹ thuật TP HCM,7340301V,Kế toán,D01,2025,23.65,,THPT
SPK,Đại học Sư phạm Kỹ thuật TP HCM,7380101V,Luật,A00,2025,24.73,,THPT
SPK,Trường Đại Học Công nghệ Kỹ thuật TP HCM,7380101V,Luật (đào tạo bằng tiếng Việt),A00,2025,25.5,,THPT
SPK,Trường Đại Học Công nghệ Kỹ thuật TP HCM,7380101V,Luật (đào tạo bằng tiếng Việt),C00,2025,25.5,,THPT
SPK,Đại học Sư phạm Kỹ thuật TP HCM,7380101V,Luật,C00,2025,24.73,,THPT
SPK,Trường Đại Học Công nghệ Kỹ thuật TP HCM,7380101V,Luật (đào tạo bằng tiếng Việt),D01,2025,25.5,,THPT
SPK,Đại học Sư phạm Kỹ thuật TP HCM,7380101V,Luật,D01,2025,24.73,,THPT
SPK,Đại học Sư phạm Kỹ thuật TP HCM,7480108A,Công nghệ kỹ thuật máy tinh (hệ ('hất lượng cao ticng Anh),A00,2025,25.45,,THPT
SPK,Trường Đại Học Công nghệ Kỹ thuật TP HCM,7480108A,Công nghệ Kỹ thuật máy tính (đào tạo bằng tiếng Anh),A00,2025,26.83,,THPT
SPK,Trường Đại Học Công nghệ Kỹ thuật TP HCM,7480108A,Công nghệ Kỹ thuật máy tính (đào tạo bằng tiếng Anh),A01,2025,26.83,,THPT
SPK,Đại học Sư phạm Kỹ thuật TP HCM,7480108A,Công nghệ kỹ thuật máy tinh (hệ ('hất lượng cao ticng Anh),A01,2025,25.45,,THPT
SPK,Trường Đại Học Công nghệ Kỹ thuật TP HCM,7480108A,Công nghệ Kỹ thuật máy tính (đào tạo bằng tiếng Anh),D01,2025,26.83,,THPT
SPK,Đại học Sư phạm Kỹ thuật TP HCM,7480108A,Công nghệ kỹ thuật máy tinh (hệ ('hất lượng cao ticng Anh),D01,2025,25.45,,THPT
SPK,Đại học Sư phạm Kỹ thuật TP HCM,7480108V,Công nghệ kỹ thuật máy tính,A00,2025,26.2,,THPT
SPK,Trường Đại Học Công nghệ Kỹ thuật TP HCM,7480108V,Công nghệ Kỹ thuật máy tính (đào tạo bằng tiếng Việt),A00,2025,27.58,,THPT
SPK,Trường Đại Học Công nghệ Kỹ thuật TP HCM,7480108V,Công nghệ Kỹ thuật máy tính (đào tạo bằng tiếng Việt),A01,2025,27.58,,THPT
SPK,Đại học Sư phạm Kỹ thuật TP HCM,7480108V,Công nghệ kỹ thuật máy tính,A01,2025,26.2,,THPT
SPK,Trường Đại Học Công nghệ Kỹ thuật TP HCM,7480108V,Công nghệ Kỹ thuật máy tính (đào tạo bằng tiếng Việt),D01,2025,27.58,,THPT
SPK,Đại học Sư phạm Kỹ thuật TP HCM,7480108V,Công nghệ kỹ thuật máy tính,D01,2025,26.2,,THPT
SPK,Đại học Sư phạm Kỹ thuật TP HCM,7480118V,Hệ thống những và IoT,A00,2025,25.9,,THPT
SPK,Trường Đại Học Công nghệ Kỹ thuật TP HCM,7480118V,Hệ thống nhúng và IoT (đào tạo bằng tiếng Việt),A00,2025,27.28,,THPT
SPK,Trường Đại Học Công nghệ Kỹ thuật TP HCM,7480118V,Hệ thống nhúng và IoT (đào tạo bằng tiếng Việt),A01,2025,27.28,,THPT
SPK,Đại học Sư phạm Kỹ thuật TP HCM,7480118V,Hệ thống những và IoT,A01,2025,25.9,,THPT
SPK,Trường Đại Học Công nghệ Kỹ thuật TP HCM,7480118V,Hệ thống nhúng và IoT (đào tạo bằng tiếng Việt),D01,2025,27.28,,THPT
SPK,Đại học Sư phạm Kỹ thuật TP HCM,7480118V,Hệ thống những và IoT,D01,2025,25.9,,THPT
SPK,Đại học Sư phạm Kỹ thuật TP HCM,7480201A,Công nghệ thông tin,A00,2025,26.4,,THPT
SPK,Trường Đại Học Công nghệ Kỹ thuật TP HCM,7480201A,Công nghệ thông tin (đào tạo bằng tiếng Anh),A00,2025,27.78,,THPT
SPK,Trường Đại Học Công nghệ Kỹ thuật TP HCM,7480201A,Công nghệ thông tin (đào tạo bằng tiếng Anh),A01,2025,27.78,,THPT
SPK,Đại học Sư phạm Kỹ thuật TP HCM,7480201A,Công nghệ thông tin,A01,2025,26.4,,THPT
SPK,Trường Đại Học Công nghệ Kỹ thuật TP HCM,7480201A,Công nghệ thông tin (đào tạo bằng tiếng Anh),D01,2025,27.78,,THPT
SPK,Đại học Sư phạm Kỹ thuật TP HCM,7480201A,Công nghệ thông tin,D01,2025,26.4,,THPT
SPK,Đại học Sư phạm Kỹ thuật TP HCM,7480201BP,Công nghệ thông tin (phân hiệu Bình Phước),A00,2025,27.45,,THPT
SPK,Trường Đại Học Công nghệ Kỹ thuật TP HCM,7480201BP,Công nghệ thông tin (đào tạo tại phân hiệu Bình Phước),A00,2025,26.13,,THPT
SPK,Trường Đại Học Công nghệ Kỹ thuật TP HCM,7480201BP,Công nghệ thông tin (đào tạo tại phân hiệu Bình Phước),A01,2025,26.13,,THPT
SPK,Đại học Sư phạm Kỹ thuật TP HCM,7480201BP,Công nghệ thông tin (phân hiệu Bình Phước),A01,2025,27.45,,THPT
SPK,Trường Đại Học Công nghệ Kỹ thuật TP HCM,7480201BP,Công nghệ thông tin (đào tạo tại phân hiệu Bình Phước),D01,2025,26.13,,THPT
SPK,Đại học Sư phạm Kỹ thuật TP HCM,7480201BP,Công nghệ thông tin (phân hiệu Bình Phước),D01,2025,27.45,,THPT
SPK,Đại học Sư phạm Kỹ thuật TP HCM,7480201N,Công nghệ thông tin,A00,2025,24.55,,THPT
SPK,Trường Đại Học Công nghệ Kỹ thuật TP HCM,7480201N,Công nghệ thông tin (đào tạo bằng tiếng Nhật),A00,2025,25.93,,THPT
SPK,Trường Đại Học Công nghệ Kỹ thuật TP HCM,7480201N,Công nghệ thông tin (đào tạo bằng tiếng Nhật),A01,2025,25.93,,THPT
SPK,Đại học Sư phạm Kỹ thuật TP HCM,7480201N,Công nghệ thông tin,A01,2025,24.55,,THPT
SPK,Trường Đại Học Công nghệ Kỹ thuật TP HCM,7480201N,Công nghệ thông tin (đào tạo bằng tiếng Nhật),D01,2025,25.93,,THPT
SPK,Đại học Sư phạm Kỹ thuật TP HCM,7480201N,Công nghệ thông tin,D01,2025,24.55,,THPT
SPK,Đại học Sư phạm Kỹ thuật TP HCM,7480201V,Công nghệ thông tin,A00,2025,27.45,,THPT
SPK,Trường Đại Học Công nghệ Kỹ thuật TP HCM,7480201V,Công nghệ thông tin (đào tạo bằng tiếng Việt),A00,2025,28.83,,THPT
SPK,Trường Đại Học Công nghệ Kỹ thuật TP HCM,7480201V,Công nghệ thông tin (đào tạo bằng tiếng Việt),A01,2025,28.83,,THPT
SPK,Đại học Sư phạm Kỹ thuật TP HCM,7480201V,Công nghệ thông tin,A01,2025,27.45,,THPT
SPK,Trường Đại Học Công nghệ Kỹ thuật TP HCM,7480201V,Công nghệ thông tin (đào tạo bằng tiếng Việt),D01,2025,28.83,,THPT
SPK,Đại học Sư phạm Kỹ thuật TP HCM,7480201V,Công nghệ thông tin,D01,2025,27.45,,THPT
SPK,Đại học Sư phạm Kỹ thuật TP HCM,7480202V,An toàn thông tin,A00,2025,26.0,,THPT
SPK,Trường Đại Học Công nghệ Kỹ thuật TP HCM,7480202V,An toàn thông tin (đào tạo bằng tiếng Việt),A00,2025,27.38,,THPT
SPK,Trường Đại Học Công nghệ Kỹ thuật TP HCM,7480202V,An toàn thông tin (đào tạo bằng tiếng Việt),A01,2025,27.38,,THPT
SPK,Đại học Sư phạm Kỹ thuật TP HCM,7480202V,An toàn thông tin,A01,2025,26.0,,THPT
SPK,Trường Đại Học Công nghệ Kỹ thuật TP HCM,7480202V,An toàn thông tin (đào tạo bằng tiếng Việt),D01,2025,27.38,,THPT
SPK,Đại học Sư phạm Kỹ thuật TP HCM,7480202V,An toàn thông tin,D01,2025,26.0,,THPT
SPK,Đại học Sư phạm Kỹ thuật TP HCM,7480203V,Kỹ thuật dữ liệu,A00,2025,26.1,,THPT
SPK,Trường Đại Học Công nghệ Kỹ thuật TP HCM,7480203V,Kỹ thuật dữ liệu (đào tạo bằng tiếng Việt),A00,2025,27.48,,THPT
SPK,Trường Đại Học Công nghệ Kỹ thuật TP HCM,7480203V,Kỹ thuật dữ liệu (đào tạo bằng tiếng Việt),A01,2025,27.48,,THPT
SPK,Đại học Sư phạm Kỹ thuật TP HCM,7480203V,Kỹ thuật dữ liệu,A01,2025,26.1,,THPT
SPK,Trường Đại Học Công nghệ Kỹ thuật TP HCM,7480203V,Kỹ thuật dữ liệu (đào tạo bằng tiếng Việt),D01,2025,27.48,,THPT
SPK,Đại học Sư phạm Kỹ thuật TP HCM,7480203V,Kỹ thuật dữ liệu,D01,2025,26.1,,THPT
SPK,Đại học Sư phạm Kỹ thuật TP HCM,7510102A,Cóng nghệ kỹ thuật công trình xây dựng (hệ Chất lượng cao tiếng Anh),A00,2025,21.55,,THPT
SPK,Trường Đại Học Công nghệ Kỹ thuật TP HCM,7510102A,Công nghệ Kỹ thuật công trình xây dựng* (đào tạo bằng tiếng Anh),A00,2025,22.93,,THPT
SPK,Trường Đại Học Công nghệ Kỹ thuật TP HCM,7510102A,Công nghệ Kỹ thuật công trình xây dựng* (đào tạo bằng tiếng Anh),A01,2025,22.93,,THPT
SPK,Đại học Sư phạm Kỹ thuật TP HCM,7510102A,Cóng nghệ kỹ thuật công trình xây dựng (hệ Chất lượng cao tiếng Anh),A01,2025,21.55,,THPT
SPK,Trường Đại Học Công nghệ Kỹ thuật TP HCM,7510102A,Công nghệ Kỹ thuật công trình xây dựng* (đào tạo bằng tiếng Anh),D01,2025,22.93,,THPT
SPK,Đại học Sư phạm Kỹ thuật TP HCM,7510102A,Cóng nghệ kỹ thuật công trình xây dựng (hệ Chất lượng cao tiếng Anh),D01,2025,21.55,,THPT
SPK,Đại học Sư phạm Kỹ thuật TP HCM,7510102V,Công nghệ kỹ thuật công trình xây dựng,A00,2025,22.7,,THPT
SPK,Trường Đại Học Công nghệ Kỹ thuật TP HCM,7510102V,Công nghệ Kỹ thuật công trình xây dựng* (đào tạo bằng tiếng Việt),A00,2025,24.08,,THPT
SPK,Trường Đại Học Công nghệ Kỹ thuật TP HCM,7510102V,Công nghệ Kỹ thuật công trình xây dựng* (đào tạo bằng tiếng Việt),A01,2025,24.08,,THPT
SPK,Đại học Sư phạm Kỹ thuật TP HCM,7510102V,Công nghệ kỹ thuật công trình xây dựng,A01,2025,22.7,,THPT
SPK,Trường Đại Học Công nghệ Kỹ thuật TP HCM,7510102V,Công nghệ Kỹ thuật công trình xây dựng* (đào tạo bằng tiếng Việt),D01,2025,24.08,,THPT
SPK,Đại học Sư phạm Kỹ thuật TP HCM,7510102V,Công nghệ kỹ thuật công trình xây dựng,D01,2025,22.7,,THPT
SPK,Đại học Sư phạm Kỹ thuật TP HCM,7510106V,Hệ thống kỹ thuật công trình xây dựng,A00,2025,22.27,,THPT
SPK,Trường Đại Học Công nghệ Kỹ thuật TP HCM,7510106V,Hệ thống kỹ thuật công trình xây dựng (đào tạo bằng tiếng Việt),A00,2025,23.65,,THPT
SPK,Trường Đại Học Công nghệ Kỹ thuật TP HCM,7510106V,Hệ thống kỹ thuật công trình xây dựng (đào tạo bằng tiếng Việt),A01,2025,23.65,,THPT
SPK,Đại học Sư phạm Kỹ thuật TP HCM,7510106V,Hệ thống kỹ thuật công trình xây dựng,A01,2025,22.27,,THPT
SPK,Trường Đại Học Công nghệ Kỹ thuật TP HCM,7510106V,Hệ thống kỹ thuật công trình xây dựng (đào tạo bằng tiếng Việt),D01,2025,23.65,,THPT
SPK,Đại học Sư phạm Kỹ thuật TP HCM,7510106V,Hệ thống kỹ thuật công trình xây dựng,D01,2025,22.27,,THPT
SPK,Đại học Sư phạm Kỹ thuật TP HCM,7510201A,Công nghệ kỳ thuật cơ khi (hệ Chát lượng cao tiếng Anh),A00,2025,23.64,,THPT
SPK,Trường Đại Học Công nghệ Kỹ thuật TP HCM,7510201A,Công nghệ Kỹ thuật cơ khí * (đào tạo bằng tiếng Anh),A00,2025,25.02,,THPT
SPK,Trường Đại Học Công nghệ Kỹ thuật TP HCM,7510201A,Công nghệ Kỹ thuật cơ khí * (đào tạo bằng tiếng Anh),A01,2025,25.02,,THPT
SPK,Đại học Sư phạm Kỹ thuật TP HCM,7510201A,Công nghệ kỳ thuật cơ khi (hệ Chát lượng cao tiếng Anh),A01,2025,23.64,,THPT
SPK,Trường Đại Học Công nghệ Kỹ thuật TP HCM,7510201A,Công nghệ Kỹ thuật cơ khí * (đào tạo bằng tiếng Anh),D01,2025,25.02,,THPT
SPK,Đại học Sư phạm Kỹ thuật TP HCM,7510201A,Công nghệ kỳ thuật cơ khi (hệ Chát lượng cao tiếng Anh),D01,2025,23.64,,THPT
SPK,Đại học Sư phạm Kỹ thuật TP HCM,7510201BP,Công nghệ Kỹ thuật cơ khí (phân hiệu Bình Phước),A00,2025,23.37,,THPT
SPK,Trường Đại Học Công nghệ Kỹ thuật TP HCM,7510201BP,Công nghệ Kỹ thuật cơ khí * (đào tạo tại phân hiệu Bình Phước),A00,2025,24.75,,THPT
SPK,Trường Đại Học Công nghệ Kỹ thuật TP HCM,7510201BP,Công nghệ Kỹ thuật cơ khí * (đào tạo tại phân hiệu Bình Phước),A01,2025,24.75,,THPT
SPK,Đại học Sư phạm Kỹ thuật TP HCM,7510201BP,Công nghệ Kỹ thuật cơ khí (phân hiệu Bình Phước),A01,2025,23.37,,THPT
SPK,Trường Đại Học Công nghệ Kỹ thuật TP HCM,7510201BP,Công nghệ Kỹ thuật cơ khí * (đào tạo tại phân hiệu Bình Phước),D01,2025,24.75,,THPT
SPK,Đại học Sư phạm Kỹ thuật TP HCM,7510201BP,Công nghệ Kỹ thuật cơ khí (phân hiệu Bình Phước),D01,2025,23.37,,THPT
SPK,Đại học Sư phạm Kỹ thuật TP HCM,7510201TDA,Cơ khí - Tự động hóa (hệ chất lượng cao tiếng Anh),A00,2025,23.37,,THPT
SPK,Trường Đại Học Công nghệ Kỹ thuật TP HCM,7510201TDA,Chương trình đào tạo Cơ khí – Tự động Hóa (thuộc ngành Công nghệ Kỹ thuật Cơ khí) (đào tạo bằng tiếng Anh),A00,2025,24.75,,THPT
SPK,Trường Đại Học Công nghệ Kỹ thuật TP HCM,7510201TDA,Chương trình đào tạo Cơ khí – Tự động Hóa (thuộc ngành Công nghệ Kỹ thuật Cơ khí) (đào tạo bằng tiếng Anh),A01,2025,24.75,,THPT
SPK,Đại học Sư phạm Kỹ thuật TP HCM,7510201TDA,Cơ khí - Tự động hóa (hệ chất lượng cao tiếng Anh),A01,2025,23.37,,THPT
SPK,Trường Đại Học Công nghệ Kỹ thuật TP HCM,7510201TDA,Chương trình đào tạo Cơ khí – Tự động Hóa (thuộc ngành Công nghệ Kỹ thuật Cơ khí) (đào tạo bằng tiếng Anh),D01,2025,24.75,,THPT
SPK,Đại học Sư phạm Kỹ thuật TP HCM,7510201TDA,Cơ khí - Tự động hóa (hệ chất lượng cao tiếng Anh),D01,2025,23.37,,THPT
SPK,Đại học Sư phạm Kỹ thuật TP HCM,7510201V,Công nghệ kỹ thuật cơ khí,A00,2025,26.45,,THPT
SPK,Trường Đại Học Công nghệ Kỹ thuật TP HCM,7510201V,Công nghệ Kỹ thuật cơ khí * (đào tạo bằng tiếng Việt),A00,2025,27.83,,THPT
SPK,Trường Đại Học Công nghệ Kỹ thuật TP HCM,7510201V,Công nghệ Kỹ thuật cơ khí * (đào tạo bằng tiếng Việt),A01,2025,27.83,,THPT
SPK,Đại học Sư phạm Kỹ thuật TP HCM,7510201V,Công nghệ kỹ thuật cơ khí,A01,2025,26.45,,THPT
SPK,Trường Đại Học Công nghệ Kỹ thuật TP HCM,7510201V,Công nghệ Kỹ thuật cơ khí * (đào tạo bằng tiếng Việt),D01,2025,27.83,,THPT
SPK,Đại học Sư phạm Kỹ thuật TP HCM,7510201V,Công nghệ kỹ thuật cơ khí,D01,2025,26.45,,THPT
SPK,Đại học Sư phạm Kỹ thuật TP HCM,7510202A,Công nghệ chc tạo máy (hệ Chắt lượng cao tiếng Anh),A00,2025,22.8,,THPT
SPK,Trường Đại Học Công nghệ Kỹ thuật TP HCM,7510202A,Công nghệ chế tạo máy * (đào tạo bằng tiếng Anh),A00,2025,24.18,,THPT
SPK,Trường Đại Học Công nghệ Kỹ thuật TP HCM,7510202A,Công nghệ chế tạo máy * (đào tạo bằng tiếng Anh),A01,2025,24.18,,THPT
SPK,Đại học Sư phạm Kỹ thuật TP HCM,7510202A,Công nghệ chc tạo máy (hệ Chắt lượng cao tiếng Anh),A01,2025,22.8,,THPT
SPK,Trường Đại Học Công nghệ Kỹ thuật TP HCM,7510202A,Công nghệ chế tạo máy * (đào tạo bằng tiếng Anh),D01,2025,24.18,,THPT
SPK,Đại học Sư phạm Kỹ thuật TP HCM,7510202A,Công nghệ chc tạo máy (hệ Chắt lượng cao tiếng Anh),D01,2025,22.8,,THPT
SPK,Đại học Sư phạm Kỹ thuật TP HCM,7510202N,Công nghệ chế tạo máy (Việt - Nhật),A00,2025,22.8,,THPT
SPK,Trường Đại Học Công nghệ Kỹ thuật TP HCM,7510202N,Công nghệ chế tạo máy * (đào tạo bằng tiếng Nhật),A00,2025,24.18,,THPT
SPK,Trường Đại Học Công nghệ Kỹ thuật TP HCM,7510202N,Công nghệ chế tạo máy * (đào tạo bằng tiếng Nhật),A01,2025,24.18,,THPT
SPK,Đại học Sư phạm Kỹ thuật TP HCM,7510202N,Công nghệ chế tạo máy (Việt - Nhật),A01,2025,22.8,,THPT
SPK,Trường Đại Học Công nghệ Kỹ thuật TP HCM,7510202N,Công nghệ chế tạo máy * (đào tạo bằng tiếng Nhật),D01,2025,24.18,,THPT
SPK,Đại học Sư phạm Kỹ thuật TP HCM,7510202N,Công nghệ chế tạo máy (Việt - Nhật),D01,2025,22.8,,THPT
SPK,Đại học Sư phạm Kỹ thuật TP HCM,7510202V,Công nghệ chế tạo máy,A00,2025,25.15,,THPT
SPK,Trường Đại Học Công nghệ Kỹ thuật TP HCM,7510202V,Công nghệ chế tạo máy * (đào tạo bằng tiếng Việt),A00,2025,26.53,,THPT
SPK,Trường Đại Học Công nghệ Kỹ thuật TP HCM,7510202V,Công nghệ chế tạo máy * (đào tạo bằng tiếng Việt),A01,2025,26.53,,THPT
SPK,Đại học Sư phạm Kỹ thuật TP HCM,7510202V,Công nghệ chế tạo máy,A01,2025,25.15,,THPT
SPK,Trường Đại Học Công nghệ Kỹ thuật TP HCM,7510202V,Công nghệ chế tạo máy * (đào tạo bằng tiếng Việt),D01,2025,26.53,,THPT
SPK,Đại học Sư phạm Kỹ thuật TP HCM,7510202V,Công nghệ chế tạo máy,D01,2025,25.15,,THPT
SPK,Đại học Sư phạm Kỹ thuật TP HCM,7510203A,Công nghệ kỹ thuật cơ điện tử (hệ chất lượng cao tiếng Anh),A00,2025,25.0,,THPT
SPK,Trường Đại Học Công nghệ Kỹ thuật TP HCM,7510203A,Công nghệ Kỹ thuật cơ điện tử * (đào tạo bằng tiếng Anh),A00,2025,26.38,,THPT
SPK,Trường Đại Học Công nghệ Kỹ thuật TP HCM,7510203A,Công nghệ Kỹ thuật cơ điện tử * (đào tạo bằng tiếng Anh),A01,2025,26.38,,THPT
SPK,Đại học Sư phạm Kỹ thuật TP HCM,7510203A,Công nghệ kỹ thuật cơ điện tử (hệ chất lượng cao tiếng Anh),A01,2025,25.0,,THPT
SPK,Trường Đại Học Công nghệ Kỹ thuật TP HCM,7510203A,Công nghệ Kỹ thuật cơ điện tử * (đào tạo bằng tiếng Anh),D01,2025,26.38,,THPT
SPK,Đại học Sư phạm Kỹ thuật TP HCM,7510203A,Công nghệ kỹ thuật cơ điện tử (hệ chất lượng cao tiếng Anh),D01,2025,25.0,,THPT
SPK,Đại học Sư phạm Kỹ thuật TP HCM,7510203V,Công nghệ kỹ thuật cơ điện tử,A00,2025,27.7,,THPT
SPK,Trường Đại Học Công nghệ Kỹ thuật TP HCM,7510203V,Công nghệ Kỹ thuật cơ điện tử * (đào tạo bằng tiếng Việt),A00,2025,29.08,,THPT
SPK,Trường Đại Học Công nghệ Kỹ thuật TP HCM,7510203V,Công nghệ Kỹ thuật cơ điện tử * (đào tạo bằng tiếng Việt),A01,2025,29.08,,THPT
SPK,Đại học Sư phạm Kỹ thuật TP HCM,7510203V,Công nghệ kỹ thuật cơ điện tử,A01,2025,27.7,,THPT
SPK,Trường Đại Học Công nghệ Kỹ thuật TP HCM,7510203V,Công nghệ Kỹ thuật cơ điện tử * (đào tạo bằng tiếng Việt),D01,2025,29.08,,THPT
SPK,Đại học Sư phạm Kỹ thuật TP HCM,7510203V,Công nghệ kỹ thuật cơ điện tử,D01,2025,27.7,,THPT
SPK,Đại học Sư phạm Kỹ thuật TP HCM,7510205A,Công nghệ kỳ thuật ỏ tô (hệ Chat lượng cao ticng Anh),A00,2025,24.15,,THPT
SPK,Trường Đại Học Công nghệ Kỹ thuật TP HCM,7510205A,Công nghệ Kỹ thuật ô tô * (đào tạo bằng tiếng Anh),A00,2025,25.53,,THPT
SPK,Trường Đại Học Công nghệ Kỹ thuật TP HCM,7510205A,Công nghệ Kỹ thuật ô tô * (đào tạo bằng tiếng Anh),A01,2025,25.53,,THPT
SPK,Đại học Sư phạm Kỹ thuật TP HCM,7510205A,Công nghệ kỳ thuật ỏ tô (hệ Chat lượng cao ticng Anh),A01,2025,24.15,,THPT
SPK,Trường Đại Học Công nghệ Kỹ thuật TP HCM,7510205A,Công nghệ Kỹ thuật ô tô * (đào tạo bằng tiếng Anh),D01,2025,25.53,,THPT
SPK,Đại học Sư phạm Kỹ thuật TP HCM,7510205A,Công nghệ kỳ thuật ỏ tô (hệ Chat lượng cao ticng Anh),D01,2025,24.15,,THPT
SPK,Đại học Sư phạm Kỹ thuật TP HCM,7510205BP,Công nghệ Kỹ thuật ô tô (phân hiệu Bình Phước),A00,2025,23.6,,THPT
SPK,Trường Đại Học Công nghệ Kỹ thuật TP HCM,7510205BP,Công nghệ Kỹ thuật ô tô * (đào tạo tại phân hiệu Bình Phước),A00,2025,23.98,,THPT
SPK,Trường Đại Học Công nghệ Kỹ thuật TP HCM,7510205BP,Công nghệ Kỹ thuật ô tô * (đào tạo tại phân hiệu Bình Phước),A01,2025,23.98,,THPT
SPK,Đại học Sư phạm Kỹ thuật TP HCM,7510205BP,Công nghệ Kỹ thuật ô tô (phân hiệu Bình Phước),A01,2025,23.6,,THPT
SPK,Trường Đại Học Công nghệ Kỹ thuật TP HCM,7510205BP,Công nghệ Kỹ thuật ô tô * (đào tạo tại phân hiệu Bình Phước),D01,2025,23.98,,THPT
SPK,Đại học Sư phạm Kỹ thuật TP HCM,7510205BP,Công nghệ Kỹ thuật ô tô (phân hiệu Bình Phước),D01,2025,23.6,,THPT
SPK,Đại học Sư phạm Kỹ thuật TP HCM,7510205N,Công nghệ kỹ thuật ô tô,A00,2025,23.55,,THPT
SPK,Trường Đại Học Công nghệ Kỹ thuật TP HCM,7510205N,Công nghệ Kỹ thuật ô tô * (đào tạo bằng tiếng Nhật),A00,2025,24.93,,THPT
SPK,Trường Đại Học Công nghệ Kỹ thuật TP HCM,7510205N,Công nghệ Kỹ thuật ô tô * (đào tạo bằng tiếng Nhật),A01,2025,24.93,,THPT
SPK,Đại học Sư phạm Kỹ thuật TP HCM,7510205N,Công nghệ kỹ thuật ô tô,A01,2025,23.55,,THPT
SPK,Trường Đại Học Công nghệ Kỹ thuật TP HCM,7510205N,Công nghệ Kỹ thuật ô tô * (đào tạo bằng tiếng Nhật),D01,2025,24.93,,THPT
SPK,Đại học Sư phạm Kỹ thuật TP HCM,7510205N,Công nghệ kỹ thuật ô tô,D01,2025,23.55,,THPT
SPK,Đại học Sư phạm Kỹ thuật TP HCM,7510205V,Công nghệ kỹ thuật ô tô,A00,2025,25.65,,THPT
SPK,Trường Đại Học Công nghệ Kỹ thuật TP HCM,7510205V,Công nghệ Kỹ thuật ô tô * (đào tạo bằng tiếng Việt),A00,2025,27.03,,THPT
SPK,Trường Đại Học Công nghệ Kỹ thuật TP HCM,7510205V,Công nghệ Kỹ thuật ô tô * (đào tạo bằng tiếng Việt),A01,2025,27.03,,THPT
SPK,Đại học Sư phạm Kỹ thuật TP HCM,7510205V,Công nghệ kỹ thuật ô tô,A01,2025,25.65,,THPT
SPK,Trường Đại Học Công nghệ Kỹ thuật TP HCM,7510205V,Công nghệ Kỹ thuật ô tô * (đào tạo bằng tiếng Việt),D01,2025,27.03,,THPT
SPK,Đại học Sư phạm Kỹ thuật TP HCM,7510205V,Công nghệ kỹ thuật ô tô,D01,2025,25.65,,THPT
SPK,Đại học Sư phạm Kỹ thuật TP HCM,7510206A,Công nghệ kỹ thuật nhiệt (hệ Chắt lượng cao tiếng Anh),A00,2025,22.3,,THPT
SPK,Trường Đại Học Công nghệ Kỹ thuật TP HCM,7510206A,Công nghệ Kỹ thuật nhiệt (đào tạo bằng tiếng Anh),A00,2025,23.68,,THPT
SPK,Trường Đại Học Công nghệ Kỹ thuật TP HCM,7510206A,Công nghệ Kỹ thuật nhiệt (đào tạo bằng tiếng Anh),A01,2025,23.68,,THPT
SPK,Đại học Sư phạm Kỹ thuật TP HCM,7510206A,Công nghệ kỹ thuật nhiệt (hệ Chắt lượng cao tiếng Anh),A01,2025,22.3,,THPT
SPK,Trường Đại Học Công nghệ Kỹ thuật TP HCM,7510206A,Công nghệ Kỹ thuật nhiệt (đào tạo bằng tiếng Anh),D01,2025,23.68,,THPT
SPK,Đại học Sư phạm Kỹ thuật TP HCM,7510206A,Công nghệ kỹ thuật nhiệt (hệ Chắt lượng cao tiếng Anh),D01,2025,22.3,,THPT
SPK,Đại học Sư phạm Kỹ thuật TP HCM,7510206N,Công nghệ kỹ thuật nhiệt,A00,2025,24.7,,THPT
SPK,Trường Đại Học Công nghệ Kỹ thuật TP HCM,7510206N,Công nghệ Kỹ thuật nhiệt (đào tạo bằng tiếng Nhật),A00,2025,26.08,,THPT
SPK,Trường Đại Học Công nghệ Kỹ thuật TP HCM,7510206N,Công nghệ Kỹ thuật nhiệt (đào tạo bằng tiếng Nhật),A01,2025,26.08,,THPT
SPK,Đại học Sư phạm Kỹ thuật TP HCM,7510206N,Công nghệ kỹ thuật nhiệt,A01,2025,24.7,,THPT
SPK,Trường Đại Học Công nghệ Kỹ thuật TP HCM,7510206N,Công nghệ Kỹ thuật nhiệt (đào tạo bằng tiếng Nhật),D01,2025,26.08,,THPT
SPK,Đại học Sư phạm Kỹ thuật TP HCM,7510206N,Công nghệ kỹ thuật nhiệt,D01,2025,24.7,,THPT
SPK,Đại học Sư phạm Kỹ thuật TP HCM,7510206V,Công nghệ kỹ thuật nhiệt,A00,2025,24.7,,THPT
SPK,Trường Đại Học Công nghệ Kỹ thuật TP HCM,7510206V,Công nghệ Kỹ thuật nhiệt (đào tạo bằng tiếng Việt),A00,2025,26.08,,THPT
SPK,Trường Đại Học Công nghệ Kỹ thuật TP HCM,7510206V,Công nghệ Kỹ thuật nhiệt (đào tạo bằng tiếng Việt),A01,2025,26.08,,THPT
SPK,Đại học Sư phạm Kỹ thuật TP HCM,7510206V,Công nghệ kỹ thuật nhiệt,A01,2025,24.7,,THPT
SPK,Trường Đại Học Công nghệ Kỹ thuật TP HCM,7510206V,Công nghệ Kỹ thuật nhiệt (đào tạo bằng tiếng Việt),D01,2025,26.08,,THPT
SPK,Đại học Sư phạm Kỹ thuật TP HCM,7510206V,Công nghệ kỹ thuật nhiệt,D01,2025,24.7,,THPT
SPK,Đại học Sư phạm Kỹ thuật TP HCM,7510208V,Năng lượng tái tạo,A00,2025,24.0,,THPT
SPK,Trường Đại Học Công nghệ Kỹ thuật TP HCM,7510208V,Năng lượng tái tạo (đào tạo bằng tiếng Việt),A00,2025,25.38,,THPT
SPK,Trường Đại Học Công nghệ Kỹ thuật TP HCM,7510208V,Năng lượng tái tạo (đào tạo bằng tiếng Việt),A01,2025,25.38,,THPT
SPK,Đại học Sư phạm Kỹ thuật TP HCM,7510208V,Năng lượng tái tạo,A01,2025,24.0,,THPT
SPK,Trường Đại Học Công nghệ Kỹ thuật TP HCM,7510208V,Năng lượng tái tạo (đào tạo bằng tiếng Việt),D01,2025,25.38,,THPT
SPK,Đại học Sư phạm Kỹ thuật TP HCM,7510208V,Năng lượng tái tạo,D01,2025,24.0,,THPT
SPK,Đại học Sư phạm Kỹ thuật TP HCM,7510209V,Robot và trí tuệ nhân tạo,A00,2025,27.5,,THPT
SPK,Trường Đại Học Công nghệ Kỹ thuật TP HCM,7510209V,Robot và trí tuệ nhân tạo (đào tạo bằng tiếng Việt),A00,2025,28.88,,THPT
SPK,Trường Đại Học Công nghệ Kỹ thuật TP HCM,7510209V,Robot và trí tuệ nhân tạo (đào tạo bằng tiếng Việt),A01,2025,28.88,,THPT
SPK,Đại học Sư phạm Kỹ thuật TP HCM,7510209V,Robot và trí tuệ nhân tạo,A01,2025,27.5,,THPT
SPK,Trường Đại Học Công nghệ Kỹ thuật TP HCM,7510209V,Robot và trí tuệ nhân tạo (đào tạo bằng tiếng Việt),D01,2025,28.88,,THPT
SPK,Đại học Sư phạm Kỹ thuật TP HCM,7510209V,Robot và trí tuệ nhân tạo,D01,2025,27.5,,THPT
SPK,Đại học Sư phạm Kỹ thuật TP HCM,7510301A,Công nghệ kỹ thuật điện - Điện tử (hệ Chất lượng cao tiếng Anh),A00,2025,24.25,,THPT
SPK,Trường Đại Học Công nghệ Kỹ thuật TP HCM,7510301A,"Công nghệ Kỹ thuật điện, điện tử (đào tạo bằng tiếng Anh)",A00,2025,25.63,,THPT
SPK,Trường Đại Học Công nghệ Kỹ thuật TP HCM,7510301A,"Công nghệ Kỹ thuật điện, điện tử (đào tạo bằng tiếng Anh)",A01,2025,25.63,,THPT
SPK,Đại học Sư phạm Kỹ thuật TP HCM,7510301A,Công nghệ kỹ thuật điện - Điện tử (hệ Chất lượng cao tiếng Anh),A01,2025,24.25,,THPT
SPK,Trường Đại Học Công nghệ Kỹ thuật TP HCM,7510301A,"Công nghệ Kỹ thuật điện, điện tử (đào tạo bằng tiếng Anh)",D01,2025,25.63,,THPT
SPK,Đại học Sư phạm Kỹ thuật TP HCM,7510301A,Công nghệ kỹ thuật điện - Điện tử (hệ Chất lượng cao tiếng Anh),D01,2025,24.25,,THPT
SPK,Đại học Sư phạm Kỹ thuật TP HCM,7510301BP,"Công nghệ Kỹ thuật điện, điện tử (phân hiệu Bình Phước)",A00,2025,23.5,,THPT
SPK,Trường Đại Học Công nghệ Kỹ thuật TP HCM,7510301BP,"Công nghệ Kỹ thuật điện, điện tử (đào tạo tại phân hiệu Bình Phước)",A00,2025,24.88,,THPT
SPK,Trường Đại Học Công nghệ Kỹ thuật TP HCM,7510301BP,"Công nghệ Kỹ thuật điện, điện tử (đào tạo tại phân hiệu Bình Phước)",A01,2025,24.88,,THPT
SPK,Đại học Sư phạm Kỹ thuật TP HCM,7510301BP,"Công nghệ Kỹ thuật điện, điện tử (phân hiệu Bình Phước)",A01,2025,23.5,,THPT
SPK,Trường Đại Học Công nghệ Kỹ thuật TP HCM,7510301BP,"Công nghệ Kỹ thuật điện, điện tử (đào tạo tại phân hiệu Bình Phước)",D01,2025,24.88,,THPT
SPK,Đại học Sư phạm Kỹ thuật TP HCM,7510301BP,"Công nghệ Kỹ thuật điện, điện tử (phân hiệu Bình Phước)",D01,2025,23.5,,THPT
SPK,Đại học Sư phạm Kỹ thuật TP HCM,7510301V,"Công nghệ kỹ thuật điện, điện tử",A00,2025,26.75,,THPT
SPK,Trường Đại Học Công nghệ Kỹ thuật TP HCM,7510301V,"Công nghệ Kỹ thuật điện, điện tử (đào tạo bằng tiếng Việt)",A00,2025,28.13,,THPT
SPK,Trường Đại Học Công nghệ Kỹ thuật TP HCM,7510301V,"Công nghệ Kỹ thuật điện, điện tử (đào tạo bằng tiếng Việt)",A01,2025,28.13,,THPT
SPK,Đại học Sư phạm Kỹ thuật TP HCM,7510301V,"Công nghệ kỹ thuật điện, điện tử",A01,2025,26.75,,THPT
SPK,Trường Đại Học Công nghệ Kỹ thuật TP HCM,7510301V,"Công nghệ Kỹ thuật điện, điện tử (đào tạo bằng tiếng Việt)",D01,2025,28.13,,THPT
SPK,Đại học Sư phạm Kỹ thuật TP HCM,7510301V,"Công nghệ kỹ thuật điện, điện tử",D01,2025,26.75,,THPT
SPK,Đại học Sư phạm Kỹ thuật TP HCM,7510302A,Công nghệ kỷ thuật Diện từ - Viễn thông (hệ Chất lưựng cao tiếng Anh),A00,2025,24.2,,THPT
SPK,Trường Đại Học Công nghệ Kỹ thuật TP HCM,7510302A,Công nghệ Kỹ thuật điện tử - viễn thông (đào tạo bằng tiếng Anh),A00,2025,25.58,,THPT
SPK,Trường Đại Học Công nghệ Kỹ thuật TP HCM,7510302A,Công nghệ Kỹ thuật điện tử - viễn thông (đào tạo bằng tiếng Anh),A01,2025,25.58,,THPT
SPK,Đại học Sư phạm Kỹ thuật TP HCM,7510302A,Công nghệ kỷ thuật Diện từ - Viễn thông (hệ Chất lưựng cao tiếng Anh),A01,2025,24.2,,THPT
SPK,Trường Đại Học Công nghệ Kỹ thuật TP HCM,7510302A,Công nghệ Kỹ thuật điện tử - viễn thông (đào tạo bằng tiếng Anh),D01,2025,25.58,,THPT
SPK,Đại học Sư phạm Kỹ thuật TP HCM,7510302A,Công nghệ kỷ thuật Diện từ - Viễn thông (hệ Chất lưựng cao tiếng Anh),D01,2025,24.2,,THPT
SPK,Trường Đại Học Công nghệ Kỹ thuật TP HCM,7510302KTVM,Chương trình đào tạo Kỹ thuật Thiết kế vi mạch (thuộc ngành CNKT Điện tử - viễn thông) (đào tạo bằng tiếng Việt),A00,2025,29.93,,THPT
SPK,Trường Đại Học Công nghệ Kỹ thuật TP HCM,7510302KTVM,Chương trình đào tạo Kỹ thuật Thiết kế vi mạch (thuộc ngành CNKT Điện tử - viễn thông) (đào tạo bằng tiếng Việt),A00,2025,29.93,,THPT
SPK,Trường Đại Học Công nghệ Kỹ thuật TP HCM,7510302KTVM,Chương trình đào tạo Kỹ thuật Thiết kế vi mạch (thuộc ngành CNKT Điện tử - viễn thông) (đào tạo bằng tiếng Việt),A01,2025,29.93,,THPT
SPK,Trường Đại Học Công nghệ Kỹ thuật TP HCM,7510302KTVM,Chương trình đào tạo Kỹ thuật Thiết kế vi mạch (thuộc ngành CNKT Điện tử - viễn thông) (đào tạo bằng tiếng Việt),A01,2025,29.93,,THPT
SPK,Trường Đại Học Công nghệ Kỹ thuật TP HCM,7510302KTVM,Chương trình đào tạo Kỹ thuật Thiết kế vi mạch (thuộc ngành CNKT Điện tử - viễn thông) (đào tạo bằng tiếng Việt),D01,2025,29.93,,THPT
SPK,Trường Đại Học Công nghệ Kỹ thuật TP HCM,7510302KTVM,Chương trình đào tạo Kỹ thuật Thiết kế vi mạch (thuộc ngành CNKT Điện tử - viễn thông) (đào tạo bằng tiếng Việt),D01,2025,29.93,,THPT
SPK,Đại học Sư phạm Kỹ thuật TP HCM,7510302N,"Công nghệ kỹ thuật điện tử, viễn thông (Việt - Nhật)",A00,2025,23.0,,THPT
SPK,Trường Đại Học Công nghệ Kỹ thuật TP HCM,7510302N,Công nghệ Kỹ thuật điện tử - viễn thông (đào tạo bằng tiếng Nhật),A00,2025,24.38,,THPT
SPK,Trường Đại Học Công nghệ Kỹ thuật TP HCM,7510302N,Công nghệ Kỹ thuật điện tử - viễn thông (đào tạo bằng tiếng Nhật),A01,2025,24.38,,THPT
SPK,Đại học Sư phạm Kỹ thuật TP HCM,7510302N,"Công nghệ kỹ thuật điện tử, viễn thông (Việt - Nhật)",A01,2025,23.0,,THPT
SPK,Trường Đại Học Công nghệ Kỹ thuật TP HCM,7510302N,Công nghệ Kỹ thuật điện tử - viễn thông (đào tạo bằng tiếng Nhật),D01,2025,24.38,,THPT
SPK,Đại học Sư phạm Kỹ thuật TP HCM,7510302N,"Công nghệ kỹ thuật điện tử, viễn thông (Việt - Nhật)",D01,2025,23.0,,THPT
SPK,Đại học Sư phạm Kỹ thuật TP HCM,7510302TKVM,Kỹ thuật thiết kế vi mạch,A00,2025,28.65,,THPT
SPK,Đại học Sư phạm Kỹ thuật TP HCM,7510302TKVM,Kỹ thuật thiết kế vi mạch,A01,2025,28.65,,THPT
SPK,Đại học Sư phạm Kỹ thuật TP HCM,7510302V,Công nghệ điện tử - viễn thông,A00,2025,26.45,,THPT
SPK,Trường Đại Học Công nghệ Kỹ thuật TP HCM,7510302V,Công nghệ Kỹ thuật điện tử - viễn thông (đào tạo bằng tiếng Việt),A00,2025,27.83,,THPT
SPK,Trường Đại Học Công nghệ Kỹ thuật TP HCM,7510302V,Công nghệ Kỹ thuật điện tử - viễn thông (đào tạo bằng tiếng Việt),A01,2025,27.83,,THPT
SPK,Đại học Sư phạm Kỹ thuật TP HCM,7510302V,Công nghệ điện tử - viễn thông,A01,2025,26.45,,THPT
SPK,Trường Đại Học Công nghệ Kỹ thuật TP HCM,7510302V,Công nghệ Kỹ thuật điện tử - viễn thông (đào tạo bằng tiếng Việt),D01,2025,27.83,,THPT
SPK,Đại học Sư phạm Kỹ thuật TP HCM,7510302V,Công nghệ điện tử - viễn thông,D01,2025,26.45,,THPT
SPK,Đại học Sư phạm Kỹ thuật TP HCM,7510303A,Công nghỹ kỳ thuật điều khicn và lự động hoả (hệ Chat lượng cao ticng Anh),A00,2025,25.75,,THPT
SPK,Trường Đại Học Công nghệ Kỹ thuật TP HCM,7510303A,Công nghệ Kỹ thuật điều khiển và tự động hóa (đào tạo bằng tiếng Anh),A00,2025,27.13,,THPT
SPK,Trường Đại Học Công nghệ Kỹ thuật TP HCM,7510303A,Công nghệ Kỹ thuật điều khiển và tự động hóa (đào tạo bằng tiếng Anh),A01,2025,27.13,,THPT
SPK,Đại học Sư phạm Kỹ thuật TP HCM,7510303A,Công nghỹ kỳ thuật điều khicn và lự động hoả (hệ Chat lượng cao ticng Anh),A01,2025,25.75,,THPT
SPK,Trường Đại Học Công nghệ Kỹ thuật TP HCM,7510303A,Công nghệ Kỹ thuật điều khiển và tự động hóa (đào tạo bằng tiếng Anh),D01,2025,27.13,,THPT
SPK,Đại học Sư phạm Kỹ thuật TP HCM,7510303A,Công nghỹ kỳ thuật điều khicn và lự động hoả (hệ Chat lượng cao ticng Anh),D01,2025,25.75,,THPT
SPK,Đại học Sư phạm Kỹ thuật TP HCM,7510303BP,Công nghệ Kỹ thuật điều khiển và tự động hoá (phân hiệu Bình Phước),A00,2025,25.45,,THPT
SPK,Trường Đại Học Công nghệ Kỹ thuật TP HCM,7510303BP,Công nghệ Kỹ thuật điều khiển và tự động hóa (đào tạo tại phân hiệu Bình Phước),A00,2025,26.83,,THPT
SPK,Trường Đại Học Công nghệ Kỹ thuật TP HCM,7510303BP,Công nghệ Kỹ thuật điều khiển và tự động hóa (đào tạo tại phân hiệu Bình Phước),A01,2025,26.83,,THPT
SPK,Đại học Sư phạm Kỹ thuật TP HCM,7510303BP,Công nghệ Kỹ thuật điều khiển và tự động hoá (phân hiệu Bình Phước),A01,2025,25.45,,THPT
SPK,Trường Đại Học Công nghệ Kỹ thuật TP HCM,7510303BP,Công nghệ Kỹ thuật điều khiển và tự động hóa (đào tạo tại phân hiệu Bình Phước),D01,2025,26.83,,THPT
SPK,Đại học Sư phạm Kỹ thuật TP HCM,7510303BP,Công nghệ Kỹ thuật điều khiển và tự động hoá (phân hiệu Bình Phước),D01,2025,25.45,,THPT
SPK,Đại học Sư phạm Kỹ thuật TP HCM,7510303V,Công nghệ kỹ thuật điều khiển và tự động hóa,A00,2025,26.45,,THPT
SPK,Trường Đại Học Công nghệ Kỹ thuật TP HCM,7510303V,Công nghệ Kỹ thuật điều khiển và tự động hóa (đào tạo bằng tiếng Việt),A00,2025,30.08,,THPT
SPK,Trường Đại Học Công nghệ Kỹ thuật TP HCM,7510303V,Công nghệ Kỹ thuật điều khiển và tự động hóa (đào tạo bằng tiếng Việt),A01,2025,30.08,,THPT
SPK,Đại học Sư phạm Kỹ thuật TP HCM,7510303V,Công nghệ kỹ thuật điều khiển và tự động hóa,A01,2025,26.45,,THPT
SPK,Trường Đại Học Công nghệ Kỹ thuật TP HCM,7510303V,Công nghệ Kỹ thuật điều khiển và tự động hóa (đào tạo bằng tiếng Việt),D01,2025,30.08,,THPT
SPK,Đại học Sư phạm Kỹ thuật TP HCM,7510303V,Công nghệ kỹ thuật điều khiển và tự động hóa,D01,2025,26.45,,THPT
SPK,Đại học Sư phạm Kỹ thuật TP HCM,7510401A,Công nghệ Kỹ thuật hóa học (hệ chất lượng cao tiếng Anh),A00,2025,24.1,,THPT
SPK,Trường Đại Học Công nghệ Kỹ thuật TP HCM,7510401A,Công nghệ Kỹ thuật hóa học (đào tạo bằng tiếng Anh),A00,2025,25.48,,THPT
SPK,Trường Đại Học Công nghệ Kỹ thuật TP HCM,7510401A,Công nghệ Kỹ thuật hóa học (đào tạo bằng tiếng Anh),A01,2025,25.48,,THPT
SPK,Trường Đại Học Công nghệ Kỹ thuật TP HCM,7510401A,Công nghệ Kỹ thuật hóa học (đào tạo bằng tiếng Anh),B00,2025,25.48,,THPT
SPK,Đại học Sư phạm Kỹ thuật TP HCM,7510401A,Công nghệ Kỹ thuật hóa học (hệ chất lượng cao tiếng Anh),B00,2025,24.1,,THPT
SPK,Trường Đại Học Công nghệ Kỹ thuật TP HCM,7510401A,Công nghệ Kỹ thuật hóa học (đào tạo bằng tiếng Anh),D01,2025,25.48,,THPT
SPK,Trường Đại Học Công nghệ Kỹ thuật TP HCM,7510401A,Công nghệ Kỹ thuật hóa học (đào tạo bằng tiếng Anh),D07,2025,25.48,,THPT
SPK,Đại học Sư phạm Kỹ thuật TP HCM,7510401A,Công nghệ Kỹ thuật hóa học (hệ chất lượng cao tiếng Anh),D07,2025,24.1,,THPT
SPK,Đại học Sư phạm Kỹ thuật TP HCM,7510401V,Công nghệ kỹ thuật hóa học,A00,2025,28.35,,THPT
SPK,Trường Đại Học Công nghệ Kỹ thuật TP HCM,7510401V,Công nghệ Kỹ thuật hóa học (đào tạo bằng tiếng Việt),A00,2025,29.73,,THPT
SPK,Trường Đại Học Công nghệ Kỹ thuật TP HCM,7510401V,Công nghệ Kỹ thuật hóa học (đào tạo bằng tiếng Việt),A01,2025,29.73,,THPT
SPK,Trường Đại Học Công nghệ Kỹ thuật TP HCM,7510401V,Công nghệ Kỹ thuật hóa học (đào tạo bằng tiếng Việt),B00,2025,29.73,,THPT
SPK,Đại học Sư phạm Kỹ thuật TP HCM,7510401V,Công nghệ kỹ thuật hóa học,B00,2025,28.35,,THPT
SPK,Trường Đại Học Công nghệ Kỹ thuật TP HCM,7510401V,Công nghệ Kỹ thuật hóa học (đào tạo bằng tiếng Việt),D01,2025,29.73,,THPT
SPK,Trường Đại Học Công nghệ Kỹ thuật TP HCM,7510401V,Công nghệ Kỹ thuật hóa học (đào tạo bằng tiếng Việt),D07,2025,29.73,,THPT
SPK,Đại học Sư phạm Kỹ thuật TP HCM,7510401V,Công nghệ kỹ thuật hóa học,D07,2025,28.35,,THPT
SPK,Đại học Sư phạm Kỹ thuật TP HCM,7510402A,Công nghệ vật liệu (hệ chất lượng cao tiếng Anh),A00,2025,24.55,,THPT
SPK,Trường Đại Học Công nghệ Kỹ thuật TP HCM,7510402A,Công nghệ vật liệu (đào tạo bằng tiếng Anh),A00,2025,25.15,,THPT
SPK,Trường Đại Học Công nghệ Kỹ thuật TP HCM,7510402A,Công nghệ vật liệu (đào tạo bằng tiếng Anh),A01,2025,25.15,,THPT
SPK,Đại học Sư phạm Kỹ thuật TP HCM,7510402A,Công nghệ vật liệu (hệ chất lượng cao tiếng Anh),A01,2025,24.55,,THPT
SPK,Trường Đại Học Công nghệ Kỹ thuật TP HCM,7510402A,Công nghệ vật liệu (đào tạo bằng tiếng Anh),D01,2025,25.15,,THPT
SPK,Trường Đại Học Công nghệ Kỹ thuật TP HCM,7510402A,Công nghệ vật liệu (đào tạo bằng tiếng Anh),D07,2025,25.15,,THPT
SPK,Đại học Sư phạm Kỹ thuật TP HCM,7510402A,Công nghệ vật liệu (hệ chất lượng cao tiếng Anh),D07,2025,24.55,,THPT
SPK,Đại học Sư phạm Kỹ thuật TP HCM,7510402V,Công nghệ vật liệu,A00,2025,24.55,,THPT
SPK,Trường Đại Học Công nghệ Kỹ thuật TP HCM,7510402V,Công nghệ vật liệu (đào tạo bằng tiếng Việt),A00,2025,25.15,,THPT
SPK,Trường Đại Học Công nghệ Kỹ thuật TP HCM,7510402V,Công nghệ vật liệu (đào tạo bằng tiếng Việt),A01,2025,25.15,,THPT
SPK,Đại học Sư phạm Kỹ thuật TP HCM,7510402V,Công nghệ vật liệu,A01,2025,24.55,,THPT
SPK,Trường Đại Học Công nghệ Kỹ thuật TP HCM,7510402V,Công nghệ vật liệu (đào tạo bằng tiếng Việt),D01,2025,25.15,,THPT
SPK,Trường Đại Học Công nghệ Kỹ thuật TP HCM,7510402V,Công nghệ vật liệu (đào tạo bằng tiếng Việt),D07,2025,25.15,,THPT
SPK,Đại học Sư phạm Kỹ thuật TP HCM,7510402V,Công nghệ vật liệu,D07,2025,24.55,,THPT
SPK,Đại học Sư phạm Kỹ thuật TP HCM,7510406V,Công nghệ kỹ thuật môi trường,A00,2025,23.1,,THPT
SPK,Trường Đại Học Công nghệ Kỹ thuật TP HCM,7510406V,Công nghệ Kỹ thuật môi trường (đào tạo bằng tiếng Việt),A00,2025,24.48,,THPT
SPK,Trường Đại Học Công nghệ Kỹ thuật TP HCM,7510406V,Công nghệ Kỹ thuật môi trường (đào tạo bằng tiếng Việt),A01,2025,24.48,,THPT
SPK,Trường Đại Học Công nghệ Kỹ thuật TP HCM,7510406V,Công nghệ Kỹ thuật môi trường (đào tạo bằng tiếng Việt),B00,2025,24.48,,THPT
SPK,Đại học Sư phạm Kỹ thuật TP HCM,7510406V,Công nghệ kỹ thuật môi trường,B00,2025,23.1,,THPT
SPK,Trường Đại Học Công nghệ Kỹ thuật TP HCM,7510406V,Công nghệ Kỹ thuật môi trường (đào tạo bằng tiếng Việt),D01,2025,24.48,,THPT
SPK,Trường Đại Học Công nghệ Kỹ thuật TP HCM,7510406V,Công nghệ Kỹ thuật môi trường (đào tạo bằng tiếng Việt),D07,2025,24.48,,THPT
SPK,Đại học Sư phạm Kỹ thuật TP HCM,7510406V,Công nghệ kỹ thuật môi trường,D07,2025,23.1,,THPT
SPK,Đại học Sư phạm Kỹ thuật TP HCM,7510601A,Quản lý Công nghiệp (hệ Chất lượng cao tiếng Anh),A00,2025,22.0,,THPT
SPK,Trường Đại Học Công nghệ Kỹ thuật TP HCM,7510601A,Quản lý công nghiệp (đào tạo bằng tiếng Anh),A00,2025,23.38,,THPT
SPK,Trường Đại Học Công nghệ Kỹ thuật TP HCM,7510601A,Quản lý công nghiệp (đào tạo bằng tiếng Anh),A01,2025,23.38,,THPT
SPK,Đại học Sư phạm Kỹ thuật TP HCM,7510601A,Quản lý Công nghiệp (hệ Chất lượng cao tiếng Anh),A01,2025,22.0,,THPT
SPK,Trường Đại Học Công nghệ Kỹ thuật TP HCM,7510601A,Quản lý công nghiệp (đào tạo bằng tiếng Anh),D01,2025,23.38,,THPT
SPK,Đại học Sư phạm Kỹ thuật TP HCM,7510601A,Quản lý Công nghiệp (hệ Chất lượng cao tiếng Anh),D01,2025,22.0,,THPT
SPK,Đại học Sư phạm Kỹ thuật TP HCM,7510601BP,Quản lý công nghiệp (phân hiệu Bình Phước),A00,2025,22.0,,THPT
SPK,Trường Đại Học Công nghệ Kỹ thuật TP HCM,7510601BP,Quản lý công nghiệp (đào tạo tại phân hiệu Bình Phước),A00,2025,23.38,,THPT
SPK,Trường Đại Học Công nghệ Kỹ thuật TP HCM,7510601BP,Quản lý công nghiệp (đào tạo tại phân hiệu Bình Phước),A01,2025,23.38,,THPT
SPK,Đại học Sư phạm Kỹ thuật TP HCM,7510601BP,Quản lý công nghiệp (phân hiệu Bình Phước),A01,2025,22.0,,THPT
SPK,Trường Đại Học Công nghệ Kỹ thuật TP HCM,7510601BP,Quản lý công nghiệp (đào tạo tại phân hiệu Bình Phước),D01,2025,23.38,,THPT
SPK,Đại học Sư phạm Kỹ thuật TP HCM,7510601BP,Quản lý công nghiệp (phân hiệu Bình Phước),D01,2025,22.0,,THPT
SPK,Đại học Sư phạm Kỹ thuật TP HCM,7510601V,Quản lý công nghiệp,A00,2025,24.6,,THPT
SPK,Trường Đại Học Công nghệ Kỹ thuật TP HCM,7510601V,Quản lý công nghiệp (đào tạo bằng tiếng Việt),A00,2025,25.98,,THPT
SPK,Trường Đại Học Công nghệ Kỹ thuật TP HCM,7510601V,Quản lý công nghiệp (đào tạo bằng tiếng Việt),A01,2025,25.98,,THPT
SPK,Đại học Sư phạm Kỹ thuật TP HCM,7510601V,Quản lý công nghiệp,A01,2025,24.6,,THPT
SPK,Trường Đại Học Công nghệ Kỹ thuật TP HCM,7510601V,Quản lý công nghiệp (đào tạo bằng tiếng Việt),D01,2025,25.98,,THPT
SPK,Đại học Sư phạm Kỹ thuật TP HCM,7510601V,Quản lý công nghiệp,D01,2025,24.6,,THPT
SPK,Đại học Sư phạm Kỹ thuật TP HCM,7510605BP,Logistics và quản lý chuỗi cung ứng (phân hiệu Bình Phước),A00,2025,25.0,,THPT
SPK,Trường Đại Học Công nghệ Kỹ thuật TP HCM,7510605BP,Logistics và quản lý chuỗi cung ứng (đào tạo tại phân hiệu Bình Phước),A00,2025,26.38,,THPT
SPK,Trường Đại Học Công nghệ Kỹ thuật TP HCM,7510605BP,Logistics và quản lý chuỗi cung ứng (đào tạo tại phân hiệu Bình Phước),A01,2025,26.38,,THPT
SPK,Đại học Sư phạm Kỹ thuật TP HCM,7510605BP,Logistics và quản lý chuỗi cung ứng (phân hiệu Bình Phước),A01,2025,25.0,,THPT
SPK,Trường Đại Học Công nghệ Kỹ thuật TP HCM,7510605BP,Logistics và quản lý chuỗi cung ứng (đào tạo tại phân hiệu Bình Phước),D01,2025,26.38,,THPT
SPK,Đại học Sư phạm Kỹ thuật TP HCM,7510605BP,Logistics và quản lý chuỗi cung ứng (phân hiệu Bình Phước),D01,2025,25.0,,THPT
SPK,Đại học Sư phạm Kỹ thuật TP HCM,7510605V,Logistics và quản lý chuỗi cung ứng,A00,2025,27.65,,THPT
SPK,Trường Đại Học Công nghệ Kỹ thuật TP HCM,7510605V,Logistics và quản lý chuỗi cung ứng (đào tạo bằng tiếng Việt),A00,2025,29.03,,THPT
SPK,Trường Đại Học Công nghệ Kỹ thuật TP HCM,7510605V,Logistics và quản lý chuỗi cung ứng (đào tạo bằng tiếng Việt),A01,2025,29.03,,THPT
SPK,Đại học Sư phạm Kỹ thuật TP HCM,7510605V,Logistics và quản lý chuỗi cung ứng,A01,2025,27.65,,THPT
SPK,Trường Đại Học Công nghệ Kỹ thuật TP HCM,7510605V,Logistics và quản lý chuỗi cung ứng (đào tạo bằng tiếng Việt),D01,2025,29.03,,THPT
SPK,Đại học Sư phạm Kỹ thuật TP HCM,7510605V,Logistics và quản lý chuỗi cung ứng,D01,2025,27.65,,THPT
SPK,Đại học Sư phạm Kỹ thuật TP HCM,7510801V,Công nghệ kỹ thuật in,A00,2025,22.1,,THPT
SPK,Trường Đại Học Công nghệ Kỹ thuật TP HCM,7510801V,Công nghệ Kỹ thuật in (đào tạo bằng tiếng Việt),A00,2025,23.48,,THPT
SPK,Trường Đại Học Công nghệ Kỹ thuật TP HCM,7510801V,Công nghệ Kỹ thuật in (đào tạo bằng tiếng Việt),A01,2025,23.48,,THPT
SPK,Đại học Sư phạm Kỹ thuật TP HCM,7510801V,Công nghệ kỹ thuật in,A01,2025,22.1,,THPT
SPK,Trường Đại Học Công nghệ Kỹ thuật TP HCM,7510801V,Công nghệ Kỹ thuật in (đào tạo bằng tiếng Việt),D01,2025,23.48,,THPT
SPK,Đại học Sư phạm Kỹ thuật TP HCM,7510801V,Công nghệ kỹ thuật in,D01,2025,22.1,,THPT
SPK,Đại học Sư phạm Kỹ thuật TP HCM,7520117V,Kỹ thuật công nghiệp,A00,2025,24.1,,THPT
SPK,Trường Đại Học Công nghệ Kỹ thuật TP HCM,7520117V,Kỹ thuật công nghiệp (đào tạo bằng tiếng Việt),A00,2025,25.48,,THPT
SPK,Trường Đại Học Công nghệ Kỹ thuật TP HCM,7520117V,Kỹ thuật công nghiệp (đào tạo bằng tiếng Việt),A01,2025,25.48,,THPT
SPK,Đại học Sư phạm Kỹ thuật TP HCM,7520117V,Kỹ thuật công nghiệp,A01,2025,24.1,,THPT
SPK,Trường Đại Học Công nghệ Kỹ thuật TP HCM,7520117V,Kỹ thuật công nghiệp (đào tạo bằng tiếng Việt),D01,2025,25.48,,THPT
SPK,Đại học Sư phạm Kỹ thuật TP HCM,7520117V,Kỹ thuật công nghiệp,D01,2025,24.1,,THPT
SPK,Đại học Sư phạm Kỹ thuật TP HCM,7520212A,Kỹ thuật Y sinh (hệ chất lượng cao tiếng Anh),A00,2025,22.15,,THPT
SPK,Trường Đại Học Công nghệ Kỹ thuật TP HCM,7520212A,Kỹ thuật y sinh (Điện tử y sinh) (đào tạo bằng tiếng Anh),A00,2025,23.53,,THPT
SPK,Trường Đại Học Công nghệ Kỹ thuật TP HCM,7520212A,Kỹ thuật y sinh (Điện tử y sinh) (đào tạo bằng tiếng Anh),A01,2025,23.53,,THPT
SPK,Đại học Sư phạm Kỹ thuật TP HCM,7520212A,Kỹ thuật Y sinh (hệ chất lượng cao tiếng Anh),A01,2025,22.15,,THPT
SPK,Trường Đại Học Công nghệ Kỹ thuật TP HCM,7520212A,Kỹ thuật y sinh (Điện tử y sinh) (đào tạo bằng tiếng Anh),D01,2025,23.53,,THPT
SPK,Đại học Sư phạm Kỹ thuật TP HCM,7520212A,Kỹ thuật Y sinh (hệ chất lượng cao tiếng Anh),D01,2025,22.15,,THPT
SPK,Đại học Sư phạm Kỹ thuật TP HCM,7520212V,Kỹ thuật y sinh,A00,2025,25.8,,THPT
SPK,Trường Đại Học Công nghệ Kỹ thuật TP HCM,7520212V,Kỹ thuật y sinh (Điện tử y sinh) (đào tạo bằng tiếng Việt),A00,2025,27.18,,THPT
SPK,Trường Đại Học Công nghệ Kỹ thuật TP HCM,7520212V,Kỹ thuật y sinh (Điện tử y sinh) (đào tạo bằng tiếng Việt),A01,2025,27.18,,THPT
SPK,Đại học Sư phạm Kỹ thuật TP HCM,7520212V,Kỹ thuật y sinh,A01,2025,25.8,,THPT
SPK,Trường Đại Học Công nghệ Kỹ thuật TP HCM,7520212V,Kỹ thuật y sinh (Điện tử y sinh) (đào tạo bằng tiếng Việt),D01,2025,27.18,,THPT
SPK,Đại học Sư phạm Kỹ thuật TP HCM,7520212V,Kỹ thuật y sinh,D01,2025,25.8,,THPT
SPK,Đại học Sư phạm Kỹ thuật TP HCM,7520401V,"Vật lý kỹ thuật (định hướng công nghệ bán dẫn và cảm biến, đo lường)",A00,2025,28.65,,THPT
SPK,Trường Đại Học Công nghệ Kỹ thuật TP HCM,7520401V,"Vật lý kỹ thuật (định hướng công nghệ bán dẫn và cảm biến, đo lường) (đào tạo bằng tiếng Việt)",A00,2025,27.6,,THPT
SPK,Trường Đại Học Công nghệ Kỹ thuật TP HCM,7520401V,"Vật lý kỹ thuật (định hướng công nghệ bán dẫn và cảm biến, đo lường) (đào tạo bằng tiếng Việt)",A01,2025,27.6,,THPT
SPK,Đại học Sư phạm Kỹ thuật TP HCM,7520401V,"Vật lý kỹ thuật (định hướng công nghệ bán dẫn và cảm biến, đo lường)",A01,2025,28.65,,THPT
SPK,Đại học Sư phạm Kỹ thuật TP HCM,7540101A,Công nghệ Thực phẩm (hệ Chất lượng cao tiếng Anh),A00,2025,22.0,,THPT
SPK,Trường Đại Học Công nghệ Kỹ thuật TP HCM,7540101A,Công nghệ thực phẩm (đào tạo bằng tiếng Anh),A00,2025,22.4,,THPT
SPK,Trường Đại Học Công nghệ Kỹ thuật TP HCM,7540101A,Công nghệ thực phẩm (đào tạo bằng tiếng Anh),B00,2025,22.4,,THPT
SPK,Đại học Sư phạm Kỹ thuật TP HCM,7540101A,Công nghệ Thực phẩm (hệ Chất lượng cao tiếng Anh),B00,2025,22.0,,THPT
SPK,Trường Đại Học Công nghệ Kỹ thuật TP HCM,7540101A,Công nghệ thực phẩm (đào tạo bằng tiếng Anh),D07,2025,22.4,,THPT
SPK,Đại học Sư phạm Kỹ thuật TP HCM,7540101A,Công nghệ Thực phẩm (hệ Chất lượng cao tiếng Anh),D07,2025,22.0,,THPT
SPK,Đại học Sư phạm Kỹ thuật TP HCM,7540101DD,Khoa học thực phẩm và Dinh dưỡng,A00,2025,22.15,,THPT
SPK,Trường Đại Học Công nghệ Kỹ thuật TP HCM,7540101DD,Chương trình đào tạo Khoa học thực phẩm & Dinh dưỡng (thuộc ngành Công nghệ thực phẩm) (đào tạo bằng tiếng Việt),A00,2025,23.53,,THPT
SPK,Trường Đại Học Công nghệ Kỹ thuật TP HCM,7540101DD,Chương trình đào tạo Khoa học thực phẩm & Dinh dưỡng (thuộc ngành Công nghệ thực phẩm) (đào tạo bằng tiếng Việt),B00,2025,23.53,,THPT
SPK,Đại học Sư phạm Kỹ thuật TP HCM,7540101DD,Khoa học thực phẩm và Dinh dưỡng,B00,2025,22.15,,THPT
SPK,Trường Đại Học Công nghệ Kỹ thuật TP HCM,7540101DD,Chương trình đào tạo Khoa học thực phẩm & Dinh dưỡng (thuộc ngành Công nghệ thực phẩm) (đào tạo bằng tiếng Việt),D07,2025,23.53,,THPT
SPK,Đại học Sư phạm Kỹ thuật TP HCM,7540101DD,Khoa học thực phẩm và Dinh dưỡng,D07,2025,22.15,,THPT
SPK,Đại học Sư phạm Kỹ thuật TP HCM,7540101V,Công nghệ thực phẩm,A00,2025,24.85,,THPT
SPK,Trường Đại Học Công nghệ Kỹ thuật TP HCM,7540101V,Công nghệ thực phẩm (đào tạo bằng tiếng Việt),A00,2025,25.25,,THPT
SPK,Trường Đại Học Công nghệ Kỹ thuật TP HCM,7540101V,Công nghệ thực phẩm (đào tạo bằng tiếng Việt),B00,2025,25.25,,THPT
SPK,Đại học Sư phạm Kỹ thuật TP HCM,7540101V,Công nghệ thực phẩm,B00,2025,24.85,,THPT
SPK,Trường Đại Học Công nghệ Kỹ thuật TP HCM,7540101V,Công nghệ thực phẩm (đào tạo bằng tiếng Việt),D07,2025,25.25,,THPT
SPK,Đại học Sư phạm Kỹ thuật TP HCM,7540101V,Công nghệ thực phẩm,D07,2025,24.85,,THPT
SPK,Đại học Sư phạm Kỹ thuật TP HCM,7540209V,Công nghệ may,A00,2025,22.0,,THPT
SPK,Trường Đại Học Công nghệ Kỹ thuật TP HCM,7540209V,Công nghệ may (đào tạo bằng tiếng Việt),A00,2025,23.38,,THPT
SPK,Trường Đại Học Công nghệ Kỹ thuật TP HCM,7540209V,Công nghệ may (đào tạo bằng tiếng Việt),A01,2025,23.38,,THPT
SPK,Đại học Sư phạm Kỹ thuật TP HCM,7540209V,Công nghệ may,A01,2025,22.0,,THPT
SPK,Trường Đại Học Công nghệ Kỹ thuật TP HCM,7540209V,Công nghệ may (đào tạo bằng tiếng Việt),D01,2025,23.38,,THPT
SPK,Đại học Sư phạm Kỹ thuật TP HCM,7540209V,Công nghệ may,D01,2025,22.0,,THPT
SPK,Đại học Sư phạm Kỹ thuật TP HCM,7549002V,Kỹ thuật gỗ và nội thất,A00,2025,21.1,,THPT
SPK,Trường Đại Học Công nghệ Kỹ thuật TP HCM,7549002V,Kỹ nghệ gỗ và nội thất (đào tạo bằng tiếng Việt),A00,2025,22.48,,THPT
SPK,Trường Đại Học Công nghệ Kỹ thuật TP HCM,7549002V,Kỹ nghệ gỗ và nội thất (đào tạo bằng tiếng Việt),A01,2025,22.48,,THPT
SPK,Đại học Sư phạm Kỹ thuật TP HCM,7549002V,Kỹ thuật gỗ và nội thất,A01,2025,21.1,,THPT
SPK,Trường Đại Học Công nghệ Kỹ thuật TP HCM,7549002V,Kỹ nghệ gỗ và nội thất (đào tạo bằng tiếng Việt),D01,2025,22.48,,THPT
SPK,Đại học Sư phạm Kỹ thuật TP HCM,7549002V,Kỹ thuật gỗ và nội thất,D01,2025,21.1,,THPT
SPK,Đại học Sư phạm Kỹ thuật TP HCM,7580205V,Kỹ thuật xây dựng công trình giao thông,A00,2025,22.5,,THPT
SPK,Trường Đại Học Công nghệ Kỹ thuật TP HCM,7580205V,Kỹ thuật xây dựng công trình giao thông * (đào tạo bằng tiếng Việt),A00,2025,23.88,,THPT
SPK,Trường Đại Học Công nghệ Kỹ thuật TP HCM,7580205V,Kỹ thuật xây dựng công trình giao thông * (đào tạo bằng tiếng Việt),A01,2025,23.88,,THPT
SPK,Đại học Sư phạm Kỹ thuật TP HCM,7580205V,Kỹ thuật xây dựng công trình giao thông,A01,2025,22.5,,THPT
SPK,Trường Đại Học Công nghệ Kỹ thuật TP HCM,7580205V,Kỹ thuật xây dựng công trình giao thông * (đào tạo bằng tiếng Việt),D01,2025,23.88,,THPT
SPK,Đại học Sư phạm Kỹ thuật TP HCM,7580205V,Kỹ thuật xây dựng công trình giao thông,D01,2025,22.5,,THPT
SPK,Đại học Sư phạm Kỹ thuật TP HCM,7580302BP,Quản lý xây dựng (phân hiệu Bình Phước),A00,2025,22.5,,THPT
SPK,Trường Đại Học Công nghệ Kỹ thuật TP HCM,7580302BP,Quản lý xây dựng (đào tạo tại phân hiệu Bình Phước),A00,2025,23.88,,THPT
SPK,Trường Đại Học Công nghệ Kỹ thuật TP HCM,7580302BP,Quản lý xây dựng (đào tạo tại phân hiệu Bình Phước),A01,2025,23.88,,THPT
SPK,Đại học Sư phạm Kỹ thuật TP HCM,7580302BP,Quản lý xây dựng (phân hiệu Bình Phước),A01,2025,22.5,,THPT
SPK,Trường Đại Học Công nghệ Kỹ thuật TP HCM,7580302BP,Quản lý xây dựng (đào tạo tại phân hiệu Bình Phước),D01,2025,23.88,,THPT
SPK,Đại học Sư phạm Kỹ thuật TP HCM,7580302BP,Quản lý xây dựng (phân hiệu Bình Phước),D01,2025,22.5,,THPT
SPK,Đại học Sư phạm Kỹ thuật TP HCM,7580302V,Quản lý xây dựng,A00,2025,22.5,,THPT
SPK,Trường Đại Học Công nghệ Kỹ thuật TP HCM,7580302V,Quản lý xây dựng (đào tạo bằng tiếng Việt),A00,2025,23.88,,THPT
SPK,Trường Đại Học Công nghệ Kỹ thuật TP HCM,7580302V,Quản lý xây dựng (đào tạo bằng tiếng Việt),A01,2025,23.88,,THPT
SPK,Đại học Sư phạm Kỹ thuật TP HCM,7580302V,Quản lý xây dựng,A01,2025,22.5,,THPT
SPK,Trường Đại Học Công nghệ Kỹ thuật TP HCM,7580302V,Quản lý xây dựng (đào tạo bằng tiếng Việt),D01,2025,23.88,,THPT
SPK,Đại học Sư phạm Kỹ thuật TP HCM,7580302V,Quản lý xây dựng,D01,2025,22.5,,THPT
SPK,Đại học Sư phạm Kỹ thuật TP HCM,7810202V,Quản trị nhà hàng và dịch vụ ăn uống,A00,2025,23.35,,THPT
SPK,Trường Đại Học Công nghệ Kỹ thuật TP HCM,7810202V,Quản trị NH và DV ăn uống (đào tạo bằng tiếng Việt),A00,2025,25.11,,THPT
SPK,Trường Đại Học Công nghệ Kỹ thuật TP HCM,7810202V,Quản trị NH và DV ăn uống (đào tạo bằng tiếng Việt),A01,2025,25.11,,THPT
SPK,Đại học Sư phạm Kỹ thuật TP HCM,7810202V,Quản trị nhà hàng và dịch vụ ăn uống,A01,2025,23.35,,THPT
SPK,Trường Đại Học Công nghệ Kỹ thuật TP HCM,7810202V,Quản trị NH và DV ăn uống (đào tạo bằng tiếng Việt),D01,2025,25.11,,THPT
SPK,Đại học Sư phạm Kỹ thuật TP HCM,7810202V,Quản trị nhà hàng và dịch vụ ăn uống,D01,2025,23.35,,THPT
SPK,Trường Đại Học Công nghệ Kỹ thuật TP HCM,7810202V,Quản trị NH và DV ăn uống (đào tạo bằng tiếng Việt),D07,2025,25.11,,THPT
SPK,Đại học Sư phạm Kỹ thuật TP HCM,7810202V,Quản trị nhà hàng và dịch vụ ăn uống,D07,2025,23.35,,THPT
SPK,Đại học Sư phạm Kỹ thuật TP HCM,7840110V,Quản lý và vận hành hạ tầng,A00,2025,22.0,,THPT
SPK,Trường Đại Học Công nghệ Kỹ thuật TP HCM,7840110V,Quản lý và vận hành hạ tầng (đào tạo bằng tiếng Việt),A00,2025,23.38,,THPT
SPK,Trường Đại Học Công nghệ Kỹ thuật TP HCM,7840110V,Quản lý và vận hành hạ tầng (đào tạo bằng tiếng Việt),A01,2025,23.38,,THPT
SPK,Đại học Sư phạm Kỹ thuật TP HCM,7840110V,Quản lý và vận hành hạ tầng,A01,2025,22.0,,THPT
SPK,Trường Đại Học Công nghệ Kỹ thuật TP HCM,7840110V,Quản lý và vận hành hạ tầng (đào tạo bằng tiếng Việt),D01,2025,23.38,,THPT
SPK,Đại học Sư phạm Kỹ thuật TP HCM,7840110V,Quản lý và vận hành hạ tầng,D01,2025,22.0,,THPT
SPK,Trường Đại Học Công nghệ Kỹ thuật TP HCM,7850101V,Quản lý tài nguyên & môi trường (chuyên ngành Môi trường và Phát triển bền vững) (đào tạo bằng tiếng Việt),A01,2025,20.57,,THPT
SPK,Trường Đại Học Công nghệ Kỹ thuật TP HCM,7850101V,Quản lý tài nguyên & môi trường (chuyên ngành Môi trường và Phát triển bền vững) (đào tạo bằng tiếng Việt),A01,2025,20.57,,THPT
SPK,Trường Đại Học Công nghệ Kỹ thuật TP HCM,7850101V,Quản lý tài nguyên & môi trường (chuyên ngành Môi trường và Phát triển bền vững) (đào tạo bằng tiếng Việt),D01,2025,20.57,,THPT
SPK,Đại học Sư phạm Kỹ thuật TP HCM,7850101V,Môi trường và Phát triển bền vững,D01,2025,21.25,,THPT
SPK,Trường Đại Học Công nghệ Kỹ thuật TP HCM,7850101V,Quản lý tài nguyên & môi trường (chuyên ngành Môi trường và Phát triển bền vững) (đào tạo bằng tiếng Việt),D07,2025,20.57,,THPT
SPK,Đại học Sư phạm Kỹ thuật TP HCM,7850101V,Môi trường và Phát triển bền vững,D07,2025,21.25,,THPT
SPS,Trường Đại Học Sư Phạm TPHCM,7140101,Giáo dục học,A00,2025,23.35,,THPT
SPS,Trường Đại Học Sư Phạm TPHCM,7140101,Giáo dục học,D01,2025,23.35,,THPT
SPS,Trường Đại Học Sư Phạm TPHCM,7140101,Giáo dục học,D01,2025,23.35,,THPT
SPS,Trường Đại Học Sư Phạm TPHCM,7140103,Công nghệ giáo dục,A01,2025,20.0,,THPT
SPS,Trường Đại Học Sư Phạm TPHCM,7140103,Công nghệ giáo dục,A01,2025,20.0,,THPT
SPS,Trường Đại Học Sư Phạm TPHCM,7140103,Công nghệ giáo dục,D07,2025,20.0,,THPT
SPS,Trường Đại Học Sư Phạm TPHCM,7140103,Công nghệ giáo dục,D07,2025,20.0,,THPT
SPS,Trường Đại Học Sư Phạm TPHCM,7140114,Quản lý giáo dục,A00,2025,23.42,,THPT
SPS,Trường Đại Học Sư Phạm TPHCM,7140114,Quản lý giáo dục,D01,2025,23.42,,THPT
SPS,Trường Đại Học Sư Phạm TPHCM,7140114,Quản lý giáo dục,D01,2025,23.42,,THPT
SPS,Trường Đại Học Sư Phạm TPHCM,7140202,Giáo dục Tiểu học,A00,2025,25.44,,THPT
SPS,Trường Đại Học Sư Phạm TPHCM,7140202,Giáo dục Tiểu học,A01,2025,25.44,,THPT
SPS,Trường Đại Học Sư Phạm TPHCM,7140202,Giáo dục Tiểu học,D01,2025,25.44,,THPT
SPS,Trường Đại Học Sư Phạm TPHCM,7140202_GL,Giáo dục Tiểu học,A00,2025,23.25,,THPT
SPS,Trường Đại Học Sư Phạm TPHCM,7140202_GL,Giáo dục Tiểu học,A01,2025,23.25,,THPT
SPS,Trường Đại Học Sư Phạm TPHCM,7140202_GL,Giáo dục Tiểu học,D01,2025,23.25,,THPT
SPS,Trường Đại Học Sư Phạm TPHCM,7140202_LA,Giáo dục Tiểu học,A00,2025,24.71,,THPT
SPS,Trường Đại Học Sư Phạm TPHCM,7140202_LA,Giáo dục Tiểu học,A01,2025,24.71,,THPT
SPS,Trường Đại Học Sư Phạm TPHCM,7140202_LA,Giáo dục Tiểu học,D01,2025,24.71,,THPT
SPS,Trường Đại Học Sư Phạm TPHCM,7140203,Giáo dục Đặc biệt,C00,2025,27.45,,THPT
SPS,Trường Đại Học Sư Phạm TPHCM,7140203,Giáo dục Đặc biệt,C00,2025,27.45,,THPT
SPS,Trường Đại Học Sư Phạm TPHCM,7140203,Giáo dục Đặc biệt,D01,2025,27.45,,THPT
SPS,Trường Đại Học Sư Phạm TPHCM,7140209,Sư phạm Toán học,A00,2025,28.25,,THPT
SPS,Trường Đại Học Sư Phạm TPHCM,7140209,Sư phạm Toán học,A00,2025,28.25,,THPT
SPS,Trường Đại Học Sư Phạm TPHCM,7140209,Sư phạm Toán học,A01,2025,28.25,,THPT
SPS,Trường Đại Học Sư Phạm TPHCM,7140209_LA,Sư phạm Toán học,A00,2025,28.07,,THPT
SPS,Trường Đại Học Sư Phạm TPHCM,7140209_LA,Sư phạm Toán học,A01,2025,28.07,,THPT
SPS,Trường Đại Học Sư Phạm TPHCM,7140210,Sư phạm Tin học,A01,2025,23.23,,THPT
SPS,Trường Đại Học Sư Phạm TPHCM,7140210,Sư phạm Tin học,A01,2025,23.23,,THPT
SPS,Trường Đại Học Sư Phạm TPHCM,7140210,Sư phạm Tin học,D07,2025,23.23,,THPT
SPS,Trường Đại Học Sư Phạm TPHCM,7140210,Sư phạm Tin học,D07,2025,23.23,,THPT
SPS,Trường Đại Học Sư Phạm TPHCM,7140211,Sư phạm Vật lý,A00,2025,28.92,,THPT
SPS,Trường Đại Học Sư Phạm TPHCM,7140211,Sư phạm Vật lý,A00,2025,28.92,,THPT
SPS,Trường Đại Học Sư Phạm TPHCM,7140211,Sư phạm Vật lý,A01,2025,28.92,,THPT
SPS,Trường Đại Học Sư Phạm TPHCM,7140212,Sư phạm Hoá học,A00,2025,30.88,,THPT
SPS,Trường Đại Học Sư Phạm TPHCM,7140212,Sư phạm Hoá học,A00,2025,30.88,,THPT
SPS,Trường Đại Học Sư Phạm TPHCM,7140212,Sư phạm Hoá học,B00,2025,30.88,,THPT
SPS,Trường Đại Học Sư Phạm TPHCM,7140212,Sư phạm Hoá học,B00,2025,30.88,,THPT
SPS,Trường Đại Học Sư Phạm TPHCM,7140212,Sư phạm Hoá học,D07,2025,30.88,,THPT
SPS,Trường Đại Học Sư Phạm TPHCM,7140213,Sư phạm Sinh học,B00,2025,26.71,,THPT
SPS,Trường Đại Học Sư Phạm TPHCM,7140213,Sư phạm Sinh học,D08,2025,26.71,,THPT
SPS,Trường Đại Học Sư Phạm TPHCM,7140217,Sư phạm Ngữ văn,C00,2025,29.57,,THPT
SPS,Trường Đại Học Sư Phạm TPHCM,7140217,Sư phạm Ngữ văn,D01,2025,29.57,,THPT
SPS,Trường Đại Học Sư Phạm TPHCM,7140217_LA,Sư phạm Ngữ văn,C00,2025,28.48,,THPT
SPS,Trường Đại Học Sư Phạm TPHCM,7140217_LA,Sư phạm Ngữ văn,D01,2025,28.48,,THPT
SPS,Trường Đại Học Sư Phạm TPHCM,7140218,Sư phạm Lịch sử,C00,2025,28.73,,THPT
SPS,Trường Đại Học Sư Phạm TPHCM,7140219,Sư phạm Địa lý,C00,2025,29.33,,THPT
SPS,Trường Đại Học Sư Phạm TPHCM,7140219,Sư phạm Địa lý,C00,2025,29.33,,THPT
SPS,Trường Đại Học Sư Phạm TPHCM,7140231,Sư phạm Tiếng Anh,D01,2025,26.54,,THPT
SPS,Trường Đại Học Sư Phạm TPHCM,7140231_LA,Sư phạm Tiếng Anh,D01,2025,25.37,,THPT
SPS,Trường Đại Học Sư Phạm TPHCM,7140232,Sư phạm Tiếng Nga,D01,2025,21.9,,THPT
SPS,Trường Đại Học Sư Phạm TPHCM,7140232,Sư phạm Tiếng Nga,D01,2025,21.9,,THPT
SPS,Trường Đại Học Sư Phạm TPHCM,7140233,Sư phạm Tiếng Pháp,D01,2025,21.75,,THPT
SPS,Trường Đại Học Sư Phạm TPHCM,7140233,Sư phạm Tiếng Pháp,D01,2025,21.75,,THPT
SPS,Trường Đại Học Sư Phạm TPHCM,7140234,Sư phạm Tiếng Trung Quốc,D01,2025,25.39,,THPT
SPS,Trường Đại Học Sư Phạm TPHCM,7140234,Sư phạm Tiếng Trung Quốc,D01,2025,25.39,,THPT
SPS,Trường Đại Học Sư Phạm TPHCM,7140246,Sư phạm công nghệ,A01,2025,22.1,,THPT
SPS,Trường Đại Học Sư Phạm TPHCM,7140246,Sư phạm công nghệ,A01,2025,22.1,,THPT
SPS,Trường Đại Học Sư Phạm TPHCM,7140247,Sư phạm khoa học tự nhiên,A00,2025,26.63,,THPT
SPS,Trường Đại Học Sư Phạm TPHCM,7140247,Sư phạm khoa học tự nhiên,A00,2025,26.63,,THPT
SPS,Trường Đại Học Sư Phạm TPHCM,7140247,Sư phạm khoa học tự nhiên,A00,2025,26.63,,THPT
SPS,Trường Đại Học Sư Phạm TPHCM,7140247,Sư phạm khoa học tự nhiên,B00,2025,26.63,,THPT
SPS,Trường Đại Học Sư Phạm TPHCM,7140247,Sư phạm khoa học tự nhiên,B00,2025,26.63,,THPT
SPS,Trường Đại Học Sư Phạm TPHCM,7140247_GL,Sư phạm khoa học tự nhiên,A00,2025,24.12,,THPT
SPS,Trường Đại Học Sư Phạm TPHCM,7140247_GL,Sư phạm khoa học tự nhiên,B00,2025,24.12,,THPT
SPS,Trường Đại Học Sư Phạm TPHCM,7140249,Sư phạm Lịch sử - Địa lý,C00,2025,27.34,,THPT
SPS,Trường Đại Học Sư Phạm TPHCM,7140249,Sư phạm Lịch sử - Địa lý,C00,2025,27.34,,THPT
SPS,Trường Đại Học Sư Phạm TPHCM,7140249_LA,Sư phạm Lịch sử - Địa lý,C00,2025,26.89,,THPT
SPS,Trường Đại Học Sư Phạm TPHCM,7220201,Ngôn ngữ Anh,D01,2025,24.55,,THPT
SPS,Trường Đại Học Sư Phạm TPHCM,7220202,Ngôn ngữ Nga,D01,2025,17.5,,THPT
SPS,Trường Đại Học Sư Phạm TPHCM,7220202,Ngôn ngữ Nga,D01,2025,17.5,,THPT
SPS,Trường Đại Học Sư Phạm TPHCM,7220203,Ngôn ngữ Pháp,D01,2025,19.0,,THPT
SPS,Trường Đại Học Sư Phạm TPHCM,7220203,Ngôn ngữ Pháp,D01,2025,19.0,,THPT
SPS,Trường Đại Học Sư Phạm TPHCM,7220204,Ngôn ngữ Trung Quốc,D01,2025,22.75,,THPT
SPS,Trường Đại Học Sư Phạm TPHCM,7220204,Ngôn ngữ Trung Quốc,D01,2025,22.75,,THPT
SPS,Trường Đại Học Sư Phạm TPHCM,7220209,Ngôn ngữ Nhật,D01,2025,21.0,,THPT
SPS,Trường Đại Học Sư Phạm TPHCM,7220209,Ngôn ngữ Nhật,D01,2025,21.0,,THPT
SPS,Trường Đại Học Sư Phạm TPHCM,7220210,Ngôn ngữ Hàn quốc,D01,2025,21.75,,THPT
SPS,Trường Đại Học Sư Phạm TPHCM,7220210,Ngôn ngữ Hàn quốc,D01,2025,21.75,,THPT
SPS,Trường Đại Học Sư Phạm TPHCM,7229030,Văn học,C00,2025,27.47,,THPT
SPS,Trường Đại Học Sư Phạm TPHCM,7229030,Văn học,D01,2025,27.47,,THPT
SPS,Trường Đại Học Sư Phạm TPHCM,7310401,Tâm lý học,C00,2025,27.5,,THPT
SPS,Trường Đại Học Sư Phạm TPHCM,7310401,Tâm lý học,D01,2025,27.5,,THPT
SPS,Trường Đại Học Sư Phạm TPHCM,7310403,Tâm lý học giáo dục,C00,2025,26.82,,THPT
SPS,Trường Đại Học Sư Phạm TPHCM,7310403,Tâm lý học giáo dục,D01,2025,26.82,,THPT
SPS,Trường Đại Học Sư Phạm TPHCM,7310501,Địa lý học,C00,2025,26.73,,THPT
SPS,Trường Đại Học Sư Phạm TPHCM,7310501,Địa lý học,C00,2025,26.73,,THPT
SPS,Trường Đại Học Sư Phạm TPHCM,7310601,Quốc tế học,D09,2025,21.25,,THPT
SPS,Trường Đại Học Sư Phạm TPHCM,7310601,Quốc tế học,D09,2025,21.25,,THPT
SPS,Trường Đại Học Sư Phạm TPHCM,7310630,Việt Nam học,C00,2025,26.45,,THPT
SPS,Trường Đại Học Sư Phạm TPHCM,7310630,Việt Nam học,D01,2025,26.45,,THPT
SPS,Trường Đại Học Sư Phạm TPHCM,7420203,Sinh học ứng dụng,B00,2025,19.25,,THPT
SPS,Trường Đại Học Sư Phạm TPHCM,7420203,Sinh học ứng dụng,B00,2025,19.25,,THPT
SPS,Trường Đại Học Sư Phạm TPHCM,7420203,Sinh học ứng dụng,D08,2025,19.25,,THPT
SPS,Trường Đại Học Sư Phạm TPHCM,7440102,Vật lý học,A00,2025,24.0,,THPT
SPS,Trường Đại Học Sư Phạm TPHCM,7440102,Vật lý học,A00,2025,24.0,,THPT
SPS,Trường Đại Học Sư Phạm TPHCM,7440102,Vật lý học,A01,2025,24.0,,THPT
SPS,Trường Đại Học Sư Phạm TPHCM,7440112,Hoá học,A00,2025,26.25,,THPT
SPS,Trường Đại Học Sư Phạm TPHCM,7440112,Hoá học,A00,2025,26.25,,THPT
SPS,Trường Đại Học Sư Phạm TPHCM,7440112,Hoá học,B00,2025,26.25,,THPT
SPS,Trường Đại Học Sư Phạm TPHCM,7440112,Hoá học,B00,2025,26.25,,THPT
SPS,Trường Đại Học Sư Phạm TPHCM,7440112,Hoá học,D07,2025,26.25,,THPT
SPS,Trường Đại Học Sư Phạm TPHCM,7460112,Toán ứng dụng,A00,2025,26.67,,THPT
SPS,Trường Đại Học Sư Phạm TPHCM,7460112,Toán ứng dụng,A01,2025,26.67,,THPT
SPS,Trường Đại Học Sư Phạm TPHCM,7480201,Công nghệ thông tin,A01,2025,19.5,,THPT
SPS,Trường Đại Học Sư Phạm TPHCM,7480201,Công nghệ thông tin,A01,2025,19.5,,THPT
SPS,Trường Đại Học Sư Phạm TPHCM,7480201,Công nghệ thông tin,D07,2025,19.5,,THPT
SPS,Trường Đại Học Sư Phạm TPHCM,7480201,Công nghệ thông tin,D07,2025,19.5,,THPT
SPS,Trường Đại Học Sư Phạm TPHCM,7760101,Công tác xã hội,A00,2025,26.13,,THPT
SPS,Trường Đại Học Sư Phạm TPHCM,7760101,Công tác xã hội,C00,2025,26.13,,THPT
SPS,Trường Đại Học Sư Phạm TPHCM,7810101,Du lịch,C00,2025,27.39,,THPT
SPS,Trường Đại Học Sư Phạm TPHCM,7810101,Du lịch,D01,2025,27.39,,THPT
TBD,Đại học Thái Bình Dương,7210403,Thiết kế đồ họa,A01,2025,15.0,,THPT
TBD,Trường Đại Học Thái Bình Dương,7210403,Thiết kế đồ họa,A01,2025,15.0,,THPT
TBD,Trường Đại Học Thái Bình Dương,7210403,Thiết kế đồ họa,D01,2025,15.0,,THPT
TBD,Đại học Thái Bình Dương,7210403,Thiết kế đồ họa,D01,2025,15.0,,THPT
TBD,Đại học Thái Bình Dương,7220201,Ngôn ngữ Anh,D01,2025,15.0,,THPT
TBD,Trường Đại Học Thái Bình Dương,7220201,Ngôn ngữ Anh,D01,2025,15.0,,THPT
TBD,Trường Đại Học Thái Bình Dương,7310205,Quản lý nhà nước,D01,2025,15.0,,THPT
TBD,Đại học Thái Bình Dương,7310608,Đông phương học,C00,2025,15.0,,THPT
TBD,Trường Đại Học Thái Bình Dương,7310608,Đông Phương học,C00,2025,15.0,,THPT
TBD,Đại học Thái Bình Dương,7320104,Truyền thông đa phương tiện,A01,2025,15.0,,THPT
TBD,Trường Đại Học Thái Bình Dương,7320104,Truyền thông đa phương tiện,A01,2025,15.0,,THPT
TBD,Trường Đại Học Thái Bình Dương,7320104,Truyền thông đa phương tiện,D01,2025,15.0,,THPT
TBD,Đại học Thái Bình Dương,7320104,Truyền thông đa phương tiện,D01,2025,15.0,,THPT
TBD,Đại học Thái Bình Dương,7340101,Quản trị Kinh doanh,A00,2025,15.0,,THPT
TBD,Trường Đại Học Thái Bình Dương,7340101,Quản trị kinh doanh,A00,2025,15.0,,THPT
TBD,Trường Đại Học Thái Bình Dương,7340101,Quản trị kinh doanh,A01,2025,15.0,,THPT
TBD,Đại học Thái Bình Dương,7340101,Quản trị Kinh doanh,A01,2025,15.0,,THPT
TBD,Trường Đại Học Thái Bình Dương,7340101,Quản trị kinh doanh,D01,2025,15.0,,THPT
TBD,Đại học Thái Bình Dương,7340101,Quản trị Kinh doanh,D01,2025,15.0,,THPT
TBD,Trường Đại Học Thái Bình Dương,7340101,Quản trị kinh doanh,D07,2025,15.0,,THPT
TBD,Đại học Thái Bình Dương,7340101,Quản trị Kinh doanh,D07,2025,15.0,,THPT
TBD,Đại học Thái Bình Dương,7340115,Marketing,A00,2025,15.0,,THPT
TBD,Trường Đại Học Thái Bình Dương,7340115,Marketing,A00,2025,15.0,,THPT
TBD,Trường Đại Học Thái Bình Dương,7340115,Marketing,A01,2025,15.0,,THPT
TBD,Đại học Thái Bình Dương,7340115,Marketing,A01,2025,15.0,,THPT
TBD,Trường Đại Học Thái Bình Dương,7340115,Marketing,D01,2025,15.0,,THPT
TBD,Đại học Thái Bình Dương,7340115,Marketing,D01,2025,15.0,,THPT
TBD,Trường Đại Học Thái Bình Dương,7340115,Marketing,D07,2025,15.0,,THPT
TBD,Đại học Thái Bình Dương,7340115,Marketing,D07,2025,15.0,,THPT
TBD,Đại học Thái Bình Dương,7340201,Tài chính – Ngân hàng,A00,2025,15.0,,THPT
TBD,Trường Đại Học Thái Bình Dương,7340201,Tài chính – Ngân hàng,A00,2025,15.0,,THPT
TBD,Trường Đại Học Thái Bình Dương,7340201,Tài chính – Ngân hàng,A01,2025,15.0,,THPT
TBD,Đại học Thái Bình Dương,7340201,Tài chính – Ngân hàng,A01,2025,15.0,,THPT
TBD,Trường Đại Học Thái Bình Dương,7340201,Tài chính – Ngân hàng,D01,2025,15.0,,THPT
TBD,Đại học Thái Bình Dương,7340201,Tài chính – Ngân hàng,D01,2025,15.0,,THPT
TBD,Trường Đại Học Thái Bình Dương,7340201,Tài chính – Ngân hàng,D07,2025,15.0,,THPT
TBD,Đại học Thái Bình Dương,7340201,Tài chính – Ngân hàng,D07,2025,15.0,,THPT
TBD,Đại học Thái Bình Dương,7340301,Kế toán,A00,2025,15.0,,THPT
TBD,Trường Đại Học Thái Bình Dương,7340301,Kế toán,A00,2025,15.0,,THPT
TBD,Trường Đại Học Thái Bình Dương,7340301,Kế toán,A01,2025,15.0,,THPT
TBD,Đại học Thái Bình Dương,7340301,Kế toán,A01,2025,15.0,,THPT
TBD,Trường Đại Học Thái Bình Dương,7340301,Kế toán,D01,2025,15.0,,THPT
TBD,Đại học Thái Bình Dương,7340301,Kế toán,D01,2025,15.0,,THPT
TBD,Trường Đại Học Thái Bình Dương,7340301,Kế toán,D07,2025,15.0,,THPT
TBD,Đại học Thái Bình Dương,7340301,Kế toán,D07,2025,15.0,,THPT
TBD,Trường Đại Học Thái Bình Dương,7380101,Luật,D01,2025,18.0,,THPT
TBD,Đại học Thái Bình Dương,7380101,Ngành Luật,D01,2025,15.0,,THPT
TBD,Đại học Thái Bình Dương,7480103,Kỹ thuật phần mềm,A00,2025,15.0,,THPT
TBD,Trường Đại Học Thái Bình Dương,7480103,Kỹ thuật phần mềm,A00,2025,15.0,,THPT
TBD,Trường Đại Học Thái Bình Dương,7480103,Kỹ thuật phần mềm,A01,2025,15.0,,THPT
TBD,Đại học Thái Bình Dương,7480103,Kỹ thuật phần mềm,A01,2025,15.0,,THPT
TBD,Trường Đại Học Thái Bình Dương,7480103,Kỹ thuật phần mềm,D01,2025,15.0,,THPT
TBD,Đại học Thái Bình Dương,7480103,Kỹ thuật phần mềm,D01,2025,15.0,,THPT
TBD,Trường Đại Học Thái Bình Dương,7480103,Kỹ thuật phần mềm,D07,2025,15.0,,THPT
TBD,Đại học Thái Bình Dương,7480103,Kỹ thuật phần mềm,D07,2025,15.0,,THPT
TBD,Đại học Thái Bình Dương,7480107,Trí tuệ nhân tạo,A00,2025,15.0,,THPT
TBD,Đại học Thái Bình Dương,7480107,Trí tuệ nhân tạo,A01,2025,15.0,,THPT
TBD,Đại học Thái Bình Dương,7480107,Trí tuệ nhân tạo,D01,2025,15.0,,THPT
TBD,Đại học Thái Bình Dương,7480107,Trí tuệ nhân tạo,D07,2025,15.0,,THPT
TBD,Đại học Thái Bình Dương,7480201,Công nghệ thông tin,A00,2025,15.0,,THPT
TBD,Trường Đại Học Thái Bình Dương,7480201,Công nghệ thông tin,A00,2025,15.0,,THPT
TBD,Trường Đại Học Thái Bình Dương,7480201,Công nghệ thông tin,A01,2025,15.0,,THPT
TBD,Đại học Thái Bình Dương,7480201,Công nghệ thông tin,A01,2025,15.0,,THPT
TBD,Trường Đại Học Thái Bình Dương,7480201,Công nghệ thông tin,D01,2025,15.0,,THPT
TBD,Đại học Thái Bình Dương,7480201,Công nghệ thông tin,D01,2025,15.0,,THPT
TBD,Trường Đại Học Thái Bình Dương,7480201,Công nghệ thông tin,D07,2025,15.0,,THPT
TBD,Đại học Thái Bình Dương,7480201,Công nghệ thông tin,D07,2025,15.0,,THPT
TBD,Trường Đại Học Thái Bình Dương,7480207,Trí tuệ nhân tạo,A00,2025,15.0,,THPT
TBD,Trường Đại Học Thái Bình Dương,7480207,Trí tuệ nhân tạo,A01,2025,15.0,,THPT
TBD,Trường Đại Học Thái Bình Dương,7480207,Trí tuệ nhân tạo,D01,2025,15.0,,THPT
TBD,Trường Đại Học Thái Bình Dương,7480207,Trí tuệ nhân tạo,D07,2025,15.0,,THPT
TBD,Đại học Thái Bình Dương,7510605,Logistics và Quản lý chuỗi cung ứng,A00,2025,15.0,,THPT
TBD,Trường Đại Học Thái Bình Dương,7510605,Logistics và Quản lý chuỗi cung ứng,A00,2025,15.0,,THPT
TBD,Trường Đại Học Thái Bình Dương,7510605,Logistics và Quản lý chuỗi cung ứng,A01,2025,15.0,,THPT
TBD,Đại học Thái Bình Dương,7510605,Logistics và Quản lý chuỗi cung ứng,A01,2025,15.0,,THPT
TBD,Trường Đại Học Thái Bình Dương,7510605,Logistics và Quản lý chuỗi cung ứng,D01,2025,15.0,,THPT
TBD,Đại học Thái Bình Dương,7510605,Logistics và Quản lý chuỗi cung ứng,D01,2025,15.0,,THPT
TBD,Trường Đại Học Thái Bình Dương,7510605,Logistics và Quản lý chuỗi cung ứng,D07,2025,15.0,,THPT
TBD,Đại học Thái Bình Dương,7510605,Logistics và Quản lý chuỗi cung ứng,D07,2025,15.0,,THPT
TBD,Trường Đại Học Thái Bình Dương,7810101,Du lịch,C00,2025,15.0,,THPT
TBD,Đại học Thái Bình Dương,7810101,Du lịch,C00,2025,15.0,,THPT
TBD,Trường Đại Học Thái Bình Dương,7810101,Du lịch,D01,2025,15.0,,THPT
TBD,Đại học Thái Bình Dương,7810101,Du lịch,D01,2025,15.0,,THPT
TBD,Trường Đại Học Thái Bình Dương,7810201,Quản trị khách sạn,C00,2025,15.0,,THPT
TBD,Đại học Thái Bình Dương,7810201,Quản trị khách sạn,C00,2025,15.0,,THPT
TBD,Trường Đại Học Thái Bình Dương,7810201,Quản trị khách sạn,D01,2025,15.0,,THPT
TBD,Đại học Thái Bình Dương,7810201,Quản trị khách sạn,D01,2025,15.0,,THPT
TCT,Đại học Cần Thơ,7140202,Giáo dục Tiểu học,A00,2025,26.09,,THPT
TCT,Đại Học Cần Thơ,7140202,Giáo dục Tiểu học,A00,2025,26.09,,THPT
TCT,Đại Học Cần Thơ,7140202,Giáo dục Tiểu học,A00,2025,26.09,,THPT
TCT,Đại Học Cần Thơ,7140202,Giáo dục Tiểu học,D01,2025,26.09,,THPT
TCT,Đại Học Cần Thơ,7140202,Giáo dục Tiểu học,D01,2025,26.09,,THPT
TCT,Đại học Cần Thơ,7140202,Giáo dục Tiểu học,D01,2025,26.09,,THPT
TCT,Đại học Cần Thơ,7140204,Giáo dục Công dân,C00,2025,27.71,,THPT
TCT,Đại Học Cần Thơ,7140204,Giáo dục Công dân,C00,2025,27.71,,THPT
TCT,Đại Học Cần Thơ,7140204,Giáo dục Công dân,C00,2025,27.71,,THPT
TCT,Đại học Cần Thơ,7140209,Sư phạm Toán học,A00,2025,27.67,,THPT
TCT,Đại Học Cần Thơ,7140209,Sư phạm Toán học,A00,2025,27.67,,THPT
TCT,Đại Học Cần Thơ,7140209,Sư phạm Toán học,A01,2025,27.67,,THPT
TCT,Đại học Cần Thơ,7140209,Sư phạm Toán học,A01,2025,27.67,,THPT
TCT,Đại Học Cần Thơ,7140209,Sư phạm Toán học,D07,2025,27.67,,THPT
TCT,Đại học Cần Thơ,7140209,Sư phạm Toán học,D07,2025,27.67,,THPT
TCT,Đại học Cần Thơ,7140210,Sư phạm Tin học (Chuyên ngành Tin học – Công nghệ Tiểu học),A00,2025,24.5,,THPT
TCT,Đại Học Cần Thơ,7140210,Sư phạm Tin học,A00,2025,24.5,,THPT
TCT,Đại Học Cần Thơ,7140210,Sư phạm Tin học,A01,2025,24.5,,THPT
TCT,Đại học Cần Thơ,7140210,Sư phạm Tin học (Chuyên ngành Tin học – Công nghệ Tiểu học),A01,2025,24.5,,THPT
TCT,Đại Học Cần Thơ,7140210,Sư phạm Tin học,D01,2025,24.5,,THPT
TCT,Đại học Cần Thơ,7140210,Sư phạm Tin học (Chuyên ngành Tin học – Công nghệ Tiểu học),D01,2025,24.5,,THPT
TCT,Đại Học Cần Thơ,7140210,Sư phạm Tin học,D07,2025,24.5,,THPT
TCT,Đại học Cần Thơ,7140210,Sư phạm Tin học (Chuyên ngành Tin học – Công nghệ Tiểu học),D07,2025,24.5,,THPT
TCT,Đại học Cần Thơ,7140211,Sư phạm Vật lý,A00,2025,27.19,,THPT
TCT,Đại Học Cần Thơ,7140211,Sư phạm Vật lý,A00,2025,27.19,,THPT
TCT,Đại Học Cần Thơ,7140211,Sư phạm Vật lý,A00,2025,27.19,,THPT
TCT,Đại Học Cần Thơ,7140211,Sư phạm Vật lý,A01,2025,27.19,,THPT
TCT,Đại Học Cần Thơ,7140211,Sư phạm Vật lý,A01,2025,27.19,,THPT
TCT,Đại học Cần Thơ,7140211,Sư phạm Vật lý,A01,2025,27.19,,THPT
TCT,Đại học Cần Thơ,7140212,Sư phạm Hóa học,A00,2025,27.23,,THPT
TCT,Đại Học Cần Thơ,7140212,Sư phạm Hóa học,A00,2025,27.23,,THPT
TCT,Đại Học Cần Thơ,7140212,Sư phạm Hóa học,A00,2025,27.23,,THPT
TCT,Đại Học Cần Thơ,7140212,Sư phạm Hóa học,B00,2025,27.23,,THPT
TCT,Đại Học Cần Thơ,7140212,Sư phạm Hóa học,B00,2025,27.23,,THPT
TCT,Đại học Cần Thơ,7140212,Sư phạm Hóa học,B00,2025,27.23,,THPT
TCT,Đại Học Cần Thơ,7140212,Sư phạm Hóa học,D07,2025,27.23,,THPT
TCT,Đại Học Cần Thơ,7140212,Sư phạm Hóa học,D07,2025,27.23,,THPT
TCT,Đại học Cần Thơ,7140212,Sư phạm Hóa học,D07,2025,27.23,,THPT
TCT,Đại Học Cần Thơ,7140213,Sư phạm Sinh học,B00,2025,25.52,,THPT
TCT,Đại học Cần Thơ,7140213,Sư phạm Sinh học,B00,2025,25.52,,THPT
TCT,Đại học Cần Thơ,7140217,Sư phạm Ngữ văn,C00,2025,28.23,,THPT
TCT,Đại Học Cần Thơ,7140217,Sư phạm Ngữ văn,C00,2025,28.23,,THPT
TCT,Đại Học Cần Thơ,7140217,Sư phạm Ngữ văn,D01,2025,28.23,,THPT
TCT,Đại học Cần Thơ,7140217,Sư phạm Ngữ văn,D01,2025,28.23,,THPT
TCT,Đại học Cần Thơ,7140218,Sư phạm Lịch sử,C00,2025,28.61,,THPT
TCT,Đại Học Cần Thơ,7140218,Sư phạm Lịch sử,C00,2025,28.61,,THPT
TCT,Đại Học Cần Thơ,7140218,Sư phạm Lịch sử,C00,2025,28.61,,THPT
TCT,Đại học Cần Thơ,7140219,Sư phạm Địa lý,C00,2025,28.32,,THPT
TCT,Đại Học Cần Thơ,7140219,Sư phạm Địa lý,C00,2025,28.32,,THPT
TCT,Đại Học Cần Thơ,7140219,Sư phạm Địa lý,C00,2025,28.32,,THPT
TCT,Đại học Cần Thơ,7140231,Sư phạm Tiếng Anh,D01,2025,26.78,,THPT
TCT,Đại Học Cần Thơ,7140231,Sư phạm Tiếng Anh,D01,2025,26.78,,THPT
TCT,Đại Học Cần Thơ,7140231,Sư phạm Tiếng Anh,D01,2025,26.78,,THPT
TCT,Đại học Cần Thơ,7140233,Sư phạm Tiếng Pháp,D01,2025,22.51,,THPT
TCT,Đại Học Cần Thơ,7140233,Sư phạm Tiếng Pháp,D01,2025,22.51,,THPT
TCT,Đại Học Cần Thơ,7140233,Sư phạm Tiếng Pháp,D01,2025,22.51,,THPT
TCT,Đại học Cần Thơ,7140247,Sư phạm khoa học tự nhiên,A00,2025,25.99,,THPT
TCT,Đại Học Cần Thơ,7140247,Sư phạm Khoa học tự nhiên,A00,2025,25.99,,THPT
TCT,Đại Học Cần Thơ,7140247,Sư phạm Khoa học tự nhiên,A01,2025,25.99,,THPT
TCT,Đại học Cần Thơ,7140247,Sư phạm khoa học tự nhiên,A01,2025,25.99,,THPT
TCT,Đại Học Cần Thơ,7140247,Sư phạm Khoa học tự nhiên,B00,2025,25.99,,THPT
TCT,Đại học Cần Thơ,7140247,Sư phạm khoa học tự nhiên,B00,2025,25.99,,THPT
TCT,Đại học Cần Thơ,7140249,Sư phạm Lịch sử - Địa lý,C00,2025,28.46,,THPT
TCT,Đại Học Cần Thơ,7140249,Sư phạm Lịch sử - Địa lý,C00,2025,28.46,,THPT
TCT,Đại Học Cần Thơ,7140249,Sư phạm Lịch sử - Địa lý,C00,2025,28.46,,THPT
TCT,Đại học Cần Thơ,7220201,Ngôn ngữ Anh,D01,2025,24.48,,THPT
TCT,Đại Học Cần Thơ,7220201,Ngôn ngữ Anh,D01,2025,24.48,,THPT
TCT,Đại Học Cần Thơ,7220201,Ngôn ngữ Anh,D09,2025,24.48,,THPT
TCT,Đại học Cần Thơ,7220201,Ngôn ngữ Anh,D09,2025,24.48,,THPT
TCT,Đại học Cần Thơ,7220201C,Ngôn ngữ Anh (CTCLC),D01,2025,23.0,,THPT
TCT,Đại Học Cần Thơ,7220201C,Ngôn ngữ Anh (CTCLC),D01,2025,23.0,,THPT
TCT,Đại Học Cần Thơ,7220201C,Ngôn ngữ Anh (CTCLC),D09,2025,23.0,,THPT
TCT,Đại học Cần Thơ,7220201C,Ngôn ngữ Anh (CTCLC),D09,2025,23.0,,THPT
TCT,Đại học Cần Thơ,7220201H,Ngôn ngữ Anh (Đào tạo tại Khu Hòa An),D01,2025,23.0,,THPT
TCT,Đại Học Cần Thơ,7220201H,Ngôn ngữ Anh - học tại khu Hòa An,D01,2025,23.0,,THPT
TCT,Đại Học Cần Thơ,7220201H,Ngôn ngữ Anh - học tại khu Hòa An,D09,2025,23.0,,THPT
TCT,Đại học Cần Thơ,7220201H,Ngôn ngữ Anh (Đào tạo tại Khu Hòa An),D09,2025,23.0,,THPT
TCT,Đại học Cần Thơ,7220203,Ngôn ngữ Pháp,D01,2025,20.6,,THPT
TCT,Đại Học Cần Thơ,7220203,Ngôn ngữ Pháp,D01,2025,20.6,,THPT
TCT,Đại Học Cần Thơ,7220203,Ngôn ngữ Pháp,D01,2025,20.6,,THPT
TCT,Đại học Cần Thơ,7229001,Triết học,C00,2025,25.41,,THPT
TCT,Đại Học Cần Thơ,7229001,Triết học,C00,2025,25.41,,THPT
TCT,Đại Học Cần Thơ,7229001,Triết học,C00,2025,25.41,,THPT
TCT,Đại học Cần Thơ,7229030,Văn học,C00,2025,26.5,,THPT
TCT,Đại Học Cần Thơ,7229030,Văn học,C00,2025,26.5,,THPT
TCT,Đại Học Cần Thơ,7229030,Văn học,D01,2025,26.5,,THPT
TCT,Đại học Cần Thơ,7229030,Văn học,D01,2025,26.5,,THPT
TCT,Đại học Cần Thơ,7310101,Kinh tế,A00,2025,21.61,,THPT
TCT,Đại Học Cần Thơ,7310101,Kinh tế,A00,2025,21.61,,THPT
TCT,Đại Học Cần Thơ,7310101,Kinh tế,A01,2025,21.61,,THPT
TCT,Đại học Cần Thơ,7310101,Kinh tế,A01,2025,21.61,,THPT
TCT,Đại Học Cần Thơ,7310101,Kinh tế,D01,2025,21.61,,THPT
TCT,Đại học Cần Thơ,7310101,Kinh tế,D01,2025,21.61,,THPT
TCT,Đại học Cần Thơ,7310201,Chính trị học,C00,2025,26.29,,THPT
TCT,Đại Học Cần Thơ,7310201,Chính trị học,C00,2025,26.29,,THPT
TCT,Đại Học Cần Thơ,7310201,Chính trị học,C00,2025,26.29,,THPT
TCT,Đại học Cần Thơ,7310301,Xã hội học,A01,2025,26.12,,THPT
TCT,Đại Học Cần Thơ,7310301,Xã hội học,A01,2025,26.12,,THPT
TCT,Đại Học Cần Thơ,7310301,Xã hội học,A01,2025,26.12,,THPT
TCT,Đại Học Cần Thơ,7310301,Xã hội học,C00,2025,26.12,,THPT
TCT,Đại Học Cần Thơ,7310301,Xã hội học,C00,2025,26.12,,THPT
TCT,Đại học Cần Thơ,7310301,Xã hội học,C00,2025,26.12,,THPT
TCT,Đại Học Cần Thơ,7310301,Xã hội học,D01,2025,26.12,,THPT
TCT,Đại Học Cần Thơ,7310301,Xã hội học,D01,2025,26.12,,THPT
TCT,Đại học Cần Thơ,7310301,Xã hội học,D01,2025,26.12,,THPT
TCT,Đại học Cần Thơ,7310403,Tâm lý học giáo dục,C00,2025,26.75,,THPT
TCT,Đại Học Cần Thơ,7310403,Tâm lý học giáo dục,C00,2025,26.75,,THPT
TCT,Đại Học Cần Thơ,7310403,Tâm lý học giáo dục,C00,2025,26.75,,THPT
TCT,Đại học Cần Thơ,7320101,Báo chí,C00,2025,26.75,,THPT
TCT,Đại Học Cần Thơ,7320101,Báo chí,C00,2025,26.75,,THPT
TCT,Đại Học Cần Thơ,7320101,Báo chí,D01,2025,26.75,,THPT
TCT,Đại học Cần Thơ,7320101,Báo chí,D01,2025,26.75,,THPT
TCT,Đại học Cần Thơ,7320104,Truyền thông đa phương tiện,A00,2025,24.11,,THPT
TCT,Đại Học Cần Thơ,7320104,Truyền thông đa phương tiện,A00,2025,24.11,,THPT
TCT,Đại Học Cần Thơ,7320104,Truyền thông đa phương tiện,A00,2025,24.11,,THPT
TCT,Đại Học Cần Thơ,7320104,Truyền thông đa phương tiện,A01,2025,24.11,,THPT
TCT,Đại Học Cần Thơ,7320104,Truyền thông đa phương tiện,A01,2025,24.11,,THPT
TCT,Đại học Cần Thơ,7320104,Truyền thông đa phương tiện,A01,2025,24.11,,THPT
TCT,Đại Học Cần Thơ,7320104,Truyền thông đa phương tiện,D01,2025,24.11,,THPT
TCT,Đại Học Cần Thơ,7320104,Truyền thông đa phương tiện,D01,2025,24.11,,THPT
TCT,Đại học Cần Thơ,7320104,Truyền thông đa phương tiện,D01,2025,24.11,,THPT
TCT,Đại học Cần Thơ,7320201,Thông tin - thư viện,A01,2025,17.81,,THPT
TCT,Đại Học Cần Thơ,7320201,Thông tin - thư viện,A01,2025,17.81,,THPT
TCT,Đại Học Cần Thơ,7320201,Thông tin - thư viện,A01,2025,17.81,,THPT
TCT,Đại Học Cần Thơ,7320201,Thông tin - thư viện,D01,2025,17.81,,THPT
TCT,Đại Học Cần Thơ,7320201,Thông tin - thư viện,D01,2025,17.81,,THPT
TCT,Đại học Cần Thơ,7320201,Thông tin - thư viện,D01,2025,17.81,,THPT
TCT,Đại học Cần Thơ,7340101,Quản trị Kinh doanh,A00,2025,21.5,,THPT
TCT,Đại Học Cần Thơ,7340101,Quản trị kinh doanh,A00,2025,21.5,,THPT
TCT,Đại Học Cần Thơ,7340101,Quản trị kinh doanh,A01,2025,21.5,,THPT
TCT,Đại học Cần Thơ,7340101,Quản trị Kinh doanh,A01,2025,21.5,,THPT
TCT,Đại Học Cần Thơ,7340101,Quản trị kinh doanh,D01,2025,21.5,,THPT
TCT,Đại học Cần Thơ,7340101,Quản trị Kinh doanh,D01,2025,21.5,,THPT
TCT,Đại học Cần Thơ,7340101C,Quản trị kinh doanh,A01,2025,19.62,,THPT
TCT,Đại Học Cần Thơ,7340101C,Quản trị kinh doanh (CTCLC),A01,2025,19.62,,THPT
TCT,Đại Học Cần Thơ,7340101C,Quản trị kinh doanh (CTCLC),A01,2025,19.62,,THPT
TCT,Đại Học Cần Thơ,7340101C,Quản trị kinh doanh (CTCLC),D01,2025,19.62,,THPT
TCT,Đại Học Cần Thơ,7340101C,Quản trị kinh doanh (CTCLC),D01,2025,19.62,,THPT
TCT,Đại học Cần Thơ,7340101C,Quản trị kinh doanh,D01,2025,19.62,,THPT
TCT,Đại Học Cần Thơ,7340101C,Quản trị kinh doanh (CTCLC),D07,2025,19.62,,THPT
TCT,Đại Học Cần Thơ,7340101C,Quản trị kinh doanh (CTCLC),D07,2025,19.62,,THPT
TCT,Đại học Cần Thơ,7340101C,Quản trị kinh doanh,D07,2025,19.62,,THPT
TCT,Đại học Cần Thơ,7340101H,Quản trị kinh doanh (Đào tạo tại Khu Hòa An),A00,2025,18.95,,THPT
TCT,Đại Học Cần Thơ,7340101H,Quản trị kinh doanh - học tại khu Hòa An,A00,2025,18.95,,THPT
TCT,Đại Học Cần Thơ,7340101H,Quản trị kinh doanh - học tại khu Hòa An,A01,2025,18.95,,THPT
TCT,Đại học Cần Thơ,7340101H,Quản trị kinh doanh (Đào tạo tại Khu Hòa An),A01,2025,18.95,,THPT
TCT,Đại Học Cần Thơ,7340101H,Quản trị kinh doanh - học tại khu Hòa An,D01,2025,18.95,,THPT
TCT,Đại học Cần Thơ,7340101H,Quản trị kinh doanh (Đào tạo tại Khu Hòa An),D01,2025,18.95,,THPT
TCT,Đại học Cần Thơ,7340115,Marketing,A00,2025,22.96,,THPT
TCT,Đại Học Cần Thơ,7340115,Marketing,A00,2025,22.96,,THPT
TCT,Đại Học Cần Thơ,7340115,Marketing,A01,2025,22.96,,THPT
TCT,Đại học Cần Thơ,7340115,Marketing,A01,2025,22.96,,THPT
TCT,Đại Học Cần Thơ,7340115,Marketing,D01,2025,22.96,,THPT
TCT,Đại học Cần Thơ,7340115,Marketing,D01,2025,22.96,,THPT
TCT,Đại học Cần Thơ,7340120,Ngành Kinh doanh quốc tế,A00,2025,22.47,,THPT
TCT,Đại Học Cần Thơ,7340120,Kinh doanh quốc tế,A00,2025,22.47,,THPT
TCT,Đại Học Cần Thơ,7340120,Kinh doanh quốc tế,A01,2025,22.47,,THPT
TCT,Đại học Cần Thơ,7340120,Ngành Kinh doanh quốc tế,A01,2025,22.47,,THPT
TCT,Đại Học Cần Thơ,7340120,Kinh doanh quốc tế,D01,2025,22.47,,THPT
TCT,Đại học Cần Thơ,7340120,Ngành Kinh doanh quốc tế,D01,2025,22.47,,THPT
TCT,Đại học Cần Thơ,7340120C,Kinh doanh quốc tế (Chương trình chất lượng cao),A01,2025,20.75,,THPT
TCT,Đại Học Cần Thơ,7340120C,Kinh doanh quốc tế (CTCLC),A01,2025,20.75,,THPT
TCT,Đại Học Cần Thơ,7340120C,Kinh doanh quốc tế (CTCLC),A01,2025,20.75,,THPT
TCT,Đại Học Cần Thơ,7340120C,Kinh doanh quốc tế (CTCLC),D01,2025,20.75,,THPT
TCT,Đại Học Cần Thơ,7340120C,Kinh doanh quốc tế (CTCLC),D01,2025,20.75,,THPT
TCT,Đại học Cần Thơ,7340120C,Kinh doanh quốc tế (Chương trình chất lượng cao),D01,2025,20.75,,THPT
TCT,Đại Học Cần Thơ,7340120C,Kinh doanh quốc tế (CTCLC),D07,2025,20.75,,THPT
TCT,Đại Học Cần Thơ,7340120C,Kinh doanh quốc tế (CTCLC),D07,2025,20.75,,THPT
TCT,Đại học Cần Thơ,7340120C,Kinh doanh quốc tế (Chương trình chất lượng cao),D07,2025,20.75,,THPT
TCT,Đại học Cần Thơ,7340121,Kinh doanh thương mại,A00,2025,21.75,,THPT
TCT,Đại Học Cần Thơ,7340121,Kinh doanh thương mại,A00,2025,21.75,,THPT
TCT,Đại Học Cần Thơ,7340121,Kinh doanh thương mại,A01,2025,21.75,,THPT
TCT,Đại học Cần Thơ,7340121,Kinh doanh thương mại,A01,2025,21.75,,THPT
TCT,Đại Học Cần Thơ,7340121,Kinh doanh thương mại,D01,2025,21.75,,THPT
TCT,Đại học Cần Thơ,7340121,Kinh doanh thương mại,D01,2025,21.75,,THPT
TCT,Đại học Cần Thơ,7340122,Thương mại điện tử,A00,2025,22.23,,THPT
TCT,Đại Học Cần Thơ,7340122,Thương mại điện tử,A00,2025,22.23,,THPT
TCT,Đại Học Cần Thơ,7340122,Thương mại điện tử,A01,2025,22.23,,THPT
TCT,Đại học Cần Thơ,7340122,Thương mại điện tử,A01,2025,22.23,,THPT
TCT,Đại Học Cần Thơ,7340122,Thương mại điện tử,D01,2025,22.23,,THPT
TCT,Đại học Cần Thơ,7340201,Tài chính – Ngân hàng,A00,2025,22.9,,THPT
TCT,Đại Học Cần Thơ,7340201,Tài chính - Ngân hàng,A00,2025,22.9,,THPT
TCT,Đại Học Cần Thơ,7340201,Tài chính - Ngân hàng,A01,2025,22.9,,THPT
TCT,Đại học Cần Thơ,7340201,Tài chính – Ngân hàng,A01,2025,22.9,,THPT
TCT,Đại Học Cần Thơ,7340201,Tài chính - Ngân hàng,D01,2025,22.9,,THPT
TCT,Đại học Cần Thơ,7340201,Tài chính – Ngân hàng,D01,2025,22.9,,THPT
TCT,Đại học Cần Thơ,7340201C,Tài chính – Ngân hàng (Chương trình chất lượng cao),A01,2025,20.1,,THPT
TCT,Đại Học Cần Thơ,7340201C,Tài chính - Ngân hàng (CTCLC),A01,2025,20.1,,THPT
TCT,Đại Học Cần Thơ,7340201C,Tài chính - Ngân hàng (CTCLC),A01,2025,20.1,,THPT
TCT,Đại Học Cần Thơ,7340201C,Tài chính - Ngân hàng (CTCLC),D01,2025,20.1,,THPT
TCT,Đại Học Cần Thơ,7340201C,Tài chính - Ngân hàng (CTCLC),D01,2025,20.1,,THPT
TCT,Đại học Cần Thơ,7340201C,Tài chính – Ngân hàng (Chương trình chất lượng cao),D01,2025,20.1,,THPT
TCT,Đại Học Cần Thơ,7340201C,Tài chính - Ngân hàng (CTCLC),D07,2025,20.1,,THPT
TCT,Đại Học Cần Thơ,7340201C,Tài chính - Ngân hàng (CTCLC),D07,2025,20.1,,THPT
TCT,Đại học Cần Thơ,7340201C,Tài chính – Ngân hàng (Chương trình chất lượng cao),D07,2025,20.1,,THPT
TCT,Đại học Cần Thơ,7340301,Kế toán,A00,2025,22.61,,THPT
TCT,Đại Học Cần Thơ,7340301,Kế toán,A00,2025,22.61,,THPT
TCT,Đại Học Cần Thơ,7340301,Kế toán,A01,2025,22.61,,THPT
TCT,Đại học Cần Thơ,7340301,Kế toán,A01,2025,22.61,,THPT
TCT,Đại Học Cần Thơ,7340301,Kế toán,D01,2025,22.61,,THPT
TCT,Đại học Cần Thơ,7340301,Kế toán,D01,2025,22.61,,THPT
TCT,Đại học Cần Thơ,7340301S,Kế toán (Học tại Sóc Trăng),A00,2025,18.38,,THPT
TCT,Đại Học Cần Thơ,7340301S,Kế toán - học tại khu Sóc Trăng,A00,2025,18.38,,THPT
TCT,Đại Học Cần Thơ,7340301S,Kế toán - học tại khu Sóc Trăng,A01,2025,18.38,,THPT
TCT,Đại học Cần Thơ,7340301S,Kế toán (Học tại Sóc Trăng),A01,2025,18.38,,THPT
TCT,Đại Học Cần Thơ,7340301S,Kế toán - học tại khu Sóc Trăng,D01,2025,18.38,,THPT
TCT,Đại học Cần Thơ,7340301S,Kế toán (Học tại Sóc Trăng),D01,2025,18.38,,THPT
TCT,Đại học Cần Thơ,7340302,Kiểm toán,A00,2025,21.75,,THPT
TCT,Đại Học Cần Thơ,7340302,Kiểm toán,A00,2025,21.75,,THPT
TCT,Đại Học Cần Thơ,7340302,Kiểm toán,A01,2025,21.75,,THPT
TCT,Đại học Cần Thơ,7340302,Kiểm toán,A01,2025,21.75,,THPT
TCT,Đại Học Cần Thơ,7340302,Kiểm toán,D01,2025,21.75,,THPT
TCT,Đại học Cần Thơ,7340302,Kiểm toán,D01,2025,21.75,,THPT
TCT,Đại học Cần Thơ,7380101,Ngành Luật,A00,2025,25.97,,THPT
TCT,Đại Học Cần Thơ,7380101,Luật,A00,2025,25.97,,THPT
TCT,Đại Học Cần Thơ,7380101,Luật,A00,2025,25.97,,THPT
TCT,Đại Học Cần Thơ,7380101,Luật,C00,2025,25.97,,THPT
TCT,Đại Học Cần Thơ,7380101,Luật,C00,2025,25.97,,THPT
TCT,Đại học Cần Thơ,7380101,Ngành Luật,C00,2025,25.97,,THPT
TCT,Đại Học Cần Thơ,7380101,Luật,D01,2025,25.97,,THPT
TCT,Đại Học Cần Thơ,7380101,Luật,D01,2025,25.97,,THPT
TCT,Đại học Cần Thơ,7380101,Ngành Luật,D01,2025,25.97,,THPT
TCT,Đại học Cần Thơ,7380101H,Luật (Chuyên ngành Luật Hành chính); Học tại khu Hòa An - Tỉnh Hậu Giang,A00,2025,25.1,,THPT
TCT,Đại Học Cần Thơ,7380101H,Luật - học tại khu Hòa An,A00,2025,25.1,,THPT
TCT,Đại Học Cần Thơ,7380101H,Luật - học tại khu Hòa An,A00,2025,25.1,,THPT
TCT,Đại Học Cần Thơ,7380101H,Luật - học tại khu Hòa An,C00,2025,25.1,,THPT
TCT,Đại Học Cần Thơ,7380101H,Luật - học tại khu Hòa An,C00,2025,25.1,,THPT
TCT,Đại học Cần Thơ,7380101H,Luật (Chuyên ngành Luật Hành chính); Học tại khu Hòa An - Tỉnh Hậu Giang,C00,2025,25.1,,THPT
TCT,Đại Học Cần Thơ,7380101H,Luật - học tại khu Hòa An,D01,2025,25.1,,THPT
TCT,Đại Học Cần Thơ,7380101H,Luật - học tại khu Hòa An,D01,2025,25.1,,THPT
TCT,Đại học Cần Thơ,7380101H,Luật (Chuyên ngành Luật Hành chính); Học tại khu Hòa An - Tỉnh Hậu Giang,D01,2025,25.1,,THPT
TCT,Đại học Cần Thơ,7380101S,Luật (Chuyên ngành Luật Hành chính); Học tại khu Sóc Trăng,A00,2025,24.27,,THPT
TCT,Đại Học Cần Thơ,7380101S,Luật - học tại khu Sóc Trăng,A00,2025,24.27,,THPT
TCT,Đại Học Cần Thơ,7380101S,Luật - học tại khu Sóc Trăng,A00,2025,24.27,,THPT
TCT,Đại Học Cần Thơ,7380101S,Luật - học tại khu Sóc Trăng,C00,2025,24.27,,THPT
TCT,Đại Học Cần Thơ,7380101S,Luật - học tại khu Sóc Trăng,C00,2025,24.27,,THPT
TCT,Đại học Cần Thơ,7380101S,Luật (Chuyên ngành Luật Hành chính); Học tại khu Sóc Trăng,C00,2025,24.27,,THPT
TCT,Đại Học Cần Thơ,7380101S,Luật - học tại khu Sóc Trăng,D01,2025,24.27,,THPT
TCT,Đại Học Cần Thơ,7380101S,Luật - học tại khu Sóc Trăng,D01,2025,24.27,,THPT
TCT,Đại học Cần Thơ,7380101S,Luật (Chuyên ngành Luật Hành chính); Học tại khu Sóc Trăng,D01,2025,24.27,,THPT
TCT,Đại học Cần Thơ,7380103,Luật dân sự và tố tụng dân sự,A00,2025,25.69,,THPT
TCT,Đại Học Cần Thơ,7380103,Luật dân sự và tố tụng dân sự,A00,2025,25.69,,THPT
TCT,Đại Học Cần Thơ,7380103,Luật dân sự và tố tụng dân sự,A00,2025,25.69,,THPT
TCT,Đại Học Cần Thơ,7380103,Luật dân sự và tố tụng dân sự,C00,2025,25.69,,THPT
TCT,Đại Học Cần Thơ,7380103,Luật dân sự và tố tụng dân sự,C00,2025,25.69,,THPT
TCT,Đại học Cần Thơ,7380103,Luật dân sự và tố tụng dân sự,C00,2025,25.69,,THPT
TCT,Đại Học Cần Thơ,7380103,Luật dân sự và tố tụng dân sự,D01,2025,25.69,,THPT
TCT,Đại Học Cần Thơ,7380103,Luật dân sự và tố tụng dân sự,D01,2025,25.69,,THPT
TCT,Đại học Cần Thơ,7380103,Luật dân sự và tố tụng dân sự,D01,2025,25.69,,THPT
TCT,Đại học Cần Thơ,7380107,Luật kinh tế,A00,2025,26.39,,THPT
TCT,Đại Học Cần Thơ,7380107,Luật kinh tế,A00,2025,26.39,,THPT
TCT,Đại Học Cần Thơ,7380107,Luật kinh tế,A00,2025,26.39,,THPT
TCT,Đại Học Cần Thơ,7380107,Luật kinh tế,C00,2025,26.39,,THPT
TCT,Đại Học Cần Thơ,7380107,Luật kinh tế,C00,2025,26.39,,THPT
TCT,Đại học Cần Thơ,7380107,Luật kinh tế,C00,2025,26.39,,THPT
TCT,Đại Học Cần Thơ,7380107,Luật kinh tế,D01,2025,26.39,,THPT
TCT,Đại Học Cần Thơ,7380107,Luật kinh tế,D01,2025,26.39,,THPT
TCT,Đại học Cần Thơ,7380107,Luật kinh tế,D01,2025,26.39,,THPT
TCT,Đại học Cần Thơ,7420101,Sinh hoc,A00,2025,19.61,,THPT
TCT,Đại Học Cần Thơ,7420101,Sinh học,B00,2025,19.61,,THPT
TCT,Đại học Cần Thơ,7420101,Sinh hoc,B00,2025,19.61,,THPT
TCT,Đại học Cần Thơ,7420201,Công nghệ sinh học,A00,2025,20.2,,THPT
TCT,Đại Học Cần Thơ,7420201,Công nghệ sinh học,A00,2025,20.2,,THPT
TCT,Đại Học Cần Thơ,7420201,Công nghệ sinh học,B00,2025,20.2,,THPT
TCT,Đại học Cần Thơ,7420201,Công nghệ sinh học,B00,2025,20.2,,THPT
TCT,Đại Học Cần Thơ,7420201,Công nghệ sinh học,D07,2025,20.2,,THPT
TCT,Đại học Cần Thơ,7420201,Công nghệ sinh học,D07,2025,20.2,,THPT
TCT,Đại học Cần Thơ,7420201T,Công nghệ sinh học (Chương trình tiên tiến),A01,2025,18.68,,THPT
TCT,Đại Học Cần Thơ,7420201T,Công nghệ sinh học (CTTT),A01,2025,18.68,,THPT
TCT,Đại Học Cần Thơ,7420201T,Công nghệ sinh học (CTTT),A01,2025,18.68,,THPT
TCT,Đại Học Cần Thơ,7420201T,Công nghệ sinh học (CTTT),D07,2025,18.68,,THPT
TCT,Đại Học Cần Thơ,7420201T,Công nghệ sinh học (CTTT),D07,2025,18.68,,THPT
TCT,Đại học Cần Thơ,7420201T,Công nghệ sinh học (Chương trình tiên tiến),D07,2025,18.68,,THPT
TCT,Đại học Cần Thơ,7420203,Sinh học ứng dụng,A00,2025,17.15,,THPT
TCT,Đại Học Cần Thơ,7420203,Sinh học ứng dụng,A00,2025,17.15,,THPT
TCT,Đại Học Cần Thơ,7420203,Sinh học ứng dụng,A01,2025,17.15,,THPT
TCT,Đại học Cần Thơ,7420203,Sinh học ứng dụng,A01,2025,17.15,,THPT
TCT,Đại Học Cần Thơ,7420203,Sinh học ứng dụng,B00,2025,17.15,,THPT
TCT,Đại học Cần Thơ,7420203,Sinh học ứng dụng,B00,2025,17.15,,THPT
TCT,Đại học Cần Thơ,7440112,Hóa học,A00,2025,22.28,,THPT
TCT,Đại Học Cần Thơ,7440112,Hóa học,A00,2025,22.28,,THPT
TCT,Đại Học Cần Thơ,7440112,Hóa học,B00,2025,22.28,,THPT
TCT,Đại học Cần Thơ,7440112,Hóa học,B00,2025,22.28,,THPT
TCT,Đại Học Cần Thơ,7440112,Hóa học,D07,2025,22.28,,THPT
TCT,Đại học Cần Thơ,7440112,Hóa học,D07,2025,22.28,,THPT
TCT,Đại học Cần Thơ,7440301,Khoa học môi trường,A00,2025,15.0,,THPT
TCT,Đại Học Cần Thơ,7440301,Khoa học môi trường,A00,2025,15.0,,THPT
TCT,Đại Học Cần Thơ,7440301,Khoa học môi trường,B00,2025,15.0,,THPT
TCT,Đại học Cần Thơ,7440301,Khoa học môi trường,B00,2025,15.0,,THPT
TCT,Đại Học Cần Thơ,7440301,Khoa học môi trường,D07,2025,15.0,,THPT
TCT,Đại học Cần Thơ,7440301,Khoa học môi trường,D07,2025,15.0,,THPT
TCT,Đại học Cần Thơ,7460112,ĐH Toán ứng dụng,A00,2025,21.77,,THPT
TCT,Đại Học Cần Thơ,7460112,Toán ứng dụng,A00,2025,21.77,,THPT
TCT,Đại Học Cần Thơ,7460112,Toán ứng dụng,A01,2025,21.77,,THPT
TCT,Đại Học Cần Thơ,7460112,Toán ứng dụng,B00,2025,21.77,,THPT
TCT,Đại học Cần Thơ,7460112,ĐH Toán ứng dụng,B00,2025,21.77,,THPT
TCT,Đại học Cần Thơ,7460112,ĐH Toán ứng dụng,D07,2025,21.77,,THPT
TCT,Đại học Cần Thơ,7460201,Thống kê,A00,2025,18.41,,THPT
TCT,Đại Học Cần Thơ,7460201,Thống kê,A00,2025,18.41,,THPT
TCT,Đại Học Cần Thơ,7460201,Thống kê,A01,2025,18.41,,THPT
TCT,Đại học Cần Thơ,7460201,Thống kê,A01,2025,18.41,,THPT
TCT,Đại Học Cần Thơ,7460201,Thống kê,B00,2025,18.41,,THPT
TCT,Đại học Cần Thơ,7460201,Thống kê,B00,2025,18.41,,THPT
TCT,Đại học Cần Thơ,7480101,Khoa học máy tính,A00,2025,23.07,,THPT
TCT,Đại Học Cần Thơ,7480101,Khoa học máy tính,A00,2025,23.07,,THPT
TCT,Đại Học Cần Thơ,7480101,Khoa học máy tính,A00,2025,23.07,,THPT
TCT,Đại Học Cần Thơ,7480101,Khoa học máy tính,A01,2025,23.07,,THPT
TCT,Đại Học Cần Thơ,7480101,Khoa học máy tính,A01,2025,23.07,,THPT
TCT,Đại học Cần Thơ,7480101,Khoa học máy tính,A01,2025,23.07,,THPT
TCT,Đại học Cần Thơ,7480102,Mạng máy tính và truyền thông dữ liệu,A00,2025,21.01,,THPT
TCT,Đại Học Cần Thơ,7480102,Mạng máy tính và truyền thông dữ liệu,A00,2025,21.01,,THPT
TCT,Đại Học Cần Thơ,7480102,Mạng máy tính và truyền thông dữ liệu,A00,2025,21.01,,THPT
TCT,Đại Học Cần Thơ,7480102,Mạng máy tính và truyền thông dữ liệu,A01,2025,21.01,,THPT
TCT,Đại Học Cần Thơ,7480102,Mạng máy tính và truyền thông dữ liệu,A01,2025,21.01,,THPT
TCT,Đại học Cần Thơ,7480102,Mạng máy tính và truyền thông dữ liệu,A01,2025,21.01,,THPT
TCT,Đại học Cần Thơ,7480102C,Mạng máy tính và truyền thông dữ liệu (CTCLC),A01,2025,17.75,,THPT
TCT,Đại Học Cần Thơ,7480102C,Mạng máy tính và truyền thông dữ liệu (CTCLC),A01,2025,17.75,,THPT
TCT,Đại Học Cần Thơ,7480102C,Mạng máy tính và truyền thông dữ liệu (CTCLC),A01,2025,17.75,,THPT
TCT,Đại Học Cần Thơ,7480102C,Mạng máy tính và truyền thông dữ liệu (CTCLC),D01,2025,17.75,,THPT
TCT,Đại Học Cần Thơ,7480102C,Mạng máy tính và truyền thông dữ liệu (CTCLC),D01,2025,17.75,,THPT
TCT,Đại học Cần Thơ,7480102C,Mạng máy tính và truyền thông dữ liệu (CTCLC),D01,2025,17.75,,THPT
TCT,Đại Học Cần Thơ,7480102C,Mạng máy tính và truyền thông dữ liệu (CTCLC),D07,2025,17.75,,THPT
TCT,Đại Học Cần Thơ,7480102C,Mạng máy tính và truyền thông dữ liệu (CTCLC),D07,2025,17.75,,THPT
TCT,Đại học Cần Thơ,7480102C,Mạng máy tính và truyền thông dữ liệu (CTCLC),D07,2025,17.75,,THPT
TCT,Đại học Cần Thơ,7480103,Kỹ thuật phần mềm,A00,2025,23.05,,THPT
TCT,Đại Học Cần Thơ,7480103,Kỹ thuật phần mềm,A00,2025,23.05,,THPT
TCT,Đại Học Cần Thơ,7480103,Kỹ thuật phần mềm,A00,2025,23.05,,THPT
TCT,Đại Học Cần Thơ,7480103,Kỹ thuật phần mềm,A01,2025,23.05,,THPT
TCT,Đại Học Cần Thơ,7480103,Kỹ thuật phần mềm,A01,2025,23.05,,THPT
TCT,Đại học Cần Thơ,7480103,Kỹ thuật phần mềm,A01,2025,23.05,,THPT
TCT,Đại học Cần Thơ,7480103C,Ngành Kỹ thuật phần mềm (Hệ đại học Chất lượng cao),A01,2025,19.4,,THPT
TCT,Đại Học Cần Thơ,7480103C,Kỹ thuật phần mềm (CTCLC),A01,2025,19.4,,THPT
TCT,Đại Học Cần Thơ,7480103C,Kỹ thuật phần mềm (CTCLC),A01,2025,19.4,,THPT
TCT,Đại Học Cần Thơ,7480103C,Kỹ thuật phần mềm (CTCLC),D01,2025,19.4,,THPT
TCT,Đại Học Cần Thơ,7480103C,Kỹ thuật phần mềm (CTCLC),D01,2025,19.4,,THPT
TCT,Đại học Cần Thơ,7480103C,Ngành Kỹ thuật phần mềm (Hệ đại học Chất lượng cao),D01,2025,19.4,,THPT
TCT,Đại Học Cần Thơ,7480103C,Kỹ thuật phần mềm (CTCLC),D07,2025,19.4,,THPT
TCT,Đại Học Cần Thơ,7480103C,Kỹ thuật phần mềm (CTCLC),D07,2025,19.4,,THPT
TCT,Đại học Cần Thơ,7480103C,Ngành Kỹ thuật phần mềm (Hệ đại học Chất lượng cao),D07,2025,19.4,,THPT
TCT,Đại học Cần Thơ,7480104,Hệ thống thông tin,A00,2025,21.38,,THPT
TCT,Đại Học Cần Thơ,7480104,Hệ thống thông tin,A00,2025,21.38,,THPT
TCT,Đại Học Cần Thơ,7480104,Hệ thống thông tin,A00,2025,21.38,,THPT
TCT,Đại Học Cần Thơ,7480104,Hệ thống thông tin,A01,2025,21.38,,THPT
TCT,Đại Học Cần Thơ,7480104,Hệ thống thông tin,A01,2025,21.38,,THPT
TCT,Đại học Cần Thơ,7480104,Hệ thống thông tin,A01,2025,21.38,,THPT
TCT,Đại học Cần Thơ,7480104C,Hệ thống thông tin (CTCLC),A01,2025,18.8,,THPT
TCT,Đại Học Cần Thơ,7480104C,Hệ thống thông tin (CTCLC),A01,2025,18.8,,THPT
TCT,Đại Học Cần Thơ,7480104C,Hệ thống thông tin (CTCLC),A01,2025,18.8,,THPT
TCT,Đại Học Cần Thơ,7480104C,Hệ thống thông tin (CTCLC),D01,2025,18.8,,THPT
TCT,Đại Học Cần Thơ,7480104C,Hệ thống thông tin (CTCLC),D01,2025,18.8,,THPT
TCT,Đại học Cần Thơ,7480104C,Hệ thống thông tin (CTCLC),D01,2025,18.8,,THPT
TCT,Đại Học Cần Thơ,7480104C,Hệ thống thông tin (CTCLC),D07,2025,18.8,,THPT
TCT,Đại Học Cần Thơ,7480104C,Hệ thống thông tin (CTCLC),D07,2025,18.8,,THPT
TCT,Đại học Cần Thơ,7480104C,Hệ thống thông tin (CTCLC),D07,2025,18.8,,THPT
TCT,Đại học Cần Thơ,7480106,Kỹ thuật máy tính,A00,2025,23.05,,THPT
TCT,Đại Học Cần Thơ,7480106,Kỹ thuật máy tính (Thiết kế vi mạch bán dẫn),A00,2025,24.0,,THPT
TCT,Đại Học Cần Thơ,7480106,Kỹ thuật máy tính (Thiết kế vi mạch bán dẫn),A00,2025,24.0,,THPT
TCT,Đại Học Cần Thơ,7480106,Kỹ thuật máy tính (Thiết kế vi mạch bán dẫn),A01,2025,24.0,,THPT
TCT,Đại Học Cần Thơ,7480106,Kỹ thuật máy tính (Thiết kế vi mạch bán dẫn),A01,2025,24.0,,THPT
TCT,Đại học Cần Thơ,7480106,Kỹ thuật máy tính,A01,2025,23.05,,THPT
TCT,Đại học Cần Thơ,7480107,Trí tuệ nhân tạo,A00,2025,23.04,,THPT
TCT,Đại Học Cần Thơ,7480107,Trí tuệ nhân tạo,A00,2025,23.04,,THPT
TCT,Đại Học Cần Thơ,7480107,Trí tuệ nhân tạo,A00,2025,23.04,,THPT
TCT,Đại Học Cần Thơ,7480107,Trí tuệ nhân tạo,A01,2025,23.04,,THPT
TCT,Đại Học Cần Thơ,7480107,Trí tuệ nhân tạo,A01,2025,23.04,,THPT
TCT,Đại học Cần Thơ,7480107,Trí tuệ nhân tạo,A01,2025,23.04,,THPT
TCT,Đại học Cần Thơ,7480201,Công nghệ thông tin,A00,2025,24.78,,THPT
TCT,Đại Học Cần Thơ,7480201,Công nghệ thông tin,A00,2025,24.78,,THPT
TCT,Đại Học Cần Thơ,7480201,Công nghệ thông tin,A00,2025,24.78,,THPT
TCT,Đại Học Cần Thơ,7480201,Công nghệ thông tin,A01,2025,24.78,,THPT
TCT,Đại Học Cần Thơ,7480201,Công nghệ thông tin,A01,2025,24.78,,THPT
TCT,Đại học Cần Thơ,7480201,Công nghệ thông tin,A01,2025,24.78,,THPT
TCT,Đại học Cần Thơ,7480201C,Công nghệ thông tin (CTCLC),A01,2025,20.25,,THPT
TCT,Đại Học Cần Thơ,7480201C,Công nghệ thông tin (CTCLC),A01,2025,20.25,,THPT
TCT,Đại Học Cần Thơ,7480201C,Công nghệ thông tin (CTCLC),A01,2025,20.25,,THPT
TCT,Đại Học Cần Thơ,7480201C,Công nghệ thông tin (CTCLC),D01,2025,20.25,,THPT
TCT,Đại Học Cần Thơ,7480201C,Công nghệ thông tin (CTCLC),D01,2025,20.25,,THPT
TCT,Đại học Cần Thơ,7480201C,Công nghệ thông tin (CTCLC),D01,2025,20.25,,THPT
TCT,Đại Học Cần Thơ,7480201C,Công nghệ thông tin (CTCLC),D07,2025,20.25,,THPT
TCT,Đại Học Cần Thơ,7480201C,Công nghệ thông tin (CTCLC),D07,2025,20.25,,THPT
TCT,Đại học Cần Thơ,7480201C,Công nghệ thông tin (CTCLC),D07,2025,20.25,,THPT
TCT,Đại học Cần Thơ,7480201H,Công nghệ thông tin (Đào tạo tại Khu Hòa An),A00,2025,21.15,,THPT
TCT,Đại Học Cần Thơ,7480201H,Công nghệ thông tin - học tại khu Hòa An,A00,2025,21.15,,THPT
TCT,Đại Học Cần Thơ,7480201H,Công nghệ thông tin - học tại khu Hòa An,A00,2025,21.15,,THPT
TCT,Đại Học Cần Thơ,7480201H,Công nghệ thông tin - học tại khu Hòa An,A01,2025,21.15,,THPT
TCT,Đại Học Cần Thơ,7480201H,Công nghệ thông tin - học tại khu Hòa An,A01,2025,21.15,,THPT
TCT,Đại học Cần Thơ,7480201H,Công nghệ thông tin (Đào tạo tại Khu Hòa An),A01,2025,21.15,,THPT
TCT,Đại học Cần Thơ,7480202,An toàn thông tin,A00,2025,22.5,,THPT
TCT,Đại Học Cần Thơ,7480202,An toàn thông tin,A00,2025,22.5,,THPT
TCT,Đại Học Cần Thơ,7480202,An toàn thông tin,A00,2025,22.5,,THPT
TCT,Đại Học Cần Thơ,7480202,An toàn thông tin,A01,2025,22.5,,THPT
TCT,Đại Học Cần Thơ,7480202,An toàn thông tin,A01,2025,22.5,,THPT
TCT,Đại học Cần Thơ,7480202,An toàn thông tin,A01,2025,22.5,,THPT
TCT,Đại học Cần Thơ,7510401,Công nghệ kỹ thuật hoá học,A00,2025,22.59,,THPT
TCT,Đại Học Cần Thơ,7510401,Công nghệ kỹ thuật hóa học,A00,2025,22.59,,THPT
TCT,Đại Học Cần Thơ,7510401,Công nghệ kỹ thuật hóa học,A01,2025,22.59,,THPT
TCT,Đại học Cần Thơ,7510401,Công nghệ kỹ thuật hoá học,A01,2025,22.59,,THPT
TCT,Đại Học Cần Thơ,7510401,Công nghệ kỹ thuật hóa học,B00,2025,22.59,,THPT
TCT,Đại học Cần Thơ,7510401,Công nghệ kỹ thuật hoá học,B00,2025,22.59,,THPT
TCT,Đại Học Cần Thơ,7510401,Công nghệ kỹ thuật hóa học,D07,2025,22.59,,THPT
TCT,Đại học Cần Thơ,7510401,Công nghệ kỹ thuật hoá học,D07,2025,22.59,,THPT
TCT,Đại học Cần Thơ,7510401C,Công nghệ kỹ thuật hoá học (Chương trình chất lượng cao),A01,2025,15.0,,THPT
TCT,Đại Học Cần Thơ,7510401C,Công nghệ kỹ thuật hóa học (CTCLC),A01,2025,15.0,,THPT
TCT,Đại Học Cần Thơ,7510401C,Công nghệ kỹ thuật hóa học (CTCLC),A01,2025,15.0,,THPT
TCT,Đại Học Cần Thơ,7510401C,Công nghệ kỹ thuật hóa học (CTCLC),D07,2025,15.0,,THPT
TCT,Đại Học Cần Thơ,7510401C,Công nghệ kỹ thuật hóa học (CTCLC),D07,2025,15.0,,THPT
TCT,Đại học Cần Thơ,7510401C,Công nghệ kỹ thuật hoá học (Chương trình chất lượng cao),D07,2025,15.0,,THPT
TCT,Đại học Cần Thơ,7510601,Quản lý công nghiệp,A00,2025,20.61,,THPT
TCT,Đại Học Cần Thơ,7510601,Quản lý công nghiệp,A00,2025,20.61,,THPT
TCT,Đại Học Cần Thơ,7510601,Quản lý công nghiệp,A00,2025,20.61,,THPT
TCT,Đại Học Cần Thơ,7510601,Quản lý công nghiệp,A01,2025,20.61,,THPT
TCT,Đại Học Cần Thơ,7510601,Quản lý công nghiệp,A01,2025,20.61,,THPT
TCT,Đại học Cần Thơ,7510601,Quản lý công nghiệp,A01,2025,20.61,,THPT
TCT,Đại Học Cần Thơ,7510601,Quản lý công nghiệp,D01,2025,20.61,,THPT
TCT,Đại Học Cần Thơ,7510601,Quản lý công nghiệp,D01,2025,20.61,,THPT
TCT,Đại học Cần Thơ,7510601,Quản lý công nghiệp,D01,2025,20.61,,THPT
TCT,Đại học Cần Thơ,7510605,Logistics và Quản lý chuỗi cung ứng,A00,2025,23.65,,THPT
TCT,Đại Học Cần Thơ,7510605,Logistics và Quản lý chuỗi cung ứng,A00,2025,23.65,,THPT
TCT,Đại Học Cần Thơ,7510605,Logistics và Quản lý chuỗi cung ứng,A00,2025,23.65,,THPT
TCT,Đại Học Cần Thơ,7510605,Logistics và Quản lý chuỗi cung ứng,A01,2025,23.65,,THPT
TCT,Đại Học Cần Thơ,7510605,Logistics và Quản lý chuỗi cung ứng,A01,2025,23.65,,THPT
TCT,Đại học Cần Thơ,7510605,Logistics và Quản lý chuỗi cung ứng,A01,2025,23.65,,THPT
TCT,Đại Học Cần Thơ,7510605,Logistics và Quản lý chuỗi cung ứng,D01,2025,23.65,,THPT
TCT,Đại Học Cần Thơ,7510605,Logistics và Quản lý chuỗi cung ứng,D01,2025,23.65,,THPT
TCT,Đại học Cần Thơ,7510605,Logistics và Quản lý chuỗi cung ứng,D01,2025,23.65,,THPT
TCT,Đại học Cần Thơ,7510605S,Logistics và quản lý chuỗi cung ứng - học tại khu Sóc Trăng,A00,2025,18.5,,THPT
TCT,Đại Học Cần Thơ,7510605S,Logistics và Quản lý chuỗi cung ứng - học tại khu Sóc Trăng,A00,2025,18.5,,THPT
TCT,Đại Học Cần Thơ,7510605S,Logistics và Quản lý chuỗi cung ứng - học tại khu Sóc Trăng,A00,2025,18.5,,THPT
TCT,Đại Học Cần Thơ,7510605S,Logistics và Quản lý chuỗi cung ứng - học tại khu Sóc Trăng,A01,2025,18.5,,THPT
TCT,Đại Học Cần Thơ,7510605S,Logistics và Quản lý chuỗi cung ứng - học tại khu Sóc Trăng,A01,2025,18.5,,THPT
TCT,Đại học Cần Thơ,7510605S,Logistics và quản lý chuỗi cung ứng - học tại khu Sóc Trăng,A01,2025,18.5,,THPT
TCT,Đại Học Cần Thơ,7510605S,Logistics và Quản lý chuỗi cung ứng - học tại khu Sóc Trăng,D01,2025,18.5,,THPT
TCT,Đại Học Cần Thơ,7510605S,Logistics và Quản lý chuỗi cung ứng - học tại khu Sóc Trăng,D01,2025,18.5,,THPT
TCT,Đại học Cần Thơ,7510605S,Logistics và quản lý chuỗi cung ứng - học tại khu Sóc Trăng,D01,2025,18.5,,THPT
TCT,Đại học Cần Thơ,7520103,Kỹ thuật cơ khí,A00,2025,22.05,,THPT
TCT,Đại Học Cần Thơ,7520103,Kỹ thuật cơ khí,A00,2025,22.05,,THPT
TCT,Đại Học Cần Thơ,7520103,Kỹ thuật cơ khí,A00,2025,22.05,,THPT
TCT,Đại Học Cần Thơ,7520103,Kỹ thuật cơ khí,A01,2025,22.05,,THPT
TCT,Đại Học Cần Thơ,7520103,Kỹ thuật cơ khí,A01,2025,22.05,,THPT
TCT,Đại học Cần Thơ,7520103,Kỹ thuật cơ khí,A01,2025,22.05,,THPT
TCT,Đại học Cần Thơ,7520114,Kỹ thuật cơ điện tử,A00,2025,22.35,,THPT
TCT,Đại Học Cần Thơ,7520114,Kỹ thuật cơ điện tử,A00,2025,22.35,,THPT
TCT,Đại Học Cần Thơ,7520114,Kỹ thuật cơ điện tử,A00,2025,22.35,,THPT
TCT,Đại Học Cần Thơ,7520114,Kỹ thuật cơ điện tử,A01,2025,22.35,,THPT
TCT,Đại Học Cần Thơ,7520114,Kỹ thuật cơ điện tử,A01,2025,22.35,,THPT
TCT,Đại học Cần Thơ,7520114,Kỹ thuật cơ điện tử,A01,2025,22.35,,THPT
TCT,Đại Học Cần Thơ,7520114,Kỹ thuật cơ điện tử,D07,2025,22.35,,THPT
TCT,Đại Học Cần Thơ,7520114,Kỹ thuật cơ điện tử,D07,2025,22.35,,THPT
TCT,Đại học Cần Thơ,7520114,Kỹ thuật cơ điện tử,D07,2025,22.35,,THPT
TCT,Đại học Cần Thơ,7520130,Kỹ thuật ô tô,A00,2025,22.15,,THPT
TCT,Đại Học Cần Thơ,7520130,Kỹ thuật ô tô,A00,2025,22.15,,THPT
TCT,Đại Học Cần Thơ,7520130,Kỹ thuật ô tô,A00,2025,22.15,,THPT
TCT,Đại Học Cần Thơ,7520130,Kỹ thuật ô tô,A01,2025,22.15,,THPT
TCT,Đại Học Cần Thơ,7520130,Kỹ thuật ô tô,A01,2025,22.15,,THPT
TCT,Đại học Cần Thơ,7520130,Kỹ thuật ô tô,A01,2025,22.15,,THPT
TCT,Đại học Cần Thơ,7520201,Kỹ thuật điện,A00,2025,21.8,,THPT
TCT,Đại Học Cần Thơ,7520201,Kỹ thuật điện,A00,2025,21.8,,THPT
TCT,Đại Học Cần Thơ,7520201,Kỹ thuật điện,A00,2025,21.8,,THPT
TCT,Đại Học Cần Thơ,7520201,Kỹ thuật điện,A01,2025,21.8,,THPT
TCT,Đại Học Cần Thơ,7520201,Kỹ thuật điện,A01,2025,21.8,,THPT
TCT,Đại học Cần Thơ,7520201,Kỹ thuật điện,A01,2025,21.8,,THPT
TCT,Đại Học Cần Thơ,7520201,Kỹ thuật điện,D07,2025,21.8,,THPT
TCT,Đại Học Cần Thơ,7520201,Kỹ thuật điện,D07,2025,21.8,,THPT
TCT,Đại học Cần Thơ,7520201,Kỹ thuật điện,D07,2025,21.8,,THPT
TCT,Đại học Cần Thơ,7520201C,Kỹ thuật Điện (CTCLC),A01,2025,17.6,,THPT
TCT,Đại Học Cần Thơ,7520201C,Kỹ thuật điện (CTCLC),A01,2025,17.6,,THPT
TCT,Đại Học Cần Thơ,7520201C,Kỹ thuật điện (CTCLC),A01,2025,17.6,,THPT
TCT,Đại Học Cần Thơ,7520201C,Kỹ thuật điện (CTCLC),D01,2025,17.6,,THPT
TCT,Đại Học Cần Thơ,7520201C,Kỹ thuật điện (CTCLC),D01,2025,17.6,,THPT
TCT,Đại học Cần Thơ,7520201C,Kỹ thuật Điện (CTCLC),D01,2025,17.6,,THPT
TCT,Đại Học Cần Thơ,7520201C,Kỹ thuật điện (CTCLC),D07,2025,17.6,,THPT
TCT,Đại Học Cần Thơ,7520201C,Kỹ thuật điện (CTCLC),D07,2025,17.6,,THPT
TCT,Đại học Cần Thơ,7520201C,Kỹ thuật Điện (CTCLC),D07,2025,17.6,,THPT
TCT,Đại học Cần Thơ,7520207,Ngành Kỹ thuật điện tử truyền thông,A00,2025,20.95,,THPT
TCT,Đại Học Cần Thơ,7520207,Kỹ thuật điện tử - viễn thông,A00,2025,20.95,,THPT
TCT,Đại Học Cần Thơ,7520207,Kỹ thuật điện tử - viễn thông,A00,2025,20.95,,THPT
TCT,Đại Học Cần Thơ,7520207,Kỹ thuật điện tử - viễn thông,A01,2025,20.95,,THPT
TCT,Đại Học Cần Thơ,7520207,Kỹ thuật điện tử - viễn thông,A01,2025,20.95,,THPT
TCT,Đại học Cần Thơ,7520207,Ngành Kỹ thuật điện tử truyền thông,A01,2025,20.95,,THPT
TCT,Đại học Cần Thơ,7520212,Kỹ thuật y sinh,A00,2025,21.0,,THPT
TCT,Đại Học Cần Thơ,7520212,Kỹ thuật y sinh,A00,2025,21.0,,THPT
TCT,Đại Học Cần Thơ,7520212,Kỹ thuật y sinh,A01,2025,21.0,,THPT
TCT,Đại học Cần Thơ,7520212,Kỹ thuật y sinh,A01,2025,21.0,,THPT
TCT,Đại học Cần Thơ,7520216,Ngành Kỹ thuật điều khiển & Tự động hóa,A00,2025,23.35,,THPT
TCT,Đại Học Cần Thơ,7520216,Kỹ thuật điều khiển và tự động hóa,A00,2025,23.35,,THPT
TCT,Đại Học Cần Thơ,7520216,Kỹ thuật điều khiển và tự động hóa,A00,2025,23.35,,THPT
TCT,Đại Học Cần Thơ,7520216,Kỹ thuật điều khiển và tự động hóa,A01,2025,23.35,,THPT
TCT,Đại Học Cần Thơ,7520216,Kỹ thuật điều khiển và tự động hóa,A01,2025,23.35,,THPT
TCT,Đại học Cần Thơ,7520216,Ngành Kỹ thuật điều khiển & Tự động hóa,A01,2025,23.35,,THPT
TCT,Đại Học Cần Thơ,7520216,Kỹ thuật điều khiển và tự động hóa,D07,2025,23.35,,THPT
TCT,Đại Học Cần Thơ,7520216,Kỹ thuật điều khiển và tự động hóa,D07,2025,23.35,,THPT
TCT,Đại học Cần Thơ,7520216,Ngành Kỹ thuật điều khiển & Tự động hóa,D07,2025,23.35,,THPT
TCT,Đại học Cần Thơ,7520216C,Kỹ thuật điều khiển và tự động hóa chất lượng cao,A01,2025,18.65,,THPT
TCT,Đại Học Cần Thơ,7520216C,Kỹ thuật điều khiển và tự động hóa (CTCLC),A01,2025,18.65,,THPT
TCT,Đại Học Cần Thơ,7520216C,Kỹ thuật điều khiển và tự động hóa (CTCLC),A01,2025,18.65,,THPT
TCT,Đại Học Cần Thơ,7520216C,Kỹ thuật điều khiển và tự động hóa (CTCLC),D01,2025,18.65,,THPT
TCT,Đại Học Cần Thơ,7520216C,Kỹ thuật điều khiển và tự động hóa (CTCLC),D01,2025,18.65,,THPT
TCT,Đại học Cần Thơ,7520216C,Kỹ thuật điều khiển và tự động hóa chất lượng cao,D01,2025,18.65,,THPT
TCT,Đại Học Cần Thơ,7520216C,Kỹ thuật điều khiển và tự động hóa (CTCLC),D07,2025,18.65,,THPT
TCT,Đại Học Cần Thơ,7520216C,Kỹ thuật điều khiển và tự động hóa (CTCLC),D07,2025,18.65,,THPT
TCT,Đại học Cần Thơ,7520216C,Kỹ thuật điều khiển và tự động hóa chất lượng cao,D07,2025,18.65,,THPT
TCT,Đại học Cần Thơ,7520309,Kỹ thuật vật liệu,A00,2025,19.7,,THPT
TCT,Đại Học Cần Thơ,7520309,Kỹ thuật vật liệu,A00,2025,19.7,,THPT
TCT,Đại Học Cần Thơ,7520309,Kỹ thuật vật liệu,A01,2025,19.7,,THPT
TCT,Đại học Cần Thơ,7520309,Kỹ thuật vật liệu,A01,2025,19.7,,THPT
TCT,Đại Học Cần Thơ,7520309,Kỹ thuật vật liệu,B00,2025,19.7,,THPT
TCT,Đại học Cần Thơ,7520309,Kỹ thuật vật liệu,B00,2025,19.7,,THPT
TCT,Đại Học Cần Thơ,7520309,Kỹ thuật vật liệu,D07,2025,19.7,,THPT
TCT,Đại học Cần Thơ,7520309,Kỹ thuật vật liệu,D07,2025,19.7,,THPT
TCT,Đại học Cần Thơ,7520320,Ngành Kỹ thuật môi trường,A00,2025,15.0,,THPT
TCT,Đại Học Cần Thơ,7520320,Kỹ thuật môi trường,A00,2025,15.0,,THPT
TCT,Đại Học Cần Thơ,7520320,Kỹ thuật môi trường,A01,2025,15.0,,THPT
TCT,Đại học Cần Thơ,7520320,Ngành Kỹ thuật môi trường,A01,2025,15.0,,THPT
TCT,Đại Học Cần Thơ,7520320,Kỹ thuật môi trường,B00,2025,15.0,,THPT
TCT,Đại học Cần Thơ,7520320,Ngành Kỹ thuật môi trường,B00,2025,15.0,,THPT
TCT,Đại Học Cần Thơ,7520320,Kỹ thuật môi trường,D07,2025,15.0,,THPT
TCT,Đại học Cần Thơ,7520320,Ngành Kỹ thuật môi trường,D07,2025,15.0,,THPT
TCT,Đại học Cần Thơ,7520401,Vật lý kỹ thuật,A00,2025,21.55,,THPT
TCT,Đại Học Cần Thơ,7520401,Vật lý kỹ thuật,A00,2025,21.55,,THPT
TCT,Đại Học Cần Thơ,7520401,Vật lý kỹ thuật,A01,2025,21.55,,THPT
TCT,Đại học Cần Thơ,7520401,Vật lý kỹ thuật,A01,2025,21.55,,THPT
TCT,Đại học Cần Thơ,7540101,Công nghệ thực phẩm,A00,2025,20.28,,THPT
TCT,Đại Học Cần Thơ,7540101,Công nghệ thực phẩm,A00,2025,20.28,,THPT
TCT,Đại Học Cần Thơ,7540101,Công nghệ thực phẩm,A01,2025,20.28,,THPT
TCT,Đại học Cần Thơ,7540101,Công nghệ thực phẩm,A01,2025,20.28,,THPT
TCT,Đại Học Cần Thơ,7540101,Công nghệ thực phẩm,B00,2025,20.28,,THPT
TCT,Đại học Cần Thơ,7540101,Công nghệ thực phẩm,B00,2025,20.28,,THPT
TCT,Đại Học Cần Thơ,7540101,Công nghệ thực phẩm,D07,2025,20.28,,THPT
TCT,Đại học Cần Thơ,7540101,Công nghệ thực phẩm,D07,2025,20.28,,THPT
TCT,Đại học Cần Thơ,7540101C,Công nghệ thực phẳm,A01,2025,16.67,,THPT
TCT,Đại Học Cần Thơ,7540101C,Công nghệ thực phẩm (CTCLC),A01,2025,16.67,,THPT
TCT,Đại Học Cần Thơ,7540101C,Công nghệ thực phẩm (CTCLC),A01,2025,16.67,,THPT
TCT,Đại Học Cần Thơ,7540101C,Công nghệ thực phẩm (CTCLC),D07,2025,16.67,,THPT
TCT,Đại Học Cần Thơ,7540101C,Công nghệ thực phẩm (CTCLC),D07,2025,16.67,,THPT
TCT,Đại học Cần Thơ,7540101C,Công nghệ thực phẳm,D07,2025,16.67,,THPT
TCT,Đại học Cần Thơ,7540104,Công nghệ sau thu hoạch,A00,2025,15.0,,THPT
TCT,Đại Học Cần Thơ,7540104,Công nghệ sau thu hoạch,A00,2025,15.0,,THPT
TCT,Đại Học Cần Thơ,7540104,Công nghệ sau thu hoạch,A01,2025,15.0,,THPT
TCT,Đại học Cần Thơ,7540104,Công nghệ sau thu hoạch,A01,2025,15.0,,THPT
TCT,Đại Học Cần Thơ,7540104,Công nghệ sau thu hoạch,B00,2025,15.0,,THPT
TCT,Đại học Cần Thơ,7540104,Công nghệ sau thu hoạch,B00,2025,15.0,,THPT
TCT,Đại Học Cần Thơ,7540104,Công nghệ sau thu hoạch,D07,2025,15.0,,THPT
TCT,Đại học Cần Thơ,7540104,Công nghệ sau thu hoạch,D07,2025,15.0,,THPT
TCT,Đại học Cần Thơ,7540105,Công nghệ chế biến thủy sản,A00,2025,15.4,,THPT
TCT,Đại Học Cần Thơ,7540105,Công nghệ chế biến thủy sản,A00,2025,15.4,,THPT
TCT,Đại Học Cần Thơ,7540105,Công nghệ chế biến thủy sản,A01,2025,15.4,,THPT
TCT,Đại học Cần Thơ,7540105,Công nghệ chế biến thủy sản,A01,2025,15.4,,THPT
TCT,Đại Học Cần Thơ,7540105,Công nghệ chế biến thủy sản,B00,2025,15.4,,THPT
TCT,Đại học Cần Thơ,7540105,Công nghệ chế biến thủy sản,B00,2025,15.4,,THPT
TCT,Đại Học Cần Thơ,7540105,Công nghệ chế biến thủy sản,D07,2025,15.4,,THPT
TCT,Đại học Cần Thơ,7540105,Công nghệ chế biến thủy sản,D07,2025,15.4,,THPT
TCT,Đại học Cần Thơ,7540106,Đảm bảo chất lượng và an toàn thực phẩm,A00,2025,17.0,,THPT
TCT,Đại Học Cần Thơ,7540106,Đảm bảo chất lượng và an toàn thực phẩm,A00,2025,17.0,,THPT
TCT,Đại Học Cần Thơ,7540106,Đảm bảo chất lượng và an toàn thực phẩm,A01,2025,17.0,,THPT
TCT,Đại học Cần Thơ,7540106,Đảm bảo chất lượng và an toàn thực phẩm,A01,2025,17.0,,THPT
TCT,Đại Học Cần Thơ,7540106,Đảm bảo chất lượng và an toàn thực phẩm,B00,2025,17.0,,THPT
TCT,Đại học Cần Thơ,7540106,Đảm bảo chất lượng và an toàn thực phẩm,B00,2025,17.0,,THPT
TCT,Đại Học Cần Thơ,7540106,Đảm bảo chất lượng và an toàn thực phẩm,D07,2025,17.0,,THPT
TCT,Đại học Cần Thơ,7540106,Đảm bảo chất lượng và an toàn thực phẩm,D07,2025,17.0,,THPT
TCT,Đại học Cần Thơ,7580105,Quy hoạch vùng và đô thị,A00,2025,15.0,,THPT
TCT,Đại Học Cần Thơ,7580105,Quy hoạch vùng và đô thị,A00,2025,15.0,,THPT
TCT,Đại Học Cần Thơ,7580105,Quy hoạch vùng và đô thị,A01,2025,15.0,,THPT
TCT,Đại học Cần Thơ,7580105,Quy hoạch vùng và đô thị,A01,2025,15.0,,THPT
TCT,Đại Học Cần Thơ,7580105,Quy hoạch vùng và đô thị,B00,2025,15.0,,THPT
TCT,Đại học Cần Thơ,7580105,Quy hoạch vùng và đô thị,B00,2025,15.0,,THPT
TCT,Đại Học Cần Thơ,7580105,Quy hoạch vùng và đô thị,D07,2025,15.0,,THPT
TCT,Đại học Cần Thơ,7580105,Quy hoạch vùng và đô thị,D07,2025,15.0,,THPT
TCT,Đại học Cần Thơ,7580201,Kỹ thuật xây dựng,A00,2025,16.1,,THPT
TCT,Đại Học Cần Thơ,7580201,Kỹ thuật xây dựng,A00,2025,16.1,,THPT
TCT,Đại Học Cần Thơ,7580201,Kỹ thuật xây dựng,A00,2025,16.1,,THPT
TCT,Đại Học Cần Thơ,7580201,Kỹ thuật xây dựng,A01,2025,16.1,,THPT
TCT,Đại Học Cần Thơ,7580201,Kỹ thuật xây dựng,A01,2025,16.1,,THPT
TCT,Đại học Cần Thơ,7580201,Kỹ thuật xây dựng,A01,2025,16.1,,THPT
TCT,Đại học Cần Thơ,7580201C,Kỹ thuật xây dựng (Chương trình chất lượng cao),A01,2025,15.15,,THPT
TCT,Đại Học Cần Thơ,7580201C,Kỹ thuật xây dựng (CTCLC),A01,2025,15.15,,THPT
TCT,Đại Học Cần Thơ,7580201C,Kỹ thuật xây dựng (CTCLC),D01,2025,15.15,,THPT
TCT,Đại học Cần Thơ,7580201C,Kỹ thuật xây dựng (Chương trình chất lượng cao),D01,2025,15.15,,THPT
TCT,Đại Học Cần Thơ,7580201C,Kỹ thuật xây dựng (CTCLC),D07,2025,15.15,,THPT
TCT,Đại học Cần Thơ,7580201C,Kỹ thuật xây dựng (Chương trình chất lượng cao),D07,2025,15.15,,THPT
TCT,Đại học Cần Thơ,7580202,Kỹ thuật xây dựng công trình thủy,A00,2025,15.0,,THPT
TCT,Đại Học Cần Thơ,7580202,Kỹ thuật xây dựng công trình thủy,A00,2025,15.0,,THPT
TCT,Đại Học Cần Thơ,7580202,Kỹ thuật xây dựng công trình thủy,A00,2025,15.0,,THPT
TCT,Đại Học Cần Thơ,7580202,Kỹ thuật xây dựng công trình thủy,A01,2025,15.0,,THPT
TCT,Đại Học Cần Thơ,7580202,Kỹ thuật xây dựng công trình thủy,A01,2025,15.0,,THPT
TCT,Đại học Cần Thơ,7580202,Kỹ thuật xây dựng công trình thủy,A01,2025,15.0,,THPT
TCT,Đại học Cần Thơ,7580205,Kỹ thuật xây dựng công trình giao thông,A00,2025,15.0,,THPT
TCT,Đại Học Cần Thơ,7580205,Kỹ thuật xây dựng công trình giao thông,A00,2025,15.0,,THPT
TCT,Đại Học Cần Thơ,7580205,Kỹ thuật xây dựng công trình giao thông,A00,2025,15.0,,THPT
TCT,Đại Học Cần Thơ,7580205,Kỹ thuật xây dựng công trình giao thông,A01,2025,15.0,,THPT
TCT,Đại Học Cần Thơ,7580205,Kỹ thuật xây dựng công trình giao thông,A01,2025,15.0,,THPT
TCT,Đại học Cần Thơ,7580205,Kỹ thuật xây dựng công trình giao thông,A01,2025,15.0,,THPT
TCT,Đại học Cần Thơ,7580213,Kỹ thuật cấp thoát nước,A00,2025,15.0,,THPT
TCT,Đại Học Cần Thơ,7580213,Kỹ thuật cấp thoát nước,A00,2025,15.0,,THPT
TCT,Đại Học Cần Thơ,7580213,Kỹ thuật cấp thoát nước,A01,2025,15.0,,THPT
TCT,Đại học Cần Thơ,7580213,Kỹ thuật cấp thoát nước,A01,2025,15.0,,THPT
TCT,Đại Học Cần Thơ,7580213,Kỹ thuật cấp thoát nước,D07,2025,15.0,,THPT
TCT,Đại học Cần Thơ,7580213,Kỹ thuật cấp thoát nước,D07,2025,15.0,,THPT
TCT,Đại học Cần Thơ,7620103,Khoa học đất,A00,2025,15.0,,THPT
TCT,Đại Học Cần Thơ,7620103,Khoa học đất,A00,2025,15.0,,THPT
TCT,Đại Học Cần Thơ,7620103,Khoa học đất,B00,2025,15.0,,THPT
TCT,Đại học Cần Thơ,7620103,Khoa học đất,B00,2025,15.0,,THPT
TCT,Đại Học Cần Thơ,7620103,Khoa học đất,D07,2025,15.0,,THPT
TCT,Đại học Cần Thơ,7620103,Khoa học đất,D07,2025,15.0,,THPT
TCT,Đại học Cần Thơ,7620105,Chăn nuôi,A00,2025,15.0,,THPT
TCT,Đại Học Cần Thơ,7620105,Chăn nuôi,A00,2025,15.0,,THPT
TCT,Đại Học Cần Thơ,7620105,Chăn nuôi,B00,2025,15.0,,THPT
TCT,Đại học Cần Thơ,7620105,Chăn nuôi,B00,2025,15.0,,THPT
TCT,Đại học Cần Thơ,7620109,Nông học,A00,2025,15.0,,THPT
TCT,Đại Học Cần Thơ,7620109,Nông học,A00,2025,15.0,,THPT
TCT,Đại Học Cần Thơ,7620109,Nông học,B00,2025,15.0,,THPT
TCT,Đại học Cần Thơ,7620109,Nông học,B00,2025,15.0,,THPT
TCT,Đại Học Cần Thơ,7620109,Nông học,D07,2025,15.0,,THPT
TCT,Đại học Cần Thơ,7620109,Nông học,D07,2025,15.0,,THPT
TCT,Đại Học Cần Thơ,7620110,Khoa học cây trồng,B00,2025,15.0,,THPT
TCT,Đại học Cần Thơ,7620110,Khoa học cây trồng,B00,2025,15.0,,THPT
TCT,Đại Học Cần Thơ,7620110,Khoa học cây trồng,D07,2025,15.0,,THPT
TCT,Đại học Cần Thơ,7620110,Khoa học cây trồng,D07,2025,15.0,,THPT
TCT,Đại học Cần Thơ,7620112,Bảo vệ thực vật,A00,2025,15.0,,THPT
TCT,Đại Học Cần Thơ,7620112,Bảo vệ thực vật,A00,2025,15.0,,THPT
TCT,Đại Học Cần Thơ,7620112,Bảo vệ thực vật,B00,2025,15.0,,THPT
TCT,Đại học Cần Thơ,7620112,Bảo vệ thực vật,B00,2025,15.0,,THPT
TCT,Đại Học Cần Thơ,7620112,Bảo vệ thực vật,D07,2025,15.0,,THPT
TCT,Đại học Cần Thơ,7620112,Bảo vệ thực vật,D07,2025,15.0,,THPT
TCT,Đại học Cần Thơ,7620113,Công nghệ rau hoa quả và cảnh quan,A00,2025,15.0,,THPT
TCT,Đại Học Cần Thơ,7620113,Công nghệ rau hoa quả và cảnh quan,A00,2025,15.0,,THPT
TCT,Đại Học Cần Thơ,7620113,Công nghệ rau hoa quả và cảnh quan,B00,2025,15.0,,THPT
TCT,Đại học Cần Thơ,7620113,Công nghệ rau hoa quả và cảnh quan,B00,2025,15.0,,THPT
TCT,Đại Học Cần Thơ,7620113,Công nghệ rau hoa quả và cảnh quan,D07,2025,15.0,,THPT
TCT,Đại học Cần Thơ,7620113,Công nghệ rau hoa quả và cảnh quan,D07,2025,15.0,,THPT
TCT,Đại học Cần Thơ,7620114H,Kinh doanh nông nghiệp (Đào tạo tại Khu Hòa An),A00,2025,15.0,,THPT
TCT,Đại Học Cần Thơ,7620114H,Kinh doanh nông nghiệp - học tại khu Hòa An,A00,2025,15.0,,THPT
TCT,Đại Học Cần Thơ,7620114H,Kinh doanh nông nghiệp - học tại khu Hòa An,A01,2025,15.0,,THPT
TCT,Đại học Cần Thơ,7620114H,Kinh doanh nông nghiệp (Đào tạo tại Khu Hòa An),A01,2025,15.0,,THPT
TCT,Đại Học Cần Thơ,7620114H,Kinh doanh nông nghiệp - học tại khu Hòa An,D01,2025,15.0,,THPT
TCT,Đại học Cần Thơ,7620114H,Kinh doanh nông nghiệp (Đào tạo tại Khu Hòa An),D01,2025,15.0,,THPT
TCT,Đại học Cần Thơ,7620115,Kinh tế nông nghiệp,A00,2025,16.0,,THPT
TCT,Đại Học Cần Thơ,7620115,Kinh tế nông nghiệp,A00,2025,16.0,,THPT
TCT,Đại Học Cần Thơ,7620115,Kinh tế nông nghiệp,A01,2025,16.0,,THPT
TCT,Đại học Cần Thơ,7620115,Kinh tế nông nghiệp,A01,2025,16.0,,THPT
TCT,Đại Học Cần Thơ,7620115,Kinh tế nông nghiệp,D01,2025,16.0,,THPT
TCT,Đại học Cần Thơ,7620115,Kinh tế nông nghiệp,D01,2025,16.0,,THPT
TCT,Đại học Cần Thơ,7620115H,Kinh tế nông nghiệp (Đào tạo tại Khu Hòa An),A00,2025,15.0,,THPT
TCT,Đại Học Cần Thơ,7620115H,Kinh tế nông nghiệp - học tại khu Hòa An,A00,2025,15.0,,THPT
TCT,Đại Học Cần Thơ,7620115H,Kinh tế nông nghiệp - học tại khu Hòa An,A01,2025,15.0,,THPT
TCT,Đại học Cần Thơ,7620115H,Kinh tế nông nghiệp (Đào tạo tại Khu Hòa An),A01,2025,15.0,,THPT
TCT,Đại Học Cần Thơ,7620115H,Kinh tế nông nghiệp - học tại khu Hòa An,D01,2025,15.0,,THPT
TCT,Đại học Cần Thơ,7620115H,Kinh tế nông nghiệp (Đào tạo tại Khu Hòa An),D01,2025,15.0,,THPT
TCT,Đại học Cần Thơ,7620301,ĐH Nuôi trồng thủy sản,A00,2025,15.0,,THPT
TCT,Đại Học Cần Thơ,7620301,Nuôi trồng thủy sản,A00,2025,15.0,,THPT
TCT,Đại Học Cần Thơ,7620301,Nuôi trồng thủy sản,B00,2025,15.0,,THPT
TCT,Đại học Cần Thơ,7620301,ĐH Nuôi trồng thủy sản,B00,2025,15.0,,THPT
TCT,Đại Học Cần Thơ,7620301,Nuôi trồng thủy sản,D07,2025,15.0,,THPT
TCT,Đại học Cần Thơ,7620301,ĐH Nuôi trồng thủy sản,D07,2025,15.0,,THPT
TCT,Đại học Cần Thơ,7620301T,Nuôi trồng thuỷ sản (chương trình tiên tiến),A01,2025,15.0,,THPT
TCT,Đại Học Cần Thơ,7620301T,Nuôi trồng thủy sản (CTTT),A01,2025,15.0,,THPT
TCT,Đại Học Cần Thơ,7620301T,Nuôi trồng thủy sản (CTTT),A01,2025,15.0,,THPT
TCT,Đại Học Cần Thơ,7620301T,Nuôi trồng thủy sản (CTTT),D07,2025,15.0,,THPT
TCT,Đại Học Cần Thơ,7620301T,Nuôi trồng thủy sản (CTTT),D07,2025,15.0,,THPT
TCT,Đại học Cần Thơ,7620301T,Nuôi trồng thuỷ sản (chương trình tiên tiến),D07,2025,15.0,,THPT
TCT,Đại học Cần Thơ,7620302,Bệnh học thủy sản,A00,2025,15.0,,THPT
TCT,Đại Học Cần Thơ,7620302,Bệnh học thủy sản,A00,2025,15.0,,THPT
TCT,Đại Học Cần Thơ,7620302,Bệnh học thủy sản,B00,2025,15.0,,THPT
TCT,Đại học Cần Thơ,7620302,Bệnh học thủy sản,B00,2025,15.0,,THPT
TCT,Đại Học Cần Thơ,7620302,Bệnh học thủy sản,D07,2025,15.0,,THPT
TCT,Đại học Cần Thơ,7620302,Bệnh học thủy sản,D07,2025,15.0,,THPT
TCT,Đại học Cần Thơ,7620305,Quản lý thủy sản,A00,2025,15.0,,THPT
TCT,Đại Học Cần Thơ,7620305,Quản lý thủy sản,A00,2025,15.0,,THPT
TCT,Đại Học Cần Thơ,7620305,Quản lý thủy sản,B00,2025,15.0,,THPT
TCT,Đại học Cần Thơ,7620305,Quản lý thủy sản,B00,2025,15.0,,THPT
TCT,Đại Học Cần Thơ,7620305,Quản lý thủy sản,D07,2025,15.0,,THPT
TCT,Đại học Cần Thơ,7620305,Quản lý thủy sản,D07,2025,15.0,,THPT
TCT,Đại học Cần Thơ,7640101,Thú y,A00,2025,20.0,,THPT
TCT,Đại Học Cần Thơ,7640101,Thú y,B00,2025,20.0,,THPT
TCT,Đại học Cần Thơ,7640101,Thú y,B00,2025,20.0,,THPT
TCT,Đại Học Cần Thơ,7640101,Thú y,D07,2025,20.0,,THPT
TCT,Đại học Cần Thơ,7640101,Thú y,D07,2025,20.0,,THPT
TCT,Đại học Cần Thơ,7640101C,Thú y (CTCLC),A01,2025,18.0,,THPT
TCT,Đại Học Cần Thơ,7640101C,Thú y (CTCLC),A01,2025,18.0,,THPT
TCT,Đại Học Cần Thơ,7640101C,Thú y (CTCLC),A01,2025,18.0,,THPT
TCT,Đại Học Cần Thơ,7640101C,Thú y (CTCLC),D07,2025,18.0,,THPT
TCT,Đại Học Cần Thơ,7640101C,Thú y (CTCLC),D07,2025,18.0,,THPT
TCT,Đại học Cần Thơ,7640101C,Thú y (CTCLC),D07,2025,18.0,,THPT
TCT,Đại học Cần Thơ,7720203,Hoá dược,A00,2025,22.76,,THPT
TCT,Đại Học Cần Thơ,7720203,Hóa dược,A00,2025,22.76,,THPT
TCT,Đại Học Cần Thơ,7720203,Hóa dược,B00,2025,22.76,,THPT
TCT,Đại học Cần Thơ,7720203,Hoá dược,B00,2025,22.76,,THPT
TCT,Đại Học Cần Thơ,7720203,Hóa dược,D07,2025,22.76,,THPT
TCT,Đại học Cần Thơ,7720203,Hoá dược,D07,2025,22.76,,THPT
TCT,Đại học Cần Thơ,7810101,Du lịch,C00,2025,26.73,,THPT
TCT,Đại Học Cần Thơ,7810101,Du lịch,C00,2025,26.73,,THPT
TCT,Đại Học Cần Thơ,7810101,Du lịch,D01,2025,26.73,,THPT
TCT,Đại học Cần Thơ,7810101,Du lịch,D01,2025,26.73,,THPT
TCT,Đại học Cần Thơ,7810101H,Du lịch - học tại khu Hòa An,C00,2025,25.5,,THPT
TCT,Đại Học Cần Thơ,7810101H,Du lịch - học tại khu Hòa An,C00,2025,25.5,,THPT
TCT,Đại Học Cần Thơ,7810101H,Du lịch - học tại khu Hòa An,D01,2025,25.5,,THPT
TCT,Đại học Cần Thơ,7810101H,Du lịch - học tại khu Hòa An,D01,2025,25.5,,THPT
TCT,Đại học Cần Thơ,7810101S,Du lịch - học tại Sóc Trăng,C00,2025,24.35,,THPT
TCT,Đại Học Cần Thơ,7810101S,Du lịch - học tại khu Sóc Trăng,C00,2025,24.35,,THPT
TCT,Đại Học Cần Thơ,7810101S,Du lịch - học tại khu Sóc Trăng,D01,2025,24.35,,THPT
TCT,Đại học Cần Thơ,7810101S,Du lịch - học tại Sóc Trăng,D01,2025,24.35,,THPT
TCT,Đại học Cần Thơ,7810103,Quản trị dịch vụ du lịch và lữ hành,A00,2025,21.4,,THPT
TCT,Đại Học Cần Thơ,7810103,Quản trị dịch vụ du lịch và lữ hành,A00,2025,21.4,,THPT
TCT,Đại Học Cần Thơ,7810103,Quản trị dịch vụ du lịch và lữ hành,A01,2025,21.4,,THPT
TCT,Đại học Cần Thơ,7810103,Quản trị dịch vụ du lịch và lữ hành,A01,2025,21.4,,THPT
TCT,Đại Học Cần Thơ,7810103,Quản trị dịch vụ du lịch và lữ hành,D01,2025,21.4,,THPT
TCT,Đại học Cần Thơ,7810103,Quản trị dịch vụ du lịch và lữ hành,D01,2025,21.4,,THPT
TCT,Đại học Cần Thơ,7810103C,Quản trị dịch vụ du lịch và lữ hành,A01,2025,19.1,,THPT
TCT,Đại Học Cần Thơ,7810103C,Quản trị dịch vụ du lịch và lữ hành (CTCLC),A01,2025,19.1,,THPT
TCT,Đại Học Cần Thơ,7810103C,Quản trị dịch vụ du lịch và lữ hành (CTCLC),A01,2025,19.1,,THPT
TCT,Đại Học Cần Thơ,7810103C,Quản trị dịch vụ du lịch và lữ hành (CTCLC),D01,2025,19.1,,THPT
TCT,Đại Học Cần Thơ,7810103C,Quản trị dịch vụ du lịch và lữ hành (CTCLC),D01,2025,19.1,,THPT
TCT,Đại học Cần Thơ,7810103C,Quản trị dịch vụ du lịch và lữ hành,D01,2025,19.1,,THPT
TCT,Đại Học Cần Thơ,7810103C,Quản trị dịch vụ du lịch và lữ hành (CTCLC),D07,2025,19.1,,THPT
TCT,Đại Học Cần Thơ,7810103C,Quản trị dịch vụ du lịch và lữ hành (CTCLC),D07,2025,19.1,,THPT
TCT,Đại học Cần Thơ,7810103C,Quản trị dịch vụ du lịch và lữ hành,D07,2025,19.1,,THPT
TCT,Đại học Cần Thơ,7850101,Quản lý tài nguyên và môi trường,A00,2025,17.1,,THPT
TCT,Đại Học Cần Thơ,7850101,Quản lý tài nguyên và môi trường,A00,2025,17.1,,THPT
TCT,Đại Học Cần Thơ,7850101,Quản lý tài nguyên và môi trường,A01,2025,17.1,,THPT
TCT,Đại học Cần Thơ,7850101,Quản lý tài nguyên và môi trường,A01,2025,17.1,,THPT
TCT,Đại Học Cần Thơ,7850101,Quản lý tài nguyên và môi trường,B00,2025,17.1,,THPT
TCT,Đại học Cần Thơ,7850101,Quản lý tài nguyên và môi trường,B00,2025,17.1,,THPT
TCT,Đại Học Cần Thơ,7850101,Quản lý tài nguyên và môi trường,D07,2025,17.1,,THPT
TCT,Đại học Cần Thơ,7850101,Quản lý tài nguyên và môi trường,D07,2025,17.1,,THPT
TCT,Đại học Cần Thơ,7850102,Kinh tế tài nguyên thiên nhiên,A00,2025,18.05,,THPT
TCT,Đại Học Cần Thơ,7850102,Kinh tế tài nguyên thiên nhiên,A00,2025,18.05,,THPT
TCT,Đại Học Cần Thơ,7850102,Kinh tế tài nguyên thiên nhiên,A01,2025,18.05,,THPT
TCT,Đại học Cần Thơ,7850102,Kinh tế tài nguyên thiên nhiên,A01,2025,18.05,,THPT
TCT,Đại Học Cần Thơ,7850102,Kinh tế tài nguyên thiên nhiên,D01,2025,18.05,,THPT
TCT,Đại học Cần Thơ,7850102,Kinh tế tài nguyên thiên nhiên,D01,2025,18.05,,THPT
TCT,Đại học Cần Thơ,7850103,Quản lý đất đai,A00,2025,16.9,,THPT
TCT,Đại Học Cần Thơ,7850103,Quản lý đất đai,A00,2025,16.9,,THPT
TCT,Đại Học Cần Thơ,7850103,Quản lý đất đai,A01,2025,16.9,,THPT
TCT,Đại học Cần Thơ,7850103,Quản lý đất đai,A01,2025,16.9,,THPT
TCT,Đại Học Cần Thơ,7850103,Quản lý đất đai,B00,2025,16.9,,THPT
TCT,Đại Học Cần Thơ,7850103,Quản lý đất đai,D07,2025,16.9,,THPT
TCT,Đại học Cần Thơ,7850103,Quản lý đất đai,D07,2025,16.9,,THPT
TCU,Trường Sĩ Quan Thông Tin - Hệ Dân Sự - Đại Học Thông Tin Liên Lạc,7480201,Công nghệ thông tin,A00,2025,20.85,,THPT
TCU,Trường Sĩ Quan Thông Tin - Hệ Dân Sự - Đại Học Thông Tin Liên Lạc,7480201,Công nghệ thông tin,A01,2025,20.85,,THPT
TCU,Trường Sĩ Quan Thông Tin - Hệ Dân Sự - Đại Học Thông Tin Liên Lạc,7480201,Công nghệ thông tin,D01,2025,20.85,,THPT
TCU,Trường Sĩ Quan Thông Tin - Hệ Dân Sự - Đại Học Thông Tin Liên Lạc,7520207,Kỹ thuật Điện tử - Viễn thông,A00,2025,19.5,,THPT
TCU,Trường Sĩ Quan Thông Tin - Hệ Dân Sự - Đại Học Thông Tin Liên Lạc,7520207,Kỹ thuật Điện tử - Viễn thông,A01,2025,19.5,,THPT
TCU,Trường Sĩ Quan Thông Tin - Hệ Dân Sự - Đại Học Thông Tin Liên Lạc,7520207,Kỹ thuật Điện tử - Viễn thông,D01,2025,19.5,,THPT
TDD,Đại học Thành Đô,7140101,Giáo dục học,A00,2025,16.0,,THPT
TDD,Trường Đại học Thành Đô,7140101,Giáo dục học,A00,2025,16.0,,THPT
TDD,Trường Đại học Thành Đô,7140101,Giáo dục học,A01,2025,16.0,,THPT
TDD,Đại học Thành Đô,7140101,Giáo dục học,A01,2025,16.0,,THPT
TDD,Trường Đại học Thành Đô,7140101,Giáo dục học,C00,2025,16.0,,THPT
TDD,Đại học Thành Đô,7140101,Giáo dục học,C00,2025,16.0,,THPT
TDD,Trường Đại học Thành Đô,7140101,Giáo dục học,D01,2025,16.0,,THPT
TDD,Đại học Thành Đô,7140101,Giáo dục học,D01,2025,16.0,,THPT
TDD,Trường Đại học Thành Đô,7140101,Giáo dục học,D09,2025,16.0,,THPT
TDD,Đại học Thành Đô,7140101,Giáo dục học,D09,2025,16.0,,THPT
TDD,Đại học Thành Đô,7220201,Ngôn ngữ Anh,A00,2025,16.0,,THPT
TDD,Trường Đại học Thành Đô,7220201,Ngôn ngữ Anh,A00,2025,16.0,,THPT
TDD,Trường Đại học Thành Đô,7220201,Ngôn ngữ Anh,D01,2025,16.0,,THPT
TDD,Đại học Thành Đô,7220201,Ngôn ngữ Anh,D01,2025,16.0,,THPT
TDD,Trường Đại học Thành Đô,7220201,Ngôn ngữ Anh,D09,2025,16.0,,THPT
TDD,Đại học Thành Đô,7220201,Ngôn ngữ Anh,D09,2025,16.0,,THPT
TDD,Đại học Thành Đô,7220204,Ngôn ngữ Trung Quốc,A00,2025,16.0,,THPT
TDD,Trường Đại học Thành Đô,7220204,Ngôn ngữ Trung Quốc,A00,2025,16.0,,THPT
TDD,Trường Đại học Thành Đô,7220204,Ngôn ngữ Trung Quốc,D01,2025,16.0,,THPT
TDD,Đại học Thành Đô,7220204,Ngôn ngữ Trung Quốc,D01,2025,16.0,,THPT
TDD,Trường Đại học Thành Đô,7220204,Ngôn ngữ Trung Quốc,D09,2025,16.0,,THPT
TDD,Đại học Thành Đô,7220204,Ngôn ngữ Trung Quốc,D09,2025,16.0,,THPT
TDD,Đại học Thành Đô,7310630,Việt Nam học,A00,2025,16.0,,THPT
TDD,Trường Đại học Thành Đô,7310630,Việt Nam học (Hướng dẫn du lịch),A00,2025,16.0,,THPT
TDD,Trường Đại học Thành Đô,7310630,Việt Nam học (Hướng dẫn du lịch),A01,2025,16.0,,THPT
TDD,Đại học Thành Đô,7310630,Việt Nam học,A01,2025,16.0,,THPT
TDD,Trường Đại học Thành Đô,7310630,Việt Nam học (Hướng dẫn du lịch),C00,2025,16.0,,THPT
TDD,Đại học Thành Đô,7310630,Việt Nam học,C00,2025,16.0,,THPT
TDD,Trường Đại học Thành Đô,7310630,Việt Nam học (Hướng dẫn du lịch),D01,2025,16.0,,THPT
TDD,Đại học Thành Đô,7310630,Việt Nam học,D01,2025,16.0,,THPT
TDD,Trường Đại học Thành Đô,7310630,Việt Nam học (Hướng dẫn du lịch),D09,2025,16.0,,THPT
TDD,Đại học Thành Đô,7310630,Việt Nam học,D09,2025,16.0,,THPT
TDD,Đại học Thành Đô,7340101,Quản trị Kinh doanh,A00,2025,16.0,,THPT
TDD,Trường Đại học Thành Đô,7340101,Quản trị Kinh doanh,A00,2025,16.0,,THPT
TDD,Trường Đại học Thành Đô,7340101,Quản trị Kinh doanh,A01,2025,16.0,,THPT
TDD,Đại học Thành Đô,7340101,Quản trị Kinh doanh,A01,2025,16.0,,THPT
TDD,Trường Đại học Thành Đô,7340101,Quản trị Kinh doanh,C00,2025,16.0,,THPT
TDD,Đại học Thành Đô,7340101,Quản trị Kinh doanh,C00,2025,16.0,,THPT
TDD,Trường Đại học Thành Đô,7340101,Quản trị Kinh doanh,D01,2025,16.0,,THPT
TDD,Đại học Thành Đô,7340101,Quản trị Kinh doanh,D01,2025,16.0,,THPT
TDD,Trường Đại học Thành Đô,7340101,Quản trị Kinh doanh,D09,2025,16.0,,THPT
TDD,Đại học Thành Đô,7340101,Quản trị Kinh doanh,D09,2025,16.0,,THPT
TDD,Đại học Thành Đô,7340301,Kế toán,A00,2025,16.0,,THPT
TDD,Trường Đại học Thành Đô,7340301,Kế toán,A00,2025,16.0,,THPT
TDD,Trường Đại học Thành Đô,7340301,Kế toán,A01,2025,16.0,,THPT
TDD,Đại học Thành Đô,7340301,Kế toán,A01,2025,16.0,,THPT
TDD,Trường Đại học Thành Đô,7340301,Kế toán,C00,2025,16.0,,THPT
TDD,Đại học Thành Đô,7340301,Kế toán,C00,2025,16.0,,THPT
TDD,Trường Đại học Thành Đô,7340301,Kế toán,D01,2025,16.0,,THPT
TDD,Đại học Thành Đô,7340301,Kế toán,D01,2025,16.0,,THPT
TDD,Trường Đại học Thành Đô,7340301,Kế toán,D09,2025,16.0,,THPT
TDD,Đại học Thành Đô,7340301,Kế toán,D09,2025,16.0,,THPT
TDD,Đại học Thành Đô,7340406,Quản trị văn phòng,A00,2025,16.0,,THPT
TDD,Trường Đại học Thành Đô,7340406,Quản trị Văn phòng,A00,2025,16.0,,THPT
TDD,Trường Đại học Thành Đô,7340406,Quản trị Văn phòng,A01,2025,16.0,,THPT
TDD,Đại học Thành Đô,7340406,Quản trị văn phòng,A01,2025,16.0,,THPT
TDD,Trường Đại học Thành Đô,7340406,Quản trị Văn phòng,C00,2025,16.0,,THPT
TDD,Đại học Thành Đô,7340406,Quản trị văn phòng,C00,2025,16.0,,THPT
TDD,Trường Đại học Thành Đô,7340406,Quản trị Văn phòng,D01,2025,16.0,,THPT
TDD,Đại học Thành Đô,7340406,Quản trị văn phòng,D01,2025,16.0,,THPT
TDD,Trường Đại học Thành Đô,7340406,Quản trị Văn phòng,D09,2025,16.0,,THPT
TDD,Đại học Thành Đô,7340406,Quản trị văn phòng,D09,2025,16.0,,THPT
TDD,Đại học Thành Đô,7380101,Ngành Luật,A00,2025,16.0,,THPT
TDD,Trường Đại học Thành Đô,7380101,Luật,A00,2025,16.0,,THPT
TDD,Trường Đại học Thành Đô,7380101,Luật,A01,2025,16.0,,THPT
TDD,Đại học Thành Đô,7380101,Ngành Luật,A01,2025,16.0,,THPT
TDD,Trường Đại học Thành Đô,7380101,Luật,C00,2025,16.0,,THPT
TDD,Đại học Thành Đô,7380101,Ngành Luật,C00,2025,16.0,,THPT
TDD,Trường Đại học Thành Đô,7380101,Luật,D01,2025,16.0,,THPT
TDD,Đại học Thành Đô,7380101,Ngành Luật,D01,2025,16.0,,THPT
TDD,Trường Đại học Thành Đô,7380101,Luật,D09,2025,16.0,,THPT
TDD,Đại học Thành Đô,7380101,Ngành Luật,D09,2025,16.0,,THPT
TDD,Đại học Thành Đô,7480201,Công nghệ thông tin,A00,2025,16.0,,THPT
TDD,Trường Đại học Thành Đô,7480201,Công nghệ thông tin,A00,2025,16.0,,THPT
TDD,Trường Đại học Thành Đô,7480201,Công nghệ thông tin,A01,2025,16.0,,THPT
TDD,Đại học Thành Đô,7480201,Công nghệ thông tin,A01,2025,16.0,,THPT
TDD,Trường Đại học Thành Đô,7480201,Công nghệ thông tin,D01,2025,16.0,,THPT
TDD,Đại học Thành Đô,7480201,Công nghệ thông tin,D01,2025,16.0,,THPT
TDD,Trường Đại học Thành Đô,7480201,Công nghệ thông tin,D07,2025,16.0,,THPT
TDD,Đại học Thành Đô,7480201,Công nghệ thông tin,D07,2025,16.0,,THPT
TDD,Đại học Thành Đô,7510205,Công nghệ kỹ thuật ô tô,A00,2025,16.0,,THPT
TDD,Trường Đại học Thành Đô,7510205,Công nghệ kỹ thuật Ô tô,A00,2025,16.0,,THPT
TDD,Trường Đại học Thành Đô,7510205,Công nghệ kỹ thuật Ô tô,A01,2025,16.0,,THPT
TDD,Đại học Thành Đô,7510205,Công nghệ kỹ thuật ô tô,A01,2025,16.0,,THPT
TDD,Trường Đại học Thành Đô,7510205,Công nghệ kỹ thuật Ô tô,D01,2025,16.0,,THPT
TDD,Đại học Thành Đô,7510205,Công nghệ kỹ thuật ô tô,D01,2025,16.0,,THPT
TDD,Trường Đại học Thành Đô,7510205,Công nghệ kỹ thuật Ô tô,D07,2025,16.0,,THPT
TDD,Đại học Thành Đô,7510205,Công nghệ kỹ thuật ô tô,D07,2025,16.0,,THPT
TDD,Đại học Thành Đô,7510301,"Công nghệ kỹ thuật điện, điện tử",A00,2025,16.0,,THPT
TDD,Trường Đại học Thành Đô,7510301,"Công nghệ kỹ thuật Điện, Điện tử",A00,2025,16.0,,THPT
TDD,Trường Đại học Thành Đô,7510301,"Công nghệ kỹ thuật Điện, Điện tử",A01,2025,16.0,,THPT
TDD,Đại học Thành Đô,7510301,"Công nghệ kỹ thuật điện, điện tử",A01,2025,16.0,,THPT
TDD,Trường Đại học Thành Đô,7510301,"Công nghệ kỹ thuật Điện, Điện tử",D01,2025,16.0,,THPT
TDD,Đại học Thành Đô,7510301,"Công nghệ kỹ thuật điện, điện tử",D01,2025,16.0,,THPT
TDD,Trường Đại học Thành Đô,7510301,"Công nghệ kỹ thuật Điện, Điện tử",D07,2025,16.0,,THPT
TDD,Đại học Thành Đô,7510301,"Công nghệ kỹ thuật điện, điện tử",D07,2025,16.0,,THPT
TDD,Đại học Thành Đô,7720201,Dược học,A00,2025,19.0,,THPT
TDD,Trường Đại học Thành Đô,7720201,Dược học,A00,2025,19.0,,THPT
TDD,Trường Đại học Thành Đô,7720201,Dược học,B00,2025,19.0,,THPT
TDD,Đại học Thành Đô,7720201,Dược học,B00,2025,19.0,,THPT
TDD,Trường Đại học Thành Đô,7720201,Dược học,D07,2025,19.0,,THPT
TDD,Đại học Thành Đô,7720201,Dược học,D07,2025,19.0,,THPT
TDD,Đại học Thành Đô,7720301,Điều dưỡng,A00,2025,17.0,,THPT
TDD,Trường Đại học Thành Đô,7720301,Điều dưỡng,A00,2025,17.0,,THPT
TDD,Trường Đại học Thành Đô,7720301,Điều dưỡng,B00,2025,17.0,,THPT
TDD,Đại học Thành Đô,7720301,Điều dưỡng,B00,2025,17.0,,THPT
TDD,Trường Đại học Thành Đô,7720301,Điều dưỡng,D07,2025,17.0,,THPT
TDD,Đại học Thành Đô,7720301,Điều dưỡng,D07,2025,17.0,,THPT
TDD,Đại học Thành Đô,7810201,Quản trị khách sạn,A00,2025,16.0,,THPT
TDD,Trường Đại học Thành Đô,7810201,Quản trị khách sạn,A00,2025,16.0,,THPT
TDD,Trường Đại học Thành Đô,7810201,Quản trị khách sạn,A01,2025,16.0,,THPT
TDD,Đại học Thành Đô,7810201,Quản trị khách sạn,A01,2025,16.0,,THPT
TDD,Trường Đại học Thành Đô,7810201,Quản trị khách sạn,C00,2025,16.0,,THPT
TDD,Đại học Thành Đô,7810201,Quản trị khách sạn,C00,2025,16.0,,THPT
TDD,Trường Đại học Thành Đô,7810201,Quản trị khách sạn,D01,2025,16.0,,THPT
TDD,Đại học Thành Đô,7810201,Quản trị khách sạn,D01,2025,16.0,,THPT
TDD,Trường Đại học Thành Đô,7810201,Quản trị khách sạn,D09,2025,16.0,,THPT
TDD,Đại học Thành Đô,7810201,Quản trị khách sạn,D10,2025,16.0,,THPT
TDH,Đại Học Sư Phạm Thể Dục Thể Thao Hà Nội,7140208,Giáo dục Quốc phòng - An ninh,C00,2025,37.21,,THPT
TDH,Trường Đại Học Sư Phạm Thể Dục Thể Thao Hà Nội,7140208,Giáo dục Quốc phòng và An ninh,C00,2025,37.21,,THPT
TDL,Đại học Đà Lạt,7140202,Giáo dục Tiểu học,D01,2025,26.5,,THPT
TDL,Trường Đại Học Đà Lạt,7140202,Giáo dục Tiểu học,D01,2025,26.5,,THPT
TDL,Đại học Đà Lạt,7140209,Sư phạm Toán học,A00,2025,28.5,,THPT
TDL,Trường Đại Học Đà Lạt,7140209,Sư phạm Toán học,A00,2025,28.5,,THPT
TDL,Trường Đại Học Đà Lạt,7140209,Sư phạm Toán học,A01,2025,28.5,,THPT
TDL,Đại học Đà Lạt,7140209,Sư phạm Toán học,A01,2025,28.5,,THPT
TDL,Trường Đại Học Đà Lạt,7140209,Sư phạm Toán học,D07,2025,28.5,,THPT
TDL,Đại học Đà Lạt,7140209,Sư phạm Toán học,D07,2025,28.5,,THPT
TDL,Đại học Đà Lạt,7140210,Sư phạm Tin học (Chuyên ngành Tin học – Công nghệ Tiểu học),A00,2025,27.1,,THPT
TDL,Trường Đại Học Đà Lạt,7140210,Sư phạm Tin học,A00,2025,27.1,,THPT
TDL,Trường Đại Học Đà Lạt,7140210,Sư phạm Tin học,A01,2025,27.1,,THPT
TDL,Đại học Đà Lạt,7140210,Sư phạm Tin học (Chuyên ngành Tin học – Công nghệ Tiểu học),A01,2025,27.1,,THPT
TDL,Trường Đại Học Đà Lạt,7140210,Sư phạm Tin học,D07,2025,27.1,,THPT
TDL,Đại học Đà Lạt,7140210,Sư phạm Tin học (Chuyên ngành Tin học – Công nghệ Tiểu học),D07,2025,27.1,,THPT
TDL,Đại học Đà Lạt,7140211,Sư phạm Vật lý,A00,2025,28.25,,THPT
TDL,Trường Đại Học Đà Lạt,7140211,Sư phạm Vật lý,A00,2025,28.25,,THPT
TDL,Trường Đại Học Đà Lạt,7140211,Sư phạm Vật lý,A01,2025,28.25,,THPT
TDL,Đại học Đà Lạt,7140211,Sư phạm Vật lý,A01,2025,28.25,,THPT
TDL,Đại học Đà Lạt,7140212,Sư phạm Hóa học,A00,2025,28.0,,THPT
TDL,Trường Đại Học Đà Lạt,7140212,Sư phạm Hóa học,A00,2025,28.0,,THPT
TDL,Trường Đại Học Đà Lạt,7140212,Sư phạm Hóa học,B00,2025,28.0,,THPT
TDL,Đại học Đà Lạt,7140212,Sư phạm Hóa học,B00,2025,28.0,,THPT
TDL,Trường Đại Học Đà Lạt,7140212,Sư phạm Hóa học,D07,2025,28.0,,THPT
TDL,Đại học Đà Lạt,7140212,Sư phạm Hóa học,D07,2025,28.0,,THPT
TDL,Đại học Đà Lạt,7140213,Sư phạm Sinh học,A00,2025,27.25,,THPT
TDL,Trường Đại Học Đà Lạt,7140213,Sư phạm Sinh học,A00,2025,27.25,,THPT
TDL,Trường Đại Học Đà Lạt,7140213,Sư phạm Sinh học,B00,2025,27.25,,THPT
TDL,Đại học Đà Lạt,7140213,Sư phạm Sinh học,B00,2025,27.25,,THPT
TDL,Trường Đại Học Đà Lạt,7140213,Sư phạm Sinh học,D07,2025,27.25,,THPT
TDL,Đại học Đà Lạt,7140213,Sư phạm Sinh học,D07,2025,27.25,,THPT
TDL,Đại học Đà Lạt,7140217,Sư phạm Ngữ văn,C00,2025,27.75,,THPT
TDL,Trường Đại Học Đà Lạt,7140217,Sư phạm Ngữ văn,C00,2025,27.75,,THPT
TDL,Đại học Đà Lạt,7140218,Sư phạm Lịch sử,C00,2025,27.75,,THPT
TDL,Trường Đại Học Đà Lạt,7140218,Sư phạm Lịch sử,C00,2025,27.75,,THPT
TDL,Đại học Đà Lạt,7140231,Sư phạm Tiếng Anh,D01,2025,27.75,,THPT
TDL,Trường Đại Học Đà Lạt,7140231,Sư phạm Tiếng Anh,D01,2025,27.75,,THPT
TDL,Trường Đại Học Đà Lạt,7140231,Sư phạm Tiếng Anh,D09,2025,27.75,,THPT
TDL,Đại học Đà Lạt,7140231,Sư phạm Tiếng Anh,D09,2025,27.75,,THPT
TDL,Trường Đại Học Đà Lạt,7140231,Sư phạm Tiếng Anh,D10,2025,27.75,,THPT
TDL,Đại học Đà Lạt,7140231,Sư phạm Tiếng Anh,D10,2025,27.75,,THPT
TDL,Đại học Đà Lạt,7220201,Ngôn ngữ Anh,D01,2025,20.5,,THPT
TDL,Trường Đại Học Đà Lạt,7220201,Ngôn ngữ Anh,D01,2025,20.5,,THPT
TDL,Trường Đại Học Đà Lạt,7220201,Ngôn ngữ Anh,D09,2025,20.5,,THPT
TDL,Đại học Đà Lạt,7220201,Ngôn ngữ Anh,D09,2025,20.5,,THPT
TDL,Trường Đại Học Đà Lạt,7220201,Ngôn ngữ Anh,D10,2025,20.5,,THPT
TDL,Đại học Đà Lạt,7220201,Ngôn ngữ Anh,D10,2025,20.5,,THPT
TDL,Đại học Đà Lạt,7229010,Lịch sử,C00,2025,20.0,,THPT
TDL,Trường Đại Học Đà Lạt,7229010,Lịch sử,C00,2025,20.0,,THPT
TDL,Đại học Đà Lạt,7229030,Văn học,C00,2025,21.0,,THPT
TDL,Trường Đại Học Đà Lạt,7229030,"Văn học (Ngữ văn tổng hợp, Ngữ văn báo chí)",C00,2025,21.0,,THPT
TDL,Đại học Đà Lạt,7310301,Xã hội học,C00,2025,17.0,,THPT
TDL,Trường Đại Học Đà Lạt,7310301,Xã hội học,C00,2025,17.0,,THPT
TDL,Đại học Đà Lạt,7310301,Xã hội học,D01,2025,17.0,,THPT
TDL,Trường Đại Học Đà Lạt,7310301,Xã hội học,D01,2025,17.0,,THPT
TDL,Trường Đại Học Đà Lạt,7310301,Xã hội học,D09,2025,17.0,,THPT
TDL,Đại học Đà Lạt,7310301,Xã hội học,D09,2025,17.0,,THPT
TDL,Đại học Đà Lạt,7310601,Quốc tế học,D01,2025,16.0,,THPT
TDL,Trường Đại Học Đà Lạt,7310601,Quốc tế học,D01,2025,16.0,,THPT
TDL,Đại học Đà Lạt,7310608,Đông phương học,C00,2025,16.5,,THPT
TDL,Trường Đại Học Đà Lạt,7310608,"Đông phương học (Hàn Quốc học, Nhật Bản học)",C00,2025,16.5,,THPT
TDL,Đại học Đà Lạt,7310608,Đông phương học,D01,2025,16.5,,THPT
TDL,Trường Đại Học Đà Lạt,7310608,"Đông phương học (Hàn Quốc học, Nhật Bản học)",D01,2025,16.5,,THPT
TDL,Trường Đại Học Đà Lạt,7310608,"Đông phương học (Hàn Quốc học, Nhật Bản học)",D09,2025,16.5,,THPT
TDL,Đại học Đà Lạt,7310608,Đông phương học,D09,2025,16.5,,THPT
TDL,Đại học Đà Lạt,7310612,Trung Quốc học,C00,2025,21.0,,THPT
TDL,Trường Đại Học Đà Lạt,7310612,Trung Quốc học,C00,2025,21.0,,THPT
TDL,Đại học Đà Lạt,7310612,Trung Quốc học,D01,2025,21.0,,THPT
TDL,Trường Đại Học Đà Lạt,7310612,Trung Quốc học,D01,2025,21.0,,THPT
TDL,Trường Đại Học Đà Lạt,7310612,Trung Quốc học,D09,2025,21.0,,THPT
TDL,Đại học Đà Lạt,7310612,Trung Quốc học,D09,2025,21.0,,THPT
TDL,Đại học Đà Lạt,7310630,Việt Nam học,C00,2025,16.5,,THPT
TDL,Trường Đại Học Đà Lạt,7310630,Việt Nam học,C00,2025,16.5,,THPT
TDL,Đại học Đà Lạt,7310630,Việt Nam học,D01,2025,16.5,,THPT
TDL,Trường Đại Học Đà Lạt,7310630,Việt Nam học,D01,2025,16.5,,THPT
TDL,Trường Đại Học Đà Lạt,7310630,Việt Nam học,D09,2025,16.5,,THPT
TDL,Đại học Đà Lạt,7310630,Việt Nam học,D09,2025,16.5,,THPT
TDL,Đại học Đà Lạt,7340101,Quản trị Kinh doanh,A00,2025,21.0,,THPT
TDL,Trường Đại Học Đà Lạt,7340101,Quản trị kinh doanh,A00,2025,21.0,,THPT
TDL,Trường Đại Học Đà Lạt,7340101,Quản trị kinh doanh,A01,2025,21.0,,THPT
TDL,Đại học Đà Lạt,7340101,Quản trị Kinh doanh,A01,2025,21.0,,THPT
TDL,Trường Đại Học Đà Lạt,7340101,Quản trị kinh doanh,D01,2025,21.0,,THPT
TDL,Đại học Đà Lạt,7340101,Quản trị Kinh doanh,D01,2025,21.0,,THPT
TDL,Đại học Đà Lạt,7340201,Tài chính – Ngân hàng,A00,2025,20.0,,THPT
TDL,Trường Đại Học Đà Lạt,7340201,Tài chính – Ngân hàng,A00,2025,20.0,,THPT
TDL,Trường Đại Học Đà Lạt,7340201,Tài chính – Ngân hàng,A01,2025,20.0,,THPT
TDL,Đại học Đà Lạt,7340201,Tài chính – Ngân hàng,A01,2025,20.0,,THPT
TDL,Trường Đại Học Đà Lạt,7340201,Tài chính – Ngân hàng,D01,2025,20.0,,THPT
TDL,Đại học Đà Lạt,7340201,Tài chính – Ngân hàng,D01,2025,20.0,,THPT
TDL,Đại học Đà Lạt,7340301,Kế toán,A00,2025,20.0,,THPT
TDL,Trường Đại Học Đà Lạt,7340301,Kế toán,A00,2025,20.0,,THPT
TDL,Trường Đại Học Đà Lạt,7340301,Kế toán,A01,2025,20.0,,THPT
TDL,Đại học Đà Lạt,7340301,Kế toán,A01,2025,20.0,,THPT
TDL,Trường Đại Học Đà Lạt,7340301,Kế toán,D01,2025,20.0,,THPT
TDL,Đại học Đà Lạt,7340301,Kế toán,D01,2025,20.0,,THPT
TDL,Đại học Đà Lạt,7380101,Ngành Luật,C00,2025,23.0,,THPT
TDL,Trường Đại Học Đà Lạt,7380101,Luật,C00,2025,23.0,,THPT
TDL,Đại học Đà Lạt,7380101,Ngành Luật,D01,2025,23.0,,THPT
TDL,Trường Đại Học Đà Lạt,7380101,Luật,D01,2025,23.0,,THPT
TDL,Trường Đại Học Đà Lạt,7380101,Luật,D09,2025,23.0,,THPT
TDL,Đại học Đà Lạt,7380101,Ngành Luật,D09,2025,23.0,,THPT
TDL,Đại học Đà Lạt,7380104,Luật hình sự và tố tụng hình sự,C00,2025,21.0,,THPT
TDL,Trường Đại Học Đà Lạt,7380104,Luật hình sự và tố tụng hình sự,C00,2025,21.0,,THPT
TDL,Đại học Đà Lạt,7380104,Luật hình sự và tố tụng hình sự,D01,2025,21.0,,THPT
TDL,Trường Đại Học Đà Lạt,7380104,Luật hình sự và tố tụng hình sự,D01,2025,21.0,,THPT
TDL,Trường Đại Học Đà Lạt,7380104,Luật hình sự và tố tụng hình sự,D09,2025,21.0,,THPT
TDL,Đại học Đà Lạt,7380104,Luật hình sự và tố tụng hình sự,D09,2025,21.0,,THPT
TDL,Đại học Đà Lạt,7420101,Sinh hoc,A00,2025,17.0,,THPT
TDL,Trường Đại Học Đà Lạt,7420101,Sinh học,A00,2025,17.0,,THPT
TDL,Trường Đại Học Đà Lạt,7420101,Sinh học,B00,2025,17.0,,THPT
TDL,Đại học Đà Lạt,7420101,Sinh hoc,B00,2025,17.0,,THPT
TDL,Trường Đại Học Đà Lạt,7420101,Sinh học,D07,2025,17.0,,THPT
TDL,Đại học Đà Lạt,7420101,Sinh hoc,D07,2025,17.0,,THPT
TDL,Đại học Đà Lạt,7420201,Công nghệ sinh học,A00,2025,17.0,,THPT
TDL,Trường Đại Học Đà Lạt,7420201,Công nghệ sinh học,A00,2025,17.0,,THPT
TDL,Trường Đại Học Đà Lạt,7420201,Công nghệ sinh học,B00,2025,17.0,,THPT
TDL,Đại học Đà Lạt,7420201,Công nghệ sinh học,B00,2025,17.0,,THPT
TDL,Trường Đại Học Đà Lạt,7420201,Công nghệ sinh học,D07,2025,17.0,,THPT
TDL,Đại học Đà Lạt,7420201,Công nghệ sinh học,D07,2025,17.0,,THPT
TDL,Đại học Đà Lạt,7440102,Vật lý học,A00,2025,17.5,,THPT
TDL,Trường Đại Học Đà Lạt,7440102,Vật lý học,A00,2025,17.5,,THPT
TDL,Trường Đại Học Đà Lạt,7440102,Vật lý học,A01,2025,17.5,,THPT
TDL,Đại học Đà Lạt,7440102,Vật lý học,A01,2025,17.5,,THPT
TDL,Đại học Đà Lạt,7440112,Hóa học,A00,2025,17.5,,THPT
TDL,Trường Đại Học Đà Lạt,7440112,Hóa học,A00,2025,17.5,,THPT
TDL,Trường Đại Học Đà Lạt,7440112,Hóa học,B00,2025,17.5,,THPT
TDL,Đại học Đà Lạt,7440112,Hóa học,B00,2025,17.5,,THPT
TDL,Trường Đại Học Đà Lạt,7440112,Hóa học,D07,2025,17.5,,THPT
TDL,Đại học Đà Lạt,7440112,Hóa học,D07,2025,17.5,,THPT
TDL,Đại học Đà Lạt,7460101,Toán học,A00,2025,22.0,,THPT
TDL,Trường Đại Học Đà Lạt,7460101,Toán học (Toán – Tin học),A00,2025,22.0,,THPT
TDL,Trường Đại Học Đà Lạt,7460101,Toán học (Toán – Tin học),A01,2025,22.0,,THPT
TDL,Đại học Đà Lạt,7460101,Toán học,A01,2025,22.0,,THPT
TDL,Trường Đại Học Đà Lạt,7460101,Toán học (Toán – Tin học),D07,2025,22.0,,THPT
TDL,Đại học Đà Lạt,7460101,Toán học,D07,2025,22.0,,THPT
TDL,Đại học Đà Lạt,7460108,Khoa học dữ liệu (Data Science),A00,2025,17.0,,THPT
TDL,Trường Đại Học Đà Lạt,7460108,Khoa học dữ liệu,A00,2025,17.0,,THPT
TDL,Trường Đại Học Đà Lạt,7460108,Khoa học dữ liệu,A01,2025,17.0,,THPT
TDL,Đại học Đà Lạt,7460108,Khoa học dữ liệu (Data Science),A01,2025,17.0,,THPT
TDL,Trường Đại Học Đà Lạt,7460108,Khoa học dữ liệu,D07,2025,17.0,,THPT
TDL,Đại học Đà Lạt,7460108,Khoa học dữ liệu (Data Science),D07,2025,17.0,,THPT
TDL,Đại học Đà Lạt,7480201,Công nghệ thông tin,A00,2025,17.0,,THPT
TDL,Trường Đại Học Đà Lạt,7480201,Công nghệ thông tin,A00,2025,17.0,,THPT
TDL,Trường Đại Học Đà Lạt,7480201,Công nghệ thông tin,A01,2025,17.0,,THPT
TDL,Đại học Đà Lạt,7480201,Công nghệ thông tin,A01,2025,17.0,,THPT
TDL,Trường Đại Học Đà Lạt,7480201,Công nghệ thông tin,D07,2025,17.0,,THPT
TDL,Đại học Đà Lạt,7480201,Công nghệ thông tin,D07,2025,17.0,,THPT
TDL,Đại học Đà Lạt,7510302,Điện tử - viễn thông,A00,2025,17.5,,THPT
TDL,Trường Đại Học Đà Lạt,7510302,Công nghệ kỹ thuật Điện tử - Viễn thông,A00,2025,17.5,,THPT
TDL,Trường Đại Học Đà Lạt,7510302,Công nghệ kỹ thuật Điện tử - Viễn thông,A01,2025,17.5,,THPT
TDL,Đại học Đà Lạt,7510302,Điện tử - viễn thông,A01,2025,17.5,,THPT
TDL,Đại học Đà Lạt,7510303,Công nghệ kỹ thuật điều khiển và tự động hóa,A00,2025,18.0,,THPT
TDL,Trường Đại Học Đà Lạt,7510303,Công nghệ kỹ thuật điều khiển và tự động hóa,A00,2025,18.0,,THPT
TDL,Trường Đại Học Đà Lạt,7510303,Công nghệ kỹ thuật điều khiển và tự động hóa,A01,2025,18.0,,THPT
TDL,Đại học Đà Lạt,7510303,Công nghệ kỹ thuật điều khiển và tự động hóa,A01,2025,18.0,,THPT
TDL,Đại học Đà Lạt,7510406,Công nghệ kỹ thuật Môi trường,A00,2025,17.0,,THPT
TDL,Trường Đại Học Đà Lạt,7510406,Công nghệ kỹ thuật môi trường,A00,2025,17.0,,THPT
TDL,Trường Đại Học Đà Lạt,7510406,Công nghệ kỹ thuật môi trường,B00,2025,17.0,,THPT
TDL,Đại học Đà Lạt,7510406,Công nghệ kỹ thuật Môi trường,B00,2025,17.0,,THPT
TDL,Trường Đại Học Đà Lạt,7510406,Công nghệ kỹ thuật môi trường,D07,2025,17.0,,THPT
TDL,Đại học Đà Lạt,7510406,Công nghệ kỹ thuật Môi trường,D07,2025,17.0,,THPT
TDL,Đại học Đà Lạt,7520402,Kỹ thuật hạt nhân,A00,2025,21.0,,THPT
TDL,Trường Đại Học Đà Lạt,7520402,Kỹ thuật hạt nhân,A00,2025,21.0,,THPT
TDL,Trường Đại Học Đà Lạt,7520402,Kỹ thuật hạt nhân,A01,2025,21.0,,THPT
TDL,Đại học Đà Lạt,7520402,Kỹ thuật hạt nhân,A01,2025,21.0,,THPT
TDL,Đại học Đà Lạt,7540101,Công nghệ thực phẩm,A00,2025,19.0,,THPT
TDL,Trường Đại Học Đà Lạt,7540101,Công nghệ thực phẩm,A00,2025,19.0,,THPT
TDL,Trường Đại Học Đà Lạt,7540101,Công nghệ thực phẩm,B00,2025,19.0,,THPT
TDL,Đại học Đà Lạt,7540101,Công nghệ thực phẩm,B00,2025,19.0,,THPT
TDL,Trường Đại Học Đà Lạt,7540101,Công nghệ thực phẩm,D07,2025,19.0,,THPT
TDL,Đại học Đà Lạt,7540101,Công nghệ thực phẩm,D07,2025,19.0,,THPT
TDL,Đại học Đà Lạt,7540104,Công nghệ sau thu hoạch,A00,2025,17.0,,THPT
TDL,Trường Đại Học Đà Lạt,7540104,Công nghệ sau thu hoạch,A00,2025,17.0,,THPT
TDL,Trường Đại Học Đà Lạt,7540104,Công nghệ sau thu hoạch,B00,2025,17.0,,THPT
TDL,Đại học Đà Lạt,7540104,Công nghệ sau thu hoạch,B00,2025,17.0,,THPT
TDL,Trường Đại Học Đà Lạt,7540104,Công nghệ sau thu hoạch,D07,2025,17.0,,THPT
TDL,Đại học Đà Lạt,7540104,Công nghệ sau thu hoạch,D07,2025,17.0,,THPT
TDL,Đại học Đà Lạt,7620109,Nông học,A00,2025,17.0,,THPT
TDL,Trường Đại Học Đà Lạt,7620109,Nông học,A00,2025,17.0,,THPT
TDL,Trường Đại Học Đà Lạt,7620109,Nông học,B00,2025,17.0,,THPT
TDL,Đại học Đà Lạt,7620109,Nông học,B00,2025,17.0,,THPT
TDL,Trường Đại Học Đà Lạt,7620109,Nông học,D07,2025,17.0,,THPT
TDL,Đại học Đà Lạt,7620109,Nông học,D07,2025,17.0,,THPT
TDL,Đại học Đà Lạt,7720203,Hoá dược,A00,2025,17.5,,THPT
TDL,Trường Đại Học Đà Lạt,7720203,Hóa dược,A00,2025,17.5,,THPT
TDL,Trường Đại Học Đà Lạt,7720203,Hóa dược,B00,2025,17.5,,THPT
TDL,Đại học Đà Lạt,7720203,Hoá dược,B00,2025,17.5,,THPT
TDL,Trường Đại Học Đà Lạt,7720203,Hóa dược,D07,2025,17.5,,THPT
TDL,Đại học Đà Lạt,7720203,Hoá dược,D07,2025,17.5,,THPT
TDL,Đại học Đà Lạt,7760101,Công tác xã hội,C00,2025,18.5,,THPT
TDL,Trường Đại Học Đà Lạt,7760101,Công tác xã hội,C00,2025,18.5,,THPT
TDL,Đại học Đà Lạt,7760101,Công tác xã hội,D01,2025,18.5,,THPT
TDL,Trường Đại Học Đà Lạt,7760101,Công tác xã hội,D01,2025,18.5,,THPT
TDL,Trường Đại Học Đà Lạt,7760101,Công tác xã hội,D09,2025,18.5,,THPT
TDL,Đại học Đà Lạt,7760101,Công tác xã hội,D09,2025,18.5,,THPT
TDL,Đại học Đà Lạt,7810103,Quản trị dịch vụ du lịch và lữ hành,C00,2025,22.0,,THPT
TDL,Trường Đại Học Đà Lạt,7810103,Quản trị dịch vụ du lịch và lữ hành,C00,2025,22.0,,THPT
TDL,Đại học Đà Lạt,7810103,Quản trị dịch vụ du lịch và lữ hành,D01,2025,22.0,,THPT
TDL,Trường Đại Học Đà Lạt,7810103,Quản trị dịch vụ du lịch và lữ hành,D01,2025,22.0,,THPT
TDL,Trường Đại Học Đà Lạt,7810103,Quản trị dịch vụ du lịch và lữ hành,D09,2025,22.0,,THPT
TDL,Đại học Đà Lạt,7810103,Quản trị dịch vụ du lịch và lữ hành,D09,2025,22.0,,THPT
TDL,Đại học Đà Lạt,7810106,Văn hóa Du lịch,C00,2025,20.0,,THPT
TDL,Trường Đại Học Đà Lạt,7810106,Du lịch văn hóa,C00,2025,20.0,,THPT
TDL,Đại học Đà Lạt,7810106,Văn hóa Du lịch,D01,2025,20.0,,THPT
TDL,Trường Đại Học Đà Lạt,7810106,Du lịch văn hóa,D01,2025,20.0,,THPT
TDL,Trường Đại Học Đà Lạt,7810106,Du lịch văn hóa,D09,2025,20.0,,THPT
TDL,Đại học Đà Lạt,7810106,Văn hóa Du lịch,D09,2025,20.0,,THPT
TDM,Đại học Thủ Dầu Một,7140101,Giáo dục học,C00,2025,22.25,,THPT
TDM,Trường Đại học Thủ Dầu Một,7140101,Giáo dục học,C00,2025,23.0,,THPT
TDM,Trường Đại học Thủ Dầu Một,7140101,Giáo dục học,C00,2025,23.0,,THPT
TDM,Trường Đại học Thủ Dầu Một,7140101,Giáo dục học,D01,2025,23.0,,THPT
TDM,Trường Đại học Thủ Dầu Một,7140101,Giáo dục học,D01,2025,23.0,,THPT
TDM,Đại học Thủ Dầu Một,7140101,Giáo dục học,D01,2025,22.25,,THPT
TDM,Đại học Thủ Dầu Một,7140202,Giáo dục Tiểu học,A00,2025,24.35,,THPT
TDM,Trường Đại học Thủ Dầu Một,7140202,Giáo dục Tiểu học,A00,2025,24.35,,THPT
TDM,Trường Đại học Thủ Dầu Một,7140202,Giáo dục Tiểu học,A01,2025,24.35,,THPT
TDM,Đại học Thủ Dầu Một,7140202,Giáo dục Tiểu học,A01,2025,24.35,,THPT
TDM,Trường Đại học Thủ Dầu Một,7140202,Giáo dục Tiểu học,D01,2025,24.35,,THPT
TDM,Đại học Thủ Dầu Một,7140202,Giáo dục Tiểu học,D01,2025,24.35,,THPT
TDM,Trường Đại học Thủ Dầu Một,7140202,Giáo dục Tiểu học,D09,2025,24.35,,THPT
TDM,Đại học Thủ Dầu Một,7140202,Giáo dục Tiểu học,D09,2025,24.35,,THPT
TDM,Trường Đại học Thủ Dầu Một,7140202,Giáo dục Tiểu học,D10,2025,24.35,,THPT
TDM,Đại học Thủ Dầu Một,7140202,Giáo dục Tiểu học,D10,2025,24.35,,THPT
TDM,Đại học Thủ Dầu Một,7140217,Sư phạm Ngữ văn,C00,2025,26.86,,THPT
TDM,Trường Đại học Thủ Dầu Một,7140217,Sư phạm Ngữ văn,C00,2025,26.86,,THPT
TDM,Trường Đại học Thủ Dầu Một,7140217,Sư phạm Ngữ văn,D01,2025,26.86,,THPT
TDM,Đại học Thủ Dầu Một,7140217,Sư phạm Ngữ văn,D01,2025,26.86,,THPT
TDM,Đại học Thủ Dầu Một,7210403,Thiết kế đồ họa,A00,2025,23.25,,THPT
TDM,Trường Đại học Thủ Dầu Một,7210403,Thiết kế đồ họa,A00,2025,23.25,,THPT
TDM,Trường Đại học Thủ Dầu Một,7210403,Thiết kế đồ họa,A00,2025,23.25,,THPT
TDM,Trường Đại học Thủ Dầu Một,7210403,Thiết kế đồ họa,A01,2025,23.25,,THPT
TDM,Trường Đại học Thủ Dầu Một,7210403,Thiết kế đồ họa,A01,2025,23.25,,THPT
TDM,Đại học Thủ Dầu Một,7210403,Thiết kế đồ họa,A01,2025,23.25,,THPT
TDM,Trường Đại học Thủ Dầu Một,7210403,Thiết kế đồ họa,D01,2025,23.25,,THPT
TDM,Trường Đại học Thủ Dầu Một,7210403,Thiết kế đồ họa,D01,2025,23.25,,THPT
TDM,Đại học Thủ Dầu Một,7210403,Thiết kế đồ họa,D01,2025,23.25,,THPT
TDM,Đại học Thủ Dầu Một,7220201,Ngôn ngữ Anh,D01,2025,22.25,,THPT
TDM,Trường Đại học Thủ Dầu Một,7220201,Ngôn ngữ Anh,D01,2025,22.25,,THPT
TDM,Trường Đại học Thủ Dầu Một,7220201,Ngôn ngữ Anh,D01,2025,22.25,,THPT
TDM,Đại học Thủ Dầu Một,7220204,Ngôn ngữ Trung Quốc,D01,2025,24.0,,THPT
TDM,Trường Đại học Thủ Dầu Một,7220204,Ngôn ngữ Trung Quốc,D01,2025,24.0,,THPT
TDM,Trường Đại học Thủ Dầu Một,7220204,Ngôn ngữ Trung Quốc,D01,2025,24.0,,THPT
TDM,Đại học Thủ Dầu Một,7220210,Ngôn ngữ Hàn Quốc,D01,2025,22.0,,THPT
TDM,Trường Đại học Thủ Dầu Một,7220210,Ngôn ngữ Hàn Quốc,D01,2025,22.0,,THPT
TDM,Trường Đại học Thủ Dầu Một,7220210,Ngôn ngữ Hàn Quốc,D01,2025,22.0,,THPT
TDM,Đại học Thủ Dầu Một,7310205,Quản lý nhà nước,C00,2025,23.25,,THPT
TDM,Trường Đại học Thủ Dầu Một,7310205,Quản lý nhà nước,C00,2025,23.25,,THPT
TDM,Trường Đại học Thủ Dầu Một,7310205,Quản lý nhà nước,C00,2025,23.25,,THPT
TDM,Trường Đại học Thủ Dầu Một,7310205,Quản lý nhà nước,D01,2025,23.25,,THPT
TDM,Trường Đại học Thủ Dầu Một,7310205,Quản lý nhà nước,D01,2025,23.25,,THPT
TDM,Đại học Thủ Dầu Một,7310205,Quản lý nhà nước,D01,2025,23.25,,THPT
TDM,Đại học Thủ Dầu Một,7310206,Quan hệ quốc tế,C00,2025,18.0,,THPT
TDM,Trường Đại học Thủ Dầu Một,7310206,Quan hệ quốc tế,C00,2025,18.0,,THPT
TDM,Trường Đại học Thủ Dầu Một,7310206,Quan hệ quốc tế,C00,2025,18.0,,THPT
TDM,Trường Đại học Thủ Dầu Một,7310206,Quan hệ quốc tế,D01,2025,18.0,,THPT
TDM,Trường Đại học Thủ Dầu Một,7310206,Quan hệ quốc tế,D01,2025,18.0,,THPT
TDM,Đại học Thủ Dầu Một,7310206,Quan hệ quốc tế,D01,2025,18.0,,THPT
TDM,Đại học Thủ Dầu Một,7310401,Tâm lý học,C00,2025,22.75,,THPT
TDM,Trường Đại học Thủ Dầu Một,7310401,Tâm lý học,C00,2025,22.75,,THPT
TDM,Trường Đại học Thủ Dầu Một,7310401,Tâm lý học,C00,2025,22.75,,THPT
TDM,Trường Đại học Thủ Dầu Một,7310401,Tâm lý học,D01,2025,22.75,,THPT
TDM,Trường Đại học Thủ Dầu Một,7310401,Tâm lý học,D01,2025,22.75,,THPT
TDM,Đại học Thủ Dầu Một,7310401,Tâm lý học,D01,2025,22.75,,THPT
TDM,Đại học Thủ Dầu Một,7320104,Truyền thông đa phương tiện,C00,2025,25.75,,THPT
TDM,Trường Đại học Thủ Dầu Một,7320104,Truyền thông đa phương tiện,C00,2025,25.75,,THPT
TDM,Trường Đại học Thủ Dầu Một,7320104,Truyền thông đa phương tiện,C00,2025,25.75,,THPT
TDM,Trường Đại học Thủ Dầu Một,7320104,Truyền thông đa phương tiện,D01,2025,25.75,,THPT
TDM,Trường Đại học Thủ Dầu Một,7320104,Truyền thông đa phương tiện,D01,2025,25.75,,THPT
TDM,Đại học Thủ Dầu Một,7320104,Truyền thông đa phương tiện,D01,2025,25.75,,THPT
TDM,Đại học Thủ Dầu Một,7340101,Quản trị Kinh doanh,A00,2025,22.25,,THPT
TDM,Trường Đại học Thủ Dầu Một,7340101,Quản trị kinh doanh,A00,2025,22.25,,THPT
TDM,Trường Đại học Thủ Dầu Một,7340101,Quản trị kinh doanh,A00,2025,22.25,,THPT
TDM,Trường Đại học Thủ Dầu Một,7340101,Quản trị kinh doanh,A01,2025,22.25,,THPT
TDM,Trường Đại học Thủ Dầu Một,7340101,Quản trị kinh doanh,A01,2025,22.25,,THPT
TDM,Đại học Thủ Dầu Một,7340101,Quản trị Kinh doanh,A01,2025,22.25,,THPT
TDM,Trường Đại học Thủ Dầu Một,7340101,Quản trị kinh doanh,D01,2025,22.25,,THPT
TDM,Trường Đại học Thủ Dầu Một,7340101,Quản trị kinh doanh,D01,2025,22.25,,THPT
TDM,Đại học Thủ Dầu Một,7340101,Quản trị Kinh doanh,D01,2025,22.25,,THPT
TDM,Trường Đại học Thủ Dầu Một,7340101,Quản trị kinh doanh,D07,2025,22.25,,THPT
TDM,Trường Đại học Thủ Dầu Một,7340101,Quản trị kinh doanh,D07,2025,22.25,,THPT
TDM,Đại học Thủ Dầu Một,7340101,Quản trị Kinh doanh,D07,2025,22.25,,THPT
TDM,Đại học Thủ Dầu Một,7340115,Marketing,A00,2025,24.5,,THPT
TDM,Trường Đại học Thủ Dầu Một,7340115,Marketing,A00,2025,24.5,,THPT
TDM,Trường Đại học Thủ Dầu Một,7340115,Marketing,A00,2025,24.5,,THPT
TDM,Trường Đại học Thủ Dầu Một,7340115,Marketing,A01,2025,24.5,,THPT
TDM,Trường Đại học Thủ Dầu Một,7340115,Marketing,A01,2025,24.5,,THPT
TDM,Đại học Thủ Dầu Một,7340115,Marketing,A01,2025,24.5,,THPT
TDM,Trường Đại học Thủ Dầu Một,7340115,Marketing,D01,2025,24.5,,THPT
TDM,Trường Đại học Thủ Dầu Một,7340115,Marketing,D01,2025,24.5,,THPT
TDM,Đại học Thủ Dầu Một,7340115,Marketing,D01,2025,24.5,,THPT
TDM,Trường Đại học Thủ Dầu Một,7340115,Marketing,D07,2025,24.5,,THPT
TDM,Trường Đại học Thủ Dầu Một,7340115,Marketing,D07,2025,24.5,,THPT
TDM,Đại học Thủ Dầu Một,7340115,Marketing,D07,2025,24.5,,THPT
TDM,Đại học Thủ Dầu Một,7340122,Thương mại điện tử,A00,2025,22.25,,THPT
TDM,Trường Đại học Thủ Dầu Một,7340122,Thương mại điện tử,A00,2025,22.25,,THPT
TDM,Trường Đại học Thủ Dầu Một,7340122,Thương mại điện tử,A00,2025,22.25,,THPT
TDM,Trường Đại học Thủ Dầu Một,7340122,Thương mại điện tử,A01,2025,22.25,,THPT
TDM,Trường Đại học Thủ Dầu Một,7340122,Thương mại điện tử,A01,2025,22.25,,THPT
TDM,Đại học Thủ Dầu Một,7340122,Thương mại điện tử,A01,2025,22.25,,THPT
TDM,Trường Đại học Thủ Dầu Một,7340122,Thương mại điện tử,D01,2025,22.25,,THPT
TDM,Trường Đại học Thủ Dầu Một,7340122,Thương mại điện tử,D01,2025,22.25,,THPT
TDM,Đại học Thủ Dầu Một,7340122,Thương mại điện tử,D01,2025,22.25,,THPT
TDM,Trường Đại học Thủ Dầu Một,7340122,Thương mại điện tử,D07,2025,22.25,,THPT
TDM,Trường Đại học Thủ Dầu Một,7340122,Thương mại điện tử,D07,2025,22.25,,THPT
TDM,Đại học Thủ Dầu Một,7340122,Thương mại điện tử,D07,2025,22.25,,THPT
TDM,Đại học Thủ Dầu Một,7340201,Tài chính – Ngân hàng,A00,2025,22.75,,THPT
TDM,Trường Đại học Thủ Dầu Một,7340201,Tài chính - Ngân hàng,A00,2025,22.75,,THPT
TDM,Trường Đại học Thủ Dầu Một,7340201,Tài chính - Ngân hàng,A00,2025,22.75,,THPT
TDM,Trường Đại học Thủ Dầu Một,7340201,Tài chính - Ngân hàng,A01,2025,22.75,,THPT
TDM,Trường Đại học Thủ Dầu Một,7340201,Tài chính - Ngân hàng,A01,2025,22.75,,THPT
TDM,Đại học Thủ Dầu Một,7340201,Tài chính – Ngân hàng,A01,2025,22.75,,THPT
TDM,Trường Đại học Thủ Dầu Một,7340201,Tài chính - Ngân hàng,D01,2025,22.75,,THPT
TDM,Trường Đại học Thủ Dầu Một,7340201,Tài chính - Ngân hàng,D01,2025,22.75,,THPT
TDM,Đại học Thủ Dầu Một,7340201,Tài chính – Ngân hàng,D01,2025,22.75,,THPT
TDM,Trường Đại học Thủ Dầu Một,7340201,Tài chính - Ngân hàng,D07,2025,22.75,,THPT
TDM,Trường Đại học Thủ Dầu Một,7340201,Tài chính - Ngân hàng,D07,2025,22.75,,THPT
TDM,Đại học Thủ Dầu Một,7340201,Tài chính – Ngân hàng,D07,2025,22.75,,THPT
TDM,Đại học Thủ Dầu Một,7340301,Kế toán,A00,2025,23.0,,THPT
TDM,Trường Đại học Thủ Dầu Một,7340301,Kế toán,A00,2025,23.0,,THPT
TDM,Trường Đại học Thủ Dầu Một,7340301,Kế toán,A00,2025,23.0,,THPT
TDM,Trường Đại học Thủ Dầu Một,7340301,Kế toán,A01,2025,23.0,,THPT
TDM,Trường Đại học Thủ Dầu Một,7340301,Kế toán,A01,2025,23.0,,THPT
TDM,Đại học Thủ Dầu Một,7340301,Kế toán,A01,2025,23.0,,THPT
TDM,Trường Đại học Thủ Dầu Một,7340301,Kế toán,D01,2025,23.0,,THPT
TDM,Trường Đại học Thủ Dầu Một,7340301,Kế toán,D01,2025,23.0,,THPT
TDM,Đại học Thủ Dầu Một,7340301,Kế toán,D01,2025,23.0,,THPT
TDM,Trường Đại học Thủ Dầu Một,7340301,Kế toán,D07,2025,23.0,,THPT
TDM,Trường Đại học Thủ Dầu Một,7340301,Kế toán,D07,2025,23.0,,THPT
TDM,Đại học Thủ Dầu Một,7340301,Kế toán,D07,2025,23.0,,THPT
TDM,Đại học Thủ Dầu Một,7340302,Kiểm toán,A00,2025,22.0,,THPT
TDM,Trường Đại học Thủ Dầu Một,7340302,Kiểm toán,A00,2025,22.0,,THPT
TDM,Trường Đại học Thủ Dầu Một,7340302,Kiểm toán,A00,2025,22.0,,THPT
TDM,Trường Đại học Thủ Dầu Một,7340302,Kiểm toán,A01,2025,22.0,,THPT
TDM,Trường Đại học Thủ Dầu Một,7340302,Kiểm toán,A01,2025,22.0,,THPT
TDM,Đại học Thủ Dầu Một,7340302,Kiểm toán,A01,2025,22.0,,THPT
TDM,Trường Đại học Thủ Dầu Một,7340302,Kiểm toán,D01,2025,22.0,,THPT
TDM,Trường Đại học Thủ Dầu Một,7340302,Kiểm toán,D01,2025,22.0,,THPT
TDM,Đại học Thủ Dầu Một,7340302,Kiểm toán,D01,2025,22.0,,THPT
TDM,Trường Đại học Thủ Dầu Một,7340302,Kiểm toán,D07,2025,22.0,,THPT
TDM,Trường Đại học Thủ Dầu Một,7340302,Kiểm toán,D07,2025,22.0,,THPT
TDM,Đại học Thủ Dầu Một,7340302,Kiểm toán,D07,2025,22.0,,THPT
TDM,Đại học Thủ Dầu Một,7380101,Ngành Luật,C00,2025,22.75,,THPT
TDM,Trường Đại học Thủ Dầu Một,7380101,Luật,C00,2025,22.75,,THPT
TDM,Trường Đại học Thủ Dầu Một,7380101,Luật,C00,2025,22.75,,THPT
TDM,Trường Đại học Thủ Dầu Một,7380101,Luật,D01,2025,22.75,,THPT
TDM,Trường Đại học Thủ Dầu Một,7380101,Luật,D01,2025,22.75,,THPT
TDM,Đại học Thủ Dầu Một,7380101,Ngành Luật,D01,2025,22.75,,THPT
TDM,Trường Đại học Thủ Dầu Một,7420201,Công nghệ sinh học,B00,2025,15.0,,THPT
TDM,Trường Đại học Thủ Dầu Một,7420201,Công nghệ sinh học,B00,2025,15.0,,THPT
TDM,Đại học Thủ Dầu Một,7420201,Công nghệ sinh học,B00,2025,15.0,,THPT
TDM,Đại học Thủ Dầu Một,7440112,Hóa học,A00,2025,17.25,,THPT
TDM,Trường Đại học Thủ Dầu Một,7440112,Hoá học,A00,2025,17.25,,THPT
TDM,Trường Đại học Thủ Dầu Một,7440112,Hoá học,A00,2025,17.25,,THPT
TDM,Trường Đại học Thủ Dầu Một,7440112,Hoá học,B00,2025,17.25,,THPT
TDM,Trường Đại học Thủ Dầu Một,7440112,Hoá học,B00,2025,17.25,,THPT
TDM,Đại học Thủ Dầu Một,7440112,Hóa học,B00,2025,17.25,,THPT
TDM,Trường Đại học Thủ Dầu Một,7440112,Hoá học,D07,2025,17.25,,THPT
TDM,Trường Đại học Thủ Dầu Một,7440112,Hoá học,D07,2025,17.25,,THPT
TDM,Đại học Thủ Dầu Một,7440112,Hóa học,D07,2025,17.25,,THPT
TDM,Đại học Thủ Dầu Một,7460101,Toán học,A00,2025,24.5,,THPT
TDM,Trường Đại học Thủ Dầu Một,7460101,Toán học,A00,2025,24.5,,THPT
TDM,Trường Đại học Thủ Dầu Một,7460101,Toán học,A00,2025,24.5,,THPT
TDM,Trường Đại học Thủ Dầu Một,7460101,Toán học,A01,2025,24.5,,THPT
TDM,Trường Đại học Thủ Dầu Một,7460101,Toán học,A01,2025,24.5,,THPT
TDM,Đại học Thủ Dầu Một,7460101,Toán học,A01,2025,24.5,,THPT
TDM,Trường Đại học Thủ Dầu Một,7460101,Toán học,D01,2025,24.5,,THPT
TDM,Trường Đại học Thủ Dầu Một,7460101,Toán học,D01,2025,24.5,,THPT
TDM,Đại học Thủ Dầu Một,7460101,Toán học,D01,2025,24.5,,THPT
TDM,Trường Đại học Thủ Dầu Một,7460101,Toán học,D07,2025,24.5,,THPT
TDM,Trường Đại học Thủ Dầu Một,7460101,Toán học,D07,2025,24.5,,THPT
TDM,Đại học Thủ Dầu Một,7460101,Toán học,D07,2025,24.5,,THPT
TDM,Đại học Thủ Dầu Một,7480103,Kỹ thuật phần mềm,A00,2025,19.5,,THPT
TDM,Trường Đại học Thủ Dầu Một,7480103,Kỹ thuật phần mềm,A00,2025,19.5,,THPT
TDM,Trường Đại học Thủ Dầu Một,7480103,Kỹ thuật phần mềm,A00,2025,19.5,,THPT
TDM,Trường Đại học Thủ Dầu Một,7480103,Kỹ thuật phần mềm,A01,2025,19.5,,THPT
TDM,Trường Đại học Thủ Dầu Một,7480103,Kỹ thuật phần mềm,A01,2025,19.5,,THPT
TDM,Đại học Thủ Dầu Một,7480103,Kỹ thuật phần mềm,A01,2025,19.5,,THPT
TDM,Trường Đại học Thủ Dầu Một,7480103,Kỹ thuật phần mềm,D01,2025,19.5,,THPT
TDM,Trường Đại học Thủ Dầu Một,7480103,Kỹ thuật phần mềm,D01,2025,19.5,,THPT
TDM,Đại học Thủ Dầu Một,7480103,Kỹ thuật phần mềm,D01,2025,19.5,,THPT
TDM,Đại học Thủ Dầu Một,7480201,Công nghệ thông tin,A00,2025,15.75,,THPT
TDM,Trường Đại học Thủ Dầu Một,7480201,Công nghệ thông tin,A00,2025,15.75,,THPT
TDM,Trường Đại học Thủ Dầu Một,7480201,Công nghệ thông tin,A00,2025,15.75,,THPT
TDM,Trường Đại học Thủ Dầu Một,7480201,Công nghệ thông tin,A01,2025,15.75,,THPT
TDM,Trường Đại học Thủ Dầu Một,7480201,Công nghệ thông tin,A01,2025,15.75,,THPT
TDM,Đại học Thủ Dầu Một,7480201,Công nghệ thông tin,A01,2025,15.75,,THPT
TDM,Trường Đại học Thủ Dầu Một,7480201,Công nghệ thông tin,D01,2025,15.75,,THPT
TDM,Trường Đại học Thủ Dầu Một,7480201,Công nghệ thông tin,D01,2025,15.75,,THPT
TDM,Đại học Thủ Dầu Một,7480201,Công nghệ thông tin,D01,2025,15.75,,THPT
TDM,Đại học Thủ Dầu Một,7510205,Công nghệ kỹ thuật ô tô,A00,2025,21.25,,THPT
TDM,Trường Đại học Thủ Dầu Một,7510205,Công nghệ kỹ thuật ô tô,A00,2025,21.25,,THPT
TDM,Trường Đại học Thủ Dầu Một,7510205,Công nghệ kỹ thuật ô tô,A00,2025,21.25,,THPT
TDM,Trường Đại học Thủ Dầu Một,7510205,Công nghệ kỹ thuật ô tô,A01,2025,21.25,,THPT
TDM,Trường Đại học Thủ Dầu Một,7510205,Công nghệ kỹ thuật ô tô,A01,2025,21.25,,THPT
TDM,Đại học Thủ Dầu Một,7510205,Công nghệ kỹ thuật ô tô,A01,2025,21.25,,THPT
TDM,Trường Đại học Thủ Dầu Một,7510205,Công nghệ kỹ thuật ô tô,D01,2025,21.25,,THPT
TDM,Trường Đại học Thủ Dầu Một,7510205,Công nghệ kỹ thuật ô tô,D01,2025,21.25,,THPT
TDM,Đại học Thủ Dầu Một,7510205,Công nghệ kỹ thuật ô tô,D01,2025,21.25,,THPT
TDM,Đại học Thủ Dầu Một,7510601,Quản lý công nghiệp,A00,2025,22.25,,THPT
TDM,Trường Đại học Thủ Dầu Một,7510601,Quản lý công nghiệp,A00,2025,22.25,,THPT
TDM,Trường Đại học Thủ Dầu Một,7510601,Quản lý công nghiệp,A00,2025,22.25,,THPT
TDM,Trường Đại học Thủ Dầu Một,7510601,Quản lý công nghiệp,A01,2025,22.25,,THPT
TDM,Trường Đại học Thủ Dầu Một,7510601,Quản lý công nghiệp,A01,2025,22.25,,THPT
TDM,Đại học Thủ Dầu Một,7510601,Quản lý công nghiệp,A01,2025,22.25,,THPT
TDM,Trường Đại học Thủ Dầu Một,7510601,Quản lý công nghiệp,D01,2025,22.25,,THPT
TDM,Trường Đại học Thủ Dầu Một,7510601,Quản lý công nghiệp,D01,2025,22.25,,THPT
TDM,Đại học Thủ Dầu Một,7510601,Quản lý công nghiệp,D01,2025,22.25,,THPT
TDM,Trường Đại học Thủ Dầu Một,7510601,Quản lý công nghiệp,D07,2025,22.25,,THPT
TDM,Trường Đại học Thủ Dầu Một,7510601,Quản lý công nghiệp,D07,2025,22.25,,THPT
TDM,Đại học Thủ Dầu Một,7510601,Quản lý công nghiệp,D07,2025,22.25,,THPT
TDM,Đại học Thủ Dầu Một,7510605,Logistics và Quản lý chuỗi cung ứng,A00,2025,24.5,,THPT
TDM,Trường Đại học Thủ Dầu Một,7510605,Logistics và quản lý chuỗi cung ứng,A00,2025,24.5,,THPT
TDM,Trường Đại học Thủ Dầu Một,7510605,Logistics và quản lý chuỗi cung ứng,A00,2025,24.5,,THPT
TDM,Trường Đại học Thủ Dầu Một,7510605,Logistics và quản lý chuỗi cung ứng,A01,2025,24.5,,THPT
TDM,Trường Đại học Thủ Dầu Một,7510605,Logistics và quản lý chuỗi cung ứng,A01,2025,24.5,,THPT
TDM,Đại học Thủ Dầu Một,7510605,Logistics và Quản lý chuỗi cung ứng,A01,2025,24.5,,THPT
TDM,Trường Đại học Thủ Dầu Một,7510605,Logistics và quản lý chuỗi cung ứng,D01,2025,24.5,,THPT
TDM,Trường Đại học Thủ Dầu Một,7510605,Logistics và quản lý chuỗi cung ứng,D01,2025,24.5,,THPT
TDM,Đại học Thủ Dầu Một,7510605,Logistics và Quản lý chuỗi cung ứng,D01,2025,24.5,,THPT
TDM,Trường Đại học Thủ Dầu Một,7510605,Logistics và quản lý chuỗi cung ứng,D07,2025,24.5,,THPT
TDM,Trường Đại học Thủ Dầu Một,7510605,Logistics và quản lý chuỗi cung ứng,D07,2025,24.5,,THPT
TDM,Đại học Thủ Dầu Một,7510605,Logistics và Quản lý chuỗi cung ứng,D07,2025,24.5,,THPT
TDM,Đại học Thủ Dầu Một,7520114,Kỹ thuật cơ điện tử,A00,2025,21.75,,THPT
TDM,Trường Đại học Thủ Dầu Một,7520114,Kỹ thuật cơ điện tử,A00,2025,21.75,,THPT
TDM,Trường Đại học Thủ Dầu Một,7520114,Kỹ thuật cơ điện tử,A00,2025,21.75,,THPT
TDM,Trường Đại học Thủ Dầu Một,7520114,Kỹ thuật cơ điện tử,A01,2025,21.75,,THPT
TDM,Trường Đại học Thủ Dầu Một,7520114,Kỹ thuật cơ điện tử,A01,2025,21.75,,THPT
TDM,Đại học Thủ Dầu Một,7520114,Kỹ thuật cơ điện tử,A01,2025,21.75,,THPT
TDM,Trường Đại học Thủ Dầu Một,7520114,Kỹ thuật cơ điện tử,D01,2025,21.75,,THPT
TDM,Trường Đại học Thủ Dầu Một,7520114,Kỹ thuật cơ điện tử,D01,2025,21.75,,THPT
TDM,Đại học Thủ Dầu Một,7520114,Kỹ thuật cơ điện tử,D01,2025,21.75,,THPT
TDM,Đại học Thủ Dầu Một,7520201,Kỹ thuật điện,A00,2025,15.75,,THPT
TDM,Trường Đại học Thủ Dầu Một,7520201,Kỹ thuật điện,A00,2025,15.75,,THPT
TDM,Trường Đại học Thủ Dầu Một,7520201,Kỹ thuật điện,A00,2025,15.75,,THPT
TDM,Trường Đại học Thủ Dầu Một,7520201,Kỹ thuật điện,A01,2025,15.75,,THPT
TDM,Trường Đại học Thủ Dầu Một,7520201,Kỹ thuật điện,A01,2025,15.75,,THPT
TDM,Đại học Thủ Dầu Một,7520201,Kỹ thuật điện,A01,2025,15.75,,THPT
TDM,Trường Đại học Thủ Dầu Một,7520201,Kỹ thuật điện,D01,2025,15.75,,THPT
TDM,Trường Đại học Thủ Dầu Một,7520201,Kỹ thuật điện,D01,2025,15.75,,THPT
TDM,Đại học Thủ Dầu Một,7520201,Kỹ thuật điện,D01,2025,15.75,,THPT
TDM,Đại học Thủ Dầu Một,7520216,Ngành Kỹ thuật điều khiển & Tự động hóa,A00,2025,20.5,,THPT
TDM,Trường Đại học Thủ Dầu Một,7520216,Kỹ thuật điều khiển và tự động hoá,A00,2025,20.5,,THPT
TDM,Trường Đại học Thủ Dầu Một,7520216,Kỹ thuật điều khiển và tự động hoá,A00,2025,20.5,,THPT
TDM,Trường Đại học Thủ Dầu Một,7520216,Kỹ thuật điều khiển và tự động hoá,A01,2025,20.5,,THPT
TDM,Trường Đại học Thủ Dầu Một,7520216,Kỹ thuật điều khiển và tự động hoá,A01,2025,20.5,,THPT
TDM,Đại học Thủ Dầu Một,7520216,Ngành Kỹ thuật điều khiển & Tự động hóa,A01,2025,20.5,,THPT
TDM,Trường Đại học Thủ Dầu Một,7520216,Kỹ thuật điều khiển và tự động hoá,D01,2025,20.5,,THPT
TDM,Trường Đại học Thủ Dầu Một,7520216,Kỹ thuật điều khiển và tự động hoá,D01,2025,20.5,,THPT
TDM,Đại học Thủ Dầu Một,7520216,Ngành Kỹ thuật điều khiển & Tự động hóa,D01,2025,20.5,,THPT
TDM,Đại học Thủ Dầu Một,7520320,Ngành Kỹ thuật môi trường,A00,2025,15.0,,THPT
TDM,Trường Đại học Thủ Dầu Một,7520320,Kỹ thuật môi trường,A00,2025,15.0,,THPT
TDM,Trường Đại học Thủ Dầu Một,7520320,Kỹ thuật môi trường,A00,2025,15.0,,THPT
TDM,Trường Đại học Thủ Dầu Một,7520320,Kỹ thuật môi trường,B00,2025,15.0,,THPT
TDM,Trường Đại học Thủ Dầu Một,7520320,Kỹ thuật môi trường,B00,2025,15.0,,THPT
TDM,Đại học Thủ Dầu Một,7520320,Ngành Kỹ thuật môi trường,B00,2025,15.0,,THPT
TDM,Trường Đại học Thủ Dầu Một,7520320,Kỹ thuật môi trường,D07,2025,15.0,,THPT
TDM,Trường Đại học Thủ Dầu Một,7520320,Kỹ thuật môi trường,D07,2025,15.0,,THPT
TDM,Đại học Thủ Dầu Một,7520320,Ngành Kỹ thuật môi trường,D07,2025,15.0,,THPT
TDM,Đại học Thủ Dầu Một,7540101,Công nghệ thực phẩm,A00,2025,15.0,,THPT
TDM,Trường Đại học Thủ Dầu Một,7540101,Công nghệ thực phẩm,A00,2025,15.0,,THPT
TDM,Trường Đại học Thủ Dầu Một,7540101,Công nghệ thực phẩm,A00,2025,15.0,,THPT
TDM,Trường Đại học Thủ Dầu Một,7540101,Công nghệ thực phẩm,B00,2025,15.0,,THPT
TDM,Trường Đại học Thủ Dầu Một,7540101,Công nghệ thực phẩm,B00,2025,15.0,,THPT
TDM,Đại học Thủ Dầu Một,7540101,Công nghệ thực phẩm,B00,2025,15.0,,THPT
TDM,Trường Đại học Thủ Dầu Một,7540101,Công nghệ thực phẩm,D07,2025,15.0,,THPT
TDM,Trường Đại học Thủ Dầu Một,7540101,Công nghệ thực phẩm,D07,2025,15.0,,THPT
TDM,Đại học Thủ Dầu Một,7540101,Công nghệ thực phẩm,D07,2025,15.0,,THPT
TDM,Đại học Thủ Dầu Một,7549001,Công nghệ chế biến lâm sản,A00,2025,15.0,,THPT
TDM,Trường Đại học Thủ Dầu Một,7549001,Công nghệ chế biến lâm sản,A00,2025,15.0,,THPT
TDM,Trường Đại học Thủ Dầu Một,7549001,Công nghệ chế biến lâm sản,A00,2025,15.0,,THPT
TDM,Trường Đại học Thủ Dầu Một,7549001,Công nghệ chế biến lâm sản,A01,2025,15.0,,THPT
TDM,Trường Đại học Thủ Dầu Một,7549001,Công nghệ chế biến lâm sản,A01,2025,15.0,,THPT
TDM,Đại học Thủ Dầu Một,7549001,Công nghệ chế biến lâm sản,A01,2025,15.0,,THPT
TDM,Trường Đại học Thủ Dầu Một,7549001,Công nghệ chế biến lâm sản,D01,2025,15.0,,THPT
TDM,Trường Đại học Thủ Dầu Một,7549001,Công nghệ chế biến lâm sản,D01,2025,15.0,,THPT
TDM,Đại học Thủ Dầu Một,7549001,Công nghệ chế biến lâm sản,D01,2025,15.0,,THPT
TDM,Trường Đại học Thủ Dầu Một,7549001,Công nghệ chế biến lâm sản,D07,2025,15.0,,THPT
TDM,Trường Đại học Thủ Dầu Một,7549001,Công nghệ chế biến lâm sản,D07,2025,15.0,,THPT
TDM,Đại học Thủ Dầu Một,7549001,Công nghệ chế biến lâm sản,D07,2025,15.0,,THPT
TDM,Đại học Thủ Dầu Một,7580101,Kiến trúc,A00,2025,15.0,,THPT
TDM,Trường Đại học Thủ Dầu Một,7580101,Kiến trúc,A00,2025,15.0,,THPT
TDM,Trường Đại học Thủ Dầu Một,7580101,Kiến trúc,A00,2025,15.0,,THPT
TDM,Trường Đại học Thủ Dầu Một,7580101,Kiến trúc,A01,2025,15.0,,THPT
TDM,Trường Đại học Thủ Dầu Một,7580101,Kiến trúc,A01,2025,15.0,,THPT
TDM,Đại học Thủ Dầu Một,7580101,Kiến trúc,A01,2025,15.0,,THPT
TDM,Trường Đại học Thủ Dầu Một,7580101,Kiến trúc,D01,2025,15.0,,THPT
TDM,Trường Đại học Thủ Dầu Một,7580101,Kiến trúc,D01,2025,15.0,,THPT
TDM,Đại học Thủ Dầu Một,7580101,Kiến trúc,D01,2025,15.0,,THPT
TDM,Đại học Thủ Dầu Một,7580201,Kỹ thuật xây dựng,A00,2025,15.0,,THPT
TDM,Trường Đại học Thủ Dầu Một,7580201,Kỹ thuật xây dựng,A00,2025,15.0,,THPT
TDM,Trường Đại học Thủ Dầu Một,7580201,Kỹ thuật xây dựng,A00,2025,15.0,,THPT
TDM,Trường Đại học Thủ Dầu Một,7580201,Kỹ thuật xây dựng,A01,2025,15.0,,THPT
TDM,Trường Đại học Thủ Dầu Một,7580201,Kỹ thuật xây dựng,A01,2025,15.0,,THPT
TDM,Đại học Thủ Dầu Một,7580201,Kỹ thuật xây dựng,A01,2025,15.0,,THPT
TDM,Trường Đại học Thủ Dầu Một,7580201,Kỹ thuật xây dựng,D01,2025,15.0,,THPT
TDM,Trường Đại học Thủ Dầu Một,7580201,Kỹ thuật xây dựng,D01,2025,15.0,,THPT
TDM,Đại học Thủ Dầu Một,7580201,Kỹ thuật xây dựng,D01,2025,15.0,,THPT
TDM,Trường Đại học Thủ Dầu Một,7580201,Kỹ thuật xây dựng,D07,2025,15.0,,THPT
TDM,Trường Đại học Thủ Dầu Một,7580201,Kỹ thuật xây dựng,D07,2025,15.0,,THPT
TDM,Đại học Thủ Dầu Một,7580201,Kỹ thuật xây dựng,D07,2025,15.0,,THPT
TDM,Đại học Thủ Dầu Một,7760101,Công tác xã hội,C00,2025,22.75,,THPT
TDM,Trường Đại học Thủ Dầu Một,7760101,Công tác xã hội,C00,2025,22.75,,THPT
TDM,Trường Đại học Thủ Dầu Một,7760101,Công tác xã hội,C00,2025,22.75,,THPT
TDM,Trường Đại học Thủ Dầu Một,7760101,Công tác xã hội,D01,2025,22.75,,THPT
TDM,Trường Đại học Thủ Dầu Một,7760101,Công tác xã hội,D01,2025,22.75,,THPT
TDM,Đại học Thủ Dầu Một,7760101,Công tác xã hội,D01,2025,22.75,,THPT
TDM,Đại học Thủ Dầu Một,7810101,Du lịch,C00,2025,22.75,,THPT
TDM,Trường Đại học Thủ Dầu Một,7810101,Du lịch,C00,2025,22.75,,THPT
TDM,Trường Đại học Thủ Dầu Một,7810101,Du lịch,C00,2025,22.75,,THPT
TDM,Trường Đại học Thủ Dầu Một,7810101,Du lịch,D01,2025,22.75,,THPT
TDM,Trường Đại học Thủ Dầu Một,7810101,Du lịch,D01,2025,22.75,,THPT
TDM,Đại học Thủ Dầu Một,7810101,Du lịch,D01,2025,22.75,,THPT
TDM,Đại học Thủ Dầu Một,7850101,Quản lý tài nguyên và môi trường,A00,2025,15.0,,THPT
TDM,Trường Đại học Thủ Dầu Một,7850101,Quản lý tài nguyên và môi trường,A00,2025,15.0,,THPT
TDM,Trường Đại học Thủ Dầu Một,7850101,Quản lý tài nguyên và môi trường,A00,2025,15.0,,THPT
TDM,Trường Đại học Thủ Dầu Một,7850101,Quản lý tài nguyên và môi trường,A01,2025,15.0,,THPT
TDM,Trường Đại học Thủ Dầu Một,7850101,Quản lý tài nguyên và môi trường,A01,2025,15.0,,THPT
TDM,Đại học Thủ Dầu Một,7850101,Quản lý tài nguyên và môi trường,A01,2025,15.0,,THPT
TDM,Trường Đại học Thủ Dầu Một,7850101,Quản lý tài nguyên và môi trường,B00,2025,15.0,,THPT
TDM,Trường Đại học Thủ Dầu Một,7850101,Quản lý tài nguyên và môi trường,B00,2025,15.0,,THPT
TDM,Đại học Thủ Dầu Một,7850101,Quản lý tài nguyên và môi trường,B00,2025,15.0,,THPT
TDM,Trường Đại học Thủ Dầu Một,7850101,Quản lý tài nguyên và môi trường,D01,2025,15.0,,THPT
TDM,Trường Đại học Thủ Dầu Một,7850101,Quản lý tài nguyên và môi trường,D01,2025,15.0,,THPT
TDM,Đại học Thủ Dầu Một,7850101,Quản lý tài nguyên và môi trường,D01,2025,15.0,,THPT
TDM,Trường Đại học Thủ Dầu Một,7850101,Quản lý tài nguyên và môi trường,D07,2025,15.0,,THPT
TDM,Trường Đại học Thủ Dầu Một,7850101,Quản lý tài nguyên và môi trường,D07,2025,15.0,,THPT
TDM,Đại học Thủ Dầu Một,7850101,Quản lý tài nguyên và môi trường,D07,2025,15.0,,THPT
TDM,Đại học Thủ Dầu Một,7850103,Quản lý đất đai,A00,2025,15.0,,THPT
TDM,Trường Đại học Thủ Dầu Một,7850103,Quản lý đất đai,A00,2025,15.0,,THPT
TDM,Trường Đại học Thủ Dầu Một,7850103,Quản lý đất đai,A00,2025,15.0,,THPT
TDM,Trường Đại học Thủ Dầu Một,7850103,Quản lý đất đai,A01,2025,15.0,,THPT
TDM,Trường Đại học Thủ Dầu Một,7850103,Quản lý đất đai,A01,2025,15.0,,THPT
TDM,Đại học Thủ Dầu Một,7850103,Quản lý đất đai,A01,2025,15.0,,THPT
TDM,Trường Đại học Thủ Dầu Một,7850103,Quản lý đất đai,B00,2025,15.0,,THPT
TDM,Trường Đại học Thủ Dầu Một,7850103,Quản lý đất đai,B00,2025,15.0,,THPT
TDM,Đại học Thủ Dầu Một,7850103,Quản lý đất đai,B00,2025,15.0,,THPT
TDM,Trường Đại học Thủ Dầu Một,7850103,Quản lý đất đai,D01,2025,15.0,,THPT
TDM,Trường Đại học Thủ Dầu Một,7850103,Quản lý đất đai,D01,2025,15.0,,THPT
TDM,Đại học Thủ Dầu Một,7850103,Quản lý đất đai,D01,2025,15.0,,THPT
TDM,Trường Đại học Thủ Dầu Một,7850103,Quản lý đất đai,D07,2025,15.0,,THPT
TDM,Trường Đại học Thủ Dầu Một,7850103,Quản lý đất đai,D07,2025,15.0,,THPT
TDM,Đại học Thủ Dầu Một,7850103,Quản lý đất đai,D07,2025,15.0,,THPT
TDV,Trường Đại Học Vinh,7140114,Quản lý giáo dục,C00,2025,25.5,,THPT
TDV,Đại học Vinh,7140114,Quản lý giáo dục,D01,2025,25.5,,THPT
TDV,Trường Đại Học Vinh,7140202,Giáo dục Tiểu học,D01,2025,25.56,,THPT
TDV,Đại học Vinh,7140202,Giáo dục Tiểu học,D01,2025,24.56,,THPT
TDV,Đại học Vinh,7140208,Giáo dục Quốc phòng - An ninh,C00,2025,27.4,,THPT
TDV,Trường Đại Học Vinh,7140208,Giáo dục Quốc phòng - An ninh,C00,2025,26.4,,THPT
TDV,Trường Đại Học Vinh,7140208,Giáo dục Quốc phòng - An ninh,C00,2025,26.4,,THPT
TDV,Đại học Vinh,7140209,Sư phạm Toán học,A00,2025,26.5,,THPT
TDV,Trường Đại Học Vinh,7140209,Sư phạm Toán học,A00,2025,26.0,,THPT
TDV,Trường Đại Học Vinh,7140209,Sư phạm Toán học,A01,2025,26.0,,THPT
TDV,Đại học Vinh,7140209,Sư phạm Toán học,A01,2025,26.5,,THPT
TDV,Trường Đại Học Vinh,7140209,Sư phạm Toán học,B00,2025,26.0,,THPT
TDV,Trường Đại Học Vinh,7140209,Sư phạm Toán học,B00,2025,26.0,,THPT
TDV,Đại học Vinh,7140209TN,Sư phạm Toán học (lớp tài năng),A00,2025,26.8,,THPT
TDV,Trường Đại Học Vinh,7140209TN,Sư phạm Toán học (lớp tài năng),A00,2025,26.3,,THPT
TDV,Trường Đại Học Vinh,7140209TN,Sư phạm Toán học (lớp tài năng),A01,2025,26.3,,THPT
TDV,Đại học Vinh,7140209TN,Sư phạm Toán học (lớp tài năng),A01,2025,26.8,,THPT
TDV,Trường Đại Học Vinh,7140209TN,Sư phạm Toán học (lớp tài năng),B00,2025,26.3,,THPT
TDV,Trường Đại Học Vinh,7140209TN,Sư phạm Toán học (lớp tài năng),B00,2025,26.3,,THPT
TDV,Đại học Vinh,7140210,Sư phạm Tin học (Chuyên ngành Tin học – Công nghệ Tiểu học),A01,2025,21.15,,THPT
TDV,Trường Đại Học Vinh,7140210,Sư phạm Tin học,A01,2025,21.15,,THPT
TDV,Trường Đại Học Vinh,7140210,Sư phạm Tin học,D01,2025,21.15,,THPT
TDV,Đại học Vinh,7140210,Sư phạm Tin học (Chuyên ngành Tin học – Công nghệ Tiểu học),D01,2025,21.15,,THPT
TDV,Trường Đại Học Vinh,7140210,Sư phạm Tin học,D07,2025,21.15,,THPT
TDV,Đại học Vinh,7140210,Sư phạm Tin học (Chuyên ngành Tin học – Công nghệ Tiểu học),D07,2025,21.15,,THPT
TDV,Đại học Vinh,7140211,Sư phạm Vật lý,A00,2025,26.5,,THPT
TDV,Trường Đại Học Vinh,7140211,Sư phạm Vật lý,A00,2025,26.0,,THPT
TDV,Trường Đại Học Vinh,7140211,Sư phạm Vật lý,A00,2025,26.0,,THPT
TDV,Trường Đại Học Vinh,7140211,Sư phạm Vật lý,A01,2025,26.0,,THPT
TDV,Đại học Vinh,7140211,Sư phạm Vật lý,A01,2025,26.5,,THPT
TDV,Đại học Vinh,7140212,Sư phạm Hóa học,A00,2025,26.0,,THPT
TDV,Trường Đại Học Vinh,7140212,Sư phạm Hoá học,A00,2025,25.0,,THPT
TDV,Trường Đại Học Vinh,7140212,Sư phạm Hoá học,B00,2025,25.0,,THPT
TDV,Đại học Vinh,7140212,Sư phạm Hóa học,B00,2025,26.0,,THPT
TDV,Trường Đại Học Vinh,7140212,Sư phạm Hoá học,D07,2025,25.0,,THPT
TDV,Đại học Vinh,7140212,Sư phạm Hóa học,D07,2025,26.0,,THPT
TDV,Trường Đại Học Vinh,7140213,Sư phạm Sinh học,B00,2025,22.9,,THPT
TDV,Trường Đại Học Vinh,7140213,Sư phạm Sinh học,B00,2025,22.9,,THPT
TDV,Đại học Vinh,7140213,Sư phạm Sinh học,B00,2025,23.9,,THPT
TDV,Đại học Vinh,7140217,Sư phạm Ngữ văn,C00,2025,27.92,,THPT
TDV,Trường Đại Học Vinh,7140217,Sư phạm Ngữ văn,C00,2025,26.92,,THPT
TDV,Trường Đại Học Vinh,7140217,Sư phạm Ngữ văn,C00,2025,26.92,,THPT
TDV,Trường Đại Học Vinh,7140218,Sư phạm Lịch sử,C00,2025,27.4,,THPT
TDV,Đại học Vinh,7140218,Sư phạm Lịch sử,C00,2025,28.4,,THPT
TDV,Trường Đại Học Vinh,7140218,Sư phạm Lịch sử,C00,2025,27.4,,THPT
TDV,Đại học Vinh,7140219,Sư phạm Địa lý,C00,2025,28.2,,THPT
TDV,Trường Đại Học Vinh,7140219,Sư phạm Địa lý,C00,2025,27.2,,THPT
TDV,Đại học Vinh,7140231,Sư phạm Tiếng Anh,D01,2025,23.73,,THPT
TDV,Trường Đại Học Vinh,7140231,Sư phạm Tiếng Anh,D01,2025,23.73,,THPT
TDV,Đại học Vinh,7140231TN,Sư phạm Tiếng Anh (lớp tài năng),D01,2025,25.0,,THPT
TDV,Trường Đại Học Vinh,7140231TN,Sư phạm Tiếng Anh (lớp tài năng),D01,2025,26.0,,THPT
TDV,Đại học Vinh,7140247,Sư phạm khoa học tự nhiên,A00,2025,24.16,,THPT
TDV,Trường Đại Học Vinh,7140247,Sư phạm khoa học tự nhiên,A00,2025,23.16,,THPT
TDV,Trường Đại Học Vinh,7140247,Sư phạm khoa học tự nhiên,B00,2025,23.16,,THPT
TDV,Đại học Vinh,7140247,Sư phạm khoa học tự nhiên,B00,2025,24.16,,THPT
TDV,Trường Đại Học Vinh,7140247,Sư phạm khoa học tự nhiên,D07,2025,23.16,,THPT
TDV,Đại học Vinh,7140247,Sư phạm khoa học tự nhiên,D07,2025,24.16,,THPT
TDV,Trường Đại Học Vinh,7140249,Sư phạm Lịch sử - Địa lí,C00,2025,28.4,,THPT
TDV,Đại học Vinh,7140249,Sư phạm Lịch sử - Địa lý,C00,2025,27.9,,THPT
TDV,Trường Đại Học Vinh,7140249,Sư phạm Lịch sử - Địa lí,C00,2025,28.4,,THPT
TDV,Đại học Vinh,7220201,Ngôn ngữ Anh,D01,2025,23.6,,THPT
TDV,Trường Đại Học Vinh,7220201,Ngôn ngữ Anh,D01,2025,23.6,,THPT
TDV,Trường Đại Học Vinh,7220204,Ngôn ngữ Trung Quốc,D01,2025,24.2,,THPT
TDV,Đại học Vinh,7229042,Quản lý văn hoá,C00,2025,18.0,,THPT
TDV,Trường Đại Học Vinh,7229042,Quản lý văn hoá,C00,2025,18.0,,THPT
TDV,Đại học Vinh,7310101,Kinh tế,A00,2025,20.0,,THPT
TDV,Trường Đại Học Vinh,7310101,Kinh tế (chuyên ngành: Kinh tế đầu tư và Quản lý kinh tế),A00,2025,18.0,,THPT
TDV,Trường Đại Học Vinh,7310101,Kinh tế (chuyên ngành: Kinh tế đầu tư và Quản lý kinh tế),A01,2025,18.0,,THPT
TDV,Đại học Vinh,7310101,Kinh tế,B00,2025,20.0,,THPT
TDV,Trường Đại Học Vinh,7310101,Kinh tế (chuyên ngành: Kinh tế đầu tư và Quản lý kinh tế),D01,2025,18.0,,THPT
TDV,Đại học Vinh,7310101,Kinh tế,D07,2025,20.0,,THPT
TDV,Trường Đại Học Vinh,7310109,Kinh tế số,A00,2025,18.5,,THPT
TDV,Trường Đại Học Vinh,7310109,Kinh tế số,A01,2025,18.5,,THPT
TDV,Đại học Vinh,7310109,Kinh tế số,A01,2025,18.5,,THPT
TDV,Trường Đại Học Vinh,7310109,Kinh tế số,D01,2025,18.5,,THPT
TDV,Đại học Vinh,7310109,Kinh tế số,D01,2025,18.5,,THPT
TDV,Đại học Vinh,7310201,Chính trị học,C00,2025,21.0,,THPT
TDV,Trường Đại Học Vinh,7310201,Chính trị học,C00,2025,21.0,,THPT
TDV,Đại học Vinh,7310205,Quản lý nhà nước,C00,2025,21.0,,THPT
TDV,Trường Đại Học Vinh,7310205,Quản lý nhà nước,C00,2025,21.0,,THPT
TDV,Trường Đại Học Vinh,7310403,Tâm lý học giáo dục,C00,2025,24.5,,THPT
TDV,Trường Đại Học Vinh,7310403,Tâm lý học giáo dục,C00,2025,24.5,,THPT
TDV,Trường Đại Học Vinh,7310403,Tâm lý học giáo dục,D01,2025,24.5,,THPT
TDV,Đại học Vinh,7310403,Tâm lý học giáo dục,D01,2025,24.0,,THPT
TDV,Đại học Vinh,7310601,Quốc tế học,D01,2025,18.0,,THPT
TDV,Trường Đại Học Vinh,7310601,Quốc tế học,D01,2025,18.0,,THPT
TDV,Đại học Vinh,7310630,Việt Nam học,C00,2025,22.0,,THPT
TDV,Trường Đại Học Vinh,7310630,Việt Nam học (Chuyên ngành Du lịch),C00,2025,22.0,,THPT
TDV,Trường Đại Học Vinh,7340101,Quản trị kinh doanh,A00,2025,21.0,,THPT
TDV,Trường Đại Học Vinh,7340101,Quản trị kinh doanh,A01,2025,21.0,,THPT
TDV,Đại học Vinh,7340101,Quản trị Kinh doanh,A01,2025,21.0,,THPT
TDV,Trường Đại Học Vinh,7340101,Quản trị kinh doanh,D01,2025,21.0,,THPT
TDV,Trường Đại Học Vinh,7340101TA,Quản trị kinh doanh (Chương trình có đào tạo bằng tiếng Anh),A00,2025,21.0,,THPT
TDV,Trường Đại Học Vinh,7340101TA,Quản trị kinh doanh (Chương trình có đào tạo bằng tiếng Anh),A01,2025,21.0,,THPT
TDV,Đại học Vinh,7340101TA,Quản trị kinh doanh (Đào tạo bằng tiếng Anh),A01,2025,21.0,,THPT
TDV,Trường Đại Học Vinh,7340101TA,Quản trị kinh doanh (Chương trình có đào tạo bằng tiếng Anh),D01,2025,21.0,,THPT
TDV,Đại học Vinh,7340101TA,Quản trị kinh doanh (Đào tạo bằng tiếng Anh),D01,2025,21.0,,THPT
TDV,Đại học Vinh,7340101TA,Quản trị kinh doanh (Đào tạo bằng tiếng Anh),D09,2025,21.0,,THPT
TDV,Trường Đại Học Vinh,7340122,Thương mại điện tử,A00,2025,21.0,,THPT
TDV,Trường Đại Học Vinh,7340122,Thương mại điện tử,A01,2025,21.0,,THPT
TDV,Đại học Vinh,7340122,Thương mại điện tử,A01,2025,21.0,,THPT
TDV,Trường Đại Học Vinh,7340122,Thương mại điện tử,D01,2025,21.0,,THPT
TDV,Đại học Vinh,7340122,Thương mại điện tử,D01,2025,21.0,,THPT
TDV,Trường Đại Học Vinh,7340201,Tài chính - Ngân hàng (chuyên ngành: Tài chính doanh nghiệp và Ngân hàng thương mại),A00,2025,20.0,,THPT
TDV,Trường Đại Học Vinh,7340201,Tài chính - Ngân hàng (chuyên ngành: Tài chính doanh nghiệp và Ngân hàng thương mại),A01,2025,20.0,,THPT
TDV,Đại học Vinh,7340201,Tài chính – Ngân hàng,A01,2025,20.0,,THPT
TDV,Trường Đại Học Vinh,7340201,Tài chính - Ngân hàng (chuyên ngành: Tài chính doanh nghiệp và Ngân hàng thương mại),D01,2025,20.0,,THPT
TDV,Trường Đại Học Vinh,7340205,Công nghệ tài chính,A00,2025,17.0,,THPT
TDV,Trường Đại Học Vinh,7340205,Công nghệ tài chính,A01,2025,17.0,,THPT
TDV,Đại học Vinh,7340205,Công nghệ tài chính,A01,2025,17.0,,THPT
TDV,Trường Đại Học Vinh,7340205,Công nghệ tài chính,D01,2025,17.0,,THPT
TDV,Đại học Vinh,7340205,Công nghệ tài chính,D01,2025,17.0,,THPT
TDV,Trường Đại Học Vinh,7340301,Kế toán,A00,2025,20.5,,THPT
TDV,Trường Đại Học Vinh,7340301,Kế toán,A01,2025,20.5,,THPT
TDV,Đại học Vinh,7340301,Kế toán,A01,2025,20.5,,THPT
TDV,Trường Đại Học Vinh,7340301,Kế toán,D01,2025,20.5,,THPT
TDV,Đại học Vinh,7380101,Ngành Luật,C00,2025,21.5,,THPT
TDV,Trường Đại Học Vinh,7380101,Luật,C00,2025,21.5,,THPT
TDV,Đại học Vinh,7420201,Công nghệ sinh học,A00,2025,18.0,,THPT
TDV,Trường Đại Học Vinh,7420201,Công nghệ sinh học (Chuyên ngành: Kỹ thuật xét nghiệm y học và Kỹ thuật xử lí ô nhiễm môi trường),A00,2025,18.0,,THPT
TDV,Trường Đại Học Vinh,7420201,Công nghệ sinh học (Chuyên ngành: Kỹ thuật xét nghiệm y học và Kỹ thuật xử lí ô nhiễm môi trường),B00,2025,18.0,,THPT
TDV,Đại học Vinh,7420201,Công nghệ sinh học,B00,2025,18.0,,THPT
TDV,Trường Đại Học Vinh,7420201,Công nghệ sinh học (Chuyên ngành: Kỹ thuật xét nghiệm y học và Kỹ thuật xử lí ô nhiễm môi trường),D07,2025,18.0,,THPT
TDV,Đại học Vinh,7420201,Công nghệ sinh học,D07,2025,18.0,,THPT
TDV,Đại học Vinh,7480101,Khoa học máy tính,A01,2025,19.5,,THPT
TDV,Trường Đại Học Vinh,7480101,Khoa học máy tính,A01,2025,19.5,,THPT
TDV,Trường Đại Học Vinh,7480101,Khoa học máy tính,D07,2025,19.5,,THPT
TDV,Đại học Vinh,7480101,Khoa học máy tính,D07,2025,19.5,,THPT
TDV,Trường Đại Học Vinh,7480101,Khoa học máy tính,D08,2025,19.5,,THPT
TDV,Đại học Vinh,7480101,Khoa học máy tính,D08,2025,19.5,,THPT
TDV,Đại học Vinh,7480201,Công nghệ thông tin,A01,2025,20.0,,THPT
TDV,Trường Đại Học Vinh,7480201,Công nghệ thông tin,A01,2025,20.0,,THPT
TDV,Trường Đại Học Vinh,7480201,Công nghệ thông tin,D07,2025,20.0,,THPT
TDV,Đại học Vinh,7480201,Công nghệ thông tin,D07,2025,20.0,,THPT
TDV,Trường Đại Học Vinh,7480201,Công nghệ thông tin,D08,2025,20.0,,THPT
TDV,Đại học Vinh,7480201,Công nghệ thông tin,D08,2025,20.0,,THPT
TDV,Đại học Vinh,7480201CN,Công nghệ thông tin (chuyên ngành Trí tuệ nhân tạo),A01,2025,21.0,,THPT
TDV,Trường Đại Học Vinh,7480201CN,Công nghệ thông tin (Chuyên ngành Trí tuệ nhân tạo),A01,2025,21.0,,THPT
TDV,Trường Đại Học Vinh,7480201CN,Công nghệ thông tin (Chuyên ngành Trí tuệ nhân tạo),D07,2025,21.0,,THPT
TDV,Đại học Vinh,7480201CN,Công nghệ thông tin (chuyên ngành Trí tuệ nhân tạo),D07,2025,21.0,,THPT
TDV,Trường Đại Học Vinh,7480201CN,Công nghệ thông tin (Chuyên ngành Trí tuệ nhân tạo),D08,2025,21.0,,THPT
TDV,Đại học Vinh,7480201CN,Công nghệ thông tin (chuyên ngành Trí tuệ nhân tạo),D08,2025,21.0,,THPT
TDV,Đại học Vinh,7510205,Công nghệ kỹ thuật ô tô,A00,2025,20.5,,THPT
TDV,Trường Đại Học Vinh,7510205,Công nghệ kỹ thuật ô tô,A00,2025,20.5,,THPT
TDV,Trường Đại Học Vinh,7510205,Công nghệ kỹ thuật ô tô,A01,2025,20.5,,THPT
TDV,Đại học Vinh,7510205,Công nghệ kỹ thuật ô tô,A01,2025,20.5,,THPT
TDV,Đại học Vinh,7510206,Công nghệ kỹ thuật nhiệt,A00,2025,18.0,,THPT
TDV,Trường Đại Học Vinh,7510206,Công nghệ kỹ thuật nhiệt (Chuyên ngành Điện lạnh),A00,2025,18.0,,THPT
TDV,Trường Đại Học Vinh,7510206,Công nghệ kỹ thuật nhiệt (Chuyên ngành Điện lạnh),A01,2025,18.0,,THPT
TDV,Đại học Vinh,7510206,Công nghệ kỹ thuật nhiệt,A01,2025,18.0,,THPT
TDV,Đại học Vinh,7510301,"Công nghệ kỹ thuật điện, điện tử",A00,2025,20.0,,THPT
TDV,Trường Đại Học Vinh,7510301,"Công nghệ kỹ thuật điện, điện tử",A00,2025,20.0,,THPT
TDV,Trường Đại Học Vinh,7510301,"Công nghệ kỹ thuật điện, điện tử",A01,2025,20.0,,THPT
TDV,Đại học Vinh,7510301,"Công nghệ kỹ thuật điện, điện tử",A01,2025,20.0,,THPT
TDV,Trường Đại Học Vinh,7510302,Công nghệ kỹ thuật điện tử - viễn thông (Chuyên ngành Thiết kế vi mạch),D01,2025,18.0,,THPT
TDV,Đại học Vinh,7510302,Điện tử - viễn thông,D01,2025,18.0,,THPT
TDV,Đại học Vinh,7510303,Công nghệ kỹ thuật điều khiển và tự động hóa,A00,2025,21.0,,THPT
TDV,Trường Đại Học Vinh,7510303,Công nghệ kỹ thuật điều khiển và tự động hoá,A00,2025,21.0,,THPT
TDV,Trường Đại Học Vinh,7510303,Công nghệ kỹ thuật điều khiển và tự động hoá,A01,2025,21.0,,THPT
TDV,Đại học Vinh,7510303,Công nghệ kỹ thuật điều khiển và tự động hóa,A01,2025,21.0,,THPT
TDV,Trường Đại Học Vinh,7520207,Kỹ thuật điện tử - viễn thông (Chuyên ngành kỹ thuật điện tử; chuyên ngành kỹ thuật viễn thông),D01,2025,18.0,,THPT
TDV,Đại học Vinh,7520207,Ngành Kỹ thuật điện tử truyền thông,D01,2025,18.0,,THPT
TDV,Đại học Vinh,7520216,Ngành Kỹ thuật điều khiển & Tự động hóa,A00,2025,21.0,,THPT
TDV,Trường Đại Học Vinh,7520216,Kỹ thuật điều khiển và tự động hoá,A00,2025,21.0,,THPT
TDV,Trường Đại Học Vinh,7520216,Kỹ thuật điều khiển và tự động hoá,A01,2025,21.0,,THPT
TDV,Đại học Vinh,7520216,Ngành Kỹ thuật điều khiển & Tự động hóa,A01,2025,21.0,,THPT
TDV,Đại học Vinh,7540101,Công nghệ thực phẩm,A00,2025,17.0,,THPT
TDV,Trường Đại Học Vinh,7540101,Công nghệ thực phẩm,A00,2025,17.0,,THPT
TDV,Trường Đại Học Vinh,7540101,Công nghệ thực phẩm,B00,2025,17.0,,THPT
TDV,Đại học Vinh,7540101,Công nghệ thực phẩm,B00,2025,17.0,,THPT
TDV,Trường Đại Học Vinh,7540101,Công nghệ thực phẩm,D07,2025,17.0,,THPT
TDV,Đại học Vinh,7540101,Công nghệ thực phẩm,D07,2025,17.0,,THPT
TDV,Trường Đại Học Vinh,7580101,Kiến trúc,D01,2025,18.0,,THPT
TDV,Trường Đại Học Vinh,7580101,Kiến trúc,D01,2025,18.0,,THPT
TDV,Đại học Vinh,7580101,Kiến trúc,D01,2025,18.0,,THPT
TDV,Trường Đại Học Vinh,7580201,Kỹ thuật xây dựng (Chuyên ngành: Xây dựng dân dụng và công nghiệp; Kết cấu công trình; Công nghệ kỹ thuật xây dựng),D01,2025,18.0,,THPT
TDV,Đại học Vinh,7580201,Kỹ thuật xây dựng,D01,2025,18.0,,THPT
TDV,Trường Đại Học Vinh,7580205,Kỹ thuật xây dựng công trình giao thông (Chuyên ngành: Kỹ thuật xây dựng cầu đường; Kỹ thuật xây dựng công trình ngầm; Kỹ thuật hạ tầng đô thị),D01,2025,17.0,,THPT
TDV,Đại học Vinh,7580205,Kỹ thuật xây dựng công trình giao thông,D01,2025,17.0,,THPT
TDV,Trường Đại Học Vinh,7580301,"Kinh tế xây dựng (Chuyên ngành: Kinh tế đầu tư xây dựng, Kinh tế vận tải và logistic, Quản lí dự án công trình xây dựng)",D01,2025,18.0,,THPT
TDV,Đại học Vinh,7580301,Kinh tế xây dựng,D01,2025,18.0,,THPT
TDV,Trường Đại Học Vinh,7620105,Chăn nuôi,B00,2025,16.0,,THPT
TDV,Trường Đại Học Vinh,7620105,Chăn nuôi,D01,2025,16.0,,THPT
TDV,Đại học Vinh,7620105,Chăn nuôi,D01,2025,16.0,,THPT
TDV,Trường Đại Học Vinh,7620109,Nông học - Chuyên ngành Bảo vệ thực vật,B00,2025,16.0,,THPT
TDV,Trường Đại Học Vinh,7620109,Nông học - Chuyên ngành Bảo vệ thực vật,D01,2025,16.0,,THPT
TDV,Đại học Vinh,7620109,Nông học,D01,2025,16.0,,THPT
TDV,Trường Đại Học Vinh,7620110,Khoa học cây trồng,B00,2025,16.0,,THPT
TDV,Trường Đại Học Vinh,7620110,Khoa học cây trồng,D01,2025,16.0,,THPT
TDV,Đại học Vinh,7620110,Khoa học cây trồng,D01,2025,16.0,,THPT
TDV,Trường Đại Học Vinh,7620301,Nuôi trồng thuỷ sản,A00,2025,16.0,,THPT
TDV,Trường Đại Học Vinh,7620301,Nuôi trồng thuỷ sản,B00,2025,16.0,,THPT
TDV,Trường Đại Học Vinh,7620301,Nuôi trồng thuỷ sản,D01,2025,16.0,,THPT
TDV,Đại học Vinh,7620301,ĐH Nuôi trồng thủy sản,D01,2025,16.0,,THPT
TDV,Trường Đại Học Vinh,7640101,Thú y,B00,2025,17.0,,THPT
TDV,Trường Đại Học Vinh,7640101,Thú y,D01,2025,17.0,,THPT
TDV,Đại học Vinh,7640101,Thú y,D01,2025,17.0,,THPT
TDV,Đại học Vinh,7720301,Điều dưỡng,B00,2025,20.0,,THPT
TDV,Trường Đại Học Vinh,7720301,Điều dưỡng,B00,2025,20.0,,THPT
TDV,Trường Đại Học Vinh,7720301,Điều dưỡng,D08,2025,20.0,,THPT
TDV,Đại học Vinh,7720301,Điều dưỡng,D08,2025,20.0,,THPT
TDV,Đại học Vinh,7760101,Công tác xã hội,C00,2025,19.0,,THPT
TDV,Trường Đại Học Vinh,7760101,Công tác xã hội,C00,2025,19.0,,THPT
TDV,Trường Đại Học Vinh,7850101,Quản lý tài nguyên và môi trường,A00,2025,16.0,,THPT
TDV,Trường Đại Học Vinh,7850101,Quản lý tài nguyên và môi trường,D01,2025,16.0,,THPT
TDV,Đại học Vinh,7850101,Quản lý tài nguyên và môi trường,D01,2025,16.0,,THPT
TDV,Trường Đại Học Vinh,7850103,Quản lý đất đai (Chuyên ngành: Quản lý phát triển đô thị & bất động sản),A00,2025,16.0,,THPT
TDV,Trường Đại Học Vinh,7850103,Quản lý đất đai (Chuyên ngành: Quản lý phát triển đô thị & bất động sản),D01,2025,16.0,,THPT
TDV,Đại học Vinh,7850103,Quản lý đất đai,D01,2025,16.0,,THPT
TGH,Trường Sĩ Quan Tăng - Thiết Giáp,7860206_B,Chỉ huy tham mưu Tăng Thiết giáp (Thí sinh nam miền Bắc),A00,2025,24.05,,THPT
TGH,Trường Sĩ Quan Tăng - Thiết Giáp,7860206_B,Chỉ huy tham mưu Tăng Thiết giáp (Thí sinh nam miền Bắc),A01,2025,24.05,,THPT
TGH,Trường Sĩ Quan Tăng - Thiết Giáp,7860206_N,Chỉ huy tham mưu Tăng Thiết giáp (Thí sinh nam miền Nam),A00,2025,22.36,,THPT
TGH,Trường Sĩ Quan Tăng - Thiết Giáp,7860206_N,Chỉ huy tham mưu Tăng Thiết giáp (Thí sinh nam miền Nam),A01,2025,22.36,,THPT
THP,Trường Đại Học Hải Phòng,7140202_01,Giáo dục Tiểu học,A01,2025,24.5,,THPT
THP,Trường Đại Học Hải Phòng,7140202_01,Giáo dục Tiểu học,D01,2025,24.5,,THPT
THP,Trường Đại Học Hải Phòng,7140209_01,Sư phạm Toán học,A00,2025,25.0,,THPT
THP,Trường Đại Học Hải Phòng,7140209_01,Sư phạm Toán học,A01,2025,25.0,,THPT
THP,Trường Đại Học Hải Phòng,7140209_01,Sư phạm Toán học,D07,2025,25.0,,THPT
THP,Trường Đại Học Hải Phòng,7140217_01,Sư phạm Ngữ văn,C00,2025,26.0,,THPT
THP,Trường Đại Học Hải Phòng,7140217_01,Sư phạm Ngữ văn,D01,2025,26.0,,THPT
THP,Trường Đại Học Hải Phòng,7140231_01,Sư phạm Tiếng Anh,D01,2025,32.0,,THPT
THP,Trường Đại Học Hải Phòng,7140231_01,Sư phạm Tiếng Anh,D09,2025,32.0,,THPT
THP,Trường Đại Học Hải Phòng,7140231_01,Sư phạm Tiếng Anh,D10,2025,32.0,,THPT
THP,Trường Đại Học Hải Phòng,7220201_01,Ngôn ngữ Anh,D01,2025,26.5,,THPT
THP,Trường Đại Học Hải Phòng,7220201_01,Ngôn ngữ Anh,D09,2025,26.5,,THPT
THP,Trường Đại Học Hải Phòng,7220201_01,Ngôn ngữ Anh,D10,2025,26.5,,THPT
THP,Trường Đại Học Hải Phòng,7220204_01,Ngôn ngữ Trung Quốc,D01,2025,27.0,,THPT
THP,Trường Đại Học Hải Phòng,7220204_01,Ngôn ngữ Trung Quốc,D09,2025,27.0,,THPT
THP,Trường Đại Học Hải Phòng,7310101_02,Kinh tế ngoại thương,A00,2025,22.5,,THPT
THP,Trường Đại Học Hải Phòng,7310101_02,Kinh tế ngoại thương,A00,2025,22.5,,THPT
THP,Trường Đại Học Hải Phòng,7310101_02,Kinh tế ngoại thương,A01,2025,22.5,,THPT
THP,Trường Đại Học Hải Phòng,7310101_02,Kinh tế ngoại thương,A01,2025,22.5,,THPT
THP,Trường Đại Học Hải Phòng,7310101_02,Kinh tế ngoại thương,D01,2025,22.5,,THPT
THP,Trường Đại Học Hải Phòng,7310101_02,Kinh tế ngoại thương,D01,2025,22.5,,THPT
THP,Trường Đại Học Hải Phòng,7310101_03,Quản lý kinh tế,A00,2025,22.0,,THPT
THP,Trường Đại Học Hải Phòng,7310101_03,Quản lý kinh tế,A00,2025,22.0,,THPT
THP,Trường Đại Học Hải Phòng,7310101_03,Quản lý kinh tế,A01,2025,22.0,,THPT
THP,Trường Đại Học Hải Phòng,7310101_03,Quản lý kinh tế,A01,2025,22.0,,THPT
THP,Trường Đại Học Hải Phòng,7310101_03,Quản lý kinh tế,D01,2025,22.0,,THPT
THP,Trường Đại Học Hải Phòng,7310101_03,Quản lý kinh tế,D01,2025,22.0,,THPT
THP,Trường Đại Học Hải Phòng,7310101_04,Logistics và vận tải đa phương thức,A00,2025,23.0,,THPT
THP,Trường Đại Học Hải Phòng,7310101_04,Logistics và vận tải đa phương thức,A00,2025,23.0,,THPT
THP,Trường Đại Học Hải Phòng,7310101_04,Logistics và vận tải đa phương thức,A01,2025,23.0,,THPT
THP,Trường Đại Học Hải Phòng,7310101_04,Logistics và vận tải đa phương thức,A01,2025,23.0,,THPT
THP,Trường Đại Học Hải Phòng,7310101_04,Logistics và vận tải đa phương thức,D01,2025,23.0,,THPT
THP,Trường Đại Học Hải Phòng,7310101_04,Logistics và vận tải đa phương thức,D01,2025,23.0,,THPT
THP,Trường Đại Học Hải Phòng,7310101_20,Logistics và vận tải đa phương thức (CLC),A00,2025,23.5,,THPT
THP,Trường Đại Học Hải Phòng,7310101_20,Logistics và vận tải đa phương thức (CLC),A00,2025,23.5,,THPT
THP,Trường Đại Học Hải Phòng,7310101_20,Logistics và vận tải đa phương thức (CLC),A01,2025,23.5,,THPT
THP,Trường Đại Học Hải Phòng,7310101_20,Logistics và vận tải đa phương thức (CLC),A01,2025,23.5,,THPT
THP,Trường Đại Học Hải Phòng,7310101_20,Logistics và vận tải đa phương thức (CLC),D01,2025,23.5,,THPT
THP,Trường Đại Học Hải Phòng,7310101_20,Logistics và vận tải đa phương thức (CLC),D01,2025,23.5,,THPT
THP,Trường Đại Học Hải Phòng,7340101_01,Quản trị kinh doanh,A00,2025,22.0,,THPT
THP,Trường Đại Học Hải Phòng,7340101_01,Quản trị kinh doanh,A00,2025,22.0,,THPT
THP,Trường Đại Học Hải Phòng,7340101_01,Quản trị kinh doanh,A01,2025,22.0,,THPT
THP,Trường Đại Học Hải Phòng,7340101_01,Quản trị kinh doanh,A01,2025,22.0,,THPT
THP,Trường Đại Học Hải Phòng,7340101_01,Quản trị kinh doanh,D01,2025,22.0,,THPT
THP,Trường Đại Học Hải Phòng,7340101_01,Quản trị kinh doanh,D01,2025,22.0,,THPT
THP,Trường Đại Học Hải Phòng,7340101_02,Quản trị tài chính kế toán,A00,2025,22.0,,THPT
THP,Trường Đại Học Hải Phòng,7340101_02,Quản trị tài chính kế toán,A00,2025,22.0,,THPT
THP,Trường Đại Học Hải Phòng,7340101_02,Quản trị tài chính kế toán,A01,2025,22.0,,THPT
THP,Trường Đại Học Hải Phòng,7340101_02,Quản trị tài chính kế toán,A01,2025,22.0,,THPT
THP,Trường Đại Học Hải Phòng,7340101_02,Quản trị tài chính kế toán,D01,2025,22.0,,THPT
THP,Trường Đại Học Hải Phòng,7340101_02,Quản trị tài chính kế toán,D01,2025,22.0,,THPT
THP,Trường Đại Học Hải Phòng,7340101_20,Kinh doanh số và đổi mới sáng tạo (CLC),A00,2025,20.25,,THPT
THP,Trường Đại Học Hải Phòng,7340101_20,Kinh doanh số và đổi mới sáng tạo (CLC),A00,2025,20.25,,THPT
THP,Trường Đại Học Hải Phòng,7340101_20,Kinh doanh số và đổi mới sáng tạo (CLC),A01,2025,20.25,,THPT
THP,Trường Đại Học Hải Phòng,7340101_20,Kinh doanh số và đổi mới sáng tạo (CLC),A01,2025,20.25,,THPT
THP,Trường Đại Học Hải Phòng,7340101_20,Kinh doanh số và đổi mới sáng tạo (CLC),D01,2025,20.25,,THPT
THP,Trường Đại Học Hải Phòng,7340101_20,Kinh doanh số và đổi mới sáng tạo (CLC),D01,2025,20.25,,THPT
THP,Trường Đại Học Hải Phòng,7340115_01,Marketing số,A00,2025,22.0,,THPT
THP,Trường Đại Học Hải Phòng,7340115_01,Marketing số,A00,2025,22.0,,THPT
THP,Trường Đại Học Hải Phòng,7340115_01,Marketing số,A01,2025,22.0,,THPT
THP,Trường Đại Học Hải Phòng,7340115_01,Marketing số,A01,2025,22.0,,THPT
THP,Trường Đại Học Hải Phòng,7340115_01,Marketing số,D01,2025,22.0,,THPT
THP,Trường Đại Học Hải Phòng,7340115_01,Marketing số,D01,2025,22.0,,THPT
THP,Trường Đại Học Hải Phòng,7340122_01,Thương mại điện tử,A00,2025,22.0,,THPT
THP,Trường Đại Học Hải Phòng,7340122_01,Thương mại điện tử,A00,2025,22.0,,THPT
THP,Trường Đại Học Hải Phòng,7340122_01,Thương mại điện tử,A01,2025,22.0,,THPT
THP,Trường Đại Học Hải Phòng,7340122_01,Thương mại điện tử,A01,2025,22.0,,THPT
THP,Trường Đại Học Hải Phòng,7340122_01,Thương mại điện tử,D01,2025,22.0,,THPT
THP,Trường Đại Học Hải Phòng,7340122_01,Thương mại điện tử,D01,2025,22.0,,THPT
THP,Trường Đại Học Hải Phòng,7340201_02,Tài chính doanh nghiệp,A00,2025,19.25,,THPT
THP,Trường Đại Học Hải Phòng,7340201_02,Tài chính doanh nghiệp,A00,2025,19.25,,THPT
THP,Trường Đại Học Hải Phòng,7340201_02,Tài chính doanh nghiệp,A01,2025,19.25,,THPT
THP,Trường Đại Học Hải Phòng,7340201_02,Tài chính doanh nghiệp,A01,2025,19.25,,THPT
THP,Trường Đại Học Hải Phòng,7340201_02,Tài chính doanh nghiệp,D01,2025,19.25,,THPT
THP,Trường Đại Học Hải Phòng,7340201_02,Tài chính doanh nghiệp,D01,2025,19.25,,THPT
THP,Trường Đại Học Hải Phòng,7340201_02,Tài chính doanh nghiệp,D07,2025,19.25,,THPT
THP,Trường Đại Học Hải Phòng,7340201_02,Tài chính doanh nghiệp,D07,2025,19.25,,THPT
THP,Trường Đại Học Hải Phòng,7340301_02,Kế toán doanh nghiệp,A00,2025,20.5,,THPT
THP,Trường Đại Học Hải Phòng,7340301_02,Kế toán doanh nghiệp,A00,2025,20.5,,THPT
THP,Trường Đại Học Hải Phòng,7340301_02,Kế toán doanh nghiệp,A01,2025,20.5,,THPT
THP,Trường Đại Học Hải Phòng,7340301_02,Kế toán doanh nghiệp,A01,2025,20.5,,THPT
THP,Trường Đại Học Hải Phòng,7340301_02,Kế toán doanh nghiệp,D01,2025,20.5,,THPT
THP,Trường Đại Học Hải Phòng,7340301_02,Kế toán doanh nghiệp,D01,2025,20.5,,THPT
THP,Trường Đại Học Hải Phòng,7340301_02,Kế toán doanh nghiệp,D07,2025,20.5,,THPT
THP,Trường Đại Học Hải Phòng,7340301_02,Kế toán doanh nghiệp,D07,2025,20.5,,THPT
THP,Trường Đại Học Hải Phòng,7340301_03,Kế toán - Kiểm toán,A00,2025,21.25,,THPT
THP,Trường Đại Học Hải Phòng,7340301_03,Kế toán - Kiểm toán,A00,2025,21.25,,THPT
THP,Trường Đại Học Hải Phòng,7340301_03,Kế toán - Kiểm toán,A01,2025,21.25,,THPT
THP,Trường Đại Học Hải Phòng,7340301_03,Kế toán - Kiểm toán,A01,2025,21.25,,THPT
THP,Trường Đại Học Hải Phòng,7340301_03,Kế toán - Kiểm toán,D01,2025,21.25,,THPT
THP,Trường Đại Học Hải Phòng,7340301_03,Kế toán - Kiểm toán,D01,2025,21.25,,THPT
THP,Trường Đại Học Hải Phòng,7340301_03,Kế toán - Kiểm toán,D07,2025,21.25,,THPT
THP,Trường Đại Học Hải Phòng,7340301_03,Kế toán - Kiểm toán,D07,2025,21.25,,THPT
THP,Trường Đại Học Hải Phòng,7340301_20,Kế toán doanh nghiệp theo định hướng ACCA (CLC),A00,2025,19.0,,THPT
THP,Trường Đại Học Hải Phòng,7340301_20,Kế toán doanh nghiệp theo định hướng ACCA (CLC),A00,2025,19.0,,THPT
THP,Trường Đại Học Hải Phòng,7340301_20,Kế toán doanh nghiệp theo định hướng ACCA (CLC),A01,2025,19.0,,THPT
THP,Trường Đại Học Hải Phòng,7340301_20,Kế toán doanh nghiệp theo định hướng ACCA (CLC),A01,2025,19.0,,THPT
THP,Trường Đại Học Hải Phòng,7340301_20,Kế toán doanh nghiệp theo định hướng ACCA (CLC),D01,2025,19.0,,THPT
THP,Trường Đại Học Hải Phòng,7340301_20,Kế toán doanh nghiệp theo định hướng ACCA (CLC),D01,2025,19.0,,THPT
THP,Trường Đại Học Hải Phòng,7340301_20,Kế toán doanh nghiệp theo định hướng ACCA (CLC),D07,2025,19.0,,THPT
THP,Trường Đại Học Hải Phòng,7340301_20,Kế toán doanh nghiệp theo định hướng ACCA (CLC),D07,2025,19.0,,THPT
THP,Trường Đại Học Hải Phòng,7380101_01,Luật,A00,2025,24.5,,THPT
THP,Trường Đại Học Hải Phòng,7380101_01,Luật,A00,2025,24.5,,THPT
THP,Trường Đại Học Hải Phòng,7380101_01,Luật,A00,2025,24.5,,THPT
THP,Trường Đại Học Hải Phòng,7380101_01,Luật,C00,2025,24.5,,THPT
THP,Trường Đại Học Hải Phòng,7380101_01,Luật,C00,2025,24.5,,THPT
THP,Trường Đại Học Hải Phòng,7380101_01,Luật,C00,2025,24.5,,THPT
THP,Trường Đại Học Hải Phòng,7380101_01,Luật,D01,2025,24.5,,THPT
THP,Trường Đại Học Hải Phòng,7380101_01,Luật,D01,2025,24.5,,THPT
THP,Trường Đại Học Hải Phòng,7380101_01,Luật,D01,2025,24.5,,THPT
THP,Trường Đại Học Hải Phòng,7380101_01,Luật,D07,2025,24.5,,THPT
THP,Trường Đại Học Hải Phòng,7480201_01,Công nghệ thông tin,A00,2025,20.0,,THPT
THP,Trường Đại Học Hải Phòng,7480201_01,Công nghệ thông tin,A00,2025,20.0,,THPT
THP,Trường Đại Học Hải Phòng,7480201_01,Công nghệ thông tin,A01,2025,20.0,,THPT
THP,Trường Đại Học Hải Phòng,7480201_01,Công nghệ thông tin,A01,2025,20.0,,THPT
THP,Trường Đại Học Hải Phòng,7480201_01,Công nghệ thông tin,D01,2025,20.0,,THPT
THP,Trường Đại Học Hải Phòng,7480201_01,Công nghệ thông tin,D01,2025,20.0,,THPT
THP,Trường Đại Học Hải Phòng,7480201_02,Trí tuệ nhân tạo và Khoa học dữ liệu,A00,2025,20.0,,THPT
THP,Trường Đại Học Hải Phòng,7480201_02,Trí tuệ nhân tạo và Khoa học dữ liệu,A00,2025,20.0,,THPT
THP,Trường Đại Học Hải Phòng,7480201_02,Trí tuệ nhân tạo và Khoa học dữ liệu,A01,2025,20.0,,THPT
THP,Trường Đại Học Hải Phòng,7480201_02,Trí tuệ nhân tạo và Khoa học dữ liệu,A01,2025,20.0,,THPT
THP,Trường Đại Học Hải Phòng,7480201_02,Trí tuệ nhân tạo và Khoa học dữ liệu,D01,2025,20.0,,THPT
THP,Trường Đại Học Hải Phòng,7480201_02,Trí tuệ nhân tạo và Khoa học dữ liệu,D01,2025,20.0,,THPT
THP,Trường Đại Học Hải Phòng,7480201_20,Thiết kế game và Multimedia (CLC),A00,2025,20.0,,THPT
THP,Trường Đại Học Hải Phòng,7480201_20,Thiết kế game và Multimedia (CLC),A00,2025,20.0,,THPT
THP,Trường Đại Học Hải Phòng,7480201_20,Thiết kế game và Multimedia (CLC),A01,2025,20.0,,THPT
THP,Trường Đại Học Hải Phòng,7480201_20,Thiết kế game và Multimedia (CLC),A01,2025,20.0,,THPT
THP,Trường Đại Học Hải Phòng,7480201_20,Thiết kế game và Multimedia (CLC),D01,2025,20.0,,THPT
THP,Trường Đại Học Hải Phòng,7480201_20,Thiết kế game và Multimedia (CLC),D01,2025,20.0,,THPT
THP,Trường Đại Học Hải Phòng,7510103_02,Xây dựng dân dụng và công nghiệp,A00,2025,17.0,,THPT
THP,Trường Đại Học Hải Phòng,7510103_02,Xây dựng dân dụng và công nghiệp,A00,2025,17.0,,THPT
THP,Trường Đại Học Hải Phòng,7510103_02,Xây dựng dân dụng và công nghiệp,A01,2025,17.0,,THPT
THP,Trường Đại Học Hải Phòng,7510103_02,Xây dựng dân dụng và công nghiệp,A01,2025,17.0,,THPT
THP,Trường Đại Học Hải Phòng,7510103_02,Xây dựng dân dụng và công nghiệp,D01,2025,17.0,,THPT
THP,Trường Đại Học Hải Phòng,7510103_02,Xây dựng dân dụng và công nghiệp,D01,2025,17.0,,THPT
THP,Trường Đại Học Hải Phòng,7510202_01,Công nghệ chế tạo máy,A00,2025,18.5,,THPT
THP,Trường Đại Học Hải Phòng,7510202_01,Công nghệ chế tạo máy,A00,2025,18.5,,THPT
THP,Trường Đại Học Hải Phòng,7510202_01,Công nghệ chế tạo máy,A01,2025,18.5,,THPT
THP,Trường Đại Học Hải Phòng,7510202_01,Công nghệ chế tạo máy,A01,2025,18.5,,THPT
THP,Trường Đại Học Hải Phòng,7510202_01,Công nghệ chế tạo máy,D01,2025,18.5,,THPT
THP,Trường Đại Học Hải Phòng,7510202_01,Công nghệ chế tạo máy,D01,2025,18.5,,THPT
THP,Trường Đại Học Hải Phòng,7510203_01,Công nghệ kỹ thuật cơ điện tử,A00,2025,19.25,,THPT
THP,Trường Đại Học Hải Phòng,7510203_01,Công nghệ kỹ thuật cơ điện tử,A00,2025,19.25,,THPT
THP,Trường Đại Học Hải Phòng,7510203_01,Công nghệ kỹ thuật cơ điện tử,A01,2025,19.25,,THPT
THP,Trường Đại Học Hải Phòng,7510203_01,Công nghệ kỹ thuật cơ điện tử,A01,2025,19.25,,THPT
THP,Trường Đại Học Hải Phòng,7510203_01,Công nghệ kỹ thuật cơ điện tử,D01,2025,19.25,,THPT
THP,Trường Đại Học Hải Phòng,7510203_01,Công nghệ kỹ thuật cơ điện tử,D01,2025,19.25,,THPT
THP,Trường Đại Học Hải Phòng,7510301_02,Điện công nghiệp và dân dụng,A00,2025,18.5,,THPT
THP,Trường Đại Học Hải Phòng,7510301_02,Điện công nghiệp và dân dụng,A00,2025,18.5,,THPT
THP,Trường Đại Học Hải Phòng,7510301_02,Điện công nghiệp và dân dụng,A01,2025,18.5,,THPT
THP,Trường Đại Học Hải Phòng,7510301_02,Điện công nghiệp và dân dụng,A01,2025,18.5,,THPT
THP,Trường Đại Học Hải Phòng,7510301_02,Điện công nghiệp và dân dụng,D01,2025,18.5,,THPT
THP,Trường Đại Học Hải Phòng,7510301_02,Điện công nghiệp và dân dụng,D01,2025,18.5,,THPT
THP,Trường Đại Học Hải Phòng,7510301_20,"Công nghệ điện tử, vi mạch và bán dẫn (CLC)",A00,2025,19.25,,THPT
THP,Trường Đại Học Hải Phòng,7510301_20,"Công nghệ điện tử, vi mạch và bán dẫn (CLC)",A00,2025,19.25,,THPT
THP,Trường Đại Học Hải Phòng,7510301_20,"Công nghệ điện tử, vi mạch và bán dẫn (CLC)",A01,2025,19.25,,THPT
THP,Trường Đại Học Hải Phòng,7510301_20,"Công nghệ điện tử, vi mạch và bán dẫn (CLC)",A01,2025,19.25,,THPT
THP,Trường Đại Học Hải Phòng,7510301_20,"Công nghệ điện tử, vi mạch và bán dẫn (CLC)",D01,2025,19.25,,THPT
THP,Trường Đại Học Hải Phòng,7510301_20,"Công nghệ điện tử, vi mạch và bán dẫn (CLC)",D01,2025,19.25,,THPT
THP,Trường Đại Học Hải Phòng,7510303_02,Điện tự động công nghiệp,A00,2025,19.25,,THPT
THP,Trường Đại Học Hải Phòng,7510303_02,Điện tự động công nghiệp,A00,2025,19.25,,THPT
THP,Trường Đại Học Hải Phòng,7510303_02,Điện tự động công nghiệp,A01,2025,19.25,,THPT
THP,Trường Đại Học Hải Phòng,7510303_02,Điện tự động công nghiệp,A01,2025,19.25,,THPT
THP,Trường Đại Học Hải Phòng,7510303_02,Điện tự động công nghiệp,D01,2025,19.25,,THPT
THP,Trường Đại Học Hải Phòng,7510303_02,Điện tự động công nghiệp,D01,2025,19.25,,THPT
THP,Trường Đại Học Hải Phòng,7580101_01,Kiến trúc,A00,2025,17.25,,THPT
THP,Trường Đại Học Hải Phòng,7580101_01,Kiến trúc,A00,2025,17.25,,THPT
THP,Trường Đại Học Hải Phòng,7580101_01,Kiến trúc,A01,2025,17.25,,THPT
THP,Trường Đại Học Hải Phòng,7580101_01,Kiến trúc,A01,2025,17.25,,THPT
THP,Trường Đại Học Hải Phòng,7580101_01,Kiến trúc,D01,2025,17.25,,THPT
THP,Trường Đại Học Hải Phòng,7580101_01,Kiến trúc,D01,2025,17.25,,THPT
THP,Trường Đại Học Hải Phòng,7760101_01,Công tác xã hội,C00,2025,22.0,,THPT
THP,Trường Đại Học Hải Phòng,7760101_01,Công tác xã hội,C00,2025,22.0,,THPT
THP,Trường Đại Học Hải Phòng,7760101_01,Công tác xã hội,D01,2025,22.0,,THPT
THP,Trường Đại Học Hải Phòng,7760101_01,Công tác xã hội,D01,2025,22.0,,THPT
THP,Trường Đại Học Hải Phòng,7810103_01,Quản trị dịch vụ du lịch và lữ hành,C00,2025,24.0,,THPT
THP,Trường Đại Học Hải Phòng,7810103_01,Quản trị dịch vụ du lịch và lữ hành,C00,2025,24.0,,THPT
THP,Trường Đại Học Hải Phòng,7810103_01,Quản trị dịch vụ du lịch và lữ hành,D01,2025,24.0,,THPT
THP,Trường Đại Học Hải Phòng,7810103_01,Quản trị dịch vụ du lịch và lữ hành,D01,2025,24.0,,THPT
THP,Trường Đại Học Hải Phòng,7810103_02,"Quản trị lữ hành, khách sạn",C00,2025,23.5,,THPT
THP,Trường Đại Học Hải Phòng,7810103_02,"Quản trị lữ hành, khách sạn",C00,2025,23.5,,THPT
THP,Trường Đại Học Hải Phòng,7810103_02,"Quản trị lữ hành, khách sạn",D01,2025,23.5,,THPT
THP,Trường Đại Học Hải Phòng,7810103_02,"Quản trị lữ hành, khách sạn",D01,2025,23.5,,THPT
THP,Trường Đại Học Hải Phòng,7810103_03,Hướng dẫn du lịch,C00,2025,22.25,,THPT
THP,Trường Đại Học Hải Phòng,7810103_03,Hướng dẫn du lịch,C00,2025,22.25,,THPT
THP,Trường Đại Học Hải Phòng,7810103_03,Hướng dẫn du lịch,D01,2025,22.25,,THPT
THP,Trường Đại Học Hải Phòng,7810103_03,Hướng dẫn du lịch,D01,2025,22.25,,THPT
THU,Trường Đại học Y khoa Tokyo Việt Nam,7720301,Điều dưỡng,A00,2025,17.0,,THPT
THU,Trường Đại học Y khoa Tokyo Việt Nam,7720301,Điều dưỡng,A01,2025,17.0,,THPT
THU,Trường Đại học Y khoa Tokyo Việt Nam,7720301,Điều dưỡng,B00,2025,17.0,,THPT
THU,Trường Đại học Y khoa Tokyo Việt Nam,7720301,Điều dưỡng,D07,2025,17.0,,THPT
THU,Trường Đại học Y khoa Tokyo Việt Nam,7720601,Kỹ thuật xét nghiệm y học,A00,2025,17.0,,THPT
THU,Trường Đại học Y khoa Tokyo Việt Nam,7720601,Kỹ thuật xét nghiệm y học,B00,2025,17.0,,THPT
THU,Trường Đại học Y khoa Tokyo Việt Nam,7720601,Kỹ thuật xét nghiệm y học,D07,2025,17.0,,THPT
THU,Trường Đại học Y khoa Tokyo Việt Nam,7720602,Kỹ thuật hình ảnh y học,A00,2025,17.0,,THPT
THU,Trường Đại học Y khoa Tokyo Việt Nam,7720602,Kỹ thuật hình ảnh y học,A01,2025,17.0,,THPT
THU,Trường Đại học Y khoa Tokyo Việt Nam,7720602,Kỹ thuật hình ảnh y học,B00,2025,17.0,,THPT
THU,Trường Đại học Y khoa Tokyo Việt Nam,7720602,Kỹ thuật hình ảnh y học,D07,2025,17.0,,THPT
THU,Trường Đại học Y khoa Tokyo Việt Nam,7720603,Kỹ thuật phục hồi chức năng,A00,2025,17.0,,THPT
THU,Trường Đại học Y khoa Tokyo Việt Nam,7720603,Kỹ thuật phục hồi chức năng,A01,2025,17.0,,THPT
THU,Trường Đại học Y khoa Tokyo Việt Nam,7720603,Kỹ thuật phục hồi chức năng,B00,2025,17.0,,THPT
THU,Trường Đại học Y khoa Tokyo Việt Nam,7720603,Kỹ thuật phục hồi chức năng,D07,2025,17.0,,THPT
THV,Trường Đại Học Hùng Vương,7140202,Giáo dục Tiểu học,D01,2025,25.86,,THPT
THV,Trường Đại Học Hùng Vương,7140202,Giáo dục Tiểu học,D01,2025,25.86,,THPT
THV,Đại học Hùng Vương,7140202,Giáo dục Tiểu học,D01,2025,25.86,,THPT
THV,Đại học Hùng Vương,7140209,Sư phạm Toán học,A00,2025,26.92,,THPT
THV,Trường Đại Học Hùng Vương,7140209,Sư phạm Toán học,A00,2025,0.0,,THPT
THV,Trường Đại Học Hùng Vương,7140209,Sư phạm Toán (Toán tin),A00,2025,26.92,,THPT
THV,Trường Đại Học Hùng Vương,7140209,Sư phạm Toán học,D01,2025,0.0,,THPT
THV,Trường Đại Học Hùng Vương,7140209,Sư phạm Toán (Toán tin),D01,2025,26.92,,THPT
THV,Đại học Hùng Vương,7140209,Sư phạm Toán học,D01,2025,26.92,,THPT
THV,Đại học Hùng Vương,7140217,Sư phạm Ngữ văn,C00,2025,27.9,,THPT
THV,Trường Đại Học Hùng Vương,7140217,Sư phạm Ngữ văn,C00,2025,27.9,,THPT
THV,Đại học Hùng Vương,7140231,Sư phạm Tiếng Anh,D01,2025,26.71,,THPT
THV,Trường Đại Học Hùng Vương,7140231,Sư phạm Tiếng Anh,D01,2025,26.71,,THPT
THV,Trường Đại Học Hùng Vương,7140231,Sư phạm Tiếng Anh,D01,2025,26.71,,THPT
THV,Đại học Hùng Vương,7140247,Sư phạm khoa học tự nhiên,A00,2025,26.51,,THPT
THV,Trường Đại Học Hùng Vương,7140247,Sư phạm Khoa học tự nhiên,A00,2025,26.51,,THPT
THV,Trường Đại Học Hùng Vương,7140247,Sư phạm Khoa học tự nhiên,A00,2025,26.51,,THPT
THV,Trường Đại Học Hùng Vương,7140247,Sư phạm Khoa học tự nhiên,A01,2025,26.51,,THPT
THV,Trường Đại Học Hùng Vương,7140247,Sư phạm Khoa học tự nhiên,A01,2025,26.51,,THPT
THV,Đại học Hùng Vương,7140247,Sư phạm khoa học tự nhiên,A01,2025,26.51,,THPT
THV,Trường Đại Học Hùng Vương,7140247,Sư phạm Khoa học tự nhiên,B00,2025,26.51,,THPT
THV,Trường Đại Học Hùng Vương,7140247,Sư phạm Khoa học tự nhiên,B00,2025,26.51,,THPT
THV,Đại học Hùng Vương,7140247,Sư phạm khoa học tự nhiên,B00,2025,26.51,,THPT
THV,Đại học Hùng Vương,7140249,Sư phạm Lịch sử - Địa lý,C00,2025,27.58,,THPT
THV,Trường Đại Học Hùng Vương,7140249,Sư phạm Lịch sử - Địa lí,C00,2025,0.0,,THPT
THV,Trường Đại Học Hùng Vương,7140249,Sư phạm Lịch sử - Địa lý,C00,2025,27.58,,THPT
THV,Đại học Hùng Vương,7220201,Ngôn ngữ Anh,D01,2025,21.0,,THPT
THV,Trường Đại Học Hùng Vương,7220201,Ngôn ngữ Anh,D01,2025,21.0,,THPT
THV,Trường Đại Học Hùng Vương,7220201,Ngôn ngữ Anh,D01,2025,21.0,,THPT
THV,Đại học Hùng Vương,7220204,Ngôn ngữ Trung Quốc,D01,2025,22.5,,THPT
THV,Trường Đại Học Hùng Vương,7220204,Ngôn ngữ Trung Quốc,D01,2025,22.5,,THPT
THV,Đại học Hùng Vương,7310101,Kinh tế,D01,2025,18.7,,THPT
THV,Trường Đại Học Hùng Vương,7310101,Kinh tế,D01,2025,18.7,,THPT
THV,Trường Đại Học Hùng Vương,7310101,Kinh tế,D01,2025,18.7,,THPT
THV,Đại học Hùng Vương,7340101,Quản trị Kinh doanh,D01,2025,20.0,,THPT
THV,Trường Đại Học Hùng Vương,7340101,Quản trị kinh doanh,D01,2025,0.0,,THPT
THV,Trường Đại Học Hùng Vương,7340101,Quản Trị kinh doanh,D01,2025,20.0,,THPT
THV,Đại học Hùng Vương,7340201,Tài chính – Ngân hàng,D01,2025,18.6,,THPT
THV,Trường Đại Học Hùng Vương,7340201,Tài chính - Ngân hàng,D01,2025,18.6,,THPT
THV,Trường Đại Học Hùng Vương,7340201,Tài chính - Ngân hàng,D01,2025,18.6,,THPT
THV,Đại học Hùng Vương,7340301,Kế toán,D01,2025,18.6,,THPT
THV,Trường Đại Học Hùng Vương,7340301,Kế toán,D01,2025,0.0,,THPT
THV,Trường Đại Học Hùng Vương,7340301,Kế Toán,D01,2025,18.6,,THPT
THV,Đại học Hùng Vương,7480201,Công nghệ thông tin,D01,2025,18.0,,THPT
THV,Trường Đại Học Hùng Vương,7480201,Công nghệ thông tin,D01,2025,18.0,,THPT
THV,Trường Đại Học Hùng Vương,7480201,Công nghệ thông tin,D01,2025,18.0,,THPT
THV,Đại học Hùng Vương,7510201,Công nghệ kỹ thuật cơ khí (chuyên ngành Cơ khí chế tạo),A01,2025,18.0,,THPT
THV,Trường Đại Học Hùng Vương,7510201,Công nghệ Kỹ thuật Cơ khí,A01,2025,18.0,,THPT
THV,Trường Đại Học Hùng Vương,7510201,Công nghệ Kỹ thuật Cơ khí,A01,2025,18.0,,THPT
THV,Trường Đại Học Hùng Vương,7510201,Công nghệ Kỹ thuật Cơ khí,D01,2025,18.0,,THPT
THV,Đại học Hùng Vương,7510201,Công nghệ kỹ thuật cơ khí (chuyên ngành Cơ khí chế tạo),D01,2025,18.0,,THPT
THV,Trường Đại Học Hùng Vương,7510201,Công nghệ Kỹ thuật Cơ khí,D01,2025,18.0,,THPT
THV,Đại học Hùng Vương,7510301,"Công nghệ kỹ thuật điện, điện tử",A01,2025,18.0,,THPT
THV,Trường Đại Học Hùng Vương,7510301,"Công nghệ Kỹ thuật điện, điện tử",A01,2025,18.0,,THPT
THV,Trường Đại Học Hùng Vương,7510301,"Công nghệ Kỹ thuật điện, điện tử",A01,2025,18.0,,THPT
THV,Trường Đại Học Hùng Vương,7510301,"Công nghệ Kỹ thuật điện, điện tử",D01,2025,18.0,,THPT
THV,Đại học Hùng Vương,7510301,"Công nghệ kỹ thuật điện, điện tử",D01,2025,18.0,,THPT
THV,Trường Đại Học Hùng Vương,7510301,"Công nghệ Kỹ thuật điện, điện tử",D01,2025,18.0,,THPT
THV,Đại học Hùng Vương,7620105,Chăn nuôi,D01,2025,18.0,,THPT
THV,Trường Đại Học Hùng Vương,7620105,Khoa học cây trồng,D01,2025,0.0,,THPT
THV,Trường Đại Học Hùng Vương,7620105,Chăn nuôi,D01,2025,18.0,,THPT
THV,Đại học Hùng Vương,7620110,Khoa học cây trồng,D01,2025,18.0,,THPT
THV,Trường Đại Học Hùng Vương,7620110,Chăn nuôi,D01,2025,0.0,,THPT
THV,Trường Đại Học Hùng Vương,7620110,Khoa học cây trồng,D01,2025,18.0,,THPT
THV,Đại học Hùng Vương,7640101,Thú y,D01,2025,18.0,,THPT
THV,Trường Đại Học Hùng Vương,7640101,Thú y,D01,2025,18.0,,THPT
THV,Trường Đại Học Hùng Vương,7640101,Thú y,D01,2025,18.0,,THPT
THV,Đại học Hùng Vương,7720301,Điều dưỡng,B00,2025,21.0,,THPT
THV,Trường Đại Học Hùng Vương,7720301,Điều dưỡng,B00,2025,21.0,,THPT
THV,Trường Đại Học Hùng Vương,7720301,Điều dưỡng,B00,2025,21.0,,THPT
THV,Trường Đại Học Hùng Vương,7720301,Điều dưỡng,D01,2025,21.0,,THPT
THV,Trường Đại Học Hùng Vương,7720301,Điều dưỡng,D01,2025,21.0,,THPT
THV,Đại học Hùng Vương,7720301,Điều dưỡng,D01,2025,21.0,,THPT
THV,Đại học Hùng Vương,7760101,Công tác xã hội,C00,2025,18.5,,THPT
THV,Trường Đại Học Hùng Vương,7760101,Công tác xã hội,C00,2025,18.5,,THPT
THV,Trường Đại Học Hùng Vương,7760101,Công tác xã hội,C00,2025,18.5,,THPT
THV,Trường Đại Học Hùng Vương,7760101,Công tác xã hội,D01,2025,18.5,,THPT
THV,Đại học Hùng Vương,7760101,Công tác xã hội,D01,2025,18.5,,THPT
THV,Trường Đại Học Hùng Vương,7760101,Công tác xã hội,D01,2025,18.5,,THPT
THV,Đại học Hùng Vương,7810101,Du lịch,C00,2025,18.5,,THPT
THV,Trường Đại Học Hùng Vương,7810101,Du lịch,C00,2025,18.5,,THPT
THV,Trường Đại Học Hùng Vương,7810101,Du lịch,C00,2025,18.5,,THPT
THV,Trường Đại Học Hùng Vương,7810101,Du lịch,D01,2025,18.5,,THPT
THV,Đại học Hùng Vương,7810101,Du lịch,D01,2025,18.5,,THPT
THV,Trường Đại Học Hùng Vương,7810101,Du lịch,D01,2025,18.5,,THPT
THV,Đại học Hùng Vương,7810103,Quản trị dịch vụ du lịch và lữ hành,C00,2025,22.0,,THPT
THV,Trường Đại Học Hùng Vương,7810103,Quản trị dịch vụ du lịch và lữ hành,C00,2025,22.0,,THPT
THV,Trường Đại Học Hùng Vương,7810103,Quản trị dịch vụ du lịch và lữ hành,C00,2025,22.0,,THPT
THV,Trường Đại Học Hùng Vương,7810103,Quản trị dịch vụ du lịch và lữ hành,D01,2025,22.0,,THPT
THV,Đại học Hùng Vương,7810103,Quản trị dịch vụ du lịch và lữ hành,D01,2025,22.0,,THPT
THV,Trường Đại Học Hùng Vương,7810103,Quản trị dịch vụ du lịch và lữ hành,D01,2025,22.0,,THPT
TKG,Đại học Kiên Giang,7140201,Giáo dục Mầm non,A00,2025,22.45,,THPT
TKG,Trường Đại học Kiên Giang,7140201,Giáo dục Mầm non,A00,2025,22.45,,THPT
TKG,Trường Đại học Kiên Giang,7140201,Giáo dục Mầm non,A01,2025,22.45,,THPT
TKG,Đại học Kiên Giang,7140201,Giáo dục Mầm non,A01,2025,22.45,,THPT
TKG,Trường Đại học Kiên Giang,7140201,Giáo dục Mầm non,D01,2025,22.45,,THPT
TKG,Đại học Kiên Giang,7140201,Giáo dục Mầm non,D01,2025,22.45,,THPT
TKG,Đại học Kiên Giang,7140202,Giáo dục Tiểu học,A00,2025,24.4,,THPT
TKG,Trường Đại học Kiên Giang,7140202,Giáo dục Tiểu học,A00,2025,24.4,,THPT
TKG,Trường Đại học Kiên Giang,7140202,Giáo dục Tiểu học,A01,2025,24.4,,THPT
TKG,Đại học Kiên Giang,7140202,Giáo dục Tiểu học,A01,2025,24.4,,THPT
TKG,Trường Đại học Kiên Giang,7140202,Giáo dục Tiểu học,D01,2025,24.4,,THPT
TKG,Đại học Kiên Giang,7140202,Giáo dục Tiểu học,D01,2025,24.4,,THPT
TKG,Đại học Kiên Giang,7140209,Sư phạm Toán học,A00,2025,24.85,,THPT
TKG,Trường Đại học Kiên Giang,7140209,Sư phạm Toán học,A00,2025,24.85,,THPT
TKG,Trường Đại học Kiên Giang,7140209,Sư phạm Toán học,A01,2025,24.85,,THPT
TKG,Đại học Kiên Giang,7140209,Sư phạm Toán học,A01,2025,24.85,,THPT
TKG,Trường Đại học Kiên Giang,7140209,Sư phạm Toán học,D01,2025,24.85,,THPT
TKG,Đại học Kiên Giang,7140209,Sư phạm Toán học,D01,2025,24.85,,THPT
TKG,Trường Đại học Kiên Giang,7140209,Sư phạm Toán học,D09,2025,24.85,,THPT
TKG,Đại học Kiên Giang,7140209,Sư phạm Toán học,D09,2025,24.85,,THPT
TKG,Đại học Kiên Giang,7220101,Tiếng Việt & Văn hóa Việt Nam,C00,2025,20.6,,THPT
TKG,Trường Đại học Kiên Giang,7220101,Tiếng Việt và văn hóa Việt Nam,C00,2025,20.6,,THPT
TKG,Trường Đại học Kiên Giang,7220101,Tiếng Việt và văn hóa Việt Nam,D01,2025,20.6,,THPT
TKG,Đại học Kiên Giang,7220101,Tiếng Việt & Văn hóa Việt Nam,D01,2025,20.6,,THPT
TKG,Đại học Kiên Giang,7220201,Ngôn ngữ Anh,D01,2025,16.0,,THPT
TKG,Trường Đại học Kiên Giang,7220201,Ngôn ngữ Anh,D01,2025,16.0,,THPT
TKG,Trường Đại học Kiên Giang,7220201,Ngôn ngữ Anh,D09,2025,16.0,,THPT
TKG,Đại học Kiên Giang,7220201,Ngôn ngữ Anh,D09,2025,16.0,,THPT
TKG,Đại học Kiên Giang,7320104,Truyền thông đa phương tiện,A00,2025,18.85,,THPT
TKG,Trường Đại học Kiên Giang,7320104,Truyền thông đa phương tiện,A00,2025,18.85,,THPT
TKG,Trường Đại học Kiên Giang,7320104,Truyền thông đa phương tiện,A01,2025,18.85,,THPT
TKG,Đại học Kiên Giang,7320104,Truyền thông đa phương tiện,A01,2025,18.85,,THPT
TKG,Trường Đại học Kiên Giang,7320104,Truyền thông đa phương tiện,C00,2025,18.85,,THPT
TKG,Đại học Kiên Giang,7320104,Truyền thông đa phương tiện,C00,2025,18.85,,THPT
TKG,Trường Đại học Kiên Giang,7320104,Truyền thông đa phương tiện,D01,2025,18.85,,THPT
TKG,Đại học Kiên Giang,7320104,Truyền thông đa phương tiện,D01,2025,18.85,,THPT
TKG,Đại học Kiên Giang,7340101,Quản trị Kinh doanh,A00,2025,15.5,,THPT
TKG,Trường Đại học Kiên Giang,7340101,Quản trị kinh doanh,A00,2025,15.5,,THPT
TKG,Trường Đại học Kiên Giang,7340101,Quản trị kinh doanh,A01,2025,15.5,,THPT
TKG,Đại học Kiên Giang,7340101,Quản trị Kinh doanh,A01,2025,15.5,,THPT
TKG,Trường Đại học Kiên Giang,7340101,Quản trị kinh doanh,D01,2025,15.5,,THPT
TKG,Đại học Kiên Giang,7340101,Quản trị Kinh doanh,D01,2025,15.5,,THPT
TKG,Trường Đại học Kiên Giang,7340101,Quản trị kinh doanh,D09,2025,15.5,,THPT
TKG,Đại học Kiên Giang,7340101,Quản trị Kinh doanh,D09,2025,15.5,,THPT
TKG,Đại học Kiên Giang,7340120,Ngành Kinh doanh quốc tế,A00,2025,15.0,,THPT
TKG,Trường Đại học Kiên Giang,7340120,Kinh doanh Quốc tế,A00,2025,15.0,,THPT
TKG,Trường Đại học Kiên Giang,7340120,Kinh doanh Quốc tế,A01,2025,15.0,,THPT
TKG,Đại học Kiên Giang,7340120,Ngành Kinh doanh quốc tế,A01,2025,15.0,,THPT
TKG,Trường Đại học Kiên Giang,7340120,Kinh doanh Quốc tế,D01,2025,15.0,,THPT
TKG,Đại học Kiên Giang,7340120,Ngành Kinh doanh quốc tế,D01,2025,15.0,,THPT
TKG,Trường Đại học Kiên Giang,7340120,Kinh doanh Quốc tế,D09,2025,15.0,,THPT
TKG,Đại học Kiên Giang,7340120,Ngành Kinh doanh quốc tế,D09,2025,15.0,,THPT
TKG,Đại học Kiên Giang,7340122,Thương mại điện tử,A00,2025,15.0,,THPT
TKG,Trường Đại học Kiên Giang,7340122,Thương mại điện tử,A00,2025,15.0,,THPT
TKG,Trường Đại học Kiên Giang,7340122,Thương mại điện tử,A01,2025,15.0,,THPT
TKG,Đại học Kiên Giang,7340122,Thương mại điện tử,A01,2025,15.0,,THPT
TKG,Trường Đại học Kiên Giang,7340122,Thương mại điện tử,D01,2025,15.0,,THPT
TKG,Đại học Kiên Giang,7340122,Thương mại điện tử,D01,2025,15.0,,THPT
TKG,Trường Đại học Kiên Giang,7340122,Thương mại điện tử,D09,2025,15.0,,THPT
TKG,Đại học Kiên Giang,7340122,Thương mại điện tử,D09,2025,15.0,,THPT
TKG,Đại học Kiên Giang,7340201,Tài chính – Ngân hàng,A00,2025,15.0,,THPT
TKG,Trường Đại học Kiên Giang,7340201,Tài chính - Ngân hàng,A00,2025,15.0,,THPT
TKG,Trường Đại học Kiên Giang,7340201,Tài chính - Ngân hàng,A01,2025,15.0,,THPT
TKG,Đại học Kiên Giang,7340201,Tài chính – Ngân hàng,A01,2025,15.0,,THPT
TKG,Trường Đại học Kiên Giang,7340201,Tài chính - Ngân hàng,D01,2025,15.0,,THPT
TKG,Đại học Kiên Giang,7340201,Tài chính – Ngân hàng,D01,2025,15.0,,THPT
TKG,Trường Đại học Kiên Giang,7340201,Tài chính - Ngân hàng,D09,2025,15.0,,THPT
TKG,Đại học Kiên Giang,7340201,Tài chính – Ngân hàng,D09,2025,15.0,,THPT
TKG,Đại học Kiên Giang,7340301,Kế toán,A00,2025,15.0,,THPT
TKG,Trường Đại học Kiên Giang,7340301,Kế toán,A00,2025,15.0,,THPT
TKG,Trường Đại học Kiên Giang,7340301,Kế toán,A01,2025,15.0,,THPT
TKG,Đại học Kiên Giang,7340301,Kế toán,A01,2025,15.0,,THPT
TKG,Trường Đại học Kiên Giang,7340301,Kế toán,D01,2025,15.0,,THPT
TKG,Đại học Kiên Giang,7340301,Kế toán,D01,2025,15.0,,THPT
TKG,Trường Đại học Kiên Giang,7340301,Kế toán,D09,2025,15.0,,THPT
TKG,Đại học Kiên Giang,7340301,Kế toán,D09,2025,15.0,,THPT
TKG,Đại học Kiên Giang,7380101,Ngành Luật,C00,2025,19.2,,THPT
TKG,Trường Đại học Kiên Giang,7380101,Luật,C00,2025,19.2,,THPT
TKG,Trường Đại học Kiên Giang,7380101,Luật,D01,2025,19.2,,THPT
TKG,Đại học Kiên Giang,7380101,Ngành Luật,D01,2025,19.2,,THPT
TKG,Đại học Kiên Giang,7420201,Công nghệ sinh học,B00,2025,15.0,,THPT
TKG,Trường Đại học Kiên Giang,7420201,Công nghệ sinh học,B00,2025,15.0,,THPT
TKG,Đại học Kiên Giang,7480201,Công nghệ thông tin,A00,2025,17.0,,THPT
TKG,Trường Đại học Kiên Giang,7480201,Công nghệ thông tin,A00,2025,17.0,,THPT
TKG,Trường Đại học Kiên Giang,7480201,Công nghệ thông tin,A01,2025,17.0,,THPT
TKG,Đại học Kiên Giang,7480201,Công nghệ thông tin,A01,2025,17.0,,THPT
TKG,Trường Đại học Kiên Giang,7480201,Công nghệ thông tin,D01,2025,17.0,,THPT
TKG,Đại học Kiên Giang,7480201,Công nghệ thông tin,D01,2025,17.0,,THPT
TKG,Trường Đại học Kiên Giang,7480201,Công nghệ thông tin,D09,2025,17.0,,THPT
TKG,Đại học Kiên Giang,7480201,Công nghệ thông tin,D09,2025,17.0,,THPT
TKG,Đại học Kiên Giang,7510103,Công nghệ kỹ thuật xây dựng (chuyên ngành Xây dựng dân dụng & Công nghiệp),A00,2025,15.0,,THPT
TKG,Trường Đại học Kiên Giang,7510103,Công nghệ kỹ thuật xây dựng,A00,2025,15.0,,THPT
TKG,Trường Đại học Kiên Giang,7510103,Công nghệ kỹ thuật xây dựng,A01,2025,15.0,,THPT
TKG,Đại học Kiên Giang,7510103,Công nghệ kỹ thuật xây dựng (chuyên ngành Xây dựng dân dụng & Công nghiệp),A01,2025,15.0,,THPT
TKG,Trường Đại học Kiên Giang,7510103,Công nghệ kỹ thuật xây dựng,D01,2025,15.0,,THPT
TKG,Đại học Kiên Giang,7510103,Công nghệ kỹ thuật xây dựng (chuyên ngành Xây dựng dân dụng & Công nghiệp),D01,2025,15.0,,THPT
TKG,Trường Đại học Kiên Giang,7510103,Công nghệ kỹ thuật xây dựng,D09,2025,15.0,,THPT
TKG,Đại học Kiên Giang,7510103,Công nghệ kỹ thuật xây dựng (chuyên ngành Xây dựng dân dụng & Công nghiệp),D09,2025,15.0,,THPT
TKG,Đại học Kiên Giang,7510205,Công nghệ kỹ thuật ô tô,A00,2025,15.5,,THPT
TKG,Trường Đại học Kiên Giang,7510205,Công nghệ kỹ thuật ô tô,A00,2025,15.5,,THPT
TKG,Trường Đại học Kiên Giang,7510205,Công nghệ kỹ thuật ô tô,A01,2025,15.5,,THPT
TKG,Đại học Kiên Giang,7510205,Công nghệ kỹ thuật ô tô,A01,2025,15.5,,THPT
TKG,Trường Đại học Kiên Giang,7510205,Công nghệ kỹ thuật ô tô,D01,2025,15.5,,THPT
TKG,Đại học Kiên Giang,7510205,Công nghệ kỹ thuật ô tô,D01,2025,15.5,,THPT
TKG,Trường Đại học Kiên Giang,7510205,Công nghệ kỹ thuật ô tô,D09,2025,15.5,,THPT
TKG,Đại học Kiên Giang,7510205,Công nghệ kỹ thuật ô tô,D09,2025,15.5,,THPT
TKG,Đại học Kiên Giang,7510406,Công nghệ kỹ thuật Môi trường,A00,2025,15.0,,THPT
TKG,Trường Đại học Kiên Giang,7510406,Công nghệ kỹ thuật môi trường,A00,2025,15.0,,THPT
TKG,Trường Đại học Kiên Giang,7510406,Công nghệ kỹ thuật môi trường,D01,2025,15.0,,THPT
TKG,Đại học Kiên Giang,7510406,Công nghệ kỹ thuật Môi trường,D01,2025,15.0,,THPT
TKG,Đại học Kiên Giang,7520216,Ngành Kỹ thuật điều khiển & Tự động hóa,A00,2025,15.0,,THPT
TKG,Trường Đại học Kiên Giang,7520216,Kỹ thuật điều khiển và tự động hóa,A00,2025,15.0,,THPT
TKG,Trường Đại học Kiên Giang,7520216,Kỹ thuật điều khiển và tự động hóa,A01,2025,15.0,,THPT
TKG,Đại học Kiên Giang,7520216,Ngành Kỹ thuật điều khiển & Tự động hóa,A01,2025,15.0,,THPT
TKG,Trường Đại học Kiên Giang,7520216,Kỹ thuật điều khiển và tự động hóa,D01,2025,15.0,,THPT
TKG,Đại học Kiên Giang,7520216,Ngành Kỹ thuật điều khiển & Tự động hóa,D01,2025,15.0,,THPT
TKG,Trường Đại học Kiên Giang,7520216,Kỹ thuật điều khiển và tự động hóa,D09,2025,15.0,,THPT
TKG,Đại học Kiên Giang,7520216,Ngành Kỹ thuật điều khiển & Tự động hóa,D09,2025,15.0,,THPT
TKG,Đại học Kiên Giang,7540101,Công nghệ thực phẩm,A00,2025,15.0,,THPT
TKG,Trường Đại học Kiên Giang,7540101,Công nghệ thực phẩm,A00,2025,15.0,,THPT
TKG,Trường Đại học Kiên Giang,7540101,Công nghệ thực phẩm,B00,2025,15.0,,THPT
TKG,Đại học Kiên Giang,7540101,Công nghệ thực phẩm,B00,2025,15.0,,THPT
TKG,Trường Đại học Kiên Giang,7540101,Công nghệ thực phẩm,D07,2025,15.0,,THPT
TKG,Đại học Kiên Giang,7540101,Công nghệ thực phẩm,D07,2025,15.0,,THPT
TKG,Trường Đại học Kiên Giang,7620105,Chăn nuôi,B00,2025,15.0,,THPT
TKG,Đại học Kiên Giang,7620105,Chăn nuôi,B00,2025,15.0,,THPT
TKG,Trường Đại học Kiên Giang,7620110,Khoa học cây trồng,B00,2025,15.0,,THPT
TKG,Đại học Kiên Giang,7620110,Khoa học cây trồng,B00,2025,15.0,,THPT
TKG,Trường Đại học Kiên Giang,7620301,Nuôi trồng thủy sản,B00,2025,15.0,,THPT
TKG,Đại học Kiên Giang,7620301,ĐH Nuôi trồng thủy sản,B00,2025,15.0,,THPT
TKG,Đại học Kiên Giang,7810101,Du lịch,C00,2025,18.0,,THPT
TKG,Trường Đại học Kiên Giang,7810101,Du lịch,C00,2025,18.0,,THPT
TKG,Trường Đại học Kiên Giang,7810101,Du lịch,D01,2025,18.0,,THPT
TKG,Đại học Kiên Giang,7810101,Du lịch,D01,2025,18.0,,THPT
TKG,Trường Đại học Kiên Giang,7850101,Quản lý tài nguyên và môi trường,C00,2025,15.0,,THPT
TKG,Đại học Kiên Giang,7850101,Quản lý tài nguyên và môi trường,C00,2025,15.0,,THPT
TKG,Trường Đại học Kiên Giang,7850101,Quản lý tài nguyên và môi trường,D01,2025,15.0,,THPT
TKG,Đại học Kiên Giang,7850101,Quản lý tài nguyên và môi trường,D01,2025,15.0,,THPT
TLA,Đại học Thủy Lợi ( Cơ sở 1 ),TLA101,Kỹ thuật xây dựng công trình thủy,A00,2025,18.48,,THPT
TLA,Trường Đại Học Thủy Lợi,TLA101,Xây dựng và quản lý công trình thủy (Kỹ thuật xây dựng công trình thủy),A00,2025,18.48,,THPT
TLA,Trường Đại Học Thủy Lợi,TLA101,Xây dựng và quản lý công trình thủy (Kỹ thuật xây dựng công trình thủy),A01,2025,18.48,,THPT
TLA,Đại học Thủy Lợi ( Cơ sở 1 ),TLA101,Kỹ thuật xây dựng công trình thủy,A01,2025,18.48,,THPT
TLA,Trường Đại Học Thủy Lợi,TLA101,Xây dựng và quản lý công trình thủy (Kỹ thuật xây dựng công trình thủy),D01,2025,18.48,,THPT
TLA,Đại học Thủy Lợi ( Cơ sở 1 ),TLA101,Kỹ thuật xây dựng công trình thủy,D01,2025,18.48,,THPT
TLA,Trường Đại Học Thủy Lợi,TLA101,Xây dựng và quản lý công trình thủy (Kỹ thuật xây dựng công trình thủy),D07,2025,18.48,,THPT
TLA,Đại học Thủy Lợi ( Cơ sở 1 ),TLA101,Kỹ thuật xây dựng công trình thủy,D07,2025,18.48,,THPT
TLA,Đại học Thủy Lợi ( Cơ sở 1 ),TLA102,Kỹ thuật tài nguyên nước,A00,2025,18.49,,THPT
TLA,Trường Đại Học Thủy Lợi,TLA102,Kỹ thuật tài nguyên nước,A00,2025,18.49,,THPT
TLA,Trường Đại Học Thủy Lợi,TLA102,Kỹ thuật tài nguyên nước,A01,2025,18.49,,THPT
TLA,Đại học Thủy Lợi ( Cơ sở 1 ),TLA102,Kỹ thuật tài nguyên nước,A01,2025,18.49,,THPT
TLA,Trường Đại Học Thủy Lợi,TLA102,Kỹ thuật tài nguyên nước,D01,2025,18.49,,THPT
TLA,Đại học Thủy Lợi ( Cơ sở 1 ),TLA102,Kỹ thuật tài nguyên nước,D01,2025,18.49,,THPT
TLA,Trường Đại Học Thủy Lợi,TLA102,Kỹ thuật tài nguyên nước,D07,2025,18.49,,THPT
TLA,Đại học Thủy Lợi ( Cơ sở 1 ),TLA102,Kỹ thuật tài nguyên nước,D07,2025,18.49,,THPT
TLA,Đại học Thủy Lợi ( Cơ sở 1 ),TLA103,Thủy văn học,A00,2025,18.0,,THPT
TLA,Trường Đại Học Thủy Lợi,TLA103,Tài nguyên nước và môi trường (Thủy văn học),A00,2025,18.0,,THPT
TLA,Trường Đại Học Thủy Lợi,TLA103,Tài nguyên nước và môi trường (Thủy văn học),A01,2025,18.0,,THPT
TLA,Đại học Thủy Lợi ( Cơ sở 1 ),TLA103,Thủy văn học,A01,2025,18.0,,THPT
TLA,Trường Đại Học Thủy Lợi,TLA103,Tài nguyên nước và môi trường (Thủy văn học),D01,2025,18.0,,THPT
TLA,Đại học Thủy Lợi ( Cơ sở 1 ),TLA103,Thủy văn học,D01,2025,18.0,,THPT
TLA,Trường Đại Học Thủy Lợi,TLA103,Tài nguyên nước và môi trường (Thủy văn học),D07,2025,18.0,,THPT
TLA,Đại học Thủy Lợi ( Cơ sở 1 ),TLA103,Thủy văn học,D07,2025,18.0,,THPT
TLA,Đại học Thủy Lợi ( Cơ sở 1 ),TLA104,Kỹ thuật xây dựng,A00,2025,18.76,,THPT
TLA,Trường Đại Học Thủy Lợi,TLA104,Kỹ thuật xây dựng dân dụng và công nghiệp (Kỹ thuật xây dựng),A00,2025,18.76,,THPT
TLA,Trường Đại Học Thủy Lợi,TLA104,Kỹ thuật xây dựng dân dụng và công nghiệp (Kỹ thuật xây dựng),A01,2025,18.76,,THPT
TLA,Đại học Thủy Lợi ( Cơ sở 1 ),TLA104,Kỹ thuật xây dựng,A01,2025,18.76,,THPT
TLA,Trường Đại Học Thủy Lợi,TLA104,Kỹ thuật xây dựng dân dụng và công nghiệp (Kỹ thuật xây dựng),D01,2025,18.76,,THPT
TLA,Đại học Thủy Lợi ( Cơ sở 1 ),TLA104,Kỹ thuật xây dựng,D01,2025,18.76,,THPT
TLA,Trường Đại Học Thủy Lợi,TLA104,Kỹ thuật xây dựng dân dụng và công nghiệp (Kỹ thuật xây dựng),D07,2025,18.76,,THPT
TLA,Đại học Thủy Lợi ( Cơ sở 1 ),TLA104,Kỹ thuật xây dựng,D07,2025,18.76,,THPT
TLA,Đại học Thủy Lợi ( Cơ sở 1 ),TLA105,Kỹ thuật cơ khí,A00,2025,22.6,,THPT
TLA,Trường Đại Học Thủy Lợi,TLA105,Kỹ thuật cơ khí,A00,2025,22.6,,THPT
TLA,Trường Đại Học Thủy Lợi,TLA105,Kỹ thuật cơ khí,A01,2025,22.6,,THPT
TLA,Đại học Thủy Lợi ( Cơ sở 1 ),TLA105,Kỹ thuật cơ khí,A01,2025,22.6,,THPT
TLA,Trường Đại Học Thủy Lợi,TLA105,Kỹ thuật cơ khí,D01,2025,22.6,,THPT
TLA,Đại học Thủy Lợi ( Cơ sở 1 ),TLA105,Kỹ thuật cơ khí,D01,2025,22.6,,THPT
TLA,Trường Đại Học Thủy Lợi,TLA105,Kỹ thuật cơ khí,D07,2025,22.6,,THPT
TLA,Đại học Thủy Lợi ( Cơ sở 1 ),TLA105,Kỹ thuật cơ khí,D07,2025,22.6,,THPT
TLA,Đại học Thủy Lợi ( Cơ sở 1 ),TLA106,Công nghệ thông tin,A00,2025,23.23,,THPT
TLA,Trường Đại Học Thủy Lợi,TLA106,Công nghệ thông tin,A00,2025,23.23,,THPT
TLA,Trường Đại Học Thủy Lợi,TLA106,Công nghệ thông tin,A01,2025,23.23,,THPT
TLA,Đại học Thủy Lợi ( Cơ sở 1 ),TLA106,Công nghệ thông tin,A01,2025,23.23,,THPT
TLA,Trường Đại Học Thủy Lợi,TLA106,Công nghệ thông tin,D01,2025,23.23,,THPT
TLA,Đại học Thủy Lợi ( Cơ sở 1 ),TLA106,Công nghệ thông tin,D01,2025,23.23,,THPT
TLA,Trường Đại Học Thủy Lợi,TLA106,Công nghệ thông tin,D07,2025,23.23,,THPT
TLA,Đại học Thủy Lợi ( Cơ sở 1 ),TLA106,Công nghệ thông tin,D07,2025,23.23,,THPT
TLA,Đại học Thủy Lợi ( Cơ sở 1 ),TLA107,Kỷ thuật cắp thoát nước,A00,2025,18.0,,THPT
TLA,Trường Đại Học Thủy Lợi,TLA107,Kỹ thuật cấp thoát nước,A00,2025,18.0,,THPT
TLA,Trường Đại Học Thủy Lợi,TLA107,Kỹ thuật cấp thoát nước,A01,2025,18.0,,THPT
TLA,Đại học Thủy Lợi ( Cơ sở 1 ),TLA107,Kỷ thuật cắp thoát nước,A01,2025,18.0,,THPT
TLA,Trường Đại Học Thủy Lợi,TLA107,Kỹ thuật cấp thoát nước,D01,2025,18.0,,THPT
TLA,Đại học Thủy Lợi ( Cơ sở 1 ),TLA107,Kỷ thuật cắp thoát nước,D01,2025,18.0,,THPT
TLA,Trường Đại Học Thủy Lợi,TLA107,Kỹ thuật cấp thoát nước,D07,2025,18.0,,THPT
TLA,Đại học Thủy Lợi ( Cơ sở 1 ),TLA107,Kỷ thuật cắp thoát nước,D07,2025,18.0,,THPT
TLA,Đại học Thủy Lợi ( Cơ sở 1 ),TLA109,Kỹ thuật môi trường,A00,2025,17.75,,THPT
TLA,Trường Đại Học Thủy Lợi,TLA109,Kỹ thuật môi trường,A00,2025,17.75,,THPT
TLA,Trường Đại Học Thủy Lợi,TLA109,Kỹ thuật môi trường,A01,2025,17.75,,THPT
TLA,Đại học Thủy Lợi ( Cơ sở 1 ),TLA109,Kỹ thuật môi trường,A01,2025,17.75,,THPT
TLA,Trường Đại Học Thủy Lợi,TLA109,Kỹ thuật môi trường,D01,2025,17.75,,THPT
TLA,Đại học Thủy Lợi ( Cơ sở 1 ),TLA109,Kỹ thuật môi trường,D01,2025,17.75,,THPT
TLA,Trường Đại Học Thủy Lợi,TLA109,Kỹ thuật môi trường,D07,2025,17.75,,THPT
TLA,Đại học Thủy Lợi ( Cơ sở 1 ),TLA109,Kỹ thuật môi trường,D07,2025,17.75,,THPT
TLA,Đại học Thủy Lợi ( Cơ sở 1 ),TLA110,Kỹ thuật cơ sở hạ tầng,A00,2025,19.0,,THPT
TLA,Trường Đại Học Thủy Lợi,TLA110,Xây dựng và quản lý hạ tầng đô thị (Kỹ thuật cơ sở hạ tầng),A00,2025,19.0,,THPT
TLA,Trường Đại Học Thủy Lợi,TLA110,Xây dựng và quản lý hạ tầng đô thị (Kỹ thuật cơ sở hạ tầng),A01,2025,19.0,,THPT
TLA,Đại học Thủy Lợi ( Cơ sở 1 ),TLA110,Kỹ thuật cơ sở hạ tầng,A01,2025,19.0,,THPT
TLA,Trường Đại Học Thủy Lợi,TLA110,Xây dựng và quản lý hạ tầng đô thị (Kỹ thuật cơ sở hạ tầng),D01,2025,19.0,,THPT
TLA,Đại học Thủy Lợi ( Cơ sở 1 ),TLA110,Kỹ thuật cơ sở hạ tầng,D01,2025,19.0,,THPT
TLA,Trường Đại Học Thủy Lợi,TLA110,Xây dựng và quản lý hạ tầng đô thị (Kỹ thuật cơ sở hạ tầng),D07,2025,19.0,,THPT
TLA,Đại học Thủy Lợi ( Cơ sở 1 ),TLA110,Kỹ thuật cơ sở hạ tầng,D07,2025,19.0,,THPT
TLA,Đại học Thủy Lợi ( Cơ sở 1 ),TLA111,Công nghệ kỹ thuật xây dựng,A00,2025,19.48,,THPT
TLA,Trường Đại Học Thủy Lợi,TLA111,Công nghệ kỹ thuật xây dựng,A00,2025,19.48,,THPT
TLA,Trường Đại Học Thủy Lợi,TLA111,Công nghệ kỹ thuật xây dựng,A01,2025,19.48,,THPT
TLA,Đại học Thủy Lợi ( Cơ sở 1 ),TLA111,Công nghệ kỹ thuật xây dựng,A01,2025,19.48,,THPT
TLA,Trường Đại Học Thủy Lợi,TLA111,Công nghệ kỹ thuật xây dựng,D01,2025,19.48,,THPT
TLA,Đại học Thủy Lợi ( Cơ sở 1 ),TLA111,Công nghệ kỹ thuật xây dựng,D01,2025,19.48,,THPT
TLA,Trường Đại Học Thủy Lợi,TLA111,Công nghệ kỹ thuật xây dựng,D07,2025,19.48,,THPT
TLA,Đại học Thủy Lợi ( Cơ sở 1 ),TLA111,Công nghệ kỹ thuật xây dựng,D07,2025,19.48,,THPT
TLA,Đại học Thủy Lợi ( Cơ sở 1 ),TLA112,"Kỹ thuật điện (Chuyên ngành: Hệ thống điện, Điện công nghiệp và dân dụng.)",A00,2025,22.0,,THPT
TLA,Trường Đại Học Thủy Lợi,TLA112,Kỹ thuật điện,A00,2025,22.0,,THPT
TLA,Trường Đại Học Thủy Lợi,TLA112,Kỹ thuật điện,A01,2025,22.0,,THPT
TLA,Đại học Thủy Lợi ( Cơ sở 1 ),TLA112,"Kỹ thuật điện (Chuyên ngành: Hệ thống điện, Điện công nghiệp và dân dụng.)",A01,2025,22.0,,THPT
TLA,Trường Đại Học Thủy Lợi,TLA112,Kỹ thuật điện,D01,2025,22.0,,THPT
TLA,Đại học Thủy Lợi ( Cơ sở 1 ),TLA112,"Kỹ thuật điện (Chuyên ngành: Hệ thống điện, Điện công nghiệp và dân dụng.)",D01,2025,22.0,,THPT
TLA,Trường Đại Học Thủy Lợi,TLA112,Kỹ thuật điện,D07,2025,22.0,,THPT
TLA,Đại học Thủy Lợi ( Cơ sở 1 ),TLA112,"Kỹ thuật điện (Chuyên ngành: Hệ thống điện, Điện công nghiệp và dân dụng.)",D07,2025,22.0,,THPT
TLA,Đại học Thủy Lợi ( Cơ sở 1 ),TLA113,Kỹ thuật xây dựng công trình giao thông,A00,2025,18.5,,THPT
TLA,Trường Đại Học Thủy Lợi,TLA113,"Kỹ thuật xây dựng công trình giao thông (gồm các chương trình: Công nghệ và kỹ thuật xây dựng cầu, đường; Công nghệ và kỹ thuật Đường sắt tốc độ cao và đường sắt đô thị)",A00,2025,18.5,,THPT
TLA,Trường Đại Học Thủy Lợi,TLA113,"Kỹ thuật xây dựng công trình giao thông (gồm các chương trình: Công nghệ và kỹ thuật xây dựng cầu, đường; Công nghệ và kỹ thuật Đường sắt tốc độ cao và đường sắt đô thị)",A01,2025,18.5,,THPT
TLA,Đại học Thủy Lợi ( Cơ sở 1 ),TLA113,Kỹ thuật xây dựng công trình giao thông,A01,2025,18.5,,THPT
TLA,Trường Đại Học Thủy Lợi,TLA113,"Kỹ thuật xây dựng công trình giao thông (gồm các chương trình: Công nghệ và kỹ thuật xây dựng cầu, đường; Công nghệ và kỹ thuật Đường sắt tốc độ cao và đường sắt đô thị)",D01,2025,18.5,,THPT
TLA,Đại học Thủy Lợi ( Cơ sở 1 ),TLA113,Kỹ thuật xây dựng công trình giao thông,D01,2025,18.5,,THPT
TLA,Trường Đại Học Thủy Lợi,TLA113,"Kỹ thuật xây dựng công trình giao thông (gồm các chương trình: Công nghệ và kỹ thuật xây dựng cầu, đường; Công nghệ và kỹ thuật Đường sắt tốc độ cao và đường sắt đô thị)",D07,2025,18.5,,THPT
TLA,Đại học Thủy Lợi ( Cơ sở 1 ),TLA113,Kỹ thuật xây dựng công trình giao thông,D07,2025,18.5,,THPT
TLA,Đại học Thủy Lợi ( Cơ sở 1 ),TLA114,Quản lý xây dựng,A00,2025,19.96,,THPT
TLA,Trường Đại Học Thủy Lợi,TLA114,Quản lý xây dựng,A00,2025,19.96,,THPT
TLA,Trường Đại Học Thủy Lợi,TLA114,Quản lý xây dựng,A01,2025,19.96,,THPT
TLA,Đại học Thủy Lợi ( Cơ sở 1 ),TLA114,Quản lý xây dựng,A01,2025,19.96,,THPT
TLA,Trường Đại Học Thủy Lợi,TLA114,Quản lý xây dựng,D01,2025,19.96,,THPT
TLA,Đại học Thủy Lợi ( Cơ sở 1 ),TLA114,Quản lý xây dựng,D01,2025,19.96,,THPT
TLA,Trường Đại Học Thủy Lợi,TLA114,Quản lý xây dựng,D07,2025,19.96,,THPT
TLA,Đại học Thủy Lợi ( Cơ sở 1 ),TLA114,Quản lý xây dựng,D07,2025,19.96,,THPT
TLA,Đại học Thủy Lợi ( Cơ sở 1 ),TLA116,Hệ thống thông tin,A00,2025,21.75,,THPT
TLA,Trường Đại Học Thủy Lợi,TLA116,Hệ thống thông tin,A00,2025,21.75,,THPT
TLA,Trường Đại Học Thủy Lợi,TLA116,Hệ thống thông tin,A01,2025,21.75,,THPT
TLA,Đại học Thủy Lợi ( Cơ sở 1 ),TLA116,Hệ thống thông tin,A01,2025,21.75,,THPT
TLA,Trường Đại Học Thủy Lợi,TLA116,Hệ thống thông tin,D01,2025,21.75,,THPT
TLA,Đại học Thủy Lợi ( Cơ sở 1 ),TLA116,Hệ thống thông tin,D01,2025,21.75,,THPT
TLA,Trường Đại Học Thủy Lợi,TLA116,Hệ thống thông tin,D07,2025,21.75,,THPT
TLA,Đại học Thủy Lợi ( Cơ sở 1 ),TLA116,Hệ thống thông tin,D07,2025,21.75,,THPT
TLA,Đại học Thủy Lợi ( Cơ sở 1 ),TLA117,Kỹ thuật phần mềm,A00,2025,21.55,,THPT
TLA,Trường Đại Học Thủy Lợi,TLA117,Kỹ thuật phần mềm,A00,2025,21.55,,THPT
TLA,Trường Đại Học Thủy Lợi,TLA117,Kỹ thuật phần mềm,A01,2025,21.55,,THPT
TLA,Đại học Thủy Lợi ( Cơ sở 1 ),TLA117,Kỹ thuật phần mềm,A01,2025,21.55,,THPT
TLA,Trường Đại Học Thủy Lợi,TLA117,Kỹ thuật phần mềm,D01,2025,21.55,,THPT
TLA,Đại học Thủy Lợi ( Cơ sở 1 ),TLA117,Kỹ thuật phần mềm,D01,2025,21.55,,THPT
TLA,Trường Đại Học Thủy Lợi,TLA117,Kỹ thuật phần mềm,D07,2025,21.55,,THPT
TLA,Đại học Thủy Lợi ( Cơ sở 1 ),TLA117,Kỹ thuật phần mềm,D07,2025,21.55,,THPT
TLA,Đại học Thủy Lợi ( Cơ sở 1 ),TLA118,Kỹ thuật hóa học,A00,2025,20.5,,THPT
TLA,Trường Đại Học Thủy Lợi,TLA118,Kỹ thuật hóa học,A00,2025,20.5,,THPT
TLA,Trường Đại Học Thủy Lợi,TLA118,Kỹ thuật hóa học,B00,2025,20.5,,THPT
TLA,Đại học Thủy Lợi ( Cơ sở 1 ),TLA118,Kỹ thuật hóa học,B00,2025,20.5,,THPT
TLA,Trường Đại Học Thủy Lợi,TLA118,Kỹ thuật hóa học,D07,2025,20.5,,THPT
TLA,Đại học Thủy Lợi ( Cơ sở 1 ),TLA118,Kỹ thuật hóa học,D07,2025,20.5,,THPT
TLA,Trường Đại Học Thủy Lợi,TLA119,Công nghệ sinh học,B00,2025,18.76,,THPT
TLA,Đại học Thủy Lợi ( Cơ sở 1 ),TLA119,Công nghệ sinh học,B00,2025,18.76,,THPT
TLA,Trường Đại Học Thủy Lợi,TLA119,Công nghệ sinh học,D08,2025,18.76,,THPT
TLA,Đại học Thủy Lợi ( Cơ sở 1 ),TLA119,Công nghệ sinh học,D08,2025,18.76,,THPT
TLA,Đại học Thủy Lợi ( Cơ sở 1 ),TLA120,Kỹ thuật cơ điện tử,A00,2025,23.33,,THPT
TLA,Trường Đại Học Thủy Lợi,TLA120,Kỹ thuật cơ điện tử,A00,2025,23.33,,THPT
TLA,Trường Đại Học Thủy Lợi,TLA120,Kỹ thuật cơ điện tử,A01,2025,23.33,,THPT
TLA,Đại học Thủy Lợi ( Cơ sở 1 ),TLA120,Kỹ thuật cơ điện tử,A01,2025,23.33,,THPT
TLA,Trường Đại Học Thủy Lợi,TLA120,Kỹ thuật cơ điện tử,D01,2025,23.33,,THPT
TLA,Đại học Thủy Lợi ( Cơ sở 1 ),TLA120,Kỹ thuật cơ điện tử,D01,2025,23.33,,THPT
TLA,Trường Đại Học Thủy Lợi,TLA120,Kỹ thuật cơ điện tử,D07,2025,23.33,,THPT
TLA,Đại học Thủy Lợi ( Cơ sở 1 ),TLA120,Kỹ thuật cơ điện tử,D07,2025,23.33,,THPT
TLA,Đại học Thủy Lợi ( Cơ sở 1 ),TLA121,Kỹ thuật điều khiển và tự động hóa,A00,2025,24.1,,THPT
TLA,Trường Đại Học Thủy Lợi,TLA121,Kỹ thuật điều khiển và tự động hóa,A00,2025,24.1,,THPT
TLA,Trường Đại Học Thủy Lợi,TLA121,Kỹ thuật điều khiển và tự động hóa,A01,2025,24.1,,THPT
TLA,Đại học Thủy Lợi ( Cơ sở 1 ),TLA121,Kỹ thuật điều khiển và tự động hóa,A01,2025,24.1,,THPT
TLA,Trường Đại Học Thủy Lợi,TLA121,Kỹ thuật điều khiển và tự động hóa,D01,2025,24.1,,THPT
TLA,Đại học Thủy Lợi ( Cơ sở 1 ),TLA121,Kỹ thuật điều khiển và tự động hóa,D01,2025,24.1,,THPT
TLA,Trường Đại Học Thủy Lợi,TLA121,Kỹ thuật điều khiển và tự động hóa,D07,2025,24.1,,THPT
TLA,Đại học Thủy Lợi ( Cơ sở 1 ),TLA121,Kỹ thuật điều khiển và tự động hóa,D07,2025,24.1,,THPT
TLA,Đại học Thủy Lợi ( Cơ sở 1 ),TLA122,Công nghệ chế tạo máy,A00,2025,20.75,,THPT
TLA,Trường Đại Học Thủy Lợi,TLA122,"Công nghệ chế tạo máy (Công nghệ sản xuất tiên tiến, tự động hóa thiết kế cơ khí)",A00,2025,20.75,,THPT
TLA,Trường Đại Học Thủy Lợi,TLA122,"Công nghệ chế tạo máy (Công nghệ sản xuất tiên tiến, tự động hóa thiết kế cơ khí)",A01,2025,20.75,,THPT
TLA,Đại học Thủy Lợi ( Cơ sở 1 ),TLA122,Công nghệ chế tạo máy,A01,2025,20.75,,THPT
TLA,Trường Đại Học Thủy Lợi,TLA122,"Công nghệ chế tạo máy (Công nghệ sản xuất tiên tiến, tự động hóa thiết kế cơ khí)",D01,2025,20.75,,THPT
TLA,Đại học Thủy Lợi ( Cơ sở 1 ),TLA122,Công nghệ chế tạo máy,D01,2025,20.75,,THPT
TLA,Trường Đại Học Thủy Lợi,TLA122,"Công nghệ chế tạo máy (Công nghệ sản xuất tiên tiến, tự động hóa thiết kế cơ khí)",D07,2025,20.75,,THPT
TLA,Đại học Thủy Lợi ( Cơ sở 1 ),TLA122,Công nghệ chế tạo máy,D07,2025,20.75,,THPT
TLA,Đại học Thủy Lợi ( Cơ sở 1 ),TLA123,"Kỹ thuật Ô tô (Chuyên ngành: Kỹ
thuật ô tô; Công nghệ ô tô định hướng
việc làm tại Nhật Bản)",A00,2025,22.5,,THPT
TLA,Trường Đại Học Thủy Lợi,TLA123,Kỹ thuật ô tô,A00,2025,22.5,,THPT
TLA,Trường Đại Học Thủy Lợi,TLA123,Kỹ thuật ô tô,A01,2025,22.5,,THPT
TLA,Đại học Thủy Lợi ( Cơ sở 1 ),TLA123,"Kỹ thuật Ô tô (Chuyên ngành: Kỹ
thuật ô tô; Công nghệ ô tô định hướng
việc làm tại Nhật Bản)",A01,2025,22.5,,THPT
TLA,Trường Đại Học Thủy Lợi,TLA123,Kỹ thuật ô tô,D01,2025,22.5,,THPT
TLA,Đại học Thủy Lợi ( Cơ sở 1 ),TLA123,"Kỹ thuật Ô tô (Chuyên ngành: Kỹ
thuật ô tô; Công nghệ ô tô định hướng
việc làm tại Nhật Bản)",D01,2025,22.5,,THPT
TLA,Trường Đại Học Thủy Lợi,TLA123,Kỹ thuật ô tô,D07,2025,22.5,,THPT
TLA,Đại học Thủy Lợi ( Cơ sở 1 ),TLA123,"Kỹ thuật Ô tô (Chuyên ngành: Kỹ
thuật ô tô; Công nghệ ô tô định hướng
việc làm tại Nhật Bản)",D07,2025,22.5,,THPT
TLA,Đại học Thủy Lợi ( Cơ sở 1 ),TLA124,Kỹ thuật điện tử - viễn thông,A00,2025,22.5,,THPT
TLA,Trường Đại Học Thủy Lợi,TLA124,Kỹ thuật điện tử - viễn thông (gồm các chương trình: Kỹ thuật điện tử -viễn thông; Công nghệ bán dẫn và thiết kế vi mạch),A00,2025,22.5,,THPT
TLA,Trường Đại Học Thủy Lợi,TLA124,Kỹ thuật điện tử - viễn thông (gồm các chương trình: Kỹ thuật điện tử -viễn thông; Công nghệ bán dẫn và thiết kế vi mạch),A01,2025,22.5,,THPT
TLA,Đại học Thủy Lợi ( Cơ sở 1 ),TLA124,Kỹ thuật điện tử - viễn thông,A01,2025,22.5,,THPT
TLA,Trường Đại Học Thủy Lợi,TLA124,Kỹ thuật điện tử - viễn thông (gồm các chương trình: Kỹ thuật điện tử -viễn thông; Công nghệ bán dẫn và thiết kế vi mạch),D01,2025,22.5,,THPT
TLA,Đại học Thủy Lợi ( Cơ sở 1 ),TLA124,Kỹ thuật điện tử - viễn thông,D01,2025,22.5,,THPT
TLA,Trường Đại Học Thủy Lợi,TLA124,Kỹ thuật điện tử - viễn thông (gồm các chương trình: Kỹ thuật điện tử -viễn thông; Công nghệ bán dẫn và thiết kế vi mạch),D07,2025,22.5,,THPT
TLA,Đại học Thủy Lợi ( Cơ sở 1 ),TLA124,Kỹ thuật điện tử - viễn thông,D07,2025,22.5,,THPT
TLA,Đại học Thủy Lợi ( Cơ sở 1 ),TLA126,Trí tuệ nhân tạo và khoa học,A00,2025,22.12,,THPT
TLA,Trường Đại Học Thủy Lợi,TLA126,Trí tuệ nhân tạo và khoa học dữ liệu,A00,2025,22.12,,THPT
TLA,Trường Đại Học Thủy Lợi,TLA126,Trí tuệ nhân tạo và khoa học dữ liệu,A01,2025,22.12,,THPT
TLA,Đại học Thủy Lợi ( Cơ sở 1 ),TLA126,Trí tuệ nhân tạo và khoa học,A01,2025,22.12,,THPT
TLA,Trường Đại Học Thủy Lợi,TLA126,Trí tuệ nhân tạo và khoa học dữ liệu,D01,2025,22.12,,THPT
TLA,Đại học Thủy Lợi ( Cơ sở 1 ),TLA126,Trí tuệ nhân tạo và khoa học,D01,2025,22.12,,THPT
TLA,Trường Đại Học Thủy Lợi,TLA126,Trí tuệ nhân tạo và khoa học dữ liệu,D07,2025,22.12,,THPT
TLA,Đại học Thủy Lợi ( Cơ sở 1 ),TLA126,Trí tuệ nhân tạo và khoa học,D07,2025,22.12,,THPT
TLA,Đại học Thủy Lợi ( Cơ sở 1 ),TLA127,An ninh mạng,A00,2025,22.04,,THPT
TLA,Trường Đại Học Thủy Lợi,TLA127,An ninh mạng,A00,2025,22.04,,THPT
TLA,Trường Đại Học Thủy Lợi,TLA127,An ninh mạng,A01,2025,22.04,,THPT
TLA,Đại học Thủy Lợi ( Cơ sở 1 ),TLA127,An ninh mạng,A01,2025,22.04,,THPT
TLA,Trường Đại Học Thủy Lợi,TLA127,An ninh mạng,D01,2025,22.04,,THPT
TLA,Đại học Thủy Lợi ( Cơ sở 1 ),TLA127,An ninh mạng,D01,2025,22.04,,THPT
TLA,Trường Đại Học Thủy Lợi,TLA127,An ninh mạng,D07,2025,22.04,,THPT
TLA,Đại học Thủy Lợi ( Cơ sở 1 ),TLA127,An ninh mạng,D07,2025,22.04,,THPT
TLA,Đại học Thủy Lợi ( Cơ sở 1 ),TLA128,Kĩ thuật Robot và Điều khiển thông minh,A00,2025,21.15,,THPT
TLA,Trường Đại Học Thủy Lợi,TLA128,Kỹ thuật Robot và Điều khiển thông minh,A00,2025,21.15,,THPT
TLA,Trường Đại Học Thủy Lợi,TLA128,Kỹ thuật Robot và Điều khiển thông minh,A01,2025,21.15,,THPT
TLA,Đại học Thủy Lợi ( Cơ sở 1 ),TLA128,Kĩ thuật Robot và Điều khiển thông minh,A01,2025,21.15,,THPT
TLA,Trường Đại Học Thủy Lợi,TLA128,Kỹ thuật Robot và Điều khiển thông minh,D01,2025,21.15,,THPT
TLA,Đại học Thủy Lợi ( Cơ sở 1 ),TLA128,Kĩ thuật Robot và Điều khiển thông minh,D01,2025,21.15,,THPT
TLA,Trường Đại Học Thủy Lợi,TLA128,Kỹ thuật Robot và Điều khiển thông minh,D07,2025,21.15,,THPT
TLA,Đại học Thủy Lợi ( Cơ sở 1 ),TLA128,Kĩ thuật Robot và Điều khiển thông minh,D07,2025,21.15,,THPT
TLA,Đại học Thủy Lợi ( Cơ sở 1 ),TLA201,"Chương trình tiên tiến ngành Kỹ thuật xây dựng (Hợp tác với Đại học Arkansas, Hoa Kỳ)",A00,2025,17.35,,THPT
TLA,Trường Đại Học Thủy Lợi,TLA201,Chương trình tiên tiến ngành Kỹ thuật xây dựng,A00,2025,17.0,,THPT
TLA,Trường Đại Học Thủy Lợi,TLA201,Chương trình tiên tiến ngành Kỹ thuật xây dựng,A01,2025,17.0,,THPT
TLA,Đại học Thủy Lợi ( Cơ sở 1 ),TLA201,"Chương trình tiên tiến ngành Kỹ thuật xây dựng (Hợp tác với Đại học Arkansas, Hoa Kỳ)",A01,2025,17.35,,THPT
TLA,Trường Đại Học Thủy Lợi,TLA201,Chương trình tiên tiến ngành Kỹ thuật xây dựng,D01,2025,17.0,,THPT
TLA,Đại học Thủy Lợi ( Cơ sở 1 ),TLA201,"Chương trình tiên tiến ngành Kỹ thuật xây dựng (Hợp tác với Đại học Arkansas, Hoa Kỳ)",D01,2025,17.35,,THPT
TLA,Trường Đại Học Thủy Lợi,TLA201,Chương trình tiên tiến ngành Kỹ thuật xây dựng,D07,2025,17.0,,THPT
TLA,Đại học Thủy Lợi ( Cơ sở 1 ),TLA201,"Chương trình tiên tiến ngành Kỹ thuật xây dựng (Hợp tác với Đại học Arkansas, Hoa Kỳ)",D07,2025,17.35,,THPT
TLA,Đại học Thủy Lợi ( Cơ sở 1 ),TLA202,"Chương trình tiên tiến ngành Kỹ thuật tải nguyên nước (Hợp tác với Đợi học bang Colorado, Hoa Kỳ)",A00,2025,17.0,,THPT
TLA,Trường Đại Học Thủy Lợi,TLA202,Chương trình tiên tiến ngành Kỹ thuật tài nguyên nước,A00,2025,17.35,,THPT
TLA,Trường Đại Học Thủy Lợi,TLA202,Chương trình tiên tiến ngành Kỹ thuật tài nguyên nước,A01,2025,17.35,,THPT
TLA,Đại học Thủy Lợi ( Cơ sở 1 ),TLA202,"Chương trình tiên tiến ngành Kỹ thuật tải nguyên nước (Hợp tác với Đợi học bang Colorado, Hoa Kỳ)",A01,2025,17.0,,THPT
TLA,Trường Đại Học Thủy Lợi,TLA202,Chương trình tiên tiến ngành Kỹ thuật tài nguyên nước,D01,2025,17.35,,THPT
TLA,Đại học Thủy Lợi ( Cơ sở 1 ),TLA202,"Chương trình tiên tiến ngành Kỹ thuật tải nguyên nước (Hợp tác với Đợi học bang Colorado, Hoa Kỳ)",D01,2025,17.0,,THPT
TLA,Trường Đại Học Thủy Lợi,TLA202,Chương trình tiên tiến ngành Kỹ thuật tài nguyên nước,D07,2025,17.35,,THPT
TLA,Đại học Thủy Lợi ( Cơ sở 1 ),TLA202,"Chương trình tiên tiến ngành Kỹ thuật tải nguyên nước (Hợp tác với Đợi học bang Colorado, Hoa Kỳ)",D07,2025,17.0,,THPT
TLA,Đại học Thủy Lợi ( Cơ sở 1 ),TLA203,Ngôn ngữ Anh,A01,2025,22.59,,THPT
TLA,Trường Đại Học Thủy Lợi,TLA203,Ngôn ngữ Anh,A01,2025,22.59,,THPT
TLA,Trường Đại Học Thủy Lợi,TLA203,Ngôn ngữ Anh,D01,2025,22.59,,THPT
TLA,Đại học Thủy Lợi ( Cơ sở 1 ),TLA203,Ngôn ngữ Anh,D01,2025,22.59,,THPT
TLA,Trường Đại Học Thủy Lợi,TLA203,Ngôn ngữ Anh,D07,2025,22.59,,THPT
TLA,Đại học Thủy Lợi ( Cơ sở 1 ),TLA203,Ngôn ngữ Anh,D07,2025,22.59,,THPT
TLA,Trường Đại Học Thủy Lợi,TLA203,Ngôn ngữ Anh,D08,2025,22.59,,THPT
TLA,Đại học Thủy Lợi ( Cơ sở 1 ),TLA203,Ngôn ngữ Anh,D08,2025,22.59,,THPT
TLA,Trường Đại Học Thủy Lợi,TLA203,Ngôn ngữ Anh,D09,2025,22.59,,THPT
TLA,Đại học Thủy Lợi ( Cơ sở 1 ),TLA203,Ngôn ngữ Anh,D09,2025,22.59,,THPT
TLA,Trường Đại Học Thủy Lợi,TLA203,Ngôn ngữ Anh,D10,2025,22.59,,THPT
TLA,Đại học Thủy Lợi ( Cơ sở 1 ),TLA203,Ngôn ngữ Anh,D10,2025,22.59,,THPT
TLA,Đại học Thủy Lợi ( Cơ sở 1 ),TLA204,Ngôn ngữ Trung Quốc,D01,2025,25.45,,THPT
TLA,Trường Đại Học Thủy Lợi,TLA204,Ngôn ngữ Trung Quốc,D01,2025,25.45,,THPT
TLA,Đại học Thủy Lợi ( Cơ sở 1 ),TLA301,Luật,C00,2025,25.17,,THPT
TLA,Trường Đại Học Thủy Lợi,TLA301,Luật,C00,2025,25.17,,THPT
TLA,Trường Đại Học Thủy Lợi,TLA301,Luật,D01,2025,25.17,,THPT
TLA,Đại học Thủy Lợi ( Cơ sở 1 ),TLA301,Luật,D01,2025,25.17,,THPT
TLA,Đại học Thủy Lợi ( Cơ sở 1 ),TLA302,Luật kinh tế,C00,2025,25.5,,THPT
TLA,Trường Đại Học Thủy Lợi,TLA302,Luật kinh tế,C00,2025,25.5,,THPT
TLA,Trường Đại Học Thủy Lợi,TLA302,Luật kinh tế,D01,2025,25.5,,THPT
TLA,Đại học Thủy Lợi ( Cơ sở 1 ),TLA302,Luật kinh tế,D01,2025,25.5,,THPT
TLA,Đại học Thủy Lợi ( Cơ sở 1 ),TLA401,Kinh tế,A00,2025,21.91,,THPT
TLA,Trường Đại Học Thủy Lợi,TLA401,Kinh tế,A00,2025,21.91,,THPT
TLA,Trường Đại Học Thủy Lợi,TLA401,Kinh tế,A01,2025,21.91,,THPT
TLA,Đại học Thủy Lợi ( Cơ sở 1 ),TLA401,Kinh tế,A01,2025,21.91,,THPT
TLA,Trường Đại Học Thủy Lợi,TLA401,Kinh tế,D01,2025,21.91,,THPT
TLA,Đại học Thủy Lợi ( Cơ sở 1 ),TLA401,Kinh tế,D01,2025,21.91,,THPT
TLA,Trường Đại Học Thủy Lợi,TLA401,Kinh tế,D07,2025,21.91,,THPT
TLA,Đại học Thủy Lợi ( Cơ sở 1 ),TLA401,Kinh tế,D07,2025,21.91,,THPT
TLA,Đại học Thủy Lợi ( Cơ sở 1 ),TLA402,Quản trị kinh doanh,A00,2025,22.1,,THPT
TLA,Trường Đại Học Thủy Lợi,TLA402,Quản trị kinh doanh,A00,2025,22.1,,THPT
TLA,Trường Đại Học Thủy Lợi,TLA402,Quản trị kinh doanh,A01,2025,22.1,,THPT
TLA,Đại học Thủy Lợi ( Cơ sở 1 ),TLA402,Quản trị kinh doanh,A01,2025,22.1,,THPT
TLA,Trường Đại Học Thủy Lợi,TLA402,Quản trị kinh doanh,D01,2025,22.1,,THPT
TLA,Đại học Thủy Lợi ( Cơ sở 1 ),TLA402,Quản trị kinh doanh,D01,2025,22.1,,THPT
TLA,Trường Đại Học Thủy Lợi,TLA402,Quản trị kinh doanh,D07,2025,22.1,,THPT
TLA,Đại học Thủy Lợi ( Cơ sở 1 ),TLA402,Quản trị kinh doanh,D07,2025,22.1,,THPT
TLA,Đại học Thủy Lợi ( Cơ sở 1 ),TLA403,Kế toán,A00,2025,22.25,,THPT
TLA,Trường Đại Học Thủy Lợi,TLA403,Kế toán,A00,2025,22.25,,THPT
TLA,Trường Đại Học Thủy Lợi,TLA403,Kế toán,A01,2025,22.25,,THPT
TLA,Đại học Thủy Lợi ( Cơ sở 1 ),TLA403,Kế toán,A01,2025,22.25,,THPT
TLA,Trường Đại Học Thủy Lợi,TLA403,Kế toán,D01,2025,22.25,,THPT
TLA,Đại học Thủy Lợi ( Cơ sở 1 ),TLA403,Kế toán,D01,2025,22.25,,THPT
TLA,Trường Đại Học Thủy Lợi,TLA403,Kế toán,D07,2025,22.25,,THPT
TLA,Đại học Thủy Lợi ( Cơ sở 1 ),TLA403,Kế toán,D07,2025,22.25,,THPT
TLA,Đại học Thủy Lợi ( Cơ sở 1 ),TLA404,Kinh tế xây dựng,A00,2025,20.73,,THPT
TLA,Trường Đại Học Thủy Lợi,TLA404,Kinh tế xây dựng,A00,2025,20.73,,THPT
TLA,Trường Đại Học Thủy Lợi,TLA404,Kinh tế xây dựng,A01,2025,20.73,,THPT
TLA,Đại học Thủy Lợi ( Cơ sở 1 ),TLA404,Kinh tế xây dựng,A01,2025,20.73,,THPT
TLA,Trường Đại Học Thủy Lợi,TLA404,Kinh tế xây dựng,D01,2025,20.73,,THPT
TLA,Đại học Thủy Lợi ( Cơ sở 1 ),TLA404,Kinh tế xây dựng,D01,2025,20.73,,THPT
TLA,Trường Đại Học Thủy Lợi,TLA404,Kinh tế xây dựng,D07,2025,20.73,,THPT
TLA,Đại học Thủy Lợi ( Cơ sở 1 ),TLA404,Kinh tế xây dựng,D07,2025,20.73,,THPT
TLA,Đại học Thủy Lợi ( Cơ sở 1 ),TLA405,Thương mại điện tử,A00,2025,22.98,,THPT
TLA,Trường Đại Học Thủy Lợi,TLA405,Thương mại điện tử,A00,2025,22.98,,THPT
TLA,Trường Đại Học Thủy Lợi,TLA405,Thương mại điện tử,A01,2025,22.98,,THPT
TLA,Đại học Thủy Lợi ( Cơ sở 1 ),TLA405,Thương mại điện tử,A01,2025,22.98,,THPT
TLA,Trường Đại Học Thủy Lợi,TLA405,Thương mại điện tử,D01,2025,22.98,,THPT
TLA,Đại học Thủy Lợi ( Cơ sở 1 ),TLA405,Thương mại điện tử,D01,2025,22.98,,THPT
TLA,Trường Đại Học Thủy Lợi,TLA405,Thương mại điện tử,D07,2025,22.98,,THPT
TLA,Đại học Thủy Lợi ( Cơ sở 1 ),TLA405,Thương mại điện tử,D07,2025,22.98,,THPT
TLA,Đại học Thủy Lợi ( Cơ sở 1 ),TLA406,Quản trị dịch vụ du lịch và lữ hành,A01,2025,21.48,,THPT
TLA,Trường Đại Học Thủy Lợi,TLA406,Quản trị dịch vụ du lịch và lữ hành,A01,2025,21.48,,THPT
TLA,Trường Đại Học Thủy Lợi,TLA406,Quản trị dịch vụ du lịch và lữ hành,D01,2025,21.48,,THPT
TLA,Đại học Thủy Lợi ( Cơ sở 1 ),TLA406,Quản trị dịch vụ du lịch và lữ hành,D01,2025,21.48,,THPT
TLA,Trường Đại Học Thủy Lợi,TLA406,Quản trị dịch vụ du lịch và lữ hành,D07,2025,21.48,,THPT
TLA,Đại học Thủy Lợi ( Cơ sở 1 ),TLA406,Quản trị dịch vụ du lịch và lữ hành,D07,2025,21.48,,THPT
TLA,Trường Đại Học Thủy Lợi,TLA406,Quản trị dịch vụ du lịch và lữ hành,D09,2025,21.48,,THPT
TLA,Đại học Thủy Lợi ( Cơ sở 1 ),TLA406,Quản trị dịch vụ du lịch và lữ hành,D09,2025,21.48,,THPT
TLA,Trường Đại Học Thủy Lợi,TLA406,Quản trị dịch vụ du lịch và lữ hành,D10,2025,21.48,,THPT
TLA,Đại học Thủy Lợi ( Cơ sở 1 ),TLA406,Quản trị dịch vụ du lịch và lữ hành,D10,2025,21.48,,THPT
TLA,Đại học Thủy Lợi ( Cơ sở 1 ),TLA407,Logistics và quản lý chuỗi cung ứng,A00,2025,23.0,,THPT
TLA,Trường Đại Học Thủy Lợi,TLA407,Logistics và quản lý chuỗi cung ứng,A00,2025,23.0,,THPT
TLA,Trường Đại Học Thủy Lợi,TLA407,Logistics và quản lý chuỗi cung ứng,A01,2025,23.0,,THPT
TLA,Đại học Thủy Lợi ( Cơ sở 1 ),TLA407,Logistics và quản lý chuỗi cung ứng,A01,2025,23.0,,THPT
TLA,Trường Đại Học Thủy Lợi,TLA407,Logistics và quản lý chuỗi cung ứng,D01,2025,23.0,,THPT
TLA,Đại học Thủy Lợi ( Cơ sở 1 ),TLA407,Logistics và quản lý chuỗi cung ứng,D01,2025,23.0,,THPT
TLA,Trường Đại Học Thủy Lợi,TLA407,Logistics và quản lý chuỗi cung ứng,D07,2025,23.0,,THPT
TLA,Đại học Thủy Lợi ( Cơ sở 1 ),TLA407,Logistics và quản lý chuỗi cung ứng,D07,2025,23.0,,THPT
TLA,Đại học Thủy Lợi ( Cơ sở 1 ),TLA408,Tài chính - Ngân hàng,A00,2025,22.26,,THPT
TLA,Trường Đại Học Thủy Lợi,TLA408,Tài chính - Ngân hàng,A00,2025,22.26,,THPT
TLA,Trường Đại Học Thủy Lợi,TLA408,Tài chính - Ngân hàng,A01,2025,22.26,,THPT
TLA,Đại học Thủy Lợi ( Cơ sở 1 ),TLA408,Tài chính - Ngân hàng,A01,2025,22.26,,THPT
TLA,Trường Đại Học Thủy Lợi,TLA408,Tài chính - Ngân hàng,D01,2025,22.26,,THPT
TLA,Đại học Thủy Lợi ( Cơ sở 1 ),TLA408,Tài chính - Ngân hàng,D01,2025,22.26,,THPT
TLA,Trường Đại Học Thủy Lợi,TLA408,Tài chính - Ngân hàng,D07,2025,22.26,,THPT
TLA,Đại học Thủy Lợi ( Cơ sở 1 ),TLA408,Tài chính - Ngân hàng,D07,2025,22.26,,THPT
TLA,Đại học Thủy Lợi ( Cơ sở 1 ),TLA409,Kiểm toán,A00,2025,21.44,,THPT
TLA,Trường Đại Học Thủy Lợi,TLA409,Kiểm toán,A00,2025,21.44,,THPT
TLA,Trường Đại Học Thủy Lợi,TLA409,Kiểm toán,A01,2025,21.44,,THPT
TLA,Đại học Thủy Lợi ( Cơ sở 1 ),TLA409,Kiểm toán,A01,2025,21.44,,THPT
TLA,Trường Đại Học Thủy Lợi,TLA409,Kiểm toán,D01,2025,21.44,,THPT
TLA,Đại học Thủy Lợi ( Cơ sở 1 ),TLA409,Kiểm toán,D01,2025,21.44,,THPT
TLA,Trường Đại Học Thủy Lợi,TLA409,Kiểm toán,D07,2025,21.44,,THPT
TLA,Đại học Thủy Lợi ( Cơ sở 1 ),TLA409,Kiểm toán,D07,2025,21.44,,THPT
TLA,Đại học Thủy Lợi ( Cơ sở 1 ),TLA410,Kinh tế số,A00,2025,22.11,,THPT
TLA,Trường Đại Học Thủy Lợi,TLA410,Kinh tế số,A00,2025,22.11,,THPT
TLA,Trường Đại Học Thủy Lợi,TLA410,Kinh tế số,A01,2025,22.11,,THPT
TLA,Đại học Thủy Lợi ( Cơ sở 1 ),TLA410,Kinh tế số,A01,2025,22.11,,THPT
TLA,Trường Đại Học Thủy Lợi,TLA410,Kinh tế số,D01,2025,22.11,,THPT
TLA,Đại học Thủy Lợi ( Cơ sở 1 ),TLA410,Kinh tế số,D01,2025,22.11,,THPT
TLA,Trường Đại Học Thủy Lợi,TLA410,Kinh tế số,D07,2025,22.11,,THPT
TLA,Đại học Thủy Lợi ( Cơ sở 1 ),TLA410,Kinh tế số,D07,2025,22.11,,THPT
TLA,Đại học Thủy Lợi ( Cơ sở 1 ),TLA411,Chương trình Kế toán tích hợp chứng chỉ quốc tế,A00,2025,18.09,,THPT
TLA,Trường Đại Học Thủy Lợi,TLA411,Chương trình Kế toán tích hợp chứng chỉ quốc tể,A00,2025,18.09,,THPT
TLA,Trường Đại Học Thủy Lợi,TLA411,Chương trình Kế toán tích hợp chứng chỉ quốc tể,A01,2025,18.09,,THPT
TLA,Đại học Thủy Lợi ( Cơ sở 1 ),TLA411,Chương trình Kế toán tích hợp chứng chỉ quốc tế,A01,2025,18.09,,THPT
TLA,Trường Đại Học Thủy Lợi,TLA411,Chương trình Kế toán tích hợp chứng chỉ quốc tể,D01,2025,18.09,,THPT
TLA,Đại học Thủy Lợi ( Cơ sở 1 ),TLA411,Chương trình Kế toán tích hợp chứng chỉ quốc tế,D01,2025,18.09,,THPT
TLA,Trường Đại Học Thủy Lợi,TLA411,Chương trình Kế toán tích hợp chứng chỉ quốc tể,D07,2025,18.09,,THPT
TLA,Đại học Thủy Lợi ( Cơ sở 1 ),TLA411,Chương trình Kế toán tích hợp chứng chỉ quốc tế,D07,2025,18.09,,THPT
TLA,Đại học Thủy Lợi ( Cơ sở 1 ),TLA412,Chương trình Công nghệ tài chính,A00,2025,19.5,,THPT
TLA,Trường Đại Học Thủy Lợi,TLA412,Chương trình Công nghệ tài chính,A00,2025,19.5,,THPT
TLA,Trường Đại Học Thủy Lợi,TLA412,Chương trình Công nghệ tài chính,A01,2025,19.5,,THPT
TLA,Đại học Thủy Lợi ( Cơ sở 1 ),TLA412,Chương trình Công nghệ tài chính,A01,2025,19.5,,THPT
TLA,Trường Đại Học Thủy Lợi,TLA412,Chương trình Công nghệ tài chính,D01,2025,19.5,,THPT
TLA,Đại học Thủy Lợi ( Cơ sở 1 ),TLA412,Chương trình Công nghệ tài chính,D01,2025,19.5,,THPT
TLA,Trường Đại Học Thủy Lợi,TLA412,Chương trình Công nghệ tài chính,D07,2025,19.5,,THPT
TLA,Đại học Thủy Lợi ( Cơ sở 1 ),TLA412,Chương trình Công nghệ tài chính,D07,2025,19.5,,THPT
TLS,Trường Đại Học Thủy Lợi (Cơ sở 2),TLS101,Kỹ thuật xây dựng công trình thủy,A00,2025,15.0,,THPT
TLS,Trường Đại Học Thủy Lợi (Cơ sở 2),TLS101,Kỹ thuật xây dựng công trình thủy,A01,2025,15.0,,THPT
TLS,Trường Đại Học Thủy Lợi (Cơ sở 2),TLS101,Kỹ thuật xây dựng công trình thủy,D01,2025,15.0,,THPT
TLS,Trường Đại Học Thủy Lợi (Cơ sở 2),TLS101,Kỹ thuật xây dựng công trình thủy,D07,2025,15.0,,THPT
TLS,Trường Đại Học Thủy Lợi (Cơ sở 2),TLS102,Kỹ thuật tài nguyên nước,A00,2025,15.1,,THPT
TLS,Trường Đại Học Thủy Lợi (Cơ sở 2),TLS102,Kỹ thuật tài nguyên nước,A01,2025,15.1,,THPT
TLS,Trường Đại Học Thủy Lợi (Cơ sở 2),TLS102,Kỹ thuật tài nguyên nước,D01,2025,15.1,,THPT
TLS,Trường Đại Học Thủy Lợi (Cơ sở 2),TLS102,Kỹ thuật tài nguyên nước,D07,2025,15.1,,THPT
TLS,Trường Đại Học Thủy Lợi (Cơ sở 2),TLS104,Nhóm ngành kỹ thuật xây dựng (kỹ thuật xây dựng dân dụng và công nghiệp; kỹ thuật xây dựng công trình giao thông; xây dựng và quản lý hạ tầng đô thị),A00,2025,15.0,,THPT
TLS,Trường Đại Học Thủy Lợi (Cơ sở 2),TLS104,Nhóm ngành kỹ thuật xây dựng (kỹ thuật xây dựng dân dụng và công nghiệp; kỹ thuật xây dựng công trình giao thông; xây dựng và quản lý hạ tầng đô thị),A01,2025,15.0,,THPT
TLS,Trường Đại Học Thủy Lợi (Cơ sở 2),TLS104,Nhóm ngành kỹ thuật xây dựng (kỹ thuật xây dựng dân dụng và công nghiệp; kỹ thuật xây dựng công trình giao thông; xây dựng và quản lý hạ tầng đô thị),D01,2025,15.0,,THPT
TLS,Trường Đại Học Thủy Lợi (Cơ sở 2),TLS104,Nhóm ngành kỹ thuật xây dựng (kỹ thuật xây dựng dân dụng và công nghiệp; kỹ thuật xây dựng công trình giao thông; xây dựng và quản lý hạ tầng đô thị),D07,2025,15.0,,THPT
TLS,Trường Đại Học Thủy Lợi (Cơ sở 2),TLS106,Công nghệ thông tin,A00,2025,19.5,,THPT
TLS,Trường Đại Học Thủy Lợi (Cơ sở 2),TLS106,Công nghệ thông tin,A01,2025,19.5,,THPT
TLS,Trường Đại Học Thủy Lợi (Cơ sở 2),TLS106,Công nghệ thông tin,D01,2025,19.5,,THPT
TLS,Trường Đại Học Thủy Lợi (Cơ sở 2),TLS106,Công nghệ thông tin,D07,2025,19.5,,THPT
TLS,Trường Đại Học Thủy Lợi (Cơ sở 2),TLS107,Kỹ thuật cấp thoát nước,A00,2025,15.08,,THPT
TLS,Trường Đại Học Thủy Lợi (Cơ sở 2),TLS107,Kỹ thuật cấp thoát nước,A01,2025,15.08,,THPT
TLS,Trường Đại Học Thủy Lợi (Cơ sở 2),TLS107,Kỹ thuật cấp thoát nước,D01,2025,15.08,,THPT
TLS,Trường Đại Học Thủy Lợi (Cơ sở 2),TLS107,Kỹ thuật cấp thoát nước,D07,2025,15.08,,THPT
TLS,Trường Đại Học Thủy Lợi (Cơ sở 2),TLS108,Kỹ thuật thủy lợi thông minh,A00,2025,15.1,,THPT
TLS,Trường Đại Học Thủy Lợi (Cơ sở 2),TLS108,Kỹ thuật thủy lợi thông minh,A01,2025,15.1,,THPT
TLS,Trường Đại Học Thủy Lợi (Cơ sở 2),TLS108,Kỹ thuật thủy lợi thông minh,D01,2025,15.1,,THPT
TLS,Trường Đại Học Thủy Lợi (Cơ sở 2),TLS108,Kỹ thuật thủy lợi thông minh,D07,2025,15.1,,THPT
TLS,Trường Đại Học Thủy Lợi (Cơ sở 2),TLS111,Công nghệ kỹ thuật xây dựng,A00,2025,15.2,,THPT
TLS,Trường Đại Học Thủy Lợi (Cơ sở 2),TLS111,Công nghệ kỹ thuật xây dựng,A01,2025,15.2,,THPT
TLS,Trường Đại Học Thủy Lợi (Cơ sở 2),TLS111,Công nghệ kỹ thuật xây dựng,D01,2025,15.2,,THPT
TLS,Trường Đại Học Thủy Lợi (Cơ sở 2),TLS111,Công nghệ kỹ thuật xây dựng,D07,2025,15.2,,THPT
TLS,Trường Đại Học Thủy Lợi (Cơ sở 2),TLS114,Quản lý xây dựng,A00,2025,15.0,,THPT
TLS,Trường Đại Học Thủy Lợi (Cơ sở 2),TLS114,Quản lý xây dựng,A01,2025,15.0,,THPT
TLS,Trường Đại Học Thủy Lợi (Cơ sở 2),TLS114,Quản lý xây dựng,D01,2025,15.0,,THPT
TLS,Trường Đại Học Thủy Lợi (Cơ sở 2),TLS114,Quản lý xây dựng,D07,2025,15.0,,THPT
TLS,Trường Đại Học Thủy Lợi (Cơ sở 2),TLS115,Xây dựng và quản lý đô thị thông minh,A00,2025,15.1,,THPT
TLS,Trường Đại Học Thủy Lợi (Cơ sở 2),TLS115,Xây dựng và quản lý đô thị thông minh,A01,2025,15.1,,THPT
TLS,Trường Đại Học Thủy Lợi (Cơ sở 2),TLS115,Xây dựng và quản lý đô thị thông minh,D01,2025,15.1,,THPT
TLS,Trường Đại Học Thủy Lợi (Cơ sở 2),TLS115,Xây dựng và quản lý đô thị thông minh,D07,2025,15.1,,THPT
TLS,Trường Đại Học Thủy Lợi (Cơ sở 2),TLS126,Trí tuệ nhân tạo & khoa học dữ liệu,A00,2025,15.05,,THPT
TLS,Trường Đại Học Thủy Lợi (Cơ sở 2),TLS126,Trí tuệ nhân tạo & khoa học dữ liệu,A01,2025,15.05,,THPT
TLS,Trường Đại Học Thủy Lợi (Cơ sở 2),TLS126,Trí tuệ nhân tạo & khoa học dữ liệu,D01,2025,15.05,,THPT
TLS,Trường Đại Học Thủy Lợi (Cơ sở 2),TLS126,Trí tuệ nhân tạo & khoa học dữ liệu,D07,2025,15.05,,THPT
TLS,Trường Đại Học Thủy Lợi (Cơ sở 2),TLS203,Ngôn ngữ anh,A01,2025,19.0,,THPT
TLS,Trường Đại Học Thủy Lợi (Cơ sở 2),TLS203,Ngôn ngữ anh,D01,2025,19.0,,THPT
TLS,Trường Đại Học Thủy Lợi (Cơ sở 2),TLS203,Ngôn ngữ anh,D07,2025,19.0,,THPT
TLS,Trường Đại Học Thủy Lợi (Cơ sở 2),TLS203,Ngôn ngữ anh,D08,2025,19.0,,THPT
TLS,Trường Đại Học Thủy Lợi (Cơ sở 2),TLS203,Ngôn ngữ anh,D09,2025,19.0,,THPT
TLS,Trường Đại Học Thủy Lợi (Cơ sở 2),TLS203,Ngôn ngữ anh,D10,2025,19.0,,THPT
TLS,Trường Đại Học Thủy Lợi (Cơ sở 2),TLS301,Luật,C00,2025,20.5,,THPT
TLS,Trường Đại Học Thủy Lợi (Cơ sở 2),TLS301,Luật,D01,2025,20.5,,THPT
TLS,Trường Đại Học Thủy Lợi (Cơ sở 2),TLS402,Quản trị kinh doanh,A00,2025,17.0,,THPT
TLS,Trường Đại Học Thủy Lợi (Cơ sở 2),TLS402,Quản trị kinh doanh,A01,2025,17.0,,THPT
TLS,Trường Đại Học Thủy Lợi (Cơ sở 2),TLS402,Quản trị kinh doanh,D01,2025,17.0,,THPT
TLS,Trường Đại Học Thủy Lợi (Cơ sở 2),TLS402,Quản trị kinh doanh,D07,2025,17.0,,THPT
TLS,Trường Đại Học Thủy Lợi (Cơ sở 2),TLS403,Kế toán,A00,2025,15.0,,THPT
TLS,Trường Đại Học Thủy Lợi (Cơ sở 2),TLS403,Kế toán,A01,2025,15.0,,THPT
TLS,Trường Đại Học Thủy Lợi (Cơ sở 2),TLS403,Kế toán,D01,2025,15.0,,THPT
TLS,Trường Đại Học Thủy Lợi (Cơ sở 2),TLS403,Kế toán,D07,2025,15.0,,THPT
TLS,Trường Đại Học Thủy Lợi (Cơ sở 2),TLS404,Kinh tế xây dựng,A00,2025,15.0,,THPT
TLS,Trường Đại Học Thủy Lợi (Cơ sở 2),TLS404,Kinh tế xây dựng,A01,2025,15.0,,THPT
TLS,Trường Đại Học Thủy Lợi (Cơ sở 2),TLS404,Kinh tế xây dựng,D01,2025,15.0,,THPT
TLS,Trường Đại Học Thủy Lợi (Cơ sở 2),TLS404,Kinh tế xây dựng,D07,2025,15.0,,THPT
TLS,Trường Đại Học Thủy Lợi (Cơ sở 2),TLS405,Thương mại điện tử,A00,2025,20.0,,THPT
TLS,Trường Đại Học Thủy Lợi (Cơ sở 2),TLS405,Thương mại điện tử,A01,2025,20.0,,THPT
TLS,Trường Đại Học Thủy Lợi (Cơ sở 2),TLS405,Thương mại điện tử,D01,2025,20.0,,THPT
TLS,Trường Đại Học Thủy Lợi (Cơ sở 2),TLS405,Thương mại điện tử,D07,2025,20.0,,THPT
TLS,Trường Đại Học Thủy Lợi (Cơ sở 2),TLS407,Logistics và quản lý chuỗi cung ứng,A00,2025,21.0,,THPT
TLS,Trường Đại Học Thủy Lợi (Cơ sở 2),TLS407,Logistics và quản lý chuỗi cung ứng,A01,2025,21.0,,THPT
TLS,Trường Đại Học Thủy Lợi (Cơ sở 2),TLS407,Logistics và quản lý chuỗi cung ứng,D01,2025,21.0,,THPT
TLS,Trường Đại Học Thủy Lợi (Cơ sở 2),TLS407,Logistics và quản lý chuỗi cung ứng,D07,2025,21.0,,THPT
TMA,Đại học Thương mại,TM01,Quản trị kinh doanh,A00,2025,25.8,,THPT
TMA,Đại học Thương mại,TM01,Quản trị kinh doanh,A01,2025,25.8,,THPT
TMA,Đại học Thương mại,TM01,Quản trị kinh doanh,D01,2025,25.8,,THPT
TMA,Đại học Thương mại,TM01,Quản trị kinh doanh,D07,2025,25.8,,THPT
TMA,Đại học Thương mại,TM02,Quản trị Kinh doanh định hướng nghề nghiệp quốc tế,A01,2025,25.4,,THPT
TMA,Đại học Thương mại,TM02,Quản trị Kinh doanh định hướng nghề nghiệp quốc tế,D01,2025,25.4,,THPT
TMA,Đại học Thương mại,TM02,Quản trị Kinh doanh định hướng nghề nghiệp quốc tế,D07,2025,25.4,,THPT
TMA,Đại học Thương mại,TM02,Quản trị Kinh doanh định hướng nghề nghiệp quốc tế,D09,2025,25.4,,THPT
TMA,Đại học Thương mại,TM02,Quản trị Kinh doanh định hướng nghề nghiệp quốc tế,D10,2025,25.4,,THPT
TMA,Đại học Thương mại,TM03,Khởi nghiệp và phát triển kinh doanh,A00,2025,25.1,,THPT
TMA,Đại học Thương mại,TM03,Khởi nghiệp và phát triển kinh doanh,A01,2025,25.1,,THPT
TMA,Đại học Thương mại,TM03,Khởi nghiệp và phát triển kinh doanh,D01,2025,25.1,,THPT
TMA,Đại học Thương mại,TM03,Khởi nghiệp và phát triển kinh doanh,D07,2025,25.1,,THPT
TMA,Đại học Thương mại,TM04,Quản trị khách sạn,A00,2025,25.4,,THPT
TMA,Đại học Thương mại,TM04,Quản trị khách sạn,A01,2025,25.4,,THPT
TMA,Đại học Thương mại,TM04,Quản trị khách sạn,D01,2025,25.4,,THPT
TMA,Đại học Thương mại,TM04,Quản trị khách sạn,D07,2025,25.4,,THPT
TMA,Đại học Thương mại,TM05,Quản trị khách sạn định hướng nghề nghiệp quốc tế,A01,2025,25.1,,THPT
TMA,Đại học Thương mại,TM05,Quản trị khách sạn định hướng nghề nghiệp quốc tế,D01,2025,25.1,,THPT
TMA,Đại học Thương mại,TM05,Quản trị khách sạn định hướng nghề nghiệp quốc tế,D07,2025,25.1,,THPT
TMA,Đại học Thương mại,TM05,Quản trị khách sạn định hướng nghề nghiệp quốc tế,D09,2025,25.1,,THPT
TMA,Đại học Thương mại,TM05,Quản trị khách sạn định hướng nghề nghiệp quốc tế,D10,2025,25.1,,THPT
TMA,Đại học Thương mại,TM06,Quản trị dịch vụ du lịch và lữ hành,A00,2025,24.8,,THPT
TMA,Đại học Thương mại,TM06,Quản trị dịch vụ du lịch và lữ hành,A01,2025,24.8,,THPT
TMA,Đại học Thương mại,TM06,Quản trị dịch vụ du lịch và lữ hành,D01,2025,24.8,,THPT
TMA,Đại học Thương mại,TM06,Quản trị dịch vụ du lịch và lữ hành,D07,2025,24.8,,THPT
TMA,Đại học Thương mại,TM07,Marketing thương mại,A00,2025,27.3,,THPT
TMA,Đại học Thương mại,TM07,Marketing thương mại,A01,2025,27.3,,THPT
TMA,Đại học Thương mại,TM07,Marketing thương mại,D01,2025,27.3,,THPT
TMA,Đại học Thương mại,TM07,Marketing thương mại,D07,2025,27.3,,THPT
TMA,Đại học Thương mại,TM08,Marketing thương mại định hướng nghề nghiệp quốc tế,A01,2025,26.3,,THPT
TMA,Đại học Thương mại,TM08,Marketing thương mại định hướng nghề nghiệp quốc tế,D01,2025,26.3,,THPT
TMA,Đại học Thương mại,TM08,Marketing thương mại định hướng nghề nghiệp quốc tế,D07,2025,26.3,,THPT
TMA,Đại học Thương mại,TM08,Marketing thương mại định hướng nghề nghiệp quốc tế,D09,2025,26.3,,THPT
TMA,Đại học Thương mại,TM08,Marketing thương mại định hướng nghề nghiệp quốc tế,D10,2025,26.3,,THPT
TMA,Đại học Thương mại,TM09,Marketing số,A00,2025,27.5,,THPT
TMA,Đại học Thương mại,TM09,Marketing số,A01,2025,27.5,,THPT
TMA,Đại học Thương mại,TM09,Marketing số,D01,2025,27.5,,THPT
TMA,Đại học Thương mại,TM09,Marketing số,D07,2025,27.5,,THPT
TMA,Đại học Thương mại,TM10,Quản trị thương hiệu,A00,2025,26.8,,THPT
TMA,Đại học Thương mại,TM10,Quản trị thương hiệu,A01,2025,26.8,,THPT
TMA,Đại học Thương mại,TM10,Quản trị thương hiệu,D01,2025,26.8,,THPT
TMA,Đại học Thương mại,TM10,Quản trị thương hiệu,D07,2025,26.8,,THPT
TMA,Đại học Thương mại,TM11,Quản trị thương hiệu định hướng nghề nghiệp quốc tế,A01,2025,26.1,,THPT
TMA,Đại học Thương mại,TM11,Quản trị thương hiệu định hướng nghề nghiệp quốc tế,D01,2025,26.1,,THPT
TMA,Đại học Thương mại,TM11,Quản trị thương hiệu định hướng nghề nghiệp quốc tế,D07,2025,26.1,,THPT
TMA,Đại học Thương mại,TM11,Quản trị thương hiệu định hướng nghề nghiệp quốc tế,D09,2025,26.1,,THPT
TMA,Đại học Thương mại,TM11,Quản trị thương hiệu định hướng nghề nghiệp quốc tế,D10,2025,26.1,,THPT
TMA,Đại học Thương mại,TM12,Kế toán doanh nghiệp,A00,2025,25.8,,THPT
TMA,Đại học Thương mại,TM12,Kế toán doanh nghiệp,A01,2025,25.8,,THPT
TMA,Đại học Thương mại,TM12,Kế toán doanh nghiệp,D01,2025,25.8,,THPT
TMA,Đại học Thương mại,TM12,Kế toán doanh nghiệp,D07,2025,25.8,,THPT
TMA,Đại học Thương mại,TM13,Kế toán chứng chỉ quốc tế,A01,2025,24.0,,THPT
TMA,Đại học Thương mại,TM13,Kế toán chứng chỉ quốc tế,D01,2025,24.0,,THPT
TMA,Đại học Thương mại,TM13,Kế toán chứng chỉ quốc tế,D07,2025,24.0,,THPT
TMA,Đại học Thương mại,TM13,Kế toán chứng chỉ quốc tế,D09,2025,24.0,,THPT
TMA,Đại học Thương mại,TM13,Kế toán chứng chỉ quốc tế,D10,2025,24.0,,THPT
TMA,Đại học Thương mại,TM14,Kế toán công,A00,2025,24.8,,THPT
TMA,Đại học Thương mại,TM14,Kế toán công,A01,2025,24.8,,THPT
TMA,Đại học Thương mại,TM14,Kế toán công,D01,2025,24.8,,THPT
TMA,Đại học Thương mại,TM14,Kế toán công,D07,2025,24.8,,THPT
TMA,Đại học Thương mại,TM15,Kiểm toán,A00,2025,25.7,,THPT
TMA,Đại học Thương mại,TM15,Kiểm toán,A01,2025,25.7,,THPT
TMA,Đại học Thương mại,TM15,Kiểm toán,D01,2025,25.7,,THPT
TMA,Đại học Thương mại,TM15,Kiểm toán,D07,2025,25.7,,THPT
TMA,Đại học Thương mại,TM16,Kiển toán chứng chỉ quốc tế,A01,2025,24.0,,THPT
TMA,Đại học Thương mại,TM16,Kiển toán chứng chỉ quốc tế,D01,2025,24.0,,THPT
TMA,Đại học Thương mại,TM16,Kiển toán chứng chỉ quốc tế,D07,2025,24.0,,THPT
TMA,Đại học Thương mại,TM16,Kiển toán chứng chỉ quốc tế,D09,2025,24.0,,THPT
TMA,Đại học Thương mại,TM16,Kiển toán chứng chỉ quốc tế,D10,2025,24.0,,THPT
TMA,Đại học Thương mại,TM17,Logistics và Quản lý chuỗi cung ứng,A00,2025,27.8,,THPT
TMA,Đại học Thương mại,TM17,Logistics và Quản lý chuỗi cung ứng,A01,2025,27.8,,THPT
TMA,Đại học Thương mại,TM17,Logistics và Quản lý chuỗi cung ứng,D01,2025,27.8,,THPT
TMA,Đại học Thương mại,TM17,Logistics và Quản lý chuỗi cung ứng,D07,2025,27.8,,THPT
TMA,Đại học Thương mại,TM18,Logistics và Quản lý chuỗi cung ứng định hướng nghề nghiệp quốc tế,A01,2025,26.6,,THPT
TMA,Đại học Thương mại,TM18,Logistics và Quản lý chuỗi cung ứng định hướng nghề nghiệp quốc tế,D01,2025,26.6,,THPT
TMA,Đại học Thương mại,TM18,Logistics và Quản lý chuỗi cung ứng định hướng nghề nghiệp quốc tế,D07,2025,26.6,,THPT
TMA,Đại học Thương mại,TM18,Logistics và Quản lý chuỗi cung ứng định hướng nghề nghiệp quốc tế,D09,2025,26.6,,THPT
TMA,Đại học Thương mại,TM18,Logistics và Quản lý chuỗi cung ứng định hướng nghề nghiệp quốc tế,D10,2025,26.6,,THPT
TMA,Đại học Thương mại,TM19,Kinh doanh quốc tế,A00,2025,26.8,,THPT
TMA,Đại học Thương mại,TM19,Kinh doanh quốc tế,A01,2025,26.8,,THPT
TMA,Đại học Thương mại,TM19,Kinh doanh quốc tế,D01,2025,26.8,,THPT
TMA,Đại học Thương mại,TM19,Kinh doanh quốc tế,D07,2025,26.8,,THPT
TMA,Đại học Thương mại,TM20,Kinh doanh quốc tế định hướng nghề nghiêp quốc tế,A01,2025,26.3,,THPT
TMA,Đại học Thương mại,TM20,Kinh doanh quốc tế định hướng nghề nghiêp quốc tế,D01,2025,26.3,,THPT
TMA,Đại học Thương mại,TM20,Kinh doanh quốc tế định hướng nghề nghiêp quốc tế,D07,2025,26.3,,THPT
TMA,Đại học Thương mại,TM20,Kinh doanh quốc tế định hướng nghề nghiêp quốc tế,D09,2025,26.3,,THPT
TMA,Đại học Thương mại,TM20,Kinh doanh quốc tế định hướng nghề nghiêp quốc tế,D10,2025,26.3,,THPT
TMA,Đại học Thương mại,TM21,Kinh tế quốc tế,A00,2025,26.6,,THPT
TMA,Đại học Thương mại,TM21,Kinh tế quốc tế,A01,2025,26.6,,THPT
TMA,Đại học Thương mại,TM21,Kinh tế quốc tế,D01,2025,26.6,,THPT
TMA,Đại học Thương mại,TM21,Kinh tế quốc tế,D07,2025,26.6,,THPT
TMA,Đại học Thương mại,TM22,Quản lý kinh tế,A00,2025,25.1,,THPT
TMA,Đại học Thương mại,TM22,Quản lý kinh tế,A01,2025,25.1,,THPT
TMA,Đại học Thương mại,TM22,Quản lý kinh tế,D01,2025,25.1,,THPT
TMA,Đại học Thương mại,TM22,Quản lý kinh tế,D07,2025,25.1,,THPT
TMA,Đại học Thương mại,TM23,Kinh tế và Quản lý đầu tư  định hướng nghề nghiệp quốc tế,A01,2025,24.7,,THPT
TMA,Đại học Thương mại,TM23,Kinh tế và Quản lý đầu tư  định hướng nghề nghiệp quốc tế,D01,2025,24.7,,THPT
TMA,Đại học Thương mại,TM23,Kinh tế và Quản lý đầu tư  định hướng nghề nghiệp quốc tế,D07,2025,24.7,,THPT
TMA,Đại học Thương mại,TM23,Kinh tế và Quản lý đầu tư  định hướng nghề nghiệp quốc tế,D09,2025,24.7,,THPT
TMA,Đại học Thương mại,TM23,Kinh tế và Quản lý đầu tư  định hướng nghề nghiệp quốc tế,D10,2025,24.7,,THPT
TMA,Đại học Thương mại,TM24,Tài chính - Ngân hàng thương mại,A00,2025,26.1,,THPT
TMA,Đại học Thương mại,TM24,Tài chính - Ngân hàng thương mại,A01,2025,26.1,,THPT
TMA,Đại học Thương mại,TM24,Tài chính - Ngân hàng thương mại,D01,2025,26.1,,THPT
TMA,Đại học Thương mại,TM24,Tài chính - Ngân hàng thương mại,D07,2025,26.1,,THPT
TMA,Đại học Thương mại,TM25,Tài chính - Ngân hàng thương mại định hướng nghề nghiệp quốc tế,A01,2025,25.4,,THPT
TMA,Đại học Thương mại,TM25,Tài chính - Ngân hàng thương mại định hướng nghề nghiệp quốc tế,D01,2025,25.4,,THPT
TMA,Đại học Thương mại,TM25,Tài chính - Ngân hàng thương mại định hướng nghề nghiệp quốc tế,D07,2025,25.4,,THPT
TMA,Đại học Thương mại,TM25,Tài chính - Ngân hàng thương mại định hướng nghề nghiệp quốc tế,D09,2025,25.4,,THPT
TMA,Đại học Thương mại,TM25,Tài chính - Ngân hàng thương mại định hướng nghề nghiệp quốc tế,D10,2025,25.4,,THPT
TMA,Đại học Thương mại,TM26,Tài chính công,A00,2025,25.2,,THPT
TMA,Đại học Thương mại,TM26,Tài chính công,A01,2025,25.2,,THPT
TMA,Đại học Thương mại,TM26,Tài chính công,D01,2025,25.2,,THPT
TMA,Đại học Thương mại,TM26,Tài chính công,D07,2025,25.2,,THPT
TMA,Đại học Thương mại,TM27,Công nghệ tài chính ngân hàng,A00,2025,25.0,,THPT
TMA,Đại học Thương mại,TM27,Công nghệ tài chính ngân hàng,A01,2025,25.0,,THPT
TMA,Đại học Thương mại,TM27,Công nghệ tài chính ngân hàng,D01,2025,25.0,,THPT
TMA,Đại học Thương mại,TM27,Công nghệ tài chính ngân hàng,D07,2025,25.0,,THPT
TMA,Đại học Thương mại,TM28,Thương mại điện tử,A00,2025,27.6,,THPT
TMA,Đại học Thương mại,TM28,Thương mại điện tử,A01,2025,27.6,,THPT
TMA,Đại học Thương mại,TM28,Thương mại điện tử,D01,2025,27.6,,THPT
TMA,Đại học Thương mại,TM28,Thương mại điện tử,D07,2025,27.6,,THPT
TMA,Đại học Thương mại,TM29,Thương mại điện tử định hướng nghề nghiệp quốc tế,A01,2025,26.5,,THPT
TMA,Đại học Thương mại,TM29,Thương mại điện tử định hướng nghề nghiệp quốc tế,D01,2025,26.5,,THPT
TMA,Đại học Thương mại,TM29,Thương mại điện tử định hướng nghề nghiệp quốc tế,D07,2025,26.5,,THPT
TMA,Đại học Thương mại,TM29,Thương mại điện tử định hướng nghề nghiệp quốc tế,D09,2025,26.5,,THPT
TMA,Đại học Thương mại,TM29,Thương mại điện tử định hướng nghề nghiệp quốc tế,D10,2025,26.5,,THPT
TMA,Đại học Thương mại,TM30,Kinh doanh số,A00,2025,27.2,,THPT
TMA,Đại học Thương mại,TM30,Kinh doanh số,A01,2025,27.2,,THPT
TMA,Đại học Thương mại,TM30,Kinh doanh số,D01,2025,27.2,,THPT
TMA,Đại học Thương mại,TM30,Kinh doanh số,D07,2025,27.2,,THPT
TMA,Đại học Thương mại,TM31,Hệ thống thông tin quản lý,A00,2025,24.8,,THPT
TMA,Đại học Thương mại,TM31,Hệ thống thông tin quản lý,A01,2025,24.8,,THPT
TMA,Đại học Thương mại,TM31,Hệ thống thông tin quản lý,D01,2025,24.8,,THPT
TMA,Đại học Thương mại,TM31,Hệ thống thông tin quản lý,D07,2025,24.8,,THPT
TMA,Đại học Thương mại,TM32,Hệ thống thông tin quản lý định hướng nghề nghiệp quốc tế,A01,2025,24.2,,THPT
TMA,Đại học Thương mại,TM32,Hệ thống thông tin quản lý định hướng nghề nghiệp quốc tế,D01,2025,24.2,,THPT
TMA,Đại học Thương mại,TM32,Hệ thống thông tin quản lý định hướng nghề nghiệp quốc tế,D07,2025,24.2,,THPT
TMA,Đại học Thương mại,TM32,Hệ thống thông tin quản lý định hướng nghề nghiệp quốc tế,D09,2025,24.2,,THPT
TMA,Đại học Thương mại,TM32,Hệ thống thông tin quản lý định hướng nghề nghiệp quốc tế,D10,2025,24.2,,THPT
TMA,Đại học Thương mại,TM33,Ngôn ngữ Anh,A00,2025,26.1,,THPT
TMA,Đại học Thương mại,TM33,Ngôn ngữ Anh,A01,2025,26.1,,THPT
TMA,Đại học Thương mại,TM33,Ngôn ngữ Anh,D01,2025,26.1,,THPT
TMA,Đại học Thương mại,TM33,Ngôn ngữ Anh,D07,2025,26.1,,THPT
TMA,Đại học Thương mại,TM34,Luật Kinh tế,A00,2025,25.4,,THPT
TMA,Đại học Thương mại,TM34,Luật Kinh tế,A01,2025,25.4,,THPT
TMA,Đại học Thương mại,TM34,Luật Kinh tế,D01,2025,25.4,,THPT
TMA,Đại học Thương mại,TM34,Luật Kinh tế,D07,2025,25.4,,THPT
TMA,Đại học Thương mại,TM35,Luật Kinh tế định hướng nghề nghiệp quốc tế,A01,2025,24.7,,THPT
TMA,Đại học Thương mại,TM35,Luật Kinh tế định hướng nghề nghiệp quốc tế,D01,2025,24.7,,THPT
TMA,Đại học Thương mại,TM35,Luật Kinh tế định hướng nghề nghiệp quốc tế,D07,2025,24.7,,THPT
TMA,Đại học Thương mại,TM35,Luật Kinh tế định hướng nghề nghiệp quốc tế,D09,2025,24.7,,THPT
TMA,Đại học Thương mại,TM35,Luật Kinh tế định hướng nghề nghiệp quốc tế,D10,2025,24.7,,THPT
TMA,Đại học Thương mại,TM36,Luật thương mại quốc tế,A00,2025,25.1,,THPT
TMA,Đại học Thương mại,TM36,Luật thương mại quốc tế,A01,2025,25.1,,THPT
TMA,Đại học Thương mại,TM36,Luật thương mại quốc tế,D01,2025,25.1,,THPT
TMA,Đại học Thương mại,TM36,Luật thương mại quốc tế,D07,2025,25.1,,THPT
TMA,Đại học Thương mại,TM37,Quản trị nhân lực,A00,2025,25.6,,THPT
TMA,Đại học Thương mại,TM37,Quản trị nhân lực,A01,2025,25.6,,THPT
TMA,Đại học Thương mại,TM37,Quản trị nhân lực,D01,2025,25.6,,THPT
TMA,Đại học Thương mại,TM37,Quản trị nhân lực,D07,2025,25.6,,THPT
TMA,Đại học Thương mại,TM38,Quản trị nhân lực định hướng nghề nghiệp quốc tế,A01,2025,24.8,,THPT
TMA,Đại học Thương mại,TM38,Quản trị nhân lực định hướng nghề nghiệp quốc tế,D01,2025,24.8,,THPT
TMA,Đại học Thương mại,TM38,Quản trị nhân lực định hướng nghề nghiệp quốc tế,D07,2025,24.8,,THPT
TMA,Đại học Thương mại,TM38,Quản trị nhân lực định hướng nghề nghiệp quốc tế,D09,2025,24.8,,THPT
TMA,Đại học Thương mại,TM38,Quản trị nhân lực định hướng nghề nghiệp quốc tế,D10,2025,24.8,,THPT
TMA,Đại học Thương mại,TM39,Phân tích kinh doanh trong môi trường số,A00,2025,25.1,,THPT
TMA,Đại học Thương mại,TM39,Phân tích kinh doanh trong môi trường số,A01,2025,25.1,,THPT
TMA,Đại học Thương mại,TM39,Phân tích kinh doanh trong môi trường số,D01,2025,25.1,,THPT
TMA,Đại học Thương mại,TM39,Phân tích kinh doanh trong môi trường số,D07,2025,25.1,,THPT
TMA,Đại học Thương mại,TM40,Ngôn ngữ Trung Quốc,A01,2025,27.4,,THPT
TMA,Đại học Thương mại,TM40,Ngôn ngữ Trung Quốc,D01,2025,27.4,,THPT
TMA,Đại học Thương mại,TM40,Ngôn ngữ Trung Quốc,D07,2025,27.4,,THPT
TMA,Đại học Thương mại,TM42,Tiếng Pháp thương mại,A00,2025,22.5,,THPT
TMA,Đại học Thương mại,TM42,Tiếng Pháp thương mại,A01,2025,22.5,,THPT
TMA,Đại học Thương mại,TM42,Tiếng Pháp thương mại,D01,2025,22.5,,THPT
TMA,Đại học Thương mại,TM42,Tiếng Pháp thương mại,D07,2025,22.5,,THPT
TMA,Đại học Thương mại,TM43,Quản trị kinh doanh và khởi nghiệp song bằng,A01,2025,22.5,,THPT
TMA,Đại học Thương mại,TM43,Quản trị kinh doanh và khởi nghiệp song bằng,D01,2025,22.5,,THPT
TMA,Đại học Thương mại,TM43,Quản trị kinh doanh và khởi nghiệp song bằng,D07,2025,22.5,,THPT
TMA,Đại học Thương mại,TM43,Quản trị kinh doanh và khởi nghiệp song bằng,D09,2025,22.5,,THPT
TMA,Đại học Thương mại,TM43,Quản trị kinh doanh và khởi nghiệp song bằng,D10,2025,22.5,,THPT
TMA,Đại học Thương mại,TM44,Marketing bán hàng song bằng,A01,2025,24.8,,THPT
TMA,Đại học Thương mại,TM44,Marketing bán hàng song bằng,D01,2025,24.8,,THPT
TMA,Đại học Thương mại,TM44,Marketing bán hàng song bằng,D07,2025,24.8,,THPT
TMA,Đại học Thương mại,TM44,Marketing bán hàng song bằng,D09,2025,24.8,,THPT
TMA,Đại học Thương mại,TM44,Marketing bán hàng song bằng,D10,2025,24.8,,THPT
TMA,Đại học Thương mại,TM45,Quản trị kinh doanh CTTT,A01,2025,25.0,,THPT
TMA,Đại học Thương mại,TM45,Quản trị kinh doanh CTTT,D01,2025,25.0,,THPT
TMA,Đại học Thương mại,TM45,Quản trị kinh doanh CTTT,D07,2025,25.0,,THPT
TMA,Đại học Thương mại,TM45,Quản trị kinh doanh CTTT,D09,2025,25.0,,THPT
TMA,Đại học Thương mại,TM45,Quản trị kinh doanh CTTT,D10,2025,25.0,,THPT
TMU,Trường Đại Học Thương Mại,TM01,Quản trị kinh doanh (Quản trị kinh doanh),A00,2025,25.8,,THPT
TMU,Trường Đại Học Thương Mại,TM01,Quản trị kinh doanh (Quản trị kinh doanh),A01,2025,25.8,,THPT
TMU,Trường Đại Học Thương Mại,TM01,Quản trị kinh doanh (Quản trị kinh doanh),D01,2025,25.8,,THPT
TMU,Trường Đại Học Thương Mại,TM01,Quản trị kinh doanh (Quản trị kinh doanh),D07,2025,25.8,,THPT
TMU,Trường Đại Học Thương Mại,TM02,Quản trị kinh doanh (Quản trị kinh doanh - Chương trình định hướng chuyên sâu nghề nghiệp quốc tế - IPOP),A01,2025,25.4,,THPT
TMU,Trường Đại Học Thương Mại,TM02,Quản trị kinh doanh (Quản trị kinh doanh - Chương trình định hướng chuyên sâu nghề nghiệp quốc tế - IPOP),D01,2025,25.4,,THPT
TMU,Trường Đại Học Thương Mại,TM02,Quản trị kinh doanh (Quản trị kinh doanh - Chương trình định hướng chuyên sâu nghề nghiệp quốc tế - IPOP),D07,2025,25.4,,THPT
TMU,Trường Đại Học Thương Mại,TM02,Quản trị kinh doanh (Quản trị kinh doanh - Chương trình định hướng chuyên sâu nghề nghiệp quốc tế - IPOP),D09,2025,25.4,,THPT
TMU,Trường Đại Học Thương Mại,TM02,Quản trị kinh doanh (Quản trị kinh doanh - Chương trình định hướng chuyên sâu nghề nghiệp quốc tế - IPOP),D10,2025,25.4,,THPT
TMU,Trường Đại Học Thương Mại,TM03,Quản trị kinh doanh (Khởi nghiệp và phát triển kinh doanh),A00,2025,25.1,,THPT
TMU,Trường Đại Học Thương Mại,TM03,Quản trị kinh doanh (Khởi nghiệp và phát triển kinh doanh),A01,2025,25.1,,THPT
TMU,Trường Đại Học Thương Mại,TM03,Quản trị kinh doanh (Khởi nghiệp và phát triển kinh doanh),D01,2025,25.1,,THPT
TMU,Trường Đại Học Thương Mại,TM03,Quản trị kinh doanh (Khởi nghiệp và phát triển kinh doanh),D07,2025,25.1,,THPT
TMU,Trường Đại Học Thương Mại,TM04,Quản trị khách sạn (Quản trị khách sạn),A00,2025,25.4,,THPT
TMU,Trường Đại Học Thương Mại,TM04,Quản trị khách sạn (Quản trị khách sạn),A01,2025,25.4,,THPT
TMU,Trường Đại Học Thương Mại,TM04,Quản trị khách sạn (Quản trị khách sạn),D01,2025,25.4,,THPT
TMU,Trường Đại Học Thương Mại,TM04,Quản trị khách sạn (Quản trị khách sạn),D07,2025,25.4,,THPT
TMU,Trường Đại Học Thương Mại,TM05,Quản trị khách sạn (Quản trị khách sạn - Chương trình định hướng chuyên sâu nghề nghiệp quốc tế - IPOP),A01,2025,25.1,,THPT
TMU,Trường Đại Học Thương Mại,TM05,Quản trị khách sạn (Quản trị khách sạn - Chương trình định hướng chuyên sâu nghề nghiệp quốc tế - IPOP),D01,2025,25.1,,THPT
TMU,Trường Đại Học Thương Mại,TM05,Quản trị khách sạn (Quản trị khách sạn - Chương trình định hướng chuyên sâu nghề nghiệp quốc tế - IPOP),D07,2025,25.1,,THPT
TMU,Trường Đại Học Thương Mại,TM05,Quản trị khách sạn (Quản trị khách sạn - Chương trình định hướng chuyên sâu nghề nghiệp quốc tế - IPOP),D09,2025,25.1,,THPT
TMU,Trường Đại Học Thương Mại,TM05,Quản trị khách sạn (Quản trị khách sạn - Chương trình định hướng chuyên sâu nghề nghiệp quốc tế - IPOP),D10,2025,25.1,,THPT
TMU,Trường Đại Học Thương Mại,TM06,Quản trị dịch vụ du lịch và lữ hành (Quản trị dịch vụ du lịch và lữ hành),A00,2025,24.8,,THPT
TMU,Trường Đại Học Thương Mại,TM06,Quản trị dịch vụ du lịch và lữ hành (Quản trị dịch vụ du lịch và lữ hành),A01,2025,24.8,,THPT
TMU,Trường Đại Học Thương Mại,TM06,Quản trị dịch vụ du lịch và lữ hành (Quản trị dịch vụ du lịch và lữ hành),D01,2025,24.8,,THPT
TMU,Trường Đại Học Thương Mại,TM06,Quản trị dịch vụ du lịch và lữ hành (Quản trị dịch vụ du lịch và lữ hành),D07,2025,24.8,,THPT
TMU,Trường Đại Học Thương Mại,TM07,Marketing (Marketing Thương mại),A00,2025,27.3,,THPT
TMU,Trường Đại Học Thương Mại,TM07,Marketing (Marketing Thương mại),A01,2025,27.3,,THPT
TMU,Trường Đại Học Thương Mại,TM07,Marketing (Marketing Thương mại),D01,2025,27.3,,THPT
TMU,Trường Đại Học Thương Mại,TM07,Marketing (Marketing Thương mại),D07,2025,27.3,,THPT
TMU,Trường Đại Học Thương Mại,TM08,Marketing (Marketing thương mại - Chương trình định hướng chuyên sâu nghề nghiệp quốc tế - IPOP),A01,2025,26.3,,THPT
TMU,Trường Đại Học Thương Mại,TM08,Marketing (Marketing thương mại - Chương trình định hướng chuyên sâu nghề nghiệp quốc tế - IPOP),D01,2025,26.3,,THPT
TMU,Trường Đại Học Thương Mại,TM08,Marketing (Marketing thương mại - Chương trình định hướng chuyên sâu nghề nghiệp quốc tế - IPOP),D07,2025,26.3,,THPT
TMU,Trường Đại Học Thương Mại,TM08,Marketing (Marketing thương mại - Chương trình định hướng chuyên sâu nghề nghiệp quốc tế - IPOP),D09,2025,26.3,,THPT
TMU,Trường Đại Học Thương Mại,TM08,Marketing (Marketing thương mại - Chương trình định hướng chuyên sâu nghề nghiệp quốc tế - IPOP),D10,2025,26.3,,THPT
TMU,Trường Đại Học Thương Mại,TM09,Marketing (Marketing số),A00,2025,27.5,,THPT
TMU,Trường Đại Học Thương Mại,TM09,Marketing (Marketing số),A01,2025,27.5,,THPT
TMU,Trường Đại Học Thương Mại,TM09,Marketing (Marketing số),D01,2025,27.5,,THPT
TMU,Trường Đại Học Thương Mại,TM09,Marketing (Marketing số),D07,2025,27.5,,THPT
TMU,Trường Đại Học Thương Mại,TM10,Marketing (Quản trị Thương hiệu),A00,2025,26.8,,THPT
TMU,Trường Đại Học Thương Mại,TM10,Marketing (Quản trị Thương hiệu),A01,2025,26.8,,THPT
TMU,Trường Đại Học Thương Mại,TM10,Marketing (Quản trị Thương hiệu),D01,2025,26.8,,THPT
TMU,Trường Đại Học Thương Mại,TM10,Marketing (Quản trị Thương hiệu),D07,2025,26.8,,THPT
TMU,Trường Đại Học Thương Mại,TM11,Marketing (Quản trị thương hiệu - Chương trình định hướng chuyên sâu nghề nghiệp quốc tế - IPOP),A01,2025,26.1,,THPT
TMU,Trường Đại Học Thương Mại,TM11,Marketing (Quản trị thương hiệu - Chương trình định hướng chuyên sâu nghề nghiệp quốc tế - IPOP),D01,2025,26.1,,THPT
TMU,Trường Đại Học Thương Mại,TM11,Marketing (Quản trị thương hiệu - Chương trình định hướng chuyên sâu nghề nghiệp quốc tế - IPOP),D07,2025,26.1,,THPT
TMU,Trường Đại Học Thương Mại,TM11,Marketing (Quản trị thương hiệu - Chương trình định hướng chuyên sâu nghề nghiệp quốc tế - IPOP),D09,2025,26.1,,THPT
TMU,Trường Đại Học Thương Mại,TM11,Marketing (Quản trị thương hiệu - Chương trình định hướng chuyên sâu nghề nghiệp quốc tế - IPOP),D10,2025,26.1,,THPT
TMU,Trường Đại Học Thương Mại,TM12,Kế toán (Kế toán doanh nghiệp),A00,2025,25.8,,THPT
TMU,Trường Đại Học Thương Mại,TM12,Kế toán (Kế toán doanh nghiệp),A01,2025,25.8,,THPT
TMU,Trường Đại Học Thương Mại,TM12,Kế toán (Kế toán doanh nghiệp),D01,2025,25.8,,THPT
TMU,Trường Đại Học Thương Mại,TM12,Kế toán (Kế toán doanh nghiệp),D07,2025,25.8,,THPT
TMU,Trường Đại Học Thương Mại,TM13,Kế toán (Kế toán tích hợp chứng chỉ quốc tế ICAEW CFAB - Chương trình định hướng chuyên sâu nghề nghiệp quốc tế - IPOP),A01,2025,24.0,,THPT
TMU,Trường Đại Học Thương Mại,TM13,Kế toán (Kế toán tích hợp chứng chỉ quốc tế ICAEW CFAB - Chương trình định hướng chuyên sâu nghề nghiệp quốc tế - IPOP),D01,2025,24.0,,THPT
TMU,Trường Đại Học Thương Mại,TM13,Kế toán (Kế toán tích hợp chứng chỉ quốc tế ICAEW CFAB - Chương trình định hướng chuyên sâu nghề nghiệp quốc tế - IPOP),D07,2025,24.0,,THPT
TMU,Trường Đại Học Thương Mại,TM13,Kế toán (Kế toán tích hợp chứng chỉ quốc tế ICAEW CFAB - Chương trình định hướng chuyên sâu nghề nghiệp quốc tế - IPOP),D09,2025,24.0,,THPT
TMU,Trường Đại Học Thương Mại,TM13,Kế toán (Kế toán tích hợp chứng chỉ quốc tế ICAEW CFAB - Chương trình định hướng chuyên sâu nghề nghiệp quốc tế - IPOP),D10,2025,24.0,,THPT
TMU,Trường Đại Học Thương Mại,TM14,Kế toán (Kế toán công),A00,2025,24.8,,THPT
TMU,Trường Đại Học Thương Mại,TM14,Kế toán (Kế toán công),A01,2025,24.8,,THPT
TMU,Trường Đại Học Thương Mại,TM14,Kế toán (Kế toán công),D01,2025,24.8,,THPT
TMU,Trường Đại Học Thương Mại,TM14,Kế toán (Kế toán công),D07,2025,24.8,,THPT
TMU,Trường Đại Học Thương Mại,TM15,Kiểm toán (Kiểm toán),A00,2025,25.7,,THPT
TMU,Trường Đại Học Thương Mại,TM15,Kiểm toán (Kiểm toán),A01,2025,25.7,,THPT
TMU,Trường Đại Học Thương Mại,TM15,Kiểm toán (Kiểm toán),D01,2025,25.7,,THPT
TMU,Trường Đại Học Thương Mại,TM15,Kiểm toán (Kiểm toán),D07,2025,25.7,,THPT
TMU,Trường Đại Học Thương Mại,TM16,Kiểm toán (Kiểm toán tích hợp chứng chỉ quốc tế ICAEW CFAB - Chương trình định hướng chuyên sâu nghề nghiệp quốc tế - IPOP),A01,2025,24.0,,THPT
TMU,Trường Đại Học Thương Mại,TM16,Kiểm toán (Kiểm toán tích hợp chứng chỉ quốc tế ICAEW CFAB - Chương trình định hướng chuyên sâu nghề nghiệp quốc tế - IPOP),D01,2025,24.0,,THPT
TMU,Trường Đại Học Thương Mại,TM16,Kiểm toán (Kiểm toán tích hợp chứng chỉ quốc tế ICAEW CFAB - Chương trình định hướng chuyên sâu nghề nghiệp quốc tế - IPOP),D07,2025,24.0,,THPT
TMU,Trường Đại Học Thương Mại,TM16,Kiểm toán (Kiểm toán tích hợp chứng chỉ quốc tế ICAEW CFAB - Chương trình định hướng chuyên sâu nghề nghiệp quốc tế - IPOP),D09,2025,24.0,,THPT
TMU,Trường Đại Học Thương Mại,TM16,Kiểm toán (Kiểm toán tích hợp chứng chỉ quốc tế ICAEW CFAB - Chương trình định hướng chuyên sâu nghề nghiệp quốc tế - IPOP),D10,2025,24.0,,THPT
TMU,Trường Đại Học Thương Mại,TM17,Logistics và Quản lý chuỗi cung ứng (Logistics và Quản lý chuỗi cung ứng),A00,2025,27.8,,THPT
TMU,Trường Đại Học Thương Mại,TM17,Logistics và Quản lý chuỗi cung ứng (Logistics và Quản lý chuỗi cung ứng),A01,2025,27.8,,THPT
TMU,Trường Đại Học Thương Mại,TM17,Logistics và Quản lý chuỗi cung ứng (Logistics và Quản lý chuỗi cung ứng),D01,2025,27.8,,THPT
TMU,Trường Đại Học Thương Mại,TM17,Logistics và Quản lý chuỗi cung ứng (Logistics và Quản lý chuỗi cung ứng),D07,2025,27.8,,THPT
TMU,Trường Đại Học Thương Mại,TM18,Logistics và Quản lý chuỗi cung ứng (Logistics và Xuất nhập khẩu - Chương trình định hướng chuyên sâu nghề nghiệp quốc tế - IPOP),A01,2025,26.6,,THPT
TMU,Trường Đại Học Thương Mại,TM18,Logistics và Quản lý chuỗi cung ứng (Logistics và Xuất nhập khẩu - Chương trình định hướng chuyên sâu nghề nghiệp quốc tế - IPOP),D01,2025,26.6,,THPT
TMU,Trường Đại Học Thương Mại,TM18,Logistics và Quản lý chuỗi cung ứng (Logistics và Xuất nhập khẩu - Chương trình định hướng chuyên sâu nghề nghiệp quốc tế - IPOP),D07,2025,26.6,,THPT
TMU,Trường Đại Học Thương Mại,TM18,Logistics và Quản lý chuỗi cung ứng (Logistics và Xuất nhập khẩu - Chương trình định hướng chuyên sâu nghề nghiệp quốc tế - IPOP),D09,2025,26.6,,THPT
TMU,Trường Đại Học Thương Mại,TM18,Logistics và Quản lý chuỗi cung ứng (Logistics và Xuất nhập khẩu - Chương trình định hướng chuyên sâu nghề nghiệp quốc tế - IPOP),D10,2025,26.6,,THPT
TMU,Trường Đại Học Thương Mại,TM19,Kinh doanh quốc tế (Thương mại quốc tế),A00,2025,26.8,,THPT
TMU,Trường Đại Học Thương Mại,TM19,Kinh doanh quốc tế (Thương mại quốc tế),A01,2025,26.8,,THPT
TMU,Trường Đại Học Thương Mại,TM19,Kinh doanh quốc tế (Thương mại quốc tế),D01,2025,26.8,,THPT
TMU,Trường Đại Học Thương Mại,TM19,Kinh doanh quốc tế (Thương mại quốc tế),D07,2025,26.8,,THPT
TMU,Trường Đại Học Thương Mại,TM20,Kinh doanh quốc tế (Thương mại quốc tế - Chương trình định hướng chuyên sâu nghề nghiệp quốc tế - IPOP),A01,2025,26.3,,THPT
TMU,Trường Đại Học Thương Mại,TM20,Kinh doanh quốc tế (Thương mại quốc tế - Chương trình định hướng chuyên sâu nghề nghiệp quốc tế - IPOP),D01,2025,26.3,,THPT
TMU,Trường Đại Học Thương Mại,TM20,Kinh doanh quốc tế (Thương mại quốc tế - Chương trình định hướng chuyên sâu nghề nghiệp quốc tế - IPOP),D07,2025,26.3,,THPT
TMU,Trường Đại Học Thương Mại,TM20,Kinh doanh quốc tế (Thương mại quốc tế - Chương trình định hướng chuyên sâu nghề nghiệp quốc tế - IPOP),D09,2025,26.3,,THPT
TMU,Trường Đại Học Thương Mại,TM20,Kinh doanh quốc tế (Thương mại quốc tế - Chương trình định hướng chuyên sâu nghề nghiệp quốc tế - IPOP),D10,2025,26.3,,THPT
TMU,Trường Đại Học Thương Mại,TM21,Kinh tế quốc tế (Kinh tế quốc tế),A00,2025,26.6,,THPT
TMU,Trường Đại Học Thương Mại,TM21,Kinh tế quốc tế (Kinh tế quốc tế),A01,2025,26.6,,THPT
TMU,Trường Đại Học Thương Mại,TM21,Kinh tế quốc tế (Kinh tế quốc tế),D01,2025,26.6,,THPT
TMU,Trường Đại Học Thương Mại,TM21,Kinh tế quốc tế (Kinh tế quốc tế),D07,2025,26.6,,THPT
TMU,Trường Đại Học Thương Mại,TM22,Kinh tế (Quản lý kinh tế),A00,2025,25.1,,THPT
TMU,Trường Đại Học Thương Mại,TM22,Kinh tế (Quản lý kinh tế),A01,2025,25.1,,THPT
TMU,Trường Đại Học Thương Mại,TM22,Kinh tế (Quản lý kinh tế),D01,2025,25.1,,THPT
TMU,Trường Đại Học Thương Mại,TM22,Kinh tế (Quản lý kinh tế),D07,2025,25.1,,THPT
TMU,Trường Đại Học Thương Mại,TM23,Kinh tế (Kinh tế và Quản lý đầu tư - Chương trình định hướng chuyên sâu nghề nghiệp quốc tế - IPOP),A01,2025,24.7,,THPT
TMU,Trường Đại Học Thương Mại,TM23,Kinh tế (Kinh tế và Quản lý đầu tư - Chương trình định hướng chuyên sâu nghề nghiệp quốc tế - IPOP),D01,2025,24.7,,THPT
TMU,Trường Đại Học Thương Mại,TM23,Kinh tế (Kinh tế và Quản lý đầu tư - Chương trình định hướng chuyên sâu nghề nghiệp quốc tế - IPOP),D07,2025,24.7,,THPT
TMU,Trường Đại Học Thương Mại,TM23,Kinh tế (Kinh tế và Quản lý đầu tư - Chương trình định hướng chuyên sâu nghề nghiệp quốc tế - IPOP),D09,2025,24.7,,THPT
TMU,Trường Đại Học Thương Mại,TM23,Kinh tế (Kinh tế và Quản lý đầu tư - Chương trình định hướng chuyên sâu nghề nghiệp quốc tế - IPOP),D10,2025,24.7,,THPT
TMU,Trường Đại Học Thương Mại,TM24,Tài chính - Ngân hàng (Tài chính - Ngân hàng thương mại),A00,2025,26.1,,THPT
TMU,Trường Đại Học Thương Mại,TM24,Tài chính - Ngân hàng (Tài chính - Ngân hàng thương mại),A01,2025,26.1,,THPT
TMU,Trường Đại Học Thương Mại,TM24,Tài chính - Ngân hàng (Tài chính - Ngân hàng thương mại),D01,2025,26.1,,THPT
TMU,Trường Đại Học Thương Mại,TM24,Tài chính - Ngân hàng (Tài chính - Ngân hàng thương mại),D07,2025,26.1,,THPT
TMU,Trường Đại Học Thương Mại,TM25,Tài chính - Ngân hàng (Tài chính - Ngân hàng thương mại - Chương trình định hướng chuyên sâu nghề nghiệp quốc tế - IPOP),A01,2025,25.4,,THPT
TMU,Trường Đại Học Thương Mại,TM25,Tài chính - Ngân hàng (Tài chính - Ngân hàng thương mại - Chương trình định hướng chuyên sâu nghề nghiệp quốc tế - IPOP),D01,2025,25.4,,THPT
TMU,Trường Đại Học Thương Mại,TM25,Tài chính - Ngân hàng (Tài chính - Ngân hàng thương mại - Chương trình định hướng chuyên sâu nghề nghiệp quốc tế - IPOP),D07,2025,25.4,,THPT
TMU,Trường Đại Học Thương Mại,TM25,Tài chính - Ngân hàng (Tài chính - Ngân hàng thương mại - Chương trình định hướng chuyên sâu nghề nghiệp quốc tế - IPOP),D09,2025,25.4,,THPT
TMU,Trường Đại Học Thương Mại,TM25,Tài chính - Ngân hàng (Tài chính - Ngân hàng thương mại - Chương trình định hướng chuyên sâu nghề nghiệp quốc tế - IPOP),D10,2025,25.4,,THPT
TMU,Trường Đại Học Thương Mại,TM26,Tài chính - Ngân hàng (Tài chính công),A00,2025,25.2,,THPT
TMU,Trường Đại Học Thương Mại,TM26,Tài chính - Ngân hàng (Tài chính công),A01,2025,25.2,,THPT
TMU,Trường Đại Học Thương Mại,TM26,Tài chính - Ngân hàng (Tài chính công),D01,2025,25.2,,THPT
TMU,Trường Đại Học Thương Mại,TM26,Tài chính - Ngân hàng (Tài chính công),D07,2025,25.2,,THPT
TMU,Trường Đại Học Thương Mại,TM27,Tài chính - Ngân hàng (Công nghệ tài chính ngân hàng),A00,2025,25.0,,THPT
TMU,Trường Đại Học Thương Mại,TM27,Tài chính - Ngân hàng (Công nghệ tài chính ngân hàng),A01,2025,25.0,,THPT
TMU,Trường Đại Học Thương Mại,TM27,Tài chính - Ngân hàng (Công nghệ tài chính ngân hàng),D01,2025,25.0,,THPT
TMU,Trường Đại Học Thương Mại,TM27,Tài chính - Ngân hàng (Công nghệ tài chính ngân hàng),D07,2025,25.0,,THPT
TMU,Trường Đại Học Thương Mại,TM28,Thương mại điện tử (Quản trị thương mại điện tử),A00,2025,27.6,,THPT
TMU,Trường Đại Học Thương Mại,TM28,Thương mại điện tử (Quản trị thương mại điện tử),A01,2025,27.6,,THPT
TMU,Trường Đại Học Thương Mại,TM28,Thương mại điện tử (Quản trị thương mại điện tử),D01,2025,27.6,,THPT
TMU,Trường Đại Học Thương Mại,TM28,Thương mại điện tử (Quản trị thương mại điện tử),D07,2025,27.6,,THPT
TMU,Trường Đại Học Thương Mại,TM29,Thương mại điện tử (Thương mại điện tử - Chương trình định hướng chuyên sâu nghề nghiệp quốc tế - IPOP),A01,2025,26.5,,THPT
TMU,Trường Đại Học Thương Mại,TM29,Thương mại điện tử (Thương mại điện tử - Chương trình định hướng chuyên sâu nghề nghiệp quốc tế - IPOP),D01,2025,26.5,,THPT
TMU,Trường Đại Học Thương Mại,TM29,Thương mại điện tử (Thương mại điện tử - Chương trình định hướng chuyên sâu nghề nghiệp quốc tế - IPOP),D07,2025,26.5,,THPT
TMU,Trường Đại Học Thương Mại,TM29,Thương mại điện tử (Thương mại điện tử - Chương trình định hướng chuyên sâu nghề nghiệp quốc tế - IPOP),D09,2025,26.5,,THPT
TMU,Trường Đại Học Thương Mại,TM29,Thương mại điện tử (Thương mại điện tử - Chương trình định hướng chuyên sâu nghề nghiệp quốc tế - IPOP),D10,2025,26.5,,THPT
TMU,Trường Đại Học Thương Mại,TM30,Thương mại điện tử (Kinh doanh số),A00,2025,27.2,,THPT
TMU,Trường Đại Học Thương Mại,TM30,Thương mại điện tử (Kinh doanh số),A01,2025,27.2,,THPT
TMU,Trường Đại Học Thương Mại,TM30,Thương mại điện tử (Kinh doanh số),D01,2025,27.2,,THPT
TMU,Trường Đại Học Thương Mại,TM30,Thương mại điện tử (Kinh doanh số),D07,2025,27.2,,THPT
TMU,Trường Đại Học Thương Mại,TM31,Hệ thống thông tin quản lý (Quản trị Hệ thống thông tin),A00,2025,24.8,,THPT
TMU,Trường Đại Học Thương Mại,TM31,Hệ thống thông tin quản lý (Quản trị Hệ thống thông tin),A01,2025,24.8,,THPT
TMU,Trường Đại Học Thương Mại,TM31,Hệ thống thông tin quản lý (Quản trị Hệ thống thông tin),D01,2025,24.8,,THPT
TMU,Trường Đại Học Thương Mại,TM31,Hệ thống thông tin quản lý (Quản trị Hệ thống thông tin),D07,2025,24.8,,THPT
TMU,Trường Đại Học Thương Mại,TM32,Hệ thống thông tin quản lý (Quản trị Hệ thống thông tin - Chương trình định hướng chuyên sâu nghề nghiệp quốc tế - IPOP),A01,2025,24.2,,THPT
TMU,Trường Đại Học Thương Mại,TM32,Hệ thống thông tin quản lý (Quản trị Hệ thống thông tin - Chương trình định hướng chuyên sâu nghề nghiệp quốc tế - IPOP),D01,2025,24.2,,THPT
TMU,Trường Đại Học Thương Mại,TM32,Hệ thống thông tin quản lý (Quản trị Hệ thống thông tin - Chương trình định hướng chuyên sâu nghề nghiệp quốc tế - IPOP),D07,2025,24.2,,THPT
TMU,Trường Đại Học Thương Mại,TM32,Hệ thống thông tin quản lý (Quản trị Hệ thống thông tin - Chương trình định hướng chuyên sâu nghề nghiệp quốc tế - IPOP),D09,2025,24.2,,THPT
TMU,Trường Đại Học Thương Mại,TM32,Hệ thống thông tin quản lý (Quản trị Hệ thống thông tin - Chương trình định hướng chuyên sâu nghề nghiệp quốc tế - IPOP),D10,2025,24.2,,THPT
TMU,Trường Đại Học Thương Mại,TM33,Ngôn ngữ Anh (Tiếng Anh thương mại),A01,2025,26.1,,THPT
TMU,Trường Đại Học Thương Mại,TM33,Ngôn ngữ Anh (Tiếng Anh thương mại),D01,2025,26.1,,THPT
TMU,Trường Đại Học Thương Mại,TM33,Ngôn ngữ Anh (Tiếng Anh thương mại),D07,2025,26.1,,THPT
TMU,Trường Đại Học Thương Mại,TM34,Luật kinh tế (Luật kinh tế),A00,2025,25.4,,THPT
TMU,Trường Đại Học Thương Mại,TM34,Luật kinh tế (Luật kinh tế),A01,2025,25.4,,THPT
TMU,Trường Đại Học Thương Mại,TM34,Luật kinh tế (Luật kinh tế),D01,2025,25.4,,THPT
TMU,Trường Đại Học Thương Mại,TM34,Luật kinh tế (Luật kinh tế),D07,2025,25.4,,THPT
TMU,Trường Đại Học Thương Mại,TM35,Luật kinh tế (Luật kinh doanh - Chương trình định hướng chuyên sâu nghề nghiệp quốc tế - IPOP),A01,2025,24.7,,THPT
TMU,Trường Đại Học Thương Mại,TM35,Luật kinh tế (Luật kinh doanh - Chương trình định hướng chuyên sâu nghề nghiệp quốc tế - IPOP),D01,2025,24.7,,THPT
TMU,Trường Đại Học Thương Mại,TM35,Luật kinh tế (Luật kinh doanh - Chương trình định hướng chuyên sâu nghề nghiệp quốc tế - IPOP),D07,2025,24.7,,THPT
TMU,Trường Đại Học Thương Mại,TM35,Luật kinh tế (Luật kinh doanh - Chương trình định hướng chuyên sâu nghề nghiệp quốc tế - IPOP),D09,2025,24.7,,THPT
TMU,Trường Đại Học Thương Mại,TM35,Luật kinh tế (Luật kinh doanh - Chương trình định hướng chuyên sâu nghề nghiệp quốc tế - IPOP),D10,2025,24.7,,THPT
TMU,Trường Đại Học Thương Mại,TM36,Luật kinh tế (Luật thương mại quốc tế),A00,2025,25.1,,THPT
TMU,Trường Đại Học Thương Mại,TM36,Luật kinh tế (Luật thương mại quốc tế),A01,2025,25.1,,THPT
TMU,Trường Đại Học Thương Mại,TM36,Luật kinh tế (Luật thương mại quốc tế),D01,2025,25.1,,THPT
TMU,Trường Đại Học Thương Mại,TM36,Luật kinh tế (Luật thương mại quốc tế),D07,2025,25.1,,THPT
TMU,Trường Đại Học Thương Mại,TM37,Quản trị nhân lực (Quản trị nhân lực doanh nghiệp),A00,2025,25.6,,THPT
TMU,Trường Đại Học Thương Mại,TM37,Quản trị nhân lực (Quản trị nhân lực doanh nghiệp),A01,2025,25.6,,THPT
TMU,Trường Đại Học Thương Mại,TM37,Quản trị nhân lực (Quản trị nhân lực doanh nghiệp),D01,2025,25.6,,THPT
TMU,Trường Đại Học Thương Mại,TM37,Quản trị nhân lực (Quản trị nhân lực doanh nghiệp),D07,2025,25.6,,THPT
TMU,Trường Đại Học Thương Mại,TM38,Quản trị nhân lực (Quản trị nhân lực doanh nghiệp - Chương trình định hướng chuyên sâu nghề nghiệp quốc tế - IPOP),A01,2025,24.8,,THPT
TMU,Trường Đại Học Thương Mại,TM38,Quản trị nhân lực (Quản trị nhân lực doanh nghiệp - Chương trình định hướng chuyên sâu nghề nghiệp quốc tế - IPOP),D01,2025,24.8,,THPT
TMU,Trường Đại Học Thương Mại,TM38,Quản trị nhân lực (Quản trị nhân lực doanh nghiệp - Chương trình định hướng chuyên sâu nghề nghiệp quốc tế - IPOP),D07,2025,24.8,,THPT
TMU,Trường Đại Học Thương Mại,TM38,Quản trị nhân lực (Quản trị nhân lực doanh nghiệp - Chương trình định hướng chuyên sâu nghề nghiệp quốc tế - IPOP),D09,2025,24.8,,THPT
TMU,Trường Đại Học Thương Mại,TM38,Quản trị nhân lực (Quản trị nhân lực doanh nghiệp - Chương trình định hướng chuyên sâu nghề nghiệp quốc tế - IPOP),D10,2025,24.8,,THPT
TMU,Trường Đại Học Thương Mại,TM39,Kinh tế số (Phân tích kinh doanh trong môi trường số),A00,2025,25.1,,THPT
TMU,Trường Đại Học Thương Mại,TM39,Kinh tế số (Phân tích kinh doanh trong môi trường số),A01,2025,25.1,,THPT
TMU,Trường Đại Học Thương Mại,TM39,Kinh tế số (Phân tích kinh doanh trong môi trường số),D01,2025,25.1,,THPT
TMU,Trường Đại Học Thương Mại,TM39,Kinh tế số (Phân tích kinh doanh trong môi trường số),D07,2025,25.1,,THPT
TMU,Trường Đại Học Thương Mại,TM40,Ngôn ngữ Trung Quốc (Tiếng Trung thương mại),A01,2025,27.4,,THPT
TMU,Trường Đại Học Thương Mại,TM40,Ngôn ngữ Trung Quốc (Tiếng Trung thương mại),D01,2025,27.4,,THPT
TMU,Trường Đại Học Thương Mại,TM40,Ngôn ngữ Trung Quốc (Tiếng Trung thương mại),D07,2025,27.4,,THPT
TMU,Trường Đại Học Thương Mại,TM42,Quản trị kinh doanh (Tiếng Pháp thương mại),A00,2025,22.5,,THPT
TMU,Trường Đại Học Thương Mại,TM42,Quản trị kinh doanh (Tiếng Pháp thương mại),A01,2025,22.5,,THPT
TMU,Trường Đại Học Thương Mại,TM42,Quản trị kinh doanh (Tiếng Pháp thương mại),D01,2025,22.5,,THPT
TMU,Trường Đại Học Thương Mại,TM42,Quản trị kinh doanh (Tiếng Pháp thương mại),D07,2025,22.5,,THPT
TMU,Trường Đại Học Thương Mại,TM43,Quản trị kinh doanh (Quản trị kinh doanh) - Khởi nghiệp (Thành lập doanh nghiệp) - Chương trình đào tạo song bằng quốc tế,A01,2025,22.5,,THPT
TMU,Trường Đại Học Thương Mại,TM43,Quản trị kinh doanh (Quản trị kinh doanh) - Khởi nghiệp (Thành lập doanh nghiệp) - Chương trình đào tạo song bằng quốc tế,D01,2025,22.5,,THPT
TMU,Trường Đại Học Thương Mại,TM43,Quản trị kinh doanh (Quản trị kinh doanh) - Khởi nghiệp (Thành lập doanh nghiệp) - Chương trình đào tạo song bằng quốc tế,D07,2025,22.5,,THPT
TMU,Trường Đại Học Thương Mại,TM43,Quản trị kinh doanh (Quản trị kinh doanh) - Khởi nghiệp (Thành lập doanh nghiệp) - Chương trình đào tạo song bằng quốc tế,D09,2025,22.5,,THPT
TMU,Trường Đại Học Thương Mại,TM43,Quản trị kinh doanh (Quản trị kinh doanh) - Khởi nghiệp (Thành lập doanh nghiệp) - Chương trình đào tạo song bằng quốc tế,D10,2025,22.5,,THPT
TMU,Trường Đại Học Thương Mại,TM44,Marketing (Marketing thương mại) - Thương mại sản phẩm và dịch vụ (Bán hàng) - Chương trình đào tạo song bằng quốc tế,A01,2025,24.8,,THPT
TMU,Trường Đại Học Thương Mại,TM44,Marketing (Marketing thương mại) - Thương mại sản phẩm và dịch vụ (Bán hàng) - Chương trình đào tạo song bằng quốc tế,D01,2025,24.8,,THPT
TMU,Trường Đại Học Thương Mại,TM44,Marketing (Marketing thương mại) - Thương mại sản phẩm và dịch vụ (Bán hàng) - Chương trình đào tạo song bằng quốc tế,D07,2025,24.8,,THPT
TMU,Trường Đại Học Thương Mại,TM44,Marketing (Marketing thương mại) - Thương mại sản phẩm và dịch vụ (Bán hàng) - Chương trình đào tạo song bằng quốc tế,D09,2025,24.8,,THPT
TMU,Trường Đại Học Thương Mại,TM44,Marketing (Marketing thương mại) - Thương mại sản phẩm và dịch vụ (Bán hàng) - Chương trình đào tạo song bằng quốc tế,D10,2025,24.8,,THPT
TMU,Trường Đại Học Thương Mại,TM45,Quản trị kinh doanh (Quàn trị kinh doanh - Chương trình đào tạo tiến tiến),A01,2025,0.0,,THPT
TMU,Trường Đại Học Thương Mại,TM45,Quản trị kinh doanh (Quàn trị kinh doanh - Chương trình đào tạo tiến tiến),D01,2025,0.0,,THPT
TMU,Trường Đại Học Thương Mại,TM45,Quản trị kinh doanh (Quàn trị kinh doanh - Chương trình đào tạo tiến tiến),D07,2025,0.0,,THPT
TMU,Trường Đại Học Thương Mại,TM45,Quản trị kinh doanh (Quàn trị kinh doanh - Chương trình đào tạo tiến tiến),D09,2025,0.0,,THPT
TMU,Trường Đại Học Thương Mại,TM45,Quản trị kinh doanh (Quàn trị kinh doanh - Chương trình đào tạo tiến tiến),D10,2025,0.0,,THPT
TQU,Đại học Tân Trào,7229042,Quản lý văn hoá,C00,2025,22.6,,THPT
TQU,Trường Đại học Tân Trào,7229042,Quản lý văn hóa,C00,2025,22.6,,THPT
TQU,Trường Đại học Tân Trào,7229042,Quản lý văn hóa,D01,2025,22.6,,THPT
TQU,Đại học Tân Trào,7229042,Quản lý văn hoá,D01,2025,22.6,,THPT
TQU,Đại học Tân Trào,7310201,Chính trị học,C00,2025,19.6,,THPT
TQU,Trường Đại học Tân Trào,7310201,Chính trị học,C00,2025,19.6,,THPT
TQU,Trường Đại học Tân Trào,7310201,Chính trị học,D01,2025,19.6,,THPT
TQU,Đại học Tân Trào,7310201,Chính trị học,D01,2025,19.6,,THPT
TQU,Đại học Tân Trào,7310401,Tâm lý học,C00,2025,22.6,,THPT
TQU,Trường Đại học Tân Trào,7310401,Tâm lý học,C00,2025,22.6,,THPT
TQU,Trường Đại học Tân Trào,7310401,Tâm lý học,D01,2025,22.6,,THPT
TQU,Đại học Tân Trào,7310401,Tâm lý học,D01,2025,22.6,,THPT
TQU,Đại học Tân Trào,7340301,Kế toán,A00,2025,16.0,,THPT
TQU,Trường Đại học Tân Trào,7340301,Kế toán,A00,2025,16.0,,THPT
TQU,Trường Đại học Tân Trào,7340301,Kế toán,A01,2025,16.0,,THPT
TQU,Đại học Tân Trào,7340301,Kế toán,A01,2025,16.0,,THPT
TQU,Trường Đại học Tân Trào,7340301,Kế toán,D01,2025,16.0,,THPT
TQU,Đại học Tân Trào,7340301,Kế toán,D01,2025,16.0,,THPT
TQU,Trường Đại học Tân Trào,7340301,Kế toán,D09,2025,16.0,,THPT
TQU,Đại học Tân Trào,7340301,Kế toán,D09,2025,16.0,,THPT
TQU,Đại học Tân Trào,7480201,Công nghệ thông tin,A00,2025,16.0,,THPT
TQU,Trường Đại học Tân Trào,7480201,Công nghệ thông tin,A00,2025,16.0,,THPT
TQU,Trường Đại học Tân Trào,7480201,Công nghệ thông tin,A01,2025,16.0,,THPT
TQU,Đại học Tân Trào,7480201,Công nghệ thông tin,A01,2025,16.0,,THPT
TQU,Trường Đại học Tân Trào,7480201,Công nghệ thông tin,B00,2025,16.0,,THPT
TQU,Đại học Tân Trào,7480201,Công nghệ thông tin,B00,2025,16.0,,THPT
TQU,Trường Đại học Tân Trào,7480201,Công nghệ thông tin,D01,2025,16.0,,THPT
TQU,Đại học Tân Trào,7480201,Công nghệ thông tin,D01,2025,16.0,,THPT
TQU,Trường Đại học Tân Trào,7480201,Công nghệ thông tin,D07,2025,16.0,,THPT
TQU,Đại học Tân Trào,7480201,Công nghệ thông tin,D07,2025,16.0,,THPT
TQU,Đại học Tân Trào,7620115,Kinh tế nông nghiệp,A00,2025,16.0,,THPT
TQU,Trường Đại học Tân Trào,7620115,Kinh tế nông nghiệp,A00,2025,16.0,,THPT
TQU,Trường Đại học Tân Trào,7620115,Kinh tế nông nghiệp,A01,2025,16.0,,THPT
TQU,Đại học Tân Trào,7620115,Kinh tế nông nghiệp,A01,2025,16.0,,THPT
TQU,Trường Đại học Tân Trào,7620115,Kinh tế nông nghiệp,D01,2025,16.0,,THPT
TQU,Đại học Tân Trào,7620115,Kinh tế nông nghiệp,D01,2025,16.0,,THPT
TQU,Trường Đại học Tân Trào,7620115,Kinh tế nông nghiệp,D09,2025,16.0,,THPT
TQU,Đại học Tân Trào,7620115,Kinh tế nông nghiệp,D09,2025,16.0,,THPT
TQU,Trường Đại học Tân Trào,7620205,Lâm sinh,B00,2025,16.0,,THPT
TQU,Đại học Tân Trào,7620205,Lâm sinh,B00,2025,16.0,,THPT
TQU,Đại học Tân Trào,7720201,Dược học,A00,2025,21.6,,THPT
TQU,Trường Đại học Tân Trào,7720201,Dược học,A00,2025,21.6,,THPT
TQU,Trường Đại học Tân Trào,7720201,Dược học,B00,2025,21.6,,THPT
TQU,Đại học Tân Trào,7720201,Dược học,B00,2025,21.6,,THPT
TQU,Trường Đại học Tân Trào,7720201,Dược học,D07,2025,21.6,,THPT
TQU,Trường Đại học Tân Trào,7720301,Điều dưỡng,B00,2025,17.0,,THPT
TQU,Đại học Tân Trào,7720301,Điều dưỡng,B00,2025,17.0,,THPT
TQU,Đại học Tân Trào,7760101,Công tác xã hội,C00,2025,21.6,,THPT
TQU,Trường Đại học Tân Trào,7760101,Công tác xã hội,C00,2025,21.6,,THPT
TQU,Trường Đại học Tân Trào,7760101,Công tác xã hội,D01,2025,21.6,,THPT
TQU,Đại học Tân Trào,7760101,Công tác xã hội,D01,2025,21.6,,THPT
TQU,Đại học Tân Trào,7810103,Quản trị dịch vụ du lịch và lữ hành,C00,2025,23.5,,THPT
TQU,Trường Đại học Tân Trào,7810103,Quản trị Dịch vụ du lịch và lữ hành,C00,2025,23.5,,THPT
TQU,Trường Đại học Tân Trào,7810103,Quản trị Dịch vụ du lịch và lữ hành,D01,2025,23.5,,THPT
TQU,Đại học Tân Trào,7810103,Quản trị dịch vụ du lịch và lữ hành,D01,2025,23.5,,THPT
TSN,Đại học Nha Trang,7220201,Ngôn ngữ Anh,D01,2025,25.0,,THPT
TSN,Đại học Nha Trang,7310101,Kinh tế,D01,2025,21.0,,THPT
TSN,Trường Đại Học Nha Trang,7310101,Kinh tế (02 chuyên ngành: Kinh tế thủy sản; Quản lý kinh tế),D01,2025,19.81,,THPT
TSN,Đại học Nha Trang,7310105,Kinh tế phát triển,D01,2025,21.0,,THPT
TSN,Trường Đại Học Nha Trang,7310105,Kinh tế phát triển,D01,2025,19.81,,THPT
TSN,Đại học Nha Trang,7340101,Quản trị Kinh doanh,D01,2025,24.0,,THPT
TSN,Trường Đại Học Nha Trang,7340101,Quản trị kinh doanh,D01,2025,22.64,,THPT
TSN,Đại học Nha Trang,7340101A,Quản trị kinh doanh,D01,2025,24.0,,THPT
TSN,Trường Đại Học Nha Trang,7340101A,Quản trị kinh doanh (Chương trình đặc biệt),D01,2025,22.64,,THPT
TSN,Đại học Nha Trang,7340115,Marketing,D01,2025,27.0,,THPT
TSN,Trường Đại Học Nha Trang,7340115,Marketing,D01,2025,25.47,,THPT
TSN,Đại học Nha Trang,7340121,Kinh doanh thương mại,D01,2025,24.0,,THPT
TSN,Trường Đại Học Nha Trang,7340121,Kinh doanh thương mại,D01,2025,22.64,,THPT
TSN,Đại học Nha Trang,7340201,Tài chính – Ngân hàng,D01,2025,24.0,,THPT
TSN,Trường Đại Học Nha Trang,7340201,Tài chính - Ngân hàng (02 chuyên ngành: Tài chính - Ngân hàng; Công nghệ tài chính),D01,2025,22.64,,THPT
TSN,Đại học Nha Trang,7340201A,Tài chính - Ngân hàng,D01,2025,24.0,,THPT
TSN,Trường Đại Học Nha Trang,7340201A,Tài chính - Ngân hàng (Chương trình đặc biệt),D01,2025,22.64,,THPT
TSN,Đại học Nha Trang,7340301,Kế toán,D01,2025,23.0,,THPT
TSN,Trường Đại Học Nha Trang,7340301,Kế toán,D01,2025,21.7,,THPT
TSN,Đại học Nha Trang,7340301A,Kế toán,D01,2025,23.0,,THPT
TSN,Trường Đại Học Nha Trang,7340301A,Kế toán (Chương trình đặc biệt),D01,2025,21.7,,THPT
TSN,Đại học Nha Trang,7340302,Kiểm toán,D01,2025,23.0,,THPT
TSN,Trường Đại Học Nha Trang,7340302,Kiểm toán,D01,2025,21.7,,THPT
TSN,Đại học Nha Trang,7340405,Hệ thống thông tin,D01,2025,21.0,,THPT
TSN,Trường Đại Học Nha Trang,7340405,Hệ thống thông tin quản lý,D01,2025,19.81,,THPT
TSN,Đại học Nha Trang,7380101,Ngành Luật,D01,2025,27.0,,THPT
TSN,Trường Đại Học Nha Trang,7380101,Luật (02 chuyên ngành: Luật; Luật kinh tế),D01,2025,25.47,,THPT
TSN,Trường Đại Học Nha Trang,7420201,Công nghệ sinh học,D01,2025,20.0,,THPT
TSN,Đại học Nha Trang,7420201,Công nghệ sinh học,D01,2025,20.0,,THPT
TSN,Trường Đại Học Nha Trang,7420201MP,Công nghệ sinh học (Chương trình Minh Phú -NTU),D01,2025,18.87,,THPT
TSN,Đại học Nha Trang,7420201MP,Công nghệ Sinh học chương trình Minh Phú,D01,2025,20.0,,THPT
TSN,Đại học Nha Trang,7480101,Khoa học máy tính,D01,2025,22.0,,THPT
TSN,Trường Đại Học Nha Trang,7480101,Khoa học máy tính,D01,2025,20.75,,THPT
TSN,Đại học Nha Trang,7480201,Công nghệ thông tin,D01,2025,22.0,,THPT
TSN,Trường Đại Học Nha Trang,7480201,Công nghệ thông tin,D01,2025,20.75,,THPT
TSN,Đại học Nha Trang,7480201A,Công nghệ thông tin,D01,2025,22.0,,THPT
TSN,Trường Đại Học Nha Trang,7480201A,Công nghệ thông tin (Chương trình đặc biệt),D01,2025,20.75,,THPT
TSN,Đại học Nha Trang,7480201B,Công nghệ thông tin,D01,2025,22.0,,THPT
TSN,Trường Đại Học Nha Trang,7480201B,Công nghệ thông tin Việt Nhật,D01,2025,20.75,,THPT
TSN,Trường Đại Học Nha Trang,7510202,Công nghệ chế tạo máy,D01,2025,20.0,,THPT
TSN,Đại học Nha Trang,7510202,Công nghệ chế tạo máy,D01,2025,20.0,,THPT
TSN,Trường Đại Học Nha Trang,7520103,Kỹ thuật cơ khí (02 chuyên ngành: Kỹ thuật cơ khí; Thiết kế và chế tạo số),D01,2025,19.81,,THPT
TSN,Đại học Nha Trang,7520103,Kỹ thuật cơ khí,D01,2025,21.0,,THPT
TSN,Trường Đại Học Nha Trang,7520103MP,Cơ khí thủy sản thông minh (Chương trình Minh Phú - NTU),D01,2025,18.87,,THPT
TSN,Đại học Nha Trang,7520103MP,Cơ khí thủy sản thông minh (chương trình Minh Phú - NTU),D01,2025,20.0,,THPT
TSN,Trường Đại Học Nha Trang,7520114,Kỹ thuật cơ điện tử,D01,2025,21.0,,THPT
TSN,Đại học Nha Trang,7520114,Kỹ thuật cơ điện tử,D01,2025,21.0,,THPT
TSN,Trường Đại Học Nha Trang,7520115,Kỹ thuật nhiệt,D01,2025,20.0,,THPT
TSN,Đại học Nha Trang,7520115,"Kỹ thuật nhiệt (3 chuyên ngành: Kỹ thuật điện lạnh; Máy lạnh, điều hòa không khí và thông gió; Máy lạnh và thiết bị thực phẩm)",D01,2025,20.0,,THPT
TSN,Trường Đại Học Nha Trang,7520116,Kỹ thuật cơ khí động lực,D01,2025,20.0,,THPT
TSN,Đại học Nha Trang,7520116,Kỹ thuật cơ khí động lực,D01,2025,20.0,,THPT
TSN,Trường Đại Học Nha Trang,7520122,Kỹ thuật tàu thủy,D01,2025,20.5,,THPT
TSN,Đại học Nha Trang,7520122,Ngành Kỹ thuật tàu thủy,D01,2025,20.5,,THPT
TSN,Trường Đại Học Nha Trang,7520130,Kỹ thuật ô tô,D01,2025,21.5,,THPT
TSN,Đại học Nha Trang,7520130,Kỹ thuật ô tô,D01,2025,21.5,,THPT
TSN,Trường Đại Học Nha Trang,7520201,"Kỹ thuật điện (chuyên ngành Kỹ thuật điện, điện tử)",D01,2025,21.5,,THPT
TSN,Đại học Nha Trang,7520201,Kỹ thuật điện,D01,2025,21.5,,THPT
TSN,Trường Đại Học Nha Trang,7520206,Kỹ thuật biển,D01,2025,20.0,,THPT
TSN,Đại học Nha Trang,7520206,Kỹ thuật biển,D01,2025,20.0,,THPT
TSN,Trường Đại Học Nha Trang,7520216,Kỹ thuật điều khiển và tự động hóa,D01,2025,21.0,,THPT
TSN,Đại học Nha Trang,7520216,Ngành Kỹ thuật điều khiển & Tự động hóa,D01,2025,21.0,,THPT
TSN,Trường Đại Học Nha Trang,7520301,Kỹ thuật hoá học,D01,2025,18.87,,THPT
TSN,Đại học Nha Trang,7520301,Kỹ thuật hóa học,D01,2025,20.0,,THPT
TSN,Trường Đại Học Nha Trang,7520320,Kỹ thuật môi trường (02 chuyên ngành: Kỹ thuật môi trường; Quản lý môi trường và an toàn vệ sinh lao động),D01,2025,18.87,,THPT
TSN,Đại học Nha Trang,7520320,Ngành Kỹ thuật môi trường,D01,2025,20.0,,THPT
TSN,Trường Đại Học Nha Trang,7540101,Công nghệ thực phẩm (02 chuyên ngành: Công nghệ thực phẩm; Dinh dưỡng và ẩm thực),D01,2025,19.34,,THPT
TSN,Đại học Nha Trang,7540101,Công nghệ thực phẩm,D01,2025,20.5,,THPT
TSN,Trường Đại Học Nha Trang,7540105,Công nghệ chế biến thuỷ sản (02 chuyên ngành: Công nghệ chế biến thủy sản; Công nghệ sau thu hoạch),D01,2025,20.0,,THPT
TSN,Đại học Nha Trang,7540105,Công nghệ chế biến thủy sản,D01,2025,20.0,,THPT
TSN,Trường Đại Học Nha Trang,7540105HV,Công nghệ chế biến thuỷ sản (chương trình Hải Vương - NTU),D01,2025,20.0,,THPT
TSN,Đại học Nha Trang,7540105HV,Công nghệ chế biến thủy sản (chương Hải Vương - NTU),D01,2025,20.0,,THPT
TSN,Trường Đại Học Nha Trang,7540105MP,Công nghệ chế biến thuỷ sản (Chương trình Minh Phú - NTU),D01,2025,20.0,,THPT
TSN,Đại học Nha Trang,7540105MP,Công nghệ chế biến thuỷ sản (Chương trình Minh Phú - NTU),D01,2025,20.0,,THPT
TSN,Trường Đại Học Nha Trang,7540106,Đảm bảo chất lượng và an toàn thưc phẩm,D01,2025,20.0,,THPT
TSN,Đại học Nha Trang,7540106,Đảm bảo chất lượng và an toàn thực phẩm,D01,2025,20.0,,THPT
TSN,Trường Đại Học Nha Trang,7580201,Kỹ thuật xây dựng (02 chuyên ngành: Kỹ thuật xây dựng; Quản lý xây dựng),D01,2025,20.0,,THPT
TSN,Đại học Nha Trang,7580201,Kỹ thuật xây dựng,D01,2025,20.0,,THPT
TSN,Trường Đại Học Nha Trang,7580205,Kỹ thuật xây dựng công trình giao thông,D01,2025,20.0,,THPT
TSN,Đại học Nha Trang,7580205,Kỹ thuật xây dựng công trình giao thông,D01,2025,20.0,,THPT
TSN,Trường Đại Học Nha Trang,7620301,Nuôi trồng thuỷ sản,D01,2025,20.0,,THPT
TSN,Đại học Nha Trang,7620301,ĐH Nuôi trồng thủy sản,D01,2025,20.0,,THPT
TSN,Trường Đại Học Nha Trang,7620301MP,Nuôi trồng thuỷ sản (Chương trình Minh Phú - NTU),D01,2025,18.87,,THPT
TSN,Đại học Nha Trang,7620301MP,Nuôi trồng thuỷ sản (Chương trình Minh Phú - NTU),D01,2025,20.0,,THPT
TSN,Trường Đại Học Nha Trang,7620303,"Khoa học thủy sản (02 chuyên ngành: Khoa học thủy sản, Khai thác thủy sản)",D01,2025,20.0,,THPT
TSN,Đại học Nha Trang,7620303,Khoa học thuỷ sản,D01,2025,20.0,,THPT
TSN,Trường Đại Học Nha Trang,7620305,Quản lý thuỷ sản,D01,2025,20.0,,THPT
TSN,Đại học Nha Trang,7620305,Quản lý thủy sản,D01,2025,20.0,,THPT
TSN,Đại học Nha Trang,7810103,Quản trị dịch vụ du lịch và lữ hành,D01,2025,25.0,,THPT
TSN,Trường Đại Học Nha Trang,7810103,Quản trị dịch vụ du lịch và lữ hành,D01,2025,23.58,,THPT
TSN,Đại học Nha Trang,7810103A,"Quản trị dịch vụ du lịch và lữ hành, chuyên ngành Quản trị lữ hành",D01,2025,25.0,,THPT
TSN,Trường Đại Học Nha Trang,7810103A,Quản trị dịch vụ du lịch lữ hành (Chương trình đặc biệt),D01,2025,23.58,,THPT
TSN,Đại học Nha Trang,7810103P,Quản trị dịch vụ du lịch và lữ hành (chương trình song ngữ Pháp-Việt),D01,2025,23.0,,THPT
TSN,Trường Đại Học Nha Trang,7810103P,Quản trị dịch vụ du lịch và lữ hành (Chương trình song ngữ Pháp - Việt),D01,2025,21.7,,THPT
TSN,Đại học Nha Trang,7810201,Quản trị khách sạn,D01,2025,25.0,,THPT
TSN,Trường Đại Học Nha Trang,7810201,Quản trị khách sạn,D01,2025,23.58,,THPT
TSN,Đại học Nha Trang,7810201A,Công nghệ thông tin chương trình đặc biệt,D01,2025,25.0,,THPT
TSN,Trường Đại Học Nha Trang,7810201A,Quản trị khách sạn (Chương trình đặc biệt),D01,2025,23.58,,THPT
TSN,Trường Đại Học Nha Trang,7840106,Khoa học hàng hải (02 chuyên ngành: Khoa học hàng hải; Quản lý hàng hải và Logistics),D01,2025,22.64,,THPT
TSN,Đại học Nha Trang,7840106,Ngành Khoa học Hàng hải,D01,2025,24.0,,THPT
TTB,Đại học Tây Bắc,7140201,Giáo dục Mầm non,C00,2025,27.37,,THPT
TTB,Trường Đại Học Tây Bắc,7140201,Giáo dục Mầm non,C00,2025,27.37,,THPT
TTB,Đại học Tây Bắc,7140202,Giáo dục Tiểu học,A00,2025,27.74,,THPT
TTB,Trường Đại Học Tây Bắc,7140202,Giáo dục Tiểu học,A00,2025,27.74,,THPT
TTB,Trường Đại Học Tây Bắc,7140202,Giáo dục Tiểu học,A01,2025,27.74,,THPT
TTB,Đại học Tây Bắc,7140202,Giáo dục Tiểu học,A01,2025,27.74,,THPT
TTB,Trường Đại Học Tây Bắc,7140202,Giáo dục Tiểu học,C00,2025,27.74,,THPT
TTB,Đại học Tây Bắc,7140202,Giáo dục Tiểu học,C00,2025,27.74,,THPT
TTB,Trường Đại Học Tây Bắc,7140202,Giáo dục Tiểu học,C00,2025,27.74,,THPT
TTB,Trường Đại Học Tây Bắc,7140202,Giáo dục Tiểu học,D01,2025,27.74,,THPT
TTB,Đại học Tây Bắc,7140202,Giáo dục Tiểu học,D01,2025,27.74,,THPT
TTB,Trường Đại Học Tây Bắc,7140205,Giáo dục Chính trị,A00,2025,27.52,,THPT
TTB,Trường Đại Học Tây Bắc,7140205,Giáo dục Chính trị,A01,2025,27.52,,THPT
TTB,Trường Đại Học Tây Bắc,7140205,Giáo dục Chính trị,C00,2025,27.52,,THPT
TTB,Đại học Tây Bắc,7140205,Giáo dục Chính trị,C00,2025,27.52,,THPT
TTB,Trường Đại Học Tây Bắc,7140205,Giáo dục Chính trị,C00,2025,27.52,,THPT
TTB,Trường Đại Học Tây Bắc,7140205,Giáo dục Chính trị,D01,2025,27.52,,THPT
TTB,Trường Đại Học Tây Bắc,7140205,Giáo dục Chính trị,D01,2025,27.52,,THPT
TTB,Đại học Tây Bắc,7140205,Giáo dục Chính trị,D01,2025,27.52,,THPT
TTB,Trường Đại Học Tây Bắc,7140206,Giáo dục Thể chất,C00,2025,25.57,,THPT
TTB,Trường Đại Học Tây Bắc,7140206,Giáo dục Thể chất,D01,2025,25.57,,THPT
TTB,Đại học Tây Bắc,7140209,Sư phạm Toán học,A00,2025,25.49,,THPT
TTB,Trường Đại Học Tây Bắc,7140209,Sư phạm Toán học,A00,2025,25.49,,THPT
TTB,Trường Đại Học Tây Bắc,7140209,Sư phạm Toán học,A01,2025,25.49,,THPT
TTB,Đại học Tây Bắc,7140209,Sư phạm Toán học,A01,2025,25.49,,THPT
TTB,Trường Đại Học Tây Bắc,7140209,Sư phạm Toán học,B00,2025,25.49,,THPT
TTB,Đại học Tây Bắc,7140209,Sư phạm Toán học,B00,2025,25.49,,THPT
TTB,Trường Đại Học Tây Bắc,7140209,Sư phạm Toán học,D01,2025,25.49,,THPT
TTB,Đại học Tây Bắc,7140209,Sư phạm Toán học,D01,2025,25.49,,THPT
TTB,Trường Đại Học Tây Bắc,7140209,Sư phạm Toán học,D07,2025,25.49,,THPT
TTB,Đại học Tây Bắc,7140209,Sư phạm Toán học,D07,2025,25.49,,THPT
TTB,Đại học Tây Bắc,7140210,Sư phạm Tin học (Chuyên ngành Tin học – Công nghệ Tiểu học),A00,2025,21.86,,THPT
TTB,Trường Đại Học Tây Bắc,7140210,Sư phạm Tin học,A00,2025,21.86,,THPT
TTB,Trường Đại Học Tây Bắc,7140210,Sư phạm Tin học,A01,2025,21.86,,THPT
TTB,Đại học Tây Bắc,7140210,Sư phạm Tin học (Chuyên ngành Tin học – Công nghệ Tiểu học),A01,2025,21.86,,THPT
TTB,Trường Đại Học Tây Bắc,7140210,Sư phạm Tin học,B00,2025,21.86,,THPT
TTB,Đại học Tây Bắc,7140210,Sư phạm Tin học (Chuyên ngành Tin học – Công nghệ Tiểu học),B00,2025,21.86,,THPT
TTB,Trường Đại Học Tây Bắc,7140210,Sư phạm Tin học,D01,2025,21.86,,THPT
TTB,Đại học Tây Bắc,7140210,Sư phạm Tin học (Chuyên ngành Tin học – Công nghệ Tiểu học),D01,2025,21.86,,THPT
TTB,Đại học Tây Bắc,7140211,Sư phạm Vật lý,A00,2025,24.8,,THPT
TTB,Trường Đại Học Tây Bắc,7140211,Sư phạm Vật lí,A00,2025,24.8,,THPT
TTB,Trường Đại Học Tây Bắc,7140211,Sư phạm Vật lí,A01,2025,24.8,,THPT
TTB,Đại học Tây Bắc,7140211,Sư phạm Vật lý,A01,2025,24.8,,THPT
TTB,Đại học Tây Bắc,7140212,Sư phạm Hóa học,A00,2025,24.7,,THPT
TTB,Trường Đại Học Tây Bắc,7140212,Sư phạm Hóa học,A00,2025,24.7,,THPT
TTB,Trường Đại Học Tây Bắc,7140212,Sư phạm Hóa học,B00,2025,24.7,,THPT
TTB,Đại học Tây Bắc,7140212,Sư phạm Hóa học,B00,2025,24.7,,THPT
TTB,Trường Đại Học Tây Bắc,7140212,Sư phạm Hóa học,D07,2025,24.7,,THPT
TTB,Đại học Tây Bắc,7140212,Sư phạm Hóa học,D07,2025,24.7,,THPT
TTB,Trường Đại Học Tây Bắc,7140213,Sư phạm Sinh học,B00,2025,22.6,,THPT
TTB,Đại học Tây Bắc,7140213,Sư phạm Sinh học,B00,2025,22.6,,THPT
TTB,Đại học Tây Bắc,7140217,Sư phạm Ngữ văn,C00,2025,28.11,,THPT
TTB,Trường Đại Học Tây Bắc,7140217,Sư phạm Ngữ văn,C00,2025,28.11,,THPT
TTB,Trường Đại Học Tây Bắc,7140217,Sư phạm Ngữ văn,D01,2025,28.11,,THPT
TTB,Đại học Tây Bắc,7140217,Sư phạm Ngữ văn,D01,2025,28.11,,THPT
TTB,Trường Đại Học Tây Bắc,7140218,Sư phạm Lịch sử,C00,2025,28.06,,THPT
TTB,Đại học Tây Bắc,7140218,Sư phạm Lịch sử,C00,2025,28.06,,THPT
TTB,Trường Đại Học Tây Bắc,7140218,Sư phạm Lịch sử,D09,2025,28.06,,THPT
TTB,Đại học Tây Bắc,7140218,Sư phạm Lịch sử,D09,2025,28.06,,THPT
TTB,Trường Đại Học Tây Bắc,7140219,Sư phạm Địa lí,C00,2025,28.09,,THPT
TTB,Đại học Tây Bắc,7140219,Sư phạm Địa lý,C00,2025,28.09,,THPT
TTB,Trường Đại Học Tây Bắc,7140219,Sư phạm Địa lí,D10,2025,28.09,,THPT
TTB,Đại học Tây Bắc,7140219,Sư phạm Địa lý,D10,2025,28.09,,THPT
TTB,Đại học Tây Bắc,7140231,Sư phạm Tiếng Anh,A01,2025,23.81,,THPT
TTB,Trường Đại Học Tây Bắc,7140231,Sư phạm Tiếng Anh,A01,2025,23.81,,THPT
TTB,Trường Đại Học Tây Bắc,7140231,Sư phạm Tiếng Anh,D01,2025,23.81,,THPT
TTB,Đại học Tây Bắc,7140231,Sư phạm Tiếng Anh,D01,2025,23.81,,THPT
TTB,Đại học Tây Bắc,7340101,Quản trị Kinh doanh,A00,2025,15.0,,THPT
TTB,Trường Đại Học Tây Bắc,7340101,Quản trị kinh doanh,A00,2025,15.0,,THPT
TTB,Trường Đại Học Tây Bắc,7340101,Quản trị kinh doanh,A01,2025,15.0,,THPT
TTB,Đại học Tây Bắc,7340101,Quản trị Kinh doanh,A01,2025,15.0,,THPT
TTB,Trường Đại Học Tây Bắc,7340101,Quản trị kinh doanh,D01,2025,15.0,,THPT
TTB,Đại học Tây Bắc,7340101,Quản trị Kinh doanh,D01,2025,15.0,,THPT
TTB,Đại học Tây Bắc,7340201,Tài chính – Ngân hàng,A00,2025,15.0,,THPT
TTB,Trường Đại Học Tây Bắc,7340201,Tài chính - Ngân hàng,A00,2025,15.0,,THPT
TTB,Trường Đại Học Tây Bắc,7340201,Tài chính - Ngân hàng,A01,2025,15.0,,THPT
TTB,Đại học Tây Bắc,7340201,Tài chính – Ngân hàng,A01,2025,15.0,,THPT
TTB,Trường Đại Học Tây Bắc,7340201,Tài chính - Ngân hàng,D01,2025,15.0,,THPT
TTB,Đại học Tây Bắc,7340201,Tài chính – Ngân hàng,D01,2025,15.0,,THPT
TTB,Đại học Tây Bắc,7340301,Kế toán,A00,2025,15.0,,THPT
TTB,Trường Đại Học Tây Bắc,7340301,Kế toán,A00,2025,15.0,,THPT
TTB,Trường Đại Học Tây Bắc,7340301,Kế toán,A01,2025,15.0,,THPT
TTB,Đại học Tây Bắc,7340301,Kế toán,A01,2025,15.0,,THPT
TTB,Trường Đại Học Tây Bắc,7340301,Kế toán,D01,2025,15.0,,THPT
TTB,Đại học Tây Bắc,7340301,Kế toán,D01,2025,15.0,,THPT
TTB,Đại học Tây Bắc,7480201,Công nghệ thông tin,A00,2025,17.68,,THPT
TTB,Trường Đại Học Tây Bắc,7480201,Công nghệ thông tin,A00,2025,17.68,,THPT
TTB,Trường Đại Học Tây Bắc,7480201,Công nghệ thông tin,A01,2025,17.68,,THPT
TTB,Đại học Tây Bắc,7480201,Công nghệ thông tin,A01,2025,17.68,,THPT
TTB,Trường Đại Học Tây Bắc,7480201,Công nghệ thông tin,B00,2025,17.68,,THPT
TTB,Đại học Tây Bắc,7480201,Công nghệ thông tin,B00,2025,17.68,,THPT
TTB,Trường Đại Học Tây Bắc,7480201,Công nghệ thông tin,D01,2025,17.68,,THPT
TTB,Đại học Tây Bắc,7480201,Công nghệ thông tin,D01,2025,17.68,,THPT
TTB,Trường Đại Học Tây Bắc,7620105,Chăn nuôi,B00,2025,15.0,,THPT
TTB,Đại học Tây Bắc,7620105,Chăn nuôi,B00,2025,15.0,,THPT
TTB,Trường Đại Học Tây Bắc,7620105,Chăn nuôi,D01,2025,15.0,,THPT
TTB,Đại học Tây Bắc,7620105,Chăn nuôi,D01,2025,15.0,,THPT
TTB,Trường Đại Học Tây Bắc,7620109,Nông học,B00,2025,15.0,,THPT
TTB,Đại học Tây Bắc,7620109,Nông học,B00,2025,15.0,,THPT
TTB,Trường Đại Học Tây Bắc,7620109,Nông học,D01,2025,15.0,,THPT
TTB,Đại học Tây Bắc,7620109,Nông học,D01,2025,15.0,,THPT
TTB,Trường Đại Học Tây Bắc,7620112,Bảo vệ thực vật,B00,2025,15.0,,THPT
TTB,Đại học Tây Bắc,7620112,Bảo vệ thực vật,B00,2025,15.0,,THPT
TTB,Trường Đại Học Tây Bắc,7620112,Bảo vệ thực vật,D01,2025,15.0,,THPT
TTB,Đại học Tây Bắc,7620112,Bảo vệ thực vật,D01,2025,15.0,,THPT
TTB,Trường Đại Học Tây Bắc,7620205,Lâm sinh,B00,2025,15.0,,THPT
TTB,Đại học Tây Bắc,7620205,Lâm sinh,B00,2025,15.0,,THPT
TTB,Trường Đại Học Tây Bắc,7620205,Lâm sinh,D01,2025,15.0,,THPT
TTB,Đại học Tây Bắc,7620205,Lâm sinh,D01,2025,15.0,,THPT
TTB,Trường Đại Học Tây Bắc,7620211,Quản lý tài nguyên rừng,B00,2025,15.0,,THPT
TTB,Đại học Tây Bắc,7620211,Quản lý tài nguyên rừng,B00,2025,15.0,,THPT
TTB,Trường Đại Học Tây Bắc,7620211,Quản lý tài nguyên rừng,D01,2025,15.0,,THPT
TTB,Đại học Tây Bắc,7620211,Quản lý tài nguyên rừng,D01,2025,15.0,,THPT
TTB,Trường Đại Học Tây Bắc,7720401,Dinh dưỡng,B00,2025,15.0,,THPT
TTB,Đại học Tây Bắc,7720401,Dinh dưỡng,B00,2025,15.0,,THPT
TTB,Trường Đại Học Tây Bắc,7720401,Dinh dưỡng,D07,2025,15.0,,THPT
TTB,Đại học Tây Bắc,7720401,Dinh dưỡng,D07,2025,15.0,,THPT
TTB,Đại học Tây Bắc,7810103,Quản trị dịch vụ du lịch và lữ hành,C00,2025,24.5,,THPT
TTB,Trường Đại Học Tây Bắc,7810103,Quản trị dịch vụ du lịch và lữ hành,C00,2025,24.5,,THPT
TTB,Trường Đại Học Tây Bắc,7810103,Quản trị dịch vụ du lịch và lữ hành,D01,2025,24.5,,THPT
TTB,Đại học Tây Bắc,7810103,Quản trị dịch vụ du lịch và lữ hành,D01,2025,24.5,,THPT
TTB,Trường Đại Học Tây Bắc,7810103,Quản trị dịch vụ du lịch và lữ hành,D09,2025,24.5,,THPT
TTB,Đại học Tây Bắc,7810103,Quản trị dịch vụ du lịch và lữ hành,D09,2025,24.5,,THPT
TTB,Trường Đại Học Tây Bắc,7810103,Quản trị dịch vụ du lịch và lữ hành,D10,2025,24.5,,THPT
TTB,Đại học Tây Bắc,7810103,Quản trị dịch vụ du lịch và lữ hành,D10,2025,24.5,,THPT
TTB,Đại học Tây Bắc,7850101,Quản lý tài nguyên và môi trường,A00,2025,15.0,,THPT
TTB,Trường Đại Học Tây Bắc,7850101,Quản lý tài nguyên và môi trường,A00,2025,15.0,,THPT
TTB,Trường Đại Học Tây Bắc,7850101,Quản lý tài nguyên và môi trường,A01,2025,15.0,,THPT
TTB,Đại học Tây Bắc,7850101,Quản lý tài nguyên và môi trường,A01,2025,15.0,,THPT
TTB,Trường Đại Học Tây Bắc,7850101,Quản lý tài nguyên và môi trường,B00,2025,15.0,,THPT
TTB,Đại học Tây Bắc,7850101,Quản lý tài nguyên và môi trường,B00,2025,15.0,,THPT
TTG,Đại học Tiền Giang,7229040,Văn hoá học,C00,2025,15.0,,THPT
TTG,Trường Đại Học Tiền Giang,7229040,Văn hoá học,C00,2025,15.0,,THPT
TTG,Trường Đại Học Tiền Giang,7229040,Văn hoá học,D01,2025,15.0,,THPT
TTG,Đại học Tiền Giang,7229040,Văn hoá học,D01,2025,15.0,,THPT
TTG,Đại học Tiền Giang,7310101,Kinh tế,A00,2025,15.0,,THPT
TTG,Trường Đại Học Tiền Giang,7310101,Kinh tế,A00,2025,15.0,,THPT
TTG,Đại học Tiền Giang,7310101,Kinh tế,A01,2025,15.0,,THPT
TTG,Trường Đại Học Tiền Giang,7310101,Kinh tế,A01,2025,15.0,,THPT
TTG,Trường Đại Học Tiền Giang,7310101,Kinh tế,D01,2025,15.0,,THPT
TTG,Đại học Tiền Giang,7310101,Kinh tế,D01,2025,15.0,,THPT
TTG,Trường Đại Học Tiền Giang,7310101,Kinh tế,D10,2025,15.0,,THPT
TTG,Đại học Tiền Giang,7310101,Kinh tế,D10,2025,15.0,,THPT
TTG,Đại học Tiền Giang,7340101,Quản trị Kinh doanh,A00,2025,15.0,,THPT
TTG,Trường Đại Học Tiền Giang,7340101,Quản trị kinh doanh,A00,2025,15.0,,THPT
TTG,Đại học Tiền Giang,7340101,Quản trị Kinh doanh,A01,2025,15.0,,THPT
TTG,Trường Đại Học Tiền Giang,7340101,Quản trị kinh doanh,A01,2025,15.0,,THPT
TTG,Trường Đại Học Tiền Giang,7340101,Quản trị kinh doanh,D01,2025,15.0,,THPT
TTG,Đại học Tiền Giang,7340101,Quản trị Kinh doanh,D01,2025,15.0,,THPT
TTG,Trường Đại Học Tiền Giang,7340101,Quản trị kinh doanh,D10,2025,15.0,,THPT
TTG,Đại học Tiền Giang,7340101,Quản trị Kinh doanh,D10,2025,15.0,,THPT
TTG,Đại học Tiền Giang,7340201,Tài chính – Ngân hàng,A00,2025,15.0,,THPT
TTG,Trường Đại Học Tiền Giang,7340201,Tài chính - Ngân hàng,A00,2025,15.0,,THPT
TTG,Đại học Tiền Giang,7340201,Tài chính – Ngân hàng,A01,2025,15.0,,THPT
TTG,Trường Đại Học Tiền Giang,7340201,Tài chính - Ngân hàng,A01,2025,15.0,,THPT
TTG,Trường Đại Học Tiền Giang,7340201,Tài chính - Ngân hàng,D01,2025,15.0,,THPT
TTG,Đại học Tiền Giang,7340201,Tài chính – Ngân hàng,D01,2025,15.0,,THPT
TTG,Trường Đại Học Tiền Giang,7340201,Tài chính - Ngân hàng,D10,2025,15.0,,THPT
TTG,Đại học Tiền Giang,7340201,Tài chính – Ngân hàng,D10,2025,15.0,,THPT
TTG,Đại học Tiền Giang,7340301,Kế toán,A00,2025,15.0,,THPT
TTG,Trường Đại Học Tiền Giang,7340301,Kế toán,A00,2025,15.0,,THPT
TTG,Đại học Tiền Giang,7340301,Kế toán,A01,2025,15.0,,THPT
TTG,Trường Đại Học Tiền Giang,7340301,Kế toán,A01,2025,15.0,,THPT
TTG,Trường Đại Học Tiền Giang,7340301,Kế toán,D01,2025,15.0,,THPT
TTG,Đại học Tiền Giang,7340301,Kế toán,D01,2025,15.0,,THPT
TTG,Trường Đại Học Tiền Giang,7340301,Kế toán,D10,2025,15.0,,THPT
TTG,Đại học Tiền Giang,7340301,Kế toán,D10,2025,15.0,,THPT
TTG,Đại học Tiền Giang,7380101,Ngành Luật,C00,2025,18.0,,THPT
TTG,Trường Đại Học Tiền Giang,7380101,Luật,C00,2025,18.0,,THPT
TTG,Trường Đại Học Tiền Giang,7380101,Luật,D01,2025,18.0,,THPT
TTG,Đại học Tiền Giang,7380101,Ngành Luật,D01,2025,18.0,,THPT
TTG,Đại học Tiền Giang,7420201,Công nghệ sinh học,A00,2025,15.0,,THPT
TTG,Trường Đại Học Tiền Giang,7420201,Công nghệ sinh học,A00,2025,15.0,,THPT
TTG,Đại học Tiền Giang,7420201,Công nghệ sinh học,A01,2025,15.0,,THPT
TTG,Trường Đại Học Tiền Giang,7420201,Công nghệ sinh học,A01,2025,15.0,,THPT
TTG,Đại học Tiền Giang,7420201,Công nghệ sinh học,B00,2025,15.0,,THPT
TTG,Trường Đại Học Tiền Giang,7420201,Công nghệ sinh học,B00,2025,15.0,,THPT
TTG,Trường Đại Học Tiền Giang,7420201,Công nghệ sinh học,D01,2025,15.0,,THPT
TTG,Đại học Tiền Giang,7420201,Công nghệ sinh học,D01,2025,15.0,,THPT
TTG,Trường Đại Học Tiền Giang,7420201,Công nghệ sinh học,D07,2025,15.0,,THPT
TTG,Đại học Tiền Giang,7420201,Công nghệ sinh học,D07,2025,15.0,,THPT
TTG,Đại học Tiền Giang,7480201,Công nghệ thông tin,A00,2025,15.0,,THPT
TTG,Trường Đại Học Tiền Giang,7480201,Công nghệ thông tin,A00,2025,15.0,,THPT
TTG,Đại học Tiền Giang,7480201,Công nghệ thông tin,A01,2025,15.0,,THPT
TTG,Trường Đại Học Tiền Giang,7480201,Công nghệ thông tin,A01,2025,15.0,,THPT
TTG,Trường Đại Học Tiền Giang,7480201,Công nghệ thông tin,D01,2025,15.0,,THPT
TTG,Đại học Tiền Giang,7480201,Công nghệ thông tin,D01,2025,15.0,,THPT
TTG,Trường Đại Học Tiền Giang,7480201,Công nghệ thông tin,D07,2025,15.0,,THPT
TTG,Đại học Tiền Giang,7480201,Công nghệ thông tin,D07,2025,15.0,,THPT
TTG,Đại học Tiền Giang,7510103,Công nghệ kỹ thuật xây dựng (chuyên ngành Xây dựng dân dụng & Công nghiệp),A00,2025,15.0,,THPT
TTG,Trường Đại Học Tiền Giang,7510103,Công nghệ kỹ thuật xây dựng,A00,2025,15.0,,THPT
TTG,Đại học Tiền Giang,7510103,Công nghệ kỹ thuật xây dựng (chuyên ngành Xây dựng dân dụng & Công nghiệp),A01,2025,15.0,,THPT
TTG,Trường Đại Học Tiền Giang,7510103,Công nghệ kỹ thuật xây dựng,A01,2025,15.0,,THPT
TTG,Trường Đại Học Tiền Giang,7510103,Công nghệ kỹ thuật xây dựng,D01,2025,15.0,,THPT
TTG,Đại học Tiền Giang,7510103,Công nghệ kỹ thuật xây dựng (chuyên ngành Xây dựng dân dụng & Công nghiệp),D01,2025,15.0,,THPT
TTG,Trường Đại Học Tiền Giang,7510103,Công nghệ kỹ thuật xây dựng,D07,2025,15.0,,THPT
TTG,Đại học Tiền Giang,7510103,Công nghệ kỹ thuật xây dựng (chuyên ngành Xây dựng dân dụng & Công nghiệp),D07,2025,15.0,,THPT
TTG,Đại học Tiền Giang,7510201,Công nghệ kỹ thuật cơ khí (chuyên ngành Cơ khí chế tạo),A00,2025,15.0,,THPT
TTG,Trường Đại Học Tiền Giang,7510201,Công nghệ kỹ thuật cơ khí,A00,2025,15.0,,THPT
TTG,Đại học Tiền Giang,7510201,Công nghệ kỹ thuật cơ khí (chuyên ngành Cơ khí chế tạo),A01,2025,15.0,,THPT
TTG,Trường Đại Học Tiền Giang,7510201,Công nghệ kỹ thuật cơ khí,A01,2025,15.0,,THPT
TTG,Trường Đại Học Tiền Giang,7510201,Công nghệ kỹ thuật cơ khí,D01,2025,15.0,,THPT
TTG,Đại học Tiền Giang,7510201,Công nghệ kỹ thuật cơ khí (chuyên ngành Cơ khí chế tạo),D01,2025,15.0,,THPT
TTG,Trường Đại Học Tiền Giang,7510201,Công nghệ kỹ thuật cơ khí,D07,2025,15.0,,THPT
TTG,Đại học Tiền Giang,7510201,Công nghệ kỹ thuật cơ khí (chuyên ngành Cơ khí chế tạo),D07,2025,15.0,,THPT
TTG,Đại học Tiền Giang,7510203,Công nghệ kỹ thuật cơ điện tử,A00,2025,15.0,,THPT
TTG,Trường Đại Học Tiền Giang,7510203,Công nghệ kỹ thuật cơ - điện tử,A00,2025,15.0,,THPT
TTG,Đại học Tiền Giang,7510203,Công nghệ kỹ thuật cơ điện tử,A01,2025,15.0,,THPT
TTG,Trường Đại Học Tiền Giang,7510203,Công nghệ kỹ thuật cơ - điện tử,A01,2025,15.0,,THPT
TTG,Trường Đại Học Tiền Giang,7510203,Công nghệ kỹ thuật cơ - điện tử,D01,2025,15.0,,THPT
TTG,Đại học Tiền Giang,7510203,Công nghệ kỹ thuật cơ điện tử,D01,2025,15.0,,THPT
TTG,Trường Đại Học Tiền Giang,7510203,Công nghệ kỹ thuật cơ - điện tử,D07,2025,15.0,,THPT
TTG,Đại học Tiền Giang,7510203,Công nghệ kỹ thuật cơ điện tử,D07,2025,15.0,,THPT
TTG,Đại học Tiền Giang,7510303,Công nghệ kỹ thuật điều khiển và tự động hóa,A00,2025,15.0,,THPT
TTG,Trường Đại Học Tiền Giang,7510303,Công nghệ kỹ thuật điều khiển và tự động hoá,A00,2025,15.0,,THPT
TTG,Đại học Tiền Giang,7510303,Công nghệ kỹ thuật điều khiển và tự động hóa,A01,2025,15.0,,THPT
TTG,Trường Đại Học Tiền Giang,7510303,Công nghệ kỹ thuật điều khiển và tự động hoá,A01,2025,15.0,,THPT
TTG,Trường Đại Học Tiền Giang,7510303,Công nghệ kỹ thuật điều khiển và tự động hoá,D01,2025,15.0,,THPT
TTG,Đại học Tiền Giang,7510303,Công nghệ kỹ thuật điều khiển và tự động hóa,D01,2025,15.0,,THPT
TTG,Trường Đại Học Tiền Giang,7510303,Công nghệ kỹ thuật điều khiển và tự động hoá,D07,2025,15.0,,THPT
TTG,Đại học Tiền Giang,7510303,Công nghệ kỹ thuật điều khiển và tự động hóa,D07,2025,15.0,,THPT
TTG,Đại học Tiền Giang,7540101,Công nghệ thực phẩm,A00,2025,15.0,,THPT
TTG,Trường Đại Học Tiền Giang,7540101,Công nghệ thực phẩm,A00,2025,15.0,,THPT
TTG,Đại học Tiền Giang,7540101,Công nghệ thực phẩm,A01,2025,15.0,,THPT
TTG,Trường Đại Học Tiền Giang,7540101,Công nghệ thực phẩm,A01,2025,15.0,,THPT
TTG,Đại học Tiền Giang,7540101,Công nghệ thực phẩm,B00,2025,15.0,,THPT
TTG,Trường Đại Học Tiền Giang,7540101,Công nghệ thực phẩm,B00,2025,15.0,,THPT
TTG,Trường Đại Học Tiền Giang,7540101,Công nghệ thực phẩm,D01,2025,15.0,,THPT
TTG,Đại học Tiền Giang,7540101,Công nghệ thực phẩm,D01,2025,15.0,,THPT
TTG,Trường Đại Học Tiền Giang,7540101,Công nghệ thực phẩm,D07,2025,15.0,,THPT
TTG,Đại học Tiền Giang,7540101,Công nghệ thực phẩm,D07,2025,15.0,,THPT
TTG,Đại học Tiền Giang,7620112,Bảo vệ thực vật,A00,2025,15.0,,THPT
TTG,Trường Đại Học Tiền Giang,7620112,Bảo vệ thực vật,A00,2025,15.0,,THPT
TTG,Đại học Tiền Giang,7620112,Bảo vệ thực vật,A01,2025,15.0,,THPT
TTG,Trường Đại Học Tiền Giang,7620112,Bảo vệ thực vật,A01,2025,15.0,,THPT
TTG,Đại học Tiền Giang,7620112,Bảo vệ thực vật,B00,2025,15.0,,THPT
TTG,Trường Đại Học Tiền Giang,7620112,Bảo vệ thực vật,B00,2025,15.0,,THPT
TTG,Trường Đại Học Tiền Giang,7620112,Bảo vệ thực vật,D01,2025,15.0,,THPT
TTG,Đại học Tiền Giang,7620112,Bảo vệ thực vật,D01,2025,15.0,,THPT
TTG,Trường Đại Học Tiền Giang,7620112,Bảo vệ thực vật,D07,2025,15.0,,THPT
TTG,Đại học Tiền Giang,7620112,Bảo vệ thực vật,D07,2025,15.0,,THPT
TTG,Đại học Tiền Giang,7620301,ĐH Nuôi trồng thủy sản,A00,2025,15.0,,THPT
TTG,Trường Đại Học Tiền Giang,7620301,Nuôi trồng thuỷ sản,A00,2025,15.0,,THPT
TTG,Đại học Tiền Giang,7620301,ĐH Nuôi trồng thủy sản,A01,2025,15.0,,THPT
TTG,Trường Đại Học Tiền Giang,7620301,Nuôi trồng thuỷ sản,A01,2025,15.0,,THPT
TTG,Đại học Tiền Giang,7620301,ĐH Nuôi trồng thủy sản,B00,2025,15.0,,THPT
TTG,Trường Đại Học Tiền Giang,7620301,Nuôi trồng thuỷ sản,B00,2025,15.0,,THPT
TTG,Trường Đại Học Tiền Giang,7620301,Nuôi trồng thuỷ sản,D01,2025,15.0,,THPT
TTG,Đại học Tiền Giang,7620301,ĐH Nuôi trồng thủy sản,D01,2025,15.0,,THPT
TTG,Trường Đại Học Tiền Giang,7620301,Nuôi trồng thuỷ sản,D07,2025,15.0,,THPT
TTG,Đại học Tiền Giang,7620301,ĐH Nuôi trồng thủy sản,D07,2025,15.0,,THPT
TTG,Đại học Tiền Giang,7810101,Du lịch,C00,2025,15.0,,THPT
TTG,Trường Đại Học Tiền Giang,7810101,Du lịch,C00,2025,15.0,,THPT
TTG,Trường Đại Học Tiền Giang,7810101,Du lịch,D01,2025,15.0,,THPT
TTG,Đại học Tiền Giang,7810101,Du lịch,D01,2025,15.0,,THPT
TTH,Trường Sĩ Quan Thông Tin - Hệ Quân sự - Đại Học Thông Tin Liên Lạc,7860219_B,Chỉ huy - Tham mưu Thông tin (miền Bắc),A00,2025,23.84,,THPT
TTH,Trường Sĩ Quan Thông Tin - Hệ Quân sự - Đại Học Thông Tin Liên Lạc,7860219_B,Chỉ huy - Tham mưu Thông tin (miền Bắc),A01,2025,23.84,,THPT
TTH,Trường Sĩ Quan Thông Tin - Hệ Quân sự - Đại Học Thông Tin Liên Lạc,7860219_N,Chỉ huy - Tham mưu Thông tin (miền Nam),A00,2025,22.75,,THPT
TTH,Trường Sĩ Quan Thông Tin - Hệ Quân sự - Đại Học Thông Tin Liên Lạc,7860219_N,Chỉ huy - Tham mưu Thông tin (miền Nam),A01,2025,22.75,,THPT
TTH,Trường Sĩ Quan Thông Tin - Hệ Quân sự - Đại học Thông Tin Liên Lạc,7860221|21A00,Ngành Chỉ huy tham mưu Tham mưu thông tin (Thí sinh Nam miền Bắc),A00,2025,24.05,,THPT
TTH,Trường Sĩ Quan Thông Tin - Hệ Quân sự - Đại học Thông Tin Liên Lạc,7860221|21A00,Ngành Chỉ huy tham mưu Tham mưu thông tin (Thí sinh Nam miền Bắc),A01,2025,24.05,,THPT
TTH,Trường Sĩ Quan Thông Tin - Hệ Quân sự - Đại học Thông Tin Liên Lạc,7860221|22A00,Ngành Chỉ huy tham mưu Tham mưu thông tin (Thí sinh Nam miền Nam),A00,2025,22.36,,THPT
TTH,Trường Sĩ Quan Thông Tin - Hệ Quân sự - Đại học Thông Tin Liên Lạc,7860221|22A00,Ngành Chỉ huy tham mưu Tham mưu thông tin (Thí sinh Nam miền Nam),A01,2025,22.36,,THPT
TTN,Trường Đại Học Tây Nguyên,7140202,Giáo dục Tiểu học,A00,2025,27.04,,THPT
TTN,Đại học Tây Nguyên,7140202,Giáo dục Tiểu học,A01,2025,27.04,,THPT
TTN,Trường Đại Học Tây Nguyên,7140202,Giáo dục Tiểu học,C00,2025,27.04,,THPT
TTN,Đại học Tây Nguyên,7140202,Giáo dục Tiểu học,C00,2025,27.04,,THPT
TTN,Trường Đại Học Tây Nguyên,7140202,Giáo dục Tiểu học,D01,2025,27.04,,THPT
TTN,Đại học Tây Nguyên,7140202,Giáo dục Tiểu học,D01,2025,27.04,,THPT
TTN,Trường Đại Học Tây Nguyên,7140202JR,Giáo dục Tiểu học – Tiếng Jrai,A00,2025,25.89,,THPT
TTN,Đại học Tây Nguyên,7140202JR,Giáo dục Tiểu học - Tiếng J'rai,A01,2025,25.89,,THPT
TTN,Trường Đại Học Tây Nguyên,7140202JR,Giáo dục Tiểu học – Tiếng Jrai,C00,2025,25.89,,THPT
TTN,Đại học Tây Nguyên,7140202JR,Giáo dục Tiểu học - Tiếng J'rai,C00,2025,25.89,,THPT
TTN,Trường Đại Học Tây Nguyên,7140202JR,Giáo dục Tiểu học – Tiếng Jrai,D01,2025,25.89,,THPT
TTN,Đại học Tây Nguyên,7140202JR,Giáo dục Tiểu học - Tiếng J'rai,D01,2025,25.89,,THPT
TTN,Đại học Tây Nguyên,7140205,Giáo dục Chính trị,C00,2025,26.75,,THPT
TTN,Trường Đại Học Tây Nguyên,7140205,Giáo dục Chính trị,C00,2025,26.75,,THPT
TTN,Trường Đại Học Tây Nguyên,7140205,Giáo dục Chính trị,D01,2025,26.75,,THPT
TTN,Đại học Tây Nguyên,7140205,Giáo dục Chính trị,D01,2025,26.75,,THPT
TTN,Đại học Tây Nguyên,7140209,Sư phạm Toán học,A00,2025,27.91,,THPT
TTN,Trường Đại Học Tây Nguyên,7140209,Sư phạm Toán học,A00,2025,27.91,,THPT
TTN,Trường Đại Học Tây Nguyên,7140209,Sư phạm Toán học,A01,2025,27.91,,THPT
TTN,Đại học Tây Nguyên,7140209,Sư phạm Toán học,A01,2025,27.91,,THPT
TTN,Đại học Tây Nguyên,7140211,Sư phạm Vật lý,A00,2025,27.52,,THPT
TTN,Trường Đại Học Tây Nguyên,7140211,Sư phạm Vật lý,A00,2025,27.52,,THPT
TTN,Trường Đại Học Tây Nguyên,7140211,Sư phạm Vật lý,A01,2025,27.52,,THPT
TTN,Đại học Tây Nguyên,7140211,Sư phạm Vật lý,A01,2025,27.52,,THPT
TTN,Đại học Tây Nguyên,7140212,Sư phạm Hóa học,A00,2025,26.86,,THPT
TTN,Trường Đại Học Tây Nguyên,7140212,Sư phạm Hóa học,A00,2025,26.86,,THPT
TTN,Trường Đại Học Tây Nguyên,7140212,Sư phạm Hóa học,B00,2025,26.86,,THPT
TTN,Đại học Tây Nguyên,7140212,Sư phạm Hóa học,B00,2025,26.86,,THPT
TTN,Trường Đại Học Tây Nguyên,7140212,Sư phạm Hóa học,D07,2025,26.86,,THPT
TTN,Đại học Tây Nguyên,7140212,Sư phạm Hóa học,D07,2025,26.86,,THPT
TTN,Trường Đại Học Tây Nguyên,7140213,Sư phạm Sinh học,B00,2025,26.64,,THPT
TTN,Đại học Tây Nguyên,7140213,Sư phạm Sinh học,B00,2025,26.64,,THPT
TTN,Đại học Tây Nguyên,7140213,Sư phạm Sinh học,D08,2025,26.64,,THPT
TTN,Đại học Tây Nguyên,7140217,Sư phạm Ngữ văn,C00,2025,27.13,,THPT
TTN,Trường Đại Học Tây Nguyên,7140217,Sư phạm Ngữ văn,C00,2025,27.13,,THPT
TTN,Đại học Tây Nguyên,7140231,Sư phạm Tiếng Anh,D01,2025,26.71,,THPT
TTN,Trường Đại Học Tây Nguyên,7140231,Sư phạm Tiếng Anh,D01,2025,26.71,,THPT
TTN,Đại học Tây Nguyên,7140247,Sư phạm khoa học tự nhiên,A00,2025,26.23,,THPT
TTN,Trường Đại Học Tây Nguyên,7140247,Sư phạm Khoa học tự nhiên,A00,2025,26.23,,THPT
TTN,Đại học Tây Nguyên,7140247,Sư phạm khoa học tự nhiên,A01,2025,26.23,,THPT
TTN,Trường Đại Học Tây Nguyên,7140247,Sư phạm Khoa học tự nhiên,B00,2025,26.23,,THPT
TTN,Đại học Tây Nguyên,7220201,Ngôn ngữ Anh,D01,2025,22.6,,THPT
TTN,Trường Đại Học Tây Nguyên,7220201,Ngôn ngữ Anh,D01,2025,22.6,,THPT
TTN,Đại học Tây Nguyên,7229001,Triết học,C00,2025,21.85,,THPT
TTN,Trường Đại Học Tây Nguyên,7229001,Triết học,C00,2025,21.85,,THPT
TTN,Trường Đại Học Tây Nguyên,7229001,Triết học,D01,2025,21.85,,THPT
TTN,Đại học Tây Nguyên,7229001,Triết học,D01,2025,21.85,,THPT
TTN,Đại học Tây Nguyên,7229030,Văn học,C00,2025,25.17,,THPT
TTN,Trường Đại Học Tây Nguyên,7229030,Văn học,C00,2025,25.17,,THPT
TTN,Đại học Tây Nguyên,7310101,Kinh tế,A01,2025,20.36,,THPT
TTN,Trường Đại Học Tây Nguyên,7310101,Kinh tế,A01,2025,20.36,,THPT
TTN,Trường Đại Học Tây Nguyên,7310101,Kinh tế,D01,2025,20.36,,THPT
TTN,Đại học Tây Nguyên,7310101,Kinh tế,D01,2025,20.36,,THPT
TTN,Trường Đại Học Tây Nguyên,7310101,Kinh tế,D07,2025,20.36,,THPT
TTN,Đại học Tây Nguyên,7310101,Kinh tế,D07,2025,20.36,,THPT
TTN,Đại học Tây Nguyên,7310105,Kinh tế phát triển,A01,2025,19.31,,THPT
TTN,Trường Đại Học Tây Nguyên,7310105,Kinh tế phát triển,A01,2025,19.31,,THPT
TTN,Trường Đại Học Tây Nguyên,7310105,Kinh tế phát triển,D01,2025,19.31,,THPT
TTN,Đại học Tây Nguyên,7310105,Kinh tế phát triển,D01,2025,19.31,,THPT
TTN,Trường Đại Học Tây Nguyên,7310105,Kinh tế phát triển,D07,2025,19.31,,THPT
TTN,Đại học Tây Nguyên,7310105,Kinh tế phát triển,D07,2025,19.31,,THPT
TTN,Đại học Tây Nguyên,7310403,Tâm lý học giáo dục,C00,2025,25.17,,THPT
TTN,Trường Đại Học Tây Nguyên,7310403,Tâm lý học giáo dục,C00,2025,25.17,,THPT
TTN,Trường Đại Học Tây Nguyên,7310403,Tâm lý học giáo dục,D01,2025,25.17,,THPT
TTN,Đại học Tây Nguyên,7310403,Tâm lý học giáo dục,D01,2025,25.17,,THPT
TTN,Đại học Tây Nguyên,7340101,Quản trị Kinh doanh,A01,2025,20.96,,THPT
TTN,Trường Đại Học Tây Nguyên,7340101,Quản trị kinh doanh,A01,2025,20.96,,THPT
TTN,Trường Đại Học Tây Nguyên,7340101,Quản trị kinh doanh,D01,2025,20.96,,THPT
TTN,Đại học Tây Nguyên,7340101,Quản trị Kinh doanh,D01,2025,20.96,,THPT
TTN,Trường Đại Học Tây Nguyên,7340101,Quản trị kinh doanh,D07,2025,20.96,,THPT
TTN,Đại học Tây Nguyên,7340101,Quản trị Kinh doanh,D07,2025,20.96,,THPT
TTN,Đại học Tây Nguyên,7340121,Kinh doanh thương mại,A01,2025,21.58,,THPT
TTN,Trường Đại Học Tây Nguyên,7340121,Kinh doanh thương mại,A01,2025,21.58,,THPT
TTN,Trường Đại Học Tây Nguyên,7340121,Kinh doanh thương mại,D01,2025,21.58,,THPT
TTN,Đại học Tây Nguyên,7340121,Kinh doanh thương mại,D01,2025,21.58,,THPT
TTN,Trường Đại Học Tây Nguyên,7340121,Kinh doanh thương mại,D07,2025,21.58,,THPT
TTN,Đại học Tây Nguyên,7340121,Kinh doanh thương mại,D07,2025,21.58,,THPT
TTN,Đại học Tây Nguyên,7340201,Tài chính – Ngân hàng,A01,2025,21.76,,THPT
TTN,Trường Đại Học Tây Nguyên,7340201,Tài chính – Ngân hàng,A01,2025,21.76,,THPT
TTN,Trường Đại Học Tây Nguyên,7340201,Tài chính – Ngân hàng,D01,2025,21.76,,THPT
TTN,Đại học Tây Nguyên,7340201,Tài chính – Ngân hàng,D01,2025,21.76,,THPT
TTN,Trường Đại Học Tây Nguyên,7340201,Tài chính – Ngân hàng,D07,2025,21.76,,THPT
TTN,Đại học Tây Nguyên,7340201,Tài chính – Ngân hàng,D07,2025,21.76,,THPT
TTN,Đại học Tây Nguyên,7340205,Công nghệ tài chính,A01,2025,20.47,,THPT
TTN,Trường Đại Học Tây Nguyên,7340205,Công nghệ tài chính,A01,2025,20.47,,THPT
TTN,Trường Đại Học Tây Nguyên,7340205,Công nghệ tài chính,D01,2025,20.47,,THPT
TTN,Đại học Tây Nguyên,7340205,Công nghệ tài chính,D01,2025,20.47,,THPT
TTN,Trường Đại Học Tây Nguyên,7340205,Công nghệ tài chính,D07,2025,20.47,,THPT
TTN,Đại học Tây Nguyên,7340205,Công nghệ tài chính,D07,2025,20.47,,THPT
TTN,Đại học Tây Nguyên,7340301,Kế toán,A01,2025,20.44,,THPT
TTN,Trường Đại Học Tây Nguyên,7340301,Kế toán,A01,2025,20.44,,THPT
TTN,Trường Đại Học Tây Nguyên,7340301,Kế toán,D01,2025,20.44,,THPT
TTN,Đại học Tây Nguyên,7340301,Kế toán,D01,2025,20.44,,THPT
TTN,Trường Đại Học Tây Nguyên,7340301,Kế toán,D07,2025,20.44,,THPT
TTN,Đại học Tây Nguyên,7340301,Kế toán,D07,2025,20.44,,THPT
TTN,Trường Đại Học Tây Nguyên,7420201,Công nghệ sinh học,B00,2025,19.06,,THPT
TTN,Đại học Tây Nguyên,7420201,Công nghệ sinh học,B00,2025,19.06,,THPT
TTN,Đại học Tây Nguyên,7420201,Công nghệ sinh học,D08,2025,19.06,,THPT
TTN,Trường Đại Học Tây Nguyên,7420201YD,Công nghệ sinh học Y Dược,B00,2025,18.01,,THPT
TTN,Đại học Tây Nguyên,7420201YD,Công nghệ sinh học Y Dược,B00,2025,18.01,,THPT
TTN,Đại học Tây Nguyên,7420201YD,Công nghệ sinh học Y Dược,D08,2025,18.01,,THPT
TTN,Đại học Tây Nguyên,7480201,Công nghệ thông tin,A00,2025,20.96,,THPT
TTN,Trường Đại Học Tây Nguyên,7480201,Công nghệ thông tin,A00,2025,20.96,,THPT
TTN,Trường Đại Học Tây Nguyên,7480201,Công nghệ thông tin,A01,2025,20.96,,THPT
TTN,Đại học Tây Nguyên,7480201,Công nghệ thông tin,A01,2025,20.96,,THPT
TTN,Đại học Tây Nguyên,7540101,Công nghệ thực phẩm,A00,2025,16.7,,THPT
TTN,Trường Đại Học Tây Nguyên,7540101,Công nghệ thực phẩm,A00,2025,16.7,,THPT
TTN,Trường Đại Học Tây Nguyên,7540101,Công nghệ thực phẩm,B00,2025,16.7,,THPT
TTN,Đại học Tây Nguyên,7540101,Công nghệ thực phẩm,B00,2025,16.7,,THPT
TTN,Trường Đại Học Tây Nguyên,7540101,Công nghệ thực phẩm,D07,2025,16.7,,THPT
TTN,Đại học Tây Nguyên,7540101,Công nghệ thực phẩm,D07,2025,16.7,,THPT
TTN,Đại học Tây Nguyên,7620105,Chăn nuôi,B00,2025,15.0,,THPT
TTN,Trường Đại Học Tây Nguyên,7620105,Chăn nuôi,B00,2025,15.0,,THPT
TTN,Trường Đại Học Tây Nguyên,7620105,Chăn nuôi,D07,2025,15.0,,THPT
TTN,Đại học Tây Nguyên,7620105,Chăn nuôi,D07,2025,15.0,,THPT
TTN,Đại học Tây Nguyên,7620105,Chăn nuôi,D08,2025,15.0,,THPT
TTN,Đại học Tây Nguyên,7620110,Khoa học cây trồng,B00,2025,15.0,,THPT
TTN,Trường Đại Học Tây Nguyên,7620110,Khoa học cây trồng,B00,2025,15.0,,THPT
TTN,Đại học Tây Nguyên,7620110,Khoa học cây trồng,D07,2025,15.0,,THPT
TTN,Đại học Tây Nguyên,7620110,Khoa học cây trồng,D08,2025,15.0,,THPT
TTN,Đại học Tây Nguyên,7620112,Bảo vệ thực vật,B00,2025,15.0,,THPT
TTN,Trường Đại Học Tây Nguyên,7620112,Bảo vệ thực vật,B00,2025,15.0,,THPT
TTN,Đại học Tây Nguyên,7620112,Bảo vệ thực vật,D07,2025,15.0,,THPT
TTN,Đại học Tây Nguyên,7620112,Bảo vệ thực vật,D08,2025,15.0,,THPT
TTN,Đại học Tây Nguyên,7620115,Kinh tế nông nghiệp,A01,2025,19.06,,THPT
TTN,Trường Đại Học Tây Nguyên,7620115,Kinh tế nông nghiệp,A01,2025,19.06,,THPT
TTN,Trường Đại Học Tây Nguyên,7620115,Kinh tế nông nghiệp,D01,2025,19.06,,THPT
TTN,Đại học Tây Nguyên,7620115,Kinh tế nông nghiệp,D01,2025,19.06,,THPT
TTN,Trường Đại Học Tây Nguyên,7620115,Kinh tế nông nghiệp,D07,2025,19.06,,THPT
TTN,Đại học Tây Nguyên,7620115,Kinh tế nông nghiệp,D07,2025,19.06,,THPT
TTN,Trường Đại Học Tây Nguyên,7620205,Lâm sinh,B00,2025,15.0,,THPT
TTN,Đại học Tây Nguyên,7620205,Lâm sinh,B00,2025,15.0,,THPT
TTN,Trường Đại Học Tây Nguyên,7620205,Lâm sinh,D07,2025,15.0,,THPT
TTN,Đại học Tây Nguyên,7620205,Lâm sinh,D07,2025,15.0,,THPT
TTN,Đại học Tây Nguyên,7620205,Lâm sinh,D08,2025,15.0,,THPT
TTN,Đại học Tây Nguyên,7640101,Thú y,A00,2025,20.11,,THPT
TTN,Trường Đại Học Tây Nguyên,7640101,Thú y,B00,2025,20.11,,THPT
TTN,Trường Đại Học Tây Nguyên,7640101,Thú y,D07,2025,20.11,,THPT
TTN,Đại học Tây Nguyên,7640101,Thú y,D07,2025,20.11,,THPT
TTN,Đại học Tây Nguyên,7640101,Thú y,D08,2025,20.11,,THPT
TTN,Đại học Tây Nguyên,7720101,Y khoa,B00,2025,21.76,,THPT
TTN,Trường Đại Học Tây Nguyên,7720101,Y khoa,B00,2025,21.76,,THPT
TTN,Trường Đại Học Tây Nguyên,7720101,Y khoa,D07,2025,21.76,,THPT
TTN,Đại học Tây Nguyên,7720101,Y khoa,D07,2025,21.76,,THPT
TTN,Đại học Tây Nguyên,7720101,Y khoa,D08,2025,21.76,,THPT
TTN,Đại học Tây Nguyên,7720301,Điều dưỡng,B00,2025,24.13,,THPT
TTN,Trường Đại Học Tây Nguyên,7720301,Điều dưỡng,B00,2025,24.13,,THPT
TTN,Trường Đại Học Tây Nguyên,7720301,Điều dưỡng,D07,2025,24.13,,THPT
TTN,Đại học Tây Nguyên,7720301,Điều dưỡng,D07,2025,24.13,,THPT
TTN,Đại học Tây Nguyên,7720301,Điều dưỡng,D08,2025,24.13,,THPT
TTN,Đại học Tây Nguyên,7720601,Kỹ thuật xét nghiệm y học,B00,2025,24.01,,THPT
TTN,Trường Đại Học Tây Nguyên,7720601,Kỹ thuật xét nghiệm y học,B00,2025,24.01,,THPT
TTN,Trường Đại Học Tây Nguyên,7720601,Kỹ thuật xét nghiệm y học,D07,2025,24.01,,THPT
TTN,Đại học Tây Nguyên,7720601,Kỹ thuật xét nghiệm y học,D07,2025,24.01,,THPT
TTN,Đại học Tây Nguyên,7720601,Kỹ thuật xét nghiệm y học,D08,2025,24.01,,THPT
TTN,Đại học Tây Nguyên,7850103,Quản lý đất đai,A00,2025,15.0,,THPT
TTN,Trường Đại Học Tây Nguyên,7850103,Quản lý đất đai,A00,2025,15.0,,THPT
TTN,Trường Đại Học Tây Nguyên,7850103,Quản lý đất đai,A01,2025,15.0,,THPT
TTN,Đại học Tây Nguyên,7850103,Quản lý đất đai,A01,2025,15.0,,THPT
TTN,Trường Đại Học Tây Nguyên,7850103,Quản lý đất đai,B00,2025,15.0,,THPT
TTN,Đại học Tây Nguyên,7850103,Quản lý đất đai,B00,2025,15.0,,THPT
TTU,Đại học Tân Tạo,7220201,Ngôn ngữ Anh,A01,2025,15.0,,THPT
TTU,Trường Đại học Tân Tạo,7220201,Ngôn ngữ Anh,A01,2025,15.0,,THPT
TTU,Trường Đại học Tân Tạo,7220201,Ngôn ngữ Anh,D01,2025,15.0,,THPT
TTU,Đại học Tân Tạo,7220201,Ngôn ngữ Anh,D01,2025,15.0,,THPT
TTU,Trường Đại học Tân Tạo,7220201,Ngôn ngữ Anh,D07,2025,15.0,,THPT
TTU,Đại học Tân Tạo,7220201,Ngôn ngữ Anh,D07,2025,15.0,,THPT
TTU,Trường Đại học Tân Tạo,7220201,Ngôn ngữ Anh,D08,2025,15.0,,THPT
TTU,Đại học Tân Tạo,7220201,Ngôn ngữ Anh,D08,2025,15.0,,THPT
TTU,Đại học Tân Tạo,7340101,Quản trị Kinh doanh,A00,2025,15.0,,THPT
TTU,Trường Đại học Tân Tạo,7340101,Quản trị kinh doanh,A00,2025,15.0,,THPT
TTU,Trường Đại học Tân Tạo,7340101,Quản trị kinh doanh,A01,2025,15.0,,THPT
TTU,Đại học Tân Tạo,7340101,Quản trị Kinh doanh,A01,2025,15.0,,THPT
TTU,Trường Đại học Tân Tạo,7340101,Quản trị kinh doanh,D01,2025,15.0,,THPT
TTU,Đại học Tân Tạo,7340101,Quản trị Kinh doanh,D01,2025,15.0,,THPT
TTU,Trường Đại học Tân Tạo,7340101,Quản trị kinh doanh,D07,2025,15.0,,THPT
TTU,Đại học Tân Tạo,7340101,Quản trị Kinh doanh,D07,2025,15.0,,THPT
TTU,Đại học Tân Tạo,7340115,Marketing,A00,2025,15.0,,THPT
TTU,Trường Đại học Tân Tạo,7340115,Digital Marketing,A00,2025,15.0,,THPT
TTU,Trường Đại học Tân Tạo,7340115,Digital Marketing,A01,2025,15.0,,THPT
TTU,Đại học Tân Tạo,7340115,Marketing,A01,2025,15.0,,THPT
TTU,Trường Đại học Tân Tạo,7340115,Digital Marketing,D01,2025,15.0,,THPT
TTU,Đại học Tân Tạo,7340115,Marketing,D01,2025,15.0,,THPT
TTU,Trường Đại học Tân Tạo,7340115,Digital Marketing,D07,2025,15.0,,THPT
TTU,Đại học Tân Tạo,7340115,Marketing,D07,2025,15.0,,THPT
TTU,Đại học Tân Tạo,7340120,Ngành Kinh doanh quốc tế,A00,2025,15.0,,THPT
TTU,Trường Đại học Tân Tạo,7340120,Kinh doanh quốc tế,A00,2025,15.0,,THPT
TTU,Trường Đại học Tân Tạo,7340120,Kinh doanh quốc tế,A01,2025,15.0,,THPT
TTU,Đại học Tân Tạo,7340120,Ngành Kinh doanh quốc tế,A01,2025,15.0,,THPT
TTU,Trường Đại học Tân Tạo,7340120,Kinh doanh quốc tế,D01,2025,15.0,,THPT
TTU,Đại học Tân Tạo,7340120,Ngành Kinh doanh quốc tế,D01,2025,15.0,,THPT
TTU,Trường Đại học Tân Tạo,7340120,Kinh doanh quốc tế,D07,2025,15.0,,THPT
TTU,Đại học Tân Tạo,7340120,Ngành Kinh doanh quốc tế,D07,2025,15.0,,THPT
TTU,Đại học Tân Tạo,7340201,Tài chính – Ngân hàng,A00,2025,15.0,,THPT
TTU,Trường Đại học Tân Tạo,7340201,Tài chính Ngân hàng,A00,2025,15.0,,THPT
TTU,Trường Đại học Tân Tạo,7340201,Tài chính Ngân hàng,A01,2025,15.0,,THPT
TTU,Đại học Tân Tạo,7340201,Tài chính – Ngân hàng,A01,2025,15.0,,THPT
TTU,Trường Đại học Tân Tạo,7340201,Tài chính Ngân hàng,D01,2025,15.0,,THPT
TTU,Đại học Tân Tạo,7340201,Tài chính – Ngân hàng,D01,2025,15.0,,THPT
TTU,Trường Đại học Tân Tạo,7340201,Tài chính Ngân hàng,D07,2025,15.0,,THPT
TTU,Đại học Tân Tạo,7340201,Tài chính – Ngân hàng,D07,2025,15.0,,THPT
TTU,Đại học Tân Tạo,7340301,Kế toán,A00,2025,15.0,,THPT
TTU,Trường Đại học Tân Tạo,7340301,Kế toán,A00,2025,15.0,,THPT
TTU,Trường Đại học Tân Tạo,7340301,Kế toán,A01,2025,15.0,,THPT
TTU,Đại học Tân Tạo,7340301,Kế toán,A01,2025,15.0,,THPT
TTU,Trường Đại học Tân Tạo,7340301,Kế toán,D01,2025,15.0,,THPT
TTU,Đại học Tân Tạo,7340301,Kế toán,D01,2025,15.0,,THPT
TTU,Trường Đại học Tân Tạo,7340301,Kế toán,D07,2025,15.0,,THPT
TTU,Đại học Tân Tạo,7340301,Kế toán,D07,2025,15.0,,THPT
TTU,Trường Đại học Tân Tạo,7420201,Công nghệ sinh học,B00,2025,15.0,,THPT
TTU,Đại học Tân Tạo,7420201,Công nghệ sinh học,B00,2025,15.0,,THPT
TTU,Đại học Tân Tạo,7460108,Khoa học dữ liệu (Data Science),A00,2025,15.0,,THPT
TTU,Trường Đại học Tân Tạo,7460108,Khoa học dữ liệu,A00,2025,15.0,,THPT
TTU,Trường Đại học Tân Tạo,7460108,Khoa học dữ liệu,A01,2025,15.0,,THPT
TTU,Đại học Tân Tạo,7460108,Khoa học dữ liệu (Data Science),A01,2025,15.0,,THPT
TTU,Trường Đại học Tân Tạo,7460108,Khoa học dữ liệu,D01,2025,15.0,,THPT
TTU,Đại học Tân Tạo,7460108,Khoa học dữ liệu (Data Science),D01,2025,15.0,,THPT
TTU,Trường Đại học Tân Tạo,7460108,Khoa học dữ liệu,D07,2025,15.0,,THPT
TTU,Đại học Tân Tạo,7460108,Khoa học dữ liệu (Data Science),D07,2025,15.0,,THPT
TTU,Đại học Tân Tạo,7480101,Khoa học máy tính,A00,2025,15.0,,THPT
TTU,Trường Đại học Tân Tạo,7480101,Công nghệ thông tin,A00,2025,15.0,,THPT
TTU,Trường Đại học Tân Tạo,7480101,Công nghệ thông tin,A01,2025,15.0,,THPT
TTU,Đại học Tân Tạo,7480101,Khoa học máy tính,A01,2025,15.0,,THPT
TTU,Trường Đại học Tân Tạo,7480101,Công nghệ thông tin,D01,2025,15.0,,THPT
TTU,Đại học Tân Tạo,7480101,Khoa học máy tính,D01,2025,15.0,,THPT
TTU,Trường Đại học Tân Tạo,7480101,Công nghệ thông tin,D07,2025,15.0,,THPT
TTU,Đại học Tân Tạo,7480101,Khoa học máy tính,D07,2025,15.0,,THPT
TTU,Đại học Tân Tạo,7480107,Trí tuệ nhân tạo,A00,2025,15.0,,THPT
TTU,Trường Đại học Tân Tạo,7480107,Trí tuệ nhân tạo,A00,2025,15.0,,THPT
TTU,Trường Đại học Tân Tạo,7480107,Trí tuệ nhân tạo,A01,2025,15.0,,THPT
TTU,Đại học Tân Tạo,7480107,Trí tuệ nhân tạo,A01,2025,15.0,,THPT
TTU,Trường Đại học Tân Tạo,7480107,Trí tuệ nhân tạo,D01,2025,15.0,,THPT
TTU,Đại học Tân Tạo,7480107,Trí tuệ nhân tạo,D01,2025,15.0,,THPT
TTU,Trường Đại học Tân Tạo,7480107,Trí tuệ nhân tạo,D07,2025,15.0,,THPT
TTU,Đại học Tân Tạo,7480107,Trí tuệ nhân tạo,D07,2025,15.0,,THPT
TTU,Trường Đại học Tân Tạo,7720101,Y khoa (Bác sĩ Đa khoa),B00,2025,20.5,,THPT
TTU,Đại học Tân Tạo,7720101,Y khoa,B00,2025,20.5,,THPT
TTU,Đại học Tân Tạo,7720301,Điều dưỡng,A00,2025,17.0,,THPT
TTU,Trường Đại học Tân Tạo,7720301,Điều dưỡng,A00,2025,17.0,,THPT
TTU,Trường Đại học Tân Tạo,7720301,Điều dưỡng,B00,2025,17.0,,THPT
TTU,Đại học Tân Tạo,7720301,Điều dưỡng,B00,2025,17.0,,THPT
TTU,Trường Đại học Tân Tạo,7720301,Điều dưỡng,D07,2025,17.0,,THPT
TTU,Đại học Tân Tạo,7720301,Điều dưỡng,D07,2025,17.0,,THPT
TTU,Đại học Tân Tạo,7720601,Kỹ thuật xét nghiệm y học,A00,2025,17.0,,THPT
TTU,Trường Đại học Tân Tạo,7720601,Kỹ thuật xét nghiệm Y học,A00,2025,17.0,,THPT
TTU,Trường Đại học Tân Tạo,7720601,Kỹ thuật xét nghiệm Y học,B00,2025,17.0,,THPT
TTU,Đại học Tân Tạo,7720601,Kỹ thuật xét nghiệm y học,B00,2025,17.0,,THPT
TTU,Trường Đại học Tân Tạo,7720601,Kỹ thuật xét nghiệm Y học,D07,2025,17.0,,THPT
TTU,Đại học Tân Tạo,7720601,Kỹ thuật xét nghiệm y học,D07,2025,17.0,,THPT
TYS,Đại học Y khoa Phạm Ngọc Thạch,7720101,Y khoa,B00,2025,25.55,,THPT
TYS,Đại học Y khoa Phạm Ngọc Thạch,7720115,Y học cổ truyền,B00,2025,21.1,,THPT
TYS,Đại học Y khoa Phạm Ngọc Thạch,7720201,Dược học,B00,2025,22.0,,THPT
TYS,Đại học Y khoa Phạm Ngọc Thạch,7720301,Điều dưỡng,B00,2025,19.6,,THPT
TYS,Trường Đại Học Y Khoa Phạm Ngọc Thạch,7720301,Điều dưỡng,B00,2025,19.6,,THPT
TYS,Đại học Y khoa Phạm Ngọc Thạch,7720302,Hộ sinh,B00,2025,19.6,,THPT
TYS,Trường Đại Học Y Khoa Phạm Ngọc Thạch,7720302,Hộ sinh,B00,2025,19.6,,THPT
TYS,Đại học Y khoa Phạm Ngọc Thạch,7720401,Dinh dưỡng,A00,2025,18.0,,THPT
TYS,Trường Đại Học Y Khoa Phạm Ngọc Thạch,7720401,Dinh dưỡng,A00,2025,18.0,,THPT
TYS,Trường Đại Học Y Khoa Phạm Ngọc Thạch,7720401,Dinh dưỡng,B00,2025,18.0,,THPT
TYS,Đại học Y khoa Phạm Ngọc Thạch,7720401,Dinh dưỡng,B00,2025,18.0,,THPT
TYS,Đại học Y khoa Phạm Ngọc Thạch,7720501,Răng- Hàm -Mặt,B00,2025,25.26,,THPT
TYS,Đại học Y khoa Phạm Ngọc Thạch,7720601,Kỹ thuật xét nghiệm y học,B00,2025,21.5,,THPT
TYS,Đại học Y khoa Phạm Ngọc Thạch,7720602,Kỹ thuật hình ảnh y học,A00,2025,20.55,,THPT
TYS,Trường Đại Học Y Khoa Phạm Ngọc Thạch,7720602,Kỹ thuật hình ảnh y học,A00,2025,20.55,,THPT
TYS,Trường Đại Học Y Khoa Phạm Ngọc Thạch,7720602,Kỹ thuật hình ảnh y học,B00,2025,20.55,,THPT
TYS,Đại học Y khoa Phạm Ngọc Thạch,7720602,Kỹ thuật hình ảnh y học,B00,2025,20.55,,THPT
TYS,Đại học Y khoa Phạm Ngọc Thạch,7720603,Kỹ thuật phục hồi chức năng,A00,2025,21.25,,THPT
TYS,Trường Đại Học Y Khoa Phạm Ngọc Thạch,7720603,Kỹ thuật phục hồi chức năng,A00,2025,21.25,,THPT
TYS,Trường Đại Học Y Khoa Phạm Ngọc Thạch,7720603,Kỹ thuật phục hồi chức năng,A01,2025,21.25,,THPT
TYS,Đại học Y khoa Phạm Ngọc Thạch,7720603,Kỹ thuật phục hồi chức năng,A01,2025,21.25,,THPT
TYS,Trường Đại Học Y Khoa Phạm Ngọc Thạch,7720603,Kỹ thuật phục hồi chức năng,B00,2025,21.25,,THPT
TYS,Đại học Y khoa Phạm Ngọc Thạch,7720603,Kỹ thuật phục hồi chức năng,B00,2025,21.25,,THPT
TYS,Đại học Y khoa Phạm Ngọc Thạch,7720699,Khúc xạ nhãn khoa,A00,2025,21.0,,THPT
TYS,Trường Đại Học Y Khoa Phạm Ngọc Thạch,7720699,Khúc xạ nhãn khoa,A00,2025,21.0,,THPT
TYS,Trường Đại Học Y Khoa Phạm Ngọc Thạch,7720699,Khúc xạ nhãn khoa,A01,2025,21.0,,THPT
TYS,Đại học Y khoa Phạm Ngọc Thạch,7720699,Khúc xạ nhãn khoa,A01,2025,21.0,,THPT
TYS,Trường Đại Học Y Khoa Phạm Ngọc Thạch,7720699,Khúc xạ nhãn khoa,B00,2025,21.0,,THPT
TYS,Đại học Y khoa Phạm Ngọc Thạch,7720699,Khúc xạ nhãn khoa,B00,2025,21.0,,THPT
TYS,Đại học Y khoa Phạm Ngọc Thạch,7720701,Y tế công cộng,A00,2025,18.0,,THPT
TYS,Trường Đại Học Y Khoa Phạm Ngọc Thạch,7720701,Y tế công cộng,A00,2025,18.0,,THPT
TYS,Trường Đại Học Y Khoa Phạm Ngọc Thạch,7720701,Y tế công cộng,B00,2025,18.0,,THPT
TYS,Đại học Y khoa Phạm Ngọc Thạch,7720701,Y tế công cộng,B00,2025,18.0,,THPT
UEF,Đại học Kinh tế - Tài chính TP HCM,7210403,Thiết kế đồ họa,D01,2025,15.0,,THPT
UEF,Trường Đại Học Kinh Tế Tài Chính TPHCM,7210403,Thiết kế đồ họa,D01,2025,16.0,,THPT
UEF,Trường Đại Học Kinh Tế Tài Chính TPHCM,7210403,Thiết kế đồ họa,D01,2025,16.0,,THPT
UEF,Đại học Kinh tế - Tài chính TP HCM,7220201,Ngôn ngữ Anh,D01,2025,15.0,,THPT
UEF,Trường Đại Học Kinh Tế Tài Chính TPHCM,7220201,Ngôn ngữ Anh,D01,2025,15.0,,THPT
UEF,Đại học Kinh tế - Tài chính TP HCM,7220204,Ngôn ngữ Trung Quốc,D01,2025,15.0,,THPT
UEF,Trường Đại Học Kinh Tế Tài Chính TPHCM,7220204,Ngôn ngữ Trung Quốc,D01,2025,15.0,,THPT
UEF,Đại học Kinh tế - Tài chính TP HCM,7220209,Ngôn ngữ Nhật,D01,2025,15.0,,THPT
UEF,Trường Đại Học Kinh Tế Tài Chính TPHCM,7220209,Ngôn ngữ Nhật,D01,2025,15.0,,THPT
UEF,Đại học Kinh tế - Tài chính TP HCM,7220210,Ngôn ngữ Hàn Quốc,D01,2025,15.0,,THPT
UEF,Trường Đại Học Kinh Tế Tài Chính TPHCM,7220210,Ngôn ngữ Hàn Quốc,D01,2025,15.0,,THPT
UEF,Đại học Kinh tế - Tài chính TP HCM,7310106,Kinh tế quốc tế,D01,2025,15.0,,THPT
UEF,Trường Đại Học Kinh Tế Tài Chính TPHCM,7310106,Kinh tế quốc tế,D01,2025,16.0,,THPT
UEF,Trường Đại Học Kinh Tế Tài Chính TPHCM,7310106,Kinh tế quốc tế,D01,2025,16.0,,THPT
UEF,Đại học Kinh tế - Tài chính TP HCM,7310109,Kinh tế số,D01,2025,15.0,,THPT
UEF,Trường Đại Học Kinh Tế Tài Chính TPHCM,7310109,Kinh tế số,D01,2025,15.0,,THPT
UEF,Trường Đại Học Kinh Tế Tài Chính TPHCM,7310109,Kinh tế số,D01,2025,15.0,,THPT
UEF,Đại học Kinh tế - Tài chính TP HCM,7310206,Quan hệ quốc tế,D01,2025,15.0,,THPT
UEF,Trường Đại Học Kinh Tế Tài Chính TPHCM,7310206,Quan hệ quốc tế,D01,2025,15.0,,THPT
UEF,Đại học Kinh tế - Tài chính TP HCM,7310401,Tâm lý học,D01,2025,15.0,,THPT
UEF,Trường Đại Học Kinh Tế Tài Chính TPHCM,7310401,Tâm lý học,D01,2025,15.0,,THPT
UEF,Trường Đại Học Kinh Tế Tài Chính TPHCM,7310401,Tâm lý học,D01,2025,15.0,,THPT
UEF,Đại học Kinh tế - Tài chính TP HCM,7320104,Truyền thông đa phương tiện,D01,2025,15.0,,THPT
UEF,Trường Đại Học Kinh Tế Tài Chính TPHCM,7320104,Truyền thông đa phương tiện,D01,2025,15.0,,THPT
UEF,Trường Đại Học Kinh Tế Tài Chính TPHCM,7320104,Truyền thông đa phương tiện,D01,2025,15.0,,THPT
UEF,Đại học Kinh tế - Tài chính TP HCM,7320106,Công nghệ truyền thông,D01,2025,15.0,,THPT
UEF,Trường Đại Học Kinh Tế Tài Chính TPHCM,7320106,Công nghệ truyền thông,D01,2025,16.0,,THPT
UEF,Trường Đại Học Kinh Tế Tài Chính TPHCM,7320106,Công nghệ truyền thông,D01,2025,16.0,,THPT
UEF,Đại học Kinh tế - Tài chính TP HCM,7320108,Quan hệ công chúng,D01,2025,15.0,,THPT
UEF,Trường Đại Học Kinh Tế Tài Chính TPHCM,7320108,Quan hệ công chúng,D01,2025,16.0,,THPT
UEF,Trường Đại Học Kinh Tế Tài Chính TPHCM,7320108,Quan hệ công chúng,D01,2025,16.0,,THPT
UEF,Đại học Kinh tế - Tài chính TP HCM,7340101,Quản trị Kinh doanh,D01,2025,15.0,,THPT
UEF,Trường Đại Học Kinh Tế Tài Chính TPHCM,7340101,Quản trị kinh doanh,D01,2025,16.0,,THPT
UEF,Trường Đại Học Kinh Tế Tài Chính TPHCM,7340101,Quản trị kinh doanh,D01,2025,16.0,,THPT
UEF,Đại học Kinh tế - Tài chính TP HCM,7340101E,Quản trị kinh doanh - Tiếng Anh,D01,2025,15.0,,THPT
UEF,Đại học Kinh tế - Tài chính TP HCM,7340114,Marketing kỹ thuật số,D01,2025,15.0,,THPT
UEF,Trường Đại Học Kinh Tế Tài Chính TPHCM,7340114,Digital Marketing,D01,2025,16.0,,THPT
UEF,Trường Đại Học Kinh Tế Tài Chính TPHCM,7340114,Digital Marketing,D01,2025,16.0,,THPT
UEF,Đại học Kinh tế - Tài chính TP HCM,7340115,Marketing,D01,2025,15.0,,THPT
UEF,Trường Đại Học Kinh Tế Tài Chính TPHCM,7340115,Marketing,D01,2025,16.0,,THPT
UEF,Trường Đại Học Kinh Tế Tài Chính TPHCM,7340115,Marketing,D01,2025,16.0,,THPT
UEF,Đại học Kinh tế - Tài chính TP HCM,7340115E,Marketing - Chương trình Marketing số (E - Toàn phần tiếng Anh),D01,2025,15.0,,THPT
UEF,Đại học Kinh tế - Tài chính TP HCM,7340116,Bất động sản,D01,2025,15.0,,THPT
UEF,Trường Đại Học Kinh Tế Tài Chính TPHCM,7340116,Bất động sản,D01,2025,16.0,,THPT
UEF,Trường Đại Học Kinh Tế Tài Chính TPHCM,7340116,Bất động sản,D01,2025,16.0,,THPT
UEF,Đại học Kinh tế - Tài chính TP HCM,7340120,Ngành Kinh doanh quốc tế,D01,2025,15.0,,THPT
UEF,Trường Đại Học Kinh Tế Tài Chính TPHCM,7340120,Kinh doanh quốc tế,D01,2025,16.0,,THPT
UEF,Trường Đại Học Kinh Tế Tài Chính TPHCM,7340120,Kinh doanh quốc tế,D01,2025,16.0,,THPT
UEF,Đại học Kinh tế - Tài chính TP HCM,7340120E,Kinh doanh quốc tế - Chương trình Ngoại thương (E - tiếng Anh toàn phần),D01,2025,15.0,,THPT
UEF,Đại học Kinh tế - Tài chính TP HCM,7340121,Kinh doanh thương mại,D01,2025,15.0,,THPT
UEF,Trường Đại Học Kinh Tế Tài Chính TPHCM,7340121,Kinh doanh thương mại,D01,2025,15.0,,THPT
UEF,Trường Đại Học Kinh Tế Tài Chính TPHCM,7340121,Kinh doanh thương mại,D01,2025,15.0,,THPT
UEF,Đại học Kinh tế - Tài chính TP HCM,7340122,Thương mại điện tử,D01,2025,15.0,,THPT
UEF,Trường Đại Học Kinh Tế Tài Chính TPHCM,7340122,Thương mại điện tử,D01,2025,15.0,,THPT
UEF,Trường Đại Học Kinh Tế Tài Chính TPHCM,7340122,Thương mại điện tử,D01,2025,15.0,,THPT
UEF,Đại học Kinh tế - Tài chính TP HCM,7340201,Tài chính – Ngân hàng,D01,2025,15.0,,THPT
UEF,Trường Đại Học Kinh Tế Tài Chính TPHCM,7340201,Tài chính - ngân hàng,D01,2025,16.0,,THPT
UEF,Trường Đại Học Kinh Tế Tài Chính TPHCM,7340201,Tài chính - ngân hàng,D01,2025,16.0,,THPT
UEF,Đại học Kinh tế - Tài chính TP HCM,7340201E,Tài chính - Ngân hàng (Chương trình Tài năng UEF),D01,2025,15.0,,THPT
UEF,Đại học Kinh tế - Tài chính TP HCM,7340205,Công nghệ tài chính,D01,2025,15.0,,THPT
UEF,Trường Đại Học Kinh Tế Tài Chính TPHCM,7340205,Công nghệ tài chính,D01,2025,16.0,,THPT
UEF,Trường Đại Học Kinh Tế Tài Chính TPHCM,7340205,Công nghệ tài chính,D01,2025,16.0,,THPT
UEF,Đại học Kinh tế - Tài chính TP HCM,7340206,Tài chính quốc tế,D01,2025,15.0,,THPT
UEF,Trường Đại Học Kinh Tế Tài Chính TPHCM,7340206,Tài chính quốc tế,D01,2025,16.0,,THPT
UEF,Trường Đại Học Kinh Tế Tài Chính TPHCM,7340206,Tài chính quốc tế,D01,2025,16.0,,THPT
UEF,Đại học Kinh tế - Tài chính TP HCM,7340301,Kế toán,D01,2025,15.0,,THPT
UEF,Trường Đại Học Kinh Tế Tài Chính TPHCM,7340301,Kế toán,D01,2025,16.0,,THPT
UEF,Trường Đại Học Kinh Tế Tài Chính TPHCM,7340301,Kế toán,D01,2025,16.0,,THPT
UEF,Đại học Kinh tế - Tài chính TP HCM,7340302,Kiểm toán,D01,2025,15.0,,THPT
UEF,Trường Đại Học Kinh Tế Tài Chính TPHCM,7340302,Kiểm toán,D01,2025,16.0,,THPT
UEF,Trường Đại Học Kinh Tế Tài Chính TPHCM,7340302,Kiểm toán,D01,2025,16.0,,THPT
UEF,Đại học Kinh tế - Tài chính TP HCM,7340404,Quản trị nhân lực,D01,2025,15.0,,THPT
UEF,Trường Đại Học Kinh Tế Tài Chính TPHCM,7340404,Quản trị nhân lực,D01,2025,16.0,,THPT
UEF,Trường Đại Học Kinh Tế Tài Chính TPHCM,7340404,Quản trị nhân lực,D01,2025,16.0,,THPT
UEF,Đại học Kinh tế - Tài chính TP HCM,7340412,Quản trị sự kiện,D01,2025,15.0,,THPT
UEF,Trường Đại Học Kinh Tế Tài Chính TPHCM,7340412,Quản trị sự kiện,D01,2025,16.0,,THPT
UEF,Trường Đại Học Kinh Tế Tài Chính TPHCM,7340412,Quản trị sự kiện,D01,2025,16.0,,THPT
UEF,Đại học Kinh tế - Tài chính TP HCM,7380101,Ngành Luật,D01,2025,15.0,,THPT
UEF,Trường Đại Học Kinh Tế Tài Chính TPHCM,7380101,Luật,D01,2025,15.0,,THPT
UEF,Trường Đại Học Kinh Tế Tài Chính TPHCM,7380101,Luật,D01,2025,15.0,,THPT
UEF,Đại học Kinh tế - Tài chính TP HCM,7380107,Luật kinh tế,D01,2025,15.0,,THPT
UEF,Trường Đại Học Kinh Tế Tài Chính TPHCM,7380107,Luật kinh tế,D01,2025,15.0,,THPT
UEF,Trường Đại Học Kinh Tế Tài Chính TPHCM,7380107,Luật kinh tế,D01,2025,15.0,,THPT
UEF,Đại học Kinh tế - Tài chính TP HCM,7380108,Luật quốc tế,D01,2025,15.0,,THPT
UEF,Trường Đại Học Kinh Tế Tài Chính TPHCM,7380108,Luật quốc tế,D01,2025,16.0,,THPT
UEF,Trường Đại Học Kinh Tế Tài Chính TPHCM,7380108,Luật quốc tế,D01,2025,16.0,,THPT
UEF,Đại học Kinh tế - Tài chính TP HCM,7380109,Luật Thương mại Quốc tế,D01,2025,15.0,,THPT
UEF,Đại học Kinh tế - Tài chính TP HCM,7460108,Khoa học dữ liệu (Data Science),D01,2025,15.0,,THPT
UEF,Trường Đại Học Kinh Tế Tài Chính TPHCM,7460108,Khoa học dữ liệu,D01,2025,16.0,,THPT
UEF,Trường Đại Học Kinh Tế Tài Chính TPHCM,7460108,Khoa học dữ liệu,D01,2025,16.0,,THPT
UEF,Đại học Kinh tế - Tài chính TP HCM,7480103,Kỹ thuật phần mềm,D01,2025,15.0,,THPT
UEF,Trường Đại Học Kinh Tế Tài Chính TPHCM,7480103,Kỹ thuật phần mềm,D01,2025,16.0,,THPT
UEF,Trường Đại Học Kinh Tế Tài Chính TPHCM,7480103,Kỹ thuật phần mềm,D01,2025,16.0,,THPT
UEF,Đại học Kinh tế - Tài chính TP HCM,7480201,Công nghệ thông tin,D01,2025,15.0,,THPT
UEF,Trường Đại Học Kinh Tế Tài Chính TPHCM,7480201,Công nghệ thông tin,D01,2025,16.0,,THPT
UEF,Trường Đại Học Kinh Tế Tài Chính TPHCM,7480201,Công nghệ thông tin,D01,2025,16.0,,THPT
UEF,Đại học Kinh tế - Tài chính TP HCM,7510605,Logistics và Quản lý chuỗi cung ứng,D01,2025,15.0,,THPT
UEF,Trường Đại Học Kinh Tế Tài Chính TPHCM,7510605,Logistics và quản lý chuỗi cung ứng,D01,2025,16.0,,THPT
UEF,Trường Đại Học Kinh Tế Tài Chính TPHCM,7510605,Logistics và quản lý chuỗi cung ứng,D01,2025,16.0,,THPT
UEF,Đại học Kinh tế - Tài chính TP HCM,7810103,Quản trị dịch vụ du lịch và lữ hành,D01,2025,15.0,,THPT
UEF,Trường Đại Học Kinh Tế Tài Chính TPHCM,7810103,Quản trị dịch vụ du lịch và lữ hành,D01,2025,16.0,,THPT
UEF,Trường Đại Học Kinh Tế Tài Chính TPHCM,7810103,Quản trị dịch vụ du lịch và lữ hành,D01,2025,16.0,,THPT
UEF,Đại học Kinh tế - Tài chính TP HCM,7810201,Quản trị khách sạn,D01,2025,15.0,,THPT
UEF,Trường Đại Học Kinh Tế Tài Chính TPHCM,7810201,Quản trị khách sạn,D01,2025,16.0,,THPT
UEF,Trường Đại Học Kinh Tế Tài Chính TPHCM,7810201,Quản trị khách sạn,D01,2025,16.0,,THPT
UEF,Đại học Kinh tế - Tài chính TP HCM,7810202,Quản trị nhà hàng và dịch vụ ăn uống,D01,2025,15.0,,THPT
UEF,Trường Đại Học Kinh Tế Tài Chính TPHCM,7810202,Quản trị nhà hàng và dịch vụ ăn uống,D01,2025,15.0,,THPT
UEF,Trường Đại Học Kinh Tế Tài Chính TPHCM,7810202,Quản trị nhà hàng và dịch vụ ăn uống,D01,2025,15.0,,THPT
UKB,Trường Đại Học Kinh Bắc,7220201,Ngôn ngữ Anh,A01,2025,15.0,,THPT
UKB,Trường Đại Học Kinh Bắc,7220201,Ngôn ngữ Anh,D01,2025,15.0,,THPT
UKB,Trường Đại Học Kinh Bắc,7220201,Ngôn ngữ Anh,D10,2025,15.0,,THPT
UKB,Trường Đại Học Kinh Bắc,7340101,Quản trị kinh doanh,A00,2025,15.0,,THPT
UKB,Trường Đại Học Kinh Bắc,7340101,Quản trị kinh doanh,A01,2025,15.0,,THPT
UKB,Trường Đại Học Kinh Bắc,7340101,Quản trị kinh doanh,D01,2025,15.0,,THPT
UKB,Trường Đại Học Kinh Bắc,7340301,Kế toán,A00,2025,15.0,,THPT
UKB,Trường Đại Học Kinh Bắc,7340301,Kế toán,A01,2025,15.0,,THPT
UKB,Trường Đại Học Kinh Bắc,7340301,Kế toán,D01,2025,15.0,,THPT
UKB,Trường Đại Học Kinh Bắc,7380101,Luật,A00,2025,15.0,,THPT
UKB,Trường Đại Học Kinh Bắc,7380101,Luật,A01,2025,15.0,,THPT
UKB,Trường Đại Học Kinh Bắc,7380101,Luật,C00,2025,15.0,,THPT
UKB,Trường Đại Học Kinh Bắc,7380101,Luật,D01,2025,15.0,,THPT
UKB,Trường Đại Học Kinh Bắc,7380107,Luật kinh tế,A00,2025,15.0,,THPT
UKB,Trường Đại Học Kinh Bắc,7380107,Luật kinh tế,A01,2025,15.0,,THPT
UKB,Trường Đại Học Kinh Bắc,7380107,Luật kinh tế,C00,2025,15.0,,THPT
UKB,Trường Đại Học Kinh Bắc,7380107,Luật kinh tế,D01,2025,15.0,,THPT
UKB,Trường Đại Học Kinh Bắc,7480201,Công nghệ thông tin,A00,2025,15.0,,THPT
UKB,Trường Đại Học Kinh Bắc,7480201,Công nghệ thông tin,A01,2025,15.0,,THPT
UKB,Trường Đại Học Kinh Bắc,7480201,Công nghệ thông tin,D01,2025,15.0,,THPT
UKB,Trường Đại Học Kinh Bắc,7720101,Y khoa,A00,2025,22.5,,THPT
UKB,Trường Đại Học Kinh Bắc,7720101,Y khoa,A01,2025,22.5,,THPT
UKB,Trường Đại Học Kinh Bắc,7720101,Y khoa,B00,2025,22.5,,THPT
UKB,Trường Đại Học Kinh Bắc,7720115,Y học cổ truyền,A00,2025,21.0,,THPT
UKB,Trường Đại Học Kinh Bắc,7720115,Y học cổ truyền,A01,2025,21.0,,THPT
UKB,Trường Đại Học Kinh Bắc,7720115,Y học cổ truyền,B00,2025,21.0,,THPT
UKB,Trường Đại Học Kinh Bắc,7720201,Dược học,A00,2025,21.0,,THPT
UKB,Trường Đại Học Kinh Bắc,7720201,Dược học,A01,2025,21.0,,THPT
UKB,Trường Đại Học Kinh Bắc,7720201,Dược học,B00,2025,21.0,,THPT
UKB,Trường Đại Học Kinh Bắc,7810103,Quản trị dịch vụ du lịch và lữ hành,A00,2025,15.0,,THPT
UKB,Trường Đại Học Kinh Bắc,7810103,Quản trị dịch vụ du lịch và lữ hành,A01,2025,15.0,,THPT
UKB,Trường Đại Học Kinh Bắc,7810103,Quản trị dịch vụ du lịch và lữ hành,C00,2025,15.0,,THPT
UKB,Trường Đại Học Kinh Bắc,7810103,Quản trị dịch vụ du lịch và lữ hành,D01,2025,15.0,,THPT
UKH,Đại học Khánh Hòa,7140202,Giáo dục Tiểu học,D01,2025,25.97,,THPT
UKH,Trường Đại học Khánh Hòa,7140202,Giáo dục Tiểu học,D01,2025,25.97,,THPT
UKH,Đại học Khánh Hòa,7140209,Sư phạm Toán học,A00,2025,26.41,,THPT
UKH,Trường Đại học Khánh Hòa,7140209,Sư phạm Toán học,A00,2025,26.41,,THPT
UKH,Trường Đại học Khánh Hòa,7140209,Sư phạm Toán học,A01,2025,26.41,,THPT
UKH,Đại học Khánh Hòa,7140209,Sư phạm Toán học,A01,2025,26.41,,THPT
UKH,Trường Đại học Khánh Hòa,7140209,Sư phạm Toán học,B00,2025,26.41,,THPT
UKH,Đại học Khánh Hòa,7140209,Sư phạm Toán học,B00,2025,26.41,,THPT
UKH,Trường Đại học Khánh Hòa,7140209,Sư phạm Toán học,D01,2025,26.41,,THPT
UKH,Đại học Khánh Hòa,7140209,Sư phạm Toán học,D01,2025,26.41,,THPT
UKH,Trường Đại học Khánh Hòa,7140209,Sư phạm Toán học,D07,2025,26.41,,THPT
UKH,Đại học Khánh Hòa,7140209,Sư phạm Toán học,D07,2025,26.41,,THPT
UKH,Đại học Khánh Hòa,7140211,Sư phạm Vật lý,A00,2025,26.32,,THPT
UKH,Trường Đại học Khánh Hòa,7140211,Sư phạm Vật lý,A00,2025,26.32,,THPT
UKH,Trường Đại học Khánh Hòa,7140211,Sư phạm Vật lý,A01,2025,26.32,,THPT
UKH,Đại học Khánh Hòa,7140211,Sư phạm Vật lý,A01,2025,26.32,,THPT
UKH,Đại học Khánh Hòa,7140217,Sư phạm Ngữ văn,C00,2025,26.41,,THPT
UKH,Trường Đại học Khánh Hòa,7140217,Sư phạm Ngữ văn,C00,2025,26.41,,THPT
UKH,Trường Đại học Khánh Hòa,7140217,Sư phạm Ngữ văn,D01,2025,26.41,,THPT
UKH,Đại học Khánh Hòa,7140217,Sư phạm Ngữ văn,D01,2025,26.41,,THPT
UKH,Đại học Khánh Hòa,7140231,Sư phạm Tiếng Anh,D01,2025,26.2,,THPT
UKH,Trường Đại học Khánh Hòa,7140231,Sư phạm Tiếng Anh,D01,2025,26.2,,THPT
UKH,Trường Đại học Khánh Hòa,7140231,Sư phạm Tiếng Anh,D09,2025,26.2,,THPT
UKH,Đại học Khánh Hòa,7140231,Sư phạm Tiếng Anh,D09,2025,26.2,,THPT
UKH,Trường Đại học Khánh Hòa,7140231,Sư phạm Tiếng Anh,D10,2025,26.2,,THPT
UKH,Đại học Khánh Hòa,7140231,Sư phạm Tiếng Anh,D10,2025,26.2,,THPT
UKH,Đại học Khánh Hòa,7140249,Sư phạm Lịch sử - Địa lý,C00,2025,25.91,,THPT
UKH,Trường Đại học Khánh Hòa,7140249,Sư phạm Lịch sử - Địa lý,C00,2025,25.91,,THPT
UKH,Đại học Khánh Hòa,7220201,Ngôn ngữ Anh,A01,2025,18.55,,THPT
UKH,Trường Đại học Khánh Hòa,7220201,Ngôn ngữ Anh (Tiếng Anh du lịch),A01,2025,18.55,,THPT
UKH,Đại học Khánh Hòa,7220201,Ngôn ngữ Anh,D01,2025,18.55,,THPT
UKH,Trường Đại học Khánh Hòa,7220201,Ngôn ngữ Anh (Tiếng Anh du lịch),D01,2025,18.55,,THPT
UKH,Trường Đại học Khánh Hòa,7220201,Ngôn ngữ Anh (Tiếng Anh du lịch),D07,2025,18.55,,THPT
UKH,Đại học Khánh Hòa,7220201,Ngôn ngữ Anh,D07,2025,18.55,,THPT
UKH,Trường Đại học Khánh Hòa,7220201,Ngôn ngữ Anh (Tiếng Anh du lịch),D09,2025,18.55,,THPT
UKH,Đại học Khánh Hòa,7220201,Ngôn ngữ Anh,D09,2025,18.55,,THPT
UKH,Trường Đại học Khánh Hòa,7220201,Ngôn ngữ Anh (Tiếng Anh du lịch),D10,2025,18.55,,THPT
UKH,Đại học Khánh Hòa,7220201,Ngôn ngữ Anh,D10,2025,18.55,,THPT
UKH,Đại học Khánh Hòa,7229020,Ngôn ngữ học,D01,2025,22.06,,THPT
UKH,Trường Đại học Khánh Hòa,7229020,Ngôn ngữ học (Tiếng Trung Quốc),D01,2025,22.06,,THPT
UKH,Trường Đại học Khánh Hòa,7229020,Ngôn ngữ học (Tiếng Trung Quốc),D09,2025,22.06,,THPT
UKH,Đại học Khánh Hòa,7229020,Ngôn ngữ học,D09,2025,22.06,,THPT
UKH,Trường Đại học Khánh Hòa,7229020,Ngôn ngữ học (Tiếng Trung Quốc),D10,2025,22.06,,THPT
UKH,Đại học Khánh Hòa,7229020,Ngôn ngữ học,D10,2025,22.06,,THPT
UKH,Đại học Khánh Hòa,7229030,Văn học,C00,2025,22.6,,THPT
UKH,Trường Đại học Khánh Hòa,7229030,Văn học (Báo chí - Truyền thông),C00,2025,22.6,,THPT
UKH,Trường Đại học Khánh Hòa,7229030,Văn học (Báo chí - Truyền thông),D01,2025,22.6,,THPT
UKH,Đại học Khánh Hòa,7229030,Văn học,D01,2025,22.6,,THPT
UKH,Đại học Khánh Hòa,7229040,Văn hoá học,C00,2025,22.0,,THPT
UKH,Trường Đại học Khánh Hòa,7229040,Văn hoá học (Văn hóa - Truyền thông),C00,2025,22.0,,THPT
UKH,Trường Đại học Khánh Hòa,7229040,Văn hoá học (Văn hóa - Truyền thông),D01,2025,22.0,,THPT
UKH,Đại học Khánh Hòa,7229040,Văn hoá học,D01,2025,22.0,,THPT
UKH,Đại học Khánh Hòa,7310630,Việt Nam học,C00,2025,20.8,,THPT
UKH,Trường Đại học Khánh Hòa,7310630,Việt Nam học (Văn hóa du lịch),C00,2025,20.8,,THPT
UKH,Trường Đại học Khánh Hòa,7310630,Việt Nam học (Văn hóa du lịch),D01,2025,20.8,,THPT
UKH,Đại học Khánh Hòa,7310630,Việt Nam học,D01,2025,20.8,,THPT
UKH,Đại học Khánh Hòa,7340101,Quản trị Kinh doanh,A00,2025,18.15,,THPT
UKH,Trường Đại học Khánh Hòa,7340101,Quản trị kinh doanh\r\n- Quản trị kinh doanh\r\n- Quản trị kinh doanh (Quản lý bán lẻ)\r\n- Quản trị kinh doanh (Marketing)\r\n- Quản trị kinh doanh (Nhà hàng và dịch vụ ăn uống),A00,2025,18.15,,THPT
UKH,Trường Đại học Khánh Hòa,7340101,Quản trị kinh doanh\r\n- Quản trị kinh doanh\r\n- Quản trị kinh doanh (Quản lý bán lẻ)\r\n- Quản trị kinh doanh (Marketing)\r\n- Quản trị kinh doanh (Nhà hàng và dịch vụ ăn uống),A00,2025,18.15,,THPT
UKH,Đại học Khánh Hòa,7340101,Quản trị Kinh doanh,A01,2025,18.15,,THPT
UKH,Trường Đại học Khánh Hòa,7340101,Quản trị kinh doanh\r\n- Quản trị kinh doanh\r\n- Quản trị kinh doanh (Quản lý bán lẻ)\r\n- Quản trị kinh doanh (Marketing)\r\n- Quản trị kinh doanh (Nhà hàng và dịch vụ ăn uống),A01,2025,18.15,,THPT
UKH,Trường Đại học Khánh Hòa,7340101,Quản trị kinh doanh\r\n- Quản trị kinh doanh\r\n- Quản trị kinh doanh (Quản lý bán lẻ)\r\n- Quản trị kinh doanh (Marketing)\r\n- Quản trị kinh doanh (Nhà hàng và dịch vụ ăn uống),A01,2025,18.15,,THPT
UKH,Đại học Khánh Hòa,7340101,Quản trị Kinh doanh,D01,2025,18.15,,THPT
UKH,Trường Đại học Khánh Hòa,7340101,Quản trị kinh doanh\r\n- Quản trị kinh doanh\r\n- Quản trị kinh doanh (Quản lý bán lẻ)\r\n- Quản trị kinh doanh (Marketing)\r\n- Quản trị kinh doanh (Nhà hàng và dịch vụ ăn uống),D01,2025,18.15,,THPT
UKH,Trường Đại học Khánh Hòa,7340101,Quản trị kinh doanh\r\n- Quản trị kinh doanh\r\n- Quản trị kinh doanh (Quản lý bán lẻ)\r\n- Quản trị kinh doanh (Marketing)\r\n- Quản trị kinh doanh (Nhà hàng và dịch vụ ăn uống),D01,2025,18.15,,THPT
UKH,Trường Đại học Khánh Hòa,7340101,Quản trị kinh doanh\r\n- Quản trị kinh doanh\r\n- Quản trị kinh doanh (Quản lý bán lẻ)\r\n- Quản trị kinh doanh (Marketing)\r\n- Quản trị kinh doanh (Nhà hàng và dịch vụ ăn uống),D09,2025,18.15,,THPT
UKH,Trường Đại học Khánh Hòa,7340101,Quản trị kinh doanh\r\n- Quản trị kinh doanh\r\n- Quản trị kinh doanh (Quản lý bán lẻ)\r\n- Quản trị kinh doanh (Marketing)\r\n- Quản trị kinh doanh (Nhà hàng và dịch vụ ăn uống),D09,2025,18.15,,THPT
UKH,Đại học Khánh Hòa,7340101,Quản trị Kinh doanh,D09,2025,18.15,,THPT
UKH,Trường Đại học Khánh Hòa,7340101,Quản trị kinh doanh\r\n- Quản trị kinh doanh\r\n- Quản trị kinh doanh (Quản lý bán lẻ)\r\n- Quản trị kinh doanh (Marketing)\r\n- Quản trị kinh doanh (Nhà hàng và dịch vụ ăn uống),D10,2025,18.15,,THPT
UKH,Trường Đại học Khánh Hòa,7340101,Quản trị kinh doanh\r\n- Quản trị kinh doanh\r\n- Quản trị kinh doanh (Quản lý bán lẻ)\r\n- Quản trị kinh doanh (Marketing)\r\n- Quản trị kinh doanh (Nhà hàng và dịch vụ ăn uống),D10,2025,18.15,,THPT
UKH,Đại học Khánh Hòa,7340101,Quản trị Kinh doanh,D10,2025,18.15,,THPT
UKH,Đại học Khánh Hòa,7420203,Sinh học ứng dụng,B00,2025,15.1,,THPT
UKH,Trường Đại học Khánh Hòa,7420203,Sinh học ứng dụng (Dược liệu),B00,2025,15.1,,THPT
UKH,Đại học Khánh Hòa,7440112,Hóa học,A00,2025,15.0,,THPT
UKH,Trường Đại học Khánh Hòa,7440112,Hóa học (Hóa dược - Sản phẩm thiên nhiên),A00,2025,15.0,,THPT
UKH,Trường Đại học Khánh Hòa,7440112,Hóa học (Hóa dược - Sản phẩm thiên nhiên),B00,2025,15.0,,THPT
UKH,Đại học Khánh Hòa,7440112,Hóa học,B00,2025,15.0,,THPT
UKH,Trường Đại học Khánh Hòa,7440112,Hóa học (Hóa dược - Sản phẩm thiên nhiên),D07,2025,15.0,,THPT
UKH,Đại học Khánh Hòa,7440112,Hóa học,D07,2025,15.0,,THPT
UKH,Đại học Khánh Hòa,7810101,Du lịch,A01,2025,20.45,,THPT
UKH,Trường Đại học Khánh Hòa,7810101,Du lịch,A01,2025,20.45,,THPT
UKH,Đại học Khánh Hòa,7810101,Du lịch,C00,2025,20.45,,THPT
UKH,Trường Đại học Khánh Hòa,7810101,Du lịch,C00,2025,20.45,,THPT
UKH,Trường Đại học Khánh Hòa,7810101,Du lịch,D01,2025,20.45,,THPT
UKH,Đại học Khánh Hòa,7810101,Du lịch,D01,2025,20.45,,THPT
UKH,Trường Đại học Khánh Hòa,7810101,Du lịch,D07,2025,20.45,,THPT
UKH,Đại học Khánh Hòa,7810101,Du lịch,D07,2025,20.45,,THPT
UKH,Trường Đại học Khánh Hòa,7810101,Du lịch,D09,2025,20.45,,THPT
UKH,Đại học Khánh Hòa,7810101,Du lịch,D09,2025,20.45,,THPT
UKH,Trường Đại học Khánh Hòa,7810101,Du lịch,D10,2025,20.45,,THPT
UKH,Đại học Khánh Hòa,7810101,Du lịch,D10,2025,20.45,,THPT
UKH,Đại học Khánh Hòa,7810103,Quản trị dịch vụ du lịch và lữ hành,A00,2025,18.75,,THPT
UKH,Trường Đại học Khánh Hòa,7810103,Quản trị dịch vụ du lịch và lữ hành,A00,2025,18.75,,THPT
UKH,Đại học Khánh Hòa,7810103,Quản trị dịch vụ du lịch và lữ hành,A01,2025,18.75,,THPT
UKH,Trường Đại học Khánh Hòa,7810103,Quản trị dịch vụ du lịch và lữ hành,A01,2025,18.75,,THPT
UKH,Đại học Khánh Hòa,7810103,Quản trị dịch vụ du lịch và lữ hành,D01,2025,18.75,,THPT
UKH,Trường Đại học Khánh Hòa,7810103,Quản trị dịch vụ du lịch và lữ hành,D01,2025,18.75,,THPT
UKH,Trường Đại học Khánh Hòa,7810103,Quản trị dịch vụ du lịch và lữ hành,D07,2025,18.75,,THPT
UKH,Đại học Khánh Hòa,7810103,Quản trị dịch vụ du lịch và lữ hành,D07,2025,18.75,,THPT
UKH,Trường Đại học Khánh Hòa,7810103,Quản trị dịch vụ du lịch và lữ hành,D09,2025,18.75,,THPT
UKH,Đại học Khánh Hòa,7810103,Quản trị dịch vụ du lịch và lữ hành,D09,2025,18.75,,THPT
UKH,Trường Đại học Khánh Hòa,7810103,Quản trị dịch vụ du lịch và lữ hành,D10,2025,18.75,,THPT
UKH,Đại học Khánh Hòa,7810103,Quản trị dịch vụ du lịch và lữ hành,D10,2025,18.75,,THPT
UKH,Đại học Khánh Hòa,7810201,Quản trị khách sạn,A00,2025,19.7,,THPT
UKH,Trường Đại học Khánh Hòa,7810201,Quản trị khách sạn,A00,2025,19.7,,THPT
UKH,Đại học Khánh Hòa,7810201,Quản trị khách sạn,A01,2025,19.7,,THPT
UKH,Trường Đại học Khánh Hòa,7810201,Quản trị khách sạn,A01,2025,19.7,,THPT
UKH,Đại học Khánh Hòa,7810201,Quản trị khách sạn,D01,2025,19.7,,THPT
UKH,Trường Đại học Khánh Hòa,7810201,Quản trị khách sạn,D01,2025,19.7,,THPT
UKH,Trường Đại học Khánh Hòa,7810201,Quản trị khách sạn,D07,2025,19.7,,THPT
UKH,Đại học Khánh Hòa,7810201,Quản trị khách sạn,D07,2025,19.7,,THPT
UKH,Trường Đại học Khánh Hòa,7810201,Quản trị khách sạn,D09,2025,19.7,,THPT
UKH,Đại học Khánh Hòa,7810201,Quản trị khách sạn,D09,2025,19.7,,THPT
UKH,Trường Đại học Khánh Hòa,7810201,Quản trị khách sạn,D10,2025,19.7,,THPT
UKH,Đại học Khánh Hòa,7810201,Quản trị khách sạn,D10,2025,19.7,,THPT
UMT,Trường Đại học Quản lý và công nghệ TPHCM,7210403,Thiết kế đồ họa,A00,2025,15.0,,THPT
UMT,Trường Đại học Quản lý và công nghệ TPHCM,7210403,Thiết kế đồ họa,A00,2025,15.0,,THPT
UMT,Trường Đại học Quản lý và công nghệ TPHCM,7210403,Thiết kế đồ họa,A01,2025,15.0,,THPT
UMT,Trường Đại học Quản lý và công nghệ TPHCM,7210403,Thiết kế đồ họa,A01,2025,15.0,,THPT
UMT,Trường Đại học Quản lý và công nghệ TPHCM,7210403,Thiết kế đồ họa,D01,2025,15.0,,THPT
UMT,Trường Đại học Quản lý và công nghệ TPHCM,7210403,Thiết kế đồ họa,D01,2025,15.0,,THPT
UMT,Trường Đại học Quản lý và công nghệ TPHCM,7320104,Truyền thông đa phương tiện,A00,2025,15.0,,THPT
UMT,Trường Đại học Quản lý và công nghệ TPHCM,7320104,Truyền thông đa phương tiện,A00,2025,15.0,,THPT
UMT,Trường Đại học Quản lý và công nghệ TPHCM,7320104,Truyền thông đa phương tiện,A01,2025,15.0,,THPT
UMT,Trường Đại học Quản lý và công nghệ TPHCM,7320104,Truyền thông đa phương tiện,A01,2025,15.0,,THPT
UMT,Trường Đại học Quản lý và công nghệ TPHCM,7320104,Truyền thông đa phương tiện,C00,2025,15.0,,THPT
UMT,Trường Đại học Quản lý và công nghệ TPHCM,7320104,Truyền thông đa phương tiện,D01,2025,15.0,,THPT
UMT,Trường Đại học Quản lý và công nghệ TPHCM,7320104,Truyền thông đa phương tiện,D01,2025,15.0,,THPT
UMT,Trường Đại học Quản lý và công nghệ TPHCM,7340101,Quản trị kinh doanh,A00,2025,15.0,,THPT
UMT,Trường Đại học Quản lý và công nghệ TPHCM,7340101,Quản trị kinh doanh,A00,2025,15.0,,THPT
UMT,Trường Đại học Quản lý và công nghệ TPHCM,7340101,Quản trị kinh doanh,A01,2025,15.0,,THPT
UMT,Trường Đại học Quản lý và công nghệ TPHCM,7340101,Quản trị kinh doanh,A01,2025,15.0,,THPT
UMT,Trường Đại học Quản lý và công nghệ TPHCM,7340101,Quản trị kinh doanh,C00,2025,15.0,,THPT
UMT,Trường Đại học Quản lý và công nghệ TPHCM,7340101,Quản trị kinh doanh,C00,2025,15.0,,THPT
UMT,Trường Đại học Quản lý và công nghệ TPHCM,7340101,Quản trị kinh doanh,D01,2025,15.0,,THPT
UMT,Trường Đại học Quản lý và công nghệ TPHCM,7340101,Quản trị kinh doanh,D01,2025,15.0,,THPT
UMT,Trường Đại học Quản lý và công nghệ TPHCM,7340115,Marketing,A00,2025,15.0,,THPT
UMT,Trường Đại học Quản lý và công nghệ TPHCM,7340115,Marketing,A00,2025,15.0,,THPT
UMT,Trường Đại học Quản lý và công nghệ TPHCM,7340115,Marketing,A01,2025,15.0,,THPT
UMT,Trường Đại học Quản lý và công nghệ TPHCM,7340115,Marketing,A01,2025,15.0,,THPT
UMT,Trường Đại học Quản lý và công nghệ TPHCM,7340115,Marketing,C00,2025,15.0,,THPT
UMT,Trường Đại học Quản lý và công nghệ TPHCM,7340115,Marketing,C00,2025,15.0,,THPT
UMT,Trường Đại học Quản lý và công nghệ TPHCM,7340115,Marketing,D01,2025,15.0,,THPT
UMT,Trường Đại học Quản lý và công nghệ TPHCM,7340115,Marketing,D01,2025,15.0,,THPT
UMT,Trường Đại học Quản lý và công nghệ TPHCM,7340116,Bất động sản,A00,2025,25.0,,THPT
UMT,Trường Đại học Quản lý và công nghệ TPHCM,7340116,Bất động sản,A00,2025,25.0,,THPT
UMT,Trường Đại học Quản lý và công nghệ TPHCM,7340116,Bất động sản,A01,2025,25.0,,THPT
UMT,Trường Đại học Quản lý và công nghệ TPHCM,7340116,Bất động sản,A01,2025,25.0,,THPT
UMT,Trường Đại học Quản lý và công nghệ TPHCM,7340116,Bất động sản,C00,2025,25.0,,THPT
UMT,Trường Đại học Quản lý và công nghệ TPHCM,7340116,Bất động sản,C00,2025,25.0,,THPT
UMT,Trường Đại học Quản lý và công nghệ TPHCM,7340116,Bất động sản,D01,2025,25.0,,THPT
UMT,Trường Đại học Quản lý và công nghệ TPHCM,7340116,Bất động sản,D01,2025,25.0,,THPT
UMT,Trường Đại học Quản lý và công nghệ TPHCM,7340120,Kinh doanh quốc tế,A00,2025,15.0,,THPT
UMT,Trường Đại học Quản lý và công nghệ TPHCM,7340120,Kinh doanh quốc tế,A00,2025,15.0,,THPT
UMT,Trường Đại học Quản lý và công nghệ TPHCM,7340120,Kinh doanh quốc tế,A01,2025,15.0,,THPT
UMT,Trường Đại học Quản lý và công nghệ TPHCM,7340120,Kinh doanh quốc tế,A01,2025,15.0,,THPT
UMT,Trường Đại học Quản lý và công nghệ TPHCM,7340120,Kinh doanh quốc tế,C00,2025,15.0,,THPT
UMT,Trường Đại học Quản lý và công nghệ TPHCM,7340120,Kinh doanh quốc tế,C00,2025,15.0,,THPT
UMT,Trường Đại học Quản lý và công nghệ TPHCM,7340120,Kinh doanh quốc tế,D01,2025,15.0,,THPT
UMT,Trường Đại học Quản lý và công nghệ TPHCM,7340120,Kinh doanh quốc tế,D01,2025,15.0,,THPT
UMT,Trường Đại học Quản lý và công nghệ TPHCM,7480201,Công nghệ thông tin,A00,2025,15.0,,THPT
UMT,Trường Đại học Quản lý và công nghệ TPHCM,7480201,Công nghệ thông tin,A00,2025,15.0,,THPT
UMT,Trường Đại học Quản lý và công nghệ TPHCM,7480201,Công nghệ thông tin,A01,2025,15.0,,THPT
UMT,Trường Đại học Quản lý và công nghệ TPHCM,7480201,Công nghệ thông tin,A01,2025,15.0,,THPT
UMT,Trường Đại học Quản lý và công nghệ TPHCM,7480201,Công nghệ thông tin,D01,2025,15.0,,THPT
UMT,Trường Đại học Quản lý và công nghệ TPHCM,7480201,Công nghệ thông tin,D01,2025,15.0,,THPT
UMT,Trường Đại học Quản lý và công nghệ TPHCM,7480201,Công nghệ thông tin,D07,2025,15.0,,THPT
UMT,Trường Đại học Quản lý và công nghệ TPHCM,7480201,Công nghệ thông tin,D07,2025,15.0,,THPT
UMT,Trường Đại học Quản lý và công nghệ TPHCM,7510605,Logistics và quản lý chuỗi cung ứng,A00,2025,0.0,,THPT
UMT,Trường Đại học Quản lý và công nghệ TPHCM,7510605,Logistics và Quản lý chuỗi cung ứng,A00,2025,15.0,,THPT
UMT,Trường Đại học Quản lý và công nghệ TPHCM,7510605,Logistics và quản lý chuỗi cung ứng,A01,2025,0.0,,THPT
UMT,Trường Đại học Quản lý và công nghệ TPHCM,7510605,Logistics và Quản lý chuỗi cung ứng,A01,2025,15.0,,THPT
UMT,Trường Đại học Quản lý và công nghệ TPHCM,7510605,Logistics và quản lý chuỗi cung ứng,C00,2025,0.0,,THPT
UMT,Trường Đại học Quản lý và công nghệ TPHCM,7510605,Logistics và Quản lý chuỗi cung ứng,C00,2025,15.0,,THPT
UMT,Trường Đại học Quản lý và công nghệ TPHCM,7510605,Logistics và quản lý chuỗi cung ứng,D01,2025,0.0,,THPT
UMT,Trường Đại học Quản lý và công nghệ TPHCM,7510605,Logistics và Quản lý chuỗi cung ứng,D01,2025,15.0,,THPT
UMT,Trường Đại học Quản lý và công nghệ TPHCM,7810301,Quản lý thể dục thể thao,A00,2025,15.0,,THPT
UMT,Trường Đại học Quản lý và công nghệ TPHCM,7810301,Quản lý thể dục thể thao,A00,2025,15.0,,THPT
UMT,Trường Đại học Quản lý và công nghệ TPHCM,7810301,Quản lý thể dục thể thao,A01,2025,15.0,,THPT
UMT,Trường Đại học Quản lý và công nghệ TPHCM,7810301,Quản lý thể dục thể thao,A01,2025,15.0,,THPT
UMT,Trường Đại học Quản lý và công nghệ TPHCM,7810301,Quản lý thể dục thể thao,C00,2025,15.0,,THPT
UMT,Trường Đại học Quản lý và công nghệ TPHCM,7810301,Quản lý thể dục thể thao,C00,2025,15.0,,THPT
UMT,Trường Đại học Quản lý và công nghệ TPHCM,7810301,Quản lý thể dục thể thao,D01,2025,15.0,,THPT
UMT,Trường Đại học Quản lý và công nghệ TPHCM,7810301,Quản lý thể dục thể thao,D01,2025,15.0,,THPT
VGU,Đại học Việt Đức,7310101,Kinh tế,A00,2025,19.0,,THPT
VGU,Trường Đại Học Việt Đức,7310101,Kinh tế học (BSE),A00,2025,19.0,,THPT
VGU,Trường Đại Học Việt Đức,7310101,Kinh tế học (BSE),A01,2025,19.0,,THPT
VGU,Đại học Việt Đức,7310101,Kinh tế,A01,2025,19.0,,THPT
VGU,Trường Đại Học Việt Đức,7310101,Kinh tế học (BSE),B00,2025,19.0,,THPT
VGU,Đại học Việt Đức,7310101,Kinh tế,B00,2025,19.0,,THPT
VGU,Đại học Việt Đức,7310101,Kinh tế,D01,2025,19.0,,THPT
VGU,Trường Đại Học Việt Đức,7310101,Kinh tế học (BSE),D07,2025,19.0,,THPT
VGU,Trường Đại Học Việt Đức,7310101,Kinh tế học (BSE),D08,2025,19.0,,THPT
VGU,Trường Đại Học Việt Đức,7310101,Kinh tế học (BSE),D08,2025,19.0,,THPT
VGU,Đại học Việt Đức,7310101,Kinh tế,D09,2025,19.0,,THPT
VGU,Đại học Việt Đức,7310101,Kinh tế,D10,2025,19.0,,THPT
VGU,Đại học Việt Đức,7340101,Quản trị Kinh doanh,A00,2025,20.0,,THPT
VGU,Trường Đại Học Việt Đức,7340101,Quản trị kinh doanh (BBA),A00,2025,20.0,,THPT
VGU,Trường Đại Học Việt Đức,7340101,Quản trị kinh doanh (BBA),A01,2025,20.0,,THPT
VGU,Đại học Việt Đức,7340101,Quản trị Kinh doanh,A01,2025,20.0,,THPT
VGU,Trường Đại Học Việt Đức,7340101,Quản trị kinh doanh (BBA),B00,2025,20.0,,THPT
VGU,Đại học Việt Đức,7340101,Quản trị Kinh doanh,B00,2025,20.0,,THPT
VGU,Đại học Việt Đức,7340101,Quản trị Kinh doanh,D01,2025,20.0,,THPT
VGU,Trường Đại Học Việt Đức,7340101,Quản trị kinh doanh (BBA),D07,2025,20.0,,THPT
VGU,Trường Đại Học Việt Đức,7340101,Quản trị kinh doanh (BBA),D08,2025,20.0,,THPT
VGU,Trường Đại Học Việt Đức,7340101,Quản trị kinh doanh (BBA),D08,2025,20.0,,THPT
VGU,Đại học Việt Đức,7340101,Quản trị Kinh doanh,D09,2025,20.0,,THPT
VGU,Đại học Việt Đức,7340101,Quản trị Kinh doanh,D10,2025,20.0,,THPT
VGU,Đại học Việt Đức,7340202,Tài chính và Kế toán (FA),A00,2025,20.0,,THPT
VGU,Trường Đại Học Việt Đức,7340202,Tài chính và Kế toán (BFA),A00,2025,20.0,,THPT
VGU,Trường Đại Học Việt Đức,7340202,Tài chính và Kế toán (BFA),A01,2025,20.0,,THPT
VGU,Đại học Việt Đức,7340202,Tài chính và Kế toán (FA),A01,2025,20.0,,THPT
VGU,Trường Đại Học Việt Đức,7340202,Tài chính và Kế toán (BFA),B00,2025,20.0,,THPT
VGU,Đại học Việt Đức,7340202,Tài chính và Kế toán (FA),B00,2025,20.0,,THPT
VGU,Đại học Việt Đức,7340202,Tài chính và Kế toán (FA),D01,2025,20.0,,THPT
VGU,Trường Đại Học Việt Đức,7340202,Tài chính và Kế toán (BFA),D07,2025,20.0,,THPT
VGU,Trường Đại Học Việt Đức,7340202,Tài chính và Kế toán (BFA),D08,2025,20.0,,THPT
VGU,Trường Đại Học Việt Đức,7340202,Tài chính và Kế toán (BFA),D08,2025,20.0,,THPT
VGU,Đại học Việt Đức,7340202,Tài chính và Kế toán (FA),D09,2025,20.0,,THPT
VGU,Đại học Việt Đức,7340202,Tài chính và Kế toán (FA),D10,2025,20.0,,THPT
VGU,Đại học Việt Đức,7480101,Khoa học máy tính,A00,2025,21.0,,THPT
VGU,Trường Đại Học Việt Đức,7480101,Khoa học máy tính (CSE),A00,2025,21.0,,THPT
VGU,Trường Đại Học Việt Đức,7480101,Khoa học máy tính (CSE),A01,2025,21.0,,THPT
VGU,Đại học Việt Đức,7480101,Khoa học máy tính,A01,2025,21.0,,THPT
VGU,Trường Đại Học Việt Đức,7480101,Khoa học máy tính (CSE),B00,2025,21.0,,THPT
VGU,Đại học Việt Đức,7480101,Khoa học máy tính,B00,2025,21.0,,THPT
VGU,Trường Đại Học Việt Đức,7480101,Khoa học máy tính (CSE),D01,2025,21.0,,THPT
VGU,Đại học Việt Đức,7480101,Khoa học máy tính,D01,2025,21.0,,THPT
VGU,Trường Đại Học Việt Đức,7480101,Khoa học máy tính (CSE),D07,2025,21.0,,THPT
VGU,Đại học Việt Đức,7480101,Khoa học máy tính,D07,2025,21.0,,THPT
VGU,Trường Đại Học Việt Đức,7480101,Khoa học máy tính (CSE),D08,2025,21.0,,THPT
VGU,Đại học Việt Đức,7480101,Khoa học máy tính,D10,2025,21.0,,THPT
VGU,Đại học Việt Đức,7510104,Công nghệ kỹ thuật giao thông (chuyên ngành Xây dựng cầu đường),A00,2025,19.0,,THPT
VGU,Trường Đại Học Việt Đức,7510104,Kỹ thuật Giao thông thông minh (SME),A00,2025,19.0,,THPT
VGU,Trường Đại Học Việt Đức,7510104,Kỹ thuật Giao thông thông minh (SME),A01,2025,19.0,,THPT
VGU,Đại học Việt Đức,7510104,Công nghệ kỹ thuật giao thông (chuyên ngành Xây dựng cầu đường),A01,2025,19.0,,THPT
VGU,Trường Đại Học Việt Đức,7510104,Kỹ thuật Giao thông thông minh (SME),D01,2025,19.0,,THPT
VGU,Đại học Việt Đức,7510104,Công nghệ kỹ thuật giao thông (chuyên ngành Xây dựng cầu đường),D01,2025,19.0,,THPT
VGU,Trường Đại Học Việt Đức,7510104,Kỹ thuật Giao thông thông minh (SME),D07,2025,19.0,,THPT
VGU,Đại học Việt Đức,7510104,Công nghệ kỹ thuật giao thông (chuyên ngành Xây dựng cầu đường),D07,2025,19.0,,THPT
VGU,Đại học Việt Đức,7510206,Công nghệ kỹ thuật nhiệt,A00,2025,19.0,,THPT
VGU,Trường Đại Học Việt Đức,7510206,Kỹ thuật quy trình sản xuất bền vững (SPE),A00,2025,19.0,,THPT
VGU,Trường Đại Học Việt Đức,7510206,Kỹ thuật quy trình sản xuất bền vững (SPE),A01,2025,19.0,,THPT
VGU,Đại học Việt Đức,7510206,Công nghệ kỹ thuật nhiệt,A01,2025,19.0,,THPT
VGU,Trường Đại Học Việt Đức,7510206,Kỹ thuật quy trình sản xuất bền vững (SPE),B00,2025,19.0,,THPT
VGU,Đại học Việt Đức,7510206,Công nghệ kỹ thuật nhiệt,B00,2025,19.0,,THPT
VGU,Trường Đại Học Việt Đức,7510206,Kỹ thuật quy trình sản xuất bền vững (SPE),D01,2025,19.0,,THPT
VGU,Đại học Việt Đức,7510206,Công nghệ kỹ thuật nhiệt,D01,2025,19.0,,THPT
VGU,Trường Đại Học Việt Đức,7510206,Kỹ thuật quy trình sản xuất bền vững (SPE),D07,2025,19.0,,THPT
VGU,Đại học Việt Đức,7510206,Công nghệ kỹ thuật nhiệt,D07,2025,19.0,,THPT
VGU,Trường Đại Học Việt Đức,7510206,Kỹ thuật quy trình sản xuất bền vững (SPE),D08,2025,19.0,,THPT
VGU,Đại học Việt Đức,7510206,Công nghệ kỹ thuật nhiệt,D10,2025,19.0,,THPT
VGU,Đại học Việt Đức,7520103,Kỹ thuật cơ khí,A00,2025,20.0,,THPT
VGU,Trường Đại Học Việt Đức,7520103,Kỹ thuật cơ khí (MEN),A00,2025,20.0,,THPT
VGU,Trường Đại Học Việt Đức,7520103,Kỹ thuật cơ khí (MEN),A01,2025,20.0,,THPT
VGU,Đại học Việt Đức,7520103,Kỹ thuật cơ khí,A01,2025,20.0,,THPT
VGU,Trường Đại Học Việt Đức,7520103,Kỹ thuật cơ khí (MEN),D07,2025,20.0,,THPT
VGU,Đại học Việt Đức,7520103,Kỹ thuật cơ khí,D07,2025,20.0,,THPT
VGU,Đại học Việt Đức,7520114,Kỹ thuật cơ điện tử,A00,2025,26.5,,THPT
VGU,Trường Đại Học Việt Đức,7520114,Kỹ thuật cơ điện tử (MEC),A00,2025,26.5,,THPT
VGU,Trường Đại Học Việt Đức,7520114,Kỹ thuật cơ điện tử (MEC),A01,2025,26.5,,THPT
VGU,Đại học Việt Đức,7520114,Kỹ thuật cơ điện tử,A01,2025,26.5,,THPT
VGU,Trường Đại Học Việt Đức,7520114,Kỹ thuật cơ điện tử (MEC),D07,2025,26.5,,THPT
VGU,Đại học Việt Đức,7520114,Kỹ thuật cơ điện tử,D07,2025,26.5,,THPT
VGU,Đại học Việt Đức,7520208,Công nghệ Internet vạn vật,A00,2025,20.0,,THPT
VGU,Trường Đại Học Việt Đức,7520208,Kỹ thuật điện và máy tính (ECE),A00,2025,20.0,,THPT
VGU,Trường Đại Học Việt Đức,7520208,Kỹ thuật điện và máy tính (ECE),A01,2025,20.0,,THPT
VGU,Đại học Việt Đức,7520208,Công nghệ Internet vạn vật,A01,2025,20.0,,THPT
VGU,Trường Đại Học Việt Đức,7520208,Kỹ thuật điện và máy tính (ECE),D07,2025,20.0,,THPT
VGU,Đại học Việt Đức,7520208,Công nghệ Internet vạn vật,D07,2025,20.0,,THPT
VGU,Đại học Việt Đức,7580101,Kiến trúc,A00,2025,20.0,,THPT
VGU,Trường Đại Học Việt Đức,7580101,Kiến trúc (ARC),A00,2025,20.0,,THPT
VGU,Trường Đại Học Việt Đức,7580101,Kiến trúc (ARC),A01,2025,20.0,,THPT
VGU,Đại học Việt Đức,7580101,Kiến trúc,A01,2025,20.0,,THPT
VGU,Đại học Việt Đức,7580201,Kỹ thuật xây dựng,A00,2025,18.0,,THPT
VGU,Trường Đại Học Việt Đức,7580201,Kỹ thuật và quản lý xây dựng (BCE),A00,2025,18.0,,THPT
VGU,Trường Đại Học Việt Đức,7580201,Kỹ thuật và quản lý xây dựng (BCE),A01,2025,18.0,,THPT
VGU,Đại học Việt Đức,7580201,Kỹ thuật xây dựng,A01,2025,18.0,,THPT
VGU,Trường Đại Học Việt Đức,7580201,Kỹ thuật và quản lý xây dựng (BCE),D01,2025,18.0,,THPT
VGU,Đại học Việt Đức,7580201,Kỹ thuật xây dựng,D01,2025,18.0,,THPT
VGU,Trường Đại Học Việt Đức,7580201,Kỹ thuật và quản lý xây dựng (BCE),D07,2025,18.0,,THPT
VGU,Đại học Việt Đức,7580201,Kỹ thuật xây dựng,D07,2025,18.0,,THPT
VHD,Trường Đại Học Công Nghiệp Việt - Hung,7310101,Kinh tế,C00,2025,16.0,,THPT
VHD,Đại Học Công Nghiệp Việt Hung,7310101,Kinh tế,C00,2025,16.0,,THPT
VHD,Trường Đại Học Công Nghiệp Việt - Hung,7310101,Kinh tế,D01,2025,16.0,,THPT
VHD,Đại Học Công Nghiệp Việt Hung,7310101,Kinh tế,D01,2025,16.0,,THPT
VHD,Trường Đại Học Công Nghiệp Việt - Hung,7310101,Kinh tế,D10,2025,16.0,,THPT
VHD,Đại Học Công Nghiệp Việt Hung,7310101,Kinh tế,D10,2025,16.0,,THPT
VHD,Trường Đại Học Công Nghiệp Việt - Hung,7310109,Kinh tế số,C00,2025,16.7,,THPT
VHD,Đại Học Công Nghiệp Việt Hung,7310109,Kinh tế số,C00,2025,16.7,,THPT
VHD,Trường Đại Học Công Nghiệp Việt - Hung,7310109,Kinh tế số,D01,2025,16.7,,THPT
VHD,Đại Học Công Nghiệp Việt Hung,7310109,Kinh tế số,D01,2025,16.7,,THPT
VHD,Trường Đại Học Công Nghiệp Việt - Hung,7310109,Kinh tế số,D10,2025,16.7,,THPT
VHD,Đại Học Công Nghiệp Việt Hung,7310109,Kinh tế số,D10,2025,16.7,,THPT
VHD,Trường Đại Học Công Nghiệp Việt - Hung,7340101,Quản trị kinh doanh,C00,2025,16.0,,THPT
VHD,Đại Học Công Nghiệp Việt Hung,7340101,Quản trị Kinh doanh,C00,2025,16.0,,THPT
VHD,Trường Đại Học Công Nghiệp Việt - Hung,7340101,Quản trị kinh doanh,D01,2025,16.0,,THPT
VHD,Đại Học Công Nghiệp Việt Hung,7340101,Quản trị Kinh doanh,D01,2025,16.0,,THPT
VHD,Trường Đại Học Công Nghiệp Việt - Hung,7340101,Quản trị kinh doanh,D10,2025,16.0,,THPT
VHD,Đại Học Công Nghiệp Việt Hung,7340101,Quản trị Kinh doanh,D10,2025,16.0,,THPT
VHD,Trường Đại Học Công Nghiệp Việt - Hung,7340115,Marketing,C00,2025,16.0,,THPT
VHD,Đại Học Công Nghiệp Việt Hung,7340115,Marketing,C00,2025,16.0,,THPT
VHD,Trường Đại Học Công Nghiệp Việt - Hung,7340115,Marketing,D01,2025,16.0,,THPT
VHD,Đại Học Công Nghiệp Việt Hung,7340115,Marketing,D01,2025,16.0,,THPT
VHD,Trường Đại Học Công Nghiệp Việt - Hung,7340115,Marketing,D10,2025,16.0,,THPT
VHD,Đại Học Công Nghiệp Việt Hung,7340115,Marketing,D10,2025,16.0,,THPT
VHD,Trường Đại Học Công Nghiệp Việt - Hung,7340201,Tài chính - Ngân hàng,C00,2025,16.1,,THPT
VHD,Đại Học Công Nghiệp Việt Hung,7340201,Tài chính – Ngân hàng,C00,2025,16.1,,THPT
VHD,Trường Đại Học Công Nghiệp Việt - Hung,7340201,Tài chính - Ngân hàng,D01,2025,16.1,,THPT
VHD,Đại Học Công Nghiệp Việt Hung,7340201,Tài chính – Ngân hàng,D01,2025,16.1,,THPT
VHD,Trường Đại Học Công Nghiệp Việt - Hung,7340201,Tài chính - Ngân hàng,D10,2025,16.1,,THPT
VHD,Đại Học Công Nghiệp Việt Hung,7340201,Tài chính – Ngân hàng,D10,2025,16.1,,THPT
VHD,Trường Đại Học Công Nghiệp Việt - Hung,7340205,Công nghệ tài chính,C00,2025,18.4,,THPT
VHD,Đại Học Công Nghiệp Việt Hung,7340205,Công nghệ tài chính,C00,2025,18.4,,THPT
VHD,Trường Đại Học Công Nghiệp Việt - Hung,7340205,Công nghệ tài chính,D01,2025,18.4,,THPT
VHD,Đại Học Công Nghiệp Việt Hung,7340205,Công nghệ tài chính,D01,2025,18.4,,THPT
VHD,Trường Đại Học Công Nghiệp Việt - Hung,7340205,Công nghệ tài chính,D10,2025,18.4,,THPT
VHD,Đại Học Công Nghiệp Việt Hung,7340205,Công nghệ tài chính,D10,2025,18.4,,THPT
VHD,Đại Học Công Nghiệp Việt Hung,7480101,Khoa học máy tính,A00,2025,16.6,,THPT
VHD,Trường Đại Học Công Nghiệp Việt - Hung,7480101,Khoa học máy tính,A00,2025,16.6,,THPT
VHD,Trường Đại Học Công Nghiệp Việt - Hung,7480101,Khoa học máy tính,A01,2025,16.6,,THPT
VHD,Đại Học Công Nghiệp Việt Hung,7480101,Khoa học máy tính,A01,2025,16.6,,THPT
VHD,Trường Đại Học Công Nghiệp Việt - Hung,7480101,Khoa học máy tính,D01,2025,16.6,,THPT
VHD,Đại Học Công Nghiệp Việt Hung,7480101,Khoa học máy tính,D01,2025,16.6,,THPT
VHD,Đại Học Công Nghiệp Việt Hung,7480201,Công nghệ thông tin,A00,2025,16.1,,THPT
VHD,Trường Đại Học Công Nghiệp Việt - Hung,7480201,Công nghệ thông tin,A00,2025,16.1,,THPT
VHD,Trường Đại Học Công Nghiệp Việt - Hung,7480201,Công nghệ thông tin,A01,2025,16.1,,THPT
VHD,Đại Học Công Nghiệp Việt Hung,7480201,Công nghệ thông tin,A01,2025,16.1,,THPT
VHD,Trường Đại Học Công Nghiệp Việt - Hung,7480201,Công nghệ thông tin,D01,2025,16.1,,THPT
VHD,Đại Học Công Nghiệp Việt Hung,7480201,Công nghệ thông tin,D01,2025,16.1,,THPT
VHD,Đại Học Công Nghiệp Việt Hung,7510103,Công nghệ kỹ thuật xây dựng (chuyên ngành Xây dựng dân dụng & Công nghiệp),A00,2025,16.3,,THPT
VHD,Trường Đại Học Công Nghiệp Việt - Hung,7510103,Công nghệ kỹ thuật xây dựng,A00,2025,16.3,,THPT
VHD,Trường Đại Học Công Nghiệp Việt - Hung,7510103,Công nghệ kỹ thuật xây dựng,A01,2025,16.3,,THPT
VHD,Đại Học Công Nghiệp Việt Hung,7510103,Công nghệ kỹ thuật xây dựng (chuyên ngành Xây dựng dân dụng & Công nghiệp),A01,2025,16.3,,THPT
VHD,Trường Đại Học Công Nghiệp Việt - Hung,7510103,Công nghệ kỹ thuật xây dựng,D01,2025,16.3,,THPT
VHD,Đại Học Công Nghiệp Việt Hung,7510103,Công nghệ kỹ thuật xây dựng (chuyên ngành Xây dựng dân dụng & Công nghiệp),D01,2025,16.3,,THPT
VHD,Đại Học Công Nghiệp Việt Hung,7510201,Công nghệ kỹ thuật cơ khí (chuyên ngành Cơ khí chế tạo),A00,2025,16.0,,THPT
VHD,Trường Đại Học Công Nghiệp Việt - Hung,7510201,Công nghệ kỹ thuật cơ khí,A00,2025,16.0,,THPT
VHD,Trường Đại Học Công Nghiệp Việt - Hung,7510201,Công nghệ kỹ thuật cơ khí,A01,2025,16.0,,THPT
VHD,Đại Học Công Nghiệp Việt Hung,7510201,Công nghệ kỹ thuật cơ khí (chuyên ngành Cơ khí chế tạo),A01,2025,16.0,,THPT
VHD,Trường Đại Học Công Nghiệp Việt - Hung,7510201,Công nghệ kỹ thuật cơ khí,D01,2025,16.0,,THPT
VHD,Đại Học Công Nghiệp Việt Hung,7510201,Công nghệ kỹ thuật cơ khí (chuyên ngành Cơ khí chế tạo),D01,2025,16.0,,THPT
VHD,Đại Học Công Nghiệp Việt Hung,7510205,Công nghệ kỹ thuật ô tô,A00,2025,16.0,,THPT
VHD,Trường Đại Học Công Nghiệp Việt - Hung,7510205,Công nghệ kỹ thuật ô tô,A00,2025,16.0,,THPT
VHD,Trường Đại Học Công Nghiệp Việt - Hung,7510205,Công nghệ kỹ thuật ô tô,A01,2025,16.0,,THPT
VHD,Đại Học Công Nghiệp Việt Hung,7510205,Công nghệ kỹ thuật ô tô,A01,2025,16.0,,THPT
VHD,Trường Đại Học Công Nghiệp Việt - Hung,7510205,Công nghệ kỹ thuật ô tô,D01,2025,16.0,,THPT
VHD,Đại Học Công Nghiệp Việt Hung,7510205,Công nghệ kỹ thuật ô tô,D01,2025,16.0,,THPT
VHD,Đại Học Công Nghiệp Việt Hung,7510301,"Công nghệ kỹ thuật điện, điện tử",A00,2025,16.0,,THPT
VHD,Trường Đại Học Công Nghiệp Việt - Hung,7510301,"Công nghệ kỹ thuật điện, điện tử",A00,2025,16.0,,THPT
VHD,Trường Đại Học Công Nghiệp Việt - Hung,7510301,"Công nghệ kỹ thuật điện, điện tử",A01,2025,16.0,,THPT
VHD,Đại Học Công Nghiệp Việt Hung,7510301,"Công nghệ kỹ thuật điện, điện tử",A01,2025,16.0,,THPT
VHD,Trường Đại Học Công Nghiệp Việt - Hung,7510301,"Công nghệ kỹ thuật điện, điện tử",D01,2025,16.0,,THPT
VHD,Đại Học Công Nghiệp Việt Hung,7510301,"Công nghệ kỹ thuật điện, điện tử",D01,2025,16.0,,THPT
VHD,Đại Học Công Nghiệp Việt Hung,7510302,Điện tử - viễn thông,A00,2025,16.1,,THPT
VHD,Trường Đại Học Công Nghiệp Việt - Hung,7510302,Công nghệ kỹ thuật điện tử viễn thông,A00,2025,16.1,,THPT
VHD,Trường Đại Học Công Nghiệp Việt - Hung,7510302,Công nghệ kỹ thuật điện tử viễn thông,A01,2025,16.1,,THPT
VHD,Đại Học Công Nghiệp Việt Hung,7510302,Điện tử - viễn thông,A01,2025,16.1,,THPT
VHD,Trường Đại Học Công Nghiệp Việt - Hung,7510302,Công nghệ kỹ thuật điện tử viễn thông,D01,2025,16.1,,THPT
VHD,Đại Học Công Nghiệp Việt Hung,7510302,Điện tử - viễn thông,D01,2025,16.1,,THPT
VHH,Đại học Văn hóa Hà Nội,7220201,Ngôn ngữ Anh,D01,2025,25.41,,THPT
VHH,Đại học Văn hóa Hà Nội,7220201,Ngôn ngữ Anh,D01,2025,24.91,,THPT
VHH,Trường Đại Học Văn Hóa Hà Nội,7220201,Ngôn ngữ Anh,D01,2025,25.41,,THPT
VHH,Đại học Văn hóa Hà Nội,7229040A,"Văn hóa học, chuyên ngành Văn hóa Việt Nam",C00,2025,26.73,,THPT
VHH,Trường Đại Học Văn Hóa Hà Nội,7229040A,Nghiên cứu văn hóa,C00,2025,26.73,,THPT
VHH,Trường Đại Học Văn Hóa Hà Nội,7229040A,Nghiên cứu văn hóa,C00,2025,26.73,,THPT
VHH,Trường Đại Học Văn Hóa Hà Nội,7229040A,Nghiên cứu văn hóa,D01,2025,26.73,,THPT
VHH,Đại học Văn hóa Hà Nội,7229040A,"Văn hóa học, chuyên ngành Văn hóa Việt Nam",D01,2025,24.73,,THPT
VHH,Đại học Văn hóa Hà Nội,7229040A,"Văn hóa học, chuyên ngành Văn hóa Việt Nam",D01,2025,26.73,,THPT
VHH,Đại học Văn hóa Hà Nội,7229040B,Văn hoá học - Văn hoá truyền thông,C00,2025,27.36,,THPT
VHH,Trường Đại Học Văn Hóa Hà Nội,7229040B,Văn hóa truyền thông,C00,2025,27.36,,THPT
VHH,Trường Đại Học Văn Hóa Hà Nội,7229040B,Văn hóa truyền thông,C00,2025,27.36,,THPT
VHH,Trường Đại Học Văn Hóa Hà Nội,7229040B,Văn hóa truyền thông,D01,2025,27.36,,THPT
VHH,Đại học Văn hóa Hà Nội,7229040B,Văn hoá học - Văn hoá truyền thông,D01,2025,25.36,,THPT
VHH,Đại học Văn hóa Hà Nội,7229040B,Văn hoá học - Văn hoá truyền thông,D01,2025,27.36,,THPT
VHH,Đại học Văn hóa Hà Nội,7229040C,"Văn hóa học, chuyên ngành Truyền thông Văn hóa",C00,2025,27.0,,THPT
VHH,Trường Đại Học Văn Hóa Hà Nội,7229040C,Văn hóa đối ngoại,C00,2025,27.0,,THPT
VHH,Trường Đại Học Văn Hóa Hà Nội,7229040C,Văn hóa đối ngoại,C00,2025,27.0,,THPT
VHH,Trường Đại Học Văn Hóa Hà Nội,7229040C,Văn hóa đối ngoại,D01,2025,27.0,,THPT
VHH,Đại học Văn hóa Hà Nội,7229040C,"Văn hóa học, chuyên ngành Truyền thông Văn hóa",D01,2025,25.0,,THPT
VHH,Đại học Văn hóa Hà Nội,7229040C,"Văn hóa học, chuyên ngành Truyền thông Văn hóa",D01,2025,27.0,,THPT
VHH,Đại học Văn hóa Hà Nội,7229042A,"Quản lý văn hóa, chuyên ngành (1) Quản lý hoạt động Văn hóa Xã hội",C00,2025,24.83,,THPT
VHH,Trường Đại Học Văn Hóa Hà Nội,7229042A,Phát triển công nghiệp văn hóa,C00,2025,24.83,,THPT
VHH,Trường Đại Học Văn Hóa Hà Nội,7229042A,Phát triển công nghiệp văn hóa,C00,2025,24.83,,THPT
VHH,Trường Đại Học Văn Hóa Hà Nội,7229042A,Phát triển công nghiệp văn hóa,D01,2025,24.83,,THPT
VHH,Đại học Văn hóa Hà Nội,7229042A,"Quản lý văn hóa, chuyên ngành (1) Quản lý hoạt động Văn hóa Xã hội",D01,2025,22.83,,THPT
VHH,Đại học Văn hóa Hà Nội,7229042A,"Quản lý văn hóa, chuyên ngành (1) Quản lý hoạt động Văn hóa Xã hội",D01,2025,24.83,,THPT
VHH,Đại học Văn hóa Hà Nội,7229042B,Quản lý nhà nước về gia đình,C00,2025,25.94,,THPT
VHH,Trường Đại Học Văn Hóa Hà Nội,7229042B,Quản lý di sản văn hóa,C00,2025,25.94,,THPT
VHH,Trường Đại Học Văn Hóa Hà Nội,7229042B,Quản lý di sản văn hóa,C00,2025,25.94,,THPT
VHH,Trường Đại Học Văn Hóa Hà Nội,7229042B,Quản lý di sản văn hóa,D01,2025,25.94,,THPT
VHH,Đại học Văn hóa Hà Nội,7229042B,Quản lý nhà nước về gia đình,D01,2025,25.94,,THPT
VHH,Đại học Văn hóa Hà Nội,7229042B,Quản lý nhà nước về gia đình,D01,2025,23.94,,THPT
VHH,Đại học Văn hóa Hà Nội,7229042C,Quản lý di sản văn hoá,C00,2025,27.21,,THPT
VHH,Trường Đại Học Văn Hóa Hà Nội,7229042C,Tổ chức hoạt động nghệ thuật,C00,2025,27.21,,THPT
VHH,Trường Đại Học Văn Hóa Hà Nội,7229042C,Tổ chức hoạt động nghệ thuật,C00,2025,27.21,,THPT
VHH,Trường Đại Học Văn Hóa Hà Nội,7229042C,Tổ chức hoạt động nghệ thuật,D01,2025,27.21,,THPT
VHH,Đại học Văn hóa Hà Nội,7229042C,Quản lý di sản văn hoá,D01,2025,27.21,,THPT
VHH,Đại học Văn hóa Hà Nội,7229042C,Quản lý di sản văn hoá,D01,2025,25.21,,THPT
VHH,Đại học Văn hóa Hà Nội,7229042D,Quản lý văn hoá - Biểu diễn nghệ thuật,C00,2025,27.55,,THPT
VHH,Trường Đại Học Văn Hóa Hà Nội,7229042D,Tổ chức sự kiện văn hóa,C00,2025,26.05,,THPT
VHH,Trường Đại Học Văn Hóa Hà Nội,7229042D,Tổ chức sự kiện văn hóa,C00,2025,26.05,,THPT
VHH,Trường Đại Học Văn Hóa Hà Nội,7229042D,Tổ chức sự kiện văn hóa,D01,2025,26.05,,THPT
VHH,Đại học Văn hóa Hà Nội,7229042D,Quản lý văn hoá - Biểu diễn nghệ thuật,D01,2025,27.55,,THPT
VHH,Đại học Văn hóa Hà Nội,7229042D,Quản lý văn hoá - Biểu diễn nghệ thuật,D01,2025,25.55,,THPT
VHH,Đại học Văn hóa Hà Nội,7320101,Báo chí,C00,2025,27.27,,THPT
VHH,Trường Đại Học Văn Hóa Hà Nội,7320101,Báo chí,C00,2025,25.77,,THPT
VHH,Trường Đại Học Văn Hóa Hà Nội,7320101,Báo chí,C00,2025,25.77,,THPT
VHH,Trường Đại Học Văn Hóa Hà Nội,7320101,Báo chí,D01,2025,25.77,,THPT
VHH,Đại học Văn hóa Hà Nội,7320101,Báo chí,D01,2025,27.27,,THPT
VHH,Đại học Văn hóa Hà Nội,7320101,Báo chí,D01,2025,25.27,,THPT
VHH,Đại học Văn hóa Hà Nội,7320201A,Thông tin thư viện - Quản trị thư viện,C00,2025,25.5,,THPT
VHH,Trường Đại Học Văn Hóa Hà Nội,7320201A,Quản trị thư viện,C00,2025,24.0,,THPT
VHH,Trường Đại Học Văn Hóa Hà Nội,7320201A,Quản trị thư viện,C00,2025,24.0,,THPT
VHH,Trường Đại Học Văn Hóa Hà Nội,7320201A,Quản trị thư viện,D01,2025,24.0,,THPT
VHH,Đại học Văn hóa Hà Nội,7320201A,Thông tin thư viện - Quản trị thư viện,D01,2025,23.5,,THPT
VHH,Đại học Văn hóa Hà Nội,7320201A,Thông tin thư viện - Quản trị thư viện,D01,2025,25.5,,THPT
VHH,Đại học Văn hóa Hà Nội,7320201B,Thông tin thư viện - Thư viện và thiết bị trường học,C00,2025,25.34,,THPT
VHH,Trường Đại Học Văn Hóa Hà Nội,7320201B,Thư viện và thiết bị trường học,C00,2025,23.84,,THPT
VHH,Trường Đại Học Văn Hóa Hà Nội,7320201B,Thư viện và thiết bị trường học,C00,2025,23.84,,THPT
VHH,Trường Đại Học Văn Hóa Hà Nội,7320201B,Thư viện và thiết bị trường học,D01,2025,23.84,,THPT
VHH,Đại học Văn hóa Hà Nội,7320201B,Thông tin thư viện - Thư viện và thiết bị trường học,D01,2025,23.34,,THPT
VHH,Đại học Văn hóa Hà Nội,7320201B,Thông tin thư viện - Thư viện và thiết bị trường học,D01,2025,25.34,,THPT
VHH,Đại học Văn hóa Hà Nội,7320205,Quản lý thông tin,C00,2025,26.27,,THPT
VHH,Trường Đại Học Văn Hóa Hà Nội,7320205,Quản lý thông tin,C00,2025,24.77,,THPT
VHH,Trường Đại Học Văn Hóa Hà Nội,7320205,Quản lý thông tin,C00,2025,24.77,,THPT
VHH,Trường Đại Học Văn Hóa Hà Nội,7320205,Quản lý thông tin,D01,2025,24.77,,THPT
VHH,Đại học Văn hóa Hà Nội,7320205,Quản lý thông tin,D01,2025,24.27,,THPT
VHH,Đại học Văn hóa Hà Nội,7320205,Quản lý thông tin,D01,2025,26.27,,THPT
VHH,Đại học Văn hóa Hà Nội,7320305,Bảo tàng học,C00,2025,25.2,,THPT
VHH,Trường Đại Học Văn Hóa Hà Nội,7320305,Bảo tàng học,C00,2025,23.7,,THPT
VHH,Trường Đại Học Văn Hóa Hà Nội,7320305,Bảo tàng học,C00,2025,23.7,,THPT
VHH,Trường Đại Học Văn Hóa Hà Nội,7320305,Bảo tàng học,D01,2025,23.7,,THPT
VHH,Đại học Văn hóa Hà Nội,7320305,Bảo tàng học,D01,2025,23.2,,THPT
VHH,Đại học Văn hóa Hà Nội,7320305,Bảo tàng học,D01,2025,25.2,,THPT
VHH,Đại học Văn hóa Hà Nội,7320402,Kinh doanh xuất bản phẩm,C00,2025,25.76,,THPT
VHH,Trường Đại Học Văn Hóa Hà Nội,7320402,Kinh doanh xuất bản phẩm,C00,2025,25.76,,THPT
VHH,Trường Đại Học Văn Hóa Hà Nội,7320402,Kinh doanh xuất bản phẩm,C00,2025,25.76,,THPT
VHH,Trường Đại Học Văn Hóa Hà Nội,7320402,Kinh doanh xuất bản phẩm,D01,2025,25.76,,THPT
VHH,Đại học Văn hóa Hà Nội,7320402,Kinh doanh xuất bản phẩm,D01,2025,23.76,,THPT
VHH,Đại học Văn hóa Hà Nội,7320402,Kinh doanh xuất bản phẩm,D01,2025,25.76,,THPT
VHH,Đại học Văn hóa Hà Nội,7380101,Ngành Luật,C00,2025,26.81,,THPT
VHH,Trường Đại Học Văn Hóa Hà Nội,7380101,Luật,C00,2025,26.81,,THPT
VHH,Trường Đại Học Văn Hóa Hà Nội,7380101,Luật,C00,2025,26.81,,THPT
VHH,Trường Đại Học Văn Hóa Hà Nội,7380101,Luật,D01,2025,26.81,,THPT
VHH,Đại học Văn hóa Hà Nội,7380101,Ngành Luật,D01,2025,26.81,,THPT
VHH,Đại học Văn hóa Hà Nội,7380101,Ngành Luật,D01,2025,24.81,,THPT
VHH,Đại học Văn hóa Hà Nội,7810101A,Du lịch - Văn hóa du lịch,C00,2025,26.83,,THPT
VHH,Trường Đại Học Văn Hóa Hà Nội,7810101A,Văn hóa du lịch,C00,2025,26.83,,THPT
VHH,Trường Đại Học Văn Hóa Hà Nội,7810101A,Văn hóa du lịch,C00,2025,26.83,,THPT
VHH,Trường Đại Học Văn Hóa Hà Nội,7810101A,Văn hóa du lịch,D01,2025,26.83,,THPT
VHH,Đại học Văn hóa Hà Nội,7810101A,Du lịch - Văn hóa du lịch,D01,2025,24.83,,THPT
VHH,Đại học Văn hóa Hà Nội,7810101A,Du lịch - Văn hóa du lịch,D01,2025,26.83,,THPT
VHH,Đại học Văn hóa Hà Nội,7810101B,"Du lịch - Lữ hành, Hướng dẫn du lịch",C00,2025,27.2,,THPT
VHH,Trường Đại Học Văn Hóa Hà Nội,7810101B,"Lữ hành, hướng dẫn du lịch",C00,2025,25.7,,THPT
VHH,Trường Đại Học Văn Hóa Hà Nội,7810101B,"Lữ hành, hướng dẫn du lịch",C00,2025,25.7,,THPT
VHH,Trường Đại Học Văn Hóa Hà Nội,7810101B,"Lữ hành, hướng dẫn du lịch",D01,2025,25.7,,THPT
VHH,Đại học Văn hóa Hà Nội,7810101B,"Du lịch - Lữ hành, Hướng dẫn du lịch",D01,2025,27.2,,THPT
VHH,Đại học Văn hóa Hà Nội,7810101B,"Du lịch - Lữ hành, Hướng dẫn du lịch",D01,2025,25.2,,THPT
VHH,Đại học Văn hóa Hà Nội,7810101C,Du lịch - Hướng dẫn du lịch quốc tế,D01,2025,22.8,,THPT
VHH,Đại học Văn hóa Hà Nội,7810101C,Du lịch - Hướng dẫn du lịch quốc tế,D01,2025,23.3,,THPT
VHH,Trường Đại Học Văn Hóa Hà Nội,7810101C,Hướng dẫn du lịch quốc tế,D01,2025,23.3,,THPT
VHH,Đại học Văn hóa Hà Nội,7810103A,"Quản trị dịch vụ du lịch và lữ hành, chuyên ngành Quản trị lữ hành",C00,2025,27.05,,THPT
VHH,Trường Đại Học Văn Hóa Hà Nội,7810103A,Quản trị kinh doanh du lịch,C00,2025,25.55,,THPT
VHH,Trường Đại Học Văn Hóa Hà Nội,7810103A,Quản trị kinh doanh du lịch,C00,2025,25.55,,THPT
VHH,Trường Đại Học Văn Hóa Hà Nội,7810103A,Quản trị kinh doanh du lịch,D01,2025,25.55,,THPT
VHH,Đại học Văn hóa Hà Nội,7810103A,"Quản trị dịch vụ du lịch và lữ hành, chuyên ngành Quản trị lữ hành",D01,2025,27.05,,THPT
VHH,Đại học Văn hóa Hà Nội,7810103A,"Quản trị dịch vụ du lịch và lữ hành, chuyên ngành Quản trị lữ hành",D01,2025,25.05,,THPT
VHH,Đại học Văn hóa Hà Nội,7810103B,"Quản trị dịch vụ du lịch và lữ hành, chuyên ngành Hướng dẫn du lịch",C00,2025,26.62,,THPT
VHH,Trường Đại Học Văn Hóa Hà Nội,7810103B,Quản trị du lịch cộng đồng,C00,2025,24.62,,THPT
VHH,Trường Đại Học Văn Hóa Hà Nội,7810103B,Quản trị du lịch cộng đồng,C00,2025,24.62,,THPT
VHH,Trường Đại Học Văn Hóa Hà Nội,7810103B,Quản trị du lịch cộng đồng,D01,2025,24.62,,THPT
VHH,Đại học Văn hóa Hà Nội,7810103B,"Quản trị dịch vụ du lịch và lữ hành, chuyên ngành Hướng dẫn du lịch",D01,2025,24.62,,THPT
VHH,Đại học Văn hóa Hà Nội,7810103B,"Quản trị dịch vụ du lịch và lữ hành, chuyên ngành Hướng dẫn du lịch",D01,2025,26.62,,THPT
VHS,Đại học Văn hoá TP HCM,7220112,Văn hoá các dân tộc thiểu số Việt Nam,C00,2025,24.5,,THPT
VHS,Trường Đại Học Văn Hóa TPHCM,7220112,Văn hóa các dân tộc thiểu số Việt Nam,C00,2025,24.5,,THPT
VHS,Trường Đại Học Văn Hóa TPHCM,7220112,Văn hóa các dân tộc thiểu số Việt Nam,D01,2025,24.5,,THPT
VHS,Đại học Văn hoá TP HCM,7220112,Văn hoá các dân tộc thiểu số Việt Nam,D01,2025,24.5,,THPT
VHS,Trường Đại Học Văn Hóa TPHCM,7220112,Văn hóa các dân tộc thiểu số Việt Nam,D10,2025,24.5,,THPT
VHS,Đại học Văn hoá TP HCM,7220112,Văn hoá các dân tộc thiểu số Việt Nam,D10,2025,24.5,,THPT
VHS,Đại học Văn hoá TP HCM,7229040A,"Văn hóa học, chuyên ngành Văn hóa Việt Nam",C00,2025,25.8,,THPT
VHS,Trường Đại Học Văn Hóa TPHCM,7229040A,"Văn hóa học, chuyên ngành Văn hóa Việt Nam",C00,2025,25.8,,THPT
VHS,Trường Đại Học Văn Hóa TPHCM,7229040A,"Văn hóa học, chuyên ngành Văn hóa Việt Nam",D01,2025,25.8,,THPT
VHS,Đại học Văn hoá TP HCM,7229040A,"Văn hóa học, chuyên ngành Văn hóa Việt Nam",D01,2025,25.8,,THPT
VHS,Đại học Văn hoá TP HCM,7229040B,Văn hoá học - Văn hoá truyền thông,C00,2025,25.95,,THPT
VHS,Trường Đại Học Văn Hóa TPHCM,7229040B,"Văn hóa học, chuyên ngành Công nghiệp Văn hóa",C00,2025,25.95,,THPT
VHS,Trường Đại Học Văn Hóa TPHCM,7229040B,"Văn hóa học, chuyên ngành Công nghiệp Văn hóa",D01,2025,25.95,,THPT
VHS,Đại học Văn hoá TP HCM,7229040B,Văn hoá học - Văn hoá truyền thông,D01,2025,25.95,,THPT
VHS,Đại học Văn hoá TP HCM,7229040C,"Văn hóa học, chuyên ngành Truyền thông Văn hóa",C00,2025,26.75,,THPT
VHS,Trường Đại Học Văn Hóa TPHCM,7229040C,"Văn hóa học, chuyên ngành Truyền thông Văn hóa",C00,2025,26.75,,THPT
VHS,Trường Đại Học Văn Hóa TPHCM,7229040C,"Văn hóa học, chuyên ngành Truyền thông Văn hóa",D01,2025,26.75,,THPT
VHS,Đại học Văn hoá TP HCM,7229040C,"Văn hóa học, chuyên ngành Truyền thông Văn hóa",D01,2025,26.75,,THPT
VHS,Đại học Văn hoá TP HCM,7229042A,"Quản lý văn hóa, chuyên ngành (1) Quản lý hoạt động Văn hóa Xã hội",C00,2025,25.95,,THPT
VHS,Trường Đại Học Văn Hóa TPHCM,7229042A,"Quản lý văn hóa, chuyên ngành Quản lý hoạt động văn hóa xã hội",C00,2025,25.95,,THPT
VHS,Trường Đại Học Văn Hóa TPHCM,7229042A,"Quản lý văn hóa, chuyên ngành Quản lý hoạt động văn hóa xã hội",D01,2025,25.95,,THPT
VHS,Đại học Văn hoá TP HCM,7229042A,"Quản lý văn hóa, chuyên ngành (1) Quản lý hoạt động Văn hóa Xã hội",D01,2025,25.95,,THPT
VHS,Đại học Văn hoá TP HCM,7229042D,Quản lý văn hoá - Biểu diễn nghệ thuật,C00,2025,26.55,,THPT
VHS,Trường Đại Học Văn Hóa TPHCM,7229042D,"Quản lý văn hóa, chuyên ngành Tổ chức sự kiện văn hóa, thể thao, du lịch",C00,2025,26.55,,THPT
VHS,Trường Đại Học Văn Hóa TPHCM,7229042D,"Quản lý văn hóa, chuyên ngành Tổ chức sự kiện văn hóa, thể thao, du lịch",D01,2025,26.55,,THPT
VHS,Đại học Văn hoá TP HCM,7229042D,Quản lý văn hoá - Biểu diễn nghệ thuật,D01,2025,26.55,,THPT
VHS,Đại học Văn hoá TP HCM,7229047A,"Di sản học, chuyên ngành Di sản và phát triển du lịch",C00,2025,24.8,,THPT
VHS,Trường Đại Học Văn Hóa TPHCM,7229047A,"Di sản học, chuyên ngành Di sản và phát triển du lịch",C00,2025,24.8,,THPT
VHS,Trường Đại Học Văn Hóa TPHCM,7229047A,"Di sản học, chuyên ngành Di sản và phát triển du lịch",D01,2025,24.8,,THPT
VHS,Đại học Văn hoá TP HCM,7229047A,"Di sản học, chuyên ngành Di sản và phát triển du lịch",D01,2025,24.8,,THPT
VHS,Đại học Văn hoá TP HCM,7229047B,"Di sản học, chuyên ngành Di sản và bảo tàng",C00,2025,25.0,,THPT
VHS,Trường Đại Học Văn Hóa TPHCM,7229047B,"Di sản học, chuyên ngành Di sản và bảo tàng",C00,2025,25.0,,THPT
VHS,Trường Đại Học Văn Hóa TPHCM,7229047B,"Di sản học, chuyên ngành Di sản và bảo tàng",D01,2025,25.0,,THPT
VHS,Đại học Văn hoá TP HCM,7229047B,"Di sản học, chuyên ngành Di sản và bảo tàng",D01,2025,25.0,,THPT
VHS,Đại học Văn hoá TP HCM,7320201,Thông tin - thư viện,C00,2025,24.8,,THPT
VHS,Trường Đại Học Văn Hóa TPHCM,7320201,Thông tin - Thư viện,C00,2025,24.8,,THPT
VHS,Trường Đại Học Văn Hóa TPHCM,7320201,Thông tin - Thư viện,D01,2025,24.8,,THPT
VHS,Đại học Văn hoá TP HCM,7320201,Thông tin - thư viện,D01,2025,24.8,,THPT
VHS,Trường Đại Học Văn Hóa TPHCM,7320201,Thông tin - Thư viện,D09,2025,24.8,,THPT
VHS,Đại học Văn hoá TP HCM,7320201,Thông tin - thư viện,D09,2025,24.8,,THPT
VHS,Đại học Văn hoá TP HCM,7320402,Kinh doanh xuất bản phẩm,C00,2025,24.95,,THPT
VHS,Trường Đại Học Văn Hóa TPHCM,7320402,Kinh doanh xuất bản phẩm,C00,2025,24.95,,THPT
VHS,Trường Đại Học Văn Hóa TPHCM,7320402,Kinh doanh xuất bản phẩm,D01,2025,24.95,,THPT
VHS,Đại học Văn hoá TP HCM,7320402,Kinh doanh xuất bản phẩm,D01,2025,24.95,,THPT
VHS,Trường Đại Học Văn Hóa TPHCM,7320402,Kinh doanh xuất bản phẩm,D10,2025,24.95,,THPT
VHS,Đại học Văn hoá TP HCM,7320402,Kinh doanh xuất bản phẩm,D10,2025,24.95,,THPT
VHS,Đại học Văn hoá TP HCM,7810101,Du lịch,C00,2025,26.0,,THPT
VHS,Trường Đại Học Văn Hóa TPHCM,7810101,Du lịch,C00,2025,26.0,,THPT
VHS,Trường Đại Học Văn Hóa TPHCM,7810101,Du lịch,D01,2025,26.0,,THPT
VHS,Đại học Văn hoá TP HCM,7810101,Du lịch,D01,2025,26.0,,THPT
VHS,Đại học Văn hoá TP HCM,7810103A,"Quản trị dịch vụ du lịch và lữ hành, chuyên ngành Quản trị lữ hành",C00,2025,26.05,,THPT
VHS,Trường Đại Học Văn Hóa TPHCM,7810103A,"Quản trị dịch vụ du lịch và lữ hành, chuyên ngành Quản trị lữ hành",C00,2025,26.05,,THPT
VHS,Trường Đại Học Văn Hóa TPHCM,7810103A,"Quản trị dịch vụ du lịch và lữ hành, chuyên ngành Quản trị lữ hành",D01,2025,26.05,,THPT
VHS,Đại học Văn hoá TP HCM,7810103A,"Quản trị dịch vụ du lịch và lữ hành, chuyên ngành Quản trị lữ hành",D01,2025,26.05,,THPT
VHS,Đại học Văn hoá TP HCM,7810103B,"Quản trị dịch vụ du lịch và lữ hành, chuyên ngành Hướng dẫn du lịch",C00,2025,25.85,,THPT
VHS,Trường Đại Học Văn Hóa TPHCM,7810103B,"Quản trị dịch vụ du lịch và lữ hành, chuyên ngành Hướng dẫn du lịch",C00,2025,25.85,,THPT
VHS,Trường Đại Học Văn Hóa TPHCM,7810103B,"Quản trị dịch vụ du lịch và lữ hành, chuyên ngành Hướng dẫn du lịch",D01,2025,25.85,,THPT
VHS,Đại học Văn hoá TP HCM,7810103B,"Quản trị dịch vụ du lịch và lữ hành, chuyên ngành Hướng dẫn du lịch",D01,2025,25.85,,THPT
VJU,Trường Đại học Việt Nhật - ĐHQG Hà Nội,7310601,Đổi mới và Phát triển toàn cầu – BGDI,A01,2025,20.5,,THPT
VJU,Trường Đại học Việt Nhật - ĐHQG Hà Nội,7310601,Đổi mới và Phát triển toàn cầu – BGDI,D01,2025,20.5,,THPT
VJU,Trường Đại học Việt Nhật - ĐHQG Hà Nội,7310601,Đổi mới và Phát triển toàn cầu – BGDI,D07,2025,20.5,,THPT
VJU,Trường Đại học Việt Nhật - ĐHQG Hà Nội,7310601,Đổi mới và Phát triển toàn cầu – BGDI,D08,2025,20.5,,THPT
VJU,Trường Đại học Việt Nhật - ĐHQG Hà Nội,7310601,Đổi mới và Phát triển toàn cầu – BGDI,D09,2025,20.5,,THPT
VJU,Trường Đại học Việt Nhật - ĐHQG Hà Nội,7310601,Đổi mới và Phát triển toàn cầu – BGDI,D10,2025,20.5,,THPT
VJU,Trường Đại học Việt Nhật - ĐHQG Hà Nội,7310613,Nhật Bản học – BJS,A01,2025,22.0,,THPT
VJU,Trường Đại học Việt Nhật - ĐHQG Hà Nội,7310613,Nhật Bản học – BJS,C00,2025,22.0,,THPT
VJU,Trường Đại học Việt Nhật - ĐHQG Hà Nội,7310613,Nhật Bản học – BJS,D01,2025,22.0,,THPT
VJU,Trường Đại học Việt Nhật - ĐHQG Hà Nội,7480204,Khoa học & Kỹ thuật máy tính – BCSE,A00,2025,20.75,,THPT
VJU,Trường Đại học Việt Nhật - ĐHQG Hà Nội,7480204,Khoa học & Kỹ thuật máy tính – BCSE,A01,2025,20.75,,THPT
VJU,Trường Đại học Việt Nhật - ĐHQG Hà Nội,7480204,Khoa học & Kỹ thuật máy tính – BCSE,D01,2025,20.75,,THPT
VJU,Trường Đại học Việt Nhật - ĐHQG Hà Nội,7480204,Khoa học & Kỹ thuật máy tính – BCSE,D07,2025,20.75,,THPT
VJU,Trường Đại học Việt Nhật - ĐHQG Hà Nội,7510301,Công nghệ kỹ thuật Chip bán dẫn – ESCT,A00,2025,21.0,,THPT
VJU,Trường Đại học Việt Nhật - ĐHQG Hà Nội,7510301,Công nghệ kỹ thuật Chip bán dẫn – ESCT,A01,2025,21.0,,THPT
VJU,Trường Đại học Việt Nhật - ĐHQG Hà Nội,7510301,Công nghệ kỹ thuật Chip bán dẫn – ESCT,D07,2025,21.0,,THPT
VJU,Trường Đại học Việt Nhật - ĐHQG Hà Nội,7520114,Cơ điện tử thông minh và sản xuất theo phương thức Nhật Bản – EMJM,A00,2025,20.5,,THPT
VJU,Trường Đại học Việt Nhật - ĐHQG Hà Nội,7520114,Cơ điện tử thông minh và sản xuất theo phương thức Nhật Bản – EMJM,A01,2025,20.5,,THPT
VJU,Trường Đại học Việt Nhật - ĐHQG Hà Nội,7520114,Cơ điện tử thông minh và sản xuất theo phương thức Nhật Bản – EMJM,D01,2025,20.5,,THPT
VJU,Trường Đại học Việt Nhật - ĐHQG Hà Nội,7520114,Cơ điện tử thông minh và sản xuất theo phương thức Nhật Bản – EMJM,D07,2025,20.5,,THPT
VJU,Trường Đại học Việt Nhật - ĐHQG Hà Nội,7520216,Điều khiển thông minh và Tự động hóa – BICA,A00,2025,20.0,,THPT
VJU,Trường Đại học Việt Nhật - ĐHQG Hà Nội,7520216,Điều khiển thông minh và Tự động hóa – BICA,A01,2025,20.0,,THPT
VJU,Trường Đại học Việt Nhật - ĐHQG Hà Nội,7520216,Điều khiển thông minh và Tự động hóa – BICA,D01,2025,20.0,,THPT
VJU,Trường Đại học Việt Nhật - ĐHQG Hà Nội,7520216,Điều khiển thông minh và Tự động hóa – BICA,D07,2025,20.0,,THPT
VJU,Trường Đại học Việt Nhật - ĐHQG Hà Nội,7540118\r\nQTD,Công nghệ Thực phẩm và sức khỏe – EFTH,A00,2025,20.0,,THPT
VJU,Trường Đại học Việt Nhật - ĐHQG Hà Nội,7540118\r\nQTD,Công nghệ Thực phẩm và sức khỏe – EFTH,A01,2025,20.0,,THPT
VJU,Trường Đại học Việt Nhật - ĐHQG Hà Nội,7540118\r\nQTD,Công nghệ Thực phẩm và sức khỏe – EFTH,B00,2025,20.0,,THPT
VJU,Trường Đại học Việt Nhật - ĐHQG Hà Nội,7540118\r\nQTD,Công nghệ Thực phẩm và sức khỏe – EFTH,D01,2025,20.0,,THPT
VJU,Trường Đại học Việt Nhật - ĐHQG Hà Nội,7540118\r\nQTD,Công nghệ Thực phẩm và sức khỏe – EFTH,D07,2025,20.0,,THPT
VJU,Trường Đại học Việt Nhật - ĐHQG Hà Nội,7540118\r\nQTD,Công nghệ Thực phẩm và sức khỏe – EFTH,D08,2025,20.0,,THPT
VJU,Trường Đại học Việt Nhật - ĐHQG Hà Nội,7580201,Kỹ thuật Xây dựng – ECE,A00,2025,20.0,,THPT
VJU,Trường Đại học Việt Nhật - ĐHQG Hà Nội,7580201,Kỹ thuật Xây dựng – ECE,A01,2025,20.0,,THPT
VJU,Trường Đại học Việt Nhật - ĐHQG Hà Nội,7580201,Kỹ thuật Xây dựng – ECE,D01,2025,20.0,,THPT
VJU,Trường Đại học Việt Nhật - ĐHQG Hà Nội,7580201,Kỹ thuật Xây dựng – ECE,D07,2025,20.0,,THPT
VJU,Trường Đại học Việt Nhật - ĐHQG Hà Nội,7620122\r\nQTD,Nông nghiệp thông minh và bền vững – ESAS,A00,2025,20.0,,THPT
VJU,Trường Đại học Việt Nhật - ĐHQG Hà Nội,7620122\r\nQTD,Nông nghiệp thông minh và bền vững – ESAS,A01,2025,20.0,,THPT
VJU,Trường Đại học Việt Nhật - ĐHQG Hà Nội,7620122\r\nQTD,Nông nghiệp thông minh và bền vững – ESAS,B00,2025,20.0,,THPT
VJU,Trường Đại học Việt Nhật - ĐHQG Hà Nội,7620122\r\nQTD,Nông nghiệp thông minh và bền vững – ESAS,D01,2025,20.0,,THPT
VJU,Trường Đại học Việt Nhật - ĐHQG Hà Nội,7620122\r\nQTD,Nông nghiệp thông minh và bền vững – ESAS,D07,2025,20.0,,THPT
VJU,Trường Đại học Việt Nhật - ĐHQG Hà Nội,7620122\r\nQTD,Nông nghiệp thông minh và bền vững – ESAS,D08,2025,20.0,,THPT
VJU,Trường Đại học Việt Nhật - ĐHQG Hà Nội,7620122\r\nQTD,Nông nghiệp thông minh và bền vững – ESAS,D10,2025,20.0,,THPT
VJU,Đại học Việt Nhật - Đại học Quốc gia Hà Nội,VJU1,Nhật Bản học,A01,2025,22.0,,THPT
VJU,Đại học Việt Nhật - Đại học Quốc gia Hà Nội,VJU1,Nhật Bản học,C00,2025,22.0,,THPT
VJU,Đại học Việt Nhật - Đại học Quốc gia Hà Nội,VJU1,Nhật Bản học,D01,2025,22.0,,THPT
VJU,Đại học Việt Nhật - Đại học Quốc gia Hà Nội,VJU2,Khoa học và Kĩ thuật máy tính,A00,2025,20.75,,THPT
VJU,Đại học Việt Nhật - Đại học Quốc gia Hà Nội,VJU2,Khoa học và Kĩ thuật máy tính,A01,2025,20.75,,THPT
VJU,Đại học Việt Nhật - Đại học Quốc gia Hà Nội,VJU2,Khoa học và Kĩ thuật máy tính,D01,2025,20.75,,THPT
VJU,Đại học Việt Nhật - Đại học Quốc gia Hà Nội,VJU2,Khoa học và Kĩ thuật máy tính,D07,2025,20.75,,THPT
VJU,Đại học Việt Nhật - Đại học Quốc gia Hà Nội,VJU3,Kỹ thuật cơ điện tử (Cơ điện tử thông minh và sản xuất theo phương thức Nhật Bản),A00,2025,20.5,,THPT
VJU,Đại học Việt Nhật - Đại học Quốc gia Hà Nội,VJU3,Kỹ thuật cơ điện tử (Cơ điện tử thông minh và sản xuất theo phương thức Nhật Bản),A01,2025,20.5,,THPT
VJU,Đại học Việt Nhật - Đại học Quốc gia Hà Nội,VJU3,Kỹ thuật cơ điện tử (Cơ điện tử thông minh và sản xuất theo phương thức Nhật Bản),D01,2025,20.5,,THPT
VJU,Đại học Việt Nhật - Đại học Quốc gia Hà Nội,VJU3,Kỹ thuật cơ điện tử (Cơ điện tử thông minh và sản xuất theo phương thức Nhật Bản),D07,2025,20.5,,THPT
VJU,Đại học Việt Nhật - Đại học Quốc gia Hà Nội,VJU4,Công nghệ thực phẩm và sưc khỏe,A00,2025,20.0,,THPT
VJU,Đại học Việt Nhật - Đại học Quốc gia Hà Nội,VJU4,Công nghệ thực phẩm và sưc khỏe,A01,2025,20.0,,THPT
VJU,Đại học Việt Nhật - Đại học Quốc gia Hà Nội,VJU4,Công nghệ thực phẩm và sưc khỏe,B00,2025,20.0,,THPT
VJU,Đại học Việt Nhật - Đại học Quốc gia Hà Nội,VJU4,Công nghệ thực phẩm và sưc khỏe,D01,2025,20.0,,THPT
VJU,Đại học Việt Nhật - Đại học Quốc gia Hà Nội,VJU4,Công nghệ thực phẩm và sưc khỏe,D07,2025,20.0,,THPT
VJU,Đại học Việt Nhật - Đại học Quốc gia Hà Nội,VJU5,Nông nghiệp thông minh và bền vững,A00,2025,20.0,,THPT
VJU,Đại học Việt Nhật - Đại học Quốc gia Hà Nội,VJU5,Nông nghiệp thông minh và bền vững,A01,2025,20.0,,THPT
VJU,Đại học Việt Nhật - Đại học Quốc gia Hà Nội,VJU5,Nông nghiệp thông minh và bền vững,B00,2025,20.0,,THPT
VJU,Đại học Việt Nhật - Đại học Quốc gia Hà Nội,VJU5,Nông nghiệp thông minh và bền vững,D01,2025,20.0,,THPT
VJU,Đại học Việt Nhật - Đại học Quốc gia Hà Nội,VJU5,Nông nghiệp thông minh và bền vững,D07,2025,20.0,,THPT
VJU,Đại học Việt Nhật - Đại học Quốc gia Hà Nội,VJU5,Nông nghiệp thông minh và bền vững,D08,2025,20.0,,THPT
VJU,Đại học Việt Nhật - Đại học Quốc gia Hà Nội,VJU5,Nông nghiệp thông minh và bền vững,D10,2025,20.0,,THPT
VJU,Đại học Việt Nhật - Đại học Quốc gia Hà Nội,VJU6,Kỹ thuật xây dựng,A00,2025,20.0,,THPT
VJU,Đại học Việt Nhật - Đại học Quốc gia Hà Nội,VJU6,Kỹ thuật xây dựng,A01,2025,20.0,,THPT
VJU,Đại học Việt Nhật - Đại học Quốc gia Hà Nội,VJU6,Kỹ thuật xây dựng,D01,2025,20.0,,THPT
VJU,Đại học Việt Nhật - Đại học Quốc gia Hà Nội,VJU6,Kỹ thuật xây dựng,D07,2025,20.0,,THPT
VJU,Đại học Việt Nhật - Đại học Quốc gia Hà Nội,VJU7,Đổi mới và Phát triển toàn cầu,A01,2025,20.5,,THPT
VJU,Đại học Việt Nhật - Đại học Quốc gia Hà Nội,VJU7,Đổi mới và Phát triển toàn cầu,D01,2025,20.5,,THPT
VJU,Đại học Việt Nhật - Đại học Quốc gia Hà Nội,VJU7,Đổi mới và Phát triển toàn cầu,D07,2025,20.5,,THPT
VJU,Đại học Việt Nhật - Đại học Quốc gia Hà Nội,VJU7,Đổi mới và Phát triển toàn cầu,D08,2025,20.5,,THPT
VJU,Đại học Việt Nhật - Đại học Quốc gia Hà Nội,VJU7,Đổi mới và Phát triển toàn cầu,D09,2025,20.5,,THPT
VJU,Đại học Việt Nhật - Đại học Quốc gia Hà Nội,VJU7,Đổi mới và Phát triển toàn cầu,D10,2025,20.5,,THPT
VJU,Đại học Việt Nhật - Đại học Quốc gia Hà Nội,VJU8,Công nghệ kỹ thuật Chip bán dẫn,A00,2025,21.0,,THPT
VJU,Đại học Việt Nhật - Đại học Quốc gia Hà Nội,VJU8,Công nghệ kỹ thuật Chip bán dẫn,A01,2025,21.0,,THPT
VJU,Đại học Việt Nhật - Đại học Quốc gia Hà Nội,VJU8,Công nghệ kỹ thuật Chip bán dẫn,D01,2025,21.0,,THPT
VJU,Đại học Việt Nhật - Đại học Quốc gia Hà Nội,VJU8,Công nghệ kỹ thuật Chip bán dẫn,D07,2025,21.0,,THPT
VJU,Đại học Việt Nhật - Đại học Quốc gia Hà Nội,VJU9,Điều khiển thông minh và Tự động hoá,A00,2025,20.0,,THPT
VJU,Đại học Việt Nhật - Đại học Quốc gia Hà Nội,VJU9,Điều khiển thông minh và Tự động hoá,A01,2025,20.0,,THPT
VJU,Đại học Việt Nhật - Đại học Quốc gia Hà Nội,VJU9,Điều khiển thông minh và Tự động hoá,D01,2025,20.0,,THPT
VJU,Đại học Việt Nhật - Đại học Quốc gia Hà Nội,VJU9,Điều khiển thông minh và Tự động hoá,D07,2025,20.0,,THPT
VKU,Đại học Công nghệ Thông tin và Truyền thông Việt - Hàn,7320106,Công nghệ truyền thông,A00,2025,21.0,,THPT
VKU,Trường Đại học Công nghệ Thông tin và Truyền thông Việt Hàn - Đại học Đà Nẵng,7320106,Công nghệ truyền thông (cử nhân),A00,2025,21.0,,THPT
VKU,Trường Đại học Công nghệ Thông tin và Truyền thông Việt Hàn - Đại học Đà Nẵng,7320106,Công nghệ truyền thông (cử nhân),A01,2025,21.0,,THPT
VKU,Đại học Công nghệ Thông tin và Truyền thông Việt - Hàn,7320106,Công nghệ truyền thông,A01,2025,21.0,,THPT
VKU,Trường Đại học Công nghệ Thông tin và Truyền thông Việt Hàn - Đại học Đà Nẵng,7320106,Công nghệ truyền thông (cử nhân),D01,2025,21.0,,THPT
VKU,Đại học Công nghệ Thông tin và Truyền thông Việt - Hàn,7320106,Công nghệ truyền thông,D01,2025,21.0,,THPT
VKU,Đại học Công nghệ Thông tin và Truyền thông Việt - Hàn,7320106,Công nghệ truyền thông,D07,2025,21.0,,THPT
VKU,Đại học Công nghệ Thông tin và Truyền thông Việt - Hàn,7320106DA,Công nghệ truyền thông - Chuyên ngành Thiết kế Mỹ thuật số (cử nhân),A00,2025,21.0,,THPT
VKU,Trường Đại học Công nghệ Thông tin và Truyền thông Việt Hàn - Đại học Đà Nẵng,7320106DA,Chuyên ngành Thiết kế Mỹ thuật số (cử nhân),A00,2025,21.0,,THPT
VKU,Trường Đại học Công nghệ Thông tin và Truyền thông Việt Hàn - Đại học Đà Nẵng,7320106DA,Chuyên ngành Thiết kế Mỹ thuật số (cử nhân),A01,2025,21.0,,THPT
VKU,Đại học Công nghệ Thông tin và Truyền thông Việt - Hàn,7320106DA,Công nghệ truyền thông - Chuyên ngành Thiết kế Mỹ thuật số (cử nhân),A01,2025,21.0,,THPT
VKU,Trường Đại học Công nghệ Thông tin và Truyền thông Việt Hàn - Đại học Đà Nẵng,7320106DA,Chuyên ngành Thiết kế Mỹ thuật số (cử nhân),D01,2025,21.0,,THPT
VKU,Đại học Công nghệ Thông tin và Truyền thông Việt - Hàn,7320106DA,Công nghệ truyền thông - Chuyên ngành Thiết kế Mỹ thuật số (cử nhân),D01,2025,21.0,,THPT
VKU,Đại học Công nghệ Thông tin và Truyền thông Việt - Hàn,7320106DA,Công nghệ truyền thông - Chuyên ngành Thiết kế Mỹ thuật số (cử nhân),D07,2025,21.0,,THPT
VKU,Đại học Công nghệ Thông tin và Truyền thông Việt - Hàn,7340101,Quản trị Kinh doanh,A00,2025,22.0,,THPT
VKU,Trường Đại học Công nghệ Thông tin và Truyền thông Việt Hàn - Đại học Đà Nẵng,7340101,Quản trị kinh doanh,A00,2025,22.0,,THPT
VKU,Trường Đại học Công nghệ Thông tin và Truyền thông Việt Hàn - Đại học Đà Nẵng,7340101,Quản trị kinh doanh,A01,2025,22.0,,THPT
VKU,Đại học Công nghệ Thông tin và Truyền thông Việt - Hàn,7340101,Quản trị Kinh doanh,A01,2025,22.0,,THPT
VKU,Trường Đại học Công nghệ Thông tin và Truyền thông Việt Hàn - Đại học Đà Nẵng,7340101,Quản trị kinh doanh,D01,2025,22.0,,THPT
VKU,Đại học Công nghệ Thông tin và Truyền thông Việt - Hàn,7340101,Quản trị Kinh doanh,D01,2025,22.0,,THPT
VKU,Đại học Công nghệ Thông tin và Truyền thông Việt - Hàn,7340101EL,Quản trị kinh doanh (chuyên ngành Quản trị Logistics và chuỗi cung ứng số),A00,2025,23.5,,THPT
VKU,Trường Đại học Công nghệ Thông tin và Truyền thông Việt Hàn - Đại học Đà Nẵng,7340101EL,Chuyên ngành Quản trị Logistics và chuỗi cung ứng số,A00,2025,23.5,,THPT
VKU,Trường Đại học Công nghệ Thông tin và Truyền thông Việt Hàn - Đại học Đà Nẵng,7340101EL,Chuyên ngành Quản trị Logistics và chuỗi cung ứng số,A01,2025,23.5,,THPT
VKU,Đại học Công nghệ Thông tin và Truyền thông Việt - Hàn,7340101EL,Quản trị kinh doanh (chuyên ngành Quản trị Logistics và chuỗi cung ứng số),A01,2025,23.5,,THPT
VKU,Trường Đại học Công nghệ Thông tin và Truyền thông Việt Hàn - Đại học Đà Nẵng,7340101EL,Chuyên ngành Quản trị Logistics và chuỗi cung ứng số,D01,2025,23.5,,THPT
VKU,Đại học Công nghệ Thông tin và Truyền thông Việt - Hàn,7340101EL,Quản trị kinh doanh (chuyên ngành Quản trị Logistics và chuỗi cung ứng số),D01,2025,23.5,,THPT
VKU,Đại học Công nghệ Thông tin và Truyền thông Việt - Hàn,7340101ET,Quản trị kinh doanh (chuyên ngành Quản trị dịch vụ du lịch và lữ hành số),A00,2025,23.0,,THPT
VKU,Trường Đại học Công nghệ Thông tin và Truyền thông Việt Hàn - Đại học Đà Nẵng,7340101ET,Chuyên ngành Quản trị dịch vụ du lịch và lữ hành số,A00,2025,23.0,,THPT
VKU,Trường Đại học Công nghệ Thông tin và Truyền thông Việt Hàn - Đại học Đà Nẵng,7340101ET,Chuyên ngành Quản trị dịch vụ du lịch và lữ hành số,A01,2025,23.0,,THPT
VKU,Đại học Công nghệ Thông tin và Truyền thông Việt - Hàn,7340101ET,Quản trị kinh doanh (chuyên ngành Quản trị dịch vụ du lịch và lữ hành số),A01,2025,23.0,,THPT
VKU,Trường Đại học Công nghệ Thông tin và Truyền thông Việt Hàn - Đại học Đà Nẵng,7340101ET,Chuyên ngành Quản trị dịch vụ du lịch và lữ hành số,D01,2025,23.0,,THPT
VKU,Đại học Công nghệ Thông tin và Truyền thông Việt - Hàn,7340101ET,Quản trị kinh doanh (chuyên ngành Quản trị dịch vụ du lịch và lữ hành số),D01,2025,23.0,,THPT
VKU,Đại học Công nghệ Thông tin và Truyền thông Việt - Hàn,7340101IM,Quản trị kinh doanh - Chuyên ngành Quản trị dự án Công nghệ thông tin,A00,2025,20.0,,THPT
VKU,Trường Đại học Công nghệ Thông tin và Truyền thông Việt Hàn - Đại học Đà Nẵng,7340101IM,Chuyên ngành Quản trị dự án Công nghệ thông tin,A00,2025,20.0,,THPT
VKU,Trường Đại học Công nghệ Thông tin và Truyền thông Việt Hàn - Đại học Đà Nẵng,7340101IM,Chuyên ngành Quản trị dự án Công nghệ thông tin,A01,2025,20.0,,THPT
VKU,Đại học Công nghệ Thông tin và Truyền thông Việt - Hàn,7340101IM,Quản trị kinh doanh - Chuyên ngành Quản trị dự án Công nghệ thông tin,A01,2025,20.0,,THPT
VKU,Trường Đại học Công nghệ Thông tin và Truyền thông Việt Hàn - Đại học Đà Nẵng,7340101IM,Chuyên ngành Quản trị dự án Công nghệ thông tin,D01,2025,20.0,,THPT
VKU,Đại học Công nghệ Thông tin và Truyền thông Việt - Hàn,7340101IM,Quản trị kinh doanh - Chuyên ngành Quản trị dự án Công nghệ thông tin,D01,2025,20.0,,THPT
VKU,Đại học Công nghệ Thông tin và Truyền thông Việt - Hàn,7340115,Marketing,A00,2025,23.25,,THPT
VKU,Trường Đại học Công nghệ Thông tin và Truyền thông Việt Hàn - Đại học Đà Nẵng,7340115,Marketing,A00,2025,23.25,,THPT
VKU,Trường Đại học Công nghệ Thông tin và Truyền thông Việt Hàn - Đại học Đà Nẵng,7340115,Marketing,A01,2025,23.25,,THPT
VKU,Đại học Công nghệ Thông tin và Truyền thông Việt - Hàn,7340115,Marketing,A01,2025,23.25,,THPT
VKU,Trường Đại học Công nghệ Thông tin và Truyền thông Việt Hàn - Đại học Đà Nẵng,7340115,Marketing,D01,2025,23.25,,THPT
VKU,Đại học Công nghệ Thông tin và Truyền thông Việt - Hàn,7340115,Marketing,D01,2025,23.25,,THPT
VKU,Đại học Công nghệ Thông tin và Truyền thông Việt - Hàn,7340205,Công nghệ tài chính,A00,2025,22.0,,THPT
VKU,Trường Đại học Công nghệ Thông tin và Truyền thông Việt Hàn - Đại học Đà Nẵng,7340205,Công nghệ tài chính,A00,2025,22.0,,THPT
VKU,Trường Đại học Công nghệ Thông tin và Truyền thông Việt Hàn - Đại học Đà Nẵng,7340205,Công nghệ tài chính,A01,2025,22.0,,THPT
VKU,Đại học Công nghệ Thông tin và Truyền thông Việt - Hàn,7340205,Công nghệ tài chính,A01,2025,22.0,,THPT
VKU,Trường Đại học Công nghệ Thông tin và Truyền thông Việt Hàn - Đại học Đà Nẵng,7340205,Công nghệ tài chính,D01,2025,22.0,,THPT
VKU,Đại học Công nghệ Thông tin và Truyền thông Việt - Hàn,7340205,Công nghệ tài chính,D01,2025,22.0,,THPT
VKU,Đại học Công nghệ Thông tin và Truyền thông Việt - Hàn,7480107,Trí tuệ nhân tạo,A00,2025,21.0,,THPT
VKU,Trường Đại học Công nghệ Thông tin và Truyền thông Việt Hàn - Đại học Đà Nẵng,7480107,Trí tuệ nhân tạo (kỹ sư),A00,2025,21.0,,THPT
VKU,Trường Đại học Công nghệ Thông tin và Truyền thông Việt Hàn - Đại học Đà Nẵng,7480107,Trí tuệ nhân tạo (kỹ sư),A01,2025,21.0,,THPT
VKU,Đại học Công nghệ Thông tin và Truyền thông Việt - Hàn,7480107,Trí tuệ nhân tạo,A01,2025,21.0,,THPT
VKU,Trường Đại học Công nghệ Thông tin và Truyền thông Việt Hàn - Đại học Đà Nẵng,7480107,Trí tuệ nhân tạo (kỹ sư),D01,2025,21.0,,THPT
VKU,Đại học Công nghệ Thông tin và Truyền thông Việt - Hàn,7480107,Trí tuệ nhân tạo,D01,2025,21.0,,THPT
VKU,Trường Đại học Công nghệ Thông tin và Truyền thông Việt Hàn - Đại học Đà Nẵng,7480107,Trí tuệ nhân tạo (kỹ sư),D07,2025,21.0,,THPT
VKU,Đại học Công nghệ Thông tin và Truyền thông Việt - Hàn,7480107,Trí tuệ nhân tạo,D07,2025,21.0,,THPT
VKU,Đại học Công nghệ Thông tin và Truyền thông Việt - Hàn,7480107DA,CN Phân tích dữ liệu,A00,2025,21.0,,THPT
VKU,Trường Đại học Công nghệ Thông tin và Truyền thông Việt Hàn - Đại học Đà Nẵng,7480107DA,Chuyên ngành Phân tích dữ liệu (kỹ sư),A00,2025,21.0,,THPT
VKU,Trường Đại học Công nghệ Thông tin và Truyền thông Việt Hàn - Đại học Đà Nẵng,7480107DA,Chuyên ngành Phân tích dữ liệu (kỹ sư),A01,2025,21.0,,THPT
VKU,Đại học Công nghệ Thông tin và Truyền thông Việt - Hàn,7480107DA,CN Phân tích dữ liệu,A01,2025,21.0,,THPT
VKU,Trường Đại học Công nghệ Thông tin và Truyền thông Việt Hàn - Đại học Đà Nẵng,7480107DA,Chuyên ngành Phân tích dữ liệu (kỹ sư),D01,2025,21.0,,THPT
VKU,Đại học Công nghệ Thông tin và Truyền thông Việt - Hàn,7480107DA,CN Phân tích dữ liệu,D01,2025,21.0,,THPT
VKU,Trường Đại học Công nghệ Thông tin và Truyền thông Việt Hàn - Đại học Đà Nẵng,7480107DA,Chuyên ngành Phân tích dữ liệu (kỹ sư),D07,2025,21.0,,THPT
VKU,Đại học Công nghệ Thông tin và Truyền thông Việt - Hàn,7480107DA,CN Phân tích dữ liệu,D07,2025,21.0,,THPT
VKU,Đại học Công nghệ Thông tin và Truyền thông Việt - Hàn,7480108,Công nghệ kỹ thuật máy tính,A00,2025,20.0,,THPT
VKU,Trường Đại học Công nghệ Thông tin và Truyền thông Việt Hàn - Đại học Đà Nẵng,7480108,Công nghệ kỹ thuật máy tính (kỹ sư),A00,2025,20.0,,THPT
VKU,Trường Đại học Công nghệ Thông tin và Truyền thông Việt Hàn - Đại học Đà Nẵng,7480108,Công nghệ kỹ thuật máy tính (kỹ sư),A01,2025,20.0,,THPT
VKU,Đại học Công nghệ Thông tin và Truyền thông Việt - Hàn,7480108,Công nghệ kỹ thuật máy tính,A01,2025,20.0,,THPT
VKU,Trường Đại học Công nghệ Thông tin và Truyền thông Việt Hàn - Đại học Đà Nẵng,7480108,Công nghệ kỹ thuật máy tính (kỹ sư),D01,2025,20.0,,THPT
VKU,Đại học Công nghệ Thông tin và Truyền thông Việt - Hàn,7480108,Công nghệ kỹ thuật máy tính,D01,2025,20.0,,THPT
VKU,Trường Đại học Công nghệ Thông tin và Truyền thông Việt Hàn - Đại học Đà Nẵng,7480108,Công nghệ kỹ thuật máy tính (kỹ sư),D07,2025,20.0,,THPT
VKU,Đại học Công nghệ Thông tin và Truyền thông Việt - Hàn,7480108,Công nghệ kỹ thuật máy tính,D07,2025,20.0,,THPT
VKU,Đại học Công nghệ Thông tin và Truyền thông Việt - Hàn,7480108AS,CN Kỹ thuật phần mềm ô tô,A00,2025,18.0,,THPT
VKU,Trường Đại học Công nghệ Thông tin và Truyền thông Việt Hàn - Đại học Đà Nẵng,7480108AS,Chuyên ngành Kỹ thuật phần mềm ô tô (kỹ sư),A00,2025,18.0,,THPT
VKU,Trường Đại học Công nghệ Thông tin và Truyền thông Việt Hàn - Đại học Đà Nẵng,7480108AS,Chuyên ngành Kỹ thuật phần mềm ô tô (kỹ sư),A01,2025,18.0,,THPT
VKU,Đại học Công nghệ Thông tin và Truyền thông Việt - Hàn,7480108AS,CN Kỹ thuật phần mềm ô tô,A01,2025,18.0,,THPT
VKU,Trường Đại học Công nghệ Thông tin và Truyền thông Việt Hàn - Đại học Đà Nẵng,7480108AS,Chuyên ngành Kỹ thuật phần mềm ô tô (kỹ sư),D01,2025,18.0,,THPT
VKU,Đại học Công nghệ Thông tin và Truyền thông Việt - Hàn,7480108AS,CN Kỹ thuật phần mềm ô tô,D01,2025,18.0,,THPT
VKU,Trường Đại học Công nghệ Thông tin và Truyền thông Việt Hàn - Đại học Đà Nẵng,7480108AS,Chuyên ngành Kỹ thuật phần mềm ô tô (kỹ sư),D07,2025,18.0,,THPT
VKU,Đại học Công nghệ Thông tin và Truyền thông Việt - Hàn,7480108AS,CN Kỹ thuật phần mềm ô tô,D07,2025,18.0,,THPT
VKU,Đại học Công nghệ Thông tin và Truyền thông Việt - Hàn,7480108B,Công nghệ kỹ thuật máy tính (cử nhân),A00,2025,18.0,,THPT
VKU,Trường Đại học Công nghệ Thông tin và Truyền thông Việt Hàn - Đại học Đà Nẵng,7480108B,Công nghệ kỹ thuật máy tính (cử nhân),A00,2025,18.0,,THPT
VKU,Trường Đại học Công nghệ Thông tin và Truyền thông Việt Hàn - Đại học Đà Nẵng,7480108B,Công nghệ kỹ thuật máy tính (cử nhân),A01,2025,18.0,,THPT
VKU,Đại học Công nghệ Thông tin và Truyền thông Việt - Hàn,7480108B,Công nghệ kỹ thuật máy tính (cử nhân),A01,2025,18.0,,THPT
VKU,Trường Đại học Công nghệ Thông tin và Truyền thông Việt Hàn - Đại học Đà Nẵng,7480108B,Công nghệ kỹ thuật máy tính (cử nhân),D01,2025,18.0,,THPT
VKU,Đại học Công nghệ Thông tin và Truyền thông Việt - Hàn,7480108B,Công nghệ kỹ thuật máy tính (cử nhân),D01,2025,18.0,,THPT
VKU,Trường Đại học Công nghệ Thông tin và Truyền thông Việt Hàn - Đại học Đà Nẵng,7480108B,Công nghệ kỹ thuật máy tính (cử nhân),D07,2025,18.0,,THPT
VKU,Đại học Công nghệ Thông tin và Truyền thông Việt - Hàn,7480108B,Công nghệ kỹ thuật máy tính (cử nhân),D07,2025,18.0,,THPT
VKU,Đại học Công nghệ Thông tin và Truyền thông Việt - Hàn,7480108IC,Công nghệ kỹ thuật máy tính – chuyên ngành Thiết kế vi mạch bán dẫn (kỹ sư),A00,2025,24.0,,THPT
VKU,Trường Đại học Công nghệ Thông tin và Truyền thông Việt Hàn - Đại học Đà Nẵng,7480108IC,Chuyên ngành Thiết kế vi mạch bán dẫn (kỹ sư),A00,2025,24.0,,THPT
VKU,Trường Đại học Công nghệ Thông tin và Truyền thông Việt Hàn - Đại học Đà Nẵng,7480108IC,Chuyên ngành Thiết kế vi mạch bán dẫn (kỹ sư),A01,2025,24.0,,THPT
VKU,Đại học Công nghệ Thông tin và Truyền thông Việt - Hàn,7480108IC,Công nghệ kỹ thuật máy tính – chuyên ngành Thiết kế vi mạch bán dẫn (kỹ sư),A01,2025,24.0,,THPT
VKU,Đại học Công nghệ Thông tin và Truyền thông Việt - Hàn,7480108IC,Công nghệ kỹ thuật máy tính – chuyên ngành Thiết kế vi mạch bán dẫn (kỹ sư),D01,2025,24.0,,THPT
VKU,Trường Đại học Công nghệ Thông tin và Truyền thông Việt Hàn - Đại học Đà Nẵng,7480108IC,Chuyên ngành Thiết kế vi mạch bán dẫn (kỹ sư),D07,2025,24.0,,THPT
VKU,Đại học Công nghệ Thông tin và Truyền thông Việt - Hàn,7480108IC,Công nghệ kỹ thuật máy tính – chuyên ngành Thiết kế vi mạch bán dẫn (kỹ sư),D07,2025,24.0,,THPT
VKU,Đại học Công nghệ Thông tin và Truyền thông Việt - Hàn,7480201,Công nghệ thông tin,A00,2025,20.0,,THPT
VKU,Trường Đại học Công nghệ Thông tin và Truyền thông Việt Hàn - Đại học Đà Nẵng,7480201,Công nghệ thông tin (kỹ sư),A00,2025,20.0,,THPT
VKU,Trường Đại học Công nghệ Thông tin và Truyền thông Việt Hàn - Đại học Đà Nẵng,7480201,Công nghệ thông tin (kỹ sư),A01,2025,20.0,,THPT
VKU,Đại học Công nghệ Thông tin và Truyền thông Việt - Hàn,7480201,Công nghệ thông tin,A01,2025,20.0,,THPT
VKU,Trường Đại học Công nghệ Thông tin và Truyền thông Việt Hàn - Đại học Đà Nẵng,7480201,Công nghệ thông tin (kỹ sư),D01,2025,20.0,,THPT
VKU,Đại học Công nghệ Thông tin và Truyền thông Việt - Hàn,7480201,Công nghệ thông tin,D01,2025,20.0,,THPT
VKU,Trường Đại học Công nghệ Thông tin và Truyền thông Việt Hàn - Đại học Đà Nẵng,7480201,Công nghệ thông tin (kỹ sư),D07,2025,20.0,,THPT
VKU,Đại học Công nghệ Thông tin và Truyền thông Việt - Hàn,7480201,Công nghệ thông tin,D07,2025,20.0,,THPT
VKU,Đại học Công nghệ Thông tin và Truyền thông Việt - Hàn,7480201B,Công nghệ thông tin,A00,2025,18.5,,THPT
VKU,Trường Đại học Công nghệ Thông tin và Truyền thông Việt Hàn - Đại học Đà Nẵng,7480201B,Công nghệ thông tin (cử nhân),A00,2025,18.5,,THPT
VKU,Trường Đại học Công nghệ Thông tin và Truyền thông Việt Hàn - Đại học Đà Nẵng,7480201B,Công nghệ thông tin (cử nhân),A01,2025,18.5,,THPT
VKU,Đại học Công nghệ Thông tin và Truyền thông Việt - Hàn,7480201B,Công nghệ thông tin,A01,2025,18.5,,THPT
VKU,Trường Đại học Công nghệ Thông tin và Truyền thông Việt Hàn - Đại học Đà Nẵng,7480201B,Công nghệ thông tin (cử nhân),D01,2025,18.5,,THPT
VKU,Đại học Công nghệ Thông tin và Truyền thông Việt - Hàn,7480201B,Công nghệ thông tin,D01,2025,18.5,,THPT
VKU,Trường Đại học Công nghệ Thông tin và Truyền thông Việt Hàn - Đại học Đà Nẵng,7480201B,Công nghệ thông tin (cử nhân),D07,2025,18.5,,THPT
VKU,Đại học Công nghệ Thông tin và Truyền thông Việt - Hàn,7480201B,Công nghệ thông tin,D07,2025,18.5,,THPT
VKU,Đại học Công nghệ Thông tin và Truyền thông Việt - Hàn,7480201DT,Công nghệ thông tin (đặc thù),A00,2025,18.5,,THPT
VKU,Trường Đại học Công nghệ Thông tin và Truyền thông Việt Hàn - Đại học Đà Nẵng,7480201DT,Công nghệ thông tin (cử nhân - Hợp tác doanh nghiệp),A00,2025,18.5,,THPT
VKU,Trường Đại học Công nghệ Thông tin và Truyền thông Việt Hàn - Đại học Đà Nẵng,7480201DT,Công nghệ thông tin (cử nhân - Hợp tác doanh nghiệp),A01,2025,18.5,,THPT
VKU,Đại học Công nghệ Thông tin và Truyền thông Việt - Hàn,7480201DT,Công nghệ thông tin (đặc thù),A01,2025,18.5,,THPT
VKU,Trường Đại học Công nghệ Thông tin và Truyền thông Việt Hàn - Đại học Đà Nẵng,7480201DT,Công nghệ thông tin (cử nhân - Hợp tác doanh nghiệp),D01,2025,18.5,,THPT
VKU,Đại học Công nghệ Thông tin và Truyền thông Việt - Hàn,7480201DT,Công nghệ thông tin (đặc thù),D01,2025,18.5,,THPT
VKU,Trường Đại học Công nghệ Thông tin và Truyền thông Việt Hàn - Đại học Đà Nẵng,7480201DT,Công nghệ thông tin (cử nhân - Hợp tác doanh nghiệp),D07,2025,18.5,,THPT
VKU,Đại học Công nghệ Thông tin và Truyền thông Việt - Hàn,7480201DT,Công nghệ thông tin (đặc thù),D07,2025,18.5,,THPT
VKU,Đại học Công nghệ Thông tin và Truyền thông Việt - Hàn,7480201GT,CN Công nghệ Game,A00,2025,19.0,,THPT
VKU,Trường Đại học Công nghệ Thông tin và Truyền thông Việt Hàn - Đại học Đà Nẵng,7480201GT,Chuyên ngành Công nghệ Game (kỹ sư),A00,2025,19.0,,THPT
VKU,Trường Đại học Công nghệ Thông tin và Truyền thông Việt Hàn - Đại học Đà Nẵng,7480201GT,Chuyên ngành Công nghệ Game (kỹ sư),A01,2025,19.0,,THPT
VKU,Đại học Công nghệ Thông tin và Truyền thông Việt - Hàn,7480201GT,CN Công nghệ Game,A01,2025,19.0,,THPT
VKU,Trường Đại học Công nghệ Thông tin và Truyền thông Việt Hàn - Đại học Đà Nẵng,7480201GT,Chuyên ngành Công nghệ Game (kỹ sư),D01,2025,19.0,,THPT
VKU,Đại học Công nghệ Thông tin và Truyền thông Việt - Hàn,7480201GT,CN Công nghệ Game,D01,2025,19.0,,THPT
VKU,Trường Đại học Công nghệ Thông tin và Truyền thông Việt Hàn - Đại học Đà Nẵng,7480201GT,Chuyên ngành Công nghệ Game (kỹ sư),D07,2025,19.0,,THPT
VKU,Đại học Công nghệ Thông tin và Truyền thông Việt - Hàn,7480201GT,CN Công nghệ Game,D07,2025,19.0,,THPT
VKU,Đại học Công nghệ Thông tin và Truyền thông Việt - Hàn,7480202,An toàn thông tin,A00,2025,19.0,,THPT
VKU,Trường Đại học Công nghệ Thông tin và Truyền thông Việt Hàn - Đại học Đà Nẵng,7480202,An toàn thông tin (kỹ sư),A00,2025,19.0,,THPT
VKU,Trường Đại học Công nghệ Thông tin và Truyền thông Việt Hàn - Đại học Đà Nẵng,7480202,An toàn thông tin (kỹ sư),A01,2025,19.0,,THPT
VKU,Đại học Công nghệ Thông tin và Truyền thông Việt - Hàn,7480202,An toàn thông tin,A01,2025,19.0,,THPT
VKU,Trường Đại học Công nghệ Thông tin và Truyền thông Việt Hàn - Đại học Đà Nẵng,7480202,An toàn thông tin (kỹ sư),D01,2025,19.0,,THPT
VKU,Đại học Công nghệ Thông tin và Truyền thông Việt - Hàn,7480202,An toàn thông tin,D01,2025,19.0,,THPT
VKU,Trường Đại học Công nghệ Thông tin và Truyền thông Việt Hàn - Đại học Đà Nẵng,7480202,An toàn thông tin (kỹ sư),D07,2025,19.0,,THPT
VKU,Đại học Công nghệ Thông tin và Truyền thông Việt - Hàn,7480202,An toàn thông tin,D07,2025,19.0,,THPT
VLU,Đại học Sư phạm Kỹ thuật Vĩnh Long,7140101,Giáo dục học,C00,2025,14.0,,THPT
VLU,Trường Đại Học Sư Phạm Kỹ Thuật Vĩnh Long,7140101,Giáo dục học,C00,2025,14.0,,THPT
VLU,Trường Đại Học Sư Phạm Kỹ Thuật Vĩnh Long,7140101,Giáo dục học,D01,2025,14.0,,THPT
VLU,Đại học Sư phạm Kỹ thuật Vĩnh Long,7140101,Giáo dục học,D01,2025,14.0,,THPT
VLU,Trường Đại Học Sư Phạm Kỹ Thuật Vĩnh Long,7140246,Sư phạm công nghệ,D01,2025,22.0,,THPT
VLU,Đại học Sư phạm Kỹ thuật Vĩnh Long,7140246,Sư phạm công nghệ,D01,2025,22.0,,THPT
VLU,Đại học Sư phạm Kỹ thuật Vĩnh Long,7220201,Ngôn ngữ Anh,D01,2025,14.0,,THPT
VLU,Trường Đại Học Sư Phạm Kỹ Thuật Vĩnh Long,7220201,Ngôn ngữ Anh,D01,2025,14.0,,THPT
VLU,Trường Đại Học Sư Phạm Kỹ Thuật Vĩnh Long,7220201,Ngôn ngữ Anh,D07,2025,14.0,,THPT
VLU,Đại học Sư phạm Kỹ thuật Vĩnh Long,7220201,Ngôn ngữ Anh,D07,2025,14.0,,THPT
VLU,Trường Đại Học Sư Phạm Kỹ Thuật Vĩnh Long,7220201,Ngôn ngữ Anh,D09,2025,14.0,,THPT
VLU,Đại học Sư phạm Kỹ thuật Vĩnh Long,7220201,Ngôn ngữ Anh,D09,2025,14.0,,THPT
VLU,Trường Đại Học Sư Phạm Kỹ Thuật Vĩnh Long,7220201,Ngôn ngữ Anh,D10,2025,14.0,,THPT
VLU,Đại học Sư phạm Kỹ thuật Vĩnh Long,7220201,Ngôn ngữ Anh,D10,2025,14.0,,THPT
VLU,Đại học Sư phạm Kỹ thuật Vĩnh Long,7310101,Kinh tế,A01,2025,14.0,,THPT
VLU,Trường Đại Học Sư Phạm Kỹ Thuật Vĩnh Long,7310101,Kinh tế,A01,2025,14.0,,THPT
VLU,Trường Đại Học Sư Phạm Kỹ Thuật Vĩnh Long,7310101,Kinh tế,D01,2025,14.0,,THPT
VLU,Đại học Sư phạm Kỹ thuật Vĩnh Long,7310101,Kinh tế,D01,2025,14.0,,THPT
VLU,Trường Đại Học Sư Phạm Kỹ Thuật Vĩnh Long,7310101,Kinh tế,D10,2025,14.0,,THPT
VLU,Đại học Sư phạm Kỹ thuật Vĩnh Long,7310101,Kinh tế,D10,2025,14.0,,THPT
VLU,Trường Đại Học Sư Phạm Kỹ Thuật Vĩnh Long,7310201,Chính trị học,D01,2025,14.0,,THPT
VLU,Đại học Sư phạm Kỹ thuật Vĩnh Long,7310201,Chính trị học,D01,2025,14.0,,THPT
VLU,Trường Đại Học Sư Phạm Kỹ Thuật Vĩnh Long,7310201,Chính trị học,D09,2025,14.0,,THPT
VLU,Đại học Sư phạm Kỹ thuật Vĩnh Long,7310201,Chính trị học,D09,2025,14.0,,THPT
VLU,Đại học Sư phạm Kỹ thuật Vĩnh Long,7320104,Truyền thông đa phương tiện,A01,2025,14.0,,THPT
VLU,Trường Đại Học Sư Phạm Kỹ Thuật Vĩnh Long,7320104,Truyền thông đa phương tiện,A01,2025,14.0,,THPT
VLU,Trường Đại Học Sư Phạm Kỹ Thuật Vĩnh Long,7320104,Truyền thông đa phương tiện,D01,2025,14.0,,THPT
VLU,Đại học Sư phạm Kỹ thuật Vĩnh Long,7320104,Truyền thông đa phương tiện,D01,2025,14.0,,THPT
VLU,Đại học Sư phạm Kỹ thuật Vĩnh Long,7340122,Thương mại điện tử,A01,2025,14.0,,THPT
VLU,Trường Đại Học Sư Phạm Kỹ Thuật Vĩnh Long,7340122,Thương mại điện tử,A01,2025,14.0,,THPT
VLU,Trường Đại Học Sư Phạm Kỹ Thuật Vĩnh Long,7340122,Thương mại điện tử,D01,2025,14.0,,THPT
VLU,Đại học Sư phạm Kỹ thuật Vĩnh Long,7340122,Thương mại điện tử,D01,2025,14.0,,THPT
VLU,Trường Đại Học Sư Phạm Kỹ Thuật Vĩnh Long,7340122,Thương mại điện tử,D10,2025,14.0,,THPT
VLU,Đại học Sư phạm Kỹ thuật Vĩnh Long,7340122,Thương mại điện tử,D10,2025,14.0,,THPT
VLU,Trường Đại Học Sư Phạm Kỹ Thuật Vĩnh Long,7380101,Luật,C00,2025,18.0,,THPT
VLU,Đại học Sư phạm Kỹ thuật Vĩnh Long,7380101,Ngành Luật,C00,2025,18.0,,THPT
VLU,Trường Đại Học Sư Phạm Kỹ Thuật Vĩnh Long,7380101,Luật,D01,2025,18.0,,THPT
VLU,Đại học Sư phạm Kỹ thuật Vĩnh Long,7380101,Ngành Luật,D01,2025,18.0,,THPT
VLU,Đại học Sư phạm Kỹ thuật Vĩnh Long,7420201,Công nghệ sinh học,A00,2025,14.0,,THPT
VLU,Trường Đại Học Sư Phạm Kỹ Thuật Vĩnh Long,7420201,Công nghệ sinh học,A00,2025,14.0,,THPT
VLU,Trường Đại Học Sư Phạm Kỹ Thuật Vĩnh Long,7420201,Công nghệ sinh học,A01,2025,14.0,,THPT
VLU,Đại học Sư phạm Kỹ thuật Vĩnh Long,7420201,Công nghệ sinh học,A01,2025,14.0,,THPT
VLU,Trường Đại Học Sư Phạm Kỹ Thuật Vĩnh Long,7420201,Công nghệ sinh học,B00,2025,14.0,,THPT
VLU,Đại học Sư phạm Kỹ thuật Vĩnh Long,7420201,Công nghệ sinh học,B00,2025,14.0,,THPT
VLU,Đại học Sư phạm Kỹ thuật Vĩnh Long,7460108,Khoa học dữ liệu (Data Science),A00,2025,14.0,,THPT
VLU,Trường Đại Học Sư Phạm Kỹ Thuật Vĩnh Long,7460108,Khoa học dữ liệu,A00,2025,14.0,,THPT
VLU,Trường Đại Học Sư Phạm Kỹ Thuật Vĩnh Long,7460108,Khoa học dữ liệu,A01,2025,14.0,,THPT
VLU,Đại học Sư phạm Kỹ thuật Vĩnh Long,7460108,Khoa học dữ liệu (Data Science),A01,2025,14.0,,THPT
VLU,Trường Đại Học Sư Phạm Kỹ Thuật Vĩnh Long,7460108,Khoa học dữ liệu,D07,2025,14.0,,THPT
VLU,Đại học Sư phạm Kỹ thuật Vĩnh Long,7460108,Khoa học dữ liệu (Data Science),D07,2025,14.0,,THPT
VLU,Đại học Sư phạm Kỹ thuật Vĩnh Long,7480201,Công nghệ thông tin,A00,2025,14.0,,THPT
VLU,Trường Đại Học Sư Phạm Kỹ Thuật Vĩnh Long,7480201,Công nghệ thông tin,A00,2025,14.0,,THPT
VLU,Trường Đại Học Sư Phạm Kỹ Thuật Vĩnh Long,7480201,Công nghệ thông tin,A01,2025,14.0,,THPT
VLU,Đại học Sư phạm Kỹ thuật Vĩnh Long,7480201,Công nghệ thông tin,A01,2025,14.0,,THPT
VLU,Trường Đại Học Sư Phạm Kỹ Thuật Vĩnh Long,7480201,Công nghệ thông tin,D01,2025,14.0,,THPT
VLU,Đại học Sư phạm Kỹ thuật Vĩnh Long,7480201,Công nghệ thông tin,D01,2025,14.0,,THPT
VLU,Trường Đại Học Sư Phạm Kỹ Thuật Vĩnh Long,7480201,Công nghệ thông tin,D07,2025,14.0,,THPT
VLU,Đại học Sư phạm Kỹ thuật Vĩnh Long,7480201,Công nghệ thông tin,D07,2025,14.0,,THPT
VLU,Đại học Sư phạm Kỹ thuật Vĩnh Long,7510102,Công nghệ kỹ thuật xây dựng dân dụng và công nghiệp,A00,2025,14.0,,THPT
VLU,Trường Đại Học Sư Phạm Kỹ Thuật Vĩnh Long,7510102,Công nghệ kỹ thuật công trình xây dựng,A00,2025,14.0,,THPT
VLU,Trường Đại Học Sư Phạm Kỹ Thuật Vĩnh Long,7510102,Công nghệ kỹ thuật công trình xây dựng,A01,2025,14.0,,THPT
VLU,Đại học Sư phạm Kỹ thuật Vĩnh Long,7510102,Công nghệ kỹ thuật xây dựng dân dụng và công nghiệp,A01,2025,14.0,,THPT
VLU,Trường Đại Học Sư Phạm Kỹ Thuật Vĩnh Long,7510102,Công nghệ kỹ thuật công trình xây dựng,D01,2025,14.0,,THPT
VLU,Đại học Sư phạm Kỹ thuật Vĩnh Long,7510102,Công nghệ kỹ thuật xây dựng dân dụng và công nghiệp,D01,2025,14.0,,THPT
VLU,Đại học Sư phạm Kỹ thuật Vĩnh Long,7510201,Công nghệ kỹ thuật cơ khí (chuyên ngành Cơ khí chế tạo),A00,2025,14.0,,THPT
VLU,Trường Đại Học Sư Phạm Kỹ Thuật Vĩnh Long,7510201,Công nghệ kỹ thuật cơ khí,A00,2025,14.0,,THPT
VLU,Trường Đại Học Sư Phạm Kỹ Thuật Vĩnh Long,7510201,Công nghệ kỹ thuật cơ khí,A01,2025,14.0,,THPT
VLU,Đại học Sư phạm Kỹ thuật Vĩnh Long,7510201,Công nghệ kỹ thuật cơ khí (chuyên ngành Cơ khí chế tạo),A01,2025,14.0,,THPT
VLU,Trường Đại Học Sư Phạm Kỹ Thuật Vĩnh Long,7510201,Công nghệ kỹ thuật cơ khí,D01,2025,14.0,,THPT
VLU,Đại học Sư phạm Kỹ thuật Vĩnh Long,7510201,Công nghệ kỹ thuật cơ khí (chuyên ngành Cơ khí chế tạo),D01,2025,14.0,,THPT
VLU,Đại học Sư phạm Kỹ thuật Vĩnh Long,7510203,Công nghệ kỹ thuật cơ điện tử,A00,2025,14.0,,THPT
VLU,Trường Đại Học Sư Phạm Kỹ Thuật Vĩnh Long,7510203,Công nghệ kỹ thuật cơ điện tử,A00,2025,14.0,,THPT
VLU,Trường Đại Học Sư Phạm Kỹ Thuật Vĩnh Long,7510203,Công nghệ kỹ thuật cơ điện tử,A01,2025,14.0,,THPT
VLU,Đại học Sư phạm Kỹ thuật Vĩnh Long,7510203,Công nghệ kỹ thuật cơ điện tử,A01,2025,14.0,,THPT
VLU,Trường Đại Học Sư Phạm Kỹ Thuật Vĩnh Long,7510203,Công nghệ kỹ thuật cơ điện tử,D01,2025,14.0,,THPT
VLU,Đại học Sư phạm Kỹ thuật Vĩnh Long,7510203,Công nghệ kỹ thuật cơ điện tử,D01,2025,14.0,,THPT
VLU,Đại học Sư phạm Kỹ thuật Vĩnh Long,7510205,Công nghệ kỹ thuật ô tô,A00,2025,14.0,,THPT
VLU,Trường Đại Học Sư Phạm Kỹ Thuật Vĩnh Long,7510205,Công nghệ kỹ thuật ô tô,A00,2025,14.0,,THPT
VLU,Trường Đại Học Sư Phạm Kỹ Thuật Vĩnh Long,7510205,Công nghệ kỹ thuật ô tô,A01,2025,14.0,,THPT
VLU,Đại học Sư phạm Kỹ thuật Vĩnh Long,7510205,Công nghệ kỹ thuật ô tô,A01,2025,14.0,,THPT
VLU,Trường Đại Học Sư Phạm Kỹ Thuật Vĩnh Long,7510205,Công nghệ kỹ thuật ô tô,D01,2025,14.0,,THPT
VLU,Đại học Sư phạm Kỹ thuật Vĩnh Long,7510205,Công nghệ kỹ thuật ô tô,D01,2025,14.0,,THPT
VLU,Đại học Sư phạm Kỹ thuật Vĩnh Long,7510206,Công nghệ kỹ thuật nhiệt,A00,2025,14.0,,THPT
VLU,Trường Đại Học Sư Phạm Kỹ Thuật Vĩnh Long,7510206,Công nghệ kỹ thuật nhiệt (Điện lạnh),A00,2025,14.0,,THPT
VLU,Trường Đại Học Sư Phạm Kỹ Thuật Vĩnh Long,7510206,Công nghệ kỹ thuật nhiệt (Điện lạnh),A01,2025,14.0,,THPT
VLU,Đại học Sư phạm Kỹ thuật Vĩnh Long,7510206,Công nghệ kỹ thuật nhiệt,A01,2025,14.0,,THPT
VLU,Trường Đại Học Sư Phạm Kỹ Thuật Vĩnh Long,7510206,Công nghệ kỹ thuật nhiệt (Điện lạnh),D01,2025,14.0,,THPT
VLU,Đại học Sư phạm Kỹ thuật Vĩnh Long,7510206,Công nghệ kỹ thuật nhiệt,D01,2025,14.0,,THPT
VLU,Trường Đại Học Sư Phạm Kỹ Thuật Vĩnh Long,7510206,Công nghệ kỹ thuật nhiệt (Điện lạnh),D09,2025,14.0,,THPT
VLU,Đại học Sư phạm Kỹ thuật Vĩnh Long,7510206,Công nghệ kỹ thuật nhiệt,D09,2025,14.0,,THPT
VLU,Trường Đại Học Sư Phạm Kỹ Thuật Vĩnh Long,7510206,Công nghệ kỹ thuật nhiệt (Điện lạnh),D10,2025,14.0,,THPT
VLU,Đại học Sư phạm Kỹ thuật Vĩnh Long,7510206,Công nghệ kỹ thuật nhiệt,D10,2025,14.0,,THPT
VLU,Đại học Sư phạm Kỹ thuật Vĩnh Long,7510301,"Công nghệ kỹ thuật điện, điện tử",A00,2025,14.0,,THPT
VLU,Trường Đại Học Sư Phạm Kỹ Thuật Vĩnh Long,7510301,"Công nghệ kỹ thuật điện, điện tử",A00,2025,14.0,,THPT
VLU,Trường Đại Học Sư Phạm Kỹ Thuật Vĩnh Long,7510301,"Công nghệ kỹ thuật điện, điện tử",A01,2025,14.0,,THPT
VLU,Đại học Sư phạm Kỹ thuật Vĩnh Long,7510301,"Công nghệ kỹ thuật điện, điện tử",A01,2025,14.0,,THPT
VLU,Trường Đại Học Sư Phạm Kỹ Thuật Vĩnh Long,7510301,"Công nghệ kỹ thuật điện, điện tử",D01,2025,14.0,,THPT
VLU,Đại học Sư phạm Kỹ thuật Vĩnh Long,7510301,"Công nghệ kỹ thuật điện, điện tử",D01,2025,14.0,,THPT
VLU,Trường Đại Học Sư Phạm Kỹ Thuật Vĩnh Long,7510301,"Công nghệ kỹ thuật điện, điện tử",D09,2025,14.0,,THPT
VLU,Đại học Sư phạm Kỹ thuật Vĩnh Long,7510301,"Công nghệ kỹ thuật điện, điện tử",D09,2025,14.0,,THPT
VLU,Trường Đại Học Sư Phạm Kỹ Thuật Vĩnh Long,7510301,"Công nghệ kỹ thuật điện, điện tử",D10,2025,14.0,,THPT
VLU,Đại học Sư phạm Kỹ thuật Vĩnh Long,7510301,"Công nghệ kỹ thuật điện, điện tử",D10,2025,14.0,,THPT
VLU,Đại học Sư phạm Kỹ thuật Vĩnh Long,7510303,Công nghệ kỹ thuật điều khiển và tự động hóa,A00,2025,14.0,,THPT
VLU,Trường Đại Học Sư Phạm Kỹ Thuật Vĩnh Long,7510303,Công nghệ kỹ thuật điều khiển và tự động hóa,A00,2025,14.0,,THPT
VLU,Trường Đại Học Sư Phạm Kỹ Thuật Vĩnh Long,7510303,Công nghệ kỹ thuật điều khiển và tự động hóa,A01,2025,14.0,,THPT
VLU,Đại học Sư phạm Kỹ thuật Vĩnh Long,7510303,Công nghệ kỹ thuật điều khiển và tự động hóa,A01,2025,14.0,,THPT
VLU,Trường Đại Học Sư Phạm Kỹ Thuật Vĩnh Long,7510303,Công nghệ kỹ thuật điều khiển và tự động hóa,D01,2025,14.0,,THPT
VLU,Đại học Sư phạm Kỹ thuật Vĩnh Long,7510303,Công nghệ kỹ thuật điều khiển và tự động hóa,D01,2025,14.0,,THPT
VLU,Trường Đại Học Sư Phạm Kỹ Thuật Vĩnh Long,7510303,Công nghệ kỹ thuật điều khiển và tự động hóa,D09,2025,14.0,,THPT
VLU,Đại học Sư phạm Kỹ thuật Vĩnh Long,7510303,Công nghệ kỹ thuật điều khiển và tự động hóa,D09,2025,14.0,,THPT
VLU,Trường Đại Học Sư Phạm Kỹ Thuật Vĩnh Long,7510303,Công nghệ kỹ thuật điều khiển và tự động hóa,D10,2025,14.0,,THPT
VLU,Đại học Sư phạm Kỹ thuật Vĩnh Long,7510303,Công nghệ kỹ thuật điều khiển và tự động hóa,D10,2025,14.0,,THPT
VLU,Đại học Sư phạm Kỹ thuật Vĩnh Long,7510605,Logistics và Quản lý chuỗi cung ứng,A00,2025,14.0,,THPT
VLU,Trường Đại Học Sư Phạm Kỹ Thuật Vĩnh Long,7510605,Logistics và Quản lý chuỗi cung ứng,A00,2025,14.0,,THPT
VLU,Trường Đại Học Sư Phạm Kỹ Thuật Vĩnh Long,7510605,Logistics và Quản lý chuỗi cung ứng,A01,2025,14.0,,THPT
VLU,Đại học Sư phạm Kỹ thuật Vĩnh Long,7510605,Logistics và Quản lý chuỗi cung ứng,A01,2025,14.0,,THPT
VLU,Trường Đại Học Sư Phạm Kỹ Thuật Vĩnh Long,7510605,Logistics và Quản lý chuỗi cung ứng,D01,2025,14.0,,THPT
VLU,Đại học Sư phạm Kỹ thuật Vĩnh Long,7510605,Logistics và Quản lý chuỗi cung ứng,D01,2025,14.0,,THPT
VLU,Trường Đại Học Sư Phạm Kỹ Thuật Vĩnh Long,7510605,Logistics và Quản lý chuỗi cung ứng,D10,2025,14.0,,THPT
VLU,Đại học Sư phạm Kỹ thuật Vĩnh Long,7510605,Logistics và Quản lý chuỗi cung ứng,D10,2025,14.0,,THPT
VLU,Đại học Sư phạm Kỹ thuật Vĩnh Long,7520107,Kỹ thuật Robot,A00,2025,14.0,,THPT
VLU,Trường Đại Học Sư Phạm Kỹ Thuật Vĩnh Long,7520107,Kỹ thuật Robot,A00,2025,14.0,,THPT
VLU,Trường Đại Học Sư Phạm Kỹ Thuật Vĩnh Long,7520107,Kỹ thuật Robot,A01,2025,14.0,,THPT
VLU,Đại học Sư phạm Kỹ thuật Vĩnh Long,7520107,Kỹ thuật Robot,A01,2025,14.0,,THPT
VLU,Trường Đại Học Sư Phạm Kỹ Thuật Vĩnh Long,7520107,Kỹ thuật Robot,D01,2025,14.0,,THPT
VLU,Đại học Sư phạm Kỹ thuật Vĩnh Long,7520107,Kỹ thuật Robot,D01,2025,14.0,,THPT
VLU,Đại học Sư phạm Kỹ thuật Vĩnh Long,7520130,Kỹ thuật ô tô,A00,2025,14.0,,THPT
VLU,Trường Đại Học Sư Phạm Kỹ Thuật Vĩnh Long,7520130,Kỹ thuật ô tô (Chuyên ngành: Công nghệ kỹ thuật ô tô điện),A00,2025,14.0,,THPT
VLU,Trường Đại Học Sư Phạm Kỹ Thuật Vĩnh Long,7520130,Kỹ thuật ô tô (Chuyên ngành: Công nghệ kỹ thuật ô tô điện),A01,2025,14.0,,THPT
VLU,Đại học Sư phạm Kỹ thuật Vĩnh Long,7520130,Kỹ thuật ô tô,A01,2025,14.0,,THPT
VLU,Trường Đại Học Sư Phạm Kỹ Thuật Vĩnh Long,7520130,Kỹ thuật ô tô (Chuyên ngành: Công nghệ kỹ thuật ô tô điện),D01,2025,14.0,,THPT
VLU,Đại học Sư phạm Kỹ thuật Vĩnh Long,7520130,Kỹ thuật ô tô,D01,2025,14.0,,THPT
VLU,Đại học Sư phạm Kỹ thuật Vĩnh Long,7520301,Kỹ thuật hóa học,A00,2025,14.0,,THPT
VLU,Trường Đại Học Sư Phạm Kỹ Thuật Vĩnh Long,7520301,Kỹ thuật hoá học,A00,2025,14.0,,THPT
VLU,Trường Đại Học Sư Phạm Kỹ Thuật Vĩnh Long,7520301,Kỹ thuật hoá học,A01,2025,14.0,,THPT
VLU,Đại học Sư phạm Kỹ thuật Vĩnh Long,7520301,Kỹ thuật hóa học,A01,2025,14.0,,THPT
VLU,Trường Đại Học Sư Phạm Kỹ Thuật Vĩnh Long,7520301,Kỹ thuật hoá học,B00,2025,14.0,,THPT
VLU,Đại học Sư phạm Kỹ thuật Vĩnh Long,7520301,Kỹ thuật hóa học,B00,2025,14.0,,THPT
VLU,Trường Đại Học Sư Phạm Kỹ Thuật Vĩnh Long,7520301,Kỹ thuật hoá học,D01,2025,14.0,,THPT
VLU,Đại học Sư phạm Kỹ thuật Vĩnh Long,7520301,Kỹ thuật hóa học,D01,2025,14.0,,THPT
VLU,Đại học Sư phạm Kỹ thuật Vĩnh Long,7540101,Công nghệ thực phẩm,A00,2025,14.0,,THPT
VLU,Trường Đại Học Sư Phạm Kỹ Thuật Vĩnh Long,7540101,Công nghệ thực phẩm,A00,2025,14.0,,THPT
VLU,Trường Đại Học Sư Phạm Kỹ Thuật Vĩnh Long,7540101,Công nghệ thực phẩm,A01,2025,14.0,,THPT
VLU,Đại học Sư phạm Kỹ thuật Vĩnh Long,7540101,Công nghệ thực phẩm,A01,2025,14.0,,THPT
VLU,Trường Đại Học Sư Phạm Kỹ Thuật Vĩnh Long,7540101,Công nghệ thực phẩm,B00,2025,14.0,,THPT
VLU,Đại học Sư phạm Kỹ thuật Vĩnh Long,7540101,Công nghệ thực phẩm,B00,2025,14.0,,THPT
VLU,Trường Đại Học Sư Phạm Kỹ Thuật Vĩnh Long,7540101,Công nghệ thực phẩm,D01,2025,14.0,,THPT
VLU,Đại học Sư phạm Kỹ thuật Vĩnh Long,7540101,Công nghệ thực phẩm,D01,2025,14.0,,THPT
VLU,Đại học Sư phạm Kỹ thuật Vĩnh Long,7640101,Thú y,A01,2025,14.0,,THPT
VLU,Trường Đại Học Sư Phạm Kỹ Thuật Vĩnh Long,7640101,Thú y,A01,2025,14.0,,THPT
VLU,Trường Đại Học Sư Phạm Kỹ Thuật Vĩnh Long,7640101,Thú y,B00,2025,14.0,,THPT
VLU,Đại học Sư phạm Kỹ thuật Vĩnh Long,7640101,Thú y,B00,2025,14.0,,THPT
VLU,Trường Đại Học Sư Phạm Kỹ Thuật Vĩnh Long,7640101,Thú y,D01,2025,14.0,,THPT
VLU,Đại học Sư phạm Kỹ thuật Vĩnh Long,7640101,Thú y,D01,2025,14.0,,THPT
VLU,Đại học Sư phạm Kỹ thuật Vĩnh Long,7760101,Công tác xã hội,C00,2025,14.0,,THPT
VLU,Trường Đại Học Sư Phạm Kỹ Thuật Vĩnh Long,7760101,Công tác xã hội,C00,2025,14.0,,THPT
VLU,Trường Đại Học Sư Phạm Kỹ Thuật Vĩnh Long,7760101,Công tác xã hội,D01,2025,14.0,,THPT
VLU,Đại học Sư phạm Kỹ thuật Vĩnh Long,7760101,Công tác xã hội,D01,2025,14.0,,THPT
VLU,Đại học Sư phạm Kỹ thuật Vĩnh Long,7810101,Du lịch,C00,2025,14.0,,THPT
VLU,Trường Đại Học Sư Phạm Kỹ Thuật Vĩnh Long,7810101,Du lịch,C00,2025,14.0,,THPT
VLU,Trường Đại Học Sư Phạm Kỹ Thuật Vĩnh Long,7810101,Du lịch,D01,2025,14.0,,THPT
VLU,Đại học Sư phạm Kỹ thuật Vĩnh Long,7810101,Du lịch,D01,2025,14.0,,THPT
VLU,Đại học Sư phạm Kỹ thuật Vĩnh Long,7810103,Quản trị dịch vụ du lịch và lữ hành,C00,2025,14.0,,THPT
VLU,Trường Đại Học Sư Phạm Kỹ Thuật Vĩnh Long,7810103,Quản trị dịch vụ du lịch và lữ hành,C00,2025,14.0,,THPT
VLU,Trường Đại Học Sư Phạm Kỹ Thuật Vĩnh Long,7810103,Quản trị dịch vụ du lịch và lữ hành,D01,2025,14.0,,THPT
VLU,Đại học Sư phạm Kỹ thuật Vĩnh Long,7810103,Quản trị dịch vụ du lịch và lữ hành,D01,2025,14.0,,THPT
VTT,Trường Đại Học Võ Trường Toản,7310205,Quản lý Nhà nước,A01,2025,15.0,,THPT
VTT,Trường Đại Học Võ Trường Toản,7310205,Quản lý nhà nước,A01,2025,0.0,,THPT
VTT,Trường Đại Học Võ Trường Toản,7310205,Quản lý Nhà nước,C00,2025,15.0,,THPT
VTT,Trường Đại Học Võ Trường Toản,7310205,Quản lý nhà nước,C00,2025,0.0,,THPT
VTT,Trường Đại Học Võ Trường Toản,7310205,Quản lý Nhà nước,D01,2025,15.0,,THPT
VTT,Trường Đại Học Võ Trường Toản,7310205,Quản lý nhà nước,D01,2025,0.0,,THPT
VTT,Đại học Võ Trường Toản,7340101,Quản trị Kinh doanh,A00,2025,15.0,,THPT
VTT,Trường Đại Học Võ Trường Toản,7340101,Quản trị kinh doanh,A00,2025,15.0,,THPT
VTT,Trường Đại Học Võ Trường Toản,7340101,Quản trị kinh doanh,A01,2025,15.0,,THPT
VTT,Trường Đại Học Võ Trường Toản,7340101,Quản trị kinh doanh,D01,2025,15.0,,THPT
VTT,Đại học Võ Trường Toản,7340101,Quản trị Kinh doanh,D01,2025,15.0,,THPT
VTT,Trường Đại Học Võ Trường Toản,7340101,Quản trị kinh doanh,D07,2025,15.0,,THPT
VTT,Trường Đại Học Võ Trường Toản,7340120,Kinh doanh quốc tế,A00,2025,15.0,,THPT
VTT,Trường Đại Học Võ Trường Toản,7340120,Kinh doanh quốc tế,A01,2025,15.0,,THPT
VTT,Trường Đại Học Võ Trường Toản,7340120,Kinh doanh quốc tế,D01,2025,15.0,,THPT
VTT,Trường Đại Học Võ Trường Toản,7340120,Kinh doanh quốc tế,D07,2025,15.0,,THPT
VTT,Trường Đại Học Võ Trường Toản,7340122,Thương mại điện tử,A00,2025,15.0,,THPT
VTT,Trường Đại Học Võ Trường Toản,7340122,Thương mại điện tử,A01,2025,15.0,,THPT
VTT,Trường Đại Học Võ Trường Toản,7340122,Thương mại điện tử,D01,2025,15.0,,THPT
VTT,Trường Đại Học Võ Trường Toản,7340122,Thương mại điện tử,D07,2025,15.0,,THPT
VTT,Đại học Võ Trường Toản,7340201,Tài chính – Ngân hàng,A00,2025,15.0,,THPT
VTT,Trường Đại Học Võ Trường Toản,7340201,Tài chính – Ngân hàng,A00,2025,15.0,,THPT
VTT,Trường Đại Học Võ Trường Toản,7340201,Tài chính – Ngân hàng,A01,2025,15.0,,THPT
VTT,Trường Đại Học Võ Trường Toản,7340201,Tài chính – Ngân hàng,D01,2025,15.0,,THPT
VTT,Đại học Võ Trường Toản,7340201,Tài chính – Ngân hàng,D01,2025,15.0,,THPT
VTT,Trường Đại Học Võ Trường Toản,7340201,Tài chính – Ngân hàng,D07,2025,15.0,,THPT
VTT,Đại học Võ Trường Toản,7340301,Kế toán,A00,2025,15.0,,THPT
VTT,Trường Đại Học Võ Trường Toản,7340301,Kế toán,A00,2025,15.0,,THPT
VTT,Trường Đại Học Võ Trường Toản,7340301,Kế toán,A01,2025,15.0,,THPT
VTT,Trường Đại Học Võ Trường Toản,7340301,Kế toán,D01,2025,15.0,,THPT
VTT,Đại học Võ Trường Toản,7340301,Kế toán,D01,2025,15.0,,THPT
VTT,Trường Đại Học Võ Trường Toản,7340301,Kế toán,D07,2025,15.0,,THPT
VTT,Đại học Võ Trường Toản,7380101,Ngành Luật,A00,2025,18.0,,THPT
VTT,Trường Đại Học Võ Trường Toản,7380101,Luật,A00,2025,15.0,,THPT
VTT,Trường Đại Học Võ Trường Toản,7380101,Luật,A01,2025,15.0,,THPT
VTT,Trường Đại Học Võ Trường Toản,7380101,Luật,D01,2025,15.0,,THPT
VTT,Đại học Võ Trường Toản,7380101,Ngành Luật,D01,2025,18.0,,THPT
VTT,Đại học Võ Trường Toản,7480201,Công nghệ thông tin,A00,2025,15.0,,THPT
VTT,Trường Đại Học Võ Trường Toản,7480201,Công nghệ thông tin,A00,2025,15.0,,THPT
VTT,Trường Đại Học Võ Trường Toản,7480201,Công nghệ thông tin,A01,2025,15.0,,THPT
VTT,Trường Đại Học Võ Trường Toản,7480201,Công nghệ thông tin,D01,2025,15.0,,THPT
VTT,Đại học Võ Trường Toản,7480201,Công nghệ thông tin,D01,2025,15.0,,THPT
VTT,Trường Đại Học Võ Trường Toản,7480201,Công nghệ thông tin,D07,2025,15.0,,THPT
VTT,Đại học Võ Trường Toản,7510205,Công nghệ kỹ thuật ô tô,A00,2025,15.0,,THPT
VTT,Đại học Võ Trường Toản,7510205,Công nghệ kỹ thuật ô tô,D01,2025,15.0,,THPT
VTT,Đại học Võ Trường Toản,7720101,Y khoa,A00,2025,20.5,,THPT
VTT,Đại học Võ Trường Toản,7720101,Y khoa,B00,2025,20.5,,THPT
VTT,Trường Đại Học Võ Trường Toản,7720101,Y khoa,B00,2025,22.5,,THPT
VTT,Đại học Võ Trường Toản,7720101,Y khoa,D01,2025,20.5,,THPT
VTT,Trường Đại Học Võ Trường Toản,7720101,Y khoa,D08,2025,22.5,,THPT
VTT,Đại học Võ Trường Toản,7720101,Y khoa,D08,2025,20.5,,THPT
VTT,Đại học Võ Trường Toản,7720201,Dược học,A00,2025,19.0,,THPT
VTT,Trường Đại Học Võ Trường Toản,7720201,Dược học,A00,2025,21.0,,THPT
VTT,Đại học Võ Trường Toản,7720201,Dược học,B00,2025,19.0,,THPT
VTT,Trường Đại Học Võ Trường Toản,7720201,Dược học,B00,2025,21.0,,THPT
VTT,Đại học Võ Trường Toản,7720201,Dược học,D01,2025,19.0,,THPT
VTT,Trường Đại Học Võ Trường Toản,7720201,Dược học,D07,2025,21.0,,THPT
VTT,Trường Đại Học Võ Trường Toản,7720201,Dược học,D07,2025,21.0,,THPT
VTT,Đại học Võ Trường Toản,7720201,Dược học,D08,2025,19.0,,THPT
VTT,Đại học Võ Trường Toản,7720501,Răng- Hàm -Mặt,A00,2025,20.5,,THPT
VTT,Đại học Võ Trường Toản,7720501,Răng- Hàm -Mặt,B00,2025,20.5,,THPT
VTT,Trường Đại Học Võ Trường Toản,7720501,Răng – Hàm – Mặt,B00,2025,22.5,,THPT
VTT,Đại học Võ Trường Toản,7720501,Răng- Hàm -Mặt,D01,2025,20.5,,THPT
VTT,Trường Đại Học Võ Trường Toản,7720501,Răng – Hàm – Mặt,D08,2025,22.5,,THPT
VTT,Đại học Võ Trường Toản,7720501,Răng- Hàm -Mặt,D08,2025,20.5,,THPT
VUI,Đại Học Công Nghiệp Việt Trì,7220201,Ngôn ngữ Anh,D01,2025,15.0,,THPT
VUI,Trường Đại Học Công Nghiệp Việt Trì,7220201,Ngôn ngữ Anh,D01,2025,15.0,,THPT
VUI,Đại Học Công Nghiệp Việt Trì,7220204,Ngôn ngữ Trung Quốc,D01,2025,15.0,,THPT
VUI,Trường Đại Học Công Nghiệp Việt Trì,7220204,Ngôn ngữ Trung Quốc,D01,2025,15.0,,THPT
VUI,Đại Học Công Nghiệp Việt Trì,7340101,Quản trị Kinh doanh,C00,2025,15.0,,THPT
VUI,Trường Đại Học Công Nghiệp Việt Trì,7340101,Quản trị kinh doanh,C00,2025,15.0,,THPT
VUI,Trường Đại Học Công Nghiệp Việt Trì,7340101,Quản trị kinh doanh,D01,2025,15.0,,THPT
VUI,Đại Học Công Nghiệp Việt Trì,7340101,Quản trị Kinh doanh,D01,2025,15.0,,THPT
VUI,Đại Học Công Nghiệp Việt Trì,7340301,Kế toán,C00,2025,15.0,,THPT
VUI,Trường Đại Học Công Nghiệp Việt Trì,7340301,Kế toán,C00,2025,15.0,,THPT
VUI,Trường Đại Học Công Nghiệp Việt Trì,7340301,Kế toán,D01,2025,15.0,,THPT
VUI,Đại Học Công Nghiệp Việt Trì,7340301,Kế toán,D01,2025,15.0,,THPT
VUI,Đại Học Công Nghiệp Việt Trì,7440112,Hóa học,A00,2025,15.0,,THPT
VUI,Trường Đại Học Công Nghiệp Việt Trì,7440112,Hóa học (Hóa phân tích),A00,2025,15.0,,THPT
VUI,Trường Đại Học Công Nghiệp Việt Trì,7440112,Hóa học (Hóa phân tích),A01,2025,15.0,,THPT
VUI,Đại Học Công Nghiệp Việt Trì,7440112,Hóa học,A01,2025,15.0,,THPT
VUI,Trường Đại Học Công Nghiệp Việt Trì,7440112,Hóa học (Hóa phân tích),B00,2025,15.0,,THPT
VUI,Trường Đại Học Công Nghiệp Việt Trì,7440112,Hóa học (Hóa phân tích),D01,2025,15.0,,THPT
VUI,Đại Học Công Nghiệp Việt Trì,7440112,Hóa học,D01,2025,15.0,,THPT
VUI,Đại Học Công Nghiệp Việt Trì,7480201,Công nghệ thông tin,A00,2025,15.0,,THPT
VUI,Trường Đại Học Công Nghiệp Việt Trì,7480201,Công nghệ thông tin,A00,2025,15.0,,THPT
VUI,Trường Đại Học Công Nghiệp Việt Trì,7480201,Công nghệ thông tin,A01,2025,15.0,,THPT
VUI,Đại Học Công Nghiệp Việt Trì,7480201,Công nghệ thông tin,A01,2025,15.0,,THPT
VUI,Trường Đại Học Công Nghiệp Việt Trì,7480201,Công nghệ thông tin,D01,2025,15.0,,THPT
VUI,Đại Học Công Nghiệp Việt Trì,7480201,Công nghệ thông tin,D01,2025,15.0,,THPT
VUI,Đại Học Công Nghiệp Việt Trì,7510201,Công nghệ kỹ thuật cơ khí (chuyên ngành Cơ khí chế tạo),A00,2025,15.0,,THPT
VUI,Trường Đại Học Công Nghiệp Việt Trì,7510201,Công nghệ kỹ thuật cơ khí,A00,2025,15.0,,THPT
VUI,Trường Đại Học Công Nghiệp Việt Trì,7510201,Công nghệ kỹ thuật cơ khí,A01,2025,15.0,,THPT
VUI,Đại Học Công Nghiệp Việt Trì,7510201,Công nghệ kỹ thuật cơ khí (chuyên ngành Cơ khí chế tạo),A01,2025,15.0,,THPT
VUI,Trường Đại Học Công Nghiệp Việt Trì,7510201,Công nghệ kỹ thuật cơ khí,D01,2025,15.0,,THPT
VUI,Đại Học Công Nghiệp Việt Trì,7510201,Công nghệ kỹ thuật cơ khí (chuyên ngành Cơ khí chế tạo),D01,2025,15.0,,THPT
VUI,Đại Học Công Nghiệp Việt Trì,7510205,Công nghệ kỹ thuật ô tô,A00,2025,15.0,,THPT
VUI,Trường Đại Học Công Nghiệp Việt Trì,7510205,Công nghệ kỹ thuật ôtô,A00,2025,15.0,,THPT
VUI,Trường Đại Học Công Nghiệp Việt Trì,7510205,Công nghệ kỹ thuật ôtô,A01,2025,15.0,,THPT
VUI,Đại Học Công Nghiệp Việt Trì,7510205,Công nghệ kỹ thuật ô tô,A01,2025,15.0,,THPT
VUI,Trường Đại Học Công Nghiệp Việt Trì,7510205,Công nghệ kỹ thuật ôtô,D01,2025,15.0,,THPT
VUI,Đại Học Công Nghiệp Việt Trì,7510205,Công nghệ kỹ thuật ô tô,D01,2025,15.0,,THPT
VUI,Đại Học Công Nghiệp Việt Trì,7510301,"Công nghệ kỹ thuật điện, điện tử",A00,2025,15.0,,THPT
VUI,Trường Đại Học Công Nghiệp Việt Trì,7510301,"Công nghệ kỹ thuật điện, điện tử",A00,2025,15.0,,THPT
VUI,Trường Đại Học Công Nghiệp Việt Trì,7510301,"Công nghệ kỹ thuật điện, điện tử",A01,2025,15.0,,THPT
VUI,Đại Học Công Nghiệp Việt Trì,7510301,"Công nghệ kỹ thuật điện, điện tử",A01,2025,15.0,,THPT
VUI,Trường Đại Học Công Nghiệp Việt Trì,7510301,"Công nghệ kỹ thuật điện, điện tử",D01,2025,15.0,,THPT
VUI,Đại Học Công Nghiệp Việt Trì,7510301,"Công nghệ kỹ thuật điện, điện tử",D01,2025,15.0,,THPT
VUI,Đại Học Công Nghiệp Việt Trì,7510303,Công nghệ kỹ thuật điều khiển và tự động hóa,A00,2025,15.0,,THPT
VUI,Trường Đại Học Công Nghiệp Việt Trì,7510303,Công nghệ kỹ thuật điều khiển và tự động hóa,A00,2025,15.0,,THPT
VUI,Trường Đại Học Công Nghiệp Việt Trì,7510303,Công nghệ kỹ thuật điều khiển và tự động hóa,A01,2025,15.0,,THPT
VUI,Đại Học Công Nghiệp Việt Trì,7510303,Công nghệ kỹ thuật điều khiển và tự động hóa,A01,2025,15.0,,THPT
VUI,Trường Đại Học Công Nghiệp Việt Trì,7510303,Công nghệ kỹ thuật điều khiển và tự động hóa,D01,2025,15.0,,THPT
VUI,Đại Học Công Nghiệp Việt Trì,7510303,Công nghệ kỹ thuật điều khiển và tự động hóa,D01,2025,15.0,,THPT
VUI,Đại Học Công Nghiệp Việt Trì,7510401,Công nghệ kỹ thuật hoá học,A00,2025,15.0,,THPT
VUI,Trường Đại Học Công Nghiệp Việt Trì,7510401,Công nghệ kỹ thuật hóa học,A00,2025,15.0,,THPT
VUI,Trường Đại Học Công Nghiệp Việt Trì,7510401,Công nghệ kỹ thuật hóa học,A01,2025,15.0,,THPT
VUI,Đại Học Công Nghiệp Việt Trì,7510401,Công nghệ kỹ thuật hoá học,A01,2025,15.0,,THPT
VUI,Trường Đại Học Công Nghiệp Việt Trì,7510401,Công nghệ kỹ thuật hóa học,B00,2025,15.0,,THPT
VUI,Trường Đại Học Công Nghiệp Việt Trì,7510401,Công nghệ kỹ thuật hóa học,D01,2025,15.0,,THPT
VUI,Đại Học Công Nghiệp Việt Trì,7510401,Công nghệ kỹ thuật hoá học,D01,2025,15.0,,THPT
VUI,Đại Học Công Nghiệp Việt Trì,7510406,Công nghệ kỹ thuật Môi trường,A00,2025,15.0,,THPT
VUI,Trường Đại Học Công Nghiệp Việt Trì,7510406,Công nghệ kỹ thuật môi trường,A00,2025,15.0,,THPT
VUI,Trường Đại Học Công Nghiệp Việt Trì,7510406,Công nghệ kỹ thuật môi trường,A01,2025,15.0,,THPT
VUI,Đại Học Công Nghiệp Việt Trì,7510406,Công nghệ kỹ thuật Môi trường,A01,2025,15.0,,THPT
VUI,Trường Đại Học Công Nghiệp Việt Trì,7510406,Công nghệ kỹ thuật môi trường,B00,2025,15.0,,THPT
VUI,Trường Đại Học Công Nghiệp Việt Trì,7510406,Công nghệ kỹ thuật môi trường,D01,2025,15.0,,THPT
VUI,Đại Học Công Nghiệp Việt Trì,7510406,Công nghệ kỹ thuật Môi trường,D01,2025,15.0,,THPT
VUI,Đại Học Công Nghiệp Việt Trì,7540101,Công nghệ thực phẩm,A00,2025,15.0,,THPT
VUI,Trường Đại Học Công Nghiệp Việt Trì,7540101,Công nghệ thực phẩm,A00,2025,15.0,,THPT
VUI,Trường Đại Học Công Nghiệp Việt Trì,7540101,Công nghệ thực phẩm,A01,2025,15.0,,THPT
VUI,Đại Học Công Nghiệp Việt Trì,7540101,Công nghệ thực phẩm,A01,2025,15.0,,THPT
VUI,Trường Đại Học Công Nghiệp Việt Trì,7540101,Công nghệ thực phẩm,B00,2025,15.0,,THPT
VUI,Trường Đại Học Công Nghiệp Việt Trì,7540101,Công nghệ thực phẩm,D01,2025,15.0,,THPT
VUI,Đại Học Công Nghiệp Việt Trì,7540101,Công nghệ thực phẩm,D01,2025,15.0,,THPT
XDA,Đại học Xây dựng Hà Nội,7340409,Quản lý dự án,A00,2025,24.55,,THPT
XDA,Trường Đại Học Xây Dựng Hà Nội,7340409,Quản lý dự án,A00,2025,24.55,,THPT
XDA,Trường Đại Học Xây Dựng Hà Nội,7340409,Quản lý dự án (*),A00,2025,0.0,,THPT
XDA,Trường Đại Học Xây Dựng Hà Nội,7340409,Quản lý dự án,A01,2025,24.55,,THPT
XDA,Trường Đại Học Xây Dựng Hà Nội,7340409,Quản lý dự án (*),A01,2025,0.0,,THPT
XDA,Đại học Xây dựng Hà Nội,7340409,Quản lý dự án,A01,2025,24.55,,THPT
XDA,Trường Đại Học Xây Dựng Hà Nội,7340409,Quản lý dự án,D01,2025,24.55,,THPT
XDA,Trường Đại Học Xây Dựng Hà Nội,7340409,Quản lý dự án (*),D01,2025,0.0,,THPT
XDA,Đại học Xây dựng Hà Nội,7340409,Quản lý dự án,D01,2025,24.55,,THPT
XDA,Trường Đại Học Xây Dựng Hà Nội,7340409,Quản lý dự án,D07,2025,24.55,,THPT
XDA,Trường Đại Học Xây Dựng Hà Nội,7340409,Quản lý dự án (*),D07,2025,0.0,,THPT
XDA,Đại học Xây dựng Hà Nội,7340409,Quản lý dự án,D07,2025,24.55,,THPT
XDA,Đại học Xây dựng Hà Nội,7460108,Khoa học dữ liệu (Data Science),A00,2025,25.0,,THPT
XDA,Trường Đại Học Xây Dựng Hà Nội,7460108,Khoa học dữ liệu (*),A00,2025,0.0,,THPT
XDA,Trường Đại Học Xây Dựng Hà Nội,7460108,Khoa học dữ liệu,A00,2025,25.0,,THPT
XDA,Trường Đại Học Xây Dựng Hà Nội,7460108,Khoa học dữ liệu (*),A01,2025,0.0,,THPT
XDA,Trường Đại Học Xây Dựng Hà Nội,7460108,Khoa học dữ liệu,A01,2025,25.0,,THPT
XDA,Đại học Xây dựng Hà Nội,7460108,Khoa học dữ liệu (Data Science),A01,2025,25.0,,THPT
XDA,Trường Đại Học Xây Dựng Hà Nội,7460108,Khoa học dữ liệu (*),D01,2025,0.0,,THPT
XDA,Trường Đại Học Xây Dựng Hà Nội,7460108,Khoa học dữ liệu,D01,2025,25.0,,THPT
XDA,Đại học Xây dựng Hà Nội,7460108,Khoa học dữ liệu (Data Science),D01,2025,25.0,,THPT
XDA,Trường Đại Học Xây Dựng Hà Nội,7460108,Khoa học dữ liệu (*),D07,2025,0.0,,THPT
XDA,Trường Đại Học Xây Dựng Hà Nội,7460108,Khoa học dữ liệu,D07,2025,25.0,,THPT
XDA,Đại học Xây dựng Hà Nội,7460108,Khoa học dữ liệu (Data Science),D07,2025,25.0,,THPT
XDA,Đại học Xây dựng Hà Nội,7480101,Khoa học máy tính,A00,2025,25.5,,THPT
XDA,Trường Đại Học Xây Dựng Hà Nội,7480101,Khoa học máy tính,A00,2025,25.5,,THPT
XDA,Trường Đại Học Xây Dựng Hà Nội,7480101,Khoa học máy tính,A01,2025,25.5,,THPT
XDA,Đại học Xây dựng Hà Nội,7480101,Khoa học máy tính,A01,2025,25.5,,THPT
XDA,Trường Đại Học Xây Dựng Hà Nội,7480101,Khoa học máy tính,D01,2025,25.5,,THPT
XDA,Đại học Xây dựng Hà Nội,7480101,Khoa học máy tính,D01,2025,25.5,,THPT
XDA,Trường Đại Học Xây Dựng Hà Nội,7480101,Khoa học máy tính,D07,2025,25.5,,THPT
XDA,Đại học Xây dựng Hà Nội,7480101,Khoa học máy tính,D07,2025,25.5,,THPT
XDA,Đại học Xây dựng Hà Nội,7480101_QT,Khoa học máy tính (LK với ĐH Frostburg ),A00,2025,22.7,,THPT
XDA,Trường Đại Học Xây Dựng Hà Nội,7480101_QT,Khoa học Máy tính,A00,2025,22.7,,THPT
XDA,Trường Đại Học Xây Dựng Hà Nội,7480101_QT,Khoa học Máy tính (Chương trình đào tạo Liên kết quốc tế với Đại học Mississippi - Hoa Kỳ),A00,2025,0.0,,THPT
XDA,Trường Đại Học Xây Dựng Hà Nội,7480101_QT,Khoa học Máy tính,A01,2025,22.7,,THPT
XDA,Trường Đại Học Xây Dựng Hà Nội,7480101_QT,Khoa học Máy tính (Chương trình đào tạo Liên kết quốc tế với Đại học Mississippi - Hoa Kỳ),A01,2025,0.0,,THPT
XDA,Đại học Xây dựng Hà Nội,7480101_QT,Khoa học máy tính (LK với ĐH Frostburg ),A01,2025,22.7,,THPT
XDA,Trường Đại Học Xây Dựng Hà Nội,7480101_QT,Khoa học Máy tính,D01,2025,22.7,,THPT
XDA,Trường Đại Học Xây Dựng Hà Nội,7480101_QT,Khoa học Máy tính (Chương trình đào tạo Liên kết quốc tế với Đại học Mississippi - Hoa Kỳ),D01,2025,0.0,,THPT
XDA,Đại học Xây dựng Hà Nội,7480101_QT,Khoa học máy tính (LK với ĐH Frostburg ),D01,2025,22.7,,THPT
XDA,Trường Đại Học Xây Dựng Hà Nội,7480101_QT,Khoa học Máy tính,D07,2025,22.7,,THPT
XDA,Trường Đại Học Xây Dựng Hà Nội,7480101_QT,Khoa học Máy tính (Chương trình đào tạo Liên kết quốc tế với Đại học Mississippi - Hoa Kỳ),D07,2025,0.0,,THPT
XDA,Đại học Xây dựng Hà Nội,7480101_QT,Khoa học máy tính (LK với ĐH Frostburg ),D07,2025,22.7,,THPT
XDA,Đại học Xây dựng Hà Nội,7480201,Công nghệ thông tin,A00,2025,25.6,,THPT
XDA,Trường Đại Học Xây Dựng Hà Nội,7480201,Công nghệ thông tin,A00,2025,25.6,,THPT
XDA,Trường Đại Học Xây Dựng Hà Nội,7480201,Công nghệ thông tin,A01,2025,25.6,,THPT
XDA,Đại học Xây dựng Hà Nội,7480201,Công nghệ thông tin,A01,2025,25.6,,THPT
XDA,Trường Đại Học Xây Dựng Hà Nội,7480201,Công nghệ thông tin,D01,2025,25.6,,THPT
XDA,Đại học Xây dựng Hà Nội,7480201,Công nghệ thông tin,D01,2025,25.6,,THPT
XDA,Trường Đại Học Xây Dựng Hà Nội,7480201,Công nghệ thông tin,D07,2025,25.6,,THPT
XDA,Đại học Xây dựng Hà Nội,7480201,Công nghệ thông tin,D07,2025,25.6,,THPT
XDA,Đại học Xây dựng Hà Nội,7480201_01,Công nghệ phần mềm,A00,2025,25.1,,THPT
XDA,Trường Đại Học Xây Dựng Hà Nội,7480201_01,Công nghệ thông tin/ Công nghệ đa phương tiện (*),A00,2025,0.0,,THPT
XDA,Trường Đại Học Xây Dựng Hà Nội,7480201_01,Công nghệ thông tin/ Công nghệ đa phương tiện,A00,2025,25.1,,THPT
XDA,Trường Đại Học Xây Dựng Hà Nội,7480201_01,Công nghệ thông tin/ Công nghệ đa phương tiện (*),A01,2025,0.0,,THPT
XDA,Trường Đại Học Xây Dựng Hà Nội,7480201_01,Công nghệ thông tin/ Công nghệ đa phương tiện,A01,2025,25.1,,THPT
XDA,Đại học Xây dựng Hà Nội,7480201_01,Công nghệ phần mềm,A01,2025,25.1,,THPT
XDA,Trường Đại Học Xây Dựng Hà Nội,7480201_01,Công nghệ thông tin/ Công nghệ đa phương tiện (*),D01,2025,0.0,,THPT
XDA,Trường Đại Học Xây Dựng Hà Nội,7480201_01,Công nghệ thông tin/ Công nghệ đa phương tiện,D01,2025,25.1,,THPT
XDA,Đại học Xây dựng Hà Nội,7480201_01,Công nghệ phần mềm,D01,2025,25.1,,THPT
XDA,Trường Đại Học Xây Dựng Hà Nội,7480201_01,Công nghệ thông tin/ Công nghệ đa phương tiện (*),D07,2025,0.0,,THPT
XDA,Trường Đại Học Xây Dựng Hà Nội,7480201_01,Công nghệ thông tin/ Công nghệ đa phương tiện,D07,2025,25.1,,THPT
XDA,Đại học Xây dựng Hà Nội,7480201_01,Công nghệ phần mềm,D07,2025,25.1,,THPT
XDA,Đại học Xây dựng Hà Nội,7480201_02,Thương mại điện tử,A00,2025,25.35,,THPT
XDA,Trường Đại Học Xây Dựng Hà Nội,7480201_02,Công nghệ thông tin/ An toàn thông tin,A00,2025,25.35,,THPT
XDA,Trường Đại Học Xây Dựng Hà Nội,7480201_02,Công nghệ thông tin/ An toàn thông tin,A01,2025,25.35,,THPT
XDA,Đại học Xây dựng Hà Nội,7480201_02,Thương mại điện tử,A01,2025,25.35,,THPT
XDA,Trường Đại Học Xây Dựng Hà Nội,7480201_02,Công nghệ thông tin/ An toàn thông tin,D01,2025,25.35,,THPT
XDA,Đại học Xây dựng Hà Nội,7480201_02,Thương mại điện tử,D01,2025,25.35,,THPT
XDA,Trường Đại Học Xây Dựng Hà Nội,7480201_02,Công nghệ thông tin/ An toàn thông tin,D07,2025,25.35,,THPT
XDA,Đại học Xây dựng Hà Nội,7480201_02,Thương mại điện tử,D07,2025,25.35,,THPT
XDA,Đại học Xây dựng Hà Nội,7510103,Công nghệ kỹ thuật xây dựng (chuyên ngành Xây dựng dân dụng & Công nghiệp),A00,2025,23.6,,THPT
XDA,Trường Đại Học Xây Dựng Hà Nội,7510103,Công nghệ kỹ thuật xây dựng,A00,2025,23.6,,THPT
XDA,Trường Đại Học Xây Dựng Hà Nội,7510103,Công nghệ kỹ thuật xây dựng,A01,2025,23.6,,THPT
XDA,Đại học Xây dựng Hà Nội,7510103,Công nghệ kỹ thuật xây dựng (chuyên ngành Xây dựng dân dụng & Công nghiệp),A01,2025,23.6,,THPT
XDA,Trường Đại Học Xây Dựng Hà Nội,7510103,Công nghệ kỹ thuật xây dựng,D07,2025,23.6,,THPT
XDA,Đại học Xây dựng Hà Nội,7510103,Công nghệ kỹ thuật xây dựng (chuyên ngành Xây dựng dân dụng & Công nghiệp),D07,2025,23.6,,THPT
XDA,Đại học Xây dựng Hà Nội,7510105,Công nghệ kỹ thuật vật liệu xây dựng,A00,2025,23.3,,THPT
XDA,Trường Đại Học Xây Dựng Hà Nội,7510105,Công nghệ kỹ thuật vật liệu xây dựng,A00,2025,23.3,,THPT
XDA,Trường Đại Học Xây Dựng Hà Nội,7510105,Công nghệ kỹ thuật vật liệu xây dựng,A01,2025,23.3,,THPT
XDA,Đại học Xây dựng Hà Nội,7510105,Công nghệ kỹ thuật vật liệu xây dựng,A01,2025,23.3,,THPT
XDA,Trường Đại Học Xây Dựng Hà Nội,7510105,Công nghệ kỹ thuật vật liệu xây dựng,B00,2025,23.3,,THPT
XDA,Đại học Xây dựng Hà Nội,7510105,Công nghệ kỹ thuật vật liệu xây dựng,B00,2025,23.3,,THPT
XDA,Trường Đại Học Xây Dựng Hà Nội,7510105,Công nghệ kỹ thuật vật liệu xây dựng,D07,2025,23.3,,THPT
XDA,Đại học Xây dựng Hà Nội,7510105,Công nghệ kỹ thuật vật liệu xây dựng,D07,2025,23.3,,THPT
XDA,Đại học Xây dựng Hà Nội,7510605,Logistics và Quản lý chuỗi cung ứng,A00,2025,26.0,,THPT
XDA,Trường Đại Học Xây Dựng Hà Nội,7510605,Logistics và Quản lý chuỗi cung ứng (*),A00,2025,0.0,,THPT
XDA,Trường Đại Học Xây Dựng Hà Nội,7510605,Logistics và Quản lý chuỗi cung ứng,A00,2025,26.0,,THPT
XDA,Trường Đại Học Xây Dựng Hà Nội,7510605,Logistics và Quản lý chuỗi cung ứng (*),A01,2025,0.0,,THPT
XDA,Trường Đại Học Xây Dựng Hà Nội,7510605,Logistics và Quản lý chuỗi cung ứng,A01,2025,26.0,,THPT
XDA,Đại học Xây dựng Hà Nội,7510605,Logistics và Quản lý chuỗi cung ứng,A01,2025,26.0,,THPT
XDA,Trường Đại Học Xây Dựng Hà Nội,7510605,Logistics và Quản lý chuỗi cung ứng (*),D01,2025,0.0,,THPT
XDA,Trường Đại Học Xây Dựng Hà Nội,7510605,Logistics và Quản lý chuỗi cung ứng,D01,2025,26.0,,THPT
XDA,Đại học Xây dựng Hà Nội,7510605,Logistics và Quản lý chuỗi cung ứng,D01,2025,26.0,,THPT
XDA,Trường Đại Học Xây Dựng Hà Nội,7510605,Logistics và Quản lý chuỗi cung ứng (*),D07,2025,0.0,,THPT
XDA,Trường Đại Học Xây Dựng Hà Nội,7510605,Logistics và Quản lý chuỗi cung ứng,D07,2025,26.0,,THPT
XDA,Đại học Xây dựng Hà Nội,7510605,Logistics và Quản lý chuỗi cung ứng,D07,2025,26.0,,THPT
XDA,Đại học Xây dựng Hà Nội,7510605_01,Logistics và quản lý chuỗi cung ứng,A00,2025,25.6,,THPT
XDA,Trường Đại Học Xây Dựng Hà Nội,7510605_01,Logistics và Quản lý chuỗi cung ứng/ Logistics đô thị,A00,2025,25.6,,THPT
XDA,Trường Đại Học Xây Dựng Hà Nội,7510605_01,Logistics và Quản lý chuỗi cung ứng/ Logistics đô thị (*),A00,2025,0.0,,THPT
XDA,Trường Đại Học Xây Dựng Hà Nội,7510605_01,Logistics và Quản lý chuỗi cung ứng/ Logistics đô thị,A01,2025,25.6,,THPT
XDA,Trường Đại Học Xây Dựng Hà Nội,7510605_01,Logistics và Quản lý chuỗi cung ứng/ Logistics đô thị (*),A01,2025,0.0,,THPT
XDA,Đại học Xây dựng Hà Nội,7510605_01,Logistics và quản lý chuỗi cung ứng,A01,2025,25.6,,THPT
XDA,Trường Đại Học Xây Dựng Hà Nội,7510605_01,Logistics và Quản lý chuỗi cung ứng/ Logistics đô thị,D01,2025,25.6,,THPT
XDA,Trường Đại Học Xây Dựng Hà Nội,7510605_01,Logistics và Quản lý chuỗi cung ứng/ Logistics đô thị (*),D01,2025,0.0,,THPT
XDA,Đại học Xây dựng Hà Nội,7510605_01,Logistics và quản lý chuỗi cung ứng,D01,2025,25.6,,THPT
XDA,Trường Đại Học Xây Dựng Hà Nội,7510605_01,Logistics và Quản lý chuỗi cung ứng/ Logistics đô thị,D07,2025,25.6,,THPT
XDA,Trường Đại Học Xây Dựng Hà Nội,7510605_01,Logistics và Quản lý chuỗi cung ứng/ Logistics đô thị (*),D07,2025,0.0,,THPT
XDA,Đại học Xây dựng Hà Nội,7510605_01,Logistics và quản lý chuỗi cung ứng,D07,2025,25.6,,THPT
XDA,Đại học Xây dựng Hà Nội,7510605_02,Công nghệ Logistics (hệ kỹ sư),A00,2025,25.2,,THPT
XDA,Trường Đại Học Xây Dựng Hà Nội,7510605_02,Logistics và Quản lý chuỗi cung ứng/ Logistics công nghiệp,A00,2025,25.2,,THPT
XDA,Trường Đại Học Xây Dựng Hà Nội,7510605_02,Logistics và Quản lý chuỗi cung ứng/ Logistics công nghiệp (*),A00,2025,0.0,,THPT
XDA,Trường Đại Học Xây Dựng Hà Nội,7510605_02,Logistics và Quản lý chuỗi cung ứng/ Logistics công nghiệp,A01,2025,25.2,,THPT
XDA,Trường Đại Học Xây Dựng Hà Nội,7510605_02,Logistics và Quản lý chuỗi cung ứng/ Logistics công nghiệp (*),A01,2025,0.0,,THPT
XDA,Đại học Xây dựng Hà Nội,7510605_02,Công nghệ Logistics (hệ kỹ sư),A01,2025,25.2,,THPT
XDA,Trường Đại Học Xây Dựng Hà Nội,7510605_02,Logistics và Quản lý chuỗi cung ứng/ Logistics công nghiệp,D01,2025,25.2,,THPT
XDA,Trường Đại Học Xây Dựng Hà Nội,7510605_02,Logistics và Quản lý chuỗi cung ứng/ Logistics công nghiệp (*),D01,2025,0.0,,THPT
XDA,Đại học Xây dựng Hà Nội,7510605_02,Công nghệ Logistics (hệ kỹ sư),D01,2025,25.2,,THPT
XDA,Trường Đại Học Xây Dựng Hà Nội,7510605_02,Logistics và Quản lý chuỗi cung ứng/ Logistics công nghiệp,D07,2025,25.2,,THPT
XDA,Trường Đại Học Xây Dựng Hà Nội,7510605_02,Logistics và Quản lý chuỗi cung ứng/ Logistics công nghiệp (*),D07,2025,0.0,,THPT
XDA,Đại học Xây dựng Hà Nội,7510605_02,Công nghệ Logistics (hệ kỹ sư),D07,2025,25.2,,THPT
XDA,Đại học Xây dựng Hà Nội,7520103,Kỹ thuật cơ khí,A00,2025,25.6,,THPT
XDA,Trường Đại Học Xây Dựng Hà Nội,7520103,Kỹ thuật cơ khí,A00,2025,25.6,,THPT
XDA,Trường Đại Học Xây Dựng Hà Nội,7520103,Kỹ thuật cơ khí,A01,2025,25.6,,THPT
XDA,Đại học Xây dựng Hà Nội,7520103,Kỹ thuật cơ khí,A01,2025,25.6,,THPT
XDA,Trường Đại Học Xây Dựng Hà Nội,7520103,Kỹ thuật cơ khí,D07,2025,25.6,,THPT
XDA,Đại học Xây dựng Hà Nội,7520103,Kỹ thuật cơ khí,D07,2025,25.6,,THPT
XDA,Đại học Xây dựng Hà Nội,7520103_01,Kỹ thuật cơ khí (chuyên ngành: Máy xây dựng),A00,2025,23.4,,THPT
XDA,Trường Đại Học Xây Dựng Hà Nội,7520103_01,Kỹ thuật cơ khí/ Máy xây dựng,A00,2025,23.4,,THPT
XDA,Trường Đại Học Xây Dựng Hà Nội,7520103_01,Kỹ thuật cơ khí/ Máy xây dựng,A01,2025,23.4,,THPT
XDA,Đại học Xây dựng Hà Nội,7520103_01,Kỹ thuật cơ khí (chuyên ngành: Máy xây dựng),A01,2025,23.4,,THPT
XDA,Trường Đại Học Xây Dựng Hà Nội,7520103_01,Kỹ thuật cơ khí/ Máy xây dựng,D07,2025,23.4,,THPT
XDA,Đại học Xây dựng Hà Nội,7520103_01,Kỹ thuật cơ khí (chuyên ngành: Máy xây dựng),D07,2025,23.4,,THPT
XDA,Đại học Xây dựng Hà Nội,7520103_03,Kỹ thuật cơ khí (chuyên ngành: Kỹ thuật cơ điện),A00,2025,25.3,,THPT
XDA,Trường Đại Học Xây Dựng Hà Nội,7520103_03,Kỹ thuật cơ khí/ Kỹ thuật cơ điện,A00,2025,25.3,,THPT
XDA,Trường Đại Học Xây Dựng Hà Nội,7520103_03,Kỹ thuật cơ khí/ Kỹ thuật cơ điện,A01,2025,25.3,,THPT
XDA,Đại học Xây dựng Hà Nội,7520103_03,Kỹ thuật cơ khí (chuyên ngành: Kỹ thuật cơ điện),A01,2025,25.3,,THPT
XDA,Trường Đại Học Xây Dựng Hà Nội,7520103_03,Kỹ thuật cơ khí/ Kỹ thuật cơ điện,D07,2025,25.3,,THPT
XDA,Đại học Xây dựng Hà Nội,7520103_03,Kỹ thuật cơ khí (chuyên ngành: Kỹ thuật cơ điện),D07,2025,25.3,,THPT
XDA,Đại học Xây dựng Hà Nội,7520103_04,Chuyên ngành kỹ thuật oto,A00,2025,25.4,,THPT
XDA,Trường Đại Học Xây Dựng Hà Nội,7520103_04,Kỹ thuật cơ khí/ Kỹ thuật ô tô,A00,2025,25.4,,THPT
XDA,Trường Đại Học Xây Dựng Hà Nội,7520103_04,Kỹ thuật cơ khí/ Kỹ thuật ô tô,A01,2025,25.4,,THPT
XDA,Đại học Xây dựng Hà Nội,7520103_04,Chuyên ngành kỹ thuật oto,A01,2025,25.4,,THPT
XDA,Trường Đại Học Xây Dựng Hà Nội,7520103_04,Kỹ thuật cơ khí/ Kỹ thuật ô tô,D07,2025,25.4,,THPT
XDA,Đại học Xây dựng Hà Nội,7520103_04,Chuyên ngành kỹ thuật oto,D07,2025,25.4,,THPT
XDA,Đại học Xây dựng Hà Nội,7520201,Kỹ thuật điện,A00,2025,25.75,,THPT
XDA,Trường Đại Học Xây Dựng Hà Nội,7520201,Kỹ thuật điện,A00,2025,25.75,,THPT
XDA,Trường Đại Học Xây Dựng Hà Nội,7520201,Kỹ thuật điện,A01,2025,25.75,,THPT
XDA,Đại học Xây dựng Hà Nội,7520201,Kỹ thuật điện,A01,2025,25.75,,THPT
XDA,Trường Đại Học Xây Dựng Hà Nội,7520201,Kỹ thuật điện,D07,2025,25.75,,THPT
XDA,Đại học Xây dựng Hà Nội,7520201,Kỹ thuật điện,D07,2025,25.75,,THPT
XDA,Đại học Xây dựng Hà Nội,7520216,Ngành Kỹ thuật điều khiển & Tự động hóa,A00,2025,27.0,,THPT
XDA,Trường Đại Học Xây Dựng Hà Nội,7520216,Kỹ thuật điều khiển và tự động hóa,A00,2025,27.0,,THPT
XDA,Trường Đại Học Xây Dựng Hà Nội,7520216,Kỹ thuật điều khiển và tự động hóa,A01,2025,27.0,,THPT
XDA,Đại học Xây dựng Hà Nội,7520216,Ngành Kỹ thuật điều khiển & Tự động hóa,A01,2025,27.0,,THPT
XDA,Đại học Xây dựng Hà Nội,7520309,Kỹ thuật vật liệu,A00,2025,24.3,,THPT
XDA,Trường Đại Học Xây Dựng Hà Nội,7520309,Kỹ thuật vật liệu,A00,2025,24.3,,THPT
XDA,Trường Đại Học Xây Dựng Hà Nội,7520309,Kỹ thuật vật liệu,A01,2025,24.3,,THPT
XDA,Đại học Xây dựng Hà Nội,7520309,Kỹ thuật vật liệu,A01,2025,24.3,,THPT
XDA,Trường Đại Học Xây Dựng Hà Nội,7520309,Kỹ thuật vật liệu,B00,2025,24.3,,THPT
XDA,Đại học Xây dựng Hà Nội,7520309,Kỹ thuật vật liệu,B00,2025,24.3,,THPT
XDA,Trường Đại Học Xây Dựng Hà Nội,7520309,Kỹ thuật vật liệu,D07,2025,24.3,,THPT
XDA,Đại học Xây dựng Hà Nội,7520309,Kỹ thuật vật liệu,D07,2025,24.3,,THPT
XDA,Đại học Xây dựng Hà Nội,7520320,Ngành Kỹ thuật môi trường,A00,2025,23.0,,THPT
XDA,Trường Đại Học Xây Dựng Hà Nội,7520320,Kỹ thuật Môi trường,A00,2025,23.0,,THPT
XDA,Trường Đại Học Xây Dựng Hà Nội,7520320,Kỹ thuật Môi trường,A01,2025,23.0,,THPT
XDA,Đại học Xây dựng Hà Nội,7520320,Ngành Kỹ thuật môi trường,A01,2025,23.0,,THPT
XDA,Trường Đại Học Xây Dựng Hà Nội,7520320,Kỹ thuật Môi trường,B00,2025,23.0,,THPT
XDA,Đại học Xây dựng Hà Nội,7520320,Ngành Kỹ thuật môi trường,B00,2025,23.0,,THPT
XDA,Trường Đại Học Xây Dựng Hà Nội,7520320,Kỹ thuật Môi trường,D07,2025,23.0,,THPT
XDA,Đại học Xây dựng Hà Nội,7520320,Ngành Kỹ thuật môi trường,D07,2025,23.0,,THPT
XDA,Đại học Xây dựng Hà Nội,7580201,Kỹ thuật xây dựng,A00,2025,23.85,,THPT
XDA,Trường Đại Học Xây Dựng Hà Nội,7580201,Kỹ thuật xây dựng,A00,2025,23.85,,THPT
XDA,Trường Đại Học Xây Dựng Hà Nội,7580201,Kỹ thuật xây dựng,A01,2025,23.85,,THPT
XDA,Đại học Xây dựng Hà Nội,7580201,Kỹ thuật xây dựng,A01,2025,23.85,,THPT
XDA,Trường Đại Học Xây Dựng Hà Nội,7580201,Kỹ thuật xây dựng,D01,2025,23.85,,THPT
XDA,Đại học Xây dựng Hà Nội,7580201,Kỹ thuật xây dựng,D01,2025,23.85,,THPT
XDA,Trường Đại Học Xây Dựng Hà Nội,7580201,Kỹ thuật xây dựng,D07,2025,23.85,,THPT
XDA,Đại học Xây dựng Hà Nội,7580201,Kỹ thuật xây dựng,D07,2025,23.85,,THPT
XDA,Đại học Xây dựng Hà Nội,7580201_01,Kỹ thuật công trình xây dựng (chuyên ngành: Xây dựng Dân dụng và Công nghiệp),A00,2025,24.0,,THPT
XDA,Trường Đại Học Xây Dựng Hà Nội,7580201_01,Kỹ thuật xây dựng/ Xây dựng Dân dụng và Công nghiệp,A00,2025,24.0,,THPT
XDA,Trường Đại Học Xây Dựng Hà Nội,7580201_01,Kỹ thuật xây dựng/ Xây dựng Dân dụng và Công nghiệp,A01,2025,24.0,,THPT
XDA,Đại học Xây dựng Hà Nội,7580201_01,Kỹ thuật công trình xây dựng (chuyên ngành: Xây dựng Dân dụng và Công nghiệp),A01,2025,24.0,,THPT
XDA,Trường Đại Học Xây Dựng Hà Nội,7580201_01,Kỹ thuật xây dựng/ Xây dựng Dân dụng và Công nghiệp,D07,2025,24.0,,THPT
XDA,Đại học Xây dựng Hà Nội,7580201_01,Kỹ thuật công trình xây dựng (chuyên ngành: Xây dựng Dân dụng và Công nghiệp),D07,2025,24.0,,THPT
XDA,Đại học Xây dựng Hà Nội,7580201_02,Kỹ thuật công trình xây dựng (chuyên ngành: Hệ thống kỹ thuật trong công trình),A00,2025,23.25,,THPT
XDA,Trường Đại Học Xây Dựng Hà Nội,7580201_02,Kỹ thuật xây dựng/ Hệ thống kỹ thuật trong công trình,A00,2025,23.25,,THPT
XDA,Trường Đại Học Xây Dựng Hà Nội,7580201_02,Kỹ thuật xây dựng/ Hệ thống kỹ thuật trong công trình,A01,2025,23.25,,THPT
XDA,Đại học Xây dựng Hà Nội,7580201_02,Kỹ thuật công trình xây dựng (chuyên ngành: Hệ thống kỹ thuật trong công trình),A01,2025,23.25,,THPT
XDA,Đại học Xây dựng Hà Nội,7580201_02,Kỹ thuật công trình xây dựng (chuyên ngành: Hệ thống kỹ thuật trong công trình),D01,2025,23.25,,THPT
XDA,Trường Đại Học Xây Dựng Hà Nội,7580201_02,Kỹ thuật xây dựng/ Hệ thống kỹ thuật trong công trình,D07,2025,23.25,,THPT
XDA,Đại học Xây dựng Hà Nội,7580201_02,Kỹ thuật công trình xây dựng (chuyên ngành: Hệ thống kỹ thuật trong công trình),D07,2025,23.25,,THPT
XDA,Đại học Xây dựng Hà Nội,7580201_03,Kỹ thuật xây dựng (chuyên ngành: Tin học xây dựng),A00,2025,23.85,,THPT
XDA,Trường Đại Học Xây Dựng Hà Nội,7580201_03,Kỹ thuật xây dựng/ Tin học xây dựng,A00,2025,23.85,,THPT
XDA,Trường Đại Học Xây Dựng Hà Nội,7580201_03,Kỹ thuật xây dựng/ Tin học xây dựng,A01,2025,23.85,,THPT
XDA,Đại học Xây dựng Hà Nội,7580201_03,Kỹ thuật xây dựng (chuyên ngành: Tin học xây dựng),A01,2025,23.85,,THPT
XDA,Trường Đại Học Xây Dựng Hà Nội,7580201_03,Kỹ thuật xây dựng/ Tin học xây dựng,D01,2025,23.85,,THPT
XDA,Đại học Xây dựng Hà Nội,7580201_03,Kỹ thuật xây dựng (chuyên ngành: Tin học xây dựng),D01,2025,23.85,,THPT
XDA,Trường Đại Học Xây Dựng Hà Nội,7580201_03,Kỹ thuật xây dựng/ Tin học xây dựng,D07,2025,23.85,,THPT
XDA,Đại học Xây dựng Hà Nội,7580201_03,Kỹ thuật xây dựng (chuyên ngành: Tin học xây dựng),D07,2025,23.85,,THPT
XDA,Đại học Xây dựng Hà Nội,7580201_04,Kỹ thuật xây dựng,A00,2025,22.5,,THPT
XDA,Trường Đại Học Xây Dựng Hà Nội,7580201_04,Kỹ thuật xây dựng/ Kỹ thuật công trình thủy,A00,2025,22.5,,THPT
XDA,Trường Đại Học Xây Dựng Hà Nội,7580201_04,Kỹ thuật xây dựng/ Kỹ thuật công trình thủy,A01,2025,22.5,,THPT
XDA,Đại học Xây dựng Hà Nội,7580201_04,Kỹ thuật xây dựng,A01,2025,22.5,,THPT
XDA,Trường Đại Học Xây Dựng Hà Nội,7580201_04,Kỹ thuật xây dựng/ Kỹ thuật công trình thủy,D01,2025,22.5,,THPT
XDA,Đại học Xây dựng Hà Nội,7580201_04,Kỹ thuật xây dựng,D01,2025,22.5,,THPT
XDA,Trường Đại Học Xây Dựng Hà Nội,7580201_04,Kỹ thuật xây dựng/ Kỹ thuật công trình thủy,D07,2025,22.5,,THPT
XDA,Đại học Xây dựng Hà Nội,7580201_04,Kỹ thuật xây dựng,D07,2025,22.5,,THPT
XDA,Đại học Xây dựng Hà Nội,7580201_05,Kỹ thuật công trình xây dựng (chuyên ngành: Tin học xây dựng),A00,2025,22.4,,THPT
XDA,Trường Đại Học Xây Dựng Hà Nội,7580201_05,Kỹ thuật xây dựng/ Kỹ thuật công trình biển,A00,2025,22.4,,THPT
XDA,Trường Đại Học Xây Dựng Hà Nội,7580201_05,Kỹ thuật xây dựng/ Kỹ thuật công trình biển,A01,2025,22.4,,THPT
XDA,Đại học Xây dựng Hà Nội,7580201_05,Kỹ thuật công trình xây dựng (chuyên ngành: Tin học xây dựng),A01,2025,22.4,,THPT
XDA,Trường Đại Học Xây Dựng Hà Nội,7580201_05,Kỹ thuật xây dựng/ Kỹ thuật công trình biển,D01,2025,22.4,,THPT
XDA,Đại học Xây dựng Hà Nội,7580201_05,Kỹ thuật công trình xây dựng (chuyên ngành: Tin học xây dựng),D01,2025,22.4,,THPT
XDA,Trường Đại Học Xây Dựng Hà Nội,7580201_05,Kỹ thuật xây dựng/ Kỹ thuật công trình biển,D07,2025,22.4,,THPT
XDA,Đại học Xây dựng Hà Nội,7580201_05,Kỹ thuật công trình xây dựng (chuyên ngành: Tin học xây dựng),D07,2025,22.4,,THPT
XDA,Đại học Xây dựng Hà Nội,7580201_CLC,Kỹ thuật xây dựng (Chương trình đào tạo Kỹ sư Việt - Pháp PFIEV),A00,2025,21.0,,THPT
XDA,Trường Đại Học Xây Dựng Hà Nội,7580201_CLC,Kỹ thuật xây dựng,A00,2025,21.0,,THPT
XDA,Trường Đại Học Xây Dựng Hà Nội,7580201_CLC,Kỹ thuật xây dựng (Chương trình đào tạo Kỹ sư chất lượng cao - PFIEV),A00,2025,0.0,,THPT
XDA,Trường Đại Học Xây Dựng Hà Nội,7580201_CLC,Kỹ thuật xây dựng,A01,2025,21.0,,THPT
XDA,Trường Đại Học Xây Dựng Hà Nội,7580201_CLC,Kỹ thuật xây dựng (Chương trình đào tạo Kỹ sư chất lượng cao - PFIEV),A01,2025,0.0,,THPT
XDA,Đại học Xây dựng Hà Nội,7580201_CLC,Kỹ thuật xây dựng (Chương trình đào tạo Kỹ sư Việt - Pháp PFIEV),A01,2025,21.0,,THPT
XDA,Trường Đại Học Xây Dựng Hà Nội,7580201_CLC,Kỹ thuật xây dựng,D07,2025,21.0,,THPT
XDA,Trường Đại Học Xây Dựng Hà Nội,7580201_CLC,Kỹ thuật xây dựng (Chương trình đào tạo Kỹ sư chất lượng cao - PFIEV),D07,2025,0.0,,THPT
XDA,Đại học Xây dựng Hà Nội,7580201_CLC,Kỹ thuật xây dựng (Chương trình đào tạo Kỹ sư Việt - Pháp PFIEV),D07,2025,21.0,,THPT
XDA,Đại học Xây dựng Hà Nội,7580201_QT,Ngành kỹ thuật xây dựng liên kết với Mississippi,A00,2025,22.0,,THPT
XDA,Trường Đại Học Xây Dựng Hà Nội,7580201_QT,Kỹ thuật xây dựng (Chương trình đào tạo Liên kết quốc tế với Đại học Mississippi - Hoa Kỳ),A00,2025,0.0,,THPT
XDA,Trường Đại Học Xây Dựng Hà Nội,7580201_QT,Kỹ thuật xây dựng,A00,2025,22.0,,THPT
XDA,Trường Đại Học Xây Dựng Hà Nội,7580201_QT,Kỹ thuật xây dựng (Chương trình đào tạo Liên kết quốc tế với Đại học Mississippi - Hoa Kỳ),A01,2025,0.0,,THPT
XDA,Trường Đại Học Xây Dựng Hà Nội,7580201_QT,Kỹ thuật xây dựng,A01,2025,22.0,,THPT
XDA,Đại học Xây dựng Hà Nội,7580201_QT,Ngành kỹ thuật xây dựng liên kết với Mississippi,A01,2025,22.0,,THPT
XDA,Trường Đại Học Xây Dựng Hà Nội,7580201_QT,Kỹ thuật xây dựng (Chương trình đào tạo Liên kết quốc tế với Đại học Mississippi - Hoa Kỳ),D01,2025,0.0,,THPT
XDA,Trường Đại Học Xây Dựng Hà Nội,7580201_QT,Kỹ thuật xây dựng,D01,2025,22.0,,THPT
XDA,Đại học Xây dựng Hà Nội,7580201_QT,Ngành kỹ thuật xây dựng liên kết với Mississippi,D01,2025,22.0,,THPT
XDA,Trường Đại Học Xây Dựng Hà Nội,7580201_QT,Kỹ thuật xây dựng (Chương trình đào tạo Liên kết quốc tế với Đại học Mississippi - Hoa Kỳ),D07,2025,0.0,,THPT
XDA,Trường Đại Học Xây Dựng Hà Nội,7580201_QT,Kỹ thuật xây dựng,D07,2025,22.0,,THPT
XDA,Đại học Xây dựng Hà Nội,7580201_QT,Ngành kỹ thuật xây dựng liên kết với Mississippi,D07,2025,22.0,,THPT
XDA,Đại học Xây dựng Hà Nội,7580205_01,Kỹ thuật xây dựng công trình Giao thông (Chuyên ngành: Xây dựng Cầu đường),A00,2025,23.0,,THPT
XDA,Trường Đại Học Xây Dựng Hà Nội,7580205_01,Kỹ thuật xây dựng công trình Giao thông/ Xây dựng Cầu đường,A00,2025,23.0,,THPT
XDA,Trường Đại Học Xây Dựng Hà Nội,7580205_01,Kỹ thuật xây dựng công trình Giao thông/ Xây dựng Cầu đường,A01,2025,23.0,,THPT
XDA,Đại học Xây dựng Hà Nội,7580205_01,Kỹ thuật xây dựng công trình Giao thông (Chuyên ngành: Xây dựng Cầu đường),A01,2025,23.0,,THPT
XDA,Trường Đại Học Xây Dựng Hà Nội,7580205_01,Kỹ thuật xây dựng công trình Giao thông/ Xây dựng Cầu đường,D01,2025,23.0,,THPT
XDA,Đại học Xây dựng Hà Nội,7580205_01,Kỹ thuật xây dựng công trình Giao thông (Chuyên ngành: Xây dựng Cầu đường),D01,2025,23.0,,THPT
XDA,Trường Đại Học Xây Dựng Hà Nội,7580205_01,Kỹ thuật xây dựng công trình Giao thông/ Xây dựng Cầu đường,D07,2025,23.0,,THPT
XDA,Đại học Xây dựng Hà Nội,7580205_01,Kỹ thuật xây dựng công trình Giao thông (Chuyên ngành: Xây dựng Cầu đường),D07,2025,23.0,,THPT
XDA,Đại học Xây dựng Hà Nội,7580205_02,Kỹ thuật xây dựng công trình giao thông/ Đường sắt tốc độ cao và đường sắt đô thị,A00,2025,22.45,,THPT
XDA,Trường Đại Học Xây Dựng Hà Nội,7580205_02,Kỹ thuật xây dựng công trình giao thông/ Đường sắt tốc độ cao và đường sắt đô thị,A00,2025,22.45,,THPT
XDA,Trường Đại Học Xây Dựng Hà Nội,7580205_02,Kỹ thuật xây dựng công trình giao thông/ Đường sắt tốc độ cao và đường sắt đô thị,A01,2025,22.45,,THPT
XDA,Đại học Xây dựng Hà Nội,7580205_02,Kỹ thuật xây dựng công trình giao thông/ Đường sắt tốc độ cao và đường sắt đô thị,A01,2025,22.45,,THPT
XDA,Trường Đại Học Xây Dựng Hà Nội,7580205_02,Kỹ thuật xây dựng công trình giao thông/ Đường sắt tốc độ cao và đường sắt đô thị,D01,2025,22.45,,THPT
XDA,Đại học Xây dựng Hà Nội,7580205_02,Kỹ thuật xây dựng công trình giao thông/ Đường sắt tốc độ cao và đường sắt đô thị,D01,2025,22.45,,THPT
XDA,Trường Đại Học Xây Dựng Hà Nội,7580205_02,Kỹ thuật xây dựng công trình giao thông/ Đường sắt tốc độ cao và đường sắt đô thị,D07,2025,22.45,,THPT
XDA,Đại học Xây dựng Hà Nội,7580205_02,Kỹ thuật xây dựng công trình giao thông/ Đường sắt tốc độ cao và đường sắt đô thị,D07,2025,22.45,,THPT
XDA,Đại học Xây dựng Hà Nội,7580213_01,Kỹ thuật Cấp thoát nước (chuyên ngành: Cấp thoát nước - Môi trường nước),A00,2025,21.65,,THPT
XDA,Trường Đại Học Xây Dựng Hà Nội,7580213_01,Kỹ thuật Cấp thoát nước/ Kỹ thuật nước - Môi trường nước,A00,2025,21.65,,THPT
XDA,Trường Đại Học Xây Dựng Hà Nội,7580213_01,Kỹ thuật Cấp thoát nước/ Kỹ thuật nước - Môi trường nước,A01,2025,21.65,,THPT
XDA,Đại học Xây dựng Hà Nội,7580213_01,Kỹ thuật Cấp thoát nước (chuyên ngành: Cấp thoát nước - Môi trường nước),A01,2025,21.65,,THPT
XDA,Trường Đại Học Xây Dựng Hà Nội,7580213_01,Kỹ thuật Cấp thoát nước/ Kỹ thuật nước - Môi trường nước,B00,2025,21.65,,THPT
XDA,Đại học Xây dựng Hà Nội,7580213_01,Kỹ thuật Cấp thoát nước (chuyên ngành: Cấp thoát nước - Môi trường nước),B00,2025,21.65,,THPT
XDA,Trường Đại Học Xây Dựng Hà Nội,7580213_01,Kỹ thuật Cấp thoát nước/ Kỹ thuật nước - Môi trường nước,D07,2025,21.65,,THPT
XDA,Đại học Xây dựng Hà Nội,7580213_01,Kỹ thuật Cấp thoát nước (chuyên ngành: Cấp thoát nước - Môi trường nước),D07,2025,21.65,,THPT
XDA,Đại học Xây dựng Hà Nội,7580301,Kinh tế xây dựng,A00,2025,24.9,,THPT
XDA,Trường Đại Học Xây Dựng Hà Nội,7580301,Kinh tế xây dựng,A00,2025,24.9,,THPT
XDA,Trường Đại Học Xây Dựng Hà Nội,7580301,Kinh tế xây dựng,A01,2025,24.9,,THPT
XDA,Đại học Xây dựng Hà Nội,7580301,Kinh tế xây dựng,A01,2025,24.9,,THPT
XDA,Trường Đại Học Xây Dựng Hà Nội,7580301,Kinh tế xây dựng,D01,2025,24.9,,THPT
XDA,Đại học Xây dựng Hà Nội,7580301,Kinh tế xây dựng,D01,2025,24.9,,THPT
XDA,Trường Đại Học Xây Dựng Hà Nội,7580301,Kinh tế xây dựng,D07,2025,24.9,,THPT
XDA,Đại học Xây dựng Hà Nội,7580301,Kinh tế xây dựng,D07,2025,24.9,,THPT
XDA,Đại học Xây dựng Hà Nội,7580302_01,Quản lý xây dựng (chuyên ngành: Kinh tế và Quản lý đô thị).,A00,2025,24.1,,THPT
XDA,Trường Đại Học Xây Dựng Hà Nội,7580302_01,Quản lý xây dựng/ Kinh tế và quản lý đô thị,A00,2025,24.1,,THPT
XDA,Trường Đại Học Xây Dựng Hà Nội,7580302_01,Quản lý xây dựng/ Kinh tế và quản lý đô thị,A01,2025,24.1,,THPT
XDA,Đại học Xây dựng Hà Nội,7580302_01,Quản lý xây dựng (chuyên ngành: Kinh tế và Quản lý đô thị).,A01,2025,24.1,,THPT
XDA,Trường Đại Học Xây Dựng Hà Nội,7580302_01,Quản lý xây dựng/ Kinh tế và quản lý đô thị,D01,2025,24.1,,THPT
XDA,Đại học Xây dựng Hà Nội,7580302_01,Quản lý xây dựng (chuyên ngành: Kinh tế và Quản lý đô thị).,D01,2025,24.1,,THPT
XDA,Trường Đại Học Xây Dựng Hà Nội,7580302_01,Quản lý xây dựng/ Kinh tế và quản lý đô thị,D07,2025,24.1,,THPT
XDA,Đại học Xây dựng Hà Nội,7580302_01,Quản lý xây dựng (chuyên ngành: Kinh tế và Quản lý đô thị).,D07,2025,24.1,,THPT
XDA,Đại học Xây dựng Hà Nội,7580302_02,Quản lý xây dựng (chuyên ngành:Kinh tế và Quản lý Bất động sản).,A00,2025,23.65,,THPT
XDA,Trường Đại Học Xây Dựng Hà Nội,7580302_02,Quản lý xây dựng/ Kinh tế và quản lý bất động sản,A00,2025,23.65,,THPT
XDA,Trường Đại Học Xây Dựng Hà Nội,7580302_02,Quản lý xây dựng/ Kinh tế và quản lý bất động sản,A01,2025,23.65,,THPT
XDA,Đại học Xây dựng Hà Nội,7580302_02,Quản lý xây dựng (chuyên ngành:Kinh tế và Quản lý Bất động sản).,A01,2025,23.65,,THPT
XDA,Trường Đại Học Xây Dựng Hà Nội,7580302_02,Quản lý xây dựng/ Kinh tế và quản lý bất động sản,D01,2025,23.65,,THPT
XDA,Đại học Xây dựng Hà Nội,7580302_02,Quản lý xây dựng (chuyên ngành:Kinh tế và Quản lý Bất động sản).,D01,2025,23.65,,THPT
XDA,Trường Đại Học Xây Dựng Hà Nội,7580302_02,Quản lý xây dựng/ Kinh tế và quản lý bất động sản,D07,2025,23.65,,THPT
XDA,Đại học Xây dựng Hà Nội,7580302_02,Quản lý xây dựng (chuyên ngành:Kinh tế và Quản lý Bất động sản).,D07,2025,23.65,,THPT
XDA,Đại học Xây dựng Hà Nội,7580302_03,Chuyên ngành quản lý hạ tầng đất đai đô thi,A00,2025,23.5,,THPT
XDA,Trường Đại Học Xây Dựng Hà Nội,7580302_03,"Quản lý xây dựng/ Quản lý hạ tầng, đất đai đô thị (*)",A00,2025,0.0,,THPT
XDA,Trường Đại Học Xây Dựng Hà Nội,7580302_03,"Quản lý xây dựng/ Quản lý hạ tầng, đất đai đô thị",A00,2025,23.5,,THPT
XDA,Trường Đại Học Xây Dựng Hà Nội,7580302_03,"Quản lý xây dựng/ Quản lý hạ tầng, đất đai đô thị (*)",A01,2025,0.0,,THPT
XDA,Trường Đại Học Xây Dựng Hà Nội,7580302_03,"Quản lý xây dựng/ Quản lý hạ tầng, đất đai đô thị",A01,2025,23.5,,THPT
XDA,Đại học Xây dựng Hà Nội,7580302_03,Chuyên ngành quản lý hạ tầng đất đai đô thi,A01,2025,23.5,,THPT
XDA,Trường Đại Học Xây Dựng Hà Nội,7580302_03,"Quản lý xây dựng/ Quản lý hạ tầng, đất đai đô thị (*)",D01,2025,0.0,,THPT
XDA,Trường Đại Học Xây Dựng Hà Nội,7580302_03,"Quản lý xây dựng/ Quản lý hạ tầng, đất đai đô thị",D01,2025,23.5,,THPT
XDA,Đại học Xây dựng Hà Nội,7580302_03,Chuyên ngành quản lý hạ tầng đất đai đô thi,D01,2025,23.5,,THPT
XDA,Trường Đại Học Xây Dựng Hà Nội,7580302_03,"Quản lý xây dựng/ Quản lý hạ tầng, đất đai đô thị (*)",D07,2025,0.0,,THPT
XDA,Trường Đại Học Xây Dựng Hà Nội,7580302_03,"Quản lý xây dựng/ Quản lý hạ tầng, đất đai đô thị",D07,2025,23.5,,THPT
XDA,Đại học Xây dựng Hà Nội,7580302_03,Chuyên ngành quản lý hạ tầng đất đai đô thi,D07,2025,23.5,,THPT
XDA,Đại học Xây dựng Hà Nội,7580302_04,Quản lý xây dựng/ Kiểm toán đầu tư xây dựng,A00,2025,24.35,,THPT
XDA,Trường Đại Học Xây Dựng Hà Nội,7580302_04,Quản lý xây dựng/ Kiểm toán đầu tư xây dựng,A00,2025,24.35,,THPT
XDA,Trường Đại Học Xây Dựng Hà Nội,7580302_04,Quản lý xây dựng/ Kiểm toán đầu tư xây dựng (*),A00,2025,0.0,,THPT
XDA,Trường Đại Học Xây Dựng Hà Nội,7580302_04,Quản lý xây dựng/ Kiểm toán đầu tư xây dựng,A01,2025,24.35,,THPT
XDA,Trường Đại Học Xây Dựng Hà Nội,7580302_04,Quản lý xây dựng/ Kiểm toán đầu tư xây dựng (*),A01,2025,0.0,,THPT
XDA,Đại học Xây dựng Hà Nội,7580302_04,Quản lý xây dựng/ Kiểm toán đầu tư xây dựng,A01,2025,24.35,,THPT
XDA,Trường Đại Học Xây Dựng Hà Nội,7580302_04,Quản lý xây dựng/ Kiểm toán đầu tư xây dựng,D01,2025,24.35,,THPT
XDA,Trường Đại Học Xây Dựng Hà Nội,7580302_04,Quản lý xây dựng/ Kiểm toán đầu tư xây dựng (*),D01,2025,0.0,,THPT
XDA,Đại học Xây dựng Hà Nội,7580302_04,Quản lý xây dựng/ Kiểm toán đầu tư xây dựng,D01,2025,24.35,,THPT
XDA,Trường Đại Học Xây Dựng Hà Nội,7580302_04,Quản lý xây dựng/ Kiểm toán đầu tư xây dựng,D07,2025,24.35,,THPT
XDA,Trường Đại Học Xây Dựng Hà Nội,7580302_04,Quản lý xây dựng/ Kiểm toán đầu tư xây dựng (*),D07,2025,0.0,,THPT
XDA,Đại học Xây dựng Hà Nội,7580302_04,Quản lý xây dựng/ Kiểm toán đầu tư xây dựng,D07,2025,24.35,,THPT
XDN,Phân hiệu Đại học Xây dựng miền Trung tại Đà Nẵng,7340101,Quản trị kinh doanh,A00,2025,15.0,,THPT
XDN,Phân hiệu Đại học Xây dựng miền Trung tại Đà Nẵng,7340101,Quản trị kinh doanh,A01,2025,15.0,,THPT
XDN,Phân hiệu Đại học Xây dựng miền Trung tại Đà Nẵng,7340101,Quản trị kinh doanh,D01,2025,15.0,,THPT
XDN,Phân hiệu Đại học Xây dựng miền Trung tại Đà Nẵng,7340101,Quản trị kinh doanh,D07,2025,15.0,,THPT
XDN,Phân hiệu Đại học Xây dựng miền Trung tại Đà Nẵng,7340122,Thương mại điện tử,A00,2025,15.0,,THPT
XDN,Phân hiệu Đại học Xây dựng miền Trung tại Đà Nẵng,7340122,Thương mại điện tử,A01,2025,15.0,,THPT
XDN,Phân hiệu Đại học Xây dựng miền Trung tại Đà Nẵng,7340122,Thương mại điện tử,D01,2025,15.0,,THPT
XDN,Phân hiệu Đại học Xây dựng miền Trung tại Đà Nẵng,7340122,Thương mại điện tử,D07,2025,15.0,,THPT
XDN,Phân hiệu Đại học Xây dựng miền Trung tại Đà Nẵng,7340301,Kế toán,A00,2025,15.0,,THPT
XDN,Phân hiệu Đại học Xây dựng miền Trung tại Đà Nẵng,7340301,Kế toán,A01,2025,15.0,,THPT
XDN,Phân hiệu Đại học Xây dựng miền Trung tại Đà Nẵng,7340301,Kế toán,D01,2025,15.0,,THPT
XDN,Phân hiệu Đại học Xây dựng miền Trung tại Đà Nẵng,7340301,Kế toán,D07,2025,15.0,,THPT
XDN,Phân hiệu Đại học Xây dựng miền Trung tại Đà Nẵng,7480201,Công nghệ thông tin,A00,2025,15.0,,THPT
XDN,Phân hiệu Đại học Xây dựng miền Trung tại Đà Nẵng,7480201,Công nghệ thông tin,A01,2025,15.0,,THPT
XDN,Phân hiệu Đại học Xây dựng miền Trung tại Đà Nẵng,7480201,Công nghệ thông tin,D01,2025,15.0,,THPT
XDN,Phân hiệu Đại học Xây dựng miền Trung tại Đà Nẵng,7480201,Công nghệ thông tin,D07,2025,15.0,,THPT
XDN,Phân hiệu Đại học Xây dựng miền Trung tại Đà Nẵng,7510205,Công nghệ kỹ thuật ô tô,A00,2025,15.0,,THPT
XDN,Phân hiệu Đại học Xây dựng miền Trung tại Đà Nẵng,7510205,Công nghệ kỹ thuật ô tô,A01,2025,15.0,,THPT
XDN,Phân hiệu Đại học Xây dựng miền Trung tại Đà Nẵng,7510205,Công nghệ kỹ thuật ô tô,D01,2025,15.0,,THPT
XDN,Phân hiệu Đại học Xây dựng miền Trung tại Đà Nẵng,7510205,Công nghệ kỹ thuật ô tô,D07,2025,15.0,,THPT
XDN,Phân hiệu Đại học Xây dựng miền Trung tại Đà Nẵng,7510605,Logistics và Quản lý chuỗi cung ứng,A00,2025,15.0,,THPT
XDN,Phân hiệu Đại học Xây dựng miền Trung tại Đà Nẵng,7510605,Logistics và Quản lý chuỗi cung ứng,A01,2025,15.0,,THPT
XDN,Phân hiệu Đại học Xây dựng miền Trung tại Đà Nẵng,7510605,Logistics và Quản lý chuỗi cung ứng,D01,2025,15.0,,THPT
XDN,Phân hiệu Đại học Xây dựng miền Trung tại Đà Nẵng,7510605,Logistics và Quản lý chuỗi cung ứng,D07,2025,15.0,,THPT
XDN,Phân hiệu Đại học Xây dựng miền Trung tại Đà Nẵng,7520216,Kỹ thuật điều khiển và tự động hoá,A00,2025,15.0,,THPT
XDN,Phân hiệu Đại học Xây dựng miền Trung tại Đà Nẵng,7520216,Kỹ thuật điều khiển và tự động hoá,A01,2025,15.0,,THPT
XDN,Phân hiệu Đại học Xây dựng miền Trung tại Đà Nẵng,7520216,Kỹ thuật điều khiển và tự động hoá,D01,2025,15.0,,THPT
XDN,Phân hiệu Đại học Xây dựng miền Trung tại Đà Nẵng,7520216,Kỹ thuật điều khiển và tự động hoá,D07,2025,15.0,,THPT
XDN,Phân hiệu Đại học Xây dựng miền Trung tại Đà Nẵng,7580101,Kiến trúc,A01,2025,15.0,,THPT
XDN,Phân hiệu Đại học Xây dựng miền Trung tại Đà Nẵng,7580101,Kiến trúc,D01,2025,15.0,,THPT
XDN,Phân hiệu Đại học Xây dựng miền Trung tại Đà Nẵng,7580101,Kiến trúc,D07,2025,15.0,,THPT
XDN,Phân hiệu Đại học Xây dựng miền Trung tại Đà Nẵng,7580103,Kiến trúc nội thất,A01,2025,15.0,,THPT
XDN,Phân hiệu Đại học Xây dựng miền Trung tại Đà Nẵng,7580103,Kiến trúc nội thất,D01,2025,15.0,,THPT
XDN,Phân hiệu Đại học Xây dựng miền Trung tại Đà Nẵng,7580103,Kiến trúc nội thất,D07,2025,15.0,,THPT
XDN,Phân hiệu Đại học Xây dựng miền Trung tại Đà Nẵng,7580201,Kỹ thuật xây dựng,A00,2025,15.0,,THPT
XDN,Phân hiệu Đại học Xây dựng miền Trung tại Đà Nẵng,7580201,Kỹ thuật xây dựng,A01,2025,15.0,,THPT
XDN,Phân hiệu Đại học Xây dựng miền Trung tại Đà Nẵng,7580201,Kỹ thuật xây dựng,D01,2025,15.0,,THPT
XDN,Phân hiệu Đại học Xây dựng miền Trung tại Đà Nẵng,7580201,Kỹ thuật xây dựng,D07,2025,15.0,,THPT
XDN,Phân hiệu Đại học Xây dựng miền Trung tại Đà Nẵng,7580205,Kỹ thuật xây dựng công trình giao thông,A00,2025,15.0,,THPT
XDN,Phân hiệu Đại học Xây dựng miền Trung tại Đà Nẵng,7580205,Kỹ thuật xây dựng công trình giao thông,A01,2025,15.0,,THPT
XDN,Phân hiệu Đại học Xây dựng miền Trung tại Đà Nẵng,7580205,Kỹ thuật xây dựng công trình giao thông,D01,2025,15.0,,THPT
XDN,Phân hiệu Đại học Xây dựng miền Trung tại Đà Nẵng,7580205,Kỹ thuật xây dựng công trình giao thông,D07,2025,15.0,,THPT
XDN,Phân hiệu Đại học Xây dựng miền Trung tại Đà Nẵng,7580302,Quản lý xây dựng,A00,2025,15.0,,THPT
XDN,Phân hiệu Đại học Xây dựng miền Trung tại Đà Nẵng,7580302,Quản lý xây dựng,A01,2025,15.0,,THPT
XDN,Phân hiệu Đại học Xây dựng miền Trung tại Đà Nẵng,7580302,Quản lý xây dựng,D01,2025,15.0,,THPT
XDN,Phân hiệu Đại học Xây dựng miền Trung tại Đà Nẵng,7580302,Quản lý xây dựng,D07,2025,15.0,,THPT
XDT,Đại học Xây dựng Miền Trung,7340101,Quản trị Kinh doanh,A00,2025,15.0,,THPT
XDT,Trường Đại Học Xây Dựng Miền Trung,7340101,Quản trị kinh doanh,A00,2025,15.0,,THPT
XDT,Trường Đại Học Xây Dựng Miền Trung,7340101,Quản trị kinh doanh,A01,2025,15.0,,THPT
XDT,Đại học Xây dựng Miền Trung,7340101,Quản trị Kinh doanh,A01,2025,15.0,,THPT
XDT,Trường Đại Học Xây Dựng Miền Trung,7340101,Quản trị kinh doanh,D01,2025,15.0,,THPT
XDT,Đại học Xây dựng Miền Trung,7340101,Quản trị Kinh doanh,D01,2025,15.0,,THPT
XDT,Trường Đại Học Xây Dựng Miền Trung,7340101,Quản trị kinh doanh,D07,2025,15.0,,THPT
XDT,Đại học Xây dựng Miền Trung,7340101,Quản trị Kinh doanh,D07,2025,15.0,,THPT
XDT,Đại học Xây dựng Miền Trung,7340122,Thương mại điện tử,A00,2025,15.0,,THPT
XDT,Trường Đại Học Xây Dựng Miền Trung,7340122,Thương mại điện tử,A00,2025,15.0,,THPT
XDT,Trường Đại Học Xây Dựng Miền Trung,7340122,Thương mại điện tử,A01,2025,15.0,,THPT
XDT,Đại học Xây dựng Miền Trung,7340122,Thương mại điện tử,A01,2025,15.0,,THPT
XDT,Trường Đại Học Xây Dựng Miền Trung,7340122,Thương mại điện tử,D01,2025,15.0,,THPT
XDT,Đại học Xây dựng Miền Trung,7340122,Thương mại điện tử,D01,2025,15.0,,THPT
XDT,Trường Đại Học Xây Dựng Miền Trung,7340122,Thương mại điện tử,D07,2025,15.0,,THPT
XDT,Đại học Xây dựng Miền Trung,7340122,Thương mại điện tử,D07,2025,15.0,,THPT
XDT,Đại học Xây dựng Miền Trung,7340201,Tài chính – Ngân hàng,A00,2025,15.0,,THPT
XDT,Trường Đại Học Xây Dựng Miền Trung,7340201,Tài chính - Ngân hàng,A00,2025,15.0,,THPT
XDT,Trường Đại Học Xây Dựng Miền Trung,7340201,Tài chính - Ngân hàng,A01,2025,15.0,,THPT
XDT,Đại học Xây dựng Miền Trung,7340201,Tài chính – Ngân hàng,A01,2025,15.0,,THPT
XDT,Trường Đại Học Xây Dựng Miền Trung,7340201,Tài chính - Ngân hàng,D01,2025,15.0,,THPT
XDT,Đại học Xây dựng Miền Trung,7340201,Tài chính – Ngân hàng,D01,2025,15.0,,THPT
XDT,Trường Đại Học Xây Dựng Miền Trung,7340201,Tài chính - Ngân hàng,D07,2025,15.0,,THPT
XDT,Đại học Xây dựng Miền Trung,7340201,Tài chính – Ngân hàng,D07,2025,15.0,,THPT
XDT,Đại học Xây dựng Miền Trung,7340301,Kế toán,A00,2025,15.0,,THPT
XDT,Trường Đại Học Xây Dựng Miền Trung,7340301,Kế toán,A00,2025,15.0,,THPT
XDT,Trường Đại Học Xây Dựng Miền Trung,7340301,Kế toán,A01,2025,15.0,,THPT
XDT,Đại học Xây dựng Miền Trung,7340301,Kế toán,A01,2025,15.0,,THPT
XDT,Trường Đại Học Xây Dựng Miền Trung,7340301,Kế toán,D01,2025,15.0,,THPT
XDT,Đại học Xây dựng Miền Trung,7340301,Kế toán,D01,2025,15.0,,THPT
XDT,Trường Đại Học Xây Dựng Miền Trung,7340301,Kế toán,D07,2025,15.0,,THPT
XDT,Đại học Xây dựng Miền Trung,7340301,Kế toán,D07,2025,15.0,,THPT
XDT,Đại học Xây dựng Miền Trung,7480201,Công nghệ thông tin,A00,2025,15.0,,THPT
XDT,Trường Đại Học Xây Dựng Miền Trung,7480201,Công nghệ thông tin,A00,2025,15.0,,THPT
XDT,Trường Đại Học Xây Dựng Miền Trung,7480201,Công nghệ thông tin,A01,2025,15.0,,THPT
XDT,Đại học Xây dựng Miền Trung,7480201,Công nghệ thông tin,A01,2025,15.0,,THPT
XDT,Trường Đại Học Xây Dựng Miền Trung,7480201,Công nghệ thông tin,D01,2025,15.0,,THPT
XDT,Đại học Xây dựng Miền Trung,7480201,Công nghệ thông tin,D01,2025,15.0,,THPT
XDT,Trường Đại Học Xây Dựng Miền Trung,7480201,Công nghệ thông tin,D07,2025,15.0,,THPT
XDT,Đại học Xây dựng Miền Trung,7480201,Công nghệ thông tin,D07,2025,15.0,,THPT
XDT,Đại học Xây dựng Miền Trung,7510205,Công nghệ kỹ thuật ô tô,A00,2025,15.0,,THPT
XDT,Trường Đại Học Xây Dựng Miền Trung,7510205,Công nghệ kỹ thuật ô tô,A00,2025,15.0,,THPT
XDT,Trường Đại Học Xây Dựng Miền Trung,7510205,Công nghệ kỹ thuật ô tô,A01,2025,15.0,,THPT
XDT,Đại học Xây dựng Miền Trung,7510205,Công nghệ kỹ thuật ô tô,A01,2025,15.0,,THPT
XDT,Trường Đại Học Xây Dựng Miền Trung,7510205,Công nghệ kỹ thuật ô tô,D01,2025,15.0,,THPT
XDT,Đại học Xây dựng Miền Trung,7510205,Công nghệ kỹ thuật ô tô,D01,2025,15.0,,THPT
XDT,Trường Đại Học Xây Dựng Miền Trung,7510205,Công nghệ kỹ thuật ô tô,D07,2025,15.0,,THPT
XDT,Đại học Xây dựng Miền Trung,7510205,Công nghệ kỹ thuật ô tô,D07,2025,15.0,,THPT
XDT,Đại học Xây dựng Miền Trung,7510605,Logistics và Quản lý chuỗi cung ứng,A00,2025,15.0,,THPT
XDT,Trường Đại Học Xây Dựng Miền Trung,7510605,Logistics và Quản lý chuỗi cung ứng,A00,2025,15.0,,THPT
XDT,Trường Đại Học Xây Dựng Miền Trung,7510605,Logistics và Quản lý chuỗi cung ứng,A01,2025,15.0,,THPT
XDT,Đại học Xây dựng Miền Trung,7510605,Logistics và Quản lý chuỗi cung ứng,A01,2025,15.0,,THPT
XDT,Trường Đại Học Xây Dựng Miền Trung,7510605,Logistics và Quản lý chuỗi cung ứng,D01,2025,15.0,,THPT
XDT,Đại học Xây dựng Miền Trung,7510605,Logistics và Quản lý chuỗi cung ứng,D01,2025,15.0,,THPT
XDT,Trường Đại Học Xây Dựng Miền Trung,7510605,Logistics và Quản lý chuỗi cung ứng,D07,2025,15.0,,THPT
XDT,Đại học Xây dựng Miền Trung,7510605,Logistics và Quản lý chuỗi cung ứng,D07,2025,15.0,,THPT
XDT,Đại học Xây dựng Miền Trung,7520216,Ngành Kỹ thuật điều khiển & Tự động hóa,A00,2025,15.0,,THPT
XDT,Trường Đại Học Xây Dựng Miền Trung,7520216,Kỹ thuật điều khiển và tự động hoá,A00,2025,15.0,,THPT
XDT,Trường Đại Học Xây Dựng Miền Trung,7520216,Kỹ thuật điều khiển và tự động hoá,A01,2025,15.0,,THPT
XDT,Đại học Xây dựng Miền Trung,7520216,Ngành Kỹ thuật điều khiển & Tự động hóa,A01,2025,15.0,,THPT
XDT,Trường Đại Học Xây Dựng Miền Trung,7520216,Kỹ thuật điều khiển và tự động hoá,D01,2025,15.0,,THPT
XDT,Đại học Xây dựng Miền Trung,7520216,Ngành Kỹ thuật điều khiển & Tự động hóa,D01,2025,15.0,,THPT
XDT,Trường Đại Học Xây Dựng Miền Trung,7520216,Kỹ thuật điều khiển và tự động hoá,D07,2025,15.0,,THPT
XDT,Đại học Xây dựng Miền Trung,7520216,Ngành Kỹ thuật điều khiển & Tự động hóa,D07,2025,15.0,,THPT
XDT,Đại học Xây dựng Miền Trung,7580101,Kiến trúc,A01,2025,15.0,,THPT
XDT,Trường Đại Học Xây Dựng Miền Trung,7580101,Kiến trúc,A01,2025,15.0,,THPT
XDT,Trường Đại Học Xây Dựng Miền Trung,7580101,Kiến trúc,D01,2025,15.0,,THPT
XDT,Đại học Xây dựng Miền Trung,7580101,Kiến trúc,D01,2025,15.0,,THPT
XDT,Trường Đại Học Xây Dựng Miền Trung,7580101,Kiến trúc,D07,2025,15.0,,THPT
XDT,Đại học Xây dựng Miền Trung,7580101,Kiến trúc,D07,2025,15.0,,THPT
XDT,Đại học Xây dựng Miền Trung,7580103,Kiến trúc nội thất (Hệ 5 năm; tốt nghiệp cấp bằng kiến trúc sư),A01,2025,15.0,,THPT
XDT,Trường Đại Học Xây Dựng Miền Trung,7580103,Kiến trúc nội thất,A01,2025,15.0,,THPT
XDT,Trường Đại Học Xây Dựng Miền Trung,7580103,Kiến trúc nội thất,D01,2025,15.0,,THPT
XDT,Đại học Xây dựng Miền Trung,7580103,Kiến trúc nội thất (Hệ 5 năm; tốt nghiệp cấp bằng kiến trúc sư),D01,2025,15.0,,THPT
XDT,Trường Đại Học Xây Dựng Miền Trung,7580103,Kiến trúc nội thất,D07,2025,15.0,,THPT
XDT,Đại học Xây dựng Miền Trung,7580103,Kiến trúc nội thất (Hệ 5 năm; tốt nghiệp cấp bằng kiến trúc sư),D07,2025,15.0,,THPT
XDT,Đại học Xây dựng Miền Trung,7580201,Kỹ thuật xây dựng,A00,2025,15.0,,THPT
XDT,Trường Đại Học Xây Dựng Miền Trung,7580201,Kỹ thuật xây dựng,A00,2025,15.0,,THPT
XDT,Trường Đại Học Xây Dựng Miền Trung,7580201,Kỹ thuật xây dựng,A01,2025,15.0,,THPT
XDT,Đại học Xây dựng Miền Trung,7580201,Kỹ thuật xây dựng,A01,2025,15.0,,THPT
XDT,Trường Đại Học Xây Dựng Miền Trung,7580201,Kỹ thuật xây dựng,D01,2025,15.0,,THPT
XDT,Đại học Xây dựng Miền Trung,7580201,Kỹ thuật xây dựng,D01,2025,15.0,,THPT
XDT,Trường Đại Học Xây Dựng Miền Trung,7580201,Kỹ thuật xây dựng,D07,2025,15.0,,THPT
XDT,Đại học Xây dựng Miền Trung,7580201,Kỹ thuật xây dựng,D07,2025,15.0,,THPT
XDT,Đại học Xây dựng Miền Trung,7580205,Kỹ thuật xây dựng công trình giao thông,A00,2025,15.0,,THPT
XDT,Trường Đại Học Xây Dựng Miền Trung,7580205,Kỹ thuật xây dựng công trình giao thông,A00,2025,15.0,,THPT
XDT,Trường Đại Học Xây Dựng Miền Trung,7580205,Kỹ thuật xây dựng công trình giao thông,A01,2025,15.0,,THPT
XDT,Đại học Xây dựng Miền Trung,7580205,Kỹ thuật xây dựng công trình giao thông,A01,2025,15.0,,THPT
XDT,Trường Đại Học Xây Dựng Miền Trung,7580205,Kỹ thuật xây dựng công trình giao thông,D01,2025,15.0,,THPT
XDT,Đại học Xây dựng Miền Trung,7580205,Kỹ thuật xây dựng công trình giao thông,D01,2025,15.0,,THPT
XDT,Trường Đại Học Xây Dựng Miền Trung,7580205,Kỹ thuật xây dựng công trình giao thông,D07,2025,15.0,,THPT
XDT,Đại học Xây dựng Miền Trung,7580205,Kỹ thuật xây dựng công trình giao thông,D07,2025,15.0,,THPT
XDT,Đại học Xây dựng Miền Trung,7580213,Kỹ thuật cấp thoát nước,A00,2025,15.0,,THPT
XDT,Trường Đại Học Xây Dựng Miền Trung,7580213,Kỹ thuật cấp thoát nước,A00,2025,15.0,,THPT
XDT,Trường Đại Học Xây Dựng Miền Trung,7580213,Kỹ thuật cấp thoát nước,A01,2025,15.0,,THPT
XDT,Đại học Xây dựng Miền Trung,7580213,Kỹ thuật cấp thoát nước,A01,2025,15.0,,THPT
XDT,Trường Đại Học Xây Dựng Miền Trung,7580213,Kỹ thuật cấp thoát nước,D01,2025,15.0,,THPT
XDT,Đại học Xây dựng Miền Trung,7580213,Kỹ thuật cấp thoát nước,D01,2025,15.0,,THPT
XDT,Trường Đại Học Xây Dựng Miền Trung,7580213,Kỹ thuật cấp thoát nước,D07,2025,15.0,,THPT
XDT,Đại học Xây dựng Miền Trung,7580213,Kỹ thuật cấp thoát nước,D07,2025,15.0,,THPT
XDT,Đại học Xây dựng Miền Trung,7580301,Kinh tế xây dựng,A00,2025,15.0,,THPT
XDT,Trường Đại Học Xây Dựng Miền Trung,7580301,Kinh tế xây dựng,A00,2025,15.0,,THPT
XDT,Trường Đại Học Xây Dựng Miền Trung,7580301,Kinh tế xây dựng,A01,2025,15.0,,THPT
XDT,Đại học Xây dựng Miền Trung,7580301,Kinh tế xây dựng,A01,2025,15.0,,THPT
XDT,Trường Đại Học Xây Dựng Miền Trung,7580301,Kinh tế xây dựng,D01,2025,15.0,,THPT
XDT,Đại học Xây dựng Miền Trung,7580301,Kinh tế xây dựng,D01,2025,15.0,,THPT
XDT,Trường Đại Học Xây Dựng Miền Trung,7580301,Kinh tế xây dựng,D07,2025,15.0,,THPT
XDT,Đại học Xây dựng Miền Trung,7580301,Kinh tế xây dựng,D07,2025,15.0,,THPT
XDT,Đại học Xây dựng Miền Trung,7580302,Quản lý xây dựng,A00,2025,15.0,,THPT
XDT,Trường Đại Học Xây Dựng Miền Trung,7580302,Quản lý xây dựng,A00,2025,15.0,,THPT
XDT,Trường Đại Học Xây Dựng Miền Trung,7580302,Quản lý xây dựng,A01,2025,15.0,,THPT
XDT,Đại học Xây dựng Miền Trung,7580302,Quản lý xây dựng,A01,2025,15.0,,THPT
XDT,Trường Đại Học Xây Dựng Miền Trung,7580302,Quản lý xây dựng,D01,2025,15.0,,THPT
XDT,Đại học Xây dựng Miền Trung,7580302,Quản lý xây dựng,D01,2025,15.0,,THPT
XDT,Trường Đại Học Xây Dựng Miền Trung,7580302,Quản lý xây dựng,D07,2025,15.0,,THPT
XDT,Đại học Xây dựng Miền Trung,7580302,Quản lý xây dựng,D07,2025,15.0,,THPT
YCT,Trường Đại Học Y Dược Cần Thơ,7520212,Kỹ thuật Y sinh,A00,2025,18.85,,THPT
YCT,Trường Đại Học Y Dược Cần Thơ,7520212,Kỹ thuật Y sinh,B00,2025,18.85,,THPT
YCT,Đại học Y Dược Cần Thơ,7720101,Y khoa,B00,2025,23.88,,THPT
YCT,Đại học Y Dược Cần Thơ,7720110,Y học dự phòng,B00,2025,17.0,,THPT
YCT,Đại học Y Dược Cần Thơ,7720115,Y học cổ truyền,B00,2025,19.5,,THPT
YCT,Đại học Y Dược Cần Thơ,7720201,Dược học,A00,2025,20.8,,THPT
YCT,Trường Đại Học Y Dược Cần Thơ,7720201,Dược học,A00,2025,20.8,,THPT
YCT,Trường Đại Học Y Dược Cần Thơ,7720201,Dược học,B00,2025,20.8,,THPT
YCT,Đại học Y Dược Cần Thơ,7720201,Dược học,B00,2025,20.8,,THPT
YCT,Đại học Y Dược Cần Thơ,7720301,Điều dưỡng,B00,2025,18.6,,THPT
YCT,Đại học Y Dược Cần Thơ,7720302,Hộ sinh,B00,2025,17.0,,THPT
YCT,Trường Đại Học Y Dược Cần Thơ,7720401,Dinh dưỡng,B00,2025,17.0,,THPT
YCT,Đại học Y Dược Cần Thơ,7720501,Răng- Hàm -Mặt,B00,2025,23.35,,THPT
YCT,Đại học Y Dược Cần Thơ,7720601,Kỹ thuật xét nghiệm y học,B00,2025,19.4,,THPT
YCT,Đại học Y Dược Cần Thơ,7720602,Kỹ thuật hình ảnh y học,A00,2025,18.88,,THPT
YCT,Đại học Y Dược Cần Thơ,7720602,Kỹ thuật hình ảnh y học,B00,2025,18.88,,THPT
YCT,Đại học Y Dược Cần Thơ,7720701,Y tế công cộng,B00,2025,17.0,,THPT
YDD,Đại học Điều Dưỡng Nam Định,7720301,Điều dưỡng,A00,2025,21.0,,THPT
YDD,Trường Đại Học Điều Dưỡng Nam Định,7720301,Điều dưỡng,A00,2025,21.0,,THPT
YDD,Trường Đại Học Điều Dưỡng Nam Định,7720301,Điều dưỡng,A01,2025,21.0,,THPT
YDD,Đại học Điều Dưỡng Nam Định,7720301,Điều dưỡng,A01,2025,21.0,,THPT
YDD,Trường Đại Học Điều Dưỡng Nam Định,7720301,Điều dưỡng,B00,2025,21.0,,THPT
YDD,Đại học Điều Dưỡng Nam Định,7720301,Điều dưỡng,B00,2025,21.0,,THPT
YDD,Trường Đại Học Điều Dưỡng Nam Định,7720301,Điều dưỡng,D01,2025,21.0,,THPT
YDD,Đại học Điều Dưỡng Nam Định,7720301,Điều dưỡng,D01,2025,21.0,,THPT
YDD,Trường Đại Học Điều Dưỡng Nam Định,7720301,Điều dưỡng,D07,2025,21.0,,THPT
YDD,Đại học Điều Dưỡng Nam Định,7720301,Điều dưỡng,D07,2025,21.0,,THPT
YDD,Đại học Điều Dưỡng Nam Định,7720302,Hộ sinh,A00,2025,17.0,,THPT
YDD,Trường Đại Học Điều Dưỡng Nam Định,7720302,Hộ sinh,A00,2025,17.0,,THPT
YDD,Trường Đại Học Điều Dưỡng Nam Định,7720302,Hộ sinh,A01,2025,17.0,,THPT
YDD,Đại học Điều Dưỡng Nam Định,7720302,Hộ sinh,A01,2025,17.0,,THPT
YDD,Trường Đại Học Điều Dưỡng Nam Định,7720302,Hộ sinh,B00,2025,17.0,,THPT
YDD,Đại học Điều Dưỡng Nam Định,7720302,Hộ sinh,B00,2025,17.0,,THPT
YDD,Trường Đại Học Điều Dưỡng Nam Định,7720302,Hộ sinh,D01,2025,17.0,,THPT
YDD,Đại học Điều Dưỡng Nam Định,7720302,Hộ sinh,D01,2025,17.0,,THPT
YDD,Trường Đại Học Điều Dưỡng Nam Định,7720302,Hộ sinh,D07,2025,17.0,,THPT
YDD,Đại học Điều Dưỡng Nam Định,7720302,Hộ sinh,D07,2025,17.0,,THPT
YDD,Đại học Điều Dưỡng Nam Định,7720401,Dinh dưỡng,A00,2025,15.0,,THPT
YDD,Trường Đại Học Điều Dưỡng Nam Định,7720401,Dinh dưỡng,A00,2025,15.0,,THPT
YDD,Trường Đại Học Điều Dưỡng Nam Định,7720401,Dinh dưỡng,A01,2025,15.0,,THPT
YDD,Đại học Điều Dưỡng Nam Định,7720401,Dinh dưỡng,A01,2025,15.0,,THPT
YDD,Trường Đại Học Điều Dưỡng Nam Định,7720401,Dinh dưỡng,B00,2025,15.0,,THPT
YDD,Đại học Điều Dưỡng Nam Định,7720401,Dinh dưỡng,B00,2025,15.0,,THPT
YDD,Trường Đại Học Điều Dưỡng Nam Định,7720401,Dinh dưỡng,D01,2025,15.0,,THPT
YDD,Đại học Điều Dưỡng Nam Định,7720401,Dinh dưỡng,D01,2025,15.0,,THPT
YDD,Trường Đại Học Điều Dưỡng Nam Định,7720401,Dinh dưỡng,D07,2025,15.0,,THPT
YDD,Đại học Điều Dưỡng Nam Định,7720401,Dinh dưỡng,D07,2025,15.0,,THPT
YDN,Đại học Kỹ thuật Y Dược Đà Nẵng,7720101,Y khoa,A00,2025,22.85,,THPT
YDN,Trường Đại học Kỹ thuật Y Dược Đà Nẵng,7720101,Y khoa,A00,2025,22.85,,THPT
YDN,Trường Đại học Kỹ thuật Y Dược Đà Nẵng,7720101,Y khoa,B00,2025,22.85,,THPT
YDN,Đại học Kỹ thuật Y Dược Đà Nẵng,7720101,Y khoa,B00,2025,22.85,,THPT
YDN,Trường Đại học Kỹ thuật Y Dược Đà Nẵng,7720101,Y khoa,D07,2025,22.85,,THPT
YDN,Đại học Kỹ thuật Y Dược Đà Nẵng,7720101,Y khoa,D07,2025,22.85,,THPT
YDN,Đại học Kỹ thuật Y Dược Đà Nẵng,7720201,Dược học,A00,2025,19.0,,THPT
YDN,Trường Đại học Kỹ thuật Y Dược Đà Nẵng,7720201,Dược học,A00,2025,19.0,,THPT
YDN,Trường Đại học Kỹ thuật Y Dược Đà Nẵng,7720201,Dược học,B00,2025,19.0,,THPT
YDN,Đại học Kỹ thuật Y Dược Đà Nẵng,7720201,Dược học,B00,2025,19.0,,THPT
YDN,Trường Đại học Kỹ thuật Y Dược Đà Nẵng,7720201,Dược học,D07,2025,19.0,,THPT
YDN,Đại học Kỹ thuật Y Dược Đà Nẵng,7720201,Dược học,D07,2025,19.0,,THPT
YDN,Đại học Kỹ thuật Y Dược Đà Nẵng,7720301A,Điều dưỡng đa khoa,A00,2025,20.5,,THPT
YDN,Trường Đại học Kỹ thuật Y Dược Đà Nẵng,7720301A,Điều dưỡng đa khoa,A00,2025,20.5,,THPT
YDN,Trường Đại học Kỹ thuật Y Dược Đà Nẵng,7720301A,Điều dưỡng đa khoa,B00,2025,20.5,,THPT
YDN,Đại học Kỹ thuật Y Dược Đà Nẵng,7720301A,Điều dưỡng đa khoa,B00,2025,20.5,,THPT
YDN,Trường Đại học Kỹ thuật Y Dược Đà Nẵng,7720301A,Điều dưỡng đa khoa,D07,2025,20.5,,THPT
YDN,Đại học Kỹ thuật Y Dược Đà Nẵng,7720301A,Điều dưỡng đa khoa,D07,2025,20.5,,THPT
YDN,Đại học Kỹ thuật Y Dược Đà Nẵng,7720301B,Điều dưỡng nha khoa,A00,2025,20.5,,THPT
YDN,Trường Đại học Kỹ thuật Y Dược Đà Nẵng,7720301B,Điều dưỡng nha khoa,A00,2025,20.5,,THPT
YDN,Trường Đại học Kỹ thuật Y Dược Đà Nẵng,7720301B,Điều dưỡng nha khoa,B00,2025,20.5,,THPT
YDN,Đại học Kỹ thuật Y Dược Đà Nẵng,7720301B,Điều dưỡng nha khoa,B00,2025,20.5,,THPT
YDN,Trường Đại học Kỹ thuật Y Dược Đà Nẵng,7720301B,Điều dưỡng nha khoa,D07,2025,20.5,,THPT
YDN,Đại học Kỹ thuật Y Dược Đà Nẵng,7720301B,Điều dưỡng nha khoa,D07,2025,20.5,,THPT
YDN,Đại học Kỹ thuật Y Dược Đà Nẵng,7720301C,Điều dưỡng gây mê hồi sức,A00,2025,20.7,,THPT
YDN,Trường Đại học Kỹ thuật Y Dược Đà Nẵng,7720301C,Điều dưỡng gây mê hồi sức,A00,2025,20.7,,THPT
YDN,Trường Đại học Kỹ thuật Y Dược Đà Nẵng,7720301C,Điều dưỡng gây mê hồi sức,B00,2025,20.7,,THPT
YDN,Đại học Kỹ thuật Y Dược Đà Nẵng,7720301C,Điều dưỡng gây mê hồi sức,B00,2025,20.7,,THPT
YDN,Trường Đại học Kỹ thuật Y Dược Đà Nẵng,7720301C,Điều dưỡng gây mê hồi sức,D07,2025,20.7,,THPT
YDN,Đại học Kỹ thuật Y Dược Đà Nẵng,7720301C,Điều dưỡng gây mê hồi sức,D07,2025,20.7,,THPT
YDN,Đại học Kỹ thuật Y Dược Đà Nẵng,7720601,Kỹ thuật xét nghiệm y học,A00,2025,20.85,,THPT
YDN,Trường Đại học Kỹ thuật Y Dược Đà Nẵng,7720601,Kỹ thuật xét nghiệm y học,A00,2025,20.85,,THPT
YDN,Trường Đại học Kỹ thuật Y Dược Đà Nẵng,7720601,Kỹ thuật xét nghiệm y học,B00,2025,20.85,,THPT
YDN,Đại học Kỹ thuật Y Dược Đà Nẵng,7720601,Kỹ thuật xét nghiệm y học,B00,2025,20.85,,THPT
YDN,Trường Đại học Kỹ thuật Y Dược Đà Nẵng,7720601,Kỹ thuật xét nghiệm y học,D07,2025,20.85,,THPT
YDN,Đại học Kỹ thuật Y Dược Đà Nẵng,7720601,Kỹ thuật xét nghiệm y học,D07,2025,20.85,,THPT
YDN,Đại học Kỹ thuật Y Dược Đà Nẵng,7720602,Kỹ thuật hình ảnh y học,A00,2025,20.2,,THPT
YDN,Trường Đại học Kỹ thuật Y Dược Đà Nẵng,7720602,Kỹ thuật hình ảnh y học,A00,2025,20.2,,THPT
YDN,Trường Đại học Kỹ thuật Y Dược Đà Nẵng,7720602,Kỹ thuật hình ảnh y học,B00,2025,20.2,,THPT
YDN,Đại học Kỹ thuật Y Dược Đà Nẵng,7720602,Kỹ thuật hình ảnh y học,B00,2025,20.2,,THPT
YDN,Trường Đại học Kỹ thuật Y Dược Đà Nẵng,7720602,Kỹ thuật hình ảnh y học,D07,2025,20.2,,THPT
YDN,Đại học Kỹ thuật Y Dược Đà Nẵng,7720602,Kỹ thuật hình ảnh y học,D07,2025,20.2,,THPT
YDN,Đại học Kỹ thuật Y Dược Đà Nẵng,7720603,Kỹ thuật phục hồi chức năng,A00,2025,21.2,,THPT
YDN,Trường Đại học Kỹ thuật Y Dược Đà Nẵng,7720603,Kỹ thuật phục hồi chức năng,A00,2025,21.1,,THPT
YDN,Trường Đại học Kỹ thuật Y Dược Đà Nẵng,7720603,Kỹ thuật phục hồi chức năng,B00,2025,21.1,,THPT
YDN,Đại học Kỹ thuật Y Dược Đà Nẵng,7720603,Kỹ thuật phục hồi chức năng,B00,2025,21.2,,THPT
YDN,Trường Đại học Kỹ thuật Y Dược Đà Nẵng,7720603,Kỹ thuật phục hồi chức năng,D07,2025,21.1,,THPT
YDN,Đại học Kỹ thuật Y Dược Đà Nẵng,7720603,Kỹ thuật phục hồi chức năng,D07,2025,21.2,,THPT
YDN,Đại học Kỹ thuật Y Dược Đà Nẵng,7720701,Y tế công cộng,A00,2025,15.0,,THPT
YDN,Trường Đại học Kỹ thuật Y Dược Đà Nẵng,7720701,Y tế công cộng,A00,2025,15.0,,THPT
YDN,Trường Đại học Kỹ thuật Y Dược Đà Nẵng,7720701,Y tế công cộng,B00,2025,15.0,,THPT
YDN,Đại học Kỹ thuật Y Dược Đà Nẵng,7720701,Y tế công cộng,B00,2025,15.0,,THPT
YDN,Trường Đại học Kỹ thuật Y Dược Đà Nẵng,7720701,Y tế công cộng,D07,2025,15.0,,THPT
YDN,Đại học Kỹ thuật Y Dược Đà Nẵng,7720701,Y tế công cộng,D07,2025,15.0,,THPT
YDS,Đại học Y Dược TP HCM,7720101,Y khoa,B00,2025,27.34,,THPT
YDS,Đại học Y Dược TP HCM,7720110,Y học dự phòng,A00,2025,19.0,,THPT
YDS,Đại Học Y Dược TPHCM,7720110,Y học dự phòng,A00,2025,19.0,,THPT
YDS,Đại Học Y Dược TPHCM,7720110,Y học dự phòng,A00,2025,19.0,,THPT
YDS,Đại Học Y Dược TPHCM,7720110,Y học dự phòng,B00,2025,19.0,,THPT
YDS,Đại Học Y Dược TPHCM,7720110,Y học dự phòng,B00,2025,19.0,,THPT
YDS,Đại học Y Dược TP HCM,7720110,Y học dự phòng,B00,2025,19.0,,THPT
YDS,Đại học Y Dược TP HCM,7720115,Y học cổ truyền,B00,2025,21.5,,THPT
YDS,Đại học Y Dược TP HCM,7720201,Dược học,A00,2025,22.85,,THPT
YDS,Đại Học Y Dược TPHCM,7720201,Dược học,A00,2025,22.85,,THPT
YDS,Đại Học Y Dược TPHCM,7720201,Dược học,A00,2025,22.85,,THPT
YDS,Đại Học Y Dược TPHCM,7720201,Dược học,B00,2025,22.85,,THPT
YDS,Đại Học Y Dược TPHCM,7720201,Dược học,B00,2025,22.85,,THPT
YDS,Đại học Y Dược TP HCM,7720201,Dược học,B00,2025,22.85,,THPT
YDS,Đại học Y Dược TP HCM,7720203,Hoá dược,A00,2025,23.65,,THPT
YDS,Đại Học Y Dược TPHCM,7720203,Hóa dược,A00,2025,23.65,,THPT
YDS,Đại Học Y Dược TPHCM,7720203,Hóa dược,A00,2025,23.65,,THPT
YDS,Đại Học Y Dược TPHCM,7720203,Hóa dược,B00,2025,23.65,,THPT
YDS,Đại Học Y Dược TPHCM,7720203,Hóa dược,B00,2025,23.65,,THPT
YDS,Đại học Y Dược TP HCM,7720203,Hoá dược,B00,2025,23.65,,THPT
YDS,Đại học Y Dược TP HCM,7720301,Điều dưỡng,A00,2025,20.15,,THPT
YDS,Đại Học Y Dược TPHCM,7720301,Điều dưỡng,A00,2025,20.15,,THPT
YDS,Đại Học Y Dược TPHCM,7720301,Điều dưỡng,A00,2025,20.15,,THPT
YDS,Đại Học Y Dược TPHCM,7720301,Điều dưỡng,B00,2025,20.15,,THPT
YDS,Đại Học Y Dược TPHCM,7720301,Điều dưỡng,B00,2025,20.15,,THPT
YDS,Đại học Y Dược TP HCM,7720301,Điều dưỡng,B00,2025,20.15,,THPT
YDS,Đại học Y Dược TP HCM,7720301_03,Điều dưỡng chuyên ngành Gây mê hồi sức,A00,2025,21.1,,THPT
YDS,Đại Học Y Dược TPHCM,7720301_03,Điều dưỡng chuyên ngành Gây mê hồi sức,A00,2025,21.1,,THPT
YDS,Đại Học Y Dược TPHCM,7720301_03,Điều dưỡng chuyên ngành Gây mê hồi sức,A00,2025,21.1,,THPT
YDS,Đại Học Y Dược TPHCM,7720301_03,Điều dưỡng chuyên ngành Gây mê hồi sức,B00,2025,21.1,,THPT
YDS,Đại Học Y Dược TPHCM,7720301_03,Điều dưỡng chuyên ngành Gây mê hồi sức,B00,2025,21.1,,THPT
YDS,Đại học Y Dược TP HCM,7720301_03,Điều dưỡng chuyên ngành Gây mê hồi sức,B00,2025,21.1,,THPT
YDS,Đại học Y Dược TP HCM,7720302,Hộ sinh,A00,2025,18.0,,THPT
YDS,Đại Học Y Dược TPHCM,7720302,Hộ sinh,A00,2025,18.0,,THPT
YDS,Đại Học Y Dược TPHCM,7720302,Hộ sinh,A00,2025,18.0,,THPT
YDS,Đại Học Y Dược TPHCM,7720302,Hộ sinh,B00,2025,18.0,,THPT
YDS,Đại Học Y Dược TPHCM,7720302,Hộ sinh,B00,2025,18.0,,THPT
YDS,Đại học Y Dược TP HCM,7720302,Hộ sinh,B00,2025,18.0,,THPT
YDS,Đại Học Y Dược TPHCM,7720401,Dinh dưỡng,A00,2025,19.25,,THPT
YDS,Đại Học Y Dược TPHCM,7720401,Dinh dưỡng,A00,2025,19.25,,THPT
YDS,Đại Học Y Dược TPHCM,7720401,Dinh dưỡng,B00,2025,19.25,,THPT
YDS,Đại Học Y Dược TPHCM,7720401,Dinh dưỡng,B00,2025,19.25,,THPT
YDS,Đại học Y Dược TP HCM,7720501,Răng- Hàm -Mặt,B00,2025,26.45,,THPT
YDS,Đại học Y Dược TP HCM,7720502,Kỹ thuật phục hình răng,A00,2025,21.5,,THPT
YDS,Đại Học Y Dược TPHCM,7720502,Kỹ thuật phục hình răng,A00,2025,21.5,,THPT
YDS,Đại Học Y Dược TPHCM,7720502,Kỹ thuật phục hình răng,A00,2025,21.5,,THPT
YDS,Đại Học Y Dược TPHCM,7720502,Kỹ thuật phục hình răng,B00,2025,21.5,,THPT
YDS,Đại Học Y Dược TPHCM,7720502,Kỹ thuật phục hình răng,B00,2025,21.5,,THPT
YDS,Đại học Y Dược TP HCM,7720502,Kỹ thuật phục hình răng,B00,2025,21.5,,THPT
YDS,Đại học Y Dược TP HCM,7720601,Kỹ thuật xét nghiệm y học,A00,2025,22.05,,THPT
YDS,Đại Học Y Dược TPHCM,7720601,Kỹ thuật xét nghiệm y học,A00,2025,22.05,,THPT
YDS,Đại Học Y Dược TPHCM,7720601,Kỹ thuật xét nghiệm y học,A00,2025,22.05,,THPT
YDS,Đại Học Y Dược TPHCM,7720601,Kỹ thuật xét nghiệm y học,B00,2025,22.05,,THPT
YDS,Đại Học Y Dược TPHCM,7720601,Kỹ thuật xét nghiệm y học,B00,2025,22.05,,THPT
YDS,Đại học Y Dược TP HCM,7720601,Kỹ thuật xét nghiệm y học,B00,2025,22.05,,THPT
YDS,Đại học Y Dược TP HCM,7720602,Kỹ thuật hình ảnh y học,A00,2025,21.0,,THPT
YDS,Đại Học Y Dược TPHCM,7720602,Kỹ thuật hình ảnh y học,A00,2025,21.0,,THPT
YDS,Đại Học Y Dược TPHCM,7720602,Kỹ thuật hình ảnh y học,A00,2025,21.0,,THPT
YDS,Đại Học Y Dược TPHCM,7720602,Kỹ thuật hình ảnh y học,B00,2025,21.0,,THPT
YDS,Đại Học Y Dược TPHCM,7720602,Kỹ thuật hình ảnh y học,B00,2025,21.0,,THPT
YDS,Đại học Y Dược TP HCM,7720602,Kỹ thuật hình ảnh y học,B00,2025,21.0,,THPT
YDS,Đại học Y Dược TP HCM,7720603,Kỹ thuật phục hồi chức năng,A00,2025,21.0,,THPT
YDS,Đại Học Y Dược TPHCM,7720603,Kỹ thuật phục hồi chức năng,A00,2025,21.0,,THPT
YDS,Đại Học Y Dược TPHCM,7720603,Kỹ thuật phục hồi chức năng,A00,2025,21.0,,THPT
YDS,Đại Học Y Dược TPHCM,7720603,Kỹ thuật phục hồi chức năng,B00,2025,21.0,,THPT
YDS,Đại Học Y Dược TPHCM,7720603,Kỹ thuật phục hồi chức năng,B00,2025,21.0,,THPT
YDS,Đại học Y Dược TP HCM,7720603,Kỹ thuật phục hồi chức năng,B00,2025,21.0,,THPT
YDS,Đại học Y Dược TP HCM,7720701,Y tế công cộng,A00,2025,17.0,,THPT
YDS,Đại Học Y Dược TPHCM,7720701,Y tế công cộng,A00,2025,17.0,,THPT
YDS,Đại Học Y Dược TPHCM,7720701,Y tế công cộng,A00,2025,17.0,,THPT
YDS,Đại Học Y Dược TPHCM,7720701,Y tế công cộng,B00,2025,17.0,,THPT
YDS,Đại Học Y Dược TPHCM,7720701,Y tế công cộng,B00,2025,17.0,,THPT
YDS,Đại học Y Dược TP HCM,7720701,Y tế công cộng,B00,2025,17.0,,THPT
YDS,Đại học Y Dược TP HCM,7760101,Công tác xã hội,A00,2025,17.25,,THPT
YDS,Đại Học Y Dược TPHCM,7760101,Công tác xã hội,A00,2025,17.25,,THPT
YDS,Đại Học Y Dược TPHCM,7760101,Công tác xã hội,A00,2025,17.25,,THPT
YDS,Đại Học Y Dược TPHCM,7760101,Công tác xã hội,B00,2025,17.25,,THPT
YDS,Đại Học Y Dược TPHCM,7760101,Công tác xã hội,B00,2025,17.25,,THPT
YDS,Đại học Y Dược TP HCM,7760101,Công tác xã hội,B00,2025,17.25,,THPT
YHB,Đại học Y Hà Nội,7310401,Tâm lý học,B00,2025,23.7,,THPT
YHB,Đại học Y Hà Nội,7310401,Tâm lý học,C00,2025,28.7,,THPT
YHB,Đại học Y Hà Nội,7310401,Tâm lý học,C00,2025,23.7,,THPT
YHB,Đại học Y Hà Nội,7310401,Tâm lý học,D01,2025,23.7,,THPT
YHB,Đại học Y Hà Nội,7310401,Tâm lý học,D01,2025,26.7,,THPT
YHB,Đại học Y Hà Nội,7720101,Y khoa,B00,2025,28.13,,THPT
YHB,Đại học Y Hà Nội,7720101YHT,Y khoa phân hiệu Thanh Hóa,B00,2025,25.8,,THPT
YHB,Đại học Y Hà Nội,7720110,Y học dự phòng,B00,2025,17.0,,THPT
YHB,Đại học Y Hà Nội,7720115,Y học cổ truyền,B00,2025,23.5,,THPT
YHB,Đại học Y Hà Nội,7720301,Điều dưỡng,A00,2025,22.25,,THPT
YHB,Trường Đại Học Y Hà Nội,7720301,Điều dưỡng,A00,2025,22.25,,THPT
YHB,Trường Đại Học Y Hà Nội,7720301,Điều dưỡng,B00,2025,22.25,,THPT
YHB,Đại học Y Hà Nội,7720301,Điều dưỡng,B00,2025,22.25,,THPT
YHB,Đại học Y Hà Nội,7720301YHT,Điều dưỡng phân hiệu Thanh Hóa,A00,2025,17.0,,THPT
YHB,Trường Đại Học Y Hà Nội,7720301YHT,Điều dưỡng Phân hiệu Thanh Hóa,A00,2025,17.0,,THPT
YHB,Trường Đại Học Y Hà Nội,7720301YHT,Điều dưỡng Phân hiệu Thanh Hóa,B00,2025,17.0,,THPT
YHB,Đại học Y Hà Nội,7720301YHT,Điều dưỡng phân hiệu Thanh Hóa,B00,2025,17.0,,THPT
YHB,Đại học Y Hà Nội,7720302,Hộ sinh,A00,2025,20.35,,THPT
YHB,Trường Đại Học Y Hà Nội,7720302,Hộ sinh,A00,2025,20.35,,THPT
YHB,Trường Đại Học Y Hà Nội,7720302,Hộ sinh,B00,2025,20.35,,THPT
YHB,Đại học Y Hà Nội,7720302,Hộ sinh,B00,2025,20.35,,THPT
YHB,Đại học Y Hà Nội,7720401,Dinh dưỡng,A00,2025,18.75,,THPT
YHB,Trường Đại Học Y Hà Nội,7720401,Dinh dưỡng,A00,2025,18.75,,THPT
YHB,Trường Đại Học Y Hà Nội,7720401,Dinh dưỡng,B00,2025,18.75,,THPT
YHB,Đại học Y Hà Nội,7720401,Dinh dưỡng,B00,2025,18.75,,THPT
YHB,Đại học Y Hà Nội,7720501,Răng- Hàm -Mặt,B00,2025,27.34,,THPT
YHB,Đại học Y Hà Nội,7720502,Kỹ thuật phục hình răng,A00,2025,21.85,,THPT
YHB,Trường Đại Học Y Hà Nội,7720502,Kỹ thuật phục hình răng,A00,2025,21.85,,THPT
YHB,Trường Đại Học Y Hà Nội,7720502,Kỹ thuật phục hình răng,B00,2025,21.85,,THPT
YHB,Đại học Y Hà Nội,7720502,Kỹ thuật phục hình răng,B00,2025,21.85,,THPT
YHB,Đại học Y Hà Nội,7720601,Kỹ thuật xét nghiệm y học,A00,2025,23.72,,THPT
YHB,Trường Đại Học Y Hà Nội,7720601,Kỹ thuật xét nghiệm y học,A00,2025,23.72,,THPT
YHB,Trường Đại Học Y Hà Nội,7720601,Kỹ thuật xét nghiệm y học,B00,2025,23.72,,THPT
YHB,Đại học Y Hà Nội,7720601,Kỹ thuật xét nghiệm y học,B00,2025,23.72,,THPT
YHB,Đại học Y Hà Nội,7720601YHT,Kỹ thuật Xét nghiệm y học (Phân hiệu Thanh Hóa),A00,2025,18.35,,THPT
YHB,Trường Đại Học Y Hà Nội,7720601YHT,Kỹ thuật xét nghiệm y học Phân hiệu Thanh Hóa,A00,2025,18.35,,THPT
YHB,Trường Đại Học Y Hà Nội,7720601YHT,Kỹ thuật xét nghiệm y học Phân hiệu Thanh Hóa,B00,2025,18.35,,THPT
YHB,Đại học Y Hà Nội,7720601YHT,Kỹ thuật Xét nghiệm y học (Phân hiệu Thanh Hóa),B00,2025,18.35,,THPT
YHB,Đại học Y Hà Nội,7720602,Kỹ thuật hình ảnh y học,A00,2025,23.57,,THPT
YHB,Trường Đại Học Y Hà Nội,7720602,Kỹ thuật hình ảnh y học,A00,2025,23.57,,THPT
YHB,Trường Đại Học Y Hà Nội,7720602,Kỹ thuật hình ảnh y học,B00,2025,23.57,,THPT
YHB,Đại học Y Hà Nội,7720602,Kỹ thuật hình ảnh y học,B00,2025,23.57,,THPT
YHB,Đại học Y Hà Nội,7720603,Kỹ thuật phục hồi chức năng,A00,2025,22.5,,THPT
YHB,Trường Đại Học Y Hà Nội,7720603,Kỹ thuật phục hồi chức năng,A00,2025,22.5,,THPT
YHB,Trường Đại Học Y Hà Nội,7720603,Kỹ thuật phục hồi chức năng,B00,2025,22.5,,THPT
YHB,Đại học Y Hà Nội,7720603,Kỹ thuật phục hồi chức năng,B00,2025,22.5,,THPT
YHB,Đại học Y Hà Nội,7720603YHT,Kỹ thuật phục hồi chức năng (Phân hiệu Thanh Hóa),A00,2025,17.3,,THPT
YHB,Trường Đại Học Y Hà Nội,7720603YHT,Kỹ thuật phục hồi chức năng Phân hiệu Thanh Hóa,A00,2025,17.3,,THPT
YHB,Trường Đại Học Y Hà Nội,7720603YHT,Kỹ thuật phục hồi chức năng Phân hiệu Thanh Hóa,B00,2025,17.3,,THPT
YHB,Đại học Y Hà Nội,7720603YHT,Kỹ thuật phục hồi chức năng (Phân hiệu Thanh Hóa),B00,2025,17.3,,THPT
YHB,Đại học Y Hà Nội,7720699,Khúc xạ nhãn khoa,A00,2025,23.23,,THPT
YHB,Trường Đại Học Y Hà Nội,7720699,Khúc xạ nhãn khoa,A00,2025,23.23,,THPT
YHB,Trường Đại Học Y Hà Nội,7720699,Khúc xạ nhãn khoa,B00,2025,23.23,,THPT
YHB,Đại học Y Hà Nội,7720699,Khúc xạ nhãn khoa,B00,2025,23.23,,THPT
YHB,Đại học Y Hà Nội,7720701,Y tế công cộng,B00,2025,18.2,,THPT
YHB,Đại học Y Hà Nội,7720701,Y tế công cộng,B00,2025,21.2,,THPT
YHB,Trường Đại Học Y Hà Nội,7720701,Y tế công cộng,B00,2025,21.2,,THPT
YHB,Đại học Y Hà Nội,7720701,Y tế công cộng,D01,2025,21.2,,THPT
YHB,Đại học Y Hà Nội,7760101,Công tác xã hội,A00,2025,17.0,,THPT
YHB,Trường Đại Học Y Hà Nội,7760101,Công tác xã hội,A00,2025,17.0,,THPT
YHB,Trường Đại Học Y Hà Nội,7760101,Công tác xã hội,B00,2025,17.0,,THPT
YHB,Đại học Y Hà Nội,7760101,Công tác xã hội,B00,2025,17.0,,THPT
YHT,Phân hiệu Đại học Y Hà Nội tại Thanh Hóa,7720101_YHT,Y khoa,B00,2025,27.65,,THPT
YHT,Phân hiệu Đại học Y Hà Nội tại Thanh Hóa,7720301_YHT,Điều Dưỡng,B00,2025,22.4,,THPT
YKV,Đại học Y Khoa Vinh,7720101,Y khoa,A00,2025,22.1,,THPT
YKV,Trường Đại Học Y Khoa Vinh,7720101,Y khoa,A00,2025,22.1,,THPT
YKV,Trường Đại Học Y Khoa Vinh,7720101,Y khoa,B00,2025,22.1,,THPT
YKV,Đại học Y Khoa Vinh,7720101,Y khoa,B00,2025,22.1,,THPT
YKV,Đại học Y Khoa Vinh,7720110,Y học dự phòng,A00,2025,17.25,,THPT
YKV,Trường Đại Học Y Khoa Vinh,7720110,Y học dự phòng,A00,2025,17.25,,THPT
YKV,Trường Đại Học Y Khoa Vinh,7720110,Y học dự phòng,B00,2025,17.25,,THPT
YKV,Đại học Y Khoa Vinh,7720110,Y học dự phòng,B00,2025,17.25,,THPT
YKV,Trường Đại Học Y Khoa Vinh,7720110,Y học dự phòng,D07,2025,17.25,,THPT
YKV,Đại học Y Khoa Vinh,7720110,Y học dự phòng,D07,2025,17.25,,THPT
YKV,Đại học Y Khoa Vinh,7720201,Dược học,A00,2025,19.0,,THPT
YKV,Trường Đại Học Y Khoa Vinh,7720201,Dược học,A00,2025,19.0,,THPT
YKV,Trường Đại Học Y Khoa Vinh,7720201,Dược học,B00,2025,19.0,,THPT
YKV,Đại học Y Khoa Vinh,7720201,Dược học,B00,2025,19.0,,THPT
YKV,Trường Đại Học Y Khoa Vinh,7720201,Dược học,D07,2025,19.0,,THPT
YKV,Đại học Y Khoa Vinh,7720201,Dược học,D07,2025,19.0,,THPT
YKV,Đại học Y Khoa Vinh,7720301,Điều dưỡng,A00,2025,17.5,,THPT
YKV,Trường Đại Học Y Khoa Vinh,7720301,Điều dưỡng,A00,2025,17.5,,THPT
YKV,Trường Đại Học Y Khoa Vinh,7720301,Điều dưỡng,B00,2025,17.5,,THPT
YKV,Đại học Y Khoa Vinh,7720301,Điều dưỡng,B00,2025,17.5,,THPT
YKV,Trường Đại Học Y Khoa Vinh,7720301,Điều dưỡng,D07,2025,17.5,,THPT
YKV,Đại học Y Khoa Vinh,7720301,Điều dưỡng,D07,2025,17.5,,THPT
YKV,Đại học Y Khoa Vinh,7720601,Kỹ thuật xét nghiệm y học,A00,2025,20.0,,THPT
YKV,Trường Đại Học Y Khoa Vinh,7720601,Kỹ thuật xét nghiệm y học,A00,2025,20.0,,THPT
YKV,Trường Đại Học Y Khoa Vinh,7720601,Kỹ thuật xét nghiệm y học,B00,2025,20.0,,THPT
YKV,Đại học Y Khoa Vinh,7720601,Kỹ thuật xét nghiệm y học,B00,2025,20.0,,THPT
YKV,Trường Đại Học Y Khoa Vinh,7720601,Kỹ thuật xét nghiệm y học,D07,2025,20.0,,THPT
YKV,Đại học Y Khoa Vinh,7720601,Kỹ thuật xét nghiệm y học,D07,2025,20.0,,THPT
YKV,Trường Đại Học Y Khoa Vinh,DLT7720301,Điều dưỡng liên thông,B00,2025,0.0,,THPT
YPB,Đại học Y Dược Hải Phòng,7720101,Y khoa,A00,2025,25.33,,THPT
YPB,Trường Đại Học Y Dược Hải Phòng,7720101,Y khoa,A00,2025,25.33,,THPT
YPB,Trường Đại Học Y Dược Hải Phòng,7720101,Y khoa,B00,2025,25.33,,THPT
YPB,Đại học Y Dược Hải Phòng,7720101,Y khoa,B00,2025,25.33,,THPT
YPB,Đại học Y Dược Hải Phòng,7720110,Y học dự phòng,A00,2025,19.35,,THPT
YPB,Trường Đại Học Y Dược Hải Phòng,7720110,Y học dự phòng,A00,2025,19.35,,THPT
YPB,Trường Đại Học Y Dược Hải Phòng,7720110,Y học dự phòng,B00,2025,19.35,,THPT
YPB,Đại học Y Dược Hải Phòng,7720110,Y học dự phòng,B00,2025,19.35,,THPT
YPB,Đại học Y Dược Hải Phòng,7720115,Y học cổ truyền,A00,2025,24.03,,THPT
YPB,Trường Đại Học Y Dược Hải Phòng,7720115,Y học cổ truyền,A00,2025,24.03,,THPT
YPB,Trường Đại Học Y Dược Hải Phòng,7720115,Y học cổ truyền,B00,2025,24.03,,THPT
YPB,Đại học Y Dược Hải Phòng,7720115,Y học cổ truyền,B00,2025,24.03,,THPT
YPB,Đại học Y Dược Hải Phòng,7720201,Dược học,A00,2025,20.0,,THPT
YPB,Trường Đại Học Y Dược Hải Phòng,7720201,Dược học,A00,2025,20.0,,THPT
YPB,Trường Đại Học Y Dược Hải Phòng,7720201,Dược học,A00,2025,20.0,,THPT
YPB,Trường Đại Học Y Dược Hải Phòng,7720201,Dược học,B00,2025,20.0,,THPT
YPB,Trường Đại Học Y Dược Hải Phòng,7720201,Dược học,B00,2025,20.0,,THPT
YPB,Đại học Y Dược Hải Phòng,7720201,Dược học,B00,2025,20.0,,THPT
YPB,Trường Đại Học Y Dược Hải Phòng,7720201,Dược học,D07,2025,20.0,,THPT
YPB,Đại học Y Dược Hải Phòng,7720201,Dược học,D07,2025,20.0,,THPT
YPB,Đại học Y Dược Hải Phòng,7720301,Điều dưỡng,A00,2025,22.22,,THPT
YPB,Trường Đại Học Y Dược Hải Phòng,7720301,Điều dưỡng,A00,2025,22.22,,THPT
YPB,Trường Đại Học Y Dược Hải Phòng,7720301,Điều dưỡng,B00,2025,22.22,,THPT
YPB,Đại học Y Dược Hải Phòng,7720301,Điều dưỡng,B00,2025,22.22,,THPT
YPB,Đại học Y Dược Hải Phòng,7720501,Răng- Hàm -Mặt,A00,2025,24.63,,THPT
YPB,Trường Đại Học Y Dược Hải Phòng,7720501,Răng - Hàm - Mặt,A00,2025,24.63,,THPT
YPB,Trường Đại Học Y Dược Hải Phòng,7720501,Răng - Hàm - Mặt,B00,2025,24.63,,THPT
YPB,Đại học Y Dược Hải Phòng,7720501,Răng- Hàm -Mặt,B00,2025,24.63,,THPT
YPB,Đại học Y Dược Hải Phòng,7720601,Kỹ thuật xét nghiệm y học,A00,2025,23.23,,THPT
YPB,Trường Đại Học Y Dược Hải Phòng,7720601,Kỹ thuật xét nghiệm y học,A00,2025,23.23,,THPT
YPB,Trường Đại Học Y Dược Hải Phòng,7720601,Kỹ thuật xét nghiệm y học,B00,2025,23.23,,THPT
YPB,Đại học Y Dược Hải Phòng,7720601,Kỹ thuật xét nghiệm y học,B00,2025,23.23,,THPT
YQH,Học Viện Quân Y - Hệ Quân sự,7720101_Nam_B,"Ngành Y khoa (Bác sỹ đa khoa) (Thí sinh Nam, miền Bắc)",A00,2025,27.94,,THPT
YQH,Học Viện Quân Y - Hệ Quân sự,7720101_Nam_B,"Ngành Y khoa (Bác sỹ đa khoa) (Thí sinh Nam, miền Bắc)",B00,2025,27.94,,THPT
YQH,Học Viện Quân Y - Hệ Quân sự,7720101_Nam_B,"Ngành Y khoa (Bác sỹ đa khoa) (Thí sinh Nam, miền Bắc)",D07,2025,27.94,,THPT
YQH,Học Viện Quân Y - Hệ Quân sự,7720101_Nam_N,"Ngành Y khoa (Bác sỹ đa khoa) (Thí sinh Nam, miền Nam)",A00,2025,27.71,,THPT
YQH,Học Viện Quân Y - Hệ Quân sự,7720101_Nam_N,"Ngành Y khoa (Bác sỹ đa khoa) (Thí sinh Nam, miền Nam)",B00,2025,27.71,,THPT
YQH,Học Viện Quân Y - Hệ Quân sự,7720101_Nam_N,"Ngành Y khoa (Bác sỹ đa khoa) (Thí sinh Nam, miền Nam)",D07,2025,27.71,,THPT
YQH,Học Viện Quân Y - Hệ Quân sự,7720101_Nu_B,"Ngành Y khoa (Bác sỹ đa khoa) (Thí sinh Nữ, miền Bắc)",A00,2025,30.0,,THPT
YQH,Học Viện Quân Y - Hệ Quân sự,7720101_Nu_B,"Ngành Y khoa (Bác sỹ đa khoa) (Thí sinh Nữ, miền Bắc)",B00,2025,30.0,,THPT
YQH,Học Viện Quân Y - Hệ Quân sự,7720101_Nu_B,"Ngành Y khoa (Bác sỹ đa khoa) (Thí sinh Nữ, miền Bắc)",D07,2025,30.0,,THPT
YQH,Học Viện Quân Y - Hệ Quân sự,7720101_Nu_N,"Ngành Y khoa (Bác sỹ đa khoa) (Thí sinh Nữ, miền Nam)",A00,2025,29.03,,THPT
YQH,Học Viện Quân Y - Hệ Quân sự,7720101_Nu_N,"Ngành Y khoa (Bác sỹ đa khoa) (Thí sinh Nữ, miền Nam)",B00,2025,29.03,,THPT
YQH,Học Viện Quân Y - Hệ Quân sự,7720101_Nu_N,"Ngành Y khoa (Bác sỹ đa khoa) (Thí sinh Nữ, miền Nam)",D07,2025,29.03,,THPT
YQH,Học viện Quân Y - Hệ Quân sự,7720101|11A00,Y khoa (Nữ - Miền Bắc),A00,2025,30.0,,THPT
YQH,Học viện Quân Y - Hệ Quân sự,7720101|11B00,Y khoa (Nữ - Miền Bắc),B00,2025,30.0,,THPT
YQH,Học viện Quân Y - Hệ Quân sự,7720101|12A00,Y khoa (Nữ - Miền Nam),A00,2025,29.03,,THPT
YQH,Học viện Quân Y - Hệ Quân sự,7720101|12B00,Y khoa (Nữ - Miền Nam),B00,2025,29.03,,THPT
YQH,Học viện Quân Y - Hệ Quân sự,7720101|21A00,Y khoa (Nam - Miền Bắc),A00,2025,27.94,,THPT
YQH,Học viện Quân Y - Hệ Quân sự,7720101|21B00,Y khoa (Nam - Miền Bắc),B00,2025,27.94,,THPT
YQH,Học viện Quân Y - Hệ Quân sự,7720101|22A00,Y khoa (Nam - Miền Nam),A00,2025,27.71,,THPT
YQH,Học viện Quân Y - Hệ Quân sự,7720101|22B00,Y khoa (Nam - Miền Nam),B00,2025,27.71,,THPT
YQH,Học Viện Quân Y - Hệ Quân sự,7720201_Nam_B,"Dược học (Thí sinh Nam, miền Bắc)",A00,2025,25.41,,THPT
YQH,Học Viện Quân Y - Hệ Quân sự,7720201_Nam_B,"Dược học (Thí sinh Nam, miền Bắc)",D07,2025,25.41,,THPT
YQH,Học Viện Quân Y - Hệ Quân sự,7720201_Nam_N,"Dược học (Thí sinh Nam, miền Nam)",A00,2025,24.81,,THPT
YQH,Học Viện Quân Y - Hệ Quân sự,7720201_Nam_N,"Dược học (Thí sinh Nam, miền Nam)",D07,2025,24.81,,THPT
YQH,Học Viện Quân Y - Hệ Quân sự,7720201_Nu_B,"Dược học (Thí sinh Nữ, miền Bắc)",A00,2025,28.31,,THPT
YQH,Học Viện Quân Y - Hệ Quân sự,7720201_Nu_B,"Dược học (Thí sinh Nữ, miền Bắc)",D07,2025,28.31,,THPT
YQH,Học Viện Quân Y - Hệ Quân sự,7720201_Nu_N,"Dược học (Thí sinh Nữ, miền Nam)",A00,2025,28.12,,THPT
YQH,Học Viện Quân Y - Hệ Quân sự,7720201_Nu_N,"Dược học (Thí sinh Nữ, miền Nam)",D07,2025,28.12,,THPT
YQH,Học viện Quân Y - Hệ Quân sự,7720201|11A00,Dược học - Nữ thí sinh phía Bắc,A00,2025,28.37,,THPT
YQH,Học viện Quân Y - Hệ Quân sự,7720201|12A00,Dược học - Nữ thí sinh phía Nam,A00,2025,28.12,,THPT
YQH,Học viện Quân Y - Hệ Quân sự,7720201|21A00,Dược học - Nam thí sinh phía Bắc,A00,2025,25.41,,THPT
YQH,Học viện Quân Y - Hệ Quân sự,7720201|22A00,Dược học - Nam thí sinh phía Nam,A00,2025,24.81,,THPT
YSL,Trường Cao Đẳng Y Tế Sơn La,C720501,Điều dưỡng,B00,2025,12.0,,THPT
YSL,Trường Cao Đẳng Y Tế Sơn La,C720502,Hộ sinh,B00,2025,12.0,,THPT
YSL,Trường Cao Đẳng Y Tế Sơn La,C900107,Dược,A00,2025,12.0,,THPT
YTB,Đại học Y Dược Thái Bình,7720101,Y khoa,B00,2025,24.6,,THPT
YTB,Trường Đại Học Y Dược Thái Bình,7720101,Y khoa,B00,2025,24.6,,THPT
YTB,Trường Đại Học Y Dược Thái Bình,7720101,Y khoa,D07,2025,24.6,,THPT
YTB,Đại học Y Dược Thái Bình,7720101,Y khoa,D07,2025,24.6,,THPT
YTB,Trường Đại Học Y Dược Thái Bình,7720101,Y khoa,D08,2025,24.6,,THPT
YTB,Đại học Y Dược Thái Bình,7720101,Y khoa,D08,2025,24.6,,THPT
YTB,Đại học Y Dược Thái Bình,7720110,Y học dự phòng,B00,2025,17.0,,THPT
YTB,Trường Đại Học Y Dược Thái Bình,7720110,Y học dự phòng,B00,2025,17.0,,THPT
YTB,Trường Đại Học Y Dược Thái Bình,7720110,Y học dự phòng,D08,2025,17.0,,THPT
YTB,Đại học Y Dược Thái Bình,7720110,Y học dự phòng,D08,2025,17.0,,THPT
YTB,Đại học Y Dược Thái Bình,7720115,Y học cổ truyền,B00,2025,19.0,,THPT
YTB,Trường Đại Học Y Dược Thái Bình,7720115,Y học cổ truyền,B00,2025,19.0,,THPT
YTB,Trường Đại Học Y Dược Thái Bình,7720115,Y học cổ truyền,D08,2025,19.0,,THPT
YTB,Đại học Y Dược Thái Bình,7720115,Y học cổ truyền,D08,2025,19.0,,THPT
YTB,Đại học Y Dược Thái Bình,7720201,Dược học,A00,2025,19.5,,THPT
YTB,Trường Đại Học Y Dược Thái Bình,7720201,Dược học,A00,2025,19.5,,THPT
YTB,Trường Đại Học Y Dược Thái Bình,7720201,Dược học,A01,2025,19.5,,THPT
YTB,Đại học Y Dược Thái Bình,7720201,Dược học,A01,2025,19.5,,THPT
YTB,Trường Đại Học Y Dược Thái Bình,7720201,Dược học,D07,2025,19.5,,THPT
YTB,Đại học Y Dược Thái Bình,7720201,Dược học,D07,2025,19.5,,THPT
YTB,Đại học Y Dược Thái Bình,7720301,Điều dưỡng,B00,2025,17.0,,THPT
YTB,Trường Đại Học Y Dược Thái Bình,7720301,Điều dưỡng,B00,2025,17.0,,THPT
YTB,Trường Đại Học Y Dược Thái Bình,7720301,Điều dưỡng,D08,2025,17.0,,THPT
YTB,Đại học Y Dược Thái Bình,7720301,Điều dưỡng,D08,2025,17.0,,THPT
YTB,Đại học Y Dược Thái Bình,7720601,Kỹ thuật xét nghiệm y học,A00,2025,19.5,,THPT
YTB,Trường Đại Học Y Dược Thái Bình,7720601,Kỹ thuật xét nghiệm y học,A00,2025,19.5,,THPT
YTB,Đại học Y Dược Thái Bình,7720601,Kỹ thuật xét nghiệm y học,B00,2025,19.5,,THPT
YTB,Trường Đại Học Y Dược Thái Bình,7720601,Kỹ thuật xét nghiệm y học,B00,2025,19.5,,THPT
YTC,Trường Đại Học Y Tế Công Cộng,7460108,Khoa học dữ liệu,A00,2025,19.0,,THPT
YTC,Trường Đại Học Y Tế Công Cộng,7460108,Khoa học dữ liệu,A00,2025,19.0,,THPT
YTC,Trường Đại Học Y Tế Công Cộng,7460108,Khoa học dữ liệu,A01,2025,19.0,,THPT
YTC,Trường Đại Học Y Tế Công Cộng,7460108,Khoa học dữ liệu,A01,2025,19.0,,THPT
YTC,Trường Đại Học Y Tế Công Cộng,7460108,Khoa học dữ liệu,B00,2025,19.0,,THPT
YTC,Trường Đại Học Y Tế Công Cộng,7460108,Khoa học dữ liệu,B00,2025,19.0,,THPT
YTC,Trường Đại Học Y Tế Công Cộng,7460108,Khoa học dữ liệu,D01,2025,19.0,,THPT
YTC,Trường Đại Học Y Tế Công Cộng,7460108,Khoa học dữ liệu,D01,2025,19.0,,THPT
YTC,Trường Đại Học Y Tế Công Cộng,7460108,Khoa học dữ liệu,D07,2025,19.0,,THPT
YTC,Trường Đại Học Y Tế Công Cộng,7460108,Khoa học dữ liệu,D07,2025,19.0,,THPT
YTC,Trường Đại Học Y Tế Công Cộng,7720401,Dinh dưỡng,B00,2025,22.1,,THPT
YTC,Trường Đại Học Y Tế Công Cộng,7720401,Dinh dưỡng,D01,2025,22.1,,THPT
YTC,Trường Đại Học Y Tế Công Cộng,7720401,Dinh dưỡng,D07,2025,22.1,,THPT
YTC,Trường Đại Học Y Tế Công Cộng,7720601,Kỹ thuật xét nghiệm y học,A00,2025,18.3,,THPT
YTC,Trường Đại Học Y Tế Công Cộng,7720601,Kỹ thuật xét nghiệm y học,A01,2025,18.3,,THPT
YTC,Trường Đại Học Y Tế Công Cộng,7720601,Kỹ thuật xét nghiệm y học,B00,2025,18.3,,THPT
YTC,Trường Đại Học Y Tế Công Cộng,7720601,Kỹ thuật xét nghiệm y học,D01,2025,18.3,,THPT
YTC,Trường Đại Học Y Tế Công Cộng,7720601,Kỹ thuật xét nghiệm y học,D07,2025,18.3,,THPT
YTC,Trường Đại Học Y Tế Công Cộng,7720603,Kỹ thuật phục hồi chức năng,A00,2025,20.25,,THPT
YTC,Trường Đại Học Y Tế Công Cộng,7720603,Kỹ thuật phục hồi chức năng,A01,2025,20.25,,THPT
YTC,Trường Đại Học Y Tế Công Cộng,7720603,Kỹ thuật phục hồi chức năng,B00,2025,20.25,,THPT
YTC,Trường Đại Học Y Tế Công Cộng,7720603,Kỹ thuật phục hồi chức năng,D01,2025,20.25,,THPT
YTC,Trường Đại Học Y Tế Công Cộng,7720701,Y tế công cộng,B00,2025,20.5,,THPT
YTC,Trường Đại Học Y Tế Công Cộng,7720701,Y tế công cộng,B00,2025,20.5,,THPT
YTC,Trường Đại Học Y Tế Công Cộng,7720701,Y tế công cộng,D01,2025,20.5,,THPT
YTC,Trường Đại Học Y Tế Công Cộng,7720701,Y tế công cộng,D01,2025,20.5,,THPT
YTC,Trường Đại Học Y Tế Công Cộng,7760101,Công tác xã hội,C00,2025,23.5,,THPT
YTC,Trường Đại Học Y Tế Công Cộng,7760101,Công tác xã hội,C00,2025,23.5,,THPT
YTC,Trường Đại Học Y Tế Công Cộng,7760101,Công tác xã hội,D01,2025,23.5,,THPT
YTC,Trường Đại Học Y Tế Công Cộng,7760101,Công tác xã hội,D01,2025,23.5,,THPT
YTV,Trường Cao Đẳng Y Tế Trà Vinh,C720501,Điều dưỡng,B00,2025,0.0,,THPT
YTV,Trường Cao Đẳng Y Tế Trà Vinh,C720502,Hộ sinh,B00,2025,0.0,,THPT
YTV,Trường Cao Đẳng Y Tế Trà Vinh,C900107,Dược,A00,2025,0.0,,THPT
YTV,Trường Cao Đẳng Y Tế Trà Vinh,C900107,Dược,B00,2025,0.0,,THPT
ZNH,Trường Đại học Văn hóa Nghệ thuật Quân đội,7320101,Báo chí,C00,2025,24.0,,THPT
